-0.0826385 0.0203205 25.118
-0.0826372 0.0203207 25.1179
-0.0384131 0.0395865 21.3791
-0.011658 0.0122668 19.5834
-0.0150183 -0.0199272 21.0769
-0.00333934 -0.0944729 20.9445
0.0404097 -0.201336 17.5167
0.0267521 -0.211306 20.4724
0.0108661 -0.175973 22.5076
-0.0199999 -0.121698 26.0762
-0.0475752 -0.0687485 31.8228
-0.0358294 -0.0429199 28.3535
-0.0268046 -0.00913668 24.8886
-0.0359732 -0.067875 28.8858
-0.352375 0.060975 122.664
0.0952964 -0.764984 -7.48946
-0.0924222 -0.00476204 47.0468
-0.0741419 0.010068 39.5428
-0.0790439 -0.0109114 42.3262
-0.0516414 -0.02148 30.7848
-0.0216 -0.000608904 17.983
-0.0354521 0.0360627 23.8962
-0.033665 0.0972455 20.5098
-0.0114491 0.100326 8.9492
0.126034 0.170008 -64.4904
0.35055 0.135058 -183.011
-0.182024 -0.100361 119.248
0.542752 -0.0979098 -309.417
-0.0525517 -0.130638 47.9569
-0.0597044 -0.125 51.1715
-0.0186459 -0.137568 25.1541
-0.0304795 -0.116956 33.1428
0.0179103 -0.111275 -1.28969
0.048467 -0.101883 -23.7775
0.0436668 -0.176413 -18.5149
-0.0489864 -0.141004 49.409
0.23645 -0.0118553 -166.526
0.0200718 -0.047365 5.95911
0.00300247 -0.0273149 19.6717
-0.00853895 -0.0100518 29.2173
-0.0511944 0.0425745 64.0085
0.0432826 0.0532654 -19.792
0.00593442 -0.0193715 16.3398
0.0924311 0.041371 -77.3999
0.153899 0.0759146 -132.084
0.0877753 0.0272127 -66.7784
0.123653 -0.0378795 -102.094
0.141224 -0.0303929 -120.016
0.0766103 -0.0295424 -51.99
0.0235505 -0.0289532 3.47887
-0.0120909 0.00226458 41.1662
-0.00549976 -0.0216528 34.0761
0.0297687 -0.0564047 -4.723
0.0438957 -0.026817 -21.5528
0.00238459 -0.0216694 27.1213
-0.0344894 -0.0252944 70.2026
0.00804144 -0.00746445 18.4112
0.0469755 -0.0216066 -28.9883
0.0124097 -0.00791453 5.70686
-0.00253546 0.0121601 5.22338
-0.062707 0.0294708 24.013
-0.0316362 0.0151078 22.0258
-0.0288529 -0.0377272 23.6332
0.0148215 -0.166122 21.6923
0.00576452 -0.15099 21.8112
-0.0255861 0.0699881 20.0783
0.00625887 -0.125642 20.4375
0.0194424 -0.242137 22.1909
-0.0108318 -0.0974253 24.2358
-0.00372113 -0.0881453 21.6773
-0.0186526 -0.0582288 24.3947
-0.0550943 -0.0197369 33.4946
-0.186828 0.0824162 70.5392
-0.0573263 -0.07021 37.3241
-0.0816074 -0.0108275 43.6663
-0.0848736 -0.0184853 45.2778
0.00376912 0.00509003 6.55719
-0.0315011 -0.0186853 22.4632
-0.0216168 -0.00156255 18.0807
-0.0409093 0.0134676 26.5284
-0.0502292 0.0486127 30.1862
-0.0115769 0.0493418 10.4421
-0.000457533 0.0759493 4.16463
-0.294873 0.0367623 164.774
-0.0939929 -0.0612116 66.7892
-0.00601644 -0.0550058 15.2154
-0.0178957 -0.0988156 24.911
-0.0467944 -0.0980957 42.9778
-0.0213877 -0.123988 26.6273
-0.0603614 -0.14395 53.9803
-0.0228788 -0.105946 26.4653
0.0332413 -0.115225 -13.0239
0.018277 -0.166017 -0.24327
-0.00313209 -0.117648 13.7615
0.0878704 0.0153648 -49.6828
0.0331004 -0.0113225 -5.39529
0.0104977 -0.00883447 12.9898
-0.0259985 -0.0173904 44.1829
-0.020666 -0.00982343 39.0146
0.0246048 0.010981 -1.77368
-0.0034797 0.00537596 24.637
-0.0219588 -0.00795435 40.9583
0.0101739 0.0597218 7.4459
0.0658709 0.0169513 -44.4429
0.0756235 0.0064501 -54.3266
0.119702 -0.0133828 -99.2292
0.0895253 -0.00644262 -66.591
0.0305378 -0.0114933 -4.12478
-0.0300613 0.00371617 60.3575
-0.00866235 -0.0173661 37.9249
0.0201407 -0.0265249 5.06725
0.0446296 -0.0238493 -22.3643
0.0213115 -0.0174171 4.83122
-0.0268565 -0.010182 60.6024
0.013154 0.00251518 11.93
0.0229779 -0.000993816 0.0852338
0.0153745 0.0121742 4.80725
0.00521953 0.0200146 4.62064
0.00517109 0.0183939 4.66845
0.0285894 -0.0242568 5.54771
0.189241 -0.192015 2.19055
0.147112 -0.190102 6.30005
0.0214371 -0.129548 19.8354
0.0215155 -0.0584939 15.0342
-0.00610461 -0.0722193 20.6621
-0.00173011 -0.123669 21.9877
-0.000992037 -0.134705 22.5701
0.0236722 -0.132481 16.1246
0.00683535 -0.11573 20.4201
-0.00623946 -0.0969848 23.1134
-0.0344049 -0.0534918 28.7957
-0.00827119 0.140072 10.7773
-0.0527248 -0.0405948 34.5957
-0.0728253 -0.0325145 41.6122
-0.0749515 -0.0255077 41.0657
-0.043088 -0.0115337 27.4691
-0.0318104 -0.0273298 23.5591
-0.021823 -0.00370958 18.3126
-0.0157275 0.00986102 14.595
0.0392263 0.00440232 -12.3389
0.00497113 0.0186511 4.68209
0.00520619 0.0140687 4.53848
0.00667237 -0.0358316 6.52229
0.0019055 -0.0321464 9.72524
-0.0167985 -0.0446362 21.5353
-0.0447247 -0.0937002 41.3338
-0.0468934 -0.0912928 42.7679
-0.0313751 -0.0608042 29.3743
-0.00924651 -0.065302 14.1877
0.00583562 -0.13088 6.96351
0.0236293 -0.0741551 -9.16128
0.00567171 -0.0762708 4.85012
0.0187743 -0.0109729 -8.77687
0.00362593 0.00462013 17.9995
-0.00737255 0.00181913 27.433
-0.035131 0.00992781 50.4222
0.00650808 0.00499237 13.9206
-0.0511989 0.00480929 54.4458
-0.0473197 -0.0280534 65.2416
0.0390078 -0.00105029 -26.9574
0.0225208 0.0107269 -11.9291
0.00736326 0.0151453 2.31398
0.0678747 -8.79992e-05 -46.127
0.101377 -0.000696831 -80.089
0.0816973 -0.0206114 -58.1209
0.0614214 -0.0129221 -36.7274
-0.0190965 -0.00290183 48.9954
-0.0144781 -0.0380139 44.6995
0.0148955 -0.039645 12.2111
0.0596685 -0.0469301 -38.8957
0.0286823 -0.0441205 -2.86968
0.00217416 0.00192786 25.5453
0.0174727 0.0121259 6.51987
0.0161669 0.0132562 8.06391
0.0234658 0.0208887 4.15378
0.00851697 0.0477131 2.31218
-0.0195444 0.0305867 5.06368
0 0 -1
0.117461 -0.147862 6.55322
0.0779258 -0.100277 8.74268
0.0943559 -0.124053 8.43269
0.0659215 -0.130491 12.9252
0.0353655 -0.0826189 14.0227
0.00131445 -0.108836 21.153
0.0293737 -0.188615 19.7458
0.0412021 -0.131119 12.4413
0.0246921 -0.156093 18.8124
0.00413693 -0.129532 21.2353
0.0216958 -0.143959 17.4111
0.0295908 -0.121622 13.4279
0.0043813 0.0256332 15.8773
-0.0769654 -0.0457847 43.906
-0.0700815 -0.0411846 40.9045
-0.0118359 -0.0252941 15.3722
-0.00861202 -0.0708177 18.0777
-0.0155925 -0.0159794 16.126
0.00557248 -0.0299089 6.17916
0.00985658 -0.0233073 3.76132
-0.0124247 0.00228855 14.4875
-0.00723834 -0.0501512 15.4981
0.0274837 -0.0110474 -6.61675
-0.0176263 -0.0213223 20.8883
-0.052483 -0.00417675 40.7661
-0.0531877 -0.059262 44.5092
-0.0532469 -0.0704515 44.7626
-0.0268287 -0.0302912 23.9662
-0.000715091 -0.00404097 4.04901
0.0146617 -0.0295705 -5.06639
0.0287134 -0.00367699 -17.6042
0.0327124 -0.0078029 -19.8426
0.0140716 -0.000719088 -5.80185
0.813323 -0.140852 -634.374
-0.0170746 0.00679487 34.9598
-0.0282121 0.0164473 43.6742
-0.0144747 0.0313866 30.5008
-0.0358696 0.00510845 40.6832
-0.0362392 0.02035 51.763
0.0271966 -0.0149406 -14.5598
0.0444239 0.00679751 -32.5804
0.0277274 -0.00121004 -16.3382
0.0805325 -0.0190545 -57.3682
0.0886269 -0.0261992 -64.8052
0.0786989 -0.0284607 -54.2143
0.0291331 -0.00245196 -2.91933
-0.0723707 -0.0253506 108.003
0.00479647 -0.040278 22.99
0.0209899 -0.0453827 5.72116
0.0581933 -0.0388682 -38.3325
0.0291258 -0.0299466 -3.7703
-9.25453e-05 0.00432485 28.1805
-0.013216 -0.00290603 44.7676
0.0223023 -0.00159324 1.45675
0.0432028 0.0656567 -0.193713
0.0293835 0.094226 -2.12194
-0.0355413 0.0700867 2.44236
-0.0376267 0.00267603 8.63207
-0.0413319 -0.0283479 11.585
-0.0374979 -0.0547687 14.0519
-6.30959e-05 0.00031027 3.17249
0.0116019 -0.0256586 3.90506
-0.000727054 -0.0428721 8.11757
0.0715394 -0.12182 2.46264
0.0567006 -0.102911 2.27317
0.0825258 -0.326015 18.3633
0.0257459 -0.491962 48.3537
0.0274461 -0.154225 16.8555
-0.00499598 -0.00975499 13.6429
0.0343175 -0.159606 14.5604
0.0319012 0.0289 5.79127
-0.0270068 -0.0931688 29.1175
-0.0393866 -0.0473007 28.4731
-0.0265332 -0.0980494 27.7206
0.0137386 -0.102486 9.67506
-0.0016898 -0.0896642 15.9747
0.0107362 -0.0727473 7.15371
0.0387593 -0.0635316 -7.64159
0.0238096 -0.0753681 1.65108
-0.00155612 -0.0620648 13.7986
0.0402176 -0.0649875 -9.71613
-0.0143575 -0.0315008 20.1202
-0.0483072 -0.0451937 41.4905
-0.0512187 -0.0397805 41.0141
0 0 -1
-0.00543756 -0.00577016 7.57334
0.00956566 0.0271855 -5.60277
0.0182903 0.0319912 -12.1813
0.0201842 0.0244103 -13.1397
0.0347646 0.00188276 -21.9803
0.00785468 -0.0015497 -0.668724
0.00869599 -0.00754846 -0.935341
0.00853929 0.00441729 13.8076
0.00382721 -0.00225481 18.005
0.0196588 0.0142232 2.66471
0.00910564 0.023458 10.9039
-0.004889 0.0603098 19.8029
0.0228214 -8.18981e-05 -11.1351
0.0758703 0.0291394 -56.7316
0.0676808 0.0130906 -47.169
0.0518047 -0.012767 -28.7882
0.0497752 -0.0184564 -26.1442
0.0760373 -0.0573636 -48.478
0.0543361 -0.0205231 -28.7412
-0.0466555 -0.0247098 79.7158
-0.0292496 -0.0284778 59.1283
0.0500906 -0.0321811 -28.4868
0.0333481 -0.0128334 -11.5386
0.0515582 -0.029106 -30.6027
0.025972 -0.0255869 -0.539677
0.0106431 -0.0121974 16.5722
-0.277189 -0.00312457 360.895
0.051072 0.0707907 -0.885256
0.0126062 0.05915 2.56339
-0.0766834 0.0529047 6.77575
-0.0620248 -0.0130446 12.2412
-0.0612931 -0.0434471 15.0594
-0.0291508 -0.0394781 10.8834
0 0 -1
-0.00616146 -0.0243519 6.17164
-0.00825028 -0.0544678 10.8118
0.00712085 -0.0208149 3.5093
-0.0490236 0.0105609 13.2917
-0.0334919 -0.0137999 12.3039
0.00319385 0.0310206 -2.8416
0.0507781 -0.0173526 -10.2623
0.0711495 -0.0807077 -8.03897
-0.0974849 -0.125832 53.89
-0.0257799 0.0220449 9.03797
-0.0057197 -0.0262079 7.50776
-0.0080454 -0.0231983 8.045
-0.0430808 -0.106883 35.8149
-0.0169822 -0.0998012 23.3644
0.0166762 -0.05951 2.743
-0.0141588 -0.0676778 17.9597
0.0258242 -0.0488837 -3.88485
0.00619874 -0.0706413 9.51901
0.00787457 -0.0722234 8.63877
0.0372162 -0.0725051 -7.71521
-0.0216016 -0.0559102 25.8636
-0.0277259 -0.0342014 26.2779
-0.0406519 -0.00763662 31.0822
-0.0020451 -0.00352526 5.26694
0.0215094 0.0123431 -12.0644
0.0101561 0.0104078 -3.79301
0.00751075 0.018423 -2.97326
0.00966342 0.0112228 -3.88381
0.0190333 -0.000943393 -9.55036
0.0121259 -0.00331073 -3.78992
0.0255277 0.00140614 -15.395
0.083654 -0.00615175 -61.4007
0.0129703 -0.0109896 10.9215
0.0271584 7.28851e-05 -2.22665
0.0131806 0.0077036 9.17192
0.00400837 0.0162896 16.4287
0.0342563 0.0128145 -22.7465
0.0661576 0.00644912 -45.0539
-0.0146487 0.0115636 24.2926
0.0489981 -0.0203201 -25.3802
0.0661599 -0.0447573 -40.1511
0.0795735 -0.0777393 -50.3324
0.0226029 -0.0493002 7.57974
-0.048194 -0.0493568 83.3976
-0.0309853 -0.0267993 61.2031
0.0465767 -0.0303664 -25.3571
0.0553913 -0.00994936 -37.3013
0.047109 -0.00272926 -28.0213
0.0256846 -0.0138185 -1.46031
-0.0358761 0.0116861 60.769
-0.0358063 -0.00184821 62.5904
0.0476041 0.0610588 0.872348
0.0304395 0.0429776 3.70752
-0.00514396 0.0285812 6.95488
-0.0310913 0.00317027 12.1376
-0.0324718 0.00348633 11.8538
-0.0371385 -0.0404298 12.5338
0.00258993 -0.00897607 3.08463
0.00886361 0.172638 -21.3257
0.0996751 0.210554 -43.8553
-0.0161136 0.0311812 5.75394
-0.0897678 0.0252377 21.7085
-0.0405518 0.0315829 8.26201
-0.00786853 0.0324328 -0.140265
0.0149274 0.0231872 -5.09218
0.0248861 0.0176361 -7.10876
-0.0169074 0.00221458 9.63248
-0.0800567 0.0236264 28.3098
-0.00487207 0.0294869 0.0414122
-0.00603389 -0.0397716 20.9117
-0.0264656 -0.0405485 29.4392
-0.0880236 0.026402 45.1192
-0.0310117 -0.00207549 17.6783
0.00539983 -0.024643 2.71573
-0.00580265 0.00393465 4.92656
-0.000694785 -0.0506044 10.1025
0.00399418 -0.0296141 3.78346
0.0256987 -0.060271 -2.88161
0.0348385 -0.0824782 -5.66826
0.00975557 -0.0531774 6.66977
-0.0490456 -0.025204 38.4083
0.0135888 -0.0090167 -4.11569
0.0174319 -0.0161232 -5.4231
0.0226862 0.00133243 -11.7734
0.0162509 0.00951041 -8.24446
0.00446973 0.0310096 -2.56696
-0.0150983 -0.0161487 18.4297
0.0116287 0.00871134 -5.29024
0.0521033 -0.00763199 -35.799
0 0 -1
0.0833666 -0.024595 -59.505
0.0836783 -0.00415115 -62.4727
0.0140631 -0.0060052 10.2378
0.00386301 0.00267103 18.1414
0.0507687 0.0419619 -42.7341
0.0155725 0.0207317 -5.66326
-0.0269407 0.0282305 33.913
-0.00558392 -0.00226785 16.6908
0.0154698 0.0250676 -8.20395
0.0312459 0.0331978 -25.6015
-0.0470876 -0.0245171 79.2912
-0.047933 -0.0486187 82.6827
0.0126466 -0.0213502 11.4638
0.0537962 -0.0233345 -33.7701
0.0662646 -0.0192466 -48.5813
0.0542045 -0.0193078 -34.0887
0.0224761 -0.0169457 2.87213
0.0298418 0.0469087 -24.8133
0.0525473 0.0521894 -53.1128
0.0163697 0.0191083 7.54766
-0.0129806 0.00412746 10.8589
-0.0282535 -0.00122041 12.5006
-0.0346622 0.0156031 10.1974
-0.0328153 0.02302 8.30994
-0.0108091 0.000801488 9.43918
-0.0093533 0.00176575 8.84734
-0.00860263 0.0222963 6.04611
-0.0190789 0.0292354 6.60765
-0.0305258 0.0193804 10.5984
-0.0724462 0.0464423 14.7775
0.00119691 0.0705097 -8.46569
-0.000995514 0.065105 -7.02507
0.00114745 0.0698203 -8.55531
0.0679088 0.0545823 -26.0908
-0.023928 0.0352483 8.24229
-0.0626371 0.0311811 20.8495
-0.014396 0.0559912 -0.945656
0.0988651 0.0618571 -45.0455
0.247043 -0.0107169 -91.7809
-0.0930794 0.0237982 47.8919
-0.109658 0.00393255 58.8209
0.00287524 0.0120447 -1.25854
0.0956409 0.0753596 -55.792
0.0368563 0.0334807 -18.0513
0.00348832 -0.0349283 5.42751
0.0283588 -0.0286312 -9.69554
0.393939 -0.298366 -186.727
0.274015 -0.323082 -110.761
-0.170069 -0.01833 115.323
0.0293772 -0.0571234 -7.20573
0.0515471 -0.01923 -28.3481
0.0298245 0.0217626 -20.1629
0.0463728 0.0140085 -30.8176
0.0661826 0.0236273 -46.6527
0.00524391 0.00813509 1.50319
0.000178585 0.0260316 0.833254
0.0156957 -0.00569241 -6.56068
0.0574935 -0.0100989 -39.8572
0.0737989 -0.00775596 -54.1357
0.0857158 0.00820497 -66.2214
0.0163223 0.0567081 -13.0332
0.0425052 0.0801851 -40.9633
0.0314044 0.0360437 -23.193
0.00412209 0.0165863 5.93841
-0.0225823 0.0276853 30.0164
-0.00175677 0.0514514 4.83572
0.0386704 0.0396367 -34.5523
0.0488114 0.0646582 -49.0494
-0.0646068 -0.0192022 97.4229
-0.0204982 -0.054297 53.7447
0.0157137 -0.034536 10.3162
0.0373507 -0.060045 -8.8944
0.0493462 -0.0317567 -27.408
0.0571448 -0.0439536 -34.2645
0.0298974 -0.040986 -2.40531
0.00207396 0.0625009 7.48061
0.0507956 0.0640892 -52.2631
0.008809 0.0111082 8.72945
0.00386178 0.0133177 8.39253
-0.0187889 0.0117384 9.52147
-0.0375459 0.0208242 9.07965
-0.0279191 0.0388013 4.4583
-0.00155606 0.0350999 1.89583
0.00047293 0.0176599 5.39
-0.0104904 0.0158256 6.70313
-0.0171741 0.0242163 7.00089
-0.0170316 0.0330934 5.25202
-0.065761 0.270501 -29.3489
-0.0204308 0.0819744 -3.95284
0.0133009 0.113562 -17.7815
0.0248973 0.104352 -20.334
0.00156706 0.0611617 -5.23542
-0.0462569 0.0445072 13.7532
-0.0393143 0.0815481 4.56201
-0.0255098 0.0859891 -1.51354
0.0513205 0.0589109 -26.1284
0.223256 0.0270192 -88.677
-0.106206 0.0212304 54.0987
0.0148615 0.0682741 -16.1214
-0.0025344 0.0570742 -6.38699
0.0699293 0.0518813 -38.3296
0.00844851 0.0238787 -1.40483
0.0175673 0.0228465 4.49282
0.00827143 0.0456665 5.14405
0.0184681 0.0198867 4.22789
0.0131829 0.263354 -51.8839
-0.00913564 0.321574 -49.8218
0.0125956 0.241738 -48.6257
0.0220601 0.242857 -54.7684
0.0129356 0.0709764 -17.0142
0.0257261 0.0718148 -26.1804
0.0258182 0.0332233 -18.7513
-0.0117731 0.0520939 5.78042
-0.00611188 0.0187805 6.90736
0.0129178 -0.0194625 -1.9226
0.0553471 -0.0300009 -35.036
0.134194 0.0110322 -108.845
0.0879653 0.0333814 -72.8444
0.044429 0.0633475 -39.6224
0.0172487 0.0579203 -13.9396
0.00529817 0.0358687 0.968736
0.00611118 0.014439 4.22645
0.00444044 0.0387635 1.51204
0.00108829 0.0693485 -0.894242
0.0306817 0.0835292 -33.8121
0.0686679 0.0695561 -70.1898
0.11174 0.038465 -110.186
0.115081 -0.0534866 -95.2937
8.50808e-05 -0.0362027 28.3689
-0.0788792 -0.129784 133.112
0.0139539 -0.0413654 15.5056
-0.00998386 0.108533 7.74019
0.0592922 0.131438 -80.2668
0.151121 -0.00246117 -164.478
0.0451391 0.0103055 -36.3112
0.00158319 0.00784583 9.79934
-0.0107268 0.0204172 7.43383
-0.0160951 0.0150771 8.74461
-0.0291283 0.0345039 5.88144
-0.0444943 0.0559495 2.71096
-0.0296522 0.0638121 0.195029
-0.0127827 0.0469558 1.45045
-0.0178759 0.037023 4.18894
-0.00578199 0.0321431 3.22701
-0.0142208 0.0383151 3.57376
-0.01471 0.0512197 1.02632
0.00284841 0.0898333 -10.8835
-0.0135374 0.122282 -12.5478
-0.0729126 0.0260565 40.5111
-0.0766474 0.0212214 42.5912
-0.0879931 0.0235256 45.818
-0.0889215 0.026278 45.5844
-0.0851832 0.0360477 42.1641
-0.0854491 0.0543636 38.5903
-0.0740379 0.0648817 31.4262
-0.104128 0.0782067 41.8196
-0.0290985 0.303504 -38.9208
-0.0122092 0.315239 -49.563
0.0115825 0.31633 -61.439
0.0229079 0.299464 -63.9853
0.0374746 0.0218808 -6.30273
0.0085032 0.0248351 9.29973
-0.0110496 0.0174163 22.1827
-0.000684112 0.287635 -48.1976
0.000256189 0.301168 -51.5437
0.00911493 0.317375 -60.3929
-0.00846044 0.362753 -57.488
0.00335027 0.426586 -78.334
0.00189926 0.466188 -85.6984
-0.0208782 0.409309 -57.0017
-0.0063824 0.400634 -66.5756
0.018388 0.389395 -83.3843
-0.0113484 0.311623 -43.0371
-0.0190184 0.392256 -54.5274
0.0332678 0.293293 -77.6878
0.0830432 0.104716 -82.3211
0.0462801 0.0591359 -40.6234
-0.0114878 0.0889105 6.56143
-0.0246756 0.0728463 21.8749
0.026762 0.0407637 -21.0492
0.0459658 0.0674773 -45.2832
0.0243146 0.116867 -33.9158
0.0256301 0.107811 -33.4332
0.0512347 0.0629091 -50.8206
0.0700318 0.0303293 -64.2584
0.0928935 0.0244174 -87.3021
0.0475588 0.015004 -34.2907
-0.0510758 0.0543072 66.1467
-0.0181143 0.0623071 26.3954
0.00761796 0.1132 -14.1031
0.0218896 0.117565 -32.121
0.0633982 0.112696 -81.0359
0.100576 0.0545139 -114.548
-0.0257948 0.255176 -42.5453
-0.0268445 0.263731 -44.4153
0.195159 1.29444 -280.767
-0.0500681 0.848543 -168.073
-0.0781264 0.032287 40.5306
-0.0740567 0.0312092 40.4665
-0.0730998 0.0365301 39.1049
-0.0738927 0.0356261 39.3999
-0.0851835 0.0324631 42.0407
-0.086058 0.0455243 39.1472
-0.078537 0.0177258 44.0741
-0.077588 0.0235224 42.5021
-0.0742417 0.0247846 41.2096
-0.0727241 0.032865 38.9297
-0.0917944 0.0471775 41.4464
-0.0839964 0.0435472 39.8492
-0.0853786 0.0516227 38.5569
-0.0638251 0.0717449 26.0552
-0.0483181 0.10638 12.1588
-0.011726 0.234438 -31.8315
-0.00235152 0.30806 -52.5156
-0.00722796 0.31316 -51.2783
-0.00795635 0.335016 -55.9486
0.00487914 0.323224 -59.6176
0.0385999 0.31016 -74.3165
0.0699965 0.0399895 -28.7815
-0.00620272 0.016169 19.5221
-0.0546016 0.026699 45.4507
-0.00525977 0.294571 -46.4723
0.0305566 0.305646 -71.5696
0.0321867 0.33066 -78.0189
0.0464575 0.365136 -94.4666
0.0439139 0.378495 -95.2738
0.0581108 0.059548 -26.4714
-0.0106983 0.390689 -59.656
-0.0128267 0.388274 -59.1236
-0.00288833 0.366767 -61.3739
0.00601747 0.340218 -62.6414
-0.0188858 0.371909 -49.6812
0.00671959 0.370572 -70.6244
0.00492621 0.425093 -82.5187
0.0163088 0.384769 -82.8106
0.0127577 0.342798 -70.1205
0.0311249 0.255471 -65.7152
-0.0056164 0.409371 -70.1313
0.00409833 0.379135 -72.9113
-0.0130375 0.213358 -18.3165
-0.0452536 0.234136 11.3389
0.0211473 0.130405 -33.9928
0.0434051 0.0791032 -46.7316
0.0957872 0.0884892 -105.443
0.0624173 0.0751282 -64.7241
-0.027689 0.101979 29.1685
0.00353318 0.116867 -10.709
0.023109 0.201434 -51.3355
0.0264881 0.195869 -55.2434
0.044065 0.240473 -86.2216
0.0288149 0.0667032 -29.1994
-0.0402972 0.0269861 39.9114
-0.0433458 0.0284744 39.6632
-0.0563545 0.0312298 39.7879
-0.0821972 0.0244595 43.011
-0.0774702 0.0255701 42.3213
-0.0778282 0.0173606 44.3525
-0.0823807 0.0199622 44.4099
-0.0819613 0.0165107 45.1856
-0.0779816 0.0211459 43.1003
-0.0793759 0.0299999 41.0799
-0.0786166 0.0354954 39.5248
-0.0802141 0.0488293 36.566
-0.0660706 0.0493603 32.8174
-0.0590824 0.0736173 24.857
-0.0594812 0.156648 4.37996
-0.0430759 0.125721 6.66458
-0.0187223 0.298703 -44.5684
-0.000625329 0.341346 -61.8947
0.0058289 0.359922 -69.1591
0.0224403 0.327493 -67.8818
0.00177649 0.319655 -57.078
0.00435021 0.317881 -57.8331
-0.00202282 0.325729 -56.545
-0.00208539 0.325181 -56.4263
0.00317075 0.312663 -55.9877
0.00423196 0.31646 -57.41
0.00492938 0.305358 -55.044
0.00597254 0.313181 -57.7986
0.0084531 0.314131 -59.6335
0.027771 0.304447 -69.661
0.0665353 0.281913 -89.1342
0.0670415 0.284032 -89.117
0.0999166 0.231531 -98.8482
0.032225 0.14758 -29.8102
0.0123316 0.133376 -11.9568
-0.0424685 0.330432 -21.472
-0.0216022 0.340423 -40.4471
-0.00708349 0.351614 -54.6932
-0.0230711 0.344394 -39.2234
-0.0191337 0.361353 -46.7269
-0.00350723 0.352774 -58.058
0.00777116 0.343357 -65.6624
0.019975 0.337656 -75.2742
0.00357488 0.306294 -52.3983
-0.023516 0.339491 -35.1976
-0.0105205 0.374714 -56.888
-0.0154438 0.363112 -48.4451
-0.0451057 0.379629 -22.4902
-0.00693342 0.187183 -17.4385
0.0390367 0.209695 -71.2401
0.0498287 0.12387 -62.4672
0.00631938 0.101226 -8.90658
0.0279776 0.164023 -48.8331
0.0558822 0.211469 -92.3218
0.0257577 0.228202 -59.8147
-0.0155343 0.255819 -18.1854
0.0317778 0.240656 -71.0678
0.061338 0.172457 -90.2096
-0.0425482 0.0303508 39.0125
-0.0453336 0.0241733 40.8031
-0.069309 0.0105359 45.7819
-0.0883238 0.0105363 46.9358
-0.0748134 0.0128179 45.0685
-0.0747961 0.023756 42.0532
-0.0771294 0.028465 41.2182
-0.0825769 0.0204561 43.9158
-0.0627823 0.0660629 28.3179
-0.0535239 0.094717 18.5241
-0.0421448 0.13111 6.06104
-0.043881 0.172317 -4.74252
-0.0407873 0.152819 -0.341544
-0.0152336 0.242562 -31.3414
-0.00169799 0.299617 -50.7958
0.00521233 0.334294 -62.3337
0.00144293 0.321347 -57.4867
0.0120106 0.333458 -64.6785
0.0016835 0.334377 -61.0342
0.00717046 0.328466 -61.7181
0.00424328 0.328662 -60.5213
-0.000761581 0.315907 -54.6996
0.00674611 0.319823 -59.3925
-0.000607848 0.321909 -56.2646
0.00625194 0.320355 -59.535
-0.00324009 0.325828 -55.7769
0.00416962 0.326225 -60.1664
0.00923366 0.311929 -59.2243
0.00548694 0.3212 -59.5115
0.00888445 0.318677 -61.1246
0.034247 0.307396 -74.6735
0.0716632 0.259658 -86.7871
0.0731863 0.249984 -85.1977
0.0407821 0.256461 -64.0193
0.0204397 0.275371 -54.8177
-0.0338314 0.320789 -25.2921
-0.0110133 0.352151 -51.8853
0.00582194 0.358674 -67.0116
0.00435442 0.357618 -64.9397
-0.0173671 0.349474 -44.9114
-0.00823101 0.364517 -57.1752
0.0085494 0.350883 -68.6246
0.0111453 0.351274 -70.8788
-0.00539306 0.343535 -53.4423
-0.0100749 0.339618 -47.6509
-0.000231393 0.378238 -67.6694
-0.024785 0.326248 -29.2777
-0.0106652 0.327209 -43.7247
0.00204327 0.368817 -68.3274
0.00437606 0.353981 -66.8766
0.0524176 0.407005 -133.878
0.00991968 0.360922 -75.0328
0.0308564 0.308983 -84.8366
-0.00112376 0.320595 -51.0023
0.0180797 0.307097 -70.8652
-0.0374367 0.340149 -13.9033
-0.021522 0.157201 14.5335
0.000847217 0.137516 -7.52912
-0.0515474 0.0463507 34.504
-0.0557038 0.0409725 36.1849
-0.0689516 0.032408 39.3061
-0.0832926 0.0293552 41.0818
-0.064415 0.0700711 27.5936
-0.0613397 0.106396 16.742
-0.0531418 0.125359 10.1424
-0.0431727 0.212152 -16.6882
-0.0335635 0.189799 -11.7744
-0.0290108 0.233858 -25.5528
-0.0131488 0.266666 -38.3742
-0.00498312 0.293914 -48.1488
0.00718347 0.325333 -60.4456
0.00418768 0.310439 -55.4006
0.00917768 0.322468 -60.2511
0.00217658 0.330504 -60.3914
0.00637732 0.333953 -62.7427
0.0129747 0.330976 -64.4175
0.00328762 0.322394 -58.2057
-0.000749989 0.324239 -57.1756
0.00302631 0.321901 -58.1916
0.00935288 0.319808 -60.4614
0.00275314 0.328029 -59.7188
0.00905646 0.317205 -59.8058
0.00334743 0.325994 -59.3508
-0.000907141 0.331088 -58.6832
8.74287e-05 0.33408 -60.0999
0.0149835 0.321801 -65.1541
-0.00153781 0.32546 -56.2561
0.00761787 0.320432 -60.6907
0.0109819 0.317834 -62.1537
0.0380004 0.297461 -74.4792
0.0567503 0.269822 -79.3592
0.0489086 0.284152 -77.8642
0.0448322 0.297025 -78.7007
0.013105 0.318887 -61.0577
0.0161642 0.316658 -62.3961
0.00159494 0.340297 -58.3502
0.00573318 0.341848 -61.8609
-0.003413 0.349545 -56.7918
-0.00432774 0.364326 -60.1729
0.0066964 0.379926 -74.934
0.0131171 0.371325 -78.4531
-0.00227327 0.367132 -63.2616
0.00180513 0.360787 -65.3926
-0.0209762 0.35896 -42.3504
-0.00278897 0.348901 -58.1165
0.00243539 0.366551 -68.2096
-0.00401062 0.361878 -59.9416
-0.0169813 0.36329 -47.2119
0.000516422 0.367719 -66.6321
0.00975645 0.359798 -74.6192
0.0112432 0.333949 -68.8978
0.00407752 0.324007 -58.1031
0.00135208 0.348938 -62.2115
0.0103135 0.355924 -74.8151
-0.00481143 0.329142 -48.9193
-0.0161973 0.383304 -51.3229
-0.050286 0.0821102 23.5546
-0.0515469 0.095435 19.3308
-0.0303724 0.125656 8.64678
-0.01954 0.217026 -21.0403
-0.021994 0.202317 -16.646
-0.0296901 0.199086 -14.8849
-0.0184014 0.244362 -30.6902
-0.0151508 0.275725 -40.7604
-0.00877865 0.290795 -46.4947
0.00251253 0.311117 -55.0594
0.0107389 0.330716 -62.8135
0.00315547 0.326296 -59.7091
0.00410206 0.332641 -61.9246
0.00289064 0.324461 -59.0667
0.00880894 0.316578 -58.4054
0.0093891 0.323075 -60.5978
0.00326426 0.325381 -59.2077
0.00471374 0.319743 -57.9504
0.00701568 0.32155 -59.4514
0.000688821 0.326651 -58.6103
0.00187141 0.326975 -59.2361
0.00847912 0.3264 -62.0557
0.000522351 0.327034 -58.4488
0.00670982 0.323658 -60.4693
0.000686099 0.324925 -57.758
0.00863697 0.331987 -64.2928
0.00186498 0.327464 -59.0331
0.00309631 0.326721 -59.5925
0.00626232 0.321137 -59.6393
-0.000955855 0.328187 -57.5148
0.00880311 0.32678 -63.3851
0.0124317 0.315621 -62.356
0.0194239 0.31177 -65.9426
0.062185 0.272447 -84.0349
0.0630068 0.281757 -87.1695
0.0455864 0.311759 -83.4309
0.0157491 0.315569 -61.371
-0.0043991 0.331569 -51.0133
0.00393453 0.346435 -62.0829
-0.0137653 0.315565 -37.287
0.00843988 0.325617 -59.8795
0.0135759 0.333148 -66.2114
0.0108821 0.377391 -77.6273
0.000593433 0.386985 -71.3265
0.0061744 0.376021 -73.238
-0.010877 0.408209 -67.5566
0.00512272 0.398193 -80.6176
-0.00975714 0.41344 -69.927
-0.0119988 0.388843 -59.8534
0.0169096 0.364581 -83.6021
0.0157688 0.380794 -87.395
-0.0099557 0.388479 -61.5093
-0.00203818 0.359524 -61.7267
0.0162044 0.33323 -74.0635
0.0089513 0.349835 -71.1478
0.0122985 0.360048 -78.1834
0.0184337 0.353046 -83.548
-0.000421683 0.353589 -60.7216
-0.0219738 0.128468 8.18198
-0.0153984 0.169004 -5.668
0.0129544 0.233206 -28.7793
0.00441834 0.254346 -35.5877
0.00514632 0.287857 -47.1937
-0.0136493 0.285931 -44.5066
0.00452329 0.314398 -56.2333
0.00278705 0.313512 -55.5226
0.000206363 0.328149 -59.9808
0.0131493 0.333943 -64.4702
0.00811765 0.328749 -61.5973
0.0059165 0.332575 -62.3855
0.00949644 0.325278 -60.9176
-0.000208157 0.321576 -56.9663
0.00262138 0.322635 -58.2035
0.00413124 0.325838 -59.7361
0.00549736 0.324204 -59.6454
0.00122476 0.320872 -56.9966
-0.00154697 0.323265 -56.6583
0.00189686 0.324098 -58.2795
0.00385645 0.321618 -58.3721
0.00760808 0.32615 -61.5408
0.00561028 0.323826 -59.8585
0.0039466 0.32139 -58.2579
0.00280186 0.327779 -59.797
0.0101305 0.327943 -63.7598
-0.0020194 0.321614 -54.8407
0.00313763 0.324083 -58.7956
0.00357552 0.330168 -60.9892
-0.00591524 0.328712 -54.4796
-0.000502245 0.329602 -58.1916
0.0121343 0.323928 -64.7939
0.00898954 0.316791 -60.2153
0.0349856 0.298364 -72.6913
0.0778807 0.270422 -94.5695
0.0687445 0.280014 -90.5751
0.0597283 0.290981 -87.5348
0.00921204 0.324404 -58.7413
0.0159762 0.333823 -67.7133
0.00782011 0.344569 -64.6026
0.00268144 0.314298 -50.9104
0.0198775 0.300971 -61.7162
0.0114303 0.338661 -65.4949
0.0094795 0.292195 -48.3912
0.0115452 0.33517 -64.643
0.000925057 0.393561 -74.1893
0.0099129 0.4027 -85.691
0.0249344 0.38082 -94.0575
0.065992 0.396664 -142.285
0.069841 0.310528 -116.199
-0.00858664 0.395149 -65.0722
-0.050673 0.398779 -19.1681
-0.0162326 0.366911 -48.063
-0.000981562 0.328905 -52.2294
-0.00877503 0.320025 -40.5595
-0.0125228 0.28551 -23.8767
-0.0278829 0.295877 -7.94407
-0.0394713 0.294492 6.1631
0.024738 0.161075 -3.45501
0.0273394 0.222277 -25.2826
0.044675 0.26091 -39.4021
0.0134359 0.298473 -50.7366
0.00240075 0.311832 -54.8313
0.00774849 0.319752 -58.0663
0.00637072 0.33414 -63.0452
-0.000304187 0.326254 -59.1911
0.000312846 0.333576 -61.6769
0.00822846 0.335006 -63.5892
-0.00662107 0.318978 -54.649
-0.00516987 0.316533 -54.1255
0.00751688 0.300375 -51.8255
0.002068 0.29968 -49.9463
0.00335614 0.31945 -57.337
0.00231207 0.317592 -56.1698
0.00283174 0.318878 -56.8493
0.00282046 0.327906 -60.0326
0.00120719 0.321608 -57.1767
0.000153207 0.32469 -57.86
0.00645216 0.325099 -60.6123
0.00696034 0.324996 -60.8275
0.00153003 0.322918 -57.4505
0.00130387 0.32398 -57.7213
0.00252647 0.320638 -57.0933
0.00717841 0.320152 -59.4063
-0.00125654 0.313348 -52.3445
0.00448831 0.319798 -57.9359
0.00581174 0.321294 -59.276
0.0043879 0.324443 -59.4851
-0.00068752 0.324253 -56.1938
0.00477582 0.32271 -59.3578
0.0060908 0.31987 -59.2442
0.0145227 0.304024 -59.7382
0.0520473 0.278031 -78.0897
0.0802476 0.270037 -96.26
0.0499777 0.273591 -73.6075
0.0235506 0.326434 -71.2788
0.0241169 0.331469 -73.532
-0.00109658 0.326437 -51.0838
0.00162341 0.344079 -59.6229
-0.0125946 0.336924 -45.1517
0.00621567 0.305645 -50.9633
0.0135449 0.293651 -53.3799
0.0262725 0.299014 -67.0374
0.022199 0.311616 -66.9912
0.0150475 0.327357 -65.6244
0.0270354 0.329898 -78.7173
0.0509812 0.309803 -96.1861
0.0323518 0.266657 -61.0561
-0.0622917 0.193098 66.8924
-0.0500706 0.356453 -5.00285
0.121211 0.0945649 -109.641
0.0182709 0.297815 -64.3622
0.00495587 0.288147 -45.3329
0.00904754 0.278146 -46.9506
0.000478047 0.285087 -39.292
0.000288314 0.28189 -38.2683
0.0598647 0.179 -10.1858
0.062405 0.235538 -31.0964
0.0546257 0.258778 -39.1798
0.0236531 0.279777 -44.8989
0.00756879 0.295706 -49.3303
0.00531561 0.30536 -52.656
0.00372484 0.301131 -50.9687
0.0117814 0.304435 -53.31
0.0074257 0.306846 -53.4157
0.00472846 0.311986 -54.7494
-0.00290785 0.29297 -46.2521
-0.00335576 0.282558 -42.4946
0.00491275 0.27312 -41.3282
0.0155881 0.28342 -47.9532
0.00682855 0.308372 -54.3978
0.00812169 0.274798 -42.8166
0.00640817 0.290845 -48.1623
0.00686063 0.296912 -50.4578
0.001076 0.303412 -50.6349
0.00431061 0.299825 -50.733
0.00563367 0.299427 -51.0959
0.00676449 0.301366 -52.2757
0.00250551 0.3062 -51.8976
0.00120595 0.304866 -50.8228
0.00404121 0.288184 -46.2831
0.00452823 0.292528 -48.1212
0.00851166 0.301055 -53.45
0.000995243 0.304031 -50.2349
0.00428322 0.297566 -49.8771
0.0055668 0.300258 -51.6274
0.00637044 0.295463 -50.5489
0.00637922 0.314264 -57.4334
0.00267961 0.309261 -53.0058
0.0155989 0.301074 -59.3704
0.0459053 0.259905 -66.7206
0.0739993 0.248012 -83.6605
0.0692084 0.265851 -86.1769
0.0354218 0.294294 -69.5937
0.0218812 0.296961 -59.3582
0.00298426 0.332844 -56.7065
-0.00962026 0.359739 -55.5504
-0.0119192 0.347848 -49.1843
-0.000440149 0.33573 -55.03
0.0106304 0.299352 -52.3675
0.032406 0.283898 -67.512
0.0374961 0.270944 -67.663
0.0313661 0.309013 -75.1825
0.0126005 0.306627 -55.4644
0.0335755 0.265049 -62.515
0.0192969 0.254982 -43.683
-0.0212013 0.211061 15.8134
-0.027659 0.28535 -4.4626
0.0285946 0.304439 -74.1002
0.036188 0.179194 -36.2595
-0.00741871 0.252214 -18.1261
-0.000647605 0.240004 -21.984
0.000400153 0.25322 -28.2776
0.0116832 0.266175 -46.7898
