0 1 3
1 2 3
2 4 3
4 5 3
5 7 3
7 8 3
8 9 3
9 10 3
10 11 3
11 13 3
13 14 2
14 16 1
16 17 3
17 75 3
19 75 3
19 20 3
20 21 3
21 22 3
22 23 3
23 83 2
26 83 0
26 27 0
27 28 0
28 29 3
29 30 3
30 31 3
31 32 3
32 33 3
33 34 3
34 93 3
36 93 0
36 37 2
37 38 3
38 39 3
39 40 3
40 41 3
41 42 3
42 43 0
43 44 1
44 45 3
45 46 3
46 47 3
47 48 3
48 49 3
49 50 3
50 51 3
51 52 3
52 53 3
53 54 3
54 55 3
55 56 3
56 57 3
23 82 3
82 83 2
13 70 3
50 108 3
10 68 3
11 68 3
11 70 3
51 108 3
52 110 3
2 60 3
51 110 3
22 80 3
47 105 3
1 60 3
14 73 1
16 73 3
23 80 3
46 105 3
2 61 3
4 62 3
7 64 3
21 80 3
32 90 3
33 91 3
43 101 1
48 106 3
4 61 3
5 64 3
8 64 3
26 84 3
33 90 3
42 101 3
45 103 3
47 106 3
54 112 3
60 61 3
75 77 3
19 77 3
37 95 3
38 95 3
40 98 3
42 100 3
105 106 3
53 112 3
55 112 3
17 74 3
80 81 3
23 81 3
27 86 0
28 86 3
36 94 3
41 100 3
49 108 3
53 110 3
5 62 3
16 74 3
34 149 3
39 98 3
44 102 3
0 58 0
1 58 0
13 72 3
21 79 3
34 91 3
93 94 1
38 96 3
39 97 3
45 102 3
46 104 3
49 106 3
49 107 3
108 109 3
51 109 3
55 113 3
56 114 3
56 115 3
57 115 3
8 66 3
14 72 3
73 74 3
20 77 3
79 80 3
27 84 1
27 143 2
90 91 3
37 94 3
96 97 3
41 99 3
104 105 3
109 110 3
112 113 3
113 114 3
114 115 3
11 69 3
20 78 3
21 78 3
29 87 3
30 88 3
91 149 3
95 96 3
98 156 3
98 99 3
100 101 3
107 108 3
64 66 3
68 69 3
72 73 1
81 82 3
83 84 1
86 143 3
29 88 3
31 88 3
44 101 1
102 103 3
45 104 3
103 104 3
77 78 3
84 143 3
28 87 3
31 90 3
97 98 3
99 100 3
106 107 3
58 60 1
61 62 3
62 64 3
69 70 3
94 95 3
9 66 3
78 79 3
82 140 3
87 88 3
97 156 3
13 130 3
93 149 3
10 125 3
74 75 3
81 140 3
86 87 3
101 102 3
110 112 3
60 118 0
70 130 3
72 130 3
97 155 3
58 118 3
9 125 3
66 125 3
155 156 3
64 122 3
68 125 3
88 90 3
75 134 3
70 129 3
129 130 3
74 133 3
75 133 3
77 134 3
61 120 0
62 120 0
66 122 3
94 151 0
95 152 0
107 166 3
108 166 3
133 134 3
82 141 3
83 141 1
93 151 3
94 152 0
88 146 3
99 156 3
58 117 3
117 118 3
61 119 0
62 122 3
70 128 3
77 136 3
90 146 3
149 150 3
100 158 3
110 168 3
60 119 0
68 126 3
69 128 3
93 150 3
151 152 3
109 168 3
128 129 3
74 132 3
78 136 3
140 141 3
84 142 3
96 154 3
97 154 3
108 167 3
109 167 3
58 116 3
125 126 3
73 132 3
83 142 1
95 154 3
106 165 3
107 165 3
134 136 3
79 137 3
80 137 3
146 148 3
90 148 3
91 148 3
95 153 3
99 157 0
101 159 0
101 160 0
102 160 0
104 162 3
106 163 3
106 164 3
167 168 3
112 170 3
113 171 3
114 172 3
115 173 3
116 117 3
142 143 3
150 151 3
152 153 1
100 157 0
103 162 3
104 163 3
105 163 3
164 165 3
170 171 3
171 172 3
172 173 3
119 120 2
69 126 3
132 133 3
78 137 3
153 154 3
101 158 3
159 160 3
162 163 3
165 166 3
167 283 3
112 168 3
118 119 3
120 122 2
66 182 3
141 142 3
86 144 3
87 144 3
148 149 3
166 167 3
69 127 3
143 144 3
120 179 3
122 182 3
66 183 3
126 127 3
73 130 3
81 137 3
81 197 3
87 203 3
163 164 3
170 228 3
122 179 3
125 183 3
140 197 3
171 228 3
127 128 3
130 132 3
137 197 3
87 146 3
154 213 3
154 155 3
158 159 0
144 203 3
155 213 3
158 217 0
103 160 0
103 161 0
136 137 3
146 203 3
157 158 1
160 161 3
161 162 1
156 157 0
159 217 3
168 227 3
112 227 3
182 183 3
130 188 3
137 196 3
170 227 3
129 188 3
130 190 1
132 190 1
151 209 3
152 209 3
116 174 3
117 174 3
196 197 3
140 198 3
141 198 3
161 219 3
117 176 3
118 176 3
128 187 3
130 189 3
142 200 3
148 206 3
162 219 0
119 176 3
126 183 3
127 187 3
129 187 3
188 189 3
136 193 3
141 200 3
163 220 3
227 228 3
189 190 1
132 191 3
133 191 3
134 192 3
134 193 3
152 211 2
153 211 0
162 220 3
165 223 3
167 224 3
120 178 3
122 181 3
181 182 3
137 195 3
203 204 3
146 204 3
149 207 3
163 221 3
166 223 3
166 224 3
119 178 3
178 179 3
179 181 3
136 195 3
143 200 3
148 207 3
154 212 3
157 215 3
160 219 3
220 221 3
164 222 3
127 186 3
197 198 3
148 204 3
152 210 3
153 212 3
156 214 3
156 215 0
160 218 3
221 222 3
165 222 3
224 283 3
168 226 3
171 229 3
172 230 3
172 231 3
173 231 3
117 175 3
186 187 3
133 192 3
195 196 3
141 199 3
199 200 3
150 208 3
209 210 3
210 211 2
212 213 3
158 215 0
158 216 3
217 218 3
219 220 1
226 227 3
228 229 3
229 230 3
192 193 3
198 199 3
143 259 3
155 214 3
215 216 1
216 217 0
218 219 3
167 226 3
174 175 3
126 184 3
127 184 3
190 191 0
191 192 3
144 259 3
150 207 3
150 209 3
230 231 3
175 176 3
187 188 3
136 194 3
200 259 3
156 273 3
222 223 3
226 283 3
194 195 3
206 207 3
208 209 3
213 214 3
214 273 3
215 273 1
183 184 3
193 194 3
211 212 2
223 224 3
148 263 3
206 263 3
144 260 3
184 186 3
203 260 3
221 279 3
178 236 3
204 263 3
119 236 3
179 238 0
181 238 0
222 279 3
176 235 3
119 235 3
190 249 0
191 249 3
207 208 3
216 273 3
235 236 3
182 240 0
184 243 3
220 279 3
183 240 0
186 243 2
259 260 3
181 297 0
208 266 3
209 266 3
210 269 3
216 274 3
181 240 0
186 302 0
200 258 3
211 269 0
273 274 3
219 277 1
219 278 1
220 278 3
223 281 3
174 232 3
183 241 0
191 250 3
192 250 3
194 253 3
195 254 3
207 266 3
217 275 3
218 276 1
278 279 3
222 280 3
222 281 3
175 232 3
240 241 3
184 241 3
189 247 3
195 253 3
196 254 3
199 258 3
260 261 3
203 261 3
206 264 3
207 265 3
212 271 3
213 271 3
213 272 3
214 272 3
272 273 3
219 276 1
279 280 3
243 302 0
187 245 3
188 245 3
190 247 0
198 256 3
263 264 3
209 267 3
210 268 3
212 270 3
276 277 3
277 278 3
226 284 3
227 285 3
228 286 3
229 287 3
230 288 3
231 289 0
186 245 3
247 363 0
249 306 0
197 254 3
197 256 3
199 256 3
264 265 3
266 267 3
267 268 3
269 270 1
271 272 3
218 275 3
280 281 3
284 285 3
285 286 3
228 287 3
287 288 3
231 288 3
179 237 0
238 297 3
190 306 0
258 259 3
265 266 3
224 281 3
283 284 3
288 289 0
178 237 3
249 250 3
193 250 3
253 254 3
204 261 3
268 269 3
270 271 3
275 276 1
286 287 3
237 238 3
217 274 1
236 237 3
240 297 3
245 302 0
224 282 3
184 300 0
190 363 0
254 256 3
281 282 3
282 283 3
241 299 3
243 300 2
189 245 3
194 250 3
274 275 0
288 347 0
175 291 3
176 291 3
289 347 3
176 292 3
241 300 3
261 263 3
235 292 3
306 363 3
253 310 3
291 292 3
240 299 3
194 310 3
253 311 3
254 313 3
256 313 3
232 291 3
310 311 3
263 321 3
245 303 0
245 304 0
245 247 3
264 321 3
236 293 3
302 303 3
260 317 3
263 320 3
235 293 3
243 301 2
247 304 3
256 315 3
199 315 3
258 315 3
259 317 3
261 320 3
301 302 3
249 307 0
250 310 3
275 333 3
282 341 3
240 298 3
256 314 3
258 316 3
258 317 3
273 331 3
277 335 0
283 341 3
284 342 3
314 315 3
272 331 3
278 336 3
279 336 3
279 337 3
280 339 3
281 339 3
283 342 3
287 345 3
288 345 3
297 298 3
304 363 3
306 307 3
264 322 3
265 323 3
269 327 3
270 327 0
276 334 3
277 334 3
278 335 0
280 337 3
285 343 3
232 290 3
237 297 3
299 300 3
303 304 3
250 307 0
317 318 3
261 317 3
261 318 3
321 322 3
264 323 3
266 323 3
266 324 3
267 325 3
268 326 3
271 329 3
272 329 3
272 330 3
274 332 3
284 343 3
286 343 3
286 344 3
286 345 3
292 293 3
298 299 3
315 316 3
322 323 3
323 324 3
324 325 3
325 326 3
268 327 3
270 328 0
271 328 0
330 331 3
331 332 3
275 332 1
336 337 3
280 338 3
344 345 3
290 291 3
254 370 3
313 314 3
318 376 3
326 327 3
275 334 1
334 335 0
335 336 1
337 338 3
341 342 3
346 347 3
313 370 3
332 333 0
342 343 3
288 346 0
236 295 3
237 295 3
316 317 3
320 321 3
327 328 3
328 329 1
329 330 3
338 339 3
293 295 3
295 297 3
300 301 3
333 334 1
343 344 3
288 403 3
346 403 1
304 362 3
334 392 0
333 392 3
345 403 3
292 350 3
297 354 3
261 377 3
295 354 3
282 339 3
300 357 3
318 377 3
254 311 3
342 400 3
291 350 3
320 377 3
341 399 3
343 400 3
311 370 3
303 361 3
362 363 3
299 357 1
302 361 3
332 391 0
333 391 3
335 393 3
307 365 3
391 392 3
336 393 0
342 399 3
291 349 3
306 365 3
336 394 0
346 404 3
290 349 3
370 371 3
377 378 3
320 378 3
335 392 3
339 398 3
347 404 3
301 359 3
303 362 3
311 369 3
317 376 3
321 378 3
324 382 3
393 394 3
339 397 3
282 398 3
399 400 3
343 401 3
344 402 3
345 402 3
290 348 3
293 350 1
302 359 3
361 362 3
307 366 1
311 427 1
313 371 3
314 372 3
315 372 3
376 377 3
321 379 3
322 380 3
323 381 3
325 382 3
326 384 3
327 384 3
327 385 3
330 388 0
330 389 3
331 389 3
332 390 3
392 393 3
337 396 0
338 396 0
343 402 3
347 405 3
349 350 3
293 351 1
295 353 3
365 366 1
366 424 0
310 368 1
369 427 1
369 370 3
313 372 3
316 374 3
317 374 3
378 379 3
379 380 3
380 381 3
381 382 3
328 385 3
328 387 3
329 387 0
329 388 0
331 390 3
337 394 0
397 398 3
400 401 3
401 402 3
353 354 3
310 367 1
311 368 1
315 374 3
384 385 3
390 391 0
337 395 0
339 396 0
325 384 3
395 396 3
396 397 1
404 405 3
348 349 3
365 424 3
250 367 1
376 432 3
300 359 3
250 366 1
376 435 3
387 388 3
402 403 3
350 351 3
302 418 3
388 389 1
389 390 3
361 418 3
341 398 3
293 353 3
366 367 3
373 374 3
398 399 3
298 354 3
299 354 3
372 374 3
394 395 3
359 418 3
403 404 0
371 372 3
372 373 3
374 376 3
382 384 3
385 387 3
293 352 1
354 357 1
391 448 3
351 352 3
352 353 0
300 416 3
306 422 3
374 432 3
382 499 3
384 499 3
384 442 3
385 444 3
390 448 0
357 416 3
365 422 3
384 443 3
385 443 3
400 458 3
353 411 1
354 413 1
363 422 3
367 425 3
377 435 3
382 440 3
382 441 3
442 443 3
397 455 3
401 459 3
357 413 3
362 421 3
363 421 3
366 425 0
369 428 3
370 428 3
440 441 3
396 455 1
398 455 3
402 459 3
403 461 3
404 461 1
349 407 3
350 407 3
352 411 3
365 423 3
423 424 3
367 368 3
402 461 3
405 463 3
348 406 3
350 408 3
421 422 3
367 426 3
368 426 3
379 437 3
380 437 3
441 499 3
391 449 3
392 451 3
393 451 3
398 457 3
399 457 3
349 406 3
351 408 3
424 425 3
387 445 3
389 447 0
390 447 0
448 449 3
392 449 3
400 457 3
400 459 3
353 413 1
385 445 3
387 446 3
388 446 3
402 460 3
404 463 3
357 415 3
359 417 3
361 419 3
362 420 3
422 423 3
378 436 3
381 439 3
440 499 3
389 446 0
392 450 3
394 452 3
395 453 3
396 453 3
457 458 3
459 460 3
406 407 3
407 408 3
411 413 3
415 416 3
419 420 3
311 426 1
436 437 3
380 439 3
439 440 3
447 448 3
449 450 3
451 452 3
395 452 3
458 459 3
460 461 3
412 413 3
359 416 3
445 446 3
450 451 3
396 454 3
398 456 3
371 428 3
380 438 3
443 444 3
444 445 3
453 454 3
454 455 1
455 456 3
404 462 3
352 408 3
418 419 3
371 487 3
373 431 3
437 438 3
438 439 3
452 453 3
456 457 3
461 462 0
352 409 3
357 472 3
416 417 3
417 418 3
420 421 3
372 431 3
431 488 1
378 435 2
442 499 3
408 409 3
352 410 3
413 472 3
371 431 3
374 431 3
409 410 3
410 411 3
431 487 1
432 435 1
462 463 3
411 412 3
415 472 3
425 426 2
427 428 0
435 436 2
426 427 3
445 502 3
455 513 0
487 488 3
418 476 3
444 502 3
452 509 3
459 517 3
460 517 3
407 465 3
408 467 3
432 492 2
435 492 0
451 509 3
458 517 3
409 467 3
409 526 3
410 526 3
412 470 3
413 471 3
411 470 3
456 513 0
417 476 3
425 483 3
492 494 3
435 494 2
439 497 3
461 517 3
424 483 3
436 494 2
438 497 3
440 497 3
454 513 3
412 471 3
471 472 3
415 473 3
416 473 3
431 432 3
447 505 3
448 505 3
462 521 3
463 521 3
411 469 3
422 480 3
426 484 3
427 484 3
438 496 3
442 500 3
446 504 3
448 506 3
449 506 3
513 514 3
456 514 3
406 464 3
408 465 3
408 466 3
410 469 3
472 473 3
419 477 3
421 479 3
423 482 3
428 484 1
437 496 3
443 500 3
443 501 3
445 503 3
505 506 3
449 507 3
450 508 3
452 510 3
457 515 3
461 519 0
407 464 3
466 467 3
418 477 3
476 477 3
483 541 2
426 483 2
436 495 2
437 495 2
496 497 3
440 498 3
499 500 3
444 501 3
502 503 3
389 504 0
389 505 0
506 507 3
507 508 3
508 509 3
509 510 3
452 511 3
453 511 3
456 515 3
458 515 3
458 516 3
517 519 0
465 466 3
422 479 3
428 486 3
497 498 3
500 501 3
501 502 3
445 504 3
454 511 3
516 517 1
479 480 3
424 482 3
484 486 0
495 496 3
510 511 3
515 516 3
517 518 0
462 519 0
464 465 3
469 470 3
420 478 3
483 484 2
494 495 3
518 519 3
417 475 3
421 478 3
423 481 3
475 476 3
477 478 3
423 480 3
431 490 1
431 549 1
503 504 3
478 479 3
480 481 3
481 482 3
482 483 2
431 547 1
432 549 1
454 570 3
467 526 3
416 475 3
490 549 3
513 570 3
490 547 3
501 559 2
511 570 3
465 522 3
500 559 2
503 561 2
464 522 3
416 532 3
475 532 3
514 515 3
519 521 1
486 543 2
504 505 3
517 575 0
428 543 2
514 572 3
516 575 2
518 575 3
521 579 3
473 532 3
478 480 3
484 542 3
486 542 1
542 543 3
371 543 2
502 561 2
472 531 3
473 531 3
494 551 3
492 551 3
487 543 2
500 558 2
501 560 2
501 561 2
560 561 3
465 524 3
412 529 3
471 529 3
558 559 3
515 573 3
516 574 3
519 577 3
519 579 3
466 524 3
470 528 3
484 541 3
559 560 3
573 574 3
469 528 3
470 529 3
472 530 3
530 531 3
431 546 1
495 553 3
506 564 3
514 573 3
518 577 3
519 578 3
482 540 1
483 540 1
496 553 2
504 562 3
506 565 3
507 565 3
578 579 3
466 525 3
467 525 3
410 527 3
471 530 3
481 539 1
482 539 1
490 548 3
494 552 3
494 553 3
499 558 2
503 562 3
505 563 3
508 566 3
509 567 3
510 568 3
511 569 3
465 523 3
523 524 3
525 526 3
526 527 3
469 527 3
528 529 3
488 546 2
547 548 3
548 549 3
497 555 2
498 556 2
440 556 2
505 562 3
506 563 3
565 566 3
566 567 3
567 568 3
568 569 3
569 570 3
513 572 3
572 573 3
527 528 3
531 532 3
480 538 1
480 539 1
543 544 3
432 550 1
492 550 3
551 552 3
552 553 3
498 555 2
561 562 3
563 564 3
577 578 3
524 525 3
529 530 3
480 537 1
487 544 2
497 553 2
555 556 3
499 556 2
562 563 3
574 575 3
537 538 3
538 539 3
539 540 3
540 541 3
541 542 3
487 545 2
546 547 1
550 551 3
564 565 3
570 572 3
518 576 3
576 577 3
480 536 1
544 545 3
488 545 2
553 555 3
575 576 3
545 546 3
553 554 3
522 523 3
476 532 3
478 536 1
554 555 3
499 615 2
572 629 3
477 593 1
477 536 1
536 537 3
549 550 0
556 615 3
558 615 3
570 629 3
574 633 3
476 593 1
536 593 3
532 592 1
476 592 1
592 593 3
564 622 3
565 622 2
549 607 3
550 607 1
532 590 1
532 591 1
575 633 3
532 589 1
591 592 3
542 600 2
547 606 3
548 606 3
550 608 3
551 608 3
559 617 3
560 619 3
561 619 3
577 635 3
531 589 1
543 600 3
558 617 3
578 635 3
590 591 3
607 608 3
552 610 3
560 618 3
576 635 3
522 580 2
543 601 3
544 601 3
553 610 3
618 619 3
568 626 3
568 627 3
569 627 3
570 628 3
523 580 2
530 588 1
551 610 3
553 612 3
554 612 3
555 613 1
556 613 1
556 614 3
562 620 2
569 628 3
574 631 3
576 633 3
524 583 2
527 585 1
589 590 3
537 595 3
540 598 3
541 598 3
541 599 2
544 603 3
545 603 3
546 604 3
549 606 3
553 611 3
555 612 3
558 616 3
562 619 1
563 620 2
626 627 3
572 631 3
573 631 3
578 637 3
579 637 3
523 581 2
524 581 2
524 582 2
525 583 2
526 584 1
528 586 1
529 587 1
530 587 1
531 588 1
536 594 3
536 595 3
538 596 3
539 597 3
542 599 3
614 615 3
559 618 3
582 583 0
526 583 2
526 585 1
585 586 3
586 587 3
588 589 3
595 596 3
596 597 3
597 598 3
600 601 3
603 604 3
547 604 0
547 605 3
612 613 1
619 620 3
567 626 3
628 629 3
580 581 3
583 584 1
593 594 3
594 595 3
598 599 3
599 600 3
604 605 3
606 607 3
611 612 3
616 617 3
617 618 3
567 625 2
627 628 3
581 582 1
584 585 3
587 588 3
610 611 3
566 625 2
625 626 3
629 631 3
633 634 3
576 634 3
605 606 3
608 610 3
613 614 0
615 616 3
634 635 3
564 620 2
564 621 2
565 623 1
620 621 3
622 623 3
544 660 3
631 689 3
574 689 3
635 637 3
603 660 3
633 689 3
601 660 3
608 667 3
610 667 3
566 623 1
623 625 0
613 670 3
613 672 3
614 672 1
612 670 3
621 622 3
617 676 3
618 676 3
582 640 1
635 695 3
637 695 1
610 669 3
581 640 1
604 662 3
605 662 2
611 669 3
612 669 3
616 674 3
627 686 3
628 686 3
634 692 3
635 692 3
583 640 1
598 657 2
603 662 3
605 663 2
631 688 3
633 691 3
599 657 3
662 663 3
605 664 2
606 664 2
607 664 2
607 665 2
619 677 3
619 678 3
629 688 3
581 639 1
639 640 3
584 642 3
585 642 3
598 656 2
600 657 3
608 665 3
608 666 3
615 672 1
616 675 3
617 675 3
622 680 3
623 680 3
623 682 3
625 682 3
628 687 3
629 687 3
634 691 3
580 638 1
640 641 3
583 641 1
584 641 3
585 643 3
586 644 3
587 645 3
588 646 3
589 647 3
590 648 3
591 649 3
592 650 3
593 651 3
594 651 3
594 652 3
595 653 3
596 654 2
597 654 2
597 655 2
597 656 2
656 657 3
600 658 3
601 659 3
603 661 3
663 664 3
664 665 3
666 667 3
610 668 3
619 676 3
620 678 3
621 679 3
622 679 3
623 681 3
638 639 3
641 642 3
642 643 3
643 644 3
644 645 3
588 645 3
589 646 3
647 648 3
648 649 3
649 650 3
650 651 3
652 653 3
596 653 3
655 656 3
657 658 3
658 659 3
660 661 3
661 662 3
668 669 3
674 675 3
621 678 3
680 681 3
626 683 3
686 687 3
645 646 3
659 660 3
665 666 3
675 676 3
677 678 3
679 680 3
625 683 3
687 688 3
633 690 3
635 694 3
694 695 3
646 647 3
654 655 3
667 668 3
669 670 3
616 672 1
616 731 3
681 682 3
682 683 3
688 689 3
689 690 3
653 654 3
670 671 3
613 671 3
674 731 3
676 677 3
627 744 2
686 744 1
691 692 3
651 652 3
627 684 3
690 691 3
672 731 3
678 679 3
684 744 3
692 694 3
627 683 3
684 743 3
743 744 3
672 730 3
683 684 3
671 672 3
671 730 3
691 694 3
694 752 3
695 752 3
676 734 3
687 745 1
674 733 3
675 733 3
676 733 3
677 734 3
651 709 3
659 717 3
660 717 3
686 745 1
695 753 3
645 703 3
646 703 3
652 709 3
653 711 2
665 723 3
666 725 3
667 725 3
678 736 3
679 736 3
679 737 3
681 739 3
683 741 3
744 745 3
687 746 2
688 746 1
691 749 1
752 753 3
644 702 3
646 704 3
647 704 3
652 711 2
654 711 3
657 715 3
658 715 3
658 716 3
660 719 3
661 719 3
662 720 3
664 723 3
668 726 3
670 728 3
674 732 3
733 734 3
680 737 3
680 739 3
682 741 3
684 741 3
691 750 3
638 696 3
639 697 3
640 698 3
641 699 3
642 700 3
643 701 3
643 702 3
647 705 3
648 706 3
649 707 3
650 708 3
654 712 3
655 713 3
656 714 3
659 716 3
661 720 3
663 720 3
663 721 3
664 722 3
666 724 3
667 726 3
669 728 3
677 736 3
736 737 3
680 738 3
682 739 3
694 750 3
696 697 3
697 698 3
698 699 3
699 700 3
700 701 3
644 703 3
648 705 3
649 706 3
707 708 3
708 709 3
652 710 3
711 712 3
712 713 3
713 714 3
714 715 3
720 721 3
721 722 3
722 723 3
665 724 3
725 726 3
668 728 3
731 732 3
737 738 3
684 742 3
689 746 1
689 747 1
702 703 3
703 704 3
709 710 3
710 711 3
723 724 3
732 733 3
677 735 3
682 740 3
742 743 3
745 746 3
746 747 3
690 747 1
690 748 1
691 748 1
704 705 3
705 706 3
706 707 3
715 716 3
716 717 3
724 725 3
726 728 3
671 729 3
734 735 3
735 736 3
739 740 3
740 741 3
741 742 3
747 748 3
748 749 3
749 750 3
750 752 3
701 702 3
719 720 3
670 729 3
738 739 3
717 719 3
728 729 3
729 730 3
730 731 3
717 776 3
719 776 3
726 785 3
728 785 3
750 809 3
708 766 2
720 778 3
732 790 3
733 791 3
752 809 1
752 810 1
753 810 1
709 766 3
719 778 3
731 789 3
732 791 3
736 794 3
748 806 3
749 806 3
709 767 3
710 767 3
732 789 3
735 794 3
743 801 3
744 802 3
745 802 3
715 773 3
730 789 3
733 792 3
734 792 3
744 801 3
747 806 3
809 810 3
707 765 3
710 769 3
711 769 3
714 773 3
716 773 3
716 775 3
717 775 3
719 777 3
721 778 3
723 781 3
725 783 3
726 783 3
726 784 3
729 787 3
730 787 3
736 795 3
737 795 3
741 799 3
742 800 3
743 800 3
746 804 3
747 805 3
749 808 3
750 808 3
696 754 3
697 755 3
698 756 3
699 757 3
700 758 3
701 759 3
702 760 3
703 761 2
704 762 3
705 763 3
706 764 3
765 766 3
710 768 3
712 770 3
713 771 3
714 772 3
716 774 3
776 777 3
777 778 3
721 779 3
722 780 3
722 781 3
724 782 3
783 784 3
730 788 3
735 792 3
738 796 3
739 796 3
739 797 3
740 797 3
742 799 3
745 803 3
745 804 3
746 805 3
805 806 3
754 755 3
755 756 3
756 757 3
757 758 3
758 759 3
759 760 3
703 760 3
761 762 3
762 763 3
763 764 3
764 765 3
767 768 3
769 770 3
770 771 3
771 772 3
772 773 3
775 776 3
779 780 3
780 781 3
781 782 3
782 783 3
784 785 3
789 790 3
794 795 3
796 797 3
802 803 3
803 804 3
749 807 3
753 811 1
773 774 3
787 788 3
788 789 3
790 791 3
738 795 3
806 807 3
807 808 3
810 811 3
768 769 3
774 775 3
778 779 3
791 792 3
799 800 3
800 801 3
801 802 3
760 761 3
795 796 3
766 767 3
728 845 3
729 845 3
740 799 3
804 805 3
785 845 3
808 809 3
787 845 3
797 856 3
740 856 3
735 851 3
794 851 3
799 856 3
785 844 3
844 845 3
789 847 3
800 858 3
803 861 3
788 847 3
801 858 3
802 861 3
805 864 3
806 864 3
788 846 3
846 847 3
807 864 3
811 869 3
757 816 2
758 816 3
767 825 3
792 850 3
735 850 3
795 853 3
796 853 3
810 869 3
763 820 3
766 825 3
770 829 3
771 829 3
772 830 3
773 830 3
787 846 3
791 849 3
799 857 3
801 860 3
802 860 3
808 866 3
756 814 3
759 816 3
762 820 3
769 827 3
772 829 3
780 838 3
783 841 3
785 843 3
792 849 3
850 851 3
807 866 3
809 868 3
810 868 3
868 869 3
754 812 3
755 813 3
757 814 3
759 817 3
760 817 3
760 818 3
761 819 3
763 821 3
764 821 3
764 822 3
765 823 3
766 824 3
768 826 3
768 827 3
829 830 3
773 831 3
774 832 3
775 833 3
776 834 3
777 835 3
778 835 3
778 836 3
779 836 3
779 838 3
781 839 3
782 840 3
782 841 3
784 842 3
843 844 3
790 848 3
790 849 3
800 857 3
860 861 3
804 861 3
805 863 3
863 864 3
809 866 3
812 813 3
813 814 3
757 815 2
816 817 3
817 818 3
818 819 3
819 820 3
820 821 3
821 822 3
822 823 3
823 824 3
824 825 3
825 826 3
826 827 3
770 827 3
831 832 3
832 833 3
833 834 3
834 835 3
838 839 3
839 840 3
841 842 3
842 843 3
794 853 3
801 859 3
804 862 3
804 863 3
815 816 3
830 831 3
779 837 3
840 841 3
849 850 3
856 857 3
858 859 3
859 860 3
864 865 3
807 865 3
835 836 3
837 838 3
790 847 3
814 815 3
836 837 3
845 846 3
848 849 3
851 853 3
857 858 3
862 863 3
866 868 3
847 848 3
861 862 3
865 866 3
827 829 3
849 907 3
796 912 3
853 912 3
797 912 3
859 917 3
848 907 3
866 925 3
868 925 3
868 926 3
851 910 3
856 912 3
856 913 3
819 877 3
820 877 3
853 910 3
857 914 3
860 917 3
856 914 3
827 885 3
844 903 3
845 903 3
912 913 3
858 916 3
859 916 3
829 885 3
839 897 3
845 904 3
846 904 3
850 909 3
851 909 3
916 917 3
840 897 3
909 910 3
864 922 3
866 924 3
925 926 3
825 884 3
826 884 3
863 922 3
865 923 3
865 924 3
869 926 3
825 883 3
829 887 3
830 887 3
830 888 3
831 888 3
841 900 3
842 900 3
849 908 3
862 920 3
869 927 3
812 870 3
813 871 3
814 872 3
815 873 3
816 873 3
817 875 3
818 876 3
820 878 3
821 879 3
822 880 3
824 882 3
883 884 3
827 884 3
831 889 3
832 890 3
833 891 3
834 892 3
835 893 3
836 894 3
837 895 3
838 896 3
840 898 3
841 899 3
843 901 3
844 901 3
844 902 3
847 905 3
847 906 3
848 906 3
850 908 3
853 911 3
913 914 3
857 916 3
860 919 1
863 920 3
865 922 3
926 927 3
870 871 3
871 872 3
816 874 3
816 875 3
875 876 3
876 877 3
878 879 3
879 880 3
823 880 3
823 882 3
882 883 3
885 887 3
888 889 3
889 890 3
890 891 3
891 892 3
834 893 3
893 894 3
894 895 3
895 896 3
896 897 3
897 898 3
898 899 3
900 901 3
902 903 3
847 904 3
905 906 3
911 912 3
914 916 3
861 919 1
873 874 3
877 878 3
823 881 3
887 888 3
899 900 3
901 902 3
907 908 3
910 911 3
922 923 3
815 872 3
880 881 3
881 882 3
884 885 3
903 904 3
908 909 3
862 919 1
863 979 3
924 925 3
874 875 3
892 893 3
920 979 3
922 979 3
923 924 3
917 919 3
872 873 3
904 905 3
906 907 3
919 920 0
912 971 3
913 971 3
919 976 3
885 944 3
887 944 3
913 972 3
914 972 3
917 976 3
920 978 1
911 970 3
912 970 3
971 972 3
884 942 3
907 965 3
914 973 3
885 942 3
908 965 3
916 973 3
922 980 2
926 984 3
904 963 3
905 963 3
916 975 3
917 975 3
919 978 2
979 980 0
924 983 3
925 983 3
927 984 3
903 962 3
904 962 3
893 951 3
899 957 3
906 963 3
906 965 3
908 966 3
909 966 3
970 971 3
871 929 3
872 929 3
874 933 3
875 933 3
876 934 3
877 934 3
890 948 3
891 948 3
894 951 3
900 957 3
923 982 3
924 982 3
925 984 3
870 928 3
877 935 3
878 936 3
879 937 3
880 938 3
881 939 3
882 940 3
883 941 3
885 943 3
887 945 3
888 946 3
889 947 3
891 949 3
892 949 3
892 950 3
894 952 3
895 953 3
896 954 3
897 955 3
898 956 3
898 957 3
900 958 3
901 959 3
902 960 3
903 961 3
909 967 3
910 968 3
910 969 3
911 969 3
927 985 3
928 929 3
872 930 3
873 931 3
933 934 3
935 936 3
936 937 3
937 938 3
938 939 3
939 940 3
940 941 3
883 942 3
942 943 3
943 944 3
944 945 3
945 946 3
946 947 3
947 948 3
948 949 3
893 950 3
952 953 3
953 954 3
954 955 3
955 956 3
956 957 3
957 958 3
958 959 3
959 960 3
960 961 3
906 964 3
967 968 3
969 970 3
972 973 3
982 983 3
984 985 3
872 931 3
934 935 3
949 950 3
975 976 3
929 930 3
874 931 3
941 942 3
950 951 3
951 952 3
964 965 3
966 967 3
968 969 3
923 980 2
930 931 3
962 963 3
963 964 3
978 979 3
983 984 3
961 962 3
965 966 3
931 933 3
931 990 3
933 990 3
919 1035 3
973 975 3
975 1034 3
978 1035 3
976 1034 3
975 1032 3
975 1033 3
980 1039 1
923 1039 1
982 1039 1
973 1030 3
1033 1034 3
972 1030 3
962 1020 3
969 1027 3
970 1028 3
973 1032 3
979 1037 3
980 1038 1
961 1020 3
970 1027 3
971 1028 3
973 1031 3
1032 1033 3
978 1037 3
984 1042 3
971 1029 3
1030 1031 3
976 1035 3
979 1038 3
937 995 3
942 1000 3
943 1000 3
946 1004 3
951 1009 3
954 1013 3
955 1013 3
963 1020 3
965 1023 3
966 1024 3
972 1029 3
1038 1039 3
982 1040 3
930 989 3
931 989 3
934 992 3
934 993 3
935 993 3
936 995 3
938 995 3
939 997 3
940 997 3
940 999 3
941 999 3
941 1000 3
947 1004 3
948 1006 3
950 1009 3
952 1009 3
963 1022 3
964 1022 3
964 1023 3
966 1025 3
967 1025 3
1029 1030 3
1031 1032 3
983 1041 3
984 1041 3
985 1042 3
928 986 3
929 987 3
930 988 3
933 992 3
936 994 3
938 996 3
943 1001 3
943 1002 3
944 1002 3
945 1003 3
947 1006 3
949 1007 3
950 1008 3
952 1010 3
953 1011 3
954 1012 3
956 1014 3
957 1015 3
958 1016 3
959 1017 3
960 1018 3
961 1019 3
1024 1025 3
968 1025 3
968 1026 3
978 1036 3
1039 1040 0
983 1040 3
985 1043 3
986 987 3
987 988 3
988 989 3
993 994 3
994 995 3
995 996 3
1002 1003 3
1003 1004 3
1006 1007 3
1007 1008 3
1008 1009 3
1010 1011 3
1011 1012 3
1012 1013 3
1013 1014 3
957 1014 3
1015 1016 3
1016 1017 3
1017 1018 3
1018 1019 3
1019 1020 3
1022 1023 3
966 1023 3
1025 1026 3
1028 1029 3
1035 1036 3
1040 1041 3
1041 1042 3
1042 1043 3
989 990 3
992 993 3
999 1000 3
1000 1001 3
1009 1010 3
1014 1015 3
1023 1024 3
1027 1028 3
1037 1038 3
938 997 3
1001 1002 3
969 1026 3
997 999 3
1026 1027 3
990 992 3
996 997 3
1004 1006 3
1020 1022 3
1036 1037 3
1034 1035 3
