0 1 3
1 2 3
2 4 3
4 5 1
5 6 3
6 65 3
8 65 0
8 9 3
9 11 3
11 12 3
12 13 3
13 14 3
14 16 2
16 17 0
17 18 3
18 19 3
19 20 3
20 21 0
21 81 3
22 81 3
22 84 1
27 84 1
27 28 3
28 29 0
29 32 3
32 33 1
33 34 3
34 35 3
35 36 3
36 37 2
37 38 0
38 40 3
40 41 3
41 42 3
42 43 0
43 44 3
44 45 3
45 46 3
46 47 3
47 48 3
48 49 3
49 50 3
50 51 3
51 52 3
52 53 3
53 54 3
54 55 3
55 56 3
56 57 3
16 74 3
17 74 1
0 58 3
1 58 3
4 61 3
11 69 3
2 61 3
29 87 1
29 88 1
32 88 1
20 79 0
21 79 3
9 69 3
87 88 1
1 59 3
8 66 0
14 72 3
28 86 2
32 91 1
58 59 3
2 60 3
65 66 3
13 72 3
29 86 1
33 91 3
1 60 3
60 61 3
42 101 3
43 101 0
5 63 3
6 64 3
8 67 0
79 81 3
35 94 3
36 94 3
63 64 3
64 65 3
12 71 3
13 71 3
20 78 3
33 92 3
34 92 3
66 67 0
12 70 3
17 76 3
18 76 3
19 77 3
20 77 3
78 79 0
35 92 3
43 102 0
44 102 0
44 103 0
45 103 0
46 104 0
47 105 0
48 106 0
49 107 0
50 108 0
51 109 0
52 110 0
53 111 0
54 112 0
55 113 0
56 114 0
57 115 0
59 60 3
4 63 1
76 77 3
27 86 1
37 95 0
103 104 3
104 105 3
105 106 3
106 107 3
107 108 3
108 109 3
109 110 3
110 111 3
111 112 3
112 113 3
113 114 3
114 115 3
17 75 1
77 78 3
86 87 2
91 92 3
37 94 2
102 103 3
70 71 3
16 72 2
74 75 0
75 76 2
27 143 1
94 95 0
38 95 0
12 69 3
71 72 3
84 143 3
86 143 3
88 91 3
9 67 0
72 131 3
16 131 2
4 121 1
69 70 3
74 131 2
79 80 3
80 81 3
38 325 0
40 325 0
63 121 2
22 80 3
35 93 3
88 90 3
90 91 3
92 93 3
4 120 3
67 69 1
93 94 3
61 120 3
120 121 2
22 142 3
40 42 3
101 102 3
95 325 1
75 132 3
22 141 1
131 132 3
74 132 0
80 138 3
80 141 1
141 142 0
40 215 3
42 215 3
79 138 3
101 160 1
69 127 0
102 160 1
67 127 3
70 127 0
71 130 3
72 130 3
78 137 0
79 137 3
94 152 3
130 131 3
86 144 3
87 144 2
91 149 3
95 152 1
215 325 0
102 161 3
103 161 3
58 116 3
58 117 3
59 117 3
60 118 3
61 119 3
75 134 3
76 134 3
76 135 3
77 135 3
84 142 2
87 145 2
90 149 0
92 149 3
101 215 3
104 162 3
105 163 3
106 164 3
107 165 1
108 166 3
109 167 3
110 168 3
111 169 3
112 170 3
113 171 3
114 172 3
115 173 1
60 117 3
118 119 3
119 120 3
67 125 0
77 136 3
78 136 3
137 138 3
142 143 3
144 145 1
88 145 0
161 162 3
162 163 3
163 164 3
164 165 1
165 166 0
166 167 3
167 168 3
168 169 3
169 170 3
170 171 3
171 172 3
172 173 1
116 117 3
117 118 3
136 137 0
64 66 3
125 127 1
70 129 2
143 144 3
93 152 3
127 129 3
135 136 3
90 145 0
101 217 3
134 135 3
215 217 3
63 122 0
64 122 0
66 122 0
71 129 2
121 122 0
66 125 0
93 149 3
122 125 3
75 191 3
160 217 0
117 175 3
132 191 0
134 191 3
138 195 3
80 195 3
80 139 3
274 325 0
215 274 3
118 175 3
127 184 2
129 130 2
139 141 1
95 273 1
160 161 0
125 184 3
129 185 0
152 273 0
273 325 3
120 122 0
125 183 3
127 185 2
120 178 3
122 181 3
125 181 3
139 195 3
143 201 3
161 219 3
116 175 3
119 177 3
122 178 3
125 182 3
130 188 2
131 190 0
132 190 0
190 191 3
142 201 2
144 201 3
160 219 0
118 177 3
122 179 3
131 188 2
135 192 3
145 202 0
145 204 0
90 437 0
149 209 3
93 209 0
178 179 3
181 182 3
183 184 3
129 188 3
134 192 3
137 195 3
145 437 0
149 437 3
149 208 2
119 178 3
141 200 3
142 200 2
144 202 3
202 204 3
182 183 3
161 220 3
162 220 3
116 174 3
118 176 3
122 180 3
217 331 0
217 219 3
163 221 3
164 222 3
165 223 0
166 224 3
167 225 3
168 226 3
169 227 3
170 228 3
171 229 3
172 230 3
173 231 0
174 175 3
176 177 3
177 178 3
184 185 3
135 193 3
136 193 3
200 201 3
220 221 3
221 222 3
222 223 3
223 224 3
224 225 3
225 226 3
226 227 3
227 228 3
228 229 3
229 230 3
230 231 3
208 209 3
152 209 0
175 176 3
207 437 3
149 207 2
217 274 3
192 193 3
137 193 1
273 274 1
219 220 3
129 245 2
188 245 2
188 246 1
191 192 3
141 199 3
199 200 3
185 186 3
129 186 2
139 199 3
179 180 3
180 181 3
131 247 0
201 202 3
190 247 3
137 253 3
195 255 3
188 247 0
195 253 3
139 255 3
207 208 3
274 331 0
178 236 3
177 236 3
193 253 0
204 437 3
217 276 3
219 276 3
193 251 3
204 320 3
180 239 3
181 239 3
182 239 3
246 247 0
201 204 0
267 274 1
182 241 3
183 241 3
186 245 3
139 256 1
199 256 1
274 328 0
176 234 3
177 234 3
185 243 3
192 251 3
267 328 1
275 331 0
217 275 3
219 277 3
220 277 3
180 238 3
177 235 3
235 236 3
178 237 3
179 237 3
179 238 3
238 239 3
191 249 3
195 254 3
267 273 3
175 234 3
236 237 3
245 246 2
190 249 3
204 207 3
184 241 3
186 243 3
190 248 3
191 250 3
192 250 3
252 253 3
275 276 3
174 232 3
175 233 3
234 235 3
237 238 3
247 248 3
248 249 3
253 254 3
200 258 3
200 259 2
201 259 2
220 278 3
221 279 3
222 280 3
223 281 3
224 282 3
225 283 3
226 284 3
227 285 3
228 286 3
229 287 3
230 288 3
231 289 3
232 233 3
233 234 3
184 242 3
185 242 3
249 250 3
250 251 3
254 255 3
204 259 1
277 278 3
278 279 3
279 280 3
280 281 3
281 282 3
282 283 3
283 284 3
284 285 3
285 286 3
286 287 3
287 288 3
288 289 3
239 241 3
241 242 3
258 259 1
199 258 3
276 277 3
242 243 3
252 311 3
253 311 3
259 320 0
209 324 3
328 331 3
245 302 3
318 320 3
186 302 3
251 252 0
193 252 0
259 318 0
208 324 3
209 267 3
152 267 0
267 324 3
207 324 3
256 258 0
323 324 3
328 330 3
235 293 3
330 331 3
245 303 3
247 478 1
275 333 3
233 290 3
236 293 3
243 302 3
302 303 3
246 478 3
250 308 3
259 317 0
318 319 3
237 295 3
238 295 3
249 308 3
252 310 3
317 318 3
331 333 1
232 290 3
238 296 3
255 313 3
139 313 3
317 319 3
286 345 3
287 345 3
295 296 3
241 299 3
242 299 3
246 303 2
310 311 3
236 295 3
239 298 3
241 298 3
255 312 3
256 315 2
258 315 1
267 384 1
276 334 3
233 292 3
234 292 3
242 300 3
247 305 3
248 305 3
248 307 3
249 307 3
254 312 3
258 316 3
204 378 3
207 378 3
324 384 1
279 338 3
280 338 3
281 339 3
282 340 3
283 341 3
284 342 3
285 344 3
286 344 3
288 346 3
289 347 3
233 291 3
234 293 3
239 296 3
246 362 3
305 478 1
251 308 3
259 316 0
378 436 3
275 334 3
280 339 3
339 340 3
340 341 3
341 342 3
285 342 3
287 346 3
346 347 3
290 291 3
292 293 3
236 294 3
243 300 3
248 306 3
306 307 3
307 308 3
312 313 3
315 316 2
330 388 2
277 334 3
277 336 3
278 336 3
344 345 3
291 292 3
293 294 3
298 299 3
305 306 3
331 388 2
294 295 3
320 378 3
331 389 2
279 336 3
345 346 3
311 312 3
139 372 1
139 315 1
388 389 3
333 389 0
299 300 3
315 372 1
319 320 3
338 339 3
362 478 3
313 372 1
316 317 3
333 334 3
319 377 3
279 337 3
320 377 3
336 337 3
337 338 3
303 362 2
207 323 3
251 310 2
308 367 3
310 369 3
311 369 3
285 401 3
344 401 3
303 361 3
251 367 3
312 369 3
334 336 3
361 362 2
317 433 3
317 377 3
330 387 2
342 401 3
295 353 3
296 356 3
296 298 3
377 435 3
328 387 2
294 353 3
295 354 3
296 354 3
298 356 3
387 388 3
310 367 3
335 336 3
302 360 3
303 360 3
328 384 2
328 385 2
328 386 2
334 335 3
385 386 3
386 387 3
338 397 3
339 397 3
344 402 3
354 356 3
345 402 3
290 348 3
290 349 3
291 349 3
294 352 2
355 356 3
243 360 3
305 363 3
305 364 3
306 364 3
307 365 3
308 365 3
308 366 3
310 368 1
384 385 3
339 398 3
340 398 3
347 405 3
293 352 2
352 353 3
353 354 3
354 355 3
360 361 3
363 478 1
363 364 3
364 365 3
365 366 3
366 367 3
377 378 3
342 400 3
346 405 3
348 349 3
316 432 3
341 398 3
341 400 3
400 401 3
292 349 3
315 432 0
317 432 3
378 379 3
401 402 3
312 371 1
313 371 1
377 434 3
346 404 3
292 409 1
293 409 1
300 357 3
369 371 1
379 436 3
207 379 3
324 440 3
384 440 0
397 398 3
345 404 3
404 405 3
349 409 1
299 357 3
367 368 1
433 434 3
377 433 3
298 357 3
362 419 2
369 428 1
431 432 3
434 435 3
377 494 3
368 369 0
371 428 3
315 431 0
432 433 3
334 444 0
335 444 0
338 395 3
341 399 3
352 409 2
371 372 3
323 379 3
324 382 3
382 440 3
337 395 3
398 399 3
243 417 3
377 439 3
395 397 3
360 417 3
324 379 3
333 444 0
335 337 3
399 400 3
368 428 1
435 494 3
439 494 3
384 443 2
392 444 0
401 459 3
345 461 3
404 461 3
404 463 1
405 463 1
300 417 3
315 430 1
385 443 3
400 459 3
402 459 3
402 461 3
387 444 0
389 444 0
335 394 3
356 357 3
361 419 3
378 439 3
337 394 3
349 407 3
356 414 1
357 416 3
357 417 3
372 430 3
335 392 3
459 460 1
352 410 2
357 414 1
416 417 3
400 458 1
353 410 1
353 411 3
363 422 3
364 422 3
365 423 3
399 458 1
458 459 0
402 460 1
404 462 1
409 410 3
354 411 3
360 418 3
361 418 3
366 423 3
386 444 3
462 463 3
407 409 1
388 444 0
461 462 1
356 528 0
366 424 3
367 424 3
367 426 1
368 426 3
348 406 3
349 406 3
355 528 0
414 528 0
362 420 3
364 423 3
367 425 3
430 431 0
394 395 3
410 411 0
417 418 3
418 419 3
420 478 3
425 426 1
426 428 1
435 493 2
460 461 0
354 528 0
363 421 3
422 423 3
424 425 3
419 420 2
421 478 1
421 422 3
371 429 3
372 429 3
493 494 3
384 500 3
407 408 3
408 409 3
411 528 0
357 415 3
423 424 3
428 429 3
440 441 3
384 441 3
443 500 1
386 443 3
415 416 3
429 430 3
395 398 3
406 407 3
413 528 0
379 498 3
441 500 3
444 448 1
392 394 3
414 415 0
379 439 3
392 448 3
395 399 3
428 543 0
324 498 3
395 452 3
399 452 3
422 480 3
426 543 0
439 498 3
443 444 3
452 458 1
419 478 2
423 480 3
452 515 1
458 515 1
417 474 3
444 505 1
470 528 0
421 480 3
435 492 2
492 493 3
448 505 3
434 492 2
444 500 1
528 586 3
421 479 3
444 504 1
414 586 0
416 474 3
417 476 3
418 476 3
478 479 0
440 498 3
504 505 3
458 516 1
410 528 0
459 516 1
415 473 0
415 474 3
419 476 3
419 477 3
448 506 3
459 517 1
460 517 2
460 518 0
461 519 1
462 520 1
463 521 1
410 468 1
476 477 3
429 488 3
430 488 3
505 506 3
392 506 3
394 452 3
516 517 3
518 519 1
519 520 3
520 521 3
473 474 3
417 475 3
475 476 3
479 480 3
425 483 3
426 483 0
431 488 1
431 490 2
432 490 2
444 503 1
515 516 0
406 465 3
407 465 3
414 472 3
415 472 1
477 478 2
503 504 3
517 518 0
406 464 0
474 475 3
464 465 1
408 465 3
433 490 2
409 525 0
410 525 0
468 528 0
423 481 3
424 481 3
424 483 3
428 488 3
490 547 3
408 525 0
488 543 0
431 547 1
465 525 0
468 525 0
483 543 3
433 491 1
444 502 1
472 586 0
480 481 3
502 503 3
394 506 3
490 491 3
488 547 0
465 582 0
444 559 1
525 582 3
441 498 3
502 559 3
452 572 1
464 582 3
475 533 3
476 533 3
472 473 0
433 492 1
439 441 3
441 558 3
500 558 3
452 571 1
483 542 3
542 543 3
441 557 3
557 558 3
500 559 3
542 597 3
393 504 3
393 505 3
515 572 0
474 533 3
477 536 0
539 542 3
515 573 0
478 536 0
480 538 0
480 539 0
424 542 0
539 597 3
490 548 3
491 548 3
494 552 1
572 573 0
516 573 0
530 586 0
472 530 3
474 531 3
479 538 0
481 539 0
424 539 0
393 503 3
516 574 0
517 575 3
518 576 1
519 577 0
520 578 0
521 579 0
473 530 1
473 531 3
531 533 2
492 550 3
493 609 2
493 552 3
573 574 3
574 575 1
575 576 3
576 577 0
577 578 3
578 579 3
524 582 0
433 550 1
492 609 3
558 559 3
523 582 0
478 538 0
597 598 3
491 550 3
552 609 3
571 572 1
538 539 3
547 548 3
550 609 3
506 567 3
477 592 0
491 549 3
393 502 3
394 567 3
452 567 3
523 524 2
468 586 0
476 592 0
549 550 3
441 494 3
393 506 3
567 571 1
536 592 3
530 531 0
533 592 0
536 538 3
441 552 1
525 586 3
529 586 3
488 604 0
502 618 3
529 530 1
542 601 3
543 601 3
488 605 0
548 549 3
559 618 3
393 618 3
604 605 3
547 605 3
567 628 1
538 596 3
539 596 3
548 606 3
571 628 2
453 506 3
592 593 3
543 604 3
393 621 1
393 453 2
453 564 1
549 606 3
557 614 1
586 587 3
591 592 3
536 593 3
536 594 3
538 594 3
597 599 3
550 608 3
441 614 1
559 617 3
393 619 1
453 621 1
453 567 3
530 589 0
531 589 0
531 590 0
533 590 0
542 599 3
608 609 3
558 617 3
617 618 3
567 627 1
529 587 3
590 591 3
590 592 3
593 594 3
548 605 3
549 607 3
441 611 1
558 616 3
627 628 3
594 596 3
606 607 3
549 608 3
552 610 1
557 616 3
619 621 2
589 590 3
607 608 3
609 610 3
441 612 1
567 625 1
571 629 3
572 630 0
573 631 3
574 632 3
575 633 0
576 634 0
577 635 3
578 636 3
579 637 3
605 606 3
611 612 3
618 619 1
628 629 1
629 630 0
630 631 0
631 632 3
632 633 3
633 634 3
634 635 3
635 636 3
636 637 3
598 599 3
552 611 1
614 616 0
529 589 0
594 595 3
610 611 3
616 617 3
588 589 3
441 671 1
586 645 2
587 645 3
587 588 3
595 596 3
612 671 3
614 671 1
587 589 3
596 597 3
543 661 3
625 627 1
599 601 3
543 659 3
604 661 3
586 642 2
601 659 3
659 661 2
567 623 1
596 654 3
525 642 0
595 654 3
567 680 1
525 641 3
623 680 3
625 683 3
641 642 3
614 673 0
627 683 0
601 658 2
616 673 3
623 625 3
625 682 3
582 639 1
599 658 3
604 662 3
582 641 3
591 649 3
592 649 3
597 654 3
590 649 3
623 682 3
639 640 0
582 640 2
658 659 3
607 665 3
610 669 3
611 669 3
617 675 3
659 660 1
605 662 3
606 665 3
609 667 3
618 675 3
453 619 1
627 685 3
628 685 3
588 647 3
589 647 3
598 654 3
660 661 3
661 662 3
610 668 3
453 680 1
682 683 3
683 685 2
599 657 2
608 665 3
610 667 3
616 674 3
617 674 3
628 686 3
629 686 0
640 641 3
586 643 2
590 648 3
594 652 3
608 666 3
668 669 3
611 670 3
612 670 3
614 672 0
623 681 3
629 687 0
630 688 2
631 689 1
632 690 1
633 691 1
634 692 1
635 693 1
636 694 1
637 695 1
647 648 3
648 649 3
595 652 3
598 657 3
606 722 3
609 666 3
670 671 3
671 672 0
672 673 3
674 675 3
680 681 3
681 682 3
687 688 1
688 689 3
689 690 3
690 691 3
691 692 3
692 693 3
693 694 3
694 695 3
582 696 2
642 643 3
588 645 3
593 652 3
657 658 3
665 722 3
673 674 3
686 687 3
639 696 3
588 646 3
662 721 3
605 721 3
665 666 3
669 670 3
453 618 1
685 686 3
645 646 3
652 654 3
598 715 3
667 668 3
643 645 3
646 647 3
649 650 3
592 650 2
654 711 3
654 715 3
593 650 3
666 667 3
606 721 3
593 709 3
652 711 3
642 645 3
652 709 3
721 722 3
647 705 2
650 709 3
657 715 3
453 675 1
453 737 1
680 737 2
645 703 3
645 702 3
648 706 1
649 706 1
654 713 3
662 720 3
683 743 3
685 743 1
641 700 2
642 700 3
642 702 3
702 703 3
646 705 3
649 707 1
713 715 3
640 698 3
660 718 3
661 718 3
668 726 3
641 698 2
646 703 3
706 707 3
650 707 3
658 715 3
661 720 3
667 726 3
652 710 3
654 712 3
669 726 3
639 697 3
639 698 0
641 699 2
699 700 3
642 701 3
709 710 3
710 711 3
711 712 3
658 716 3
665 723 1
666 723 1
667 725 1
670 729 3
671 729 3
685 744 1
686 744 1
696 697 3
697 698 0
647 706 1
715 716 3
720 721 3
722 723 1
666 724 1
669 727 3
670 728 3
672 730 1
673 731 1
674 731 1
453 674 1
681 739 3
687 745 1
688 746 2
689 747 2
690 748 2
691 749 2
692 750 1
693 751 0
694 752 1
695 753 1
698 699 3
700 701 3
705 706 3
650 708 3
712 713 3
714 715 3
659 716 3
659 718 1
724 725 3
726 727 3
727 728 3
729 730 3
730 731 3
680 739 3
682 739 3
682 740 3
683 740 3
683 799 1
744 745 3
745 746 3
746 747 3
747 748 3
748 749 3
749 750 1
750 751 0
751 752 1
694 753 1
646 704 3
704 705 3
708 709 3
713 714 3
659 717 1
661 777 3
680 738 1
743 799 1
752 753 3
707 708 3
717 718 3
718 777 3
720 777 3
723 724 3
725 726 2
453 731 1
737 738 1
738 739 0
716 717 3
728 729 3
703 704 3
743 744 3
701 702 3
740 799 1
739 740 3
453 794 1
737 794 3
708 766 3
709 767 0
713 771 3
710 767 2
743 801 1
716 774 3
722 780 1
739 798 1
740 798 1
799 801 3
715 774 2
721 780 1
723 780 1
744 801 1
453 793 1
698 756 3
699 757 3
706 764 3
707 766 3
710 768 2
711 769 3
712 771 3
721 779 1
698 757 3
700 757 3
707 764 3
710 769 3
779 780 3
723 782 1
724 782 1
726 784 1
697 756 2
700 758 3
701 758 3
701 759 3
702 759 3
703 762 1
704 762 1
705 764 3
767 768 3
711 771 3
723 781 1
725 784 1
727 784 1
730 788 3
453 850 1
793 850 2
697 755 3
702 760 3
705 762 1
708 767 0
769 771 3
720 779 1
725 782 1
727 785 3
729 788 3
453 730 1
453 790 1
793 794 3
798 799 3
696 754 1
705 763 3
714 771 3
716 775 2
717 775 3
720 778 3
780 781 3
725 783 1
728 786 3
729 786 3
790 850 3
737 795 1
738 796 2
739 797 1
744 802 1
745 803 1
746 804 1
747 805 1
748 806 1
749 807 1
750 808 3
751 809 1
752 810 3
753 810 3
754 755 0
756 757 3
763 764 3
707 765 3
768 769 1
714 772 2
715 772 2
778 779 1
781 782 3
782 783 3
795 796 1
796 797 0
797 798 3
801 802 3
802 803 3
803 804 3
804 805 3
805 806 3
806 807 3
807 808 1
808 809 0
809 810 1
753 811 0
755 756 2
758 759 3
759 760 3
765 766 3
766 767 0
774 775 3
783 784 1
784 785 0
727 786 3
794 795 1
810 811 0
757 758 3
703 760 3
762 763 3
764 765 3
718 775 3
777 778 3
453 788 1
772 774 3
718 834 3
785 786 3
729 787 3
760 762 3
771 772 3
786 787 3
790 848 3
775 834 3
777 834 3
848 850 3
787 788 3
755 813 1
453 789 1
756 813 1
789 790 3
799 859 1
801 859 1
760 819 3
777 835 3
762 819 3
763 821 3
769 828 3
771 828 3
772 831 1
778 835 3
798 856 1
799 856 1
756 815 3
757 815 3
764 822 3
768 826 1
774 831 3
834 835 3
780 838 2
781 838 2
762 820 3
762 821 3
763 822 3
769 826 3
769 827 3
779 837 2
780 837 2
786 845 3
787 845 3
793 851 1
794 851 1
795 853 3
765 822 3
765 824 3
766 824 3
767 824 1
788 789 3
794 853 1
796 853 2
758 815 3
827 828 3
771 829 1
772 830 1
775 833 3
778 836 3
779 836 0
837 838 3
784 842 3
785 842 1
785 843 3
786 843 3
796 854 2
754 812 1
756 814 3
814 815 3
819 820 3
767 825 1
828 829 1
830 831 3
833 834 3
781 839 2
782 840 2
783 841 2
784 841 3
850 851 3
794 852 1
853 854 2
797 855 1
856 859 1
802 860 1
803 861 1
804 862 1
805 863 1
806 864 1
807 865 1
808 866 0
809 867 1
810 868 0
811 869 3
812 813 3
760 818 3
820 821 3
821 822 3
765 823 3
824 825 3
825 826 3
826 827 3
772 829 1
774 832 3
774 833 3
836 837 1
838 839 3
839 840 3
840 841 3
789 848 3
851 852 3
852 853 3
854 855 3
855 856 3
859 860 3
860 861 3
861 862 3
862 863 3
863 864 3
864 865 3
865 866 3
866 867 3
867 868 3
868 869 1
758 760 3
822 823 3
823 824 3
829 830 0
831 832 3
835 836 3
788 845 3
788 847 3
789 847 3
841 842 3
842 843 3
818 819 3
847 848 3
813 814 1
758 818 3
788 905 3
786 902 3
845 905 3
847 905 3
843 902 3
845 902 3
832 833 3
815 874 3
818 874 3
859 915 0
815 818 3
845 904 3
856 915 0
904 905 3
848 907 0
850 907 0
859 974 1
915 974 1
814 872 3
834 892 3
835 892 3
813 872 1
815 873 3
821 879 1
833 892 3
843 901 3
847 906 3
848 906 3
814 873 3
873 874 3
822 879 1
828 887 1
829 887 0
835 893 3
836 893 3
842 901 3
818 877 3
819 877 3
820 877 3
827 885 3
830 889 3
831 889 3
833 891 3
841 900 3
842 900 3
859 917 0
812 870 1
813 871 1
872 873 3
818 875 0
820 878 1
822 880 1
823 881 2
824 882 2
825 883 3
826 884 3
826 885 3
828 885 3
832 889 3
836 894 3
837 895 3
838 896 3
839 897 3
840 898 3
841 899 3
850 908 0
851 909 3
852 910 0
853 911 0
854 912 0
855 913 0
856 914 0
917 974 1
860 918 0
861 919 0
862 920 0
863 921 0
864 922 1
865 923 0
866 924 0
867 925 0
868 926 0
869 927 0
870 871 3
871 872 3
874 875 0
818 876 3
878 879 3
879 880 1
880 881 0
881 882 3
882 883 3
883 884 3
884 885 3
830 887 3
832 891 3
891 892 3
894 895 3
895 896 3
896 897 3
897 898 3
898 899 3
901 902 3
845 903 3
903 904 3
907 908 2
908 909 1
909 910 0
910 911 3
911 912 3
912 913 3
913 914 3
917 918 3
918 919 3
919 920 3
920 921 3
921 922 1
922 923 0
923 924 3
924 925 3
925 926 3
926 927 3
876 877 3
830 888 3
893 894 3
899 900 3
902 903 3
906 907 0
914 915 3
877 878 1
888 889 3
900 901 3
875 876 1
892 893 3
905 906 3
887 888 3
832 890 3
828 944 1
890 891 3
885 944 1
887 944 3
889 890 3
904 963 3
905 963 3
887 946 3
888 946 3
889 947 3
887 945 3
890 947 3
914 972 1
915 972 1
915 973 1
917 975 1
870 928 2
871 929 2
872 930 2
873 931 0
874 932 0
875 933 1
876 934 2
877 935 2
878 936 0
878 937 2
879 937 2
880 938 0
881 939 1
882 940 0
883 941 3
884 942 1
885 943 1
889 946 3
890 948 3
891 949 3
892 950 3
893 951 3
894 952 3
895 953 3
896 954 3
897 955 0
898 956 0
899 957 3
900 958 3
901 959 3
902 960 3
903 961 3
904 961 3
906 963 3
907 965 1
908 966 1
909 967 3
910 968 1
911 969 1
912 970 1
913 971 1
972 973 3
973 974 3
974 975 3
918 975 1
918 976 1
919 977 1
920 978 1
921 979 1
922 980 1
923 981 1
924 982 1
925 983 1
926 984 1
927 985 1
928 929 3
929 930 3
930 931 0
931 932 3
932 933 0
933 934 3
934 935 3
935 936 3
936 937 1
937 938 0
938 939 1
882 939 1
940 941 1
941 942 1
942 943 3
943 944 0
945 946 3
947 948 3
948 949 3
949 950 3
950 951 3
951 952 3
952 953 3
953 954 3
954 955 0
955 956 3
956 957 1
957 958 3
958 959 3
959 960 3
960 961 3
906 965 3
907 966 1
966 967 3
967 968 3
968 969 3
969 970 3
970 971 3
971 972 3
975 976 3
976 977 3
977 978 3
978 979 3
979 980 3
980 981 3
981 982 3
982 983 3
983 984 3
984 985 3
939 940 0
944 945 3
946 947 3
965 966 3
961 963 3
961 1020 3
963 1020 3
963 965 3
963 1022 3
974 1032 3
975 1032 3
965 1022 3
973 1032 3
931 989 3
932 989 3
944 1002 0
945 1002 0
965 1024 3
930 988 0
966 1024 3
931 988 0
928 986 0
929 987 0
932 990 3
933 991 0
934 992 1
935 993 0
936 994 0
937 995 0
938 996 0
939 997 0
940 998 0
941 999 0
942 1000 0
943 1001 0
945 1003 0
946 1004 0
947 1005 0
948 1006 0
949 1007 0
950 1008 0
951 1009 0
952 1010 0
953 1011 0
954 1012 0
955 1013 3
956 1014 3
957 1015 0
958 1016 0
959 1017 0
960 1018 0
961 1019 0
963 1021 3
967 1025 3
968 1026 3
969 1027 3
970 1028 3
971 1029 3
972 1030 3
973 1031 3
975 1033 3
976 1034 3
977 1035 3
978 1036 3
979 1037 3
980 1038 3
981 1039 3
982 1040 3
983 1041 3
984 1042 3
985 1043 3
986 987 3
987 988 3
989 990 3
990 991 0
991 992 1
992 993 0
993 994 3
994 995 3
995 996 3
996 997 3
997 998 3
998 999 3
999 1000 3
1000 1001 3
1001 1002 3
1002 1003 3
1003 1004 3
1004 1005 3
1005 1006 3
1006 1007 3
1007 1008 3
1008 1009 3
1009 1010 3
1010 1011 3
1011 1012 3
1012 1013 3
1013 1014 3
1014 1015 3
1015 1016 3
1016 1017 3
1017 1018 3
1018 1019 3
1019 1020 1
1020 1021 3
1021 1022 3
1024 1025 3
1025 1026 3
1026 1027 3
1027 1028 3
1028 1029 3
1029 1030 3
1030 1031 3
1031 1032 3
1032 1033 3
1033 1034 3
1034 1035 3
1035 1036 3
1036 1037 3
1037 1038 3
1038 1039 3
1039 1040 3
1040 1041 3
1041 1042 3
1042 1043 3
988 989 1
1022 1024 3
