0.0421682 0.032712 18.636
0.0307509 -0.0144689 20.0315
-0.00820458 -0.0400742 22.2075
-0.0234951 -0.0660411 23.3833
-0.0150165 -0.0215416 21.7009
-0.0307478 0.0279636 29.1411
-0.0408748 0.030447 30.048
-0.0400408 0.0217576 30.319
-0.0957727 -0.041958 48.966
-0.100577 0.130558 47.2421
0.0692808 0.10443 8.47388
-0.067418 0.105854 40.7707
-0.0740838 0.0108313 43.6159
-0.0583695 -0.0143617 40.3108
-0.0989861 -0.0196448 53.6384
-0.0921506 -0.0286571 51.5793
0.0911727 0.0872886 -13.6795
0.197023 -0.110452 -63.0875
0.200766 -0.0990857 -64.6247
0.195709 -0.115956 -62.0516
0.173046 -0.133196 -52.0479
-0.00883951 -0.0083204 11.7767
0.00694779 -0.0212058 3.80763
0.0490514 -0.0849491 -16.4951
-0.109045 -0.0756847 69.2058
-0.109237 -0.0764565 69.3172
-0.375971 0.565225 218.429
0.20323 0.0990542 -116.772
0.251121 0.263811 -146.959
0.0403138 0.034611 -18.9312
0.0244068 0.00149151 -8.25887
0.0161244 0.00840304 -2.87788
0.0395148 0.0419069 -18.5192
-0.00129963 -0.147383 22.2062
0.0121516 -0.129367 11.8127
0.0266693 -0.11642 0.349244
0.0309509 -0.0902816 -3.60262
0.31735 -0.0919249 -232.258
0.102844 -0.132642 -62.6717
0.0191796 -0.042199 8.79314
0.0431101 -0.105495 -11.6463
0.0331325 -0.0999545 -3.00038
0.0128171 -0.112291 15.2653
0.0021187 0.890241 14.1024
0.00210677 0.890237 14.1142
0.00200982 0.890237 14.2089
0.00181442 0.890243 14.4034
0.0015379 0.890247 14.6841
0.00121159 0.890249 15.0222
0.000895153 0.890249 15.3567
0.000598619 0.890248 15.6762
0.000365502 0.890246 15.9324
0.000202829 0.890243 16.1145
0.000108074 0.890241 16.2226
6.20046e-05 0.89024 16.276
4.65958e-05 0.890238 16.2942
4.42278e-05 0.890238 16.297
4.42278e-05 0.890238 16.297
0.0244613 0.035928 18.6245
0.0265478 -0.000615815 19.7099
-0.00576599 -0.0133307 21.5365
-0.0285188 0.000106522 22.027
0.392144 -0.114241 -12.063
0.0214495 0.00713492 23.6349
-0.0281224 0.0501914 27.7555
-0.0373441 0.00648584 30.0591
-0.0366546 0.0607545 28.6197
0.0231328 -0.309131 26.3256
0.0480123 -0.492497 29.4446
-0.090831 0.0361443 47.8482
-0.0840555 -0.0276711 47.2505
-0.0497588 -0.0237654 37.8274
-0.0648734 -0.0265579 42.8058
-0.129871 -0.00895957 62.6594
0.265031 0.0290303 -73.2183
-0.141281 -0.0523366 67.8962
0.13799 -0.0725163 -40.4212
0.165875 -0.13363 -48.9634
0.164767 -0.134341 -48.6225
-0.0242249 -0.0180438 19.5357
2.92501e-05 -0.0171647 7.31424
-0.00672762 -0.0133836 10.8027
0.0189458 -0.569859 37.5339
0.0604211 -0.251125 1.66056
0.0553487 -0.147904 -14.9532
0.00309351 0.0523639 13.0889
0.0474786 -0.0608309 -14.3736
-0.222403 -0.103982 157.742
0.0340221 -0.0780208 -4.47817
0.0625628 -0.184657 -19.6369
0.0361867 -0.0859484 -4.98539
-0.0015166 -0.17475 23.3857
0.0331621 -0.18043 -2.40071
0.0883938 -0.110945 -47.3514
0.0637331 -0.0763175 -29.6401
0.00930076 -0.862257 31.3829
0.123891 -0.180301 -79.8821
0.0167264 0.00172382 -6.2296
0.0941851 -0.115743 -56.1695
0.0103899 -0.0251629 -4.26876
-0.0825741 -0.210548 105.499
-0.0286884 -0.106615 52.3763
-0.0423436 -0.0794516 63.7384
-0.0186452 -0.075228 40.6025
-0.00258875 -0.0825635 25.0142
0.00381257 -0.0947221 18.995
0.00398825 -0.104582 19.1708
0.00206907 -0.107247 21.3047
-0.00234615 -0.110189 26.1721
-0.00732297 -0.105565 31.4869
-0.0111136 -0.0947381 35.3531
-0.0119924 -0.07862 35.787
-0.0102615 -0.0595687 33.1032
-0.00632818 -0.0405561 27.7851
-0.00336509 -0.024761 23.6873
-0.00336509 -0.024761 23.6873
0.000329657 0.0473081 18.7095
0.00649053 0.0347641 19.0464
-0.044758 0.0139742 22.4533
-0.0608039 -0.00904828 24.8844
-0.0256926 -0.03101 22.9855
0.236613 -0.368811 12.9289
-0.0371797 0.024003 17.1839
-0.0266572 -0.0052248 17.6012
-0.0156674 -0.323977 33.8353
-0.0297689 0.00127455 17.6381
0.0581001 -0.449947 24.7215
0.0827164 -0.424906 17.7787
0.147006 -0.72712 17.4532
0.151424 -0.515716 5.15317
-0.0544449 -0.036796 40.0877
-0.152551 -0.00899401 70.3609
-0.130651 -0.0186264 63.6544
-0.128979 -0.0681102 62.8692
0.0501605 -0.0554976 -6.18982
0.116834 -0.0598782 -32.9992
0.154332 -0.108795 -45.2539
-0.0500492 -0.0348004 32.9792
-0.0176985 -0.0433349 17.0391
0.000377358 -0.00506942 6.62448
0.0827415 0.0834966 -37.4377
0.0343682 -0.173316 2.27214
0.0741707 -0.00469209 -32.555
0.0277825 -0.100942 -0.538508
0.00010083 -0.130522 17.6977
-0.0905539 0.306366 54.4805
0.024292 -0.251184 8.88815
-0.000177557 -0.143999 20.7115
-0.249349 0.102539 189.326
0.0447613 -0.239213 -9.09248
0.0470432 -0.188154 -12.7851
0.0353798 -0.0861404 -7.52655
0.0632053 -0.0283277 -32.2128
-0.0181415 -0.484047 49.8247
0.0724786 -0.202979 -36.5816
0.260329 -0.0367826 -204.486
0.112218 -0.0298532 -77.4952
-0.00257364 0.156326 11.9541
0.351508 -0.0567693 -294.236
-0.0242465 -0.0836451 55.0531
0.00825485 -0.11395 26.554
-0.0261408 -0.0731829 47.9704
-0.0156508 -0.0828793 38.1545
-0.00742382 -0.0972739 30.6417
-0.00504636 -0.107169 28.7343
0 -0.0438058 30.0752
3.22765e-05 -0.113342 23.7152
0.000225143 -0.108442 23.2245
0.00186169 -0.0970618 20.7549
0.0048222 -0.0797936 16.4253
0.00810087 -0.0591227 11.4839
0.0110811 -0.0388891 6.86088
0.0128434 -0.0217424 3.8215
0 -0.0438058 30.0752
0.00369934 0.0268392 20.1853
-0.0191434 0.0247703 21.2068
-0.0628175 0.0243496 22.8141
-0.0861195 0.036925 23.4655
-0.0942888 0.00566234 26.2592
-0.0470585 0.0602625 16.1154
-0.0450927 0.0732657 14.7773
-0.0285927 0.0375567 14.9135
-0.0461301 0.0279724 18.7293
-0.0236958 0.0133372 15.4432
-0.0261308 -7.24976e-05 16.9656
-0.00784447 0.0172585 11.207
0.0240102 0.118609 -6.14104
0.0959728 0.0296465 -18.3366
0.158915 -0.400277 -4.84344
-0.0505953 0.0185564 27.3318
-0.0382403 0.0259392 22.3047
-0.00233599 -0.0341502 13.4949
0.0681136 -0.0719889 -11.4748
0.122148 -0.0963829 -32.3699
0.152297 -0.0740683 -45.7613
-0.00414869 -0.0186798 9.57863
-0.0563453 0.149441 22.087
-0.0200029 -0.104189 37.7803
0.00791439 -0.011564 15.9614
0.0224501 -0.156698 6.74063
0.0195937 -0.142717 7.72134
-0.0317091 -0.132633 37.0354
-0.0283162 -0.192997 38.3839
-0.0120237 -0.304561 35.6614
0.0160478 -0.0510266 -2.94003
0.0388527 -0.321697 3.50286
0.00550684 -0.086375 16.9277
0.014443 -0.0533869 -0.910682
0.00145947 -0.0681978 9.52394
-0.0230574 -0.0795317 28.9095
0.0729407 -0.0252189 -40.3587
0 4.3061e-05 15.9729
0 4.3061e-05 15.9729
0 4.3061e-05 15.9729
-0.0755986 0.0459204 81.4452
-0.00454265 -0.0951 29.9736
0 0.0123839 15.0976
-0.0183402 -0.083713 41.6673
0 0.0123839 15.0976
-0.0282616 -0.0752724 50.3243
-0.0281873 -0.0832377 50.7309
-0.0202586 -0.105039 44.3343
-0.0107354 -0.113133 35.0817
-0.00398784 -0.118385 28.3547
0.00193211 -0.117622 21.9042
0.00860373 -0.112945 14.1853
0.0171267 -0.100149 3.63549
0.0254384 -0.0814121 -7.28418
0.0302224 -0.0572968 -14.6637
0.0311486 -0.036051 -17.351
0.0319652 -0.0202381 -19.5351
0.0359412 -0.0154365 -24.7422
0.00407949 0.00555163 21.8886
-0.00559271 0.00186968 22.6121
-0.0557715 0.0269372 22.4217
-0.0646255 0.0299887 22.8427
-0.0947206 0.0348384 24.1212
-0.0483884 0.0330254 19.2957
-0.0391876 0.0430605 17.2628
-0.0553764 0.0401087 19.9636
-0.0590366 0.0237175 21.4056
-0.0403311 0.0169762 18.279
-0.00743806 0.0324322 9.58443
0.0605795 0.103228 -13.846
0.0727071 0.147 -21.8002
0.0595623 0.112825 -13.9817
0.290494 0.0069004 -74.0959
-0.0513709 0.0292302 26.6861
-0.0494521 0.0333071 25.7811
-0.0465674 0.0177784 26.1671
-0.0168613 -0.0242675 18.3335
0.00810353 -0.062402 11.7441
0.000690701 -0.0202909 6.03175
0.000441448 -0.0501487 9.26261
0.0125409 -0.0108407 1.05887
0.01944 -0.00948742 -2.7376
-0.0533401 -0.271755 69.9526
-0.00606766 -0.398144 56.5644
0.0472147 -0.119239 -10.1154
-0.0188172 0.23842 -2.59192
-0.0355363 0.224971 8.62891
-0.0470695 -0.12891 48.9735
-0.0580949 -0.128428 56.5338
-0.000815981 -0.0210166 5.81479
-0.00723652 -0.331871 40.1688
-0.00209282 -0.0190069 6.12939
0.26344 0.0780483 -198.236
-0.0190597 -0.0660347 24.6356
0.222834 -0.0987795 -149.943
0.00439115 -0.00599768 -0.953171
0.00381812 -0.00699614 -0.406094
0.017008 -0.272642 16.4367
0.0488146 0.010535 -24.9822
-0.0171876 -0.080462 24.5929
-0.0117333 -0.0692365 34.7635
-0.0275757 -0.0571418 47.9803
-0.0290283 -0.0700143 50.7085
-0.0481639 -0.0866521 70.8284
-0.0433866 -0.101949 67.5666
-0.034781 -0.115511 60.1499
-0.0155025 -0.117562 40.4337
-0.00619746 -0.119666 30.8126
0.00359315 -0.120022 20.2639
0.0176891 -0.115779 4.2818
0.0366873 -0.0989362 -18.7025
0.0573499 -0.0806226 -44.2327
0.0621687 -0.052762 -52.638
0.0525473 -0.0350641 -43.0292
0.0457475 -0.0231572 -36.0355
0.0436436 -0.0160788 -34.1647
0.00821379 0.0160437 20.4168
0.00364006 0.013762 21.0255
-0.0323458 0.0259795 21.1723
-0.07106 0.0359076 22.2705
-0.081907 0.0439187 21.4046
-0.0389424 0.0442752 16.5215
-0.0569913 0.0455947 18.8777
-0.0747176 0.149019 8.74786
-0.0310996 0.0297126 14.9013
-0.0171075 0.0674775 7.85909
0.00443672 0.0954673 -0.951242
0.0801048 0.116259 -20.288
0.0309796 0.105457 -4.32233
0.0125865 0.0695219 4.44503
0.0802444 0.0349855 -12.1156
-0.0730658 0.0334061 33.9701
-0.0544822 0.0190299 29.1355
-0.0453284 0.0194745 25.6715
-0.054355 -0.00128154 31.2936
-0.123079 -0.0192076 61.1001
-0.0691444 0.0139805 33.7785
0.00576852 -0.0142463 3.05669
0.0367081 -0.0246269 -10.1528
0.0316292 0.0189416 -11.5193
0.288797 0.0704008 -150.15
-0.412205 0.170311 216.439
-0.0239256 -0.0482219 23.4551
-0.0161258 -0.0285103 16.5208
-0.0100048 -0.0385031 13.5701
0.00317894 -0.0232485 3.32873
0.0169247 -0.0166381 -6.1392
0.00947496 -0.0515263 2.92825
0.000791777 0.384945 -43.6679
0.00995902 -0.0566645 3.2947
-0.0070968 -0.0236924 10.1962
-0.0190169 -0.0923099 26.9727
0.178796 -0.524428 -64.3345
-0.00493061 0.330887 -28.2746
0.0674347 0.295159 -82.8582
-0.0034636 -0.046997 18.5641
0.062288 0.246862 -73.6932
0.0652718 0.270068 -78.5692
0.0313218 0.0362918 -16.4723
-0.0436465 -0.0494316 62.4554
-0.059341 -0.0883374 82.0511
-0.0347065 -0.138589 63.1504
-0.0571991 -0.121774 83.5718
-0.0314118 -0.123906 57.6003
-0.0180237 -0.121669 43.5094
-0.00844382 -0.120578 33.3036
0.0042433 -0.119192 19.4386
0.0276996 -0.111518 -7.40719
0.0543421 -0.0942162 -39.342
0.0673632 -0.0886888 -54.7482
0.0794307 -0.0660052 -71.4793
0.0704297 -0.0419081 -63.6301
0.0571323 -0.0294421 -49.1836
0.0543332 -0.0197861 -46.9405
0.0336779 0.00392941 21.6165
0.0302533 0.0172076 19.9708
0.186254 0.0729108 5.79795
0.0255591 0.108697 7.98876
-0.145979 0.330175 -10.0837
-0.0571572 0.0677491 15.8446
-0.0315312 0.0832565 11.3218
-0.0898132 0.173333 8.66358
-0.0586919 0.138835 6.94822
-0.0214459 0.178255 -4.85145
-0.0162694 0.250379 -17.1371
0.0787119 0.0975562 -16.508
0.0177442 0.0863382 0.497665
-0.0353147 0.0284617 23.2202
0.307638 0.00617551 -79.2516
-0.0763382 0.0148343 37.6135
-0.0701397 0.00670014 36.5149
-0.0673395 9.07075e-05 36.5539
-0.0611774 -0.00854799 35.1525
-0.0937663 -0.0150106 49.0988
-0.0363187 0.00208595 38.3205
6.16293e-05 -0.0364486 8.46599
-0.122582 0.0234506 85.2755
-0.125719 0.0327136 85.1652
-0.123125 0.0239628 85.18
-0.318694 0.184426 164.244
-0.0236802 -0.0763255 27.3462
-0.021976 -0.0519642 23.0437
-0.0155605 -0.0901241 24.7644
0.00271141 -0.0126041 2.11755
0.0127421 -0.0233374 -3.03782
6.45894e-05 -0.0315374 6.46681
0.00218796 -0.0324613 4.89635
0.0032926 -0.0209093 2.45446
-0.00626791 -0.00793017 7.56705
0.230551 0.0605859 -182.172
0.0405539 -0.0196669 -20.686
-0.00523635 -0.110201 28.2186
-0.0401784 -0.188419 67.8663
0.00125478 -0.101281 21.8392
-0.0165831 -0.0393451 28.7397
-0.005212 -0.0599288 21.4381
-0.0620306 -0.168181 87.4355
-0.0619389 -0.111688 82.1989
-0.0218703 -0.0720999 38.7442
-0.0450695 -0.0342966 52.8957
-0.0250145 -0.0835291 43.662
-0.0156899 -0.116257 40.1943
0.0381418 -0.242168 0.727352
-0.0121423 -0.122756 37.4998
-0.00481803 -0.122685 29.7436
-0.00304223 -0.130421 29.082
0.0590648 -0.0960825 -44.5426
0.0793882 -0.0842433 -69.2612
0.106578 -0.0589932 -104.317
0.0717018 -0.0255916 -67.3609
0.0639779 -0.0322046 -57.1229
0.0588286 -0.0255316 -51.7559
0.0447691 0.00299478 21.4466
0.0596044 0.0042028 20.4045
0.112827 0.0057949 19.0774
-0.0751192 0.0405498 27.1162
-0.0835853 0.0275226 29.3252
0.0419989 0.0614254 5.28611
0.0880788 0.166437 -16.4959
0.0701179 0.39457 -50.0304
-0.0988978 -0.00480033 60.123
-0.0710119 0.173269 7.14135
-0.0482568 0.172164 2.26559
-0.00173431 0.115299 0.261863
-0.0185757 0.0587734 13.9426
-0.0374099 0.0186195 25.1119
0.342496 0.0288616 -94.0138
-0.0920367 -0.0164369 47.626
-0.0769562 -0.0200417 43.2676
-0.0681166 -0.0178033 39.3425
-0.0602996 -0.0152008 35.6766
-0.0659308 0.000331858 35.0722
-0.0410509 -0.00128416 40.9842
-0.161605 0.0283143 103.222
-0.130795 0.0340327 87.1882
-0.11723 0.0221338 82.3291
-0.133044 0.03195 89.327
-0.0180811 -0.00654358 12.7244
-0.0118952 -0.0232216 12.4166
-0.0170084 -0.0107125 14.0562
0.0303123 0.0179903 -19.7242
0.0230201 0.000461648 -13.0552
0.0187063 -0.0114929 -9.18061
0.0371015 -0.1006 -12.4457
-0.0143792 -0.00231442 11.8998
0.0235125 -0.00208336 -13.4483
0.0197661 0.00825895 -13.4433
0.0460323 0.00696485 -29.8734
0.190775 0.00525523 -142.928
-0.0485426 -0.191591 75.1594
-0.0342971 -0.14877 55.6469
-0.0272888 -0.476386 98.916
-0.0430308 -0.0359842 52.4307
-0.0508419 -0.0641221 63.455
-0.0291499 -0.0683543 45.0185
0.00219479 -0.218973 42.3645
-0.0650869 -0.15036 92.2767
0.00327702 0.0862585 -7.75338
-0.0246811 -0.102383 47.2115
-0.0358877 -0.0974886 57.5943
0.0246089 0.0228293 -21.7598
0.0278182 0.0236009 -27.0356
0.0159107 -0.137472 39.6933
0.124001 -0.186401 -70.7476
0.0241597 -0.139153 30.7134
0.0800886 -0.0866228 -69.851
-0.279202 -0.0772815 378.533
0.0753723 -0.0377787 -69.9319
-0.00793698 -0.271815 89.8161
-0.00793698 -0.271815 89.8161
0.00989034 0.182792 -38.4298
0.0738221 0.00162643 20.9641
0.252606 -0.00870799 14.8796
-0.0937438 0.0454011 27.5831
-0.0745838 -0.00766988 41.9532
-0.0475792 0.0456398 23.006
-0.0283121 0.00946245 33.1757
-0.0552999 0.318987 -16.5745
-0.102502 -0.00644225 61.1398
0.0611669 0.0667275 -5.47073
0.000430836 0.0817501 6.51824
-0.040823 0.103403 12.0077
-0.0483241 0.0700717 19.6237
-0.0948954 0.00808608 43.2969
0.243531 0.00723058 -59.4974
-0.110398 -0.02125 54.7242
-0.0832896 -0.017789 44.3865
-0.0395708 -0.0068501 26.7707
-0.0324218 -0.00847858 23.1351
-0.0125422 0.054006 2.39859
0.289243 0.139649 -143.655
-0.0557248 0.0502295 49.6019
0.0240465 0.0316683 -8.6265
-0.120972 0.0338381 82.3373
-0.129164 0.0203902 89.0267
0.120887 0.182566 -97.4417
0.0692997 0.25968 -82.8989
0.0742611 0.130909 -59.4161
-0.0108963 0.254267 -35.4489
-0.0525213 0.158585 8.5616
0.0265215 0.0176337 -17.942
0.0091906 0.112658 -24.3275
0.00671887 0.103811 -21.0944
0.0454526 0.0764887 -44.9285
0.013938 0.0098208 -9.74539
0.127964 0.0758355 -106.858
0.0506488 -0.00513641 -30.2859
0.0041798 -0.0540943 15.6475
-0.0416836 -0.0114241 45.5428
-0.0416798 -0.0325521 49.619
-0.0401783 -0.0396653 49.7086
-0.0401657 -0.0538273 52.3692
-0.0319967 -0.078572 49.5883
0.00807157 -0.0579511 12.1142
-0.017121 0.147513 0.571598
-0.017121 0.147513 0.571598
-0.00223817 0.159957 -16.2318
0.0208795 0.041994 -22.3527
0.0174815 0.0444061 -19.3847
0.024784 0.15744 -22.35
-0.0482086 0.0868044 76.2491
-0.0750945 -0.0766936 165.507
-0.00756628 0.0019939 48.4111
-0.00773725 0.0018938 48.6276
0 -0.0747768 24.043
1.29601e-13 0.0637807 28.1532
9.95636e-14 0.0637807 28.1532
2.41505e-13 0.0637807 28.1532
0.11429 -0.162334 47.652
0.0473899 -0.133384 42.5435
-0.22845 -0.383403 104.973
0.0204745 0.181066 -38.5558
0.129523 0.0963791 0.829782
0.103398 0.203178 -18.8355
0.0380073 0.113047 -27.3325
0.0604128 0.103065 -27.5389
-0.118257 -0.011149 64.9664
0.0879871 0.110187 -18.8798
-0.00280825 0.0624387 11.1059
-0.0217614 0.11028 6.40942
-0.0641775 0.326175 -27.0706
-0.152243 0.0880764 45.2785
0.0128495 0.339322 -75.2954
0.0257445 0.132053 -35.5609
0.0428897 0.320581 -81.4051
0.0695572 0.256962 -77.8572
0.0692365 0.0246823 -29.0304
0.53125 0.371094 -294.201
0.0650763 0.154366 -53.4019
0.004303 0.208171 -35.476
0.459635 -1.18197 16.6471
-0.0438477 -0.73319 194.663
-0.152023 -0.0456596 113.166
0.0667307 0.245324 -79.8279
0.0790698 0.235038 -84.1562
0.0316633 0.17576 -44.2413
-0.0317514 0.228854 -16.6712
-0.0269335 0.252328 -25.0511
-0.0425559 0.225558 -9.96748
-0.0242285 0.103991 0.664023
-0.000855933 0.104372 -15.7137
0.0375425 0.037231 -29.7142
0.0758184 0.0914536 -69.899
0.0552376 0.0148419 -37.6336
0.0512413 0.0048137 -32.3133
-0.00350349 -0.00495007 13.0431
0.000983179 0.0171446 5.72139
-0.0264969 0.0035812 31.3963
0.0965064 -0.110438 -42.4592
-0.0558013 0.133301 156.374
-0.0783115 0.147818 173.388
0.060315 -0.0118697 85.4275
0.0624806 -0.0772077 97.2491
-0.027901 -0.0807576 46.1864
0.00381815 -0.0734711 21.1715
0.0172564 0.0449739 -19.2445
0.0172564 0.0449739 -19.2445
0.0764807 0.0896487 -64.0315
-0.0582907 0.0826391 88.0813
0.00525364 -0.125161 47.6711
0.00450786 -0.127558 48.9941
-0.00619575 0.00216502 46.7984
-0.00619575 0.00216502 46.7984
-0.00078034 -0.12948 55.4882
-0.000806711 -0.129568 55.5383
-0.000829017 -0.12963 55.5782
-0.00513363 0.0310103 41.4961
0.114731 -0.116781 34.7731
0.0098147 0.183171 -38.5154
0.0499761 0.165989 -35.1185
-0.0742174 0.137093 -18.5398
-0.0844744 0.18617 -29.7435
0.0379913 0.113539 -27.4469
0.0313299 0.122619 -28.461
0.00976755 0.290031 -64.4252
0.00839801 0.245978 -53.4861
0.0270966 0.27408 -64.4902
0.0284462 0.293309 -69.3062
0.023338 0.320756 -73.6706
0.0192722 0.383209 -86.8556
0.0110705 0.333686 -74.237
0.0397677 0.398765 -97.8214
0.0608211 0.355807 -95.6533
0.0493966 0.324017 -83.7476
0.0589235 0.377364 -100.767
0.0626316 0.268215 -77.6584
0.0708262 0.164668 -57.6585
0.0676327 0.205233 -65.0213
-0.0820414 -0.167653 93.128
-0.0951007 0.284139 -0.33377
-0.0565818 0.290848 -22.8142
0.0316959 0.290498 -69.7203
0.0166279 0.260178 -54.5942
0.0491571 0.213399 -62.6806
0.0288764 0.209494 -50.2896
0.0264986 0.265295 -60.9859
0.0974742 0.243494 -101.11
0.111884 0.282452 -120.137
0.0952952 0.314038 -114.928
-0.03805 -0.208342 92.1319
-0.105409 0.0258999 88.9326
-0.605238 0.0436495 467.306
0.0293091 0.0184427 -18.0424
-0.00343325 0.00195529 11.5256
-0.038311 -0.000521431 40.4524
-0.257768 -0.113591 267.531
0.120967 -0.00533582 -87.8115
0.0896185 -0.106252 -37.2792
0.0301367 0.190679 -49.8316
0.0367215 0.246784 -69.2911
0.0124974 0.284254 -55.0862
0.0398103 0.283176 -81.2015
0.0336858 -0.599285 136.733
-0.0737048 -0.318185 179.567
-0.061279 -0.329372 168.883
0.0748016 0.0885052 -61.9398
-0.00293741 0.165 -1.58127
0.00409648 -0.127283 49.4085
0.00254113 -0.127842 51.2798
0.000898393 -0.128395 53.28
-0.000166947 -0.128914 54.6352
-0.000723611 -0.129391 55.4012
-0.000882582 -0.129526 55.6223
-0.000912665 -0.129591 55.6735
0.184107 0.15536 -31.984
0.211267 0.144304 -30.0938
-0.0229583 0.284512 -61.5748
0.0211937 0.194531 -41.1107
0.0176036 0.33748 -77.5316
0.0170011 0.366917 -84.1375
0.0159695 0.443122 -103.887
0.013089 0.336185 -76.3453
0.0213543 0.395799 -92.1494
0.00870048 0.30528 -68.4446
0.0305029 0.247177 -59.1175
0.0341829 0.306136 -74.0671
0.0539595 0.470986 -117.764
0.00885326 0.428693 -94.5485
0.00899536 0.41581 -91.5904
0.030555 0.384364 -90.7493
0.0422447 0.382071 -94.1405
0.028274 0.404734 -94.4278
0.0364618 0.440798 -107.071
0.0223597 0.448929 -102.455
0.0229768 0.384868 -87.1159
0.0121505 0.216501 -41.1694
-0.061989 0.276209 -15.6681
-0.0292036 0.286234 -34.9093
-0.0136397 0.291051 -45.2479
-0.0199467 0.301334 -43.8105
-0.0275855 0.274407 -33.4877
0.0134177 0.207034 -40.4604
0.0408098 0.227729 -61.9166
0.0832046 0.223996 -87.7772
0.115131 0.216543 -106.345
0.122884 0.237363 -116.566
0.116266 0.236834 -111.798
0.119365 0.239365 -114.61
0.0110529 0.00765127 -1.30907
0.010958 0.00769745 -1.24402
0.00184714 0.00365079 6.87644
-0.0149026 0.00429291 20.1436
0.0567452 0.0236945 -42.5703
0.103465 -0.0849639 -54.6136
0.0904774 -0.108681 -37.5193
0.0513011 0.376326 -115.531
0.0487894 0.274557 -87.9045
0.058952 0.259808 -93.3739
0.0354396 0.257959 -70.2863
0.0321111 0.233464 -61.5604
-0.0355806 -0.328456 142.495
-0.0612284 -0.306248 163.521
-0.0681176 -0.314927 172.594
-0.0680086 -0.323354 174.633
-0.000297494 -0.158898 72.4777
-0.000684343 -0.157215 72.4884
-0.00107837 -0.155642 72.5421
-0.00167888 -0.154117 72.8516
-0.00243742 -0.152967 73.4489
-0.00297262 -0.152184 73.8879
-0.00316258 -0.151786 74.0174
-0.00316258 -0.151786 74.0174
0.195621 0.180244 -38.7412
0.173099 0.138454 -26.8799
0.0439939 0.383978 -91.2871
0.0480559 0.412971 -100.005
0.0242571 0.391505 -91.0549
0.0302156 0.399799 -93.873
0.0225336 0.419904 -97.8986
-0.0290087 0.381881 -80.5867
0.0516391 0.430868 -106.133
0.0447662 0.526723 -130.486
0.022584 0.455335 -105.525
0.0184203 0.44492 -101.093
0.00305271 0.430106 -92.8354
-0.00708048 0.425875 -88.1998
-0.00674221 0.411469 -85.415
0.0278749 0.425259 -101.004
0.0576239 0.389692 -101.772
0.0359278 0.412786 -99.89
0.01039 0.407598 -88.7006
0.0183934 0.408123 -91.2613
0.0209733 0.353198 -77.9529
0.0369347 0.23011 -50.7751
-0.027142 0.235286 -22.0389
-0.0146423 0.276923 -39.5432
0.00646118 0.295839 -55.0742
-0.0139716 0.296231 -45.507
-0.0345976 0.26465 -26.9456
-0.010795 -0.00693545 38.8107
-0.0552923 -0.0675516 81.7436
-0.10586 0.0226236 89.319
0.112486 0.191933 -98.2326
0.106771 0.240773 -106.728
0.0969942 0.232429 -97.9784
0.105761 0.218784 -100.262
0.106822 0.225019 -102.642
0.106822 0.225019 -102.642
0.105025 0.21907 -99.4457
0.0987585 0.24746 -102.916
-0.0823788 0.348551 13.1551
-0.103787 0.361435 27.5263
-0.140955 0.375772 56.5252
-0.139842 0.406189 48.2226
-0.0666536 -0.138132 174.239
0.0522388 0.262875 -87.8444
0.0276616 0.245798 -60.0007
-0.0348303 0.286811 -10.2376
-0.0156455 0.0979014 22.868
0.0138861 0.242761 -45.7863
0.00527131 0.25324 -39.7577
-0.000796594 0.255409 -33.9757
-0.00259703 0.257742 -32.6941
-0.00202658 0.254247 -32.3827
-0.00149747 0.251463 -32.2232
-0.00131086 0.25033 -32.127
0.215697 0.0205592 -173.223
0 0 -1
0.16847 0.0622367 -89.5731
0.16898 0.0626924 -90.3293
-0.002702 0.0665144 3.06777
0.242697 0.126533 -26.0509
0.0444701 0.399743 -94.9493
0.0491522 0.418375 -101.432
0.067132 0.403106 -99.2
0.0695073 0.42732 -106.011
0.0821821 0.490122 -126.106
0.100901 0.356379 -89.185
0.0808075 0.400579 -98.4681
0.00577359 0.497334 -113.191
0.0243317 0.483568 -113.332
-0.00412869 0.468368 -102.217
-0.00180407 0.473802 -104.74
0.174438 -0.104641 1.36047
0.184632 -0.100464 -2.85173
-0.0155081 0.413371 -82.4543
0.025377 0.359618 -81.8751
0.02547 0.380743 -86.5977
0.0230827 0.197805 -34.0517
0.0164403 0.350858 -74.8906
-0.0270659 0.242991 -24.9177
-0.0147522 0.17649 -12.0334
0.00955638 0.209261 -32.7383
0.0272799 0.261975 -57.0702
0.0372768 0.271191 -64.4674
-0.0456053 0.27755 -13.5059
-0.0605877 0.277958 -5.44761
-0.0540611 0.293964 -14.0388
-0.0326823 0.351288 -43.6915
-0.0269942 0.399642 -61.3339
-0.00492075 0.0741891 23.4196
0.082784 0.260653 -96.3835
0.0850289 0.248125 -93.6896
0.0763305 0.228768 -81.948
0.0929675 0.219398 -90.7178
0.105067 0.170157 -84.5313
0.0854389 0.156563 -64.9597
0.00209911 0.297133 -41.4022
-0.0508353 0.351256 -13.747
-0.162209 0.400259 69.445
-0.156784 0.397412 65.6138
0.0992617 -0.0210926 -22.014
-0.0684792 -0.655986 321.228
0.000306237 0.035534 32.1119
0.000304441 0.0355346 32.1135
0.000292677 0.0355337 32.1254
0.0138237 0.0469974 15.2413
0.000271925 0.0355545 32.1403
0.000241237 0.0355731 32.1665
0.000193948 0.0355765 32.2155
0.000151208 0.0355792 32.2608
0.000122619 0.035581 32.2916
0.0001099 0.035582 32.3055
0.0001099 0.035582 32.3055
0.211813 0.0208849 -168.714
0.00535392 0.167568 -11.9644
0.167073 0.0617297 -87.7122
-0.00622399 -0.116193 147.887
-0.0489093 0.00102846 31.7488
-0.0490722 0.00105166 31.7479
0.000379697 0.471763 -113.412
0.0423479 0.475952 -118.412
0.0599954 0.448148 -111.271
0.0359724 0.431958 -103.435
0.0590278 0.435841 -107.459
0.0789106 0.411104 -102.154
0.0842695 0.402188 -100.021
0.0422236 0.432681 -100.96
0.00825191 0.481627 -109.05
-0.00501202 0.474424 -103.789
-0.00487307 0.46985 -102.473
-0.0165236 0.354325 -62.912
-0.0453123 0.376197 -61.2536
-0.0454228 0.387497 -64.9601
-0.0166615 0.388176 -75.4974
-0.146002 0.801162 -144.891
-0.182435 0.165871 67.1888
-0.129697 0.249477 18.5895
-0.108178 0.222611 16.2115
-0.0166075 0.182777 -12.2467
0.00917842 0.215682 -34.6182
0.0383306 0.220424 -50.0341
0.0524915 0.204103 -52.2309
-0.048475 -0.00215807 71.9018
-0.0239899 0.047949 42.3704
-0.00808575 0.0672462 27.1924
0.00666848 0.0907218 10.9581
0.0183891 0.110136 -2.39547
-0.00472708 0.125744 7.71912
0.0166307 0.247989 -46.3714
0.0838367 0.235466 -88.8458
0.0753439 0.244106 -85.3771
0.0661209 0.245405 -78.949
0.0992657 0.179957 -83.888
0.0896521 0.16385 -70.538
0.0656977 0.22796 -71.7365
0.0777117 0.157924 -59.1737
0.0805975 0.135054 -54.6598
0.0962829 0.0548776 -43.1202
0.0982266 -0.020416 -21.2853
-0.153834 -0.0620199 220.143
-0.130053 -0.0768781 202.834
-0.116448 -0.0655655 186.26
-0.0991255 -0.205077 213.004
0 -0.246147 130.744
-0.00470157 -0.262981 141.402
-0.00468197 -0.262986 141.383
-0.00442362 -0.262925 141.09
-0.00402661 -0.262872 140.644
-0.00355016 -0.262826 140.105
-0.00307304 -0.262788 139.559
-0.00267555 -0.26276 139.096
-0.00240979 -0.262741 138.781
-0.00229721 -0.262731 138.645
-0.00229721 -0.262731 138.645
0.00844612 -0.116964 130.01
0.0091985 0.436672 -102.055
0.00774225 0.440317 -103.221
0.00155937 0.445195 -104.529
0.0174846 0.467434 -113.031
0.0306802 0.447287 -107.361
-1.2207 -6.27051 2218.3
0.0691934 0.422077 -104.388
0.0784498 0.40791 -101.051
-0.0536317 -0.259028 276.247
-0.0576495 -0.271495 281.105
-0.0409839 0.409666 74.1692
0.000335399 0.184785 -11.4839
-0.000397626 0.226727 -25.1839
-0.00806781 0.32668 -56.4186
-0.0300858 0.364141 -62.2289
-0.0447346 0.378678 -62.3913
0.00143276 -0.0485059 66.1198
-0.224459 0.138336 92.1215
-0.179456 0.124271 79.4843
-0.14117 0.160975 51.476
-0.107874 0.188611 27.5296
-0.0394928 0.190113 -4.48873
0.0253852 0.186543 -33.3326
0.0421914 0.179232 -38.9796
0.0463506 0.150478 -31.4834
0.0226192 0.0389065 19.106
0.00736279 0.0514675 23.3437
0.0130675 0.0704782 13.635
0.0244533 0.090786 0.007907
0.0331277 0.10946 -11.5978
0.0251996 0.134068 -14.591
0.0256687 0.194182 -34.9006
0.0748493 0.241213 -84.3493
0.101021 0.261228 -109.07
0.0695045 0.265064 -87.7232
0.0623216 0.25287 -78.5448
0.0749436 0.205702 -72.9337
-0.00952241 -0.0827238 57.9304
0.36547 -0.0816501 -250.106
0.0564955 0.148162 -38.4009
2.48216e-13 0.068892 -1.36825
2.20813e-13 0.068892 -1.36825
2.14875e-13 0.068892 -1.36825
1.83695e-13 0.068892 -1.36825
2.24198e-13 0.068892 -1.36825
1.82194e-13 0.068892 -1.36825
0 0.068892 -1.36825
-0.000568771 0.068656 -0.673151
-0.000568771 0.068656 -0.673151
-0.000568771 0.068656 -0.673151
-0.000568771 0.068656 -0.673151
-0.000568771 0.068656 -0.673151
0 -0.124935 96.5588
0.000280572 0.0688271 -1.68693
0.000280572 0.0688271 -1.68693
0.000280572 0.0688271 -1.68693
0.000280572 0.0688271 -1.68693
0.000280572 0.0688271 -1.68693
0.0099743 -0.873887 350.738
0.00957266 -0.875545 351.347
0.00823885 -0.876879 351.883
0.187376 -0.521774 207.22
0.187579 -0.539507 213.475
0.0673477 -1.04991 404.423
0.0675681 -1.05085 404.725
0.0685242 -1.04964 404.14
0.0685242 -1.04964 404.14
-0.0714963 0.426774 42.7376
-0.000911947 -0.535259 229.869
-0.0339338 -0.27124 172.421
0 -0.427148 190.448
0.00408626 0.331348 -61.4883
-0.136245 0.0980342 86.9455
-0.136293 0.0949484 88.0398
-0.215738 0.144242 87.3636
-0.217703 0.11443 98.0295
-0.169044 0.0980587 83.9593
-0.110541 0.145856 43.6595
-0.0844231 0.182097 19.3798
-0.0351806 0.206524 -11.7726
0.00783493 0.184521 -24.1424
0.0169286 0.161393 -20.212
0.00472965 0.125529 -1.10401
-0.00228755 0.0649316 24.0408
0.000234569 0.0533905 26.7461
0.00169817 -0.122773 56.4993
0.00138875 -0.120049 55.7326
0.0644548 0.113863 -33.0972
0.0747566 0.145491 -51.0469
0.0932223 0.199554 -82.5436
0.104486 0.245537 -106.463
0.080934 0.250387 -90.9392
0.0856725 0.238038 -90.232
0.0581828 0.260588 -77.4462
0.0179069 0.29271 -57.8599
0.0336005 0.239609 -51.4119
0.0361001 0.232245 -50.846
0.0325285 0.171109 -25.9329
0.0193399 0.165281 -12.4908
0.0116328 0.153214 -1.38897
0.00738409 0.141842 6.50578
0.00462793 0.131169 12.8685
0.00244165 0.121125 18.5295
0.00035872 0.111681 23.9285
-0.00117513 0.110367 25.9087
-0.0013322 0.109644 26.3184
-0.000984312 0.105207 27.5401
-0.000708769 0.101307 28.6401
-0.000299642 0.0979268 29.4047
0.000139339 0.0951122 29.9259
0.000585523 0.0928737 30.2246
0.000931027 0.0911555 30.4433
0.00117503 0.0898999 30.6079
0.00128068 0.0890312 30.7932
0.00128868 0.0884908 30.9767
0.00127563 0.0882659 31.0728
-8.30317e-13 0.140234 -40.3672
-8.41056e-13 0.140234 -40.3672
-8.47055e-13 0.140234 -40.3672
0.186385 -0.548202 216.596
0.190716 -0.54909 216.538
0 -0.0519973 31.2925
-0.0117188 0.271484 -27.7051
6.56228e-05 -0.0658218 36.319
6.87104e-05 -0.0661575 36.4428
8.49405e-05 -0.0668245 36.6866
0.000115127 -0.0678163 37.0476
0.000149651 -0.0691245 37.5242
0.000172624 -0.070739 38.1165
0.000166917 -0.0726476 38.8256
0.000119255 -0.074837 39.6514
2.73033e-05 -0.0772922 40.591
-0.000194014 -0.0795531 41.5041
-0.000279659 -0.0818104 42.3707
-0.000384759 -0.0851942 43.6649
-0.000440767 -0.0887542 45.0063
-0.0003875 -0.0924531 46.3528
-0.000209417 -0.0963095 47.7001
9.82887e-05 -0.100301 49.0321
0.00050182 -0.104405 50.352
0.000954065 -0.108597 51.6711
0.00137301 -0.112855 53.0233
0.00174136 -0.117156 54.4107
0.00199716 -0.121475 55.8626
0.00119471 -0.12127 56.288
0.0010436 -0.121205 56.358
0.000933661 -0.121155 56.4107
0.000861718 -0.121123 56.4464
0.00083297 -0.121106 56.46
0.00083297 -0.121106 56.46
0.0734252 0.213324 -72.7275
0.0817262 0.252299 -92.6039
0.0241081 0.29947 -64.8561
0.00759651 0.293669 -49.7731
0.0151039 0.263785 -44.8066
0.00800954 0.193065 -12.8132
0.00649643 0.167553 -2.07411
0.00392922 0.152813 5.64931
0.00102136 0.141505 12.4589
-0.00113543 0.13098 18.3436
-0.00232412 0.121141 23.101
-0.00250687 0.113184 26.2108
-0.0018179 0.110721 26.4273
-0.00284752 0.109166 28.0352
-0.0031458 0.105209 29.8016
-0.00282494 0.101332 30.8924
-0.00216878 0.0979221 31.4435
-0.00136395 0.0950818 31.6073
-0.000609961 0.092836 31.5922
4.45267e-05 0.0911113 31.4822
0.000529826 0.0898583 31.3812
0.000853125 0.0889909 31.3193
0.00101017 0.0884417 31.3336
0.00108469 0.0882166 31.3261
