0 1 3
1 3 3
3 4 3
4 5 3
5 6 3
6 7 3
7 8 2
8 9 3
9 10 3
10 11 3
11 12 3
12 14 3
14 16 3
16 17 3
17 18 3
18 22 0
22 80 1
23 80 0
23 24 3
24 25 0
25 202 3
28 202 3
28 29 3
29 30 1
30 31 3
31 33 1
33 35 3
35 36 3
36 37 3
37 38 1
38 97 0
40 97 0
40 41 3
41 42 3
42 43 3
43 453 0
222 453 3
222 229 3
56 229 0
56 57 3
4 63 3
21 22 0
1 60 3
3 60 3
35 92 3
33 92 3
14 72 3
15 16 3
18 76 0
31 90 3
33 90 3
16 72 3
17 76 3
22 76 1
40 98 0
41 98 0
1 59 3
59 60 3
7 66 3
14 71 3
12 71 3
22 78 1
1 58 3
0 58 3
3 61 3
31 88 3
36 94 3
58 59 3
4 61 3
5 63 3
11 69 3
71 72 3
16 74 3
21 80 3
29 87 1
30 88 3
31 89 3
35 94 3
36 95 3
37 95 3
5 64 3
6 64 3
7 64 1
7 9 2
12 70 3
17 74 2
23 81 3
23 82 3
24 82 3
25 82 1
28 86 1
29 86 1
30 87 3
89 90 3
33 91 3
92 94 3
42 100 0
43 100 0
10 69 3
11 70 3
16 73 3
21 78 3
80 81 1
81 82 3
90 91 3
91 92 0
38 95 0
97 98 3
41 99 0
42 99 0
60 61 3
7 67 0
88 89 3
55 229 0
7 65 2
9 67 0
72 73 3
73 74 3
17 75 3
75 76 3
84 202 3
94 95 3
38 96 0
98 99 3
102 453 0
61 63 3
63 64 3
65 66 2
66 67 3
70 71 3
25 84 2
86 202 0
95 96 3
43 102 0
69 70 3
74 75 3
86 87 3
64 65 3
9 69 3
87 88 3
96 97 3
99 100 3
22 135 1
25 141 3
67 69 1
21 137 3
82 141 0
78 137 3
80 137 3
69 127 0
84 141 2
100 102 3
67 127 3
80 138 3
81 138 0
92 150 2
94 151 3
99 158 3
61 119 3
72 130 3
91 150 0
92 151 2
94 152 3
100 158 3
59 117 3
66 124 3
67 125 3
71 130 3
73 130 1
22 136 1
86 145 2
87 145 2
95 152 3
229 405 3
58 117 3
60 118 3
78 136 3
97 155 3
98 155 3
98 156 3
59 118 3
61 118 3
63 121 2
66 182 0
66 125 3
125 127 2
82 140 0
145 261 0
96 155 3
99 156 3
58 116 3
63 119 0
65 124 0
124 182 3
125 182 3
70 127 0
71 129 3
73 131 3
74 131 3
140 141 0
88 145 2
116 117 3
117 118 3
64 121 2
127 128 3
70 129 3
136 137 3
81 140 0
145 202 0
155 156 3
74 191 3
75 191 3
75 134 3
76 134 3
88 146 2
90 149 0
91 149 0
151 152 3
102 161 3
118 119 3
135 136 3
89 146 2
161 453 0
119 121 3
131 191 3
22 134 1
99 157 3
157 158 3
100 159 3
102 159 3
127 129 2
128 129 1
129 130 3
137 138 3
149 150 3
150 151 3
96 152 3
145 146 3
89 206 0
156 157 3
182 183 3
130 131 0
134 191 3
90 206 0
158 159 3
65 121 0
125 183 3
141 201 3
84 201 0
84 145 2
121 124 3
81 197 0
96 270 3
131 190 3
138 197 3
146 206 0
152 270 3
155 270 3
159 161 3
121 178 2
140 197 0
146 204 0
149 206 3
119 178 3
190 191 3
146 261 0
152 210 3
152 211 3
118 177 3
119 177 3
124 181 3
131 189 3
134 135 3
211 270 3
125 184 3
189 190 3
137 196 3
138 196 3
124 179 2
183 184 3
127 184 2
130 188 3
149 208 3
150 208 3
151 210 3
117 175 3
121 179 2
129 188 3
131 188 1
141 257 3
210 211 3
118 175 3
118 176 3
140 198 3
141 198 1
116 174 3
175 176 3
181 182 3
136 196 3
196 197 3
84 261 0
155 214 0
156 214 0
174 175 3
176 177 3
134 192 3
84 260 0
150 209 3
151 209 3
210 328 0
191 192 3
135 192 3
136 194 3
201 260 3
260 261 3
157 214 0
127 185 2
128 185 2
129 244 0
194 196 3
198 257 0
209 210 3
177 178 3
178 179 3
179 181 3
184 185 3
197 198 1
201 257 3
204 206 3
129 185 0
136 192 3
222 455 3
129 245 0
157 216 3
158 216 3
229 455 3
188 245 0
188 189 0
159 216 3
185 244 3
188 247 0
208 209 3
155 213 3
213 214 0
213 270 3
189 247 3
192 194 3
196 253 0
244 245 3
201 258 3
204 263 3
206 263 3
161 218 3
218 453 0
206 208 3
159 218 3
211 328 0
179 238 3
181 238 3
190 248 3
157 215 3
191 248 3
260 262 3
146 262 2
214 215 1
215 216 3
181 239 3
188 246 3
246 247 0
204 262 3
182 239 3
245 246 1
190 247 3
179 237 3
191 249 3
196 252 0
252 253 3
196 254 3
197 254 3
208 266 3
209 266 3
175 233 3
185 243 3
248 249 3
194 251 0
261 262 3
216 217 3
159 217 3
177 236 3
178 236 3
182 240 3
184 243 3
194 252 0
217 218 3
174 233 3
176 234 3
177 235 3
238 239 3
183 240 3
192 251 3
174 232 3
177 234 3
183 241 3
184 242 3
253 254 3
213 272 3
214 272 1
232 233 3
236 237 3
239 240 3
183 242 3
242 243 3
247 248 3
197 256 1
198 256 3
209 384 3
176 233 3
235 236 3
240 241 3
241 242 3
210 269 3
269 328 0
234 235 3
237 238 3
257 258 3
266 384 3
397 453 3
222 397 3
192 249 3
233 234 3
218 276 3
276 453 0
256 257 0
208 324 3
266 324 3
215 272 3
243 244 3
208 263 3
213 389 3
272 389 3
251 252 3
209 269 3
244 302 3
254 256 1
235 294 3
236 294 3
245 302 3
252 310 3
270 328 0
249 251 3
251 308 3
260 317 3
276 397 0
249 308 3
243 302 1
247 305 3
251 310 3
204 320 3
201 317 3
204 319 3
263 320 3
263 380 3
208 380 3
246 305 0
254 312 3
319 320 3
269 384 3
397 455 3
269 327 3
213 328 0
256 313 0
215 217 3
240 298 3
240 299 3
241 299 3
245 303 3
246 303 0
248 306 3
254 313 3
258 315 3
262 319 3
263 321 3
405 455 3
237 294 3
237 295 3
239 298 3
249 306 3
257 315 3
258 317 3
321 380 3
327 328 2
232 290 3
233 291 3
234 291 3
234 292 3
235 292 3
238 295 3
238 296 3
242 300 3
246 304 3
248 305 3
249 307 3
312 313 3
260 376 3
290 291 3
294 295 3
295 296 3
239 296 3
239 297 3
298 299 3
299 300 3
302 303 3
307 308 3
253 312 3
317 376 3
319 376 3
260 319 3
293 294 3
306 307 3
252 312 3
256 315 0
315 317 3
217 276 3
291 292 3
235 293 3
296 297 3
305 306 3
324 383 3
215 447 3
217 447 3
292 293 3
303 304 1
304 305 0
320 321 3
213 329 3
297 298 3
243 300 3
310 312 3
329 389 3
267 384 3
328 329 1
317 375 3
327 384 3
266 267 3
327 329 3
217 274 3
243 359 1
302 359 3
324 380 3
274 447 3
274 276 3
319 435 3
272 447 3
267 324 3
243 358 3
317 374 3
320 378 3
272 390 3
358 359 3
304 363 0
305 363 3
315 374 3
319 378 3
390 447 3
293 352 3
294 352 3
374 375 3
300 358 3
302 360 3
306 363 3
313 315 3
315 431 3
292 351 3
293 351 3
295 353 1
296 354 1
303 360 3
303 361 3
304 361 0
251 366 3
324 381 3
295 354 1
297 354 2
306 365 3
307 365 3
308 366 3
310 366 3
381 383 3
327 385 3
290 348 1
297 355 3
304 362 3
365 366 3
366 367 3
310 367 3
313 431 3
267 383 3
384 385 3
389 390 3
291 348 1
359 360 3
362 363 0
312 371 1
313 371 1
320 379 3
329 385 3
291 351 3
351 352 3
298 356 2
361 362 1
306 364 3
376 435 3
378 435 3
321 379 3
350 351 0
295 352 3
354 355 2
360 361 3
363 364 3
378 379 3
291 350 1
352 353 3
297 356 2
299 356 3
374 432 3
375 376 3
353 354 2
355 356 3
364 365 3
310 369 1
312 369 1
405 463 3
371 431 0
379 380 3
430 431 0
434 435 3
380 381 3
369 371 3
356 415 3
299 415 1
371 430 3
376 434 3
348 350 3
299 416 1
300 416 1
415 416 3
367 369 1
358 416 3
358 417 3
359 417 3
351 409 1
416 417 3
367 425 1
348 407 3
350 409 3
366 424 3
375 433 3
376 433 3
276 569 1
397 569 1
350 407 3
352 410 3
355 413 1
274 390 3
274 569 1
353 410 3
356 413 1
374 431 3
361 419 3
362 420 3
367 427 1
360 418 3
360 419 3
361 420 1
363 421 3
366 425 1
369 427 3
374 433 3
433 434 3
359 418 3
362 421 0
432 433 3
381 439 3
348 406 3
350 408 3
365 423 3
366 423 3
354 412 1
354 413 1
418 419 3
420 421 0
364 421 3
364 422 3
364 423 3
423 424 3
371 429 3
430 488 3
431 488 1
385 560 3
407 408 3
352 409 1
353 412 1
412 413 1
417 418 3
419 420 1
422 423 3
424 425 1
369 428 3
371 428 3
429 430 3
380 439 3
390 505 3
274 505 3
455 463 3
406 407 3
408 409 3
413 415 0
421 422 3
427 428 3
428 429 3
379 435 3
379 439 3
429 488 2
379 496 3
439 496 3
329 560 3
394 455 3
410 411 1
353 411 1
394 397 3
394 463 3
425 482 0
383 439 3
389 560 3
409 410 0
410 468 1
411 412 3
431 489 2
374 489 2
267 326 3
326 384 3
389 502 3
411 468 3
424 482 3
326 383 3
326 385 3
502 560 3
409 468 1
432 489 3
435 496 3
439 498 3
413 472 0
496 498 3
415 472 3
488 489 0
326 439 3
385 559 3
415 473 3
326 498 3
326 559 3
559 560 3
274 392 3
415 474 3
416 474 3
392 505 3
392 569 1
409 467 1
473 474 3
389 505 3
472 473 3
429 487 3
407 465 3
408 465 3
416 475 3
417 476 3
418 476 3
421 479 3
423 482 3
487 488 2
412 470 3
413 471 3
417 475 3
418 477 3
419 477 3
420 479 0
422 479 3
425 483 3
427 485 3
406 464 3
467 468 3
411 469 3
471 472 0
474 475 3
420 477 0
422 480 3
423 480 3
368 482 3
368 425 1
367 483 1
464 465 3
468 469 3
411 470 3
412 471 1
476 477 3
502 505 3
408 466 1
409 466 1
420 478 3
479 480 3
368 483 1
469 470 3
475 476 3
477 478 1
367 485 1
496 553 2
466 467 2
465 466 2
428 487 3
367 368 3
428 485 3
397 742 3
480 482 3
368 485 1
432 490 3
394 742 3
433 490 3
463 521 1
480 481 3
481 482 3
434 551 2
489 490 3
494 496 3
560 561 2
502 562 1
505 562 1
485 487 3
490 549 3
435 551 2
502 561 1
434 490 3
494 553 2
478 479 0
549 550 3
434 550 1
550 551 3
434 549 1
498 554 3
472 592 0
367 541 1
496 554 3
483 541 3
368 541 1
498 555 3
468 526 0
553 554 3
554 555 3
469 526 0
471 592 0
435 494 3
505 621 1
470 528 2
412 528 1
473 532 3
474 532 3
490 548 3
395 505 3
392 395 3
464 523 1
465 523 1
471 528 0
475 532 3
477 534 3
368 487 1
489 548 3
562 621 0
467 526 0
469 527 2
470 527 2
476 534 3
480 538 2
488 546 3
494 551 2
494 552 2
395 621 1
466 524 1
467 525 3
479 537 0
481 538 2
481 539 0
552 553 3
523 524 3
467 524 1
473 592 0
538 539 0
487 545 2
498 556 3
326 556 3
561 562 3
397 686 1
525 526 0
532 592 0
482 539 0
368 545 1
548 549 3
569 686 3
686 742 0
464 522 1
524 525 0
526 527 1
588 592 3
479 538 2
488 545 2
551 552 3
555 556 3
522 523 3
471 588 0
475 592 0
478 534 2
537 538 1
545 546 2
368 539 3
559 561 1
475 534 3
527 528 3
478 537 0
326 499 3
539 597 2
539 656 2
499 556 3
392 627 1
534 592 0
537 594 3
597 656 3
368 656 0
546 548 0
395 683 1
478 594 0
392 686 1
534 593 0
528 587 0
471 587 0
592 593 3
534 594 0
561 618 0
687 742 0
394 687 1
589 592 3
559 618 3
630 687 3
394 630 1
588 589 3
538 597 2
555 613 1
527 586 0
528 586 0
587 588 3
593 594 3
551 609 3
552 609 3
554 613 1
594 595 3
537 595 3
545 603 0
551 608 3
463 635 1
591 592 3
368 603 1
550 608 3
552 611 3
553 611 1
556 613 1
326 617 1
634 635 1
523 582 0
524 582 0
525 582 0
590 592 3
548 605 3
553 612 1
554 612 1
559 617 3
561 677 0
562 677 0
589 590 3
546 603 2
608 609 3
621 677 0
463 634 3
522 580 0
523 581 0
525 583 0
526 584 0
526 585 0
527 585 0
538 596 1
546 604 0
549 607 3
549 608 3
612 613 3
580 581 1
581 582 3
582 583 3
583 584 3
584 585 3
548 606 3
548 607 3
607 608 3
394 635 1
538 595 1
603 604 0
605 606 3
617 618 3
463 636 1
585 586 3
586 587 3
596 597 3
368 657 2
546 605 2
611 612 3
656 657 3
595 596 3
609 668 3
552 668 3
590 591 3
604 605 3
368 658 1
618 675 3
561 675 0
657 658 3
606 607 3
675 677 3
395 627 1
634 636 1
395 686 1
394 634 3
589 647 3
611 668 3
617 675 3
588 647 3
368 661 1
603 661 2
326 740 3
587 646 3
588 646 3
590 647 3
368 659 1
732 740 0
617 740 3
630 688 3
646 647 3
593 650 2
658 659 3
659 661 3
688 742 0
592 650 2
605 663 3
605 664 3
606 664 3
395 685 1
687 688 3
604 663 3
395 677 3
394 688 1
594 652 3
663 664 3
607 666 3
608 666 3
590 648 2
591 648 2
595 652 3
595 653 3
596 654 3
597 654 3
597 655 3
634 742 3
581 639 2
582 639 3
652 653 3
596 653 3
654 655 3
604 661 3
609 667 3
667 668 3
647 648 1
648 649 3
591 649 2
611 670 3
582 640 3
583 640 3
583 641 3
584 641 3
587 645 2
611 669 3
612 670 3
613 670 3
634 694 1
580 639 1
585 643 3
586 643 3
592 649 2
653 654 3
655 656 3
606 665 3
607 665 3
608 667 3
395 798 1
685 686 3
639 640 3
640 641 3
587 643 1
645 646 0
664 665 3
666 667 3
668 669 3
669 670 3
613 671 3
677 798 1
584 643 3
650 652 3
593 652 3
665 666 3
670 671 3
556 671 1
675 740 3
584 642 3
499 671 1
641 642 3
642 643 3
643 644 3
587 644 1
395 684 1
580 638 1
644 645 3
649 650 3
684 685 3
638 639 3
659 717 3
659 660 3
658 717 3
660 661 3
660 717 3
650 708 2
646 704 1
686 744 3
639 698 3
640 698 2
647 704 1
661 719 3
604 721 3
663 721 3
685 744 3
742 744 1
649 708 2
653 711 3
641 698 1
657 716 3
658 716 3
685 742 0
638 696 3
639 696 3
639 697 3
650 709 2
652 709 3
652 710 3
653 710 3
653 713 3
654 713 3
656 714 3
657 714 3
395 742 3
697 698 3
711 713 3
655 714 3
664 722 3
643 701 3
644 701 3
645 704 3
649 707 2
707 708 3
710 711 3
655 713 3
660 719 3
663 722 3
667 726 3
668 726 3
670 727 3
666 723 3
669 727 3
642 700 3
643 700 3
645 703 3
716 717 3
661 721 3
665 723 3
667 725 3
670 728 3
671 728 1
642 699 3
648 706 3
708 709 3
709 710 3
713 714 3
666 724 3
666 725 3
668 727 3
641 699 2
700 701 3
644 703 3
703 704 3
647 705 1
647 706 1
719 721 3
721 722 3
665 722 3
723 724 3
724 725 3
696 697 3
704 705 3
649 706 2
706 707 3
714 716 3
725 726 3
698 699 0
644 702 3
705 706 3
722 723 3
726 727 3
699 700 3
701 702 3
702 703 3
671 729 1
499 729 1
727 728 3
728 729 3
395 799 1
714 773 3
716 773 3
677 740 3
713 770 3
798 799 3
711 770 3
719 778 3
703 761 1
704 761 3
721 778 3
721 779 0
740 798 1
742 921 1
697 755 3
707 765 3
709 768 2
634 921 1
708 765 3
711 769 3
719 777 3
696 754 3
697 754 3
705 761 3
710 768 2
716 775 3
660 777 3
778 779 0
742 799 1
698 755 3
698 756 2
699 756 1
700 759 3
701 759 3
706 764 3
706 765 3
714 772 3
716 774 3
717 775 3
722 779 3
700 758 3
702 759 3
702 760 2
705 764 3
769 770 3
713 771 3
772 773 3
773 774 3
774 775 3
660 775 3
722 780 3
723 781 3
724 782 3
725 783 3
726 784 3
727 785 3
728 786 3
699 758 3
759 760 3
703 760 2
711 768 2
713 772 3
775 777 3
779 780 3
780 781 3
781 782 3
782 783 3
783 784 3
784 785 0
785 786 3
755 756 0
699 757 3
709 825 3
770 771 3
771 772 3
708 824 3
708 825 3
768 825 1
768 769 1
729 786 3
754 755 3
758 759 3
760 761 1
765 824 3
729 788 3
499 788 1
326 788 1
757 758 3
824 825 3
777 778 3
786 788 3
756 757 3
705 820 3
764 765 3
775 834 3
764 820 3
764 821 3
777 834 3
798 857 3
761 820 3
820 821 3
799 857 3
788 845 3
760 819 1
768 827 1
769 827 2
786 845 3
773 831 3
760 818 1
772 831 3
921 980 3
764 823 3
765 823 3
779 837 3
634 980 1
758 816 1
759 816 1
759 818 1
761 819 3
778 837 0
755 813 3
768 826 1
777 835 3
778 835 3
779 838 2
780 838 3
786 844 3
326 906 1
798 1032 1
757 815 1
818 819 3
764 822 3
823 824 3
771 829 3
774 831 3
326 847 1
740 906 1
857 1032 1
756 815 1
758 815 1
821 822 3
822 823 3
825 826 3
772 829 3
754 812 0
759 817 1
770 828 2
771 828 3
772 830 3
774 832 0
775 832 0
775 833 2
837 838 2
780 839 3
781 839 3
782 840 3
783 841 3
784 842 0
785 843 3
812 813 1
756 814 1
817 818 3
826 827 3
839 840 3
840 841 3
841 842 3
784 843 0
786 843 3
844 845 3
740 1032 1
742 857 1
755 814 3
814 815 3
815 816 3
816 817 3
829 830 3
830 831 3
832 833 3
833 834 2
842 843 3
788 847 3
828 829 3
838 839 2
845 847 3
819 820 3
831 832 0
835 837 0
813 814 3
769 828 2
834 835 3
843 844 3
827 828 3
634 1043 3
634 924 1
924 980 3
634 926 3
742 980 1
845 904 3
847 904 3
847 906 3
837 895 1
838 895 1
819 877 1
827 885 1
828 885 1
820 877 1
831 889 3
832 889 1
835 894 1
823 882 2
824 882 2
832 891 3
833 891 3
834 893 1
835 893 1
837 894 1
841 899 3
817 876 3
822 881 3
823 881 3
838 896 1
839 896 1
839 897 1
840 899 3
844 903 3
845 903 3
742 1032 1
634 983 3
814 872 3
815 874 3
816 874 3
817 875 3
818 876 3
821 879 3
822 879 3
840 897 1
847 905 3
924 983 0
926 983 3
812 870 1
813 871 1
875 876 3
820 879 3
822 880 3
881 882 3
829 887 1
834 892 3
841 900 3
842 900 3
843 901 3
904 905 3
870 871 3
871 872 3
815 872 3
816 875 3
876 877 1
879 880 3
880 881 3
825 884 3
826 884 3
827 884 1
828 887 1
830 887 1
830 889 3
891 892 2
892 893 1
894 895 3
900 901 3
844 901 3
844 902 3
903 904 3
824 884 3
895 896 3
901 902 3
902 903 3
906 965 3
740 965 1
874 875 3
828 886 1
887 889 3
893 894 3
885 886 1
886 887 0
896 897 3
897 899 3
872 874 3
882 884 3
884 885 3
899 900 3
889 891 0
877 936 3
820 936 1
905 906 3
879 936 1
889 948 3
891 948 1
634 927 1
887 945 3
889 947 3
886 945 0
887 946 3
897 956 1
899 956 1
889 946 3
872 931 1
874 931 1
946 947 3
740 968 1
874 932 2
875 932 2
884 942 1
885 942 1
899 957 1
900 957 1
884 941 0
891 949 1
892 949 3
897 955 3
903 961 3
905 963 3
742 976 1
877 935 3
882 941 0
945 946 3
896 955 3
904 963 3
906 964 3
881 939 0
885 943 1
886 943 3
894 952 3
904 961 3
905 964 3
742 979 1
980 1038 0
924 1038 0
870 928 3
871 929 3
872 930 1
931 932 0
875 933 2
876 934 1
879 937 1
880 938 0
882 939 3
892 950 3
893 951 3
893 952 3
895 952 3
895 953 3
896 954 3
900 958 3
901 959 3
902 960 3
904 962 3
928 929 3
929 930 1
930 931 3
932 933 3
933 934 1
877 934 3
935 936 3
936 937 0
937 938 0
938 939 3
947 948 3
948 949 3
950 951 3
952 953 3
953 954 3
955 956 1
956 957 3
957 958 0
958 959 3
959 960 3
960 961 3
961 962 3
964 965 3
941 942 1
949 950 3
951 952 3
954 955 3
962 963 3
963 964 3
742 1038 3
934 935 3
942 943 3
983 1038 3
742 1037 3
976 1037 0
979 1037 0
979 1038 0
886 1001 3
945 1001 2
945 1003 3
943 1001 3
740 1023 1
1037 1038 3
926 1043 3
882 998 3
1001 1003 3
965 1023 3
939 998 3
941 998 1
983 1042 3
926 1042 3
964 1022 3
1001 1002 3
963 1022 3
1038 1039 1
938 996 3
1002 1003 3
961 1020 3
962 1020 3
983 1039 1
1042 1043 3
939 996 3
939 997 3
942 1000 0
960 1019 3
961 1019 3
963 1020 3
943 1000 0
946 1003 3
742 1035 1
928 986 3
929 987 3
930 988 0
931 989 0
932 990 3
933 991 3
934 992 0
935 993 0
936 994 0
937 995 0
996 997 3
997 998 3
941 999 1
946 1004 3
947 1005 3
948 1006 3
949 1007 3
950 1008 3
951 1009 3
952 1010 3
953 1011 3
954 1012 3
955 1013 3
956 1014 0
957 1015 0
958 1016 3
959 1017 3
960 1018 3
1019 1020 3
1020 1021 3
963 1021 3
965 1022 3
986 987 3
987 988 3
988 989 3
989 990 3
990 991 3
991 992 3
992 993 3
993 994 3
994 995 3
995 996 3
998 999 0
999 1000 3
1003 1004 3
1004 1005 3
1005 1006 3
1006 1007 3
1007 1008 3
1008 1009 3
1009 1010 3
1010 1011 3
1011 1012 3
1012 1013 3
1013 1014 3
1014 1015 3
1015 1016 3
1016 1017 3
1017 1018 3
1018 1019 3
742 1034 1
1039 1042 0
1022 1023 3
742 1033 1
1033 1034 3
1034 1035 3
1021 1022 3
