0.392584 0.148865 14.0046
0.00175181 -0.101663 27.6588
-0.0576471 -0.0966092 30.0148
-0.0479592 -0.0695851 28.6941
-0.0849206 0.0576534 30.2134
-0.112097 0.03054 32.9337
-0.0969351 -0.0430315 32.5979
-0.0805368 -0.00923304 40.7222
-0.0674991 -0.0107872 38.4602
-0.0776003 -0.0131735 40.8568
-0.084392 -0.0157326 41.9441
-0.0814409 -0.0118634 41.2854
-0.0610272 -0.0217499 36.3735
0.0627496 -0.0186363 6.65501
0.0491117 -0.00462464 10.2243
0.0816168 0.0553654 -1.52733
0.0929082 0.0453732 -5.23613
0.0912555 0.0444871 -4.49655
0.0645064 0.0466356 5.66457
0.339581 -0.171951 -116.661
-0.15729 -0.207977 98.821
-0.152381 -0.149257 95.9531
0.0969077 -0.133763 -16.8719
-0.346615 -0.249794 204.319
0.0238115 -0.142325 13.5394
0.0244642 -0.035946 11.812
0.0647177 0.102338 -12.3752
0.0415536 0.240337 0.0178564
0.0214364 0.36894 10.6681
-0.0186636 0.460109 35.1374
-0.0193756 -0.0659846 37.2158
-0.04339 0.489521 50.8681
-0.0371218 -0.107346 57.3315
0.00614823 -0.0983805 25.2862
0.0378196 -0.101056 2.45555
0.0683183 -0.0683099 -20.9343
0.0463559 -0.0897172 -3.98243
0.0293442 -0.108124 9.66044
0.00741334 -0.0713462 27.1818
-0.0161398 -0.0290499 46.4763
-0.00120882 -0.0562213 34.1928
-0.0027007 -0.0384003 35.2782
-0.00190138 -0.0217766 34.3141
-0.000174787 -0.01215 32.5258
-0.00564687 -0.00438443 37.7993
-0.000174787 -0.01215 32.5258
0.0126459 0.0253936 19.6856
-0.00137744 -0.00897013 33.7598
-0.000687938 -0.0127411 33.0934
0.0084552 -0.0201533 23.104
0.00849878 -0.0194591 23.047
0.00841089 -0.0189797 23.1373
0.00799664 -0.0176437 23.5876
0.00621743 -0.0179907 25.5575
0.00481452 -0.0175153 27.1879
0.000585751 -0.0135063 32.164
0.000585755 -0.0135063 32.164
0.000585774 -0.0135062 32.1639
-0.0183712 -0.062078 26.8719
-0.0301571 -0.102915 28.5712
-0.0420261 -0.105894 29.1569
-0.0199377 -0.118018 28.3529
-0.032336 -0.116665 28.6023
-0.084107 0.0151247 29.9524
-0.110502 0.00222621 33.5791
-0.0969116 -0.0350095 32.5504
-0.051269 -0.0398106 25.3604
-0.049504 -0.0283099 24.914
-0.073832 -0.0042085 39.9606
-0.0845731 -0.0217438 42.8596
-0.0697183 0.103816 35.0421
0.071742 -0.00566374 3.43446
-0.0779919 0.0176204 37.5257
-0.0782848 0.0188718 37.7322
-0.0571503 0.0317533 29.3342
-0.0163226 0.0146971 15.1837
-0.00790322 -0.0154486 13.3058
0.0129666 0.122219 -0.425152
-0.0151477 -0.0465994 17.6661
-0.0259952 -0.0620088 23.4006
0.139034 0.146482 -43.3445
-0.150038 0.0753719 97.8873
0.0480459 0.0439323 4.69684
0.0481025 0.0532321 4.37015
0.171771 -0.177655 -78.4646
0.156216 -0.20124 -68.5287
0.150868 -0.187176 -66.053
0.155795 -0.146613 -70.5362
-0.108056 0.094786 99.0041
-0.00689256 -0.216359 39.8682
0.0177435 -0.0854958 18.5459
-0.0132287 -0.0977867 39.5024
0.0360998 -0.109805 3.47904
-0.516276 -0.152865 419.515
0.0475667 -0.106635 -4.93348
0.0670476 -0.134699 -37.0791
0.0472388 -0.134867 -20.0083
-0.00155081 -0.0606119 34.6211
-0.00738877 -0.0531333 17.7413
-0.0125496 -0.0308551 20.9955
-0.00788785 -0.0248168 16.5241
0.0590691 -0.132006 -20.7794
0.0044341 -0.028072 28.3886
0.00370569 -0.00699844 5.09298
-0.00267856 -0.0137399 11.7224
-0.00984717 -0.0101647 18.8327
-0.0102678 -0.00768715 19.1741
0.0797504 -0.0586588 -50.8509
-0.00419997 -0.0231442 37.0476
0.00206088 -0.0270123 30.2644
0.00864518 -0.018523 22.8684
0.00811766 -0.0191169 23.3852
0.0949783 -0.0711849 -75.2807
0.0896445 -0.0721028 -69.0276
0.000585794 -0.0135063 32.1639
0.000585816 -0.0135062 32.1639
-0.0510061 -0.0329356 25.7836
-0.0530815 -0.0634781 27.3895
-0.0689358 -0.0702562 28.9711
-0.0898334 -0.0784877 30.7257
-0.12734 -0.021621 29.2126
-0.100833 0.0352364 23.584
-0.0556207 -0.22644 36.0953
-0.0688194 -0.0790292 29.525
-0.0320262 -0.0285826 20.2135
-0.0344433 -0.0321601 21.1689
-0.0280197 -0.00029976 18.6499
-0.061856 0.00603252 26.2667
0.197684 -0.0304182 -32.4503
0.115046 0.0283476 -11.9838
-0.0740078 0.00253393 37.0198
-0.0797791 0.00309213 38.4223
-0.0560632 0.0255172 29.1316
-0.014239 0.0228581 14.5181
-0.0246806 0.00836847 19.3391
-0.0327648 -0.0393699 24.5584
-0.0193291 -0.307472 33.1999
-0.015619 -0.0678735 18.4963
-0.0231003 -0.0642223 21.8663
-0.0760905 -0.263558 82.4154
0.0294933 0.417423 -16.5417
0.0282219 -0.043497 -7.032
0.199805 -0.149213 -95.8862
0.170686 -0.188911 -77.1529
0.325767 -0.0258887 -170.902
0.0753324 -0.160229 -18.6033
0.0206276 -0.251968 21.8523
-0.0158572 -0.304051 48.3338
-0.0378313 -0.12628 58.438
-0.0126469 -0.113235 39.9194
-0.000526423 -0.110263 30.8408
-0.0162886 0.218322 8.02442
0.0244895 -0.0963056 -5.43893
0.364835 -0.0635923 -280.494
0.0657117 -0.155418 -34.9103
0.0188922 -0.408551 20.797
0 -0.0198465 9.38671
-0.00625444 -0.0279286 15.2318
0 -0.0190392 9.53678
0 -0.0190392 9.53678
0.0119882 0.0538133 -6.1504
0.00432117 -0.00230013 4.24485
-0.007497 -0.0295195 17.1966
-0.00298141 -0.0154322 11.9671
-0.00449945 -0.00916778 13.2014
0.0923248 -0.0478886 -64.7953
-0.00524197 -0.0244166 38.2445
-0.0039034 -0.0263392 36.8692
-0.205524 -0.511294 277.869
0.0378995 -0.0484993 -9.87374
0.0230493 -0.0270445 6.31556
0.0734949 -0.0329115 -74.0088
-0.149797 -0.073409 197.952
0.0836921 -0.0362304 -86.0209
-0.0731445 0.0187526 22.515
-0.0734423 0.0479599 20.3728
-0.0500189 -0.0113951 23.5826
-0.106832 -0.00822178 27.2672
-0.0805796 0.0656222 18.5465
-0.0637505 0.0704606 16.9808
-0.0459586 0.0504234 16.8721
-0.0511402 -0.00249622 21.4983
-0.0331676 -0.0312021 21.1648
-0.00340955 -0.028595 14.5061
-0.00887199 -0.0157052 14.7952
-0.0375214 0.0315492 18.4352
-0.0531779 -0.000115644 24.5048
0.0822782 0.0201303 -1.64064
-0.0510238 0.00545611 29.5887
-0.0703775 0.0125539 34.7768
-0.0453884 0.0166237 26.267
-0.0307162 0.020169 20.3798
0.0181975 0.0201707 0.0730762
0.155127 -0.0327899 -51.5639
-0.0172219 -0.0426694 16.8145
-0.00266369 0.0205087 4.01004
0.195402 -0.097278 -76.0652
-0.191219 0.0412055 121.981
0.129338 0.0444648 -44.2247
0.0437419 -0.0659388 -14.0169
0.0769943 -0.123633 -27.8154
0.0539189 -0.0830017 -18.4273
0.0468206 -0.150649 -7.52024
-0.0118342 -0.48726 48.3264
0.0275029 -0.173325 6.99647
-0.00622645 -0.227135 34.8173
-0.0483199 -0.150359 57.3826
-0.0524841 -0.09419 54.4712
-0.0181706 -0.0488834 24.0857
-0.0271507 -0.0547969 30.8001
0.0126147 -0.0874579 3.38161
0.0298446 -0.113612 -8.30064
0.00107483 -0.0983841 14.0363
0.00884293 -0.05605 3.61751
0 0.0176529 7.13804
0.00295647 -0.0397471 7.7794
0.105285 0.0310905 -91.3492
-0.0107733 -0.0295657 19.6548
-0.00729946 -0.0248674 15.7676
0.730066 -0.562644 -650.253
0.0507812 0.046875 -33.5938
0.178031 0.00218405 -158.738
0.105469 -0.0507812 -90.2461
0.160796 -0.0373773 -143.464
0 0.226261 -6.35729
-0.0122676 0.122095 14.4839
0.139724 0.0722258 -147.82
0.141865 0.0684249 -150.084
-0.0133401 -0.0367549 30.7886
0.22183 -0.0168236 -254.258
0.0343336 -0.0750055 -23.9582
0.0454162 -0.0308591 -41.1207
-0.0661495 0.0409197 20.8285
-0.0671356 0.0398497 21.0683
-0.0946936 0.0457379 22.0725
-0.0870022 0.0577693 20.5993
-0.0458191 0.048304 17.8388
-0.0449631 0.0612653 16.0808
-0.0831276 0.00663037 26.27
-0.072466 -0.00624951 26.6655
-0.0472269 0.00284748 20.9847
-0.0149793 -0.00364187 14.9391
0.0344883 0.0156267 2.54164
0.0949828 0.123579 -20.5829
0.0319116 0.0854518 0.245329
0.0749787 0.0057252 1.3794
-0.0749771 0.0175183 36.1321
-0.0580335 0.00490259 31.4468
-0.0444627 0.00982873 26.6606
-0.0573482 0.00906894 31.2609
-0.00594971 -0.0187775 13.5767
0.07244 -0.0785297 -13.0496
-0.038338 -0.00554539 22.4585
-0.00107199 -0.0251052 8.00542
-0.0200942 -0.0435887 18.7031
-0.0258265 0.0148215 15.632
0.0376868 0.161983 -19.6973
0.0156402 -0.046513 -0.218731
0.0381808 -0.0880505 -8.20709
0.038069 -0.0838589 -8.7739
0.0593187 -0.159052 -14.0026
0.0177835 -0.155538 11.7211
0.0201376 -0.143694 8.86095
0.000208579 -0.138273 22.1083
-0.0244646 -0.118225 37.1502
-0.0644135 -0.137664 67.4593
-0.0206213 -0.076546 27.9885
-0.0288556 -0.0540033 32.0425
-0.0153126 -0.0804941 24.6991
0.010035 -0.0701487 3.72847
0.0146411 -0.0663082 -0.359924
0.0112215 -0.0353672 -0.960712
-0.012181 -0.134486 29.6897
-0.00963348 -0.0258639 18.2359
0.0106718 -0.0439119 1.10864
0.0120156 -0.0245974 -2.40759
-0.000555541 -0.0178903 8.65037
0.35955 0.20958 -350.709
0.00805859 -0.0186757 -0.446268
0.184767 -0.00321269 -165.187
0.0459293 0.00844335 -40.5961
0.154373 -0.017157 -138.376
-0.00881927 -0.0201047 17.608
0.00156506 -0.0162671 6.21754
-0.0131128 -0.035009 26.1782
0.0920624 -0.225896 -67.3999
0.0122202 -0.630396 53.2498
0.251977 -0.0600843 -286.838
-0.0605027 -0.034626 87.786
0 -0.0901872 19.9661
-0.0509233 0.0276684 22.0803
-0.0483544 0.00598415 24.6559
-0.103987 0.0333976 23.6674
-0.0691862 0.0258233 21.7891
-0.0530999 0.00847188 22.1831
-0.067922 0.0441619 20.2323
-0.0829481 0.0244546 23.8055
-0.0571248 0.00152052 22.4235
-0.0713467 0.0059841 25.2883
-0.0409008 0.00868492 19.1573
-0.00873225 0.00795896 12.4266
-0.00825195 0.0559771 13.7641
-0.00151658 0.0186805 16.4107
0.188642 -0.00559258 -31.3993
-0.0703318 0.0155189 34.7273
-0.0697835 0.0212115 34.1494
-0.0671635 0.00309032 35.4892
-0.0603636 -0.00122668 33.8938
-0.0795749 -0.00134144 41.1745
-0.0961872 -0.0226503 50.2452
-0.00681668 0.0168032 5.44662
0.000376887 -0.00317082 4.9311
-0.034167 -0.0220927 24.0002
-0.0309752 -0.009391 20.7647
0.146458 -0.0679672 -50.5991
0.0015862 -0.0403198 7.10061
0.0140734 -0.0739856 4.46813
0.0183287 -0.0794809 2.52869
0.0269081 -0.104138 0.308384
0 0.0605331 -3.93707
0.0208404 -0.106884 4.84732
-0.032769 -0.129613 43.3577
-0.036648 -0.137374 47.4061
-0.0290234 -0.0384092 31.8147
-0.0153787 -0.0749042 23.6205
0.343569 -0.0268608 -258.037
-0.021268 -0.0726493 28.7085
0.0152812 -0.0735856 -0.177236
0.000221238 -0.0692389 11.4251
-0.128393 -0.218681 150.479
-0.101606 -0.208466 126.083
0.0193085 -0.0192549 -10.0065
-0.0205315 -0.00864344 23.8399
0.0169072 0.275768 -45.1782
-0.0224615 0.00493506 25.1159
-0.0454184 0.273787 14.8109
-0.00120153 -0.0219652 9.43487
0.0201331 -0.026519 -12.5425
0.0833628 0.0855074 -87.9227
0 0.439447 -48.6719
0.00961087 0.403939 -55.1013
-0.0371283 -0.0890766 59.5961
0.00456197 -0.00943743 2.63847
-0.00201695 0.00632125 3.89018
-0.0147516 0.00948624 17.6387
-0.0208739 -0.00853787 31.1273
0.543196 0.353016 -688.759
0 0.0335979 -1.30795
-0.0592638 0.426701 -29.5877
-0.0497834 0.437877 -31.5056
-0.0937434 0.472528 -34.6546
-0.100694 0.018579 25.1237
0.426864 0.00122933 -18.0301
-0.0695937 0.101956 18.5507
-0.0454088 0.0905624 10.6106
0.0118073 0.163976 -8.13024
0.0469995 0.280509 -31.5413
0.00277413 0.111858 2.59988
-0.00497737 0.0628386 11.8678
-0.0292522 0.0277834 22.7645
-0.0371006 0.0196012 25.8903
0.374462 0.0167444 -89.3087
-0.100303 0.00450083 46.124
-0.0713892 0.0164737 35.0689
-0.0697309 0.0041163 36.1134
-0.0671928 -0.00874819 37.2343
-0.0776467 0.00990678 38.6278
-0.0886419 -0.00643556 44.8924
-0.162278 -0.00924229 119.174
-0.178306 -0.00588162 126.043
-0.189792 0.0395686 124.444
-0.196142 0.0692058 122.77
0.124872 -0.0624249 -25.3332
0.0169419 -0.0446326 -0.389914
0.00693981 -0.0536964 5.76437
0.0154843 -0.0711417 3.12183
0.00889037 -0.0703115 6.88075
0.00256515 -0.0795437 12.0491
0.00504352 -0.0942194 12.9781
-0.00298289 -0.110226 20.5937
-0.018062 -0.085021 27.6134
0.127634 0.144262 -108.486
-0.182396 0.0721289 130.016
-0.00333718 -0.0425704 10.3411
0.00187799 -0.055734 8.47133
0.00526883 -0.0292686 1.69928
0.00736804 -0.0140268 -2.37699
0.0318255 -0.00684366 -23.1762
0.0234884 -0.0141621 -15.5764
0.0993305 -0.00807506 -81.5265
-0.0126549 -0.00592344 16.4028
0.188722 0.822629 -285.88
0.214296 0.118794 -215.279
0.00546875 -0.259375 38.2609
0.00744289 -0.00813213 0.125552
0.0062113 -0.0961099 14.789
0.0114273 0.00596161 -5.8505
-0.0141226 -0.150091 44.3359
0.23036 -0.481299 -173.545
-0.274745 -0.489282 381.838
0.139546 -0.0309701 -151.215
-4.11678 0.228711 4764.9
0.200482 -0.282965 -188.292
0.212857 -0.0290822 -245.332
-0.0132637 0.00298596 21.7281
0 -0.0668713 19.6855
-0.0763517 -0.013382 37.3054
-0.0838772 -0.0255037 39.4632
-0.0737389 0.0563823 25.826
-0.115043 0.0184833 26.36
-0.0846632 -0.000280233 45.1771
-0.116845 0.0126938 64.0409
-0.120739 0.0133891 64.4994
0.0399761 0.120017 -4.96145
0.000595374 0.143916 -1.66121
-0.0495678 0.128258 10.6807
-0.042542 0.0926387 15.4026
-0.0458652 0.0151757 28.7954
-0.032804 0.00219988 27.5204
0.309526 -0.00202683 -67.8517
-0.0764948 -0.0142774 41.373
-0.0755492 -0.0091764 40.3021
-0.0695699 -0.00439583 37.3393
-0.0504603 0.00522355 28.5373
-0.0672079 0.0167465 32.7817
-0.064298 0.0316416 29.2246
-0.183596 0.00509563 126.331
-0.190209 0.0232483 126.638
-0.153224 0.0516884 104.544
-0.182516 0.0473182 120.201
-0.603037 0.0176238 343.79
-0.00321154 -0.0333149 8.76324
0.00801839 -0.000705743 -3.00367
-0.00239155 -0.0072401 3.93793
-0.00372068 -0.0420216 10.3173
-0.0654864 -0.0398788 49.2731
0.00967506 -0.0927821 9.57412
0.00668501 -0.0556723 5.47422
0.00154868 -0.0551158 8.60688
-0.0124597 -0.048206 17.8179
0.0536447 0.0844711 -52.1261
0.0130408 -0.0265162 -4.49723
-0.0981021 0.00729849 77.757
0.00950546 -0.0359076 -0.541803
0.128003 -0.210887 -70.7274
0.0409117 0.040461 -40.1891
0.0289391 -0.0153133 -20.3109
0.024403 -0.0141202 -16.5424
0.0316587 -0.0140231 -21.8642
0.0104514 -0.00747139 -3.20961
-0.00326145 -0.00410486 9.02196
-0.215575 -0.107986 231.813
-0.0369289 0.363606 -17.8673
-0.00341686 -0.0165193 11.6429
0.138981 0.0827063 -151.277
0.00506545 0.0411404 -8.78985
-0.000802003 0.0329128 -1.02834
-0.013349 -0.0110172 22.5222
0.0188052 -0.353697 37.6859
0.0102671 0.197595 -19.4646
-0.135523 0.114453 151.43
-0.013349 -0.0110172 22.5222
0.676777 0.145647 -831.854
-0.0307038 0.487235 -28.2258
-0.028088 -0.0121309 43.4516
-0.0294399 -0.00813206 42.7612
-0.03839 0.0178497 38.2933
-0.0526083 0.0284381 37.0556
-0.0883063 0.0109091 43.4894
-0.132232 0.0312184 44.5639
-0.123253 0.0434734 40.8594
-0.114806 0.0341244 41.5132
-0.103294 0.0929003 28.0782
-0.096642 0.087143 28.3706
-0.090495 0.0490093 34.0264
-0.0796365 0.0383181 33.1507
-0.0510061 -0.00951591 34.2083
0.207485 0.017853 -40.6767
-0.0720084 0.0288808 31.8916
-0.070202 0.00533351 35.5673
-0.0523287 0.0300417 24.7451
-0.043729 0.0638463 15.4473
-0.0491441 0.0353724 22.4941
-0.0467118 0.08541 12.4531
-0.172015 0.0461805 114.743
-0.176961 0.030355 120.199
-0.182642 0.0297281 123.468
-0.237089 -0.00498328 157.327
-0.650567 -0.0511634 380.932
-0.157867 0.156621 66.6232
-0.150868 0.258088 43.5292
0.0218227 0.0764886 -17.0256
0.00630245 0.00815054 -3.24102
-0.0225822 0.228118 -25.0653
-0.0214179 0.21732 -24.2245
-0.0118501 0.0592941 -1.15544
-0.0103834 0.125415 -14.3688
-0.00127711 0.0500812 -6.65651
-0.00633354 0.045528 -2.28581
-0.00130646 0.00303663 1.56306
0.00560471 -0.016365 -0.423942
0.0319936 -0.0122639 -22.801
0.0195445 0.00337926 -14.6408
-0.0025337 0.0468791 -5.11023
-0.00882753 0.0723574 -4.33277
0.0120411 0.010097 -7.75965
0.0293095 0.00431986 -24.1468
0.047744 0.28182 -94.0776
0.0013571 0.0232176 -1.3146
0.0112131 0.0695133 -19.1372
0.00236253 0.0230198 -0.734569
-0.0071987 0.00964564 11.3177
-0.017242 0.00428552 22.5809
0.16023 -0.0572161 -146.848
-0.00217825 0.012488 5.76879
0.00203202 0.00288052 2.41142
-0.0859646 0.0628732 93.9138
0.00237972 0.0339906 9.33905
-0.153188 0.0806917 178.016
-0.0807251 0.00494582 103.614
0.201563 -0.566332 -133.585
-0.0632118 -0.0331582 88.2635
-0.0267877 -0.0121591 43.4285
-0.0256397 -0.00822568 42.5787
-0.0173982 -0.00458484 41.2954
-0.0514208 0.0528695 32.5222
-0.0810736 0.00290347 44.343
-0.103314 0.00293388 46.61
-0.123991 0.028652 43.9115
-0.123814 0.0336491 42.9785
-0.109462 0.0285467 41.4788
-0.0928048 0.0401301 36.0881
-0.0871696 0.05253 32.2979
-0.0844752 0.0721906 27.7753
-0.099969 0.0724519 31.8007
0.122897 0.0107111 -14.5563
-0.0908861 0.0904648 26.151
-0.0593813 0.0578999 21.9141
-0.0229697 0.106986 -0.890399
-0.00257208 0.138088 -14.9276
-0.0286607 0.136553 -4.74976
-0.0365002 0.159691 -6.21069
-0.182265 0.0351922 121.552
-0.201451 0.036933 129.912
-0.191728 -0.0128524 135.668
-0.206175 -0.0309921 146.49
-0.630627 -0.0405174 367.925
-0.0108525 0.196277 -23.7927
-0.00225958 0.188743 -26.7416
0.0045655 0.148307 -21.8472
-0.0113699 0.0198941 14.5735
-0.0246598 0.289951 -36.0842
-0.040642 0.261104 -20.0304
-0.02664 0.215269 -20.2601
-0.0294205 0.191706 -13.6765
-0.0443016 0.160679 3.23472
-0.0181078 0.12807 -9.49715
-0.00379201 0.0598131 -7.09903
0.00222017 -0.00246542 -0.015274
0.01398 0.00745464 -11.4448
0.0167446 -0.00231025 -10.0709
0.0115911 -0.055622 2.77701
0.0162224 0.00346684 -12.1624
0.0529002 0.0763648 -58.9689
0.0130451 0.00557522 -8.21902
0.00152127 -0.015025 6.07472
0.0365193 -0.0280621 -24.2572
0.0284879 -0.0188489 -17.8649
0.0200763 -0.00495571 -12.0004
0.0212919 0.0351888 -22.8322
-0.00111805 0.0339934 -0.851244
-0.0971776 0.0508878 109.541
-0.0869837 0.0705395 94.2815
0.0896489 -0.186811 -50.2899
-0.0550795 0.0159512 68.573
-0.0240985 -0.0723548 50.9855
-0.0329651 -0.0598991 58.2526
-0.0683771 -0.0482899 97.179
-0.06357 -0.0322174 88.6245
-0.0379246 -0.0300288 58.0117
0.116692 0.154811 -28.292
0.112233 0.127562 -22.9699
0.119845 0.225146 -44.0832
0.0924752 0.182297 -31.9917
0.0826834 0.168488 -27.442
-0.127092 0.00844357 37.3807
0.123876 -0.110629 23.755
0.0886832 -0.161089 40.4365
0.048254 -0.161277 47.0491
0.0216287 0.290902 -55.8424
0.00894061 0.257001 -44.8585
-0.0234904 0.26265 -38.5195
-0.00184753 0.277834 -47.5769
-0.00967948 0.259015 -40.5707
0.00689266 0.276965 -50.1193
0.0479045 0.225175 -51.5763
0.0110967 0.235549 -41.9955
-0.00948774 0.228769 -32.5424
0.0136881 0.25373 -46.8396
0 0 -1
0.00728235 0.201309 -29.6521
0.00321093 0.209773 -29.7993
-0.20297 -0.0177313 141.928
-0.0560282 0.239248 -8.28424
-0.0187713 0.232854 -26.7749
-0.0206005 0.257026 -31.1067
-0.00851281 0.238971 -33.9273
0.00962693 0.223553 -41.4797
-0.0156612 0.274459 -38.3828
0.00121318 0.311769 -56.9358
-0.0402414 0.340662 -36.4338
-0.0961537 0.262634 17.2633
-0.0448356 0.2227 -9.33491
-0.0694011 0.165684 20.2834
-0.0297434 0.128027 -0.822995
-0.031905 0.14873 -3.27227
-0.0566851 0.098514 26.4204
-0.00501125 0.000481223 5.66379
-0.0333243 0.0591764 16.1676
0.00622364 -0.00167105 -2.05875
0.0419935 0.01755 -37.6622
0.0359214 0.00234748 -27.9453
0.0527832 -0.00690073 -41.4049
0.012498 0.0466208 -15.6542
0.0260814 -0.0393757 -11.937
0.0350873 -0.0522897 -17.5406
0.0512485 0.114531 -67.3765
0.0472952 -0.0130261 -38.8359
0.132003 -0.116707 -102.843
0.035725 0.101852 -51.6168
-0.0235672 0.0561041 22.8366
-0.0255849 0.149376 -0.687127
-0.0141417 0.136016 -10.681
-0.0841428 0.0313234 98.5338
-0.0348215 -0.0179372 50.0785
-0.0445728 -0.0211233 63.4776
-0.0512031 0.358136 -17.8483
-0.0285253 -0.0301819 45.2894
0.0809527 0.545108 -120.547
0.00594887 0.223378 -34.9242
-0.00271166 0.244446 -40.8948
0.0203023 0.217849 -35.0197
0.00356189 0.190032 -26.2828
0.012099 0.259523 -45.638
0.0370889 0.258419 -49.1416
0.0105788 0.259472 -45.9406
0.00508388 0.297082 -54.2718
0.014668 0.300099 -57.002
0.00322292 0.278077 -49.3057
-0.016562 0.283143 -45.2933
-0.00794245 0.271791 -44.9237
0.0303598 0.266357 -53.6744
-0.00619288 0.297093 -50.5712
0.0116383 0.324494 -63.4413
0.00505497 0.311278 -57.456
0.00462914 0.288729 -51.424
0.024134 0.29808 -61.9363
0.0522337 0.264473 -64.2721
-0.000958122 0.238095 -34.8448
0.0182287 0.19388 -33.0968
-0.0562245 0.265292 -14.685
-0.0579248 0.222148 -3.41962
-0.0266418 0.224466 -20.2479
-0.0136889 0.232622 -28.6837
-0.040245 0.179662 -1.75028
0.00483888 0.268984 -48.9026
0.00144027 0.283491 -50.7216
0.00982903 0.299281 -59.7472
0.0347936 0.304654 -76.9933
0.0480868 0.311477 -87.4976
-0.0354211 0.102893 17.4342
0.152136 0.0198983 -95.9951
0.021073 0.194773 -53.052
-0.067612 0.241029 4.43737
-0.150527 0.226784 72.1447
-0.011409 0.00495392 11.704
-0.0862858 0.104418 49.6621
-0.00656054 -0.00134654 7.92818
0 0.242822 -57.7532
0 0.226886 -53.6358
-0.0341353 0.256876 -29.7811
0 0.226886 -53.6358
-0.0331547 0.244167 -26.0952
-0.0147238 0.236569 -41.6923
-0.0306312 0.233229 -24.6139
-0.0160058 0.347164 -56.858
-0.00026667 0.249827 -49.5091
0.00772413 0.0865311 -17.7512
-0.0582949 0.156042 34.7972
-0.0297969 0.152352 3.91373
-0.0163687 0.130456 -6.39595
-0.0667947 0.0455885 71.4222
0.0532974 0.0947015 141.212
-0.0291586 -0.022927 44.5162
-0.0270362 -0.0179126 41.136
-0.0103498 -0.0023512 17.1415
0.04357 0.255757 -45.32
0.0304566 0.244014 -41.8521
-0.00305192 0.255665 -42.4068
-0.0127787 0.250168 -40.5896
-0.0324396 0.24241 -36.4954
0.00451116 0.314785 -59.2174
0.00449346 0.248433 -42.3069
0.0300857 0.308065 -61.2698
0.00755672 0.315816 -58.7421
-0.00229454 0.336374 -61.485
-0.0017329 0.301798 -52.5097
-0.0188858 0.262213 -38.1498
0.0108436 0.254618 -44.4295
0.0672628 0.273195 -65.3246
0.0336873 0.322307 -68.5904
0.00926359 0.357447 -69.8915
0.00957184 0.350222 -69.2835
0.00310965 0.308118 -54.6144
0.00516698 0.333967 -63.0063
0.00155477 0.299706 -52.3772
-0.00859797 0.19055 -14.0522
-0.0868707 0.248165 5.58093
-0.0780996 0.261462 -2.91313
-0.0755711 0.255412 -2.73709
-0.0295784 0.217231 -17.0212
-0.0511202 0.235404 -9.13024
-0.128788 0.1717 50.3232
-0.0131378 0.30121 -46.285
-0.00140768 0.329673 -61.1516
0.0258677 0.331329 -78.7681
0.0167835 0.320698 -69.8773
0.0551403 0.302482 -90.0298
0.0509146 0.308086 -88.8124
0.0569851 0.240134 -73.9086
0.721887 -0.242714 -426.718
-0.139852 -0.00113043 126.626
-0.0677302 0.306515 -11.4177
0 0.137663 -30.2731
0.453001 -0.00650686 -365.771
0.331449 0.0113409 -283.469
-0.00347391 0.0127659 1.89679
0.0139805 -6.49079e-05 -7.92477
0.0078531 -0.000425603 -1.57424
0.0213165 -0.00396101 -13.4256
0.0178511 -0.0483231 -1.81798
0.0115433 -0.00526059 -3.98961
-0.00696779 -0.0256225 17.0325
0.0019685 -0.00831956 6.48239
0.0800908 0.14446 -110.427
0.0297368 0.0749356 -38.4838
-0.0202301 0.139267 -1.61142
-0.0404217 0.131859 21.634
-0.225993 1.0979 -21.9134
-0.00515777 0.155284 -23.5567
0.0499129 0.52517 -179.147
0.0489812 0.493514 -169.709
-0.0266296 -0.0203443 41.0675
0.179988 -0.0681584 -43.0018
0.042774 0.258405 -46.0595
0.0372628 0.251107 -43.8329
0.0219351 0.250243 -42.9324
-0.000315699 0.289349 -52.6827
-0.0404277 0.242764 -35.5617
0.249666 0.328529 -91.9223
0.28896 0.415046 -122.615
-0.0793972 -0.0933215 80.8525
-0.0047945 0.276395 -44.7472
-0.0258854 0.0805289 16.288
-0.00504869 0.163611 -12.5482
-0.0115363 0.180129 -16.7404
-0.0108768 0.20628 -25.2545
0.0173974 0.205181 -33.0045
-0.00709328 0.324594 -55.1924
-0.0177174 0.309989 -47.8619
-0.0481664 0.265463 -24.6008
0.0181214 0.278091 -52.5021
0.0200467 0.299114 -58.7603
0.0267486 0.279406 -55.423
-0.0197023 0.223884 -18.5794
-0.0380895 0.212361 -7.14861
-0.0494474 0.244696 -11.1103
0.0554146 -0.0815499 35.936
0.0837854 -0.0341745 -0.379449
-0.0917731 -0.42644 205.41
0.101568 0.023296 -46.3297
-0.0581647 0.283494 -13.5049
0 -0.163746 67.7648
0.0177171 0.328077 -71.9956
0.003682 0.327712 -62.7276
0.0320342 0.295575 -72.5959
0.0509526 0.267258 -77.4424
0.0437224 0.269054 -72.8727
0.0770045 0.271305 -98.0596
0.173129 0.242758 -161.641
0.129395 0.0859375 -80.0327
-0.000411977 0.0119428 0.561161
-0.0150462 0.00226327 14.9035
0.00613018 -0.0681218 17.3278
0.00826363 -0.000293001 -2.66987
0.0136152 -0.00411876 -6.42575
-0.0105978 -0.0260009 20.2204
-0.00626904 -0.0680295 28.4478
0 -0.051265 17.7559
0.00476606 -0.00527586 2.51929
0 -0.0810562 26.2999
-0.00821314 -0.070581 31.7042
-0.000553909 -0.010288 9.72962
-0.000767727 -0.0105708 10.0761
0.185167 0.158129 -52.0088
-0.165103 -0.00112277 196.708
-0.0766231 0.0115267 92.1696
-0.0279036 -0.0189793 231.275
0.260582 -0.10516 -82.3137
-0.0282137 -0.0672978 212.838
-0.0337017 -0.00808896 46.36
0.18071 -0.0690911 -43.6259
0.0145976 -0.740393 260.309
0.049293 0.2526 -44.3615
0.0153604 0.279644 -51.2778
-0.0734387 0.00304933 54.4182
-0.0258177 0.643843 -157.637
-0.18793 -0.144721 112.725
0.0300806 0.152989 -8.35839
0.0344564 0.272703 -47.2631
-0.0509802 -0.0793666 70.7781
-0.0204386 0.0585512 21.8142
-0.00730609 0.123257 -0.397678
-0.0371128 0.172151 -8.59429
-0.0132121 0.179681 -17.2172
-0.0170509 0.262374 -32.4612
-0.0194865 0.291262 -41.2264
-0.0216593 0.307287 -45.9621
-0.0240255 0.290376 -40.6448
0.0168419 0.298076 -58.0036
0.0962041 0.288899 -86.2481
0.0203964 0.23387 -38.1153
-0.0099962 0.201471 -15.4733
-0.0233755 0.23558 -20.7567
-0.0102209 -0.0465058 65.3797
-0.00233821 -0.0856587 74.4898
-0.0248219 -0.162501 110.805
0.0579779 0.510107 -150.964
0.0113752 0.29745 -58.5178
0.00956306 0.269599 -49.4449
0.0133284 0.286269 -56.6393
0.0197501 0.275493 -57.5495
0.00472519 0.308797 -57.7496
-0.00775891 0.287104 -42.8039
0.0430391 0.256406 -68.2972
0.0671727 0.259608 -86.6626
0.0832063 0.266753 -101.275
0.121381 0.243232 -122.4
0.13387 0.238865 -130.014
0.00134163 0.0233243 -4.32676
0.0511141 -0.0413512 -24.2276
0.125686 0.216373 -125.305
-0.0154169 -0.160801 111.189
0.111328 -0.0531633 -36.0328
0.115433 -0.0537742 -39.6045
0 -0.214857 116.164
-0.00361627 -0.228112 123.698
-0.00206615 -0.218969 119.452
0 -0.214857 116.164
0.0862209 0.0682147 -14.5856
-0.157024 0.0529812 242.436
-0.0165813 0.273408 -54.9851
0.147941 -0.0741567 58.5777
-0.13527 0.0494152 148.752
-0.107626 0.0408667 120
-0.0276037 -0.0146251 229.64
0 0 -1
0.00236051 -0.222416 80.9457
-0.00573654 -0.183575 75.3605
-0.00573654 -0.183575 75.3605
-0.0112496 0.0299601 40.6039
-0.0111827 0.0299331 40.6087
-0.0106725 0.029875 40.6022
-0.0164845 0.00116826 50.6823
-0.162219 -0.677056 282.53
0.0877768 0.225979 -40.126
0.0677528 0.233311 -39.5995
0.0708968 0.279307 -55.1356
0.0308471 0.331713 -65.2404
-0.0213342 0.278215 -36.9453
-0.0832238 0.233555 -8.33443
-0.0501862 0.175021 3.67143
0.00945508 0.198833 -20.0344
0.0273979 0.232041 -35.7903
0.0172933 0.308521 -58.3579
0.00779074 0.320819 -59.6185
-0.0360036 0.326632 -47.1366
-0.0308241 0.288986 -35.975
-0.0104298 0.282103 -41.9384
-0.0507661 0.198077 2.38444
-0.0750035 0.121257 37.5778
-0.0214243 0.146654 6.27731
-0.00691094 -0.0411421 62.284
-0.0198152 -0.111374 91.3847
-0.0359794 -0.138432 108.548
-0.106103 -0.143198 138.757
-0.106103 -0.143198 138.757
-0.0724935 -0.0552336 72.1982
0.0169737 0.273595 -55.0757
0 0.0537109 -8.47015
-0.0126973 0.283078 -37.4445
-0.0358351 0.271353 -18.6159
0.00651246 0.231611 -35.1281
0.0843204 0.209605 -82.84
0.104596 0.238537 -107.379
0.0995731 0.257001 -109.979
0.118418 0.234092 -116.552
0.124282 0.174325 -100.466
0.00818627 0.0920564 14.0177
-0.0364095 0.00144879 81.6475
-1.55073 0.0978486 1358.13
0.0838542 -0.14375 18.7107
0.000173686 -0.143358 102.849
0.178615 -0.209012 -40.2379
0 -0.351283 174.09
0.0097728 0.168081 -49.3517
0 -0.351283 174.09
0.0097728 0.168081 -49.3517
0 0.144451 -31.543
-0.0138223 0.278238 -60.8613
0 0.144451 -31.543
-0.142061 0.145952 125.916
-0.0811363 -0.324083 207.934
-0.0122316 -0.254976 107.218
-0.0255013 0.00444399 33.2448
0.535563 -0.225611 -472.252
-0.0588282 -0.189073 224.563
0.0196091 -0.129464 107.7
-0.000591753 0.181325 55.6185
-0.000591635 0.181325 55.6185
-0.000591028 0.181325 55.6185
-0.000589963 0.181325 55.6184
-0.000588767 0.181325 55.6183
-0.000587825 0.181325 55.6182
-0.000587397 0.181325 55.6182
-0.000587397 0.181325 55.6182
-0.0523982 0.354245 -57.1302
-0.0650189 0.282078 -28.9943
-0.103167 0.198292 8.63281
-0.068251 0.172108 8.46308
0.108352 0.14691 -29.9728
0.0794838 0.204701 -42.0259
0.0657236 0.266638 -59.4603
0.0140023 0.351218 -71.6583
-0.0667185 0.339916 -40.252
-0.0397206 0.273912 -27.5269
0.00933225 0.265271 -44.1478
0.0643107 0.342448 -92.4903
-0.0966302 0.212114 16.3073
-0.101676 -0.0362459 126.744
-0.101451 -0.0391829 127.663
-0.498365 0.0413745 308.284
-0.0749544 0.0463801 87.3026
0 -0.554451 257.428
0.0866956 0.131058 -38.6929
0.0832089 0.134804 -37.9464
-1.25349 0.132758 770.797
0.00712422 -0.146058 103.608
0.00593877 -0.13661 101.076
-0.00584639 -0.137211 109.15
-0.0281774 -0.131459 122.779
0.119663 0.149722 -88.6
0.0511422 0.269561 -77.6868
0.110805 0.234805 -111.232
0.113078 0.206642 -103.645
0.126323 0.236365 -124.72
0.0206648 0.629714 -182.125
0.0153615 0.651982 -185.557
0.00847917 0.645894 -177.425
0.0033831 0.636047 -169.413
0.00196346 0.629175 -165.687
-0.0227948 0.626559 -140.39
-0.0217954 0.599829 -131.912
-0.0116864 0.611986 -146.028
-0.00483293 0.620827 -155.955
-0.00181097 0.623231 -159.85
-0.00100195 0.624156 -161.008
-0.00146312 0.622932 -160.089
-0.00230402 0.619663 -158.042
-0.00178953 0.614174 -156.691
0.579129 1.06071 -988.262
5.51419e-07 -0.0705146 84.4146
-0.0217412 0.461295 -75.8939
-0.00427596 0.00281936 69.9914
-0.00813989 0.0085607 72.6046
-0.00429565 0.00284022 70.0076
0.0328361 0.334827 -61.5679
0.0328381 0.335132 -61.6707
0.0313989 0.335712 -61.8031
0.0269779 0.336526 -61.7867
0.0183044 0.337524 -61.371
0.00386156 0.33865 -60.1813
-0.0162816 0.339841 -57.9625
-0.0424681 0.335208 -52.2096
-0.0705103 0.296229 -33.0573
-0.100363 0.245306 -8.66037
-0.111806 0.229313 -0.576259
-0.0681646 0.239464 -15.2392
0.0224326 0.195806 -22.8028
0.0841674 0.238626 -55.3781
0.0846755 0.263494 -64.3636
0.0359341 0.312069 -66.0196
-0.0560783 0.318556 -36.7442
-0.0588707 0.241873 -8.75426
-0.078418 0.235212 1.26445
-0.118558 0.232756 18.4119
-0.129032 0.199741 34.9801
-0.102541 -0.0354472 126.87
-0.103303 -0.0380108 128.148
-0.498931 0.0389225 309.42
-0.0643145 0.0528728 79.417
-0.0659822 0.0698802 73.967
0.0294482 -0.146641 89.7387
0.0291619 -0.146333 89.8101
0.0261175 -0.145729 91.4552
0.0185724 -0.144845 95.8876
0.0090981 -0.13342 97.8311
-0.00840015 -0.133578 109.699
-0.0470087 -0.13629 137.42
-0.0897959 -0.0347175 130.24
-0.104792 -0.233269 214.772
0.10372 0.216684 -99.4681
0.109109 0.213612 -102.645
0.118353 0.213977 -109.992
0.0402967 0.0115737 27.9863
0.00563738 -0.0976771 97.4831
-0.0087971 -0.188267 143.39
-0.00539543 -0.241385 159.91
-0.00506492 -0.2343 156.992
-0.0055035 -0.220132 152.175
-0.00109775 -0.332941 189.883
-0.00447608 -0.348289 198.831
-0.00351391 -0.357403 201.245
-0.00155052 -0.363002 201.334
3.2196e-05 -0.359918 198.563
0.00139912 -0.340296 189.861
0.0031188 -0.297154 172.042
0.0044964 -0.227435 144.728
0.00538667 -0.117489 103.015
-0.00426378 0.00281937 69.9769
-0.00426777 0.00282182 69.9807
-0.00427648 0.00282858 69.9886
-0.00428709 0.00283478 69.9992
-0.0042932 0.0028407 70.0044
