0 1 1
1 2 2
2 3 0
3 4 3
4 5 3
5 6 3
6 8 1
8 9 3
9 11 3
11 12 3
12 13 1
13 14 0
14 16 3
16 76 0
20 76 0
20 80 0
22 80 0
22 23 3
23 24 3
24 25 3
25 320 0
86 320 0
28 86 0
28 29 1
29 30 1
30 31 0
31 32 3
32 33 3
33 34 3
34 36 3
36 153 0
97 153 3
97 160 3
102 160 3
102 108 3
108 453 3
110 453 3
110 112 3
112 162 3
8 65 0
6 65 3
36 95 0
34 93 0
95 153 3
11 68 3
25 84 0
84 320 0
36 93 0
9 68 3
13 72 0
14 72 2
14 73 2
16 73 2
16 74 2
102 161 3
108 110 3
0 58 2
74 76 0
108 161 3
4 62 1
8 66 0
73 74 3
25 83 0
30 88 0
36 94 0
97 157 3
1 58 0
65 66 3
12 69 3
12 70 1
24 83 0
83 84 3
93 94 3
94 95 3
157 160 3
3 61 1
13 70 2
1 59 0
2 61 3
3 62 1
5 62 1
9 66 0
11 69 3
69 70 2
72 73 3
20 137 0
80 137 3
23 82 0
24 82 0
29 87 0
31 88 0
32 90 3
2 59 3
61 62 3
5 63 3
6 63 3
6 64 3
22 81 3
23 81 3
28 87 0
30 87 0
31 89 0
31 90 3
33 90 3
64 65 3
68 69 3
13 129 3
59 61 3
62 63 3
33 91 0
157 451 3
58 59 3
70 129 2
82 83 1
87 88 0
34 91 0
63 64 3
89 90 1
90 91 0
9 125 0
76 134 1
20 134 2
88 89 3
34 92 0
76 133 1
20 136 0
80 81 1
86 87 3
91 92 3
92 93 3
110 161 3
66 125 3
68 125 0
134 136 0
136 137 3
72 129 1
81 82 0
102 498 2
74 133 3
160 498 3
68 126 0
58 117 3
161 498 2
59 117 3
79 80 3
79 137 3
79 81 1
97 98 3
61 119 3
72 130 3
86 145 3
87 145 3
98 153 3
98 157 3
59 118 3
61 118 3
66 124 3
88 146 1
65 123 3
69 126 0
143 320 3
87 146 3
66 123 3
124 125 3
125 126 3
70 128 3
73 130 3
82 140 1
84 143 0
145 320 0
117 118 3
63 121 2
64 123 3
69 128 2
73 131 3
74 131 3
81 140 0
83 141 0
93 151 3
93 152 3
94 152 3
58 116 3
64 121 2
126 127 3
69 127 0
128 129 2
130 131 3
82 141 2
84 141 2
84 142 1
153 155 1
116 117 3
141 142 1
92 151 3
151 152 3
98 155 1
161 168 3
162 171 1
63 120 2
129 130 0
142 143 0
143 145 1
89 148 1
90 148 3
157 498 2
110 168 3
118 119 3
61 120 2
62 120 2
120 121 3
133 192 3
133 134 3
89 147 1
123 124 3
134 192 3
140 141 0
147 148 3
81 197 2
91 148 1
119 120 3
64 180 0
127 128 1
131 133 3
140 197 1
451 498 3
95 152 3
162 228 1
123 180 3
88 147 1
95 155 1
171 228 3
137 195 3
121 180 2
136 195 3
79 195 3
79 197 1
145 146 3
91 322 0
110 111 3
146 147 3
148 322 0
98 498 3
111 112 3
131 190 3
161 342 3
130 188 3
133 190 3
342 498 2
129 188 0
92 322 0
124 183 3
125 183 3
111 168 3
134 193 3
136 193 1
143 202 3
126 183 3
127 185 2
145 202 0
121 179 2
128 186 0
129 187 3
155 498 0
179 180 3
123 181 3
124 182 3
187 188 0
142 200 0
143 200 1
151 322 0
116 175 3
117 175 3
118 175 3
120 179 2
180 181 3
124 181 3
129 186 2
116 174 3
120 178 2
127 186 2
192 193 3
141 200 0
152 155 1
178 179 3
193 195 0
168 342 3
174 175 3
181 182 3
186 187 2
131 188 3
131 189 3
146 204 0
151 210 3
152 210 3
155 210 0
185 186 2
189 190 3
140 199 0
141 199 0
145 204 0
147 204 0
127 183 3
199 200 1
155 270 0
118 234 3
182 183 3
188 189 3
210 270 3
175 234 3
119 178 3
140 198 0
210 322 3
270 498 3
197 198 0
198 199 0
79 312 3
197 312 0
145 261 0
148 204 0
183 185 2
190 192 3
202 261 3
204 261 3
118 178 3
200 202 0
178 235 3
118 235 3
183 242 3
185 242 2
185 244 3
186 244 2
192 251 3
195 312 3
148 325 0
322 325 3
179 237 3
193 251 3
195 252 3
204 325 3
234 235 3
187 244 3
187 246 0
188 246 3
189 246 3
193 252 0
195 253 3
198 312 0
200 201 0
201 202 3
183 240 3
190 249 3
252 253 2
178 237 3
182 240 3
189 247 3
111 162 3
162 521 3
190 247 3
187 245 3
246 247 3
322 380 3
174 232 3
179 238 3
180 238 3
183 241 3
190 248 3
192 249 3
325 380 3
162 401 1
175 232 3
237 238 3
181 238 3
181 240 3
240 241 3
241 242 3
245 246 0
247 248 3
248 249 3
253 312 0
198 314 1
322 324 3
168 452 3
111 401 1
175 233 3
181 239 3
312 314 1
324 380 3
267 322 3
342 452 3
232 233 3
310 312 3
210 267 3
185 301 2
253 310 0
204 436 3
233 234 3
235 237 3
238 239 3
239 240 3
242 301 1
244 301 3
249 251 3
261 436 3
381 436 3
325 436 3
267 324 3
168 454 3
248 307 3
310 314 1
199 201 3
201 372 3
452 454 3
199 372 3
201 261 3
249 307 3
251 252 3
252 310 3
111 454 3
327 498 3
387 498 3
401 521 0
327 387 3
235 294 3
237 294 3
210 268 3
251 310 3
268 270 3
270 327 3
234 292 3
235 292 3
251 309 3
198 372 2
319 372 3
201 319 3
234 291 3
238 296 3
244 303 3
187 303 3
309 310 3
201 436 3
233 291 3
291 292 3
235 293 3
237 295 3
239 296 3
241 299 3
242 300 1
245 303 3
268 327 3
401 403 0
292 293 3
239 297 3
240 299 3
242 299 3
300 301 3
248 306 3
249 309 3
380 436 3
267 268 3
403 521 3
240 297 3
244 302 3
245 304 0
246 304 3
247 304 3
247 306 3
306 307 3
249 308 3
232 290 3
301 302 3
302 303 3
247 305 3
308 309 3
293 294 3
237 296 3
201 376 3
232 291 3
376 433 3
376 436 3
290 291 3
295 296 3
305 306 3
319 376 3
447 498 3
342 447 3
294 295 3
296 297 3
240 298 3
303 304 0
304 305 3
447 452 3
297 298 3
298 299 3
307 308 3
299 300 1
376 434 3
310 371 1
314 371 1
314 372 0
378 436 3
378 381 3
324 436 3
376 378 3
327 386 3
446 498 3
304 362 3
321 378 3
321 381 3
303 362 0
310 368 1
309 368 1
327 446 3
309 367 1
324 381 3
301 359 3
305 363 3
306 363 3
268 383 3
291 350 3
292 350 3
293 351 1
300 359 3
301 360 3
302 360 3
367 368 0
327 383 3
294 351 1
297 355 2
306 365 3
307 365 3
386 446 3
296 355 2
305 362 3
308 365 3
378 434 3
441 498 3
295 353 3
296 354 3
299 357 1
300 357 3
386 498 3
441 447 3
290 348 3
293 350 3
294 353 3
300 358 3
303 360 3
303 419 3
306 364 3
308 367 1
291 348 3
291 349 3
357 358 3
358 359 3
362 419 1
363 364 3
372 376 3
348 349 3
349 350 3
295 354 3
298 355 3
359 360 2
362 363 3
350 351 1
364 365 3
353 354 3
354 355 3
267 383 3
294 352 1
298 414 1
299 414 1
360 419 3
371 372 0
378 493 3
383 386 3
351 352 1
352 353 0
434 493 3
401 454 2
355 414 3
381 438 3
399 401 0
357 414 3
324 440 3
399 458 0
321 438 3
381 440 3
267 440 3
355 413 3
401 459 1
399 454 0
371 430 0
372 430 3
449 452 3
419 420 0
362 420 3
367 425 3
376 431 3
383 440 3
447 449 3
449 454 3
401 458 1
354 413 1
310 427 1
310 428 1
372 431 3
352 410 3
368 426 1
403 459 1
353 410 1
308 424 3
367 424 0
425 426 3
310 426 1
371 428 3
431 433 3
357 415 3
358 415 3
360 418 3
351 410 1
418 419 1
351 409 1
409 410 1
358 416 3
359 416 3
362 421 3
363 421 3
424 425 1
348 406 1
349 407 1
350 409 1
415 416 3
359 417 3
363 422 3
364 422 3
364 423 3
365 423 3
371 429 3
406 407 0
350 407 1
354 410 1
414 415 3
416 417 3
417 418 3
321 494 3
520 521 3
413 414 3
421 422 3
378 494 3
438 494 3
381 496 2
454 458 3
403 520 3
350 408 1
422 423 3
308 423 3
430 431 3
383 498 3
401 567 1
408 409 3
418 477 1
420 421 3
426 427 3
429 430 0
438 496 3
440 496 3
458 567 2
567 689 1
459 567 0
428 429 3
433 434 3
454 514 1
449 514 1
458 514 1
419 477 3
430 488 1
407 408 1
420 477 1
440 498 3
423 424 3
410 411 0
354 411 1
431 432 3
494 496 3
496 498 2
413 470 1
432 433 3
514 567 0
403 567 2
414 529 3
409 526 3
410 526 0
411 413 0
414 472 3
427 428 3
433 492 2
434 492 3
413 529 2
472 529 3
415 473 3
420 478 3
494 495 3
411 470 3
428 486 3
434 494 3
403 518 2
411 469 3
429 486 3
495 496 3
441 626 3
518 567 0
518 520 0
409 467 3
469 470 3
470 529 3
472 473 3
421 479 3
422 479 3
447 626 3
407 465 1
408 465 3
408 467 3
467 526 3
477 478 0
420 479 3
426 484 3
427 485 3
429 487 3
449 626 3
406 464 3
408 466 3
410 468 3
416 474 3
417 475 3
418 475 3
418 476 3
423 482 3
424 482 3
425 483 3
425 484 3
484 485 3
486 487 2
432 491 1
433 491 1
491 492 0
515 567 2
516 567 2
464 465 3
465 466 3
411 468 1
415 474 3
474 475 3
476 477 1
482 483 1
434 551 2
514 515 0
515 516 3
466 467 3
475 476 3
478 479 3
498 556 2
498 626 3
468 526 0
473 474 3
427 486 3
430 487 1
430 432 3
485 486 3
494 551 2
411 526 3
423 479 3
483 484 3
469 526 3
430 546 1
432 489 1
432 548 1
492 550 1
432 546 1
489 548 3
479 539 2
423 539 2
482 539 3
488 546 0
489 546 3
498 557 3
479 538 2
538 539 3
487 488 3
557 626 3
491 550 3
498 555 2
469 528 3
470 528 3
492 551 3
496 555 3
472 530 3
473 530 3
474 533 3
475 533 3
482 540 3
483 540 0
479 537 3
537 538 3
496 554 3
554 555 3
449 572 1
514 572 3
550 551 0
495 554 3
520 637 1
464 522 3
465 523 3
466 524 3
467 525 3
469 527 3
474 532 3
476 534 3
477 535 3
539 540 3
486 544 3
487 544 3
491 549 3
555 556 3
522 523 3
523 524 3
524 525 3
528 529 3
529 530 3
473 532 3
475 534 3
495 553 3
567 572 1
526 527 3
527 528 3
473 531 3
532 533 3
477 534 0
478 535 1
478 536 3
487 545 3
549 550 3
553 554 3
518 637 1
534 535 1
535 536 0
484 542 3
484 543 3
485 543 3
545 546 0
495 552 3
525 526 3
530 531 3
531 532 3
483 541 0
542 543 3
486 543 3
489 547 3
494 552 3
552 553 3
540 541 1
484 541 0
547 548 3
551 552 3
533 534 3
543 544 3
499 556 3
546 547 3
432 549 1
556 616 3
478 537 3
541 542 1
544 545 3
499 616 3
536 537 3
536 593 3
548 549 3
556 557 3
535 593 0
541 599 0
554 613 3
555 613 3
556 614 3
557 558 3
558 626 3
543 602 0
544 602 0
552 610 3
556 558 3
537 595 3
538 595 3
542 599 0
551 609 3
553 610 3
553 611 3
554 611 3
527 585 2
546 604 3
551 608 3
522 580 0
523 581 0
526 584 0
526 585 2
531 589 3
532 590 3
538 596 3
539 597 3
540 598 3
545 603 0
547 606 3
548 606 3
549 606 3
550 608 2
608 609 3
551 610 3
610 611 3
554 612 3
612 613 3
689 692 0
567 637 1
580 581 1
524 581 0
530 589 0
533 590 3
533 591 3
534 592 3
535 592 0
536 595 3
596 597 3
597 598 3
541 598 0
603 604 0
549 607 3
611 612 3
614 616 3
567 692 3
584 585 1
528 585 2
528 586 0
529 587 0
589 590 3
533 592 3
602 603 0
547 604 3
547 605 3
606 607 3
549 608 3
524 582 0
585 586 0
529 586 0
530 587 0
590 591 3
605 606 3
607 608 3
609 610 3
525 582 0
525 583 0
526 583 0
587 589 3
592 593 3
595 596 3
598 599 3
542 600 0
449 508 3
581 582 0
586 587 3
599 600 3
543 600 0
508 626 3
543 601 0
611 669 1
556 613 3
556 617 3
583 584 3
591 592 3
601 602 3
604 605 3
612 669 1
613 614 3
499 617 3
558 617 3
582 583 3
593 594 3
536 594 3
594 595 3
600 601 3
508 572 1
616 617 3
567 688 2
689 690 0
689 691 0
691 692 0
589 647 2
603 661 0
612 670 1
690 691 1
587 646 2
589 646 2
604 661 3
606 664 3
558 561 3
561 626 3
590 648 2
605 664 3
609 668 3
610 668 3
610 669 3
616 674 3
591 648 2
591 650 2
592 650 3
668 669 3
617 674 3
581 639 0
587 645 2
594 653 2
595 653 2
595 654 2
646 647 3
590 647 2
593 650 3
596 654 3
602 661 0
604 663 3
605 663 3
688 689 2
580 638 1
582 641 3
583 641 3
584 642 3
586 644 3
586 645 3
645 646 3
597 655 3
607 666 3
608 666 3
613 670 1
508 567 3
581 638 2
582 639 3
582 640 3
641 642 3
585 642 2
591 649 2
594 652 2
653 654 3
654 655 3
600 658 3
609 666 3
669 670 3
640 641 3
585 643 2
586 643 3
648 649 3
649 650 3
594 651 2
652 653 3
599 658 3
601 658 3
663 664 3
614 674 0
639 640 3
643 644 3
644 645 3
598 655 3
606 666 3
638 639 3
642 643 3
598 656 3
661 718 3
614 670 1
647 648 3
650 651 3
593 651 2
651 652 3
655 656 3
602 718 0
601 718 0
664 666 3
601 659 3
598 715 3
599 715 3
659 718 3
658 715 3
658 659 3
661 663 3
666 723 3
666 668 3
656 715 3
664 723 3
666 725 3
567 985 1
649 707 3
661 720 3
561 617 3
637 985 1
650 707 3
663 720 3
669 727 3
639 697 3
640 697 3
668 727 3
668 725 3
670 674 0
650 708 3
689 747 0
641 699 3
651 708 3
654 712 3
655 712 3
688 747 2
642 699 3
646 703 3
647 703 3
659 717 3
666 724 3
692 750 2
643 701 3
645 703 3
648 706 3
658 717 3
661 719 3
670 729 3
508 561 3
690 747 3
691 750 0
644 701 3
647 705 3
707 708 3
653 711 3
655 713 3
656 713 3
719 720 3
723 724 3
724 725 3
674 729 1
692 751 2
638 696 0
640 698 3
641 698 3
647 706 3
649 706 3
652 711 3
656 714 3
658 716 3
664 722 2
669 729 3
750 751 2
567 751 1
696 697 1
697 698 3
698 699 3
644 702 3
645 702 3
651 709 3
652 709 3
714 715 3
716 717 3
663 722 3
668 726 3
727 729 3
690 748 3
705 706 3
712 713 3
717 718 3
718 719 3
725 726 3
726 727 3
566 617 3
642 701 3
701 702 3
702 703 3
706 707 3
708 709 3
654 711 3
722 723 3
566 736 1
747 748 3
642 700 3
715 716 3
561 566 3
691 748 2
700 701 3
713 714 3
566 795 1
699 700 3
703 704 3
567 747 1
647 704 3
711 712 3
652 768 3
704 705 3
709 768 3
711 768 3
703 761 1
708 767 3
709 767 3
729 787 3
674 787 1
567 748 1
567 691 1
729 786 3
702 760 1
703 760 1
727 786 3
567 750 1
708 765 3
711 769 3
712 769 3
714 773 1
715 773 1
716 773 3
663 779 2
696 754 1
698 756 3
699 756 3
712 770 3
720 779 3
722 779 3
724 783 3
725 783 3
727 785 3
785 786 3
697 754 3
760 761 3
707 765 3
720 778 2
725 784 3
726 784 3
700 759 3
701 759 3
704 762 3
769 770 3
712 771 3
713 771 3
713 772 1
714 772 1
716 774 3
717 775 3
719 778 2
723 781 3
724 782 3
783 784 3
727 784 3
617 906 1
567 800 1
697 756 3
703 762 3
705 762 3
765 767 3
717 774 3
717 776 3
718 776 3
719 777 3
722 781 3
723 782 3
674 906 1
567 805 1
700 756 3
700 758 3
758 759 3
706 765 3
706 764 3
768 769 3
773 774 3
776 777 3
777 778 3
784 785 3
697 755 3
705 764 3
764 765 3
770 771 3
771 772 0
774 775 3
775 776 3
781 782 3
782 783 3
674 788 1
754 755 3
767 768 3
787 788 3
755 756 3
756 758 3
701 760 1
778 779 0
761 762 3
705 763 3
772 773 1
786 787 3
567 683 3
763 764 3
561 683 3
508 683 3
759 760 3
779 781 3
674 847 1
762 763 3
765 825 3
767 825 3
788 847 3
566 906 1
756 815 3
758 815 3
847 906 3
761 820 3
762 820 2
567 801 1
567 861 3
779 838 3
781 838 3
763 820 3
756 814 1
765 824 3
824 825 3
781 839 3
782 839 3
761 819 3
767 826 3
768 826 3
787 845 3
755 813 1
755 814 1
760 819 3
819 820 3
774 832 3
775 832 3
778 837 0
779 837 3
786 845 3
508 513 3
567 862 3
813 814 3
814 815 3
763 821 2
777 835 3
513 567 3
861 862 3
754 813 1
759 817 3
760 818 3
764 822 3
765 822 3
825 826 3
769 826 3
773 830 3
773 831 3
774 831 3
776 835 3
784 842 1
754 812 0
760 817 3
765 823 3
769 827 3
770 828 3
771 828 3
771 829 3
772 829 1
772 830 1
775 833 3
776 833 3
776 834 3
778 836 0
782 840 3
783 841 1
783 842 1
785 843 3
786 844 3
787 846 3
788 846 3
812 813 1
764 821 2
823 824 3
770 827 3
833 834 3
834 835 3
835 836 0
836 837 3
839 840 3
840 841 1
842 843 2
843 844 3
844 845 3
817 818 3
818 819 3
822 823 3
826 827 3
831 832 3
832 833 3
837 838 3
838 839 3
841 842 3
820 821 3
828 829 3
846 847 3
758 817 3
827 828 3
845 846 3
821 822 1
829 830 3
830 831 3
566 855 1
815 874 2
815 817 3
817 874 3
566 683 3
985 1041 0
567 1041 1
831 889 3
845 904 3
846 904 3
832 889 3
845 903 3
862 921 1
823 882 3
828 886 3
906 965 2
861 920 1
567 921 1
813 871 3
818 876 3
819 876 3
824 882 3
826 883 3
827 885 3
566 965 1
812 871 1
814 871 3
822 880 3
825 883 3
828 885 3
836 895 3
837 895 3
844 902 2
845 902 2
814 872 3
815 872 3
817 876 3
821 880 1
826 884 3
885 886 3
832 890 3
862 920 1
812 870 3
820 877 3
823 880 3
825 882 3
883 884 3
827 884 3
889 890 3
833 890 3
833 891 3
834 892 3
835 893 3
836 894 3
838 896 1
839 897 1
840 898 1
841 900 3
842 900 3
842 901 0
843 901 0
847 904 3
870 871 1
819 877 3
882 883 3
829 887 3
891 892 3
892 893 3
893 894 0
894 895 3
895 896 1
896 897 3
897 898 3
841 898 2
901 902 1
902 903 0
903 904 3
920 921 3
821 877 2
821 879 3
884 885 3
829 886 3
830 887 3
890 891 3
985 1042 0
872 931 3
815 931 2
876 877 3
879 880 1
830 888 3
1041 1042 0
874 931 3
887 888 3
871 872 3
886 887 3
900 901 0
567 920 1
877 879 3
874 933 3
817 933 2
831 888 3
876 933 3
880 882 3
888 889 3
898 900 2
904 906 3
879 936 1
877 936 1
880 939 3
887 945 3
898 957 3
874 932 3
932 933 3
888 945 3
900 957 3
904 963 3
906 963 3
880 938 3
882 939 3
891 949 3
893 951 2
900 958 3
901 958 1
964 965 0
876 934 3
879 938 1
892 949 3
906 964 3
877 934 3
883 941 3
884 942 3
885 942 3
886 944 3
888 947 3
889 947 3
889 948 3
890 948 3
890 949 3
903 961 3
870 929 1
871 929 3
872 929 3
931 932 3
938 939 3
882 941 3
884 941 3
904 961 3
963 964 3
567 979 1
985 1043 0
870 928 1
877 935 3
879 937 1
885 943 3
947 948 3
892 950 2
894 952 1
895 953 1
896 954 3
897 955 3
898 956 0
901 959 1
902 960 0
904 962 3
928 929 3
933 934 3
934 935 3
935 936 1
937 938 3
942 943 3
886 943 3
949 950 0
951 952 3
952 953 1
953 954 0
954 955 3
955 956 0
957 958 3
958 959 0
959 960 3
960 961 1
961 962 3
962 963 3
872 930 3
939 941 3
941 942 3
948 949 3
956 957 1
936 937 3
930 931 3
886 945 3
893 950 2
929 930 3
944 945 3
950 951 3
945 947 3
945 1004 3
947 1004 3
943 944 3
964 1022 3
1042 1043 3
941 998 3
567 1031 1
567 1040 1
939 998 3
963 1022 3
936 994 3
937 994 3
962 1020 3
964 1023 3
965 1023 1
935 994 1
943 1001 3
944 1003 3
945 1003 3
963 1020 3
942 1001 3
961 1020 3
928 986 3
929 987 3
930 988 3
931 989 3
932 990 1
933 991 1
934 992 1
935 993 1
937 995 3
938 996 3
939 997 3
941 999 3
942 1000 3
944 1001 3
944 1002 3
1003 1004 3
947 1005 3
948 1006 3
949 1007 3
950 1008 1
951 1009 1
952 1010 1
953 1011 0
954 1012 1
955 1013 1
956 1014 1
957 1015 3
958 1016 3
959 1017 0
960 1018 0
961 1019 3
963 1021 3
986 987 3
987 988 3
988 989 3
989 990 3
990 991 3
991 992 3
992 993 3
993 994 3
994 995 3
995 996 3
996 997 3
998 999 3
999 1000 3
1000 1001 3
1001 1002 3
1002 1003 3
1004 1005 3
1005 1006 3
1006 1007 3
1007 1008 3
1008 1009 3
1009 1010 3
1010 1011 3
1011 1012 3
1012 1013 3
1013 1014 3
1014 1015 3
1015 1016 3
1016 1017 3
1017 1018 3
1018 1019 3
1019 1020 3
1020 1021 3
997 998 3
1021 1022 3
1022 1023 3
