-0.0362578 0.812783 8.61333
-0.21993 -0.00254506 35.4305
-0.0465188 -0.0887096 27.2292
-0.018583 -0.00580345 17.4788
-0.0301205 -0.118 19.6315
-0.0282833 0.0899444 18.0495
-0.0838542 0.0691865 25.7158
-0.0507601 -0.120773 34.223
-0.0463711 -0.103728 33.3541
-0.0683916 0.053676 34.3667
-0.0728755 0.0542099 35.4015
-0.0739331 0.0565088 35.5139
-0.0524758 -5.47116e-05 30.7656
-0.0200949 -0.00496945 32.7027
-0.0243561 -0.817036 32.8284
-0.00224714 -0.100806 24.0309
-0.00442492 -0.827354 25.7337
-0.0115792 0.0974163 16.7291
-0.00434963 0.101823 13.98
0.324397 -0.0985276 -116.475
0.266417 -0.310639 -90.2321
0.311018 -0.0450561 -111.253
0.107064 0.217867 -31.121
0.0928599 0.21069 -23.96
0.0852327 0.130214 -19.2192
0.0985021 0.119866 -26.3683
-0.0390193 -0.0834181 39.554
0 0.0697929 25.9669
0.0579985 0.480249 -10.2292
0.029711 -0.194586 15.3142
-0.0964888 0.602522 94.6919
0.0796853 -0.0774838 -25.6211
0.0853753 -0.0871378 -29.412
0.0502118 -0.0830853 -4.28375
0.0171593 -0.0274355 19.4677
-0.000314035 -0.025359 32.9642
0.0032717 -0.0718793 30.6316
-0.009407 0.0432792 38.8044
0.0901816 0.0302669 -54.5004
-0.136555 -0.0223359 136.703
0.0730814 -0.303895 -46.3236
0.105539 -0.303158 -74.5248
0.105539 -0.303158 -74.5248
0.00572601 -0.0929173 14.1501
0 -0.0662109 19.4771
0 -0.0662109 19.4771
0.0752078 -0.105481 -25.9947
0 0.0749053 47.595
0 0.0749053 47.595
0 0.0749053 47.595
0.00510965 0.0547587 42.153
-0.000262045 0.0751558 47.8863
-0.00025821 0.0751727 47.8816
-0.000214768 0.075204 47.8314
-0.000134913 0.0752286 47.738
-5.5086e-05 0.0752683 47.643
-2.29789e-05 0.0752857 47.6043
-2.29789e-05 0.0752857 47.6043
0.000883274 -0.0475658 23.3969
-0.0110664 -0.0644981 24.5746
-0.0425016 -0.0744044 26.5186
-0.0227082 -0.0638056 24.5169
-0.0254523 -0.0589955 25.3341
-0.0750156 0.0870697 25.0535
-0.0951206 0.0716762 27.5477
-0.0644727 0.0245607 23.6209
-0.0420374 -0.00651127 20.3152
0 0 -1
-0.0546184 0.0559422 31.7844
-0.0570998 0.0458374 32.4206
0.317433 -0.0280719 -61.6008
0.0180558 -0.0242406 22.212
-0.0661506 0.0718318 30.4437
-0.0404074 0.0511346 22.3711
-0.02767 0.0113746 19.8059
-0.0437242 0.0965908 22.127
-0.112438 -0.0775106 48.9563
0.164413 -0.137649 -48.1776
0.00795981 0.0355355 -0.645435
-0.0462494 0.00862036 25.0202
-0.0392515 0.00799531 21.7237
0.135525 0.21244 -44.991
-0.202996 -0.335434 132.059
-0.0543107 -0.0300034 47.1531
-0.0540925 -0.0301855 47.0335
0 -0.319466 21.3157
0.0130052 0.0440153 13.1247
0.0127514 0.0430867 13.3444
-0.16231 -0.409413 129.638
-0.163266 -0.399177 129.821
0.0719526 -0.0764669 -20.1606
-0.0710679 -0.00511593 63.7153
-0.0710861 -0.00509959 63.7289
-0.0674293 -0.00368067 60.5842
-0.0168778 0.000297294 20.6431
-0.032677 -0.0391221 33.6589
0.442516 0.165353 -367.329
-0.00212706 -0.0150763 8.02774
0.00346222 -0.0218335 3.39274
0.0150168 -0.135098 -3.85602
-0.012011 -0.211438 23.4143
-0.0451653 -0.186593 53.9246
-0.0205866 0.00644225 25.1723
-0.0799236 -0.193902 89.9631
0 -0.202981 12.128
-0.0174034 -0.196266 29.7948
0.000530147 -0.00526489 1.47839
-0.00362344 -0.00119767 5.2086
-0.0202581 0.0130837 24.5044
-0.300161 -0.0632419 347.287
-0.014548 0.0205589 18.0612
-0.00583018 0.0241667 8.09868
-0.00707687 0.0252509 9.44498
0.0481639 0.0190264 -52.8164
0.022956 0.0121962 -22.2479
0.049877 0.0598574 -56.7468
0.00345114 -0.0416295 22.9758
0.0034382 -0.0482881 23.5595
-0.0402295 -0.0296173 24.2421
-0.0818769 -0.0694842 28.2395
0.012595 -0.243167 29.632
-0.0386517 -0.329894 38.84
-0.0571651 -0.0556392 26.5169
-0.0519865 -0.0189475 23.4685
-0.0299008 -0.00914902 18.5657
-0.0333202 0.00305651 17.9001
-0.00812523 0.0609386 10.0995
-0.0393989 0.0226377 18.3086
0.304892 -0.0342622 -57.9857
0.0685688 -0.0175867 7.61654
-0.0937306 0.0579509 40.8367
-0.0400883 0.0358418 22.6717
-0.0196289 0.0582544 14.4793
0.00962447 0.0222194 5.893
0.0591987 -0.0346832 -10.4477
0.164185 -0.125196 -48.5029
-0.027887 0.0331797 16.0907
-0.0444438 0.015108 23.7677
-0.210938 0.136719 126.168
0.0423577 -0.0411905 14.0056
0.0342943 0.489612 -16.5104
0.320015 0.0813151 -167.832
-0.194786 -0.114738 138.841
-0.0258544 -0.0378487 23.4662
0 -0.036787 22.223
0.0130839 0.0426913 13.1445
0.0131008 0.0342325 13.5043
0.0268836 -0.00611776 6.51674
0.052737 -0.069605 -7.24464
0.0197687 -0.0256782 -8.70765
-0.0757793 0.0296262 65.7999
-0.0665875 -0.030527 61.8578
-0.0622857 -0.0234196 57.6605
-0.000579717 -0.0182898 6.64715
0.145282 0.070326 -114.053
0.0241563 -0.062885 -2.29727
-0.145236 -0.154708 150.554
-0.00997845 -0.00137455 14.8689
-0.129861 0.233871 111.792
-0.0340045 0.0168526 34.2408
-0.0010276 -0.0195819 7.00206
-0.0206269 0.00337162 25.1535
1.98622e-05 0.0348368 0.720307
-0.00163334 -0.00294507 3.44471
-0.00125423 -0.00311651 3.09909
0.222659 -0.291656 -217.757
0.00302282 0.0514159 5.59217
-0.18245 0.422807 194.025
-0.0103811 0.01391 13.8317
-0.376055 -0.311044 469.584
-0.35479 -0.2986 443.88
0.011525 0.0282437 -7.48447
0.0878749 -0.0216136 -97.3705
-0.00631484 -0.0659915 19.4223
-0.00689122 -0.016775 21.3451
-0.00769478 -0.0250709 22.1583
-0.0356565 0.014068 21.0138
-0.0914095 0.0129915 24.2381
-0.0884127 0.0400574 21.7057
-0.0525129 0.0506583 17.2825
-0.0121293 -0.0178688 16.369
-0.0414645 0.00833719 19.7532
-0.0572926 -0.00671137 22.8682
-0.0323901 0.00618572 17.4327
0.0160031 0.0415554 4.70845
0.0987774 0.305676 -35.2866
0.563382 0.187811 -145.706
0.203692 0.00342783 -32.2652
-0.0730061 0.00987772 36.0061
-0.0362064 0.0265242 22.5534
-0.034016 0.0200076 22.2027
-0.0382428 0.0185399 23.7264
0.00756521 -0.0180863 8.06751
0.0239797 -0.0542225 5.34893
0.027942 0.0334853 -9.7997
-0.043444 0.0199658 23.0484
-0.483322 -0.199988 272.04
0.0343646 -0.0838363 20.5633
-0.0491159 -0.558219 91.5302
-0.0425194 -0.0695654 36.087
0.221005 0.477695 -143.214
-0.0210708 -0.0592455 22.4554
-0.0246799 -0.04435 23.2223
0.316784 0.0556474 -200.757
-0.000199111 -0.0412653 7.31682
0.00544018 -0.0398084 3.34368
0 0.0484231 -0.759198
0.019999 -0.0276002 -8.59843
-0.077567 0.332031 49.1417
0.0430464 -0.889316 37.2558
0.0257827 -0.0673505 -8.24328
0.047179 -0.115147 -21.6372
0.118176 0.106758 -93.4927
-0.0322107 -0.538838 78.1535
-0.164613 0.0693509 152.337
-0.0216022 0.401532 3.27763
0.144417 0.743666 -160.209
-0.0613281 0.392187 57.8586
-0.00192763 0.101367 1.76369
0 0.185785 -6.26491
-0.00390583 0.18511 -2.29078
0 0.153535 -3.5619
-0.0136478 0.107825 13.6371
0.0190715 0.128643 -22.4217
-0.00102457 0.186795 -5.22867
0.0306517 0.192369 -40.7538
-0.0209687 0.0934945 24.3775
0.00942128 0.182057 -16.8057
0.0246747 0.0533771 -24.927
0.0251449 0.0518255 -25.3729
0.0159147 0.0503093 -14.2444
0.0413606 0.0643657 -46.5029
0.00790472 0.0357091 16.8009
0.0121723 0.0326259 17.1227
-0.0275387 0.0194961 19.9716
-0.0806149 0.020948 23.8875
-0.086359 0.030247 23.0759
-0.072089 0.0191899 22.9687
-0.0293134 0.0215356 16.4817
-0.038802 0.0141073 18.3888
-0.0472025 0.0143034 19.819
-0.0227004 0.0112647 15.1225
0.0193154 0.00278199 6.94728
0.0282463 0.0832595 3.22547
0.22513 0.0751438 -46.3274
0.149916 0.0014029 -17.1886
-0.0262076 0.0259647 19.3609
-0.0389404 0.0211457 23.7373
-0.0516215 0.00944031 29.5387
-0.0590244 -0.0051433 33.4098
-0.0751798 -0.0219243 41.741
-0.0718889 -0.0544324 43.3994
-0.082695 -0.0177762 43.4711
0.139033 0.0253048 -61.0279
-0.00141522 0.00457096 8.78943
0.160095 0.410188 -110.891
-0.103867 -0.122985 75.3245
-0.063994 -0.0984483 51.0678
-0.0698643 -0.075153 52.0681
-0.0217243 -0.0382356 20.4637
0.0475835 -0.0625119 -20.7842
-0.0101689 -0.052639 14.6239
0.00489181 -0.0840508 7.61881
-0.00322217 -0.0446585 10.0103
-0.0991111 6.73948e-05 72.5677
0.00985998 -0.0396943 0.0705341
-0.0394291 -0.295386 61.1012
0.0157428 -0.0441896 -4.23599
0.0208388 -0.0485448 -7.20941
0.0210703 -0.0641349 -5.51159
-0.00178121 -0.0393987 10.1901
-0.0296954 -0.0257866 32.1291
-0.0334844 0.130942 20.9682
0.0475569 0.000403116 -37.5202
-0.275734 -0.394578 324.63
0.000280793 0.0909039 -4.55568
0.00808432 -0.290179 25.8134
0.00116 -0.27944 31.5219
0 0.0913795 -4.33904
0 -0.279618 32.6741
0 0.0913795 -4.33904
0 -0.206846 29.704
0.379399 -0.0391419 -373.562
-0.0185458 -0.265811 57.0912
0.0349567 0.0455061 -35.5353
0.0368623 0.118085 -44.3897
0.0159145 0.144412 -22.5841
0.00770683 0.104404 -9.12357
0.0403663 0.0525074 -43.5452
0.0195463 0.0676523 -19.8889
0.00550782 0.0625721 14.2667
-0.00544388 0.0517729 16.0007
-0.037989 0.0609558 16.11
-0.0745253 0.0313006 21.9402
-0.0781393 0.0407572 20.7472
-0.0780061 0.0453121 20.0662
-0.0651907 0.0387871 19.4934
-0.0367156 0.0106987 18.7733
-0.0438506 0.0229608 18.2162
-0.0268416 0.00514272 16.7615
-0.00451607 0.0500729 14.6085
0.0892831 0.053421 -8.61377
0.197707 0.0128324 -32.3509
0.221975 0.0136989 -38.8366
-0.0389795 0.0385766 21.9384
-0.0591421 0.0285161 29.9514
-0.058977 0.0223956 30.5212
-0.0801752 -0.0123942 42.6055
-0.0819816 0.0122882 40.2072
-0.0865192 -0.00826343 44.2775
-0.0539053 -0.0189464 30.0616
-0.00436793 0.242054 -17.3099
-0.0394574 -0.023045 24.0112
0.137072 0.0764836 -41.0028
0.00141318 0.202294 -9.26298
0.0353618 0.220399 -37.9929
-0.00953287 -0.0382789 13.1228
-0.0138966 -0.0381094 15.6789
-0.00276609 -0.037237 8.85055
-0.0164565 -0.0580877 19.7247
-0.0258544 -0.0378487 23.4662
-0.00667048 -0.00277662 6.63731
0.0262981 -0.0354966 -12.5198
0.0717052 -0.0389999 -45.285
0.00876788 -0.0330985 -0.2154
-0.00249532 -0.0321533 8.13536
0.0319473 -0.0436364 -16.2273
-0.000354643 -0.0376655 9.35213
-0.0184166 -0.0296349 23.0367
-0.0247207 -0.0367372 28.9919
-0.0231939 -0.0186056 25.3734
0.0327369 0.28779 -58.6769
0.000244812 0.263467 -26.5385
0 0.220558 -20.969
0.00879043 0.282874 -37.1439
0.0167941 0.264133 -42.8771
0.0219557 0.237093 -45.0649
0.0120255 0.251545 -37.094
0.0223501 0.283991 -52.2791
0.0543297 0.249302 -82.7612
0.303968 0.17448 -298.229
-0.482607 0.499771 527.274
-0.0119991 0.00429883 16.3295
0.204548 0.102127 -235.911
-0.00786245 0.404295 -25.35
-0.0374269 0.171479 37.6679
0.120052 0.0308594 -137.416
-0.0137739 0.0751436 20.4315
-0.00387254 0.0593117 14.9042
-0.0182442 0.0552623 15.8088
-0.0464309 0.0650553 16.0275
-0.119239 0.0740222 26.3751
-0.18787 -0.0266228 80.2169
-0.0582583 0.055111 16.8519
-0.0134826 0.0644725 9.9281
0.0211484 0.253249 -21.888
0.0353187 0.243989 -22.8502
-0.000654164 0.0780247 10.0428
-0.0133477 0.055955 15.7607
-0.0219564 0.0316361 21.3671
0.192373 -0.0185194 -26.7571
0.178729 0.00474831 -25.5084
-0.111561 -0.0101883 51.8894
-0.0809534 0.013132 38.955
-0.0624157 0.00591506 33.5905
-0.0739704 0.00440323 38.3133
-0.00157946 -0.158313 33.437
-0.126922 0.0944728 94.8792
0.027799 0.0812956 -11.4542
0.027799 0.0812956 -11.4542
-0.208484 0.0945653 132.194
-0.204049 0.0672579 133.832
-0.0161708 -0.0584098 19.8853
-0.0203489 -0.080679 26.0599
-0.0184162 -0.0244648 16.0632
0 0 -1
-0.0104477 -0.0439832 14.2591
-0.00076352 -0.0279628 6.64544
-0.00459566 -0.033466 9.71235
-0.00266236 -0.0298307 7.51678
0.00190663 -0.0401586 5.56595
-0.00118531 -0.0274143 5.9983
0.00759643 -0.0392899 1.75382
0.00842295 -0.0293749 0.0170563
0.0405754 -0.0582218 -20.8372
0.0233805 -0.0693711 -5.88317
0.00699864 -0.019314 -0.133094
-0.00164472 -0.0230974 8.26338
-0.0223036 -0.0318534 26.4725
0 0.0361078 -3.67408
0.0179214 0.02908 -19.0746
0.0233424 0.013165 -22.226
0.0383278 0.0214959 -38.2121
-0.0544922 0.0257231 51.2918
0.0215848 0.321274 -63.2864
0.0108726 0.0361706 -14.9351
0 -0.110116 17.7939
0.00718927 0.036292 -11.4195
-0.0776702 0.0018105 300.426
-0.0449109 -0.0848289 277.39
-0.00218148 -0.297955 47.9476
0.0984285 -0.674845 -11.3634
-0.0380349 -0.0617918 61.3515
-0.00304335 0.0503773 2.70458
0.00718944 -0.034886 3.11196
0 0 -1
-0.0468081 0.0280541 38.2605
-0.141381 0.136089 15.6627
-0.0398907 0.0346254 36.6636
-0.0701339 0.0101907 42.9905
-0.0942339 -0.00476433 67.3757
-0.118106 0.0805491 33.0716
0.102096 0.243287 -31.1342
0.00327491 0.261348 -18.3654
-0.00672054 0.162299 -2.19785
-0.0310439 0.0691119 17.7823
-0.0326693 0.0351854 23.1081
-0.0242537 0.00209181 26.3023
-0.00639644 -0.0278042 26.6332
0.163141 0.0143085 -22.4342
-0.0831367 -0.0137815 43.5768
-0.080162 -0.00369817 41.0935
-0.058152 0.000897724 33.0917
-0.0414824 0.0264468 22.5474
-0.0492858 0.0494762 21.8489
-0.123378 0.0957244 93.1557
-0.143668 0.0964353 102.107
-0.182203 0.0528643 126.74
-0.216792 0.0605701 142.076
-0.234439 0.0406267 153.973
-0.0102427 -0.0408581 14.0709
-0.016339 -0.0394379 16.7543
-0.0121001 -0.0142476 10.8197
-0.00660345 -0.0215643 8.62116
7.23338e-05 -0.00251785 1.68616
0.0752256 -0.024533 -44.0108
-0.00621474 -0.0376052 10.9557
-0.0659503 -0.0643769 56.2578
-0.0178921 -0.00274174 13.9872
-0.0542508 -0.21975 73.7787
0.007907 -0.0217883 -0.955609
0.0122901 0.000955898 -7.49277
0.0198589 -0.0442976 -6.99677
0.079491 -0.0840361 -49.4192
-0.134437 -0.222836 149.341
-0.169521 -0.441749 214.927
0.00198557 -0.0183686 4.79028
0.00890734 0.00428699 -4.81392
0.00430017 -0.00638397 -0.41918
0.00416905 0.0137637 -1.6017
-0.00629395 -0.00963559 9.97691
0.00540474 -0.0220487 1.66678
-0.00568733 0.0107146 9.17139
-0.0190011 0.0181431 23.0668
-0.00314092 0.0132152 5.96279
-0.0390625 -0.306641 110.606
-0.332031 -13.5788 2644.71
0.481641 0.0892578 -339.094
-0.0146616 0.0519474 13.8286
-0.0547756 0.14399 65.1025
-0.043546 0.153765 50.5732
-0.00963742 0.0238767 14.6536
-0.0182014 0.0242923 24.871
0.0189504 -0.0322512 -11.4201
-0.0468873 0.0280508 38.265
-0.0462826 0.0279345 38.2744
-0.048096 0.0252712 39.1054
-0.072411 0.0149265 42.6422
-0.0603674 -0.00857035 64.8344
-0.121651 0.0498796 39.4624
-0.110288 0.0556129 36.8221
-0.0870753 0.138431 17.4672
-0.0688954 0.102903 20.48
-0.0971008 0.0348724 38.2433
-0.087132 0.0400978 34.924
-0.0553573 -0.00310526 34.8227
-0.0360731 -0.0167382 32.0939
0.040883 0.0024462 14.4491
-0.0536929 0.0344715 25.2914
-0.0554379 0.00859592 30.3749
-0.00604234 0.10719 -4.47078
-0.0325094 0.134442 0.0648227
-0.0283963 0.139964 -2.07925
-0.162817 0.140523 102.961
-0.170017 0.0900065 115.366
-0.196305 0.0615516 132.468
-0.226505 0.0548701 147.908
-0.42965 -0.0058693 259.147
-0.514736 0.00669393 299.385
-0.0545387 0.138642 13.0252
-0.0311216 0.241323 -20.766
0.00846671 0.0775739 -8.86382
0.0502226 0.0723032 -41.3073
0.00870447 -0.0170261 -1.27665
-0.0144741 0.0597757 1.33718
-0.0168009 0.14485 -13.1054
0.00756593 0.0556767 -13.6176
-0.0218353 0.134078 -7.49323
0.00690359 -0.016221 -0.554576
-0.0068158 0.074029 -8.38331
-0.0305929 0.0605383 13.7387
0.00707889 -0.0109388 -2.3835
0.0180817 -0.0207736 -9.27855
0.0150709 -0.0135768 -7.85142
0.0140172 -0.00137188 -8.88739
0.0155014 0.00208145 -11.3136
-0.0068902 -0.00844328 10.1109
0.00845691 -0.000514438 -4.81988
0.0103929 0.015522 -8.41287
-0.000126203 -0.00665522 5.50818
0.0157743 0.0127653 -16.2627
-6.38632e-05 0.00613199 1.15494
0.00493347 0.00443683 -3.74555
0.0126206 0.0132414 -10.0817
0.00191175 -0.0644633 25.8472
0.0300721 0.04756 -35.3661
0.0382068 0.0560678 -46.0636
-0.0259116 0.403253 -27.6998
-0.064533 0.438452 10.9263
0.129809 0.014657 -152.009
0.00201401 0.0432922 -2.48582
-0.00729644 0.0409482 9.27299
-0.0495538 0.0276059 38.3862
-0.0507525 0.0236829 39.225
-0.0532165 0.00677925 42.8953
-0.0777592 0.0220909 41.429
-0.124553 0.0273493 44.2242
-0.116572 0.0276302 43.096
-0.124569 0.0497685 39.7768
-0.100645 0.0773713 30.4554
-0.10116 0.0467838 36.7166
-0.0927788 -0.0307432 50.4486
-0.0658019 -0.0049698 39.0695
-0.0444326 -0.0145692 35.0113
-0.0537153 0.02159 29.6778
-0.015935 -0.0249986 35.9422
-0.0196555 0.11851 -1.26961
-0.0393423 0.120147 4.48345
-0.00154242 0.212299 -26.5678
0.0128798 0.209147 -31.2988
0.0113092 0.222785 -33.403
-0.017244 0.730869 -89.6626
-0.208292 0.0758295 134.911
-0.223418 0.0640709 144.264
-0.30537 0.0390855 188.693
-0.345383 0.0419155 207.554
-0.0331441 0.220572 -15.0913
-0.0269377 0.222232 -19.5932
-0.0280061 0.221577 -19.1161
0.0227858 0.169701 -36.5387
0.0075888 0.0340814 0.298396
-0.0243291 0.259295 -29.6839
-0.0286955 0.191452 -13.2304
-0.0642744 0.232051 2.45151
-0.0425765 0.176276 -1.0094
-0.0191226 0.137619 -10.139
-0.00827602 0.0790356 -7.12976
0.0157812 -0.00150077 -10.4254
0.013048 0.0238254 -13.1135
0.0101975 -0.015798 -2.77004
-0.00343877 0.0146581 1.44058
0.0085912 0.020885 -8.19508
-0.00168804 0.0137814 0.410417
0.0259664 -0.0308862 -13.4724
0.00943395 -0.00210413 -5.37772
0.000893557 0.00232542 1.23978
0.00437913 0.0257703 -5.63962
0.0122593 0.0120337 -9.29905
0.0269974 0.16005 -54.1937
0.0987261 0.170291 -126.312
0.00570899 0.229102 -44.6707
0.0143048 0.220536 -52.1931
0.0031449 -0.0642354 24.5224
0.00948772 -0.172888 33.5597
0.100228 0.0878254 -121.948
0 0.209607 -34.5927
0.27091 0.330664 -361.418
-0.0165213 0.406092 -39.2921
0 0.364257 -48.7241
0.0473473 0.553832 -144.892
0 0 -1
0.280228 -0.0902312 38.017
-0.00463072 0.227543 -32.4365
0.0174896 0.22092 -32.8149
0.0100873 0.223053 -32.5934
-0.0289174 -0.593152 167.596
0.031393 0.176887 -25.2874
-0.00312705 -0.125915 50.7323
-0.0106184 -0.263553 83.505
-0.0236835 -0.173432 64.7854
-0.0441506 -0.0805296 49.0369
-0.0167592 -0.0261909 29.5556
-0.0120773 0.0489217 12.3871
-0.0111798 0.0901219 3.55236
-0.0194422 0.0927732 3.9905
0.00976672 0.143366 -16.2374
0.0232577 0.212374 -35.8724
0.032516 0.229229 -43.0294
0.0377899 0.227325 -44.5876
0.0828212 0.154891 -45.6779
0.0665767 0.141301 -35.5102
0.0759293 0.0846869 -26.5511
0.0650577 -0.0731424 15.7941
0.0135042 0.416058 -73.1961
-0.0620949 0.244417 -4.94103
-0.026565 0.246264 -24.6885
-0.00601846 0.241282 -35.3461
-0.00793401 0.248701 -35.5634
-0.0393627 0.277304 -23.2606
-0.00523588 0.302015 -50.2298
-0.0206689 0.322783 -45.0839
-0.0652934 0.241325 1.61946
-0.0641871 0.213595 6.49505
-0.0225072 0.160992 -11.9555
-0.0199344 0.15032 -12.0441
0.00726942 -0.0114869 -0.017611
-0.0203787 0.0676024 5.09007
-0.00260881 0.0381955 -2.88227
0.064693 0.188891 -93.337
-0.00781809 0.35626 -70.108
0.0615739 0.334847 -125.892
-0.00377377 0.0136908 3.48152
0.0211533 -0.0276909 -9.43389
-0.0308099 -0.0791594 54.2298
0.00462488 0.00871856 -3.26038
0 -0.245095 63.7065
0.0132731 0.00761638 -9.49116
0 -0.271011 69.7748
-0.0239747 -0.252977 90.5193
0 -0.212229 56.0322
0.123561 0.0631856 -142.679
0.271935 0.0211737 -293.863
-0.375 -0.61843 583.527
0.797662 -0.0326059 -892.441
0.00623881 -0.0366112 5.60943
-0.00502463 -0.06149 33.0252
0.0800302 0.282514 -67.3573
0.0538179 0.333075 -46.1853
-0.00115578 0.188707 -22.7709
-0.00122523 0.234342 -34.2626
0.00999576 0.249331 -38.371
-0.00406797 0.229364 -33.0934
0.00235138 0.238622 -35.9065
0.00144098 0.253787 -39.7744
-0.00189097 0.251793 -38.5637
-0.0241637 0.254595 -36.5314
0.0111625 0.275444 -46.7236
0.00405422 0.325364 -58.1303
-0.0140345 0.296744 -47.7434
0.0187225 0.333955 -64.607
0.0516297 0.262253 -54.7426
-0.00888649 0.36704 -64.0978
0.00223454 0.35162 -64.5022
0.0411685 0.339702 -73.7079
0.0476082 0.301665 -66.2816
0.0329887 0.27145 -53.2866
0.0109091 0.253777 -40.215
0.0351853 0.200559 -36.6383
0.0344268 0.168465 -28.0317
-0.0290218 0.141747 7.40415
-0.102319 0.159361 37.6657
-0.0812599 0.195691 17.7431
-0.042147 0.230412 -11.8449
-0.0148243 0.169463 -11.1152
-0.0129207 0.231369 -28.336
-0.0104323 0.253208 -34.8234
-0.00585752 0.24082 -34.7251
0.00310778 0.273213 -48.671
0.0208141 0.280352 -61.4868
0.066674 0.284366 -93.1774
0.0715992 0.322299 -106.056
0.0723973 0.299064 -100.719
0.074375 0.250836 -90.0863
-0.0495115 0.147472 10.5015
-0.0126878 0.0478332 3.44452
-0.0019924 -0.702929 189.321
0.0307539 -0.127099 18.0193
0 -0.702327 187.564
0.0126825 -0.157654 39.8796
0 -0.143265 47.4352
0.0398241 -0.142101 10.5802
0.0234375 -0.371094 81.3828
-0.0065351 -0.706202 194.767
0.00823349 0.0173436 -6.6732
0.00716546 -0.706145 181.283
0.0152296 -0.684861 167.623
0 -0.702327 187.564
-0.482282 -0.00989966 528.709
0.101718 0.0771549 -121.716
0.436982 0.0148783 -476.292
-0.0510732 0.38613 -34.1278
0.16464 -0.036201 -166.986
-0.00459161 0.016735 7.86625
-0.000919727 -0.0195283 12.2769
0 -0.0183919 10.8875
0 -0.0183919 10.8875
0 0 -1
0.0202738 0.206068 -27.2785
0.000148972 0.235935 -34.5282
0.0107758 0.25108 -39.5216
0.0194306 0.285575 -49.3418
-0.0139118 0.296324 -49.3793
0.00228344 0.28536 -48.0849
0.0246526 0.34104 -66.529
0.034895 0.383624 -78.7531
-0.000657118 0.375707 -69.3956
-0.0162227 0.355831 -61.7643
0.0350201 0.318459 -64.5541
0.0126189 0.304629 -53.8405
-0.00370598 0.3235 -54.7774
0.0389465 0.347236 -74.8048
0.0344338 0.344935 -72.404
0.0256021 0.335671 -67.0334
0.0418759 0.307293 -65.998
-0.00330802 0.255029 -34.4727
0.0268328 0.205667 -34.7611
-0.027468 0.29691 -33.7238
-0.0490183 0.261879 -14.788
-0.0788388 0.271148 -3.39183
-0.0993664 0.255176 11.7112
-0.059583 0.14463 19.3534
-0.0416138 0.0317133 40.1474
0.0123568 0.056773 2.24946
0.0271798 0.107278 -19.0806
0.00810919 0.157566 -21.2574
0.0167829 0.188335 -35.0005
0.0263396 0.211131 -47.264
0.085952 0.238792 -94.778
0.085092 0.27539 -103.783
0.0851759 0.274532 -103.728
-0.0663602 0.101848 33.9286
-0.0745177 0.0741844 46.6176
-0.0617039 0.0796037 35.4356
-0.0189484 0.183267 -24.851
0.00827166 0.170641 -43.4591
-0.00486413 0.138075 -23.6961
0.0108247 0.176991 -47.766
-0.174847 -0.0477605 181.331
-0.000211751 0.0149675 5.9022
0 0.244398 -56.9308
-0.0501879 0.202795 2.52493
0 -0.0341995 19.385
0.0290332 0.223335 -80.5428
0 0.245452 -57.143
0 0.258279 -60.5197
-0.171919 0.0579432 177.059
0.152911 0.171137 -200.569
-0.0197818 0.387566 -69.0284
-0.0304445 0.389989 -58.0362
0.146738 -0.0525292 -142.241
-0.0901307 0.237269 52.3362
0.206573 0.439076 -351.743
0.0071917 -0.276993 80.2851
0 -0.271563 87.6184
0.00942691 0.183325 -20.8383
0.0152792 0.164379 -15.5926
0.0198408 0.271031 -45.8413
0.0189132 0.353037 -68.4889
0.0222648 0.309938 -56.5624
0.0419065 0.313766 -59.0807
0.00824796 0.199494 -19.8251
-0.0188915 0.175053 -8.53535
0.00830408 0.375802 -71.8003
0.0228579 0.304263 -54.0074
-0.0137702 0.344541 -58.6168
0.000608474 0.356371 -65.9613
0.00496762 0.31943 -55.9119
-0.00464046 0.292397 -45.6954
0.0224201 0.307853 -58.31
0.0294793 0.290973 -55.0453
0.0271748 0.299721 -56.7825
0.0363585 0.34814 -74.4081
-0.00200087 -0.167295 89.3278
-0.0984199 0.244303 12.6728
-0.0662254 0.256328 -5.16294
-0.0278365 0.270957 -27.3728
-0.060625 0.277611 -12.7604
-0.0763466 0.308918 -14.3792
-0.113518 0.512435 -53.7037
0.00656641 0.00613157 20.8719
0.0257112 0.0307228 2.2995
0.0366832 0.0631176 -13.0598
0.0493541 0.0826061 -25.9027
0.0346488 0.155313 -37.8341
0.0581048 0.190825 -62.9752
0.109035 0.270207 -119.55
0.0924093 0.253056 -102.285
0.0880452 0.245181 -97.0081
0.0807261 0.208018 -80.7296
0.0577938 0.194133 -58.4347
0.00851569 0.168032 -46.2686
0.0119234 0.180275 -52.8402
-0.0129725 0.190324 -35.3952
0.0275956 0.16247 -61.4181
0.0149221 0.172866 -50.2442
-0.171207 -0.0369127 174.901
0.112726 0.0734649 -35.9631
0.0303027 0.0797656 -42.3155
-0.00459441 -0.0227112 19.7734
-0.0189649 0.0536158 12.147
0.0709926 0.348295 -74.6858
0.0785104 -0.114308 58.6448
0 0.0349237 6.65365
0 0.0349237 6.65365
0.189804 0.0363919 -125.159
0.0904194 0.0437466 -18.2997
-0.0233484 -0.277332 126.273
0 -0.252905 92.8801
-0.0172118 -0.267353 117.189
0.00436911 -0.262873 90.4789
0.0152371 -0.348952 101.848
-0.0560723 -0.273679 168.09
0 0 -1
-0.0524136 0.296844 -45.8834
-0.0516866 0.259908 -34.0379
0.0127037 0.364993 -72.0959
0.0142332 0.308846 -54.5321
0.0128211 0.257817 -38.1611
-0.0339686 0.13946 4.88867
-0.015805 0.125603 6.17687
-0.026045 0.0928046 18.1924
0.0368428 -0.0568641 52.4181
-0.0407816 0.361571 -56.4791
-0.0619739 0.326496 -39.7842
-0.0273241 0.3283 -49.9064
0.00608239 0.283201 -45.0836
0.0124144 0.283296 -47.61
0.0432521 0.291971 -60.9674
0.0706178 0.33274 -82.1461
0.0210063 0.303774 -54.3369
-0.0461571 0.230649 -4.54491
-0.0843783 0.230151 10.7185
-0.0529339 0.227178 -2.51132
-0.0281023 0.244394 -18.6736
-0.0667204 0.226071 6.07078
-0.0638732 0.246032 -1.82263
0.0836955 -0.0605774 -1.62806
0.0713308 -0.0406484 -1.02522
0.0493316 0.022952 -8.27489
0.0613125 0.0621978 -27.216
0.0642079 0.0711887 -31.6743
-0.188828 0.170647 113.025
-0.202257 0.179721 118.812
0.0711834 0.281895 -96.7197
0.0849361 0.251451 -96.5988
0.072891 0.24493 -86.1998
0.0745914 0.221926 -80.6959
0.0763794 0.212291 -78.5018
0.0714863 0.154612 -55.8536
0 0.00297619 10.3388
0 0.00297619 10.3388
0 0.00297619 10.3388
0.00229768 0.0257584 1.33874
-0.387692 -0.00810937 361.509
-0.0262727 2.56192 -668.453
-0.167797 -0.0608278 270.277
0.0078956 0.188319 25.1454
0.0154087 0.174007 22.276
0.432404 0.03426 -358.997
0.0710354 -0.127575 70.258
-0.0283203 0.180273 66.0665
0.0199447 0.0144929 -18.8796
0.0164718 0.0102536 -13.2336
0.126268 -0.176247 -76.0084
0 -0.0901786 120.677
0 -0.0901786 120.677
0 -0.0901786 120.677
0 -0.0901786 120.677
0 -0.0901786 120.677
0 -0.0901786 120.677
0 0 -1
-0.0516036 0.279551 -40.2952
-0.0616867 0.270041 -36.5816
-0.0627608 0.165591 -0.495396
-0.0511323 0.156053 1.63392
-0.0581112 0.153832 3.15271
-0.0444388 0.122195 11.2643
-0.101188 0.0690893 37.9462
-0.0892521 0.0229297 51.3315
-0.0642391 -0.0526032 70.9851
-0.06805 0.284861 -25.2439
-0.0837666 0.237543 -5.3132
-0.0483534 0.264677 -24.2014
-0.00969727 0.265108 -35.1303
0.0226489 0.291713 -53.8362
0.0767211 0.315294 -78.5922
-0.00663053 0.226721 -18.7156
-0.02469 0.228858 -12.7849
-0.0633333 0.213556 7.19878
-0.0711581 0.211452 10.9142
-0.0558173 0.211734 4.2524
-0.044651 0.212913 -1.00303
-0.0517544 0.204664 5.3001
-0.0441619 0.154289 17.7086
0.0843637 -0.0612387 -1.83599
0.0890195 -0.057533 -5.57079
0.0134936 -0.00109832 41.5206
0.0266384 -0.0213786 40.4043
0.0196124 0.0371751 25.3342
-0.155266 0.113173 110.508
-0.150539 0.146036 96.3352
0 0 -1
0.0955195 0.595499 -215.263
0.0864968 0.261896 -101.904
0.07243 0.248366 -86.677
0.0491012 0.257194 -72.3992
0.0722999 0.215443 -76.6716
0.00330944 0.181235 -12.787
0.0395592 -0.00493237 26.5627
0 0.0910866 20.1824
-0.00594361 0.0942178 24.3529
0.000182389 0.119227 10.5941
0.000578812 0.117522 10.8009
-0.0134443 0.148283 13.5111
0 0.118415 11.0324
0.00627834 0.160386 -9.39221
-2.19844 -0.0265625 2329.26
0.445719 0.0260009 -369.85
0 0.115125 12.1561
-0.0695744 0.0675061 150.756
-0.0457928 0.0415175 133.745
-0.0388513 0.0634297 118.866
0.054262 0.189208 -27.4439
0.0577292 0.0953 -0.728798
0.0535057 0.101239 0.995838
-0.0139665 0.275526 21.4942
0.40625 -0.171875 -247.93
0 0.215371 25.1142
-0.053745 0.256519 -32.1021
-0.0577563 0.269483 -36.6185
-0.0679057 0.254139 -30.7689
-0.0680342 0.193503 -9.73823
-0.0700121 0.155468 3.60723
-0.0639673 0.110096 18.7179
-0.0804568 0.107432 21.5143
-0.0915637 0.0867314 30.428
-0.0269016 0.171083 6.38639
-0.0416313 0.1826 5.39321
-0.0621617 0.234482 -8.68582
-0.0615702 0.265127 -21.0819
-0.0396926 0.249824 -22.1626
0.0144554 0.26765 -42.9884
0.0490815 0.303157 -65.8025
0.0541731 0.285313 -60.2515
-0.0134187 0.202378 -7.53414
-0.0472801 0.203296 4.64873
-0.0632114 0.163765 24.3307
-0.0640512 0.192253 15.1351
-0.0554843 0.208659 4.9776
-0.0549317 0.204928 6.46985
-0.0511166 -0.571441 273.897
-0.114365 -0.473416 269.883
-0.12055 -0.448813 264.072
-0.020328 0.855621 -237.162
0.00423508 -0.0110987 50.3713
-0.000129969 -0.0106252 52.5162
0 0 -1
-0.0738575 0.127365 52.9672
-0.0798517 0.161196 44.6511
-0.0081243 2.47869 -836.088
-0.0081243 2.47869 -836.088
0.0931188 0.267187 -108.366
0.0957857 0.273514 -112.449
0.0691534 0.258671 -87.4212
0.0638875 0.235311 -75.9785
0.01365 0.0319885 29.9931
0 -0.457733 212.455
-0.0183254 -0.298781 170.089
0.00113282 -0.298196 153.364
-0.00636541 -0.29721 159.562
-0.0445313 -0.163281 148.677
-0.25008 -0.173035 343.389
-0.0297275 -0.302715 184.561
0.293037 0.172136 -303.753
-0.39877 -0.296822 553.819
0.0064241 -0.278213 140.768
-0.00124774 -0.100626 44.7645
-0.00762293 -0.271205 153.039
0.0271484 -0.30293 177.171
-0.279667 0.0781144 378.088
0.00890748 -0.0355305 10.249
0 -0.0644343 30.4212
0 -0.0168055 13.7767
0.130359 0.071645 -89.3983
-0.0891638 -0.0329237 127.979
0.160519 0.149918 -60.4151
-0.049542 0.251396 -30.3407
-0.0492068 0.257722 -32.7626
-0.0337633 0.272974 -39.339
0.0166684 0.282216 -46.364
0.0759428 0.269623 -46.3654
0.0760956 0.254068 -40.3993
0.0501037 0.237234 -30.727
0.0155846 0.220622 -19.3669
-0.017673 0.176136 2.87625
-0.0306042 0.184211 2.60644
-0.0566602 0.209671 -1.2528
-0.0592108 0.274402 -24.8772
-0.029824 0.268944 -30.6786
0.0147106 0.293782 -52.207
0.040829 0.294093 -59.9864
0.0351651 0.267674 -48.1847
-0.0177159 0.200498 -5.36241
-0.0536243 0.195427 9.60921
-0.0587982 0.178122 17.4301
-0.0492831 0.164427 18.7565
-0.0468348 0.211864 0.0748882
-0.0398404 0.204949 -0.513719
-0.0304944 0.193519 -0.69199
-0.0248357 0.182002 0.789577
-0.0222309 0.170382 3.75925
-0.0215924 0.158643 7.77016
-0.0217125 0.146762 12.2371
-0.0214975 0.134719 16.5644
-0.0199804 0.122491 20.1629
-0.0162251 0.110059 22.3969
0.0134561 0.207068 -32.9204
0.0665094 0.225118 -74.923
0.0941979 0.243025 -100.521
0.0988737 0.260815 -110.279
0.0853473 0.272056 -104.376
0.0675639 0.273874 -91.5366
0.0533968 0.279212 -82.6657
0.0616018 0.296144 -95.5101
0 0.225781 -30.4906
0 0.225781 -30.4906
0 0.225781 -30.4906
0 0.225781 -30.4906
0 0.225781 -30.4906
0 0.225781 -30.4906
0 0.225781 -30.4906
-0.102034 -0.0480279 167.285
0 0.225781 -30.4906
0 0.225781 -30.4906
0.00125872 0.220362 -29.7992
-0.000978653 0.190888 -16.5227
0 0.225781 -30.4906
0 0.225781 -30.4906
0 0.225781 -30.4906
0 0.225781 -30.4906
0.124581 0.0700666 -82.242
0.232853 0.128341 -232.087
-0.0410957 0.0464452 83.5968
-0.0410957 0.0464452 83.5968
