-0.0172183 -0.0256079 26.1797
-0.001777 -0.081795 27.0725
-0.0243922 -0.0652593 27.6629
-0.196868 0.222119 35.5236
-0.0915492 0.104995 28.6901
-0.0758703 0.0928104 26.9922
-0.0641711 0.0454231 24.8772
-0.0479695 -0.0163692 23.5786
-0.00878742 0.259335 21.809
-0.00272985 0.0858832 23.299
-0.0159907 0.0418356 27.2027
-0.0453805 0.0354411 29.1878
-0.00895263 -0.00638807 31.3207
0.0146215 -0.272829 18.2234
-0.0321752 -0.178884 30.6642
-0.059908 -0.146239 38.7845
-0.0377225 -0.148739 31.4199
-0.36758 -0.00935322 167.957
-0.00717015 0.0227502 27.3537
-0.0471083 -0.0771823 44.2518
0.0112345 -0.46798 32.56
-0.00485562 -0.443653 39.8125
0.00361859 -0.510878 36.3593
-0.00901189 -0.0322628 33.2962
-0.00597112 0.00774116 31.2027
0.8179 -0.387284 -431.595
-0.134427 -0.165504 113.395
-0.134513 -0.164487 113.409
0.123804 -0.184968 -46.4866
0.0750018 -0.177752 -16.3223
0.00154057 -0.206822 31.3213
-0.0304821 -0.189874 51.9266
-0.0181179 -0.187166 42.68
-0.0227463 -0.223563 47.1431
0.00669209 -0.218861 26.1784
0.253432 -0.305863 -165.075
0.00244178 -0.337855 30.53
-0.115035 -0.103632 117.011
-0.094547 -0.114684 100.269
-0.0588736 -0.0379682 67.6505
-0.100068 -0.0503361 102.984
0.0699541 0.0181995 -48.0513
0.011299 0.133986 4.16925
-0.416142 -0.399887 405.676
0.00649829 0.0634463 8.0218
0.0191818 -0.160879 -2.86912
0 0.0581257 14.295
-0.010137 0.0569411 24.7444
-0.00450064 0.0514015 19.0913
0.00796981 -0.156818 7.44244
0.00585947 0.0604542 7.87482
0 0.0472734 14.2025
-0.0150794 -0.00357887 33.088
-0.0146983 -0.00561584 32.6566
-0.0872305 0.0681438 117.201
-0.0102766 -0.00758953 27.6538
0.0392717 -0.0491088 -6.3136
-0.00600751 0.00926589 23.3756
-0.00321494 -0.0758868 26.7587
-0.0138449 -0.0976798 27.4729
-0.0143952 -0.103695 28.1448
-0.0350952 -0.142027 29.5988
-0.0456076 0.00106345 26.9459
-0.136951 0.0918096 34.3636
-0.0526319 -0.0683506 26.3615
-0.0389426 -0.0379177 22.6522
-0.0271272 -0.0345288 20.2251
-0.0291128 -0.0271321 19.8987
0.00271538 0.0295704 22.8112
0.268896 0.101261 -43.9873
-0.00635667 -0.000623735 30.3894
-0.0187612 -0.16706 25.369
-0.047367 -0.164385 34.3488
-0.0178507 -0.153522 24.8352
-0.0285302 -0.0857528 25.6949
-0.0190416 -0.0685169 21.8053
-0.162584 -0.211749 83.0113
-0.0235367 -0.461026 43.2929
0.0739772 -0.0054761 -28.5269
0.0751661 -0.00273395 -29.1096
0.0174127 -0.0165285 19.3059
0.0152132 -0.0271169 20.8584
-0.42779 -0.0992036 243.131
-0.0219298 0.0133944 28.1142
0.013193 -0.0130603 9.27907
0.315333 -0.240522 -163.695
0.253024 -0.221113 -126.027
0.0832685 -0.162866 -21.911
-0.0212086 -0.188859 45.6492
-0.0425916 -0.168721 59.1663
-0.0277261 -0.213837 50.09
0.000283574 -0.21862 30.5063
0.0643377 -0.0969339 -27.1856
0.0647824 -0.255107 -21.0437
-0.0468298 -0.273078 66.6447
-0.0721438 -0.196528 83.5438
-0.0755678 -0.134083 84.7972
-0.0591207 -0.0551499 68.4044
0.026268 -0.0795139 4.13511
-0.370485 -0.0691084 354.977
0.0129403 -0.00810333 3.77196
0 -0.0253849 16.3201
-0.0235727 -0.00633639 38.1617
-0.000466553 -0.0239422 16.7379
-0.00344681 -0.0213863 19.6288
0.0163849 -0.0317474 -0.228619
-0.00341418 -0.0320392 20.1455
0 -0.0253849 16.3201
0 -0.0253849 16.3201
0.00209597 -0.0235042 13.9181
-0.0137735 -0.00390565 31.6095
-0.0128125 -0.0033727 30.4755
-0.0773242 0.0285273 104.896
-0.0112544 -0.00802495 28.8209
0.0515644 -0.0476807 -21.2393
-0.00601435 0.00926597 23.3841
-0.0161172 -0.0522652 25.4866
-0.0217369 -0.0709568 26.3402
-0.0373938 -0.0624052 26.6522
-0.0204541 -0.0571423 21.4471
-0.0315069 0.00807157 18.0612
-0.00452725 -0.0704809 19.6389
-0.0376602 -0.0616362 23.1841
-0.035671 -0.0322286 20.7524
-0.0191869 -0.0426393 19.1972
-0.0121095 -0.0224763 16.5576
0.0047392 0.000526184 11.5629
0.0250086 0.0930241 0.874731
-0.0398894 -0.00926191 39.9574
-0.0969666 -0.032296 33.6861
0.00135829 0.0307169 9.64463
-0.0127927 -0.0453328 18.5918
-0.0368549 -0.00833839 24.7694
-0.0033414 -0.0512571 14.4858
0.0374926 -0.0148108 -1.99662
0.0286072 -0.049207 3.89282
0.00890862 -0.0439353 11.511
-0.0078843 -0.020913 17.5418
0.280836 0.248486 -125.113
-0.0116201 0.0438952 30.7412
-0.246249 0.235973 142.587
0.18566 -0.377973 -70.6356
0.0129436 -0.0123003 9.39458
-0.129777 0.365982 81.35
0.127419 -0.605362 -29.5724
-0.0140113 -0.622525 60.3122
-0.0120727 -0.0621184 33.4471
-0.0582381 -0.116133 68.0118
-0.0619714 -0.193564 73.5235
0.0623631 0.0499061 -28.996
0.0296419 -0.269029 5.76376
-0.234892 -0.24268 204.935
-0.00819877 -0.203146 33.0411
-0.0453393 -0.168065 60.711
-0.0432941 -0.165633 59.2185
0.177767 -0.28115 -121.527
0.00485437 -0.0124309 1.49866
-0.417649 0.123125 391.076
0.00468847 0.732555 -31.657
-0.00784599 -0.00323289 9.56783
0.00892561 0.727037 -35.5537
0.274909 0.699747 -297.916
-0.117008 0.226324 117.41
0.00549166 0.0482733 4.02789
0 0.0469324 9.75945
-0.0128824 0.0544229 23.0483
0.0163405 0.0367066 -7.41069
0 -0.135885 20.7038
0.0115448 0.0298844 -2.31766
-0.0694529 0.0418051 317.968
0.0122905 -0.124198 232.579
0.0136544 -0.0464595 226.815
-0.0060212 -0.208145 32.8499
-0.00602066 -0.208145 32.8493
-0.0261731 -0.0124361 23.4186
-0.0277023 -0.017185 23.7253
-0.149001 0.0825635 20.6677
-0.0548363 0.0825071 15.821
-0.0593679 0.0747769 17.0362
-0.0809489 0.0603615 19.904
-0.04201 0.0318793 17.6991
-0.0199848 -0.0013929 16.5597
-0.0182603 -0.024974 17.7106
0.0123366 -0.00556864 10.0103
0.109941 0.11781 -19.7268
0.057198 0.105848 -7.9704
0.0453611 -0.00824587 16.7367
0.00836695 -0.0125231 12.5943
-0.0362182 0.0399133 21.681
-0.0383681 0.0176426 24.1777
-0.0516521 0.0108248 29.2281
0.00476908 -0.0321585 11.4542
0.242763 -0.00283305 -84.8732
-0.00169177 -0.0929532 19.3732
-0.0399353 -0.0343683 26.1769
-0.0392879 -0.0362562 27.5464
0.77234 0.0940858 -362.914
0.0250175 0.0434581 12.8273
-0.0382078 -0.0129982 24.6997
0.0180938 -0.0356527 -2.71515
0.045653 -0.0687999 -16.1429
0.0595121 0.0382438 -32.7177
0.0219538 -0.0712307 -1.95823
0.0047175 -0.0496525 7.29342
0.0239875 0.0243806 -12.7672
0.0121533 -0.0422063 1.21069
0.0396902 0.00987969 -21.6852
0 0 -1
-0.0281985 -0.25187 47.6392
0.0164577 -0.0625463 -0.167077
-0.0145354 -0.0189531 17.99
-0.027434 -0.170674 46.5883
0.0106971 -0.0619866 1.18566
-0.563094 0.34825 463.068
-0.124065 -0.0784745 144.44
-0.0920981 -0.156104 101.383
-0.103473 -0.170035 127.567
-0.117675 -0.165985 140.469
-0.00139774 -0.00481013 9.54081
-0.000777828 -0.00111855 8.7046
-0.00381383 -0.0142457 10.9997
0.0148506 0.304263 -23.7744
-0.00507349 -0.00340784 6.67937
0 0.0193359 10.76
0.0526731 0.238658 -61.5802
0.0786094 0.0508527 -67.0537
0.0383318 0.49551 -64.6873
0.171267 0.390086 -210.505
-0.224254 0.212557 264.527
0 0.832771 -45.9837
0 0.119274 9.23304
0 -0.882254 74.8115
-0.0278559 0.0100413 21.7977
-0.0521 -0.0269564 26.4549
-0.0476072 -0.0156447 25.1594
-0.0685468 -0.013887 25.9001
-0.0853724 0.0220087 24.2282
-0.0653377 0.0244824 21.594
-0.0498901 0.0150837 19.8648
-0.0423313 0.00957272 19.3804
-0.0439234 0.00342465 20.2178
0.0266641 0.00454348 6.52389
0.141922 0.13795 -28.4317
0.008507 0.11173 6.18402
-0.0298981 0.00402313 36.0382
-0.0595894 0.0532792 27.3917
-0.057778 0.0387921 28.4571
-0.0540645 0.0172443 29.3046
-0.0541845 0.0172446 29.5239
-0.0593841 -0.0219496 34.9035
-0.0150595 -0.0784364 23.0488
-0.0567932 -0.0705917 38.7393
-0.0375765 -0.0297432 25.6267
-0.0177212 -0.0643439 19.3964
-0.0113082 -0.0492996 14.6646
0.240395 0.847883 -184.786
-0.00801978 -0.0100479 8.78348
-0.00467776 -0.0169987 7.67627
0.064367 -0.024427 -30.7949
0.099907 0.0981656 -61.3435
-0.0206344 0.0272691 16.1405
-0.00590271 0.0370066 5.70465
-0.0155733 -0.045772 20.0607
0.0191198 -0.182324 8.22087
0.000204371 -0.0295675 8.54525
-0.0286134 -0.0473241 30.7699
-0.139657 -0.0418535 112.23
-0.0149773 -0.0544654 21.7336
0.0256658 -0.0599757 -8.99741
-0.012106 0.00653779 13.3227
-0.0104409 -0.0323148 16.9796
-0.0268172 -0.501952 84.1784
0.00873792 -0.0046651 -3.39375
0.064746 0.134322 -52.9048
-0.0742327 0.665682 26.9665
-0.0945254 -0.0904247 112.122
-0.00888648 -0.00204125 10.8048
0.00125393 0.0037597 1.53789
0.000336128 -0.00526979 2.21865
0.0113582 -0.00530474 -5.84548
0.00645059 -0.00653305 -0.696668
0.00696077 -0.00390945 -1.55232
0.0142152 -0.013447 -8.14524
0.0017183 -0.00507792 4.71967
0.00236157 -0.00697122 3.85673
0.0625284 -0.0406864 -44.2996
-2.31771 -0.0996094 2736.45
0.00435537 -0.00355967 1.39446
0.0278168 0.0181859 -32.3064
0.0425228 0.0240319 -50.1211
-0.029248 0.00342916 22.7403
-0.0517066 0.00859685 22.8658
-0.0615435 -0.0011263 24.1743
-0.0451455 -0.0127691 24.1395
-0.072385 0.0267383 21.6049
-0.0652278 0.0442696 18.3864
-0.0648346 0.0576437 17.0871
-0.0440686 0.0234217 18.4877
-0.0254098 0.0399181 13.1547
0.317427 0.302452 -83.826
-0.000682277 0.0583502 13.7721
0.0175456 0.0592935 9.20973
0.026902 0.0115236 19.8812
-0.100074 0.0528645 39.7691
-0.0743345 0.0356598 34.3928
-0.0708689 0.0284551 33.8544
-0.0687836 0.0141896 34.7155
-0.222845 -0.0568201 166.99
-0.0126708 -0.155805 98.0056
0.000377006 0.425743 -39.4818
0.148058 0.951985 -106.968
0.011696 0.386032 -1.63143
0.470296 0.0891498 -190.338
0.0547151 -0.526908 56.1813
-0.0296521 -0.02829 21.8353
0.0808061 0.14003 -38.8761
-0.00832806 -0.0248717 10.6959
-0.00239291 -0.0229207 7.04303
-0.142878 -0.0803535 106.15
-0.0558871 -0.113939 54.8794
-0.0393332 -0.121037 44.7557
0.0109244 -0.101982 9.06083
0.00341601 -0.0736966 11.6898
-0.22331 -0.0609874 174.395
-0.00170687 -0.0670787 12.9887
-0.00300939 -0.0567172 13.0256
-0.00768067 -0.0520456 14.7918
0.036828 -0.0446456 -19.8335
0.0215046 -0.00821836 -15.4688
0.00537585 -0.00489438 -1.2138
-0.122234 -0.0614581 117.593
-0.0216852 0.0477546 16.0168
0 0.0225969 -0.617372
0.0265985 0.0874106 -34.1218
0.00466493 0.0337243 -6.41824
2.04562e-05 0.0233537 -0.723465
-0.00236017 0.0482439 -1.21567
-0.007055 0.0339063 5.32613
0 0.0225969 -0.617372
-0.00324091 0.0214889 2.96109
0.00536842 0.0288273 -7.17881
0 0.0393995 -2.53179
-0.00452502 0.0351582 3.07831
0.22178 -0.115159 -228.075
-0.0526478 -0.210971 102.965
-0.21888 -0.0157552 271.53
0.0137015 -0.191728 22.3869
-0.00506423 -0.321071 60.5025
-0.016199 -0.0136392 24.7499
-0.0234776 0.000913587 22.961
0.252651 -0.0761414 21.6385
-0.0130276 0.00969818 27.2871
-0.0513806 0.0665575 14.4969
-0.0204651 0.14627 0.0554988
-0.0807463 0.113033 12.2211
-0.0585566 0.0214785 20.4342
0.00274658 0.155239 -1.68447
-0.0126544 0.0453105 18.1348
-0.029479 0.0494609 21.3512
-0.00718034 0.0203551 20.0037
-0.0261609 0.00666011 34.8168
-0.0855649 0.0293775 38.8175
-0.0896687 0.00496316 43.2849
-0.0818104 0.00981062 39.9529
-0.0626316 0.0307926 31.4626
-0.285677 -0.0237856 195.94
-0.00452517 0.416866 -36.4072
0 0 -1
-0.0890534 0.0691619 93.4697
-0.22529 0.0147404 164.908
0.232937 0.0709579 -74.0333
-0.0441222 -0.051392 31.1138
-0.0218388 -0.0270852 18.7994
-0.00427341 -0.0363538 10.086
0.00824715 -0.0510885 4.76587
0.0110922 -0.0540493 3.90398
-0.0580276 0.0672796 31.0323
0.00758056 -0.0634718 7.33827
-0.0197325 -0.0690674 24.594
0.0117778 -0.066343 3.61994
0.018547 -0.0720155 -1.05256
-0.00685282 -0.0710961 17.2299
-0.0121277 -0.0540282 18.9192
0.0314104 -0.0704595 -11.852
0.129818 -0.128222 -81.3976
0.0858105 -0.0672031 -55.1923
0.00355101 -0.050089 9.35953
-0.011404 -0.00922938 14.154
0.00539323 -0.00665007 -0.533123
-0.0269911 -0.0341972 31.4964
-0.00150164 -0.008233 5.3798
0.164961 0.0736062 -159.517
-0.0108017 0.0141575 11.0501
-0.000788392 0.02906 -0.649211
-0.0420328 -0.089908 57.7226
0.000551943 -0.00959479 3.41807
0.00605319 0.00659217 -4.62189
0.000421595 0.0173259 -0.234809
0.00659921 -0.00375266 -4.02312
0.00435483 0.00987354 -3.57664
-1.28628e-05 0.0178887 0.114424
-0.00190938 -0.454183 67.072
-0.0472487 0.228444 44.2057
0.0476431 0.00465511 -52.6464
0.298731 -0.0982945 -341.436
0.0118504 -0.0129415 -6.88576
0.000477574 -0.0199795 25.3745
0.0148287 0.00173956 21.3582
0.0682073 -0.0629225 29.8123
-0.146321 0.117643 29.4169
-0.132491 0.0975747 31.8171
-0.0339759 0.067969 12.5236
0.0313127 0.214775 -14.2826
-0.0102475 0.161655 -0.452852
-0.0367788 0.110706 12.7791
-0.0489191 0.0657483 22.5246
-0.0403668 0.0306687 26.3838
-0.0559246 0.0120924 33.021
-0.0223688 -0.00409593 35.5562
-0.0866023 -0.00525365 43.7122
-0.0843422 -0.0101505 43.8132
-0.0802617 -0.00403014 41.4941
-0.348747 0.0346665 210.301
-0.368502 -0.00112962 223.298
-0.355269 0.161717 188.101
-0.124663 0.188506 90.7986
-0.110195 0.175682 85.793
-0.172504 0.0431476 135.823
-0.220595 -0.00179461 164.753
0.5123 -0.0651587 -224.189
-0.0279072 -0.0319879 22.449
-0.0175248 -0.0402013 17.638
-0.00245401 0.0288675 -2.00159
-0.00116273 -0.0306285 6.92328
0.0336162 -0.0579587 -9.55937
0.0014983 -0.0545431 9.08223
-0.0976562 0.0664062 52.4805
0.00114823 -0.0561705 8.97069
0.0135814 -0.0382079 -2.54929
-0.0195312 -0.0546875 23.0391
0.0158468 -0.0335555 -5.09624
0.0478703 -0.0291369 -30.8012
0.0508654 -0.0412471 -31.5484
0.0136005 -0.0401992 -0.755383
0.0122323 -0.0462617 0.752227
-0.0337917 -0.0498612 39.8159
-0.0179189 -0.119228 34.9004
-0.0269942 -0.290342 70.9638
-0.00143301 -0.0213257 7.53849
0.0192573 -0.0116462 -13.1363
-0.00134074 -0.00296158 4.11712
0.013101 -0.00642279 -7.5972
0.00236157 -0.00697122 3.85673
0.00423906 -0.000991473 -0.943996
0.00827346 -0.00539724 -2.75838
-0.961064 -0.312927 1107.33
0.121079 -0.22346 -74.8983
0.00712917 0.000641126 -2.27604
-0.0105657 -0.164273 39.2365
0.202436 0.191682 -240.937
-0.145033 0.155558 169.917
0.0466527 -0.00126894 -50.2052
0.226004 0.102114 -279.922
0.0450477 -0.0174032 -45.989
-0.0951475 0.0316547 42.3863
-0.0960551 0.0352403 41.7633
-0.0994333 0.0378947 41.4405
-0.148471 0.0748675 37.5969
-0.137082 0.0599519 39.0617
-0.124201 0.0520381 39.2587
-0.0974672 0.0581421 34.5178
-0.0758164 0.131449 16.7155
-0.0963454 0.0617178 33.1066
-0.0838468 0.0576859 31.2717
-0.0677011 0.043727 30.1308
-0.0947106 0.020703 40.5154
-0.0774549 -0.0159413 52.5155
-0.0650708 0.00246444 35.2583
-0.0671852 -0.0423431 43.9536
-0.0721655 -0.0130802 40.3165
-0.0712853 -0.000455782 37.7264
-0.403173 0.166789 207.093
-0.0447074 0.0718095 85.9913
-0.198958 0.216769 118.759
-0.221955 0.216219 128.915
-0.249006 0.0499734 170.407
-0.473939 -0.0885916 301.971
-0.0999852 0.183782 46.3195
-0.0199924 -0.0214104 16.1992
-0.00962793 0.0359075 7.86622
-0.0901254 0.16939 25.8178
0.0061765 0.0510676 -10.0265
-0.0339209 0.268237 -25.0727
-0.0284639 0.268691 -28.9651
-0.0350233 0.257604 -22.5288
-0.0234674 0.191917 -17.5489
-0.0304883 0.106718 3.36412
-0.0387843 0.186354 -5.75539
-0.0285247 0.271349 -29.4885
0.0275769 -0.024028 -15.6331
0.0086807 0.0290294 -10.4809
0.00606786 -0.021876 0.996885
0.0150208 -0.0149104 -7.16563
-0.0100575 -0.0406487 17.9574
0.00641173 -0.0114783 -0.425278
0.0124022 -0.0119045 -5.27922
-0.00561372 -0.00741646 9.0334
0.0496928 0.142712 -69.9148
0.0175478 0.416096 -88.9026
-0.0030526 0.365246 -59.7399
0.0307476 0.355633 -91.9128
0.269548 0.102103 -284.175
-0.165144 0.140322 159.423
0.0892502 -0.128649 -58.8321
0.0771263 -0.159536 -39.3088
0.132142 -0.18283 -103.151
-0.177752 -0.167607 242.445
0.247924 0.0225139 -280.54
-0.318207 -0.160814 418.405
-0.0483732 0.234566 30.4061
-0.0357526 -0.00143102 50.1526
0.0123162 -0.0471357 -0.476911
-0.0951475 0.0316547 42.3863
-0.00646147 -0.356159 102.928
4.57852e-05 -0.335219 97.9461
-0.163963 0.0207887 49.1297
-0.138584 0.0310653 44.8214
-0.126088 0.039855 41.8152
-0.10921 0.0554178 36.5453
-0.105192 0.0648526 33.8821
-0.113749 0.0391646 40.3263
-0.0883277 0.0460941 34.1561
-0.069022 0.0917076 20.8125
-0.102889 0.0483356 37.0574
-0.0942074 -0.0174491 57.4233
-0.103489 0.0857397 30.5769
0.0159249 -0.0731134 23.582
-0.0821771 0.33573 -24.194
-0.0838433 0.351714 -26.9606
-0.378028 0.129955 204.278
-0.36786 -0.377369 233.969
0.0990231 -0.0574391 -21.977
0.212107 -0.378597 -8.50624
0.307785 0.364018 -151.233
0.503015 0.0345958 -240.582
0.50108 0.0335892 -239.417
0.0542009 0.212009 -61.7872
-0.0306813 0.175595 -8.58423
-0.0185028 0.223325 -25.4766
0.0257174 0.0886463 -22.074
-0.077561 0.0780278 42.9046
-0.0632616 0.250961 -2.79424
-0.0489803 0.292193 -20.2461
-0.0486904 0.245827 -11.0328
-0.0683836 0.209758 10.2296
-0.0371282 0.189356 -7.61439
-0.0301472 0.158732 -6.49143
-3.93772e-05 0.0431879 -6.28185
0.00464395 0.0194829 -5.32066
0.0149323 -0.00915688 -7.84208
0.0132674 -0.00993264 -6.72674
0.071037 0.025272 -62.3584
0.00715771 -0.00704529 -1.35419
0.0127934 -0.00974316 -6.27335
-0.00576499 0.017007 3.81096
-0.246094 -0.0911458 259.523
0.0117118 -0.0134545 -4.16044
0.00319757 -0.00565122 0.162633
0.0127978 -0.0103108 -6.17472
0.00789083 -0.0255033 3.74855
-0.00208285 -0.0281407 16.056
-0.00917063 -0.154081 54.0249
0.0901155 -0.147062 -55.6682
-0.033371 -0.0507616 55.0535
-0.145856 -0.206403 214.589
0.38043 -0.0534488 -416.494
-0.123559 0.160407 123.322
-0.0666439 -0.0258889 92.4825
-0.0121472 -0.0614141 32.4746
-0.0458259 -0.0112627 63.852
-0.0122611 -0.373313 106.777
-0.00979597 -0.37062 106.231
-0.0596532 -0.264391 84.7064
-0.041625 0.129339 -7.45452
-0.0501826 0.235931 -32.6129
0.00130113 0.237632 -38.7067
-0.300714 -0.181272 104.858
0.196094 0.330273 -92.181
-0.0563267 0.2583 -32.1707
-0.0360767 0.253843 -35.2615
0.0243433 0.336642 -67.8702
0.0313828 0.233674 -45.29
0.0221979 0.249029 -47.2965
0.0376344 0.297896 -63.0663
0.0485465 0.330475 -73.7696
0.0719195 0.367203 -89.7899
0.0739275 0.379159 -93.1877
-0.0958775 -0.227801 172.304
0.239164 -0.0803598 7.97902
-0.0321735 -0.0431741 27.3274
0.282716 0.313078 -129.256
0.26228 0.129904 -80.4992
0.496848 0.0484945 -240.834
-0.0801072 0.285892 -6.5561
-0.0116815 0.266936 -39.1603
-0.00448467 0.269081 -42.9326
-0.0117272 0.259755 -37.1958
0.0032807 0.177935 -27.3477
0.0174568 0.279066 -59.3319
0.00348696 0.30904 -57.1971
-0.0233132 0.355891 -50.1632
-0.0665055 0.280251 -5.57956
-0.0936112 0.240558 21.6247
-0.0309557 0.19263 -12.5472
0.0357504 0.254543 -74.4846
0.0221945 -0.0240588 -0.613803
0.000282557 0.016013 -1.07115
0.0129595 -0.0102982 -6.35086
-0.00154951 -0.0066711 5.97003
-0.00390932 0.0393837 -2.1037
-0.0114029 0.044064 3.84601
-0.0236457 -0.0339965 42.484
-0.0359587 0.0351566 33.5196
-0.00103391 0.0328025 3.0483
0.000507556 0.027991 2.69715
0.000425257 0.0182383 5.03061
0.000411924 -0.00361943 10.0579
-0.00164448 -0.031629 18.5669
-0.00484476 -0.0649506 29.5109
-0.00900783 -0.0997297 41.8734
-0.017273 -0.133404 58.4773
-0.0284089 -0.11988 67.5968
0.0139777 -0.0250049 -1.64982
0.0764173 -0.00938108 -76.3744
-0.114869 0.0739382 132.989
0 0.209478 -34.1191
0.0238427 0.148645 -48.9198
-0.0315602 -0.272829 122.807
-0.0198348 -0.383251 109.108
0.0813414 0.235478 -41.6476
0.0501562 0.210278 -33.632
0.00558422 0.200991 -28.8278
-0.0179254 0.240405 -36.5413
-0.00754437 0.258107 -42.2993
-0.0116774 0.26245 -42.456
0.00674984 0.297104 -54.1951
-0.00661716 0.243271 -38.2752
-0.0044091 0.278486 -47.8068
0.0165276 0.30056 -58.0276
0.0252687 0.296934 -59.0047
0.0171073 0.294074 -55.9782
0.0233962 0.311717 -61.8533
0.0634173 0.338468 -80.2744
0.0853675 0.373672 -95.7531
0.0801241 0.379531 -95.3921
0.000530116 0.197666 -6.97329
-0.0197303 0.141763 14.4196
-0.0147853 0.230392 -17.5472
0 -0.137123 47.1432
-0.115146 0.16172 41.6263
0.477756 0.0540927 -232.704
-0.0317654 0.237811 -20.107
-0.0177517 0.275863 -36.8178
-0.0110986 0.291936 -44.6671
-0.0462611 0.254441 -16.755
0.0149407 0.269634 -55.755
0.0246462 0.282984 -64.1215
0.0225862 0.30724 -69.2333
0.0449066 0.296687 -80.8178
0.0614341 0.293579 -91.0599
0.0807214 0.262575 -95.995
-0.0112812 -0.0532198 39.2204
-0.0112812 -0.0532198 39.2204
0 -0.0581336 31.9897
-0.00925634 -0.0620432 40.2178
2.31563e-14 -0.0581336 31.9897
2.31563e-14 -0.0581336 31.9897
0 -0.0581336 31.9897
0.0102846 -0.0570109 22.8241
0.0222779 -0.0518291 10.4294
0 -0.0581336 31.9897
0 -0.0581336 31.9897
0.0213731 -0.072408 15.0603
-0.0106436 -0.0617336 43.201
-0.00971579 -0.0515675 39.7441
-0.00415149 -0.0340339 29.7441
-0.00163881 -0.0117178 21.6224
-0.00127766 -0.00572095 19.7523
-0.00118097 -0.00150357 18.5979
0.468901 -0.00234236 -498.593
0.211706 -0.234103 -164.661
-0.035579 -0.237307 118.891
-0.0395283 -0.264701 130.25
-0.0384262 -0.29131 135.514
0.0893472 0.127052 -121.423
-0.0321404 -0.273805 123.754
0.0729239 0.253608 -45.8126
0.0616632 0.235917 -40.5392
0.0416826 0.248236 -43.4816
0.0256675 0.271327 -48.0981
0.00187051 0.256466 -41.8192
-0.00332905 0.277721 -47.4829
0.00589708 0.316627 -60.0456
0.00498145 0.289397 -52.8303
0.0195249 0.282108 -53.3579
0.00319115 0.320587 -60.8364
0.0313617 0.339447 -71.9051
-0.414538 0.422124 20.281
0.0206407 0.269931 -49.9401
0.0408104 0.300641 -64.1559
0.103524 0.339714 -92.8938
0.0952291 0.343294 -90.8433
0.0897919 0.36619 -95.1795
0.0361328 0.262454 -45.7568
-0.0220377 0.22717 -13.821
-0.0276236 0.251488 -18.2763
-0.0858655 0.235124 8.39419
-0.125215 0.166754 45.072
-0.0976386 0.0600779 59.8095
-0.0372146 0.156021 3.94297
-0.0386438 0.134065 11.7777
0.0124597 0.117339 -10.9082
0.0384973 0.120258 -27.9696
0.105903 0.0825654 -56.0182
0.0689876 -0.00109845 -10.7268
-0.0464764 0.228992 -3.80769
0.0417398 0.242977 -64.6191
0.0642226 0.261704 -84.4814
0.0822099 0.243917 -92.1885
0.0864965 0.242242 -94.5275
0.0365267 0.284187 -69.922
0.0229974 0.268716 -54.9728
0.0044089 0.276144 -42.6011
-0.00527489 0.281262 -36.3325
-0.00399929 0.28149 -37.4303
-0.0269604 0.172053 10.1584
-0.0389558 0.202721 12.2618
-0.049083 0.269274 3.18691
-0.0204559 0.0503885 38.2296
0.387312 0.0785866 -205.86
0.394971 0.0742249 -211.978
0 0 -1
-0.00823476 -0.0288276 32.092
0.0170584 0.0658989 83.4398
0.00174316 -0.00928645 17.4747
0.000862957 -0.0058879 17.5055
-0.238807 -0.191093 327.993
0.439147 0.398668 -568.508
0.0793344 0.105494 -102.148
0.0120447 0.0650061 -14.0335
0.114215 -0.259885 -47.5749
0.264382 -0.0563737 -279.714
0.255356 0.376407 -391.664
0.258646 0.333541 -384.239
0.0624563 0.250917 -44.8288
0.051553 0.239155 -41.0076
0.0406644 0.248002 -42.8916
0.0655976 0.278586 -53.1414
0.0239364 0.346931 -68.6354
-0.0401411 0.331039 -57.5015
-0.00200635 0.343657 -66.9458
0.0146446 0.373318 -78.8116
0.0525706 0.389818 -89.2777
0.0408357 0.406949 -91.7189
0.0601753 0.0489821 9.5622
0.00419881 0.307324 -56.6205
0.0199146 0.284379 -53.6339
0.096478 0.324738 -86.6821
0.101375 0.34242 -92.4068
0.0724639 0.279802 -65.2315
0.071042 0.309672 -72.7701
0.00193168 0.222025 -20.6186
-0.094379 0.262957 3.97817
-0.0933207 0.240923 10.0613
-0.0885482 0.315968 -15.3089
-0.0469676 0.28652 -23.9531
-0.0438624 0.137336 13.7087
0.280073 -0.590204 63.3824
-0.00571411 0.077479 9.72951
-0.010443 0.053917 19.2397
0.0403294 0.03354 -4.44482
0.0891231 0.0654268 -41.4747
0.0694093 0.0501813 -25.2414
0.00412573 0.119391 -5.00986
0.055506 0.184315 -57.4689
0.0873649 0.204883 -84.4391
0.0913506 0.246142 -98.7465
0.0801713 0.257786 -94.4802
0.0946146 0.24879 -102.184
0.0314323 0.270862 -61.885
0.00512603 0.274739 -42.7012
-0.00159032 0.279923 -38.9099
0.0025473 0.496841 -105.404
-0.00107553 0.558694 -120.314
-0.00945421 0.57976 -119.16
-0.0256636 0.580589 -105.112
-0.0481547 0.482315 -56.3308
-0.0437778 0.463982 -55.1297
-0.0400988 0.452035 -55.1451
-0.0400988 0.452035 -55.1451
-0.0268999 0.362584 -42.037
0.00859821 0.0242961 103.558
-0.00332194 0.479901 -97.0444
-0.00337471 0.478581 -96.6024
-0.00360243 0.476411 -95.722
-0.00415084 0.473857 -94.3703
-0.00525364 0.471298 -92.3831
-0.00697374 0.469008 -89.7462
-0.00888914 0.467174 -86.9822
-0.0103475 0.465912 -84.8883
-0.0108821 0.465281 -84.0624
-0.0108821 0.465281 -84.0624
0.0568735 0.244444 -42.8575
0.0580562 0.229206 -38.1609
0.0614352 0.196767 -28.4206
0.0867551 0.296066 -59.1549
-0.00335706 0.32181 -57.3407
-0.0299451 0.352597 -64.6392
-0.00588012 0.37816 -76.0104
0.0200482 0.387943 -83.297
0.0688057 0.413218 -98.7526
0.118956 0.464878 -124.121
-0.0348146 -0.0247229 53.6149
0.0284362 0.337652 -70.4796
0.0202059 0.160907 -11.0578
-0.0483628 0.108281 25.5088
-0.0425324 0.155548 7.64079
-0.0764325 0.0215361 60.4172
0.0388267 0.273928 -50.8768
-0.0109716 0.222661 -16.3536
-0.0389095 0.234496 -9.91951
-0.0279289 0.287362 -31.5077
-0.0052866 0.187878 -12.9933
0.145844 0.0132651 -29.4033
0.143316 0.0192558 -30.034
-0.183523 0.0375327 127.158
-0.0115024 -0.13713 86.5119
-0.305937 -0.068156 223.99
-0.03854 0.0389752 39.9033
-0.0366214 0.0632685 42.1293
0.00953524 0.0552604 16.9025
0.0127399 0.0593539 13.8477
0.0872177 0.174198 -75.5729
0.116874 0.203335 -104.789
0.125968 0.20484 -110.991
0.115332 0.201092 -102.086
0.0832458 0.241702 -91.5842
0.0652595 0.207506 -67.3953
0.00629778 0.261661 -39.6217
0.00389544 0.271617 -40.8529
0.021373 0.17635 -24.14
0.00785585 0.140298 -1.37108
0.000814715 0.134972 6.38264
-0.0047546 0.140739 9.40901
-0.112509 -0.266201 292.757
-0.175578 -0.273064 421.671
0.015301 -0.272746 176.293
0.0153002 -0.272747 176.294
0.0152994 -0.272747 176.295
0.0152994 -0.272747 176.295
-0.00262979 -0.265335 192.207
-0.00205288 -0.26831 192.501
0.00216007 -0.272971 189.412
0.00626771 -0.279105 186.823
0.00781782 -0.285388 187.069
0.00649768 -0.291264 190.429
0.00383864 -0.296109 195.043
0.00151915 -0.299485 198.846
0.000626876 -0.301173 200.446
0.000626876 -0.301173 200.446
-0.0455262 0.0828148 24.7953
-0.047431 0.0838111 24.528
-0.0593162 0.0820324 25.7476
-0.0855544 0.129735 11.9095
-0.0663321 0.134051 8.45357
-0.0942745 -0.0481441 72.5784
-0.0398728 -0.152963 100.991
0.0110811 -0.0866531 71.3468
0.00805498 0.71838 -195.005
0.211006 -0.00748654 10.211
-0.112319 0.0680473 55.907
-0.141043 0.0528465 67.4757
-0.0791435 0.120825 28.608
-0.0276139 0.111728 18.4775
-0.0893576 0.0917535 42.8243
-0.119921 0.0563425 63.7867
-0.0413171 0.267232 -20.1769
-0.0255902 0.264561 -24.7052
-0.0257155 0.281736 -30.1526
-0.0210698 0.25781 -24.1686
0.0591111 -0.119735 42.7715
0.0614325 -0.0637367 27.2849
0.059792 -0.0524348 24.293
-0.0567989 -0.171715 121.959
-0.0711935 -0.143146 119.586
-0.126663 -0.0793691 128.211
-0.11953 -0.0400792 111.049
0.52677 -0.0383531 -265.945
-0.0114009 -0.039409 47.6036
-0.0086045 -0.0395888 45.9051
-0.00634912 -0.0360865 43.2827
0.140362 0.210958 -123.054
0.135903 0.214541 -121.023
0.11971 0.22752 -113.45
0.093557 0.234808 -96.8725
0.0377854 0.258862 -62.9279
0.0264117 0.244767 -49.8351
0.0148515 0.266517 -48.0952
-0.0106788 0.224061 -13.4308
-0.00663298 0.150786 7.58925
-0.00222608 0.139117 7.68054
-0.00380508 0.135639 10.2107
-0.220976 -0.20964 443.266
-0.220684 -0.210955 443.439
-0.00226488 0.030178 45.0668
0 0 -1
-0.00226619 0.0301782 45.068
-0.00226675 0.0301772 45.0689
0.00716993 0.129783 87.5482
0.0111075 -0.019011 -1.79487
0.0228037 0.00775462 115.801
0.00240867 -0.00583567 142.648
0.00103269 -0.00815224 144.964
0.000235251 -0.00986584 146.444
0.000358624 -0.0110703 146.699
0.00094013 -0.0118463 146.269
0.00124388 -0.0122343 146.033
0.00124388 -0.0122343 146.033
-0.0441933 0.0840674 24.3335
-0.0439764 0.0900123 22.1989
-0.0471198 0.0933969 21.0459
-0.0427384 0.134074 6.31895
-0.0542501 0.159543 -1.39661
-0.0861644 0.225244 -21.8013
-0.0434288 -0.180122 110.465
0.0510703 0.297107 -56.1762
-0.0422676 0.189825 -1.60802
-0.0997636 0.109711 38.49
-0.116537 0.068841 56.7026
-0.2366 0.0674577 85.9827
-0.266199 0.19185 47.9485
-0.26389 0.175786 53.0692
-0.0914918 0.236978 8.14513
-0.081468 0.256763 -2.42652
-0.0425215 0.249572 -13.1507
-0.026339 0.248375 -19.1468
-0.0649507 0.24162 -1.3199
-0.0775865 0.207691 15.2045
0.0590741 -0.119551 42.7454
0.0575535 -0.1249 45.3826
-0.0500457 -0.185009 123.292
-0.0543124 -0.171533 120.724
-0.0556614 -0.139694 110.179
-0.0650318 -0.0918469 98.2883
-0.0662116 -0.0584088 86.8689
-0.0425282 -0.0491542 69.9246
-0.0201563 -0.040529 53.3848
-0.00718606 -0.0399791 45.1194
3.39382e-05 -0.0362345 39.1367
0.00522462 -0.0354101 35.3934
0.00707343 -0.0350286 33.9924
0.00707343 -0.0350286 33.9924
0.0816967 0.231685 -87.096
0.0841568 0.264979 -100.402
0.00442851 0.373289 -78.303
0.0669539 -0.172543 71.4405
0.0133093 0.265111 -46.3453
-0.00417397 0.399015 -80.1204
-0.0600825 0.395035 -30.5782
-0.0608025 0.198737 39.712
-0.0013765 -0.627753 295.345
-0.00226488 0.030178 45.0668
-0.00226552 0.0301789 45.0671
-0.00226637 0.0301783 45.0681
-0.00226716 0.0301781 45.069
-0.0022672 0.0301775 45.0692
0.0239033 -0.0172726 -19.5608
0.00930962 -0.0193159 0.15194
0.0583711 -0.315932 114.814
0.0585589 1.0643 -391.249
0 0.0821243 24.2908
-0.00885427 -0.0544744 187.391
0.0329374 0.0845519 -15.1393
0.0790672 -0.288929 187.376
-0.124825 -0.323859 402.692
-0.0743126 -0.17458 287.762
-0.0392673 0.0860915 23.5621
-0.0387618 0.0951018 20.2273
-0.0408853 0.11006 14.8302
-0.0290906 0.140866 2.84741
-0.0469511 0.177038 -8.70055
-0.0648801 0.196925 -14.0869
-0.0728897 0.206438 -16.5729
-0.00365094 0.296451 -46.7703
-0.098124 0.169088 16.3296
-0.0982138 0.032737 65.3165
-0.114815 0.0688278 56.2054
0.20181 -0.0614458 29.2572
-0.0332471 -0.0614498 90.021
-0.0332464 -0.0614517 90.0215
-0.0332464 -0.0614517 90.0215
-0.0638245 0.224124 3.56536
-0.0472657 0.241217 -8.55947
-0.0412766 0.240864 -10.4594
-0.0365027 0.262218 -19.9231
-0.0443823 0.258722 -16.089
-0.0201262 0.26102 -27.3718
-0.00247405 0.262998 -36.0574
-0.0243213 0.252379 -21.497
-0.0133364 0.241598 -22.494
-0.00630084 0.234514 -23.3616
-0.00630084 0.234514 -23.3616
-0.0586664 -0.0702831 86.9615
-0.035171 0.206955 5.78219
-0.0351343 0.206708 5.83669
-0.0329777 0.206243 4.63016
-0.0269819 0.205599 0.94449
-0.0147585 0.204829 -7.0001
0.00511922 0.203989 -20.4851
0.0333969 0.20314 -40.37
0.071595 0.24689 -84.7603
0.0760319 0.276258 -98.227
0.0294681 0.280142 -63.8903
0.0954809 -0.364373 119.242
-0.00510929 0.109297 25.9523
-0.0056271 -0.097695 103.106
-0.00945536 -0.0913237 103.854
0.000211136 -0.321465 180.649
0.00112982 -0.529677 257.019
-0.0042439 -0.561186 273.653
-0.00635135 -0.570719 279.156
-0.00523652 -0.592222 286.034
-0.00450889 -0.602783 289.226
-0.00450889 -0.602783 289.226
0.0246482 7.34687 -2697.21
0.192601 8.78733 -3412.64
0.0583711 -0.315932 114.814
0.0583711 -0.315932 114.814
0.0583711 -0.315932 114.814
-0.0252478 -0.114284 228.266
-0.00249072 -0.0164552 165.95
0.000356916 -0.010567 160.408
0.00116674 -0.0101577 159.29
0.00116674 -0.0101577 159.29
