0 1 3
1 2 3
2 4 3
4 6 3
6 8 1
8 9 3
9 10 3
10 11 1
11 12 0
12 14 3
14 15 3
15 16 3
16 17 3
17 18 3
18 19 3
19 78 0
21 78 0
21 22 1
22 23 3
23 24 2
24 25 0
25 26 0
26 27 1
27 28 3
28 29 3
29 30 3
30 31 3
31 32 3
32 33 3
33 34 2
34 35 2
35 36 3
36 38 3
38 40 3
40 41 3
41 42 3
42 285 0
106 285 3
106 107 3
107 109 3
109 280 3
112 280 3
4 63 3
6 63 3
14 71 3
4 61 3
8 64 0
2 61 3
6 64 3
12 71 3
0 58 3
1 58 3
1 59 3
4 62 3
11 69 3
62 63 3
11 70 2
14 72 3
15 73 3
33 91 3
36 94 0
38 94 0
64 66 3
8 66 0
12 70 1
71 72 3
19 76 0
61 62 3
9 66 0
9 68 3
10 68 3
11 68 0
16 74 3
18 76 0
21 79 0
21 80 0
22 80 0
23 81 0
24 81 0
25 84 0
26 84 1
27 84 0
27 85 3
28 85 3
28 87 3
29 87 3
29 88 2
30 88 3
32 91 3
35 93 3
58 59 3
68 69 1
69 70 2
16 73 2
17 74 0
78 79 2
80 81 0
24 82 0
25 82 0
30 89 3
31 89 3
34 93 2
36 93 3
63 64 3
9 67 0
17 76 0
32 89 3
66 67 3
67 68 1
70 71 2
14 73 3
73 74 3
81 82 3
25 83 0
84 85 1
87 88 3
2 59 3
59 61 3
17 133 0
79 80 3
76 133 3
76 78 0
88 89 3
34 150 0
74 133 3
82 83 0
83 84 1
38 154 0
40 154 0
93 150 0
34 91 2
93 94 0
58 116 0
72 73 3
89 91 3
91 150 0
94 154 3
85 87 3
109 277 3
91 148 3
277 280 3
89 148 3
85 144 3
87 144 3
40 211 0
59 116 0
154 211 3
41 211 0
107 277 3
59 119 0
64 123 3
76 135 1
61 119 0
66 123 3
94 152 3
116 117 3
59 117 0
62 119 0
64 121 3
78 135 1
89 147 3
93 152 0
73 130 3
88 147 3
42 222 0
222 285 3
118 119 3
62 120 3
67 126 3
68 126 0
68 127 1
69 127 3
74 132 3
84 142 3
85 143 3
87 145 3
228 280 3
59 118 0
66 125 3
67 125 3
72 130 3
132 133 3
76 134 1
80 138 3
83 142 1
84 143 1
88 145 3
93 151 0
112 228 3
117 118 3
119 120 3
63 120 2
126 127 1
70 129 0
71 129 3
134 135 3
79 138 3
81 139 1
91 149 0
150 151 3
151 152 3
152 154 3
72 129 3
133 134 1
80 139 1
82 139 1
144 145 3
149 150 3
63 121 3
69 185 3
73 132 3
83 198 1
147 148 3
148 149 0
127 185 3
70 185 2
82 198 3
142 143 1
88 146 0
41 558 0
120 121 3
125 126 3
143 144 3
146 147 1
223 285 3
106 223 3
121 123 3
129 130 3
130 132 3
78 194 2
79 194 2
138 139 1
139 198 0
107 223 3
222 558 3
42 558 0
66 181 3
145 146 0
125 181 3
135 194 0
228 229 1
112 229 1
123 181 3
129 185 1
123 180 3
132 189 3
132 191 3
133 191 3
154 209 3
211 558 3
121 180 3
180 181 3
130 189 3
138 194 0
119 177 3
119 178 3
120 178 2
209 211 3
126 184 3
129 186 0
222 223 3
229 286 0
185 186 0
118 177 3
177 178 3
117 175 3
125 183 3
126 183 3
129 187 3
130 188 3
135 193 3
150 208 3
116 175 3
121 178 3
132 190 3
134 191 3
198 199 3
142 200 3
147 206 0
148 206 0
149 208 3
151 208 3
152 209 3
116 174 3
121 179 3
183 184 3
127 184 0
134 192 3
135 192 3
138 197 0
83 199 1
142 199 3
143 200 0
143 202 0
144 202 0
145 202 0
149 206 3
112 286 3
130 187 3
189 190 3
190 191 3
139 197 0
174 175 3
186 187 1
193 194 0
151 209 3
223 277 3
280 282 3
118 175 3
191 192 3
199 200 3
277 282 3
181 240 3
188 189 3
145 203 0
146 203 3
146 205 3
147 205 0
228 282 3
179 180 3
125 240 3
184 185 1
192 193 3
205 206 3
151 266 3
178 179 3
183 240 3
194 253 3
202 203 3
209 266 3
187 188 3
194 197 3
197 198 3
143 201 0
200 201 3
201 202 3
175 233 3
118 234 3
149 207 3
208 266 3
175 234 3
177 234 3
206 207 3
207 208 3
174 233 3
209 327 3
211 327 3
223 275 3
222 275 3
179 237 3
184 242 1
185 242 0
194 313 1
197 256 3
198 256 3
146 204 3
228 286 3
253 313 1
203 204 3
204 205 3
268 327 3
199 256 3
191 249 1
192 249 1
185 244 3
186 244 1
160 223 3
160 277 3
180 237 3
181 239 3
188 246 1
189 246 1
189 247 1
190 247 1
252 253 3
174 232 0
180 239 3
187 244 1
187 245 1
187 246 1
190 249 1
192 251 3
193 251 3
193 252 3
194 252 3
199 257 3
266 327 3
327 558 3
232 233 1
233 234 3
239 240 3
183 241 3
244 245 3
245 246 3
256 257 3
202 264 3
266 383 3
160 282 3
180 238 3
240 241 3
184 241 3
246 247 1
247 249 1
200 257 3
327 383 3
237 238 3
238 239 3
185 243 3
243 244 3
203 264 3
205 265 3
206 265 3
178 293 3
178 294 3
241 242 1
201 264 3
207 265 3
293 294 3
249 251 0
194 314 3
207 266 3
207 325 3
266 325 3
444 558 3
179 294 3
197 314 3
327 444 3
177 293 3
242 243 2
234 293 3
251 252 3
222 442 3
233 291 3
256 314 3
257 315 3
200 315 3
442 558 3
228 287 3
247 306 1
252 311 1
253 311 1
253 312 1
312 313 3
201 315 3
204 265 3
282 287 3
294 295 3
249 306 2
204 264 3
179 295 3
249 308 3
251 308 1
234 291 3
242 301 2
243 301 3
311 312 0
444 616 3
286 287 3
327 386 3
232 291 2
237 295 3
247 304 0
306 307 0
249 307 0
325 383 3
386 444 3
237 296 3
238 296 3
246 304 0
240 298 3
251 309 3
252 309 3
257 314 3
275 442 3
241 298 3
244 302 0
201 377 3
234 292 3
239 298 3
243 302 0
307 308 1
313 314 0
264 377 3
264 318 3
204 318 3
160 275 3
241 299 3
242 300 0
245 303 0
204 378 1
232 290 2
295 296 3
299 300 3
302 303 3
303 304 3
265 378 1
265 325 3
291 292 3
238 297 3
239 297 3
298 299 3
300 301 1
292 293 3
301 302 0
304 306 1
265 321 3
290 291 3
297 298 3
315 377 3
321 325 3
321 378 1
308 309 0
315 375 3
325 380 3
325 382 3
310 311 1
375 377 3
318 377 3
321 380 3
310 312 1
314 315 3
321 379 3
380 382 3
304 363 1
315 374 3
318 378 1
383 384 3
327 384 3
306 363 2
309 311 1
374 375 3
291 349 1
296 297 3
292 349 1
292 350 1
292 351 1
558 616 3
501 558 3
349 350 3
293 351 3
315 373 3
295 353 3
378 379 0
296 353 3
375 433 3
384 386 3
313 372 0
314 372 3
314 373 3
312 428 1
350 351 2
294 353 3
310 428 1
313 428 1
442 616 3
293 353 3
298 357 1
299 357 1
301 359 3
302 360 1
307 365 1
372 373 3
290 348 1
300 358 1
302 359 1
303 361 1
304 362 1
306 364 0
307 364 1
308 366 0
308 367 0
309 367 1
372 428 1
348 349 3
351 352 2
357 358 3
358 359 1
359 360 1
360 361 3
361 362 3
362 363 1
363 364 0
364 365 3
365 366 3
366 367 3
377 378 2
382 383 3
293 352 3
373 374 3
297 353 3
309 310 3
352 353 3
444 617 3
297 354 1
297 414 1
298 414 1
379 380 3
297 413 1
357 414 3
384 617 3
310 367 1
282 459 1
287 460 1
353 354 1
354 413 3
367 488 0
310 488 3
287 459 1
287 461 1
286 461 1
386 617 3
286 462 1
413 414 3
367 426 2
426 488 0
442 559 3
275 559 3
375 434 3
377 434 3
365 423 3
433 434 3
160 630 3
275 630 3
460 461 0
348 406 3
349 406 2
354 411 3
461 462 0
353 411 1
360 417 3
363 421 3
364 421 1
372 430 3
275 512 3
349 407 3
359 417 1
366 423 3
428 488 0
378 434 2
616 617 3
559 616 3
512 630 3
350 407 3
374 432 3
361 419 3
411 413 3
357 415 3
358 416 3
360 419 3
362 420 1
406 407 0
352 411 1
415 416 3
359 416 0
419 420 1
420 421 0
459 518 2
287 518 1
360 418 3
367 424 2
374 433 3
418 419 3
364 423 3
366 424 3
383 617 2
512 559 3
460 518 0
417 418 3
380 439 3
282 630 3
373 430 3
379 439 3
364 422 1
428 430 0
407 408 1
414 415 3
421 422 1
350 408 1
350 409 1
351 409 1
422 423 0
374 430 3
432 433 3
408 409 3
424 426 3
559 567 3
382 557 3
383 557 2
557 617 3
378 439 2
352 409 1
416 417 1
409 411 0
430 432 3
459 575 0
461 518 2
411 470 1
413 470 3
380 499 3
382 499 3
282 575 3
518 575 0
411 469 1
423 481 1
366 481 1
424 481 3
434 439 3
411 468 1
469 470 3
413 471 3
413 472 2
414 472 3
416 475 3
485 488 0
499 557 3
409 468 3
468 469 3
470 471 3
417 475 0
439 499 3
415 472 3
426 485 0
505 559 3
282 513 1
289 461 1
289 462 1
422 481 3
505 616 3
408 466 3
471 472 3
420 478 3
434 494 3
439 494 2
406 464 3
407 465 1
407 466 1
409 466 3
409 467 3
415 473 3
416 473 3
416 474 3
418 476 0
419 477 0
421 478 1
447 505 3
464 465 3
465 466 3
467 468 3
475 476 3
476 477 3
477 478 1
466 467 3
473 474 3
512 567 3
474 475 3
289 518 1
494 495 3
439 495 2
439 555 2
472 473 3
488 545 3
432 490 3
433 490 3
426 542 3
499 555 3
422 478 3
485 545 0
433 491 1
439 496 2
485 542 1
432 489 1
489 490 3
490 491 1
496 555 3
434 493 3
495 496 3
493 494 3
433 493 3
424 541 2
426 541 3
478 537 3
422 537 3
422 538 3
481 538 3
481 539 3
424 539 3
424 540 3
541 542 3
430 488 3
490 548 3
539 540 3
540 541 3
432 488 3
537 538 3
538 539 3
432 546 1
491 548 3
472 530 3
488 546 3
489 546 3
473 530 3
494 552 3
499 556 3
469 527 3
489 548 2
493 551 3
493 552 3
496 553 3
555 556 3
468 527 3
471 529 3
545 546 3
495 553 3
466 524 3
467 525 3
472 529 3
475 534 3
476 534 3
433 551 1
505 564 1
575 630 3
464 522 3
465 523 3
465 524 2
466 525 3
468 526 3
470 527 3
470 528 3
470 529 3
473 531 3
474 532 3
475 533 3
477 535 3
478 535 0
491 551 0
495 552 3
567 569 3
512 569 3
522 523 3
524 525 3
525 526 3
526 527 3
529 530 3
530 531 3
531 532 3
532 533 3
533 534 3
534 535 3
552 553 3
556 557 3
569 630 3
528 529 3
523 524 3
535 537 1
527 528 3
505 567 3
551 552 3
289 575 3
491 549 3
553 555 3
542 657 0
549 551 3
548 549 3
505 623 1
539 597 0
548 606 3
489 605 2
548 605 3
546 605 3
288 569 3
538 597 0
288 628 1
288 630 3
630 688 1
535 594 1
537 594 2
549 606 3
617 973 3
575 688 1
531 589 2
537 595 3
538 596 3
540 597 0
549 609 3
551 609 3
530 589 2
595 596 3
596 597 0
541 657 0
594 595 3
542 601 0
546 604 3
552 611 3
553 611 3
556 614 3
505 624 1
567 624 1
528 587 2
529 587 2
530 587 2
597 657 0
540 657 0
485 601 0
545 603 3
604 605 3
552 609 3
555 612 2
623 624 3
567 683 1
523 581 0
530 588 2
545 604 3
553 612 3
555 613 3
569 683 1
522 580 0
524 581 0
587 588 3
588 589 3
532 590 2
533 591 2
534 592 2
535 592 2
545 601 2
605 606 3
549 607 3
609 610 3
552 610 3
612 613 3
556 613 3
557 614 3
289 634 1
523 580 0
581 582 0
524 582 0
525 582 0
589 590 3
590 591 3
591 592 3
535 593 2
603 604 3
606 607 3
607 609 3
557 733 3
567 625 1
288 688 1
527 585 0
528 585 0
528 586 0
586 587 1
592 593 3
601 603 2
607 666 3
617 733 3
624 625 3
625 683 3
585 586 3
593 594 1
611 612 3
613 614 3
616 623 3
288 575 3
288 289 3
525 584 0
526 584 0
527 584 0
610 611 3
288 984 3
584 585 3
584 641 3
525 641 0
580 581 3
582 641 3
614 615 3
557 615 1
575 631 1
674 733 0
557 674 1
609 667 3
733 973 3
607 664 3
607 667 2
615 674 3
575 748 1
588 646 2
288 748 1
289 984 3
596 657 0
606 664 3
666 667 3
616 973 3
594 653 0
595 653 0
610 667 3
615 673 3
623 973 0
596 653 0
603 661 3
613 672 1
614 672 1
614 673 3
587 645 2
588 645 2
605 664 3
673 674 3
581 639 2
585 643 3
586 644 3
580 638 3
582 639 3
584 642 3
584 643 3
644 645 3
588 647 2
589 647 2
590 648 2
591 649 2
592 650 2
593 651 2
594 652 0
653 657 0
604 661 3
605 663 3
575 747 3
638 639 3
582 640 3
642 643 3
585 644 3
645 646 3
647 648 3
648 649 3
649 650 3
650 651 3
651 652 3
652 653 3
604 663 3
663 664 3
610 668 3
672 673 0
624 683 3
688 747 0
639 640 3
429 657 3
429 542 1
667 668 3
611 668 3
612 671 1
613 671 1
747 748 1
643 644 3
646 647 3
640 641 3
661 663 3
611 670 3
612 670 1
664 666 0
641 642 3
657 712 1
429 601 0
668 670 3
653 712 1
603 719 3
664 723 3
666 723 1
671 672 3
661 719 3
670 671 2
666 724 1
601 718 1
603 718 1
718 719 3
661 720 3
663 720 3
723 724 3
639 697 3
644 703 3
429 712 1
667 724 3
624 974 0
645 703 3
653 711 1
623 974 0
683 974 0
638 697 2
711 712 2
673 733 0
288 747 1
643 700 3
652 711 1
288 752 1
640 697 3
642 700 3
645 704 2
646 704 3
671 673 0
719 720 3
640 698 3
641 698 3
641 700 3
644 702 3
702 703 3
429 718 2
667 726 3
668 726 3
670 728 3
638 696 2
643 701 3
647 704 3
664 722 3
664 971 0
723 971 0
668 728 3
696 697 3
643 702 3
648 706 3
649 706 3
649 707 3
650 708 3
651 709 3
652 710 3
663 721 3
663 722 3
722 971 0
671 733 0
700 701 3
647 706 3
707 708 3
708 709 3
709 710 3
710 711 1
720 721 3
701 702 3
647 705 3
721 722 3
724 726 3
671 728 2
973 974 3
697 698 3
703 704 3
705 706 3
706 707 3
429 716 2
704 705 3
716 718 3
698 700 3
726 728 3
671 906 3
733 906 1
726 783 3
728 729 2
671 729 3
724 783 3
729 906 3
569 974 3
783 971 0
698 757 3
700 757 3
728 785 3
702 760 2
703 760 2
711 887 0
712 887 0
719 777 3
726 785 3
710 768 3
710 887 1
716 776 3
718 776 3
718 777 3
720 777 3
720 778 3
729 787 3
733 908 1
696 754 3
709 768 3
768 887 1
781 971 0
723 781 2
728 787 3
908 973 0
697 754 3
704 762 3
705 762 3
777 778 3
703 762 3
724 971 0
697 756 3
698 756 3
760 761 3
703 761 3
705 763 3
706 764 0
707 765 3
708 766 3
709 767 3
721 778 3
906 908 1
756 757 3
701 759 1
761 762 3
762 763 3
763 764 0
764 765 1
765 766 3
766 767 3
767 768 3
429 887 1
783 785 3
697 755 3
701 760 2
721 971 0
754 755 3
700 759 3
569 975 3
755 756 3
700 758 2
429 776 0
785 787 3
974 975 3
759 760 3
288 975 3
757 758 3
758 759 3
776 777 3
724 781 2
778 971 0
972 973 3
777 971 0
972 974 3
785 845 3
429 945 1
776 971 0
787 845 3
887 945 3
982 984 3
288 982 3
785 971 0
758 816 2
760 819 2
761 819 2
785 844 3
844 845 3
983 984 3
757 815 1
758 815 1
429 889 0
844 971 0
787 906 2
759 816 2
759 817 2
767 825 2
768 825 2
756 815 1
760 817 2
762 819 2
982 983 3
754 812 3
755 813 3
756 814 1
816 817 3
762 820 2
762 821 0
763 821 0
764 822 0
765 823 2
766 824 2
825 887 1
812 813 3
813 814 1
814 815 3
760 818 2
818 819 3
821 822 1
822 823 1
823 824 3
824 825 3
820 821 3
429 971 0
817 818 3
819 820 3
815 816 3
825 884 1
884 887 3
904 906 2
787 904 3
845 904 3
844 901 3
908 972 0
901 971 0
821 879 1
288 981 3
975 981 3
981 982 3
819 877 3
819 878 3
822 879 3
822 881 1
823 881 3
815 873 3
816 874 3
817 874 3
818 877 3
820 878 3
814 872 0
815 872 3
817 875 3
818 875 3
872 873 3
873 874 3
874 875 3
820 879 1
823 882 3
824 882 3
886 887 3
845 901 0
812 870 0
813 871 3
877 878 3
878 879 1
825 883 3
884 886 3
429 890 0
870 871 1
871 872 1
818 876 3
824 883 3
883 884 1
875 876 3
881 882 3
882 883 3
884 943 3
886 943 3
908 1023 0
876 877 3
429 1006 0
906 1023 0
879 881 3
886 945 3
906 1022 2
881 938 3
904 1022 3
879 938 3
950 971 0
845 1021 3
904 1021 3
1022 1023 3
972 1023 1
878 936 1
881 939 3
845 971 0
904 962 3
882 939 3
429 950 0
962 1021 3
879 936 3
971 1021 1
875 934 3
876 934 3
877 935 1
882 940 3
874 932 3
878 935 1
883 940 3
886 944 3
971 1006 1
873 931 3
874 931 3
875 932 3
876 935 1
879 937 3
945 1006 3
972 975 3
870 928 1
871 929 2
872 930 3
875 933 3
936 937 3
937 938 3
883 941 3
884 942 0
942 943 1
944 945 3
928 929 3
929 930 3
930 931 3
931 932 3
932 933 3
933 934 3
934 935 1
935 936 3
938 939 3
941 942 3
943 944 3
962 1022 3
939 940 3
940 941 3
945 1002 3
1021 1022 3
944 1001 3
944 1002 3
1002 1006 3
943 1001 3
936 994 3
937 996 3
938 996 3
937 994 3
939 996 3
931 989 3
935 993 3
936 993 3
939 997 3
932 989 3
996 997 3
928 986 3
929 987 3
930 988 3
930 989 3
932 990 3
933 991 3
934 992 3
934 993 1
993 994 3
937 995 2
940 997 3
940 998 3
941 999 3
942 1000 3
986 987 3
987 988 3
988 989 3
989 990 3
990 991 3
991 992 3
992 993 1
995 996 1
997 998 3
998 999 3
999 1000 3
1000 1001 1
1001 1002 3
994 995 0
