0 59 3
2 59 2
2 3 3
3 4 3
4 5 3
5 6 3
6 9 1
9 10 1
10 11 0
11 13 3
13 14 3
14 15 3
15 73 3
19 73 3
19 22 3
22 24 3
24 314 0
28 314 0
28 29 3
29 30 3
30 31 3
31 32 3
32 326 0
325 326 3
325 390 3
390 452 3
275 452 3
275 280 3
115 280 0
57 115 0
3 61 3
4 61 2
59 60 0
73 76 3
19 76 3
2 60 2
6 81 0
9 81 0
23 81 3
24 82 0
28 86 3
86 314 0
205 326 3
22 82 0
32 205 0
5 63 3
28 87 3
29 87 3
6 63 3
30 87 3
0 58 3
58 59 3
4 63 3
10 81 0
14 81 0
86 87 3
30 88 3
31 88 3
15 81 0
13 81 0
23 133 1
11 81 0
87 88 3
326 383 3
31 89 3
32 89 3
205 383 3
61 63 2
89 205 0
325 383 3
63 81 0
2 61 3
60 61 3
73 81 0
19 77 3
22 77 3
275 451 3
19 134 3
280 451 3
76 134 3
88 89 3
82 314 3
86 144 0
87 144 0
390 445 3
59 117 0
60 117 2
325 445 3
205 268 3
390 504 3
452 504 3
81 131 1
77 134 3
268 383 3
58 116 3
60 118 3
86 259 0
87 145 0
59 116 0
61 118 3
259 314 3
144 145 3
88 145 0
275 504 3
144 259 3
61 81 0
89 323 0
205 323 3
116 117 3
117 118 3
81 118 1
88 146 0
205 266 1
77 82 0
145 146 3
89 146 0
266 323 0
266 268 0
445 449 3
390 449 3
81 116 1
118 176 2
449 504 3
324 383 3
81 176 1
81 133 1
76 81 0
89 263 0
268 324 3
146 263 3
263 323 3
280 455 3
76 133 3
144 202 3
145 202 3
325 384 3
202 259 3
117 176 3
384 445 3
116 176 3
314 315 3
324 325 3
82 315 3
259 315 3
324 384 3
133 134 3
81 134 1
81 252 1
82 255 3
145 260 3
77 254 2
77 255 0
202 260 3
134 254 2
146 260 3
81 244 1
445 447 3
384 447 3
447 449 3
275 450 3
81 245 1
81 254 1
450 504 3
280 453 3
244 245 0
255 315 3
146 262 3
451 453 3
259 316 3
202 316 3
262 263 3
260 262 3
254 255 0
315 373 3
255 373 3
315 316 3
81 425 1
450 451 3
263 321 3
260 316 3
262 321 3
321 323 3
266 324 0
260 319 3
262 319 3
393 504 3
323 385 3
393 450 3
453 455 3
321 385 3
81 359 1
244 359 1
393 449 3
316 319 3
266 385 0
321 380 3
380 385 3
324 385 3
81 365 1
365 425 0
254 372 0
255 313 3
316 318 3
318 319 3
254 313 0
321 379 3
328 384 0
81 351 1
319 377 3
262 377 3
244 360 1
245 360 1
245 362 1
81 362 1
313 372 3
328 447 0
245 361 1
313 373 3
321 377 3
328 385 2
447 503 3
361 362 3
385 386 3
324 328 2
328 503 0
360 361 3
316 376 3
318 377 3
328 386 2
447 617 3
359 360 3
318 376 3
617 675 3
449 617 3
81 349 1
81 363 1
362 363 3
81 364 1
368 425 1
372 373 3
377 379 3
363 364 3
364 365 3
365 368 0
254 370 0
315 374 3
81 370 3
370 372 3
377 435 3
315 376 3
385 440 3
376 377 3
380 440 3
396 451 3
81 350 1
396 450 3
396 453 3
365 423 3
349 350 3
350 351 3
368 423 1
370 425 1
373 374 3
381 385 3
381 386 3
617 620 3
449 620 3
374 376 3
376 435 3
379 380 3
381 440 3
503 617 3
81 416 1
359 416 3
453 457 1
376 434 3
434 435 3
396 457 1
376 433 3
386 503 3
449 508 3
455 457 1
455 460 1
374 433 3
393 508 3
455 516 1
359 417 3
423 481 3
360 417 3
368 481 1
372 430 3
373 430 3
393 448 3
361 420 1
362 420 1
362 421 3
363 421 3
373 431 3
433 434 3
448 450 3
416 417 3
371 372 3
430 431 3
374 431 3
377 436 3
386 617 3
370 483 1
370 371 3
372 429 3
380 381 3
364 421 3
364 423 3
435 436 3
425 483 0
429 430 3
379 436 3
360 418 3
361 419 1
420 421 0
417 418 3
418 419 1
419 420 3
364 422 3
371 429 3
379 437 3
381 500 3
386 500 3
422 423 3
436 437 3
380 437 3
396 448 3
421 422 3
380 439 3
500 617 3
437 439 3
374 432 3
432 433 3
381 439 3
431 432 3
416 473 1
81 473 1
435 437 3
448 508 3
455 519 1
457 514 3
437 496 3
481 539 3
439 555 3
381 555 2
396 514 1
420 478 0
368 483 1
437 494 2
439 496 3
421 478 1
368 539 1
435 494 2
455 518 1
419 477 3
419 478 0
421 479 1
422 479 1
416 474 1
417 475 1
418 476 1
477 478 0
422 481 3
368 598 3
430 488 3
433 491 1
501 620 3
449 625 3
457 515 3
455 695 2
473 474 0
474 475 1
475 476 3
476 477 3
478 479 2
483 598 0
371 483 1
429 487 3
431 488 3
432 491 1
491 492 0
433 492 3
434 492 3
449 501 3
514 515 3
455 515 1
455 578 2
479 481 0
371 487 3
430 487 3
494 496 3
578 695 3
487 488 3
494 495 3
432 488 3
432 548 1
495 496 3
491 548 3
625 680 3
539 598 0
488 489 1
432 489 1
449 680 3
488 547 1
489 548 3
435 492 3
501 680 3
508 625 3
492 550 1
371 545 2
489 547 3
491 550 3
487 545 3
546 547 3
499 555 3
381 499 3
479 538 0
481 538 3
488 546 1
496 555 3
474 532 0
477 536 0
478 536 0
479 536 0
492 551 2
492 494 3
475 533 0
475 534 0
476 534 0
476 535 1
477 535 1
479 537 0
538 539 3
494 552 3
396 572 1
514 572 3
455 575 3
532 533 1
533 534 1
534 535 1
535 536 0
536 537 1
537 538 3
494 551 3
495 552 3
495 554 3
496 554 3
499 556 3
499 500 3
448 625 3
515 572 3
547 548 3
473 531 0
474 531 0
488 545 1
550 551 0
81 531 1
545 546 3
495 611 3
554 555 3
499 557 3
554 611 3
555 556 3
500 557 3
455 572 1
531 532 3
551 552 3
556 557 3
552 611 3
448 623 3
396 623 3
81 588 1
623 625 3
531 588 1
371 601 1
371 603 1
455 691 0
483 601 0
545 603 3
491 549 3
549 550 3
558 617 3
572 691 0
601 603 0
550 608 3
500 558 3
557 558 2
551 608 3
558 675 3
547 605 2
548 605 3
548 549 3
620 675 3
578 692 3
535 594 0
536 594 0
546 604 2
455 692 2
535 593 3
545 604 3
554 613 1
555 613 1
556 558 0
691 692 1
593 594 0
537 596 0
538 596 0
548 607 3
549 607 3
531 589 1
532 590 1
598 601 1
549 608 3
554 612 1
556 615 1
557 615 1
501 675 3
588 589 3
589 590 3
604 605 3
607 608 3
551 668 3
552 668 3
611 612 2
556 613 1
539 596 0
612 613 3
558 613 1
558 615 1
596 597 3
539 597 0
608 668 2
578 636 3
81 580 1
598 657 3
605 607 3
501 679 1
533 590 1
533 591 1
534 591 1
534 592 1
535 592 3
537 594 0
537 595 0
601 657 0
603 604 3
608 667 3
679 680 0
590 591 3
591 592 3
592 593 3
594 595 3
595 596 3
667 668 3
597 598 3
501 678 1
558 674 1
675 678 3
625 681 1
611 668 3
680 681 1
605 664 3
607 664 3
623 681 1
396 505 3
636 695 3
598 656 3
505 686 3
597 656 3
601 660 0
603 660 3
656 657 3
618 675 3
578 693 3
675 734 1
618 678 3
678 679 3
505 572 2
692 693 3
596 654 3
597 654 3
613 671 3
558 671 1
558 734 1
636 693 3
81 645 3
588 645 0
618 734 1
601 716 0
505 623 3
505 691 0
657 716 1
603 661 3
604 662 3
612 670 3
613 670 2
505 685 1
593 651 1
597 655 3
655 656 3
660 661 3
604 661 3
605 662 3
608 666 3
636 694 3
81 639 1
607 666 3
615 674 3
693 694 3
580 638 1
580 639 1
588 646 1
589 647 1
590 648 1
591 649 1
592 650 1
594 652 3
595 653 1
605 663 3
611 670 2
638 639 3
645 646 1
646 647 3
647 648 0
648 649 1
649 650 0
650 651 1
593 652 0
652 653 1
653 654 0
662 663 3
663 664 3
694 752 0
694 695 3
81 644 1
654 655 3
664 666 3
666 667 3
558 670 1
644 645 0
651 652 0
670 671 3
661 662 3
660 716 3
681 739 0
664 723 2
680 739 1
611 727 3
668 727 3
666 723 2
670 727 1
670 728 1
667 725 3
695 752 0
716 717 3
660 717 3
663 722 3
727 728 3
662 720 3
680 738 1
657 715 3
661 720 3
664 722 2
679 738 1
738 739 3
81 698 1
81 701 1
666 725 3
639 698 0
644 701 0
656 715 3
661 719 3
663 720 3
723 724 1
666 724 2
668 725 3
734 791 3
679 737 3
623 739 1
693 752 1
655 714 1
656 714 1
660 719 3
558 791 1
678 737 3
623 977 1
638 696 0
639 697 0
81 699 1
644 702 0
645 703 1
646 704 0
647 705 0
648 705 3
648 706 3
649 707 0
650 708 3
653 711 3
654 712 1
655 712 1
663 721 3
558 728 1
505 977 1
696 697 3
697 698 3
698 699 3
81 700 1
701 702 1
702 703 0
703 704 1
704 705 1
706 707 3
650 707 3
651 708 0
651 709 0
652 711 1
711 712 3
714 715 0
721 722 3
722 723 0
699 700 3
700 701 0
652 710 1
720 721 3
737 738 1
652 709 1
710 711 3
655 713 1
717 776 3
660 776 3
719 720 3
724 725 0
707 708 3
708 709 0
713 714 1
715 716 1
623 856 1
705 706 3
709 710 0
712 713 0
739 856 1
691 693 0
668 784 3
719 776 3
725 784 1
618 737 3
727 784 3
752 811 1
728 787 3
558 787 1
505 693 1
693 811 1
713 771 0
618 793 1
618 852 1
737 852 1
705 764 3
706 764 3
712 771 0
714 771 0
558 790 1
734 793 3
737 796 1
738 796 3
790 791 3
738 797 3
739 797 3
693 924 1
728 786 3
505 924 1
811 924 1
707 764 3
709 767 3
714 772 0
715 772 1
715 774 1
716 774 3
722 781 2
727 786 3
710 767 1
717 774 3
719 777 3
719 778 1
723 781 1
724 782 1
793 852 3
856 977 0
707 765 3
708 765 3
711 770 0
712 770 0
771 772 3
720 778 1
797 856 1
764 765 3
770 771 3
715 773 1
776 777 3
696 754 0
697 755 2
698 756 2
699 757 2
700 758 0
701 759 0
702 760 0
703 761 0
704 762 0
705 762 0
708 766 3
710 768 0
711 769 0
773 774 3
721 778 1
721 779 3
722 779 2
754 755 1
755 756 3
756 757 3
757 758 0
758 759 1
759 760 1
760 761 0
761 762 1
765 766 3
766 767 0
767 768 0
768 769 3
769 770 3
781 782 3
734 792 3
725 782 1
786 787 3
791 792 3
792 793 3
777 778 1
778 779 3
725 783 1
796 797 3
505 923 1
772 773 3
774 776 3
796 852 3
923 924 3
779 781 3
783 784 3
762 764 1
784 786 3
782 783 3
784 1014 0
786 1014 0
762 821 2
764 821 0
811 868 1
868 924 0
779 838 3
781 838 3
505 978 1
776 833 3
977 978 3
774 833 3
787 845 3
776 834 3
786 845 3
558 846 1
772 830 3
773 831 3
777 834 3
773 830 3
774 831 3
833 834 3
796 854 3
797 854 3
811 869 1
771 830 3
777 835 3
558 847 1
771 829 3
774 832 2
779 836 3
787 846 3
790 847 3
852 854 3
829 830 3
830 831 3
831 832 0
778 835 3
778 836 3
790 848 3
791 848 3
754 812 0
755 813 0
756 813 0
756 814 0
757 815 0
758 816 0
759 817 0
760 818 0
761 819 1
762 820 0
770 828 3
781 839 0
782 840 0
791 849 3
792 850 3
793 851 3
797 855 3
856 975 0
867 924 0
812 813 3
814 815 3
815 816 3
816 817 3
817 818 3
818 819 3
819 820 3
765 823 0
769 827 3
828 829 3
832 833 1
838 839 0
839 840 3
783 840 0
786 844 3
847 848 3
848 849 3
849 850 3
850 851 3
851 852 3
854 855 3
855 856 1
975 977 3
867 868 3
868 869 3
764 823 0
766 823 0
767 825 0
768 826 3
827 828 3
835 836 3
844 1014 0
844 845 3
845 846 3
813 814 3
820 821 1
764 822 0
766 824 0
825 826 3
826 827 3
834 835 3
836 838 3
821 822 0
822 823 3
823 824 3
824 825 3
854 911 1
783 1014 0
852 911 1
856 915 0
915 975 3
836 895 3
838 895 3
845 903 3
844 903 3
856 914 0
838 898 0
839 898 3
855 914 1
844 902 3
902 1014 0
845 904 3
846 904 3
851 910 1
852 910 1
855 913 1
846 847 3
910 911 3
854 913 1
505 921 3
835 894 3
836 894 3
840 956 3
783 956 0
903 904 3
914 915 3
812 870 0
813 871 0
814 872 0
815 873 0
816 874 0
817 875 0
818 876 0
819 877 0
820 878 0
821 879 0
822 880 1
823 881 0
824 882 0
825 883 1
826 884 1
827 885 1
828 886 1
829 887 1
830 888 1
831 889 1
832 890 1
833 891 1
834 892 0
835 893 0
895 898 0
840 898 3
847 905 3
848 906 1
849 907 1
850 908 1
851 909 1
867 925 0
868 926 0
869 927 0
870 871 3
871 872 3
872 873 3
873 874 3
874 875 3
875 876 3
876 877 3
877 878 3
878 879 3
879 880 1
880 881 0
881 882 3
882 883 1
883 884 0
884 885 3
885 886 3
886 887 3
887 888 3
888 889 3
889 890 3
890 891 3
891 892 0
892 893 3
893 894 1
846 905 3
906 907 3
907 908 3
908 909 3
913 914 3
924 925 3
925 926 3
926 927 3
894 895 3
956 1014 3
848 905 3
909 910 3
905 906 1
911 970 3
854 970 1
923 980 3
902 903 3
913 970 3
505 980 1
978 980 3
924 981 3
898 956 3
904 905 3
923 981 3
960 1014 0
902 960 3
974 975 3
895 954 3
915 974 3
898 954 1
910 969 3
911 969 3
980 981 3
969 970 3
924 982 3
981 982 3
925 982 3
898 955 0
904 961 0
894 952 3
954 955 0
955 956 1
903 961 3
905 963 3
892 950 3
904 963 3
977 1034 3
893 950 3
895 953 3
902 961 3
913 972 3
914 972 3
975 1034 3
978 1034 3
870 928 1
871 929 1
872 930 1
873 931 3
874 932 0
875 933 3
876 934 1
877 935 1
878 936 1
879 937 1
880 938 0
881 939 2
882 940 0
883 941 0
884 942 0
885 943 0
886 944 0
887 945 0
888 946 0
889 947 0
890 948 0
891 949 0
893 951 3
952 953 3
953 954 3
906 964 2
907 965 3
908 966 3
909 967 3
910 968 3
915 973 3
979 980 3
925 983 3
926 984 3
927 985 3
928 929 3
929 930 3
930 931 0
931 932 0
932 933 1
933 934 1
934 935 0
935 936 1
936 937 3
937 938 0
938 939 3
939 940 1
940 941 3
941 942 1
942 943 0
943 944 1
944 945 0
945 946 3
946 947 0
947 948 3
948 949 3
949 950 3
950 951 3
951 952 3
960 961 3
905 964 3
964 965 3
965 966 3
966 967 3
967 968 3
972 973 3
973 974 3
978 979 3
982 983 3
983 984 3
984 985 3
970 972 3
961 963 1
968 969 3
960 1017 0
963 964 3
978 1035 3
1014 1017 1
970 1031 3
972 1031 3
1034 1035 3
963 1020 3
961 1020 1
974 1032 3
963 1022 3
964 1022 3
973 1032 3
978 1036 3
975 1032 3
975 1033 3
1035 1036 3
979 1036 3
1032 1033 3
1033 1034 3
961 1019 3
953 1011 3
960 1019 3
965 1023 3
936 995 3
937 995 3
938 995 1
952 1011 3
954 1011 3
963 1021 3
964 1023 3
928 986 1
929 987 1
930 988 1
931 989 1
932 990 1
933 991 1
935 993 2
935 994 2
936 994 3
938 996 0
939 997 0
940 998 0
941 999 0
942 1000 0
943 1001 0
944 1002 0
945 1003 0
946 1004 0
947 1005 3
948 1006 3
949 1007 3
950 1008 3
951 1009 3
952 1010 3
954 1012 3
955 1013 1
956 1013 1
960 1018 3
1018 1019 3
1020 1021 3
966 1024 3
967 1025 3
968 1026 3
969 1027 3
970 1028 3
979 1037 3
980 1038 3
981 1039 3
982 1040 3
983 1041 3
984 1042 3
985 1043 3
986 987 3
987 988 3
988 989 3
989 990 3
990 991 3
934 991 3
934 993 3
993 994 3
994 995 3
995 996 0
996 997 3
997 998 3
998 999 3
999 1000 3
1000 1001 3
1001 1002 3
1002 1003 3
1003 1004 3
1004 1005 3
1005 1006 3
1006 1007 3
1007 1008 3
1008 1009 3
1009 1010 3
1010 1011 3
1011 1012 3
1012 1013 3
1017 1018 1
1019 1020 1
1023 1024 3
1024 1025 3
1025 1026 3
1026 1027 3
1027 1028 3
1028 1031 3
1036 1037 3
1037 1038 3
1038 1039 3
1039 1040 3
1040 1041 3
1041 1042 3
1042 1043 3
1013 1014 0
1021 1022 3
973 1031 3
