0 1 3
1 2 3
2 3 3
3 4 0
4 5 3
5 6 3
6 7 3
7 8 3
8 9 3
9 10 3
10 11 1
11 12 0
12 13 3
13 15 3
15 16 3
16 17 3
17 18 1
18 19 1
19 20 3
20 21 3
21 22 3
22 23 3
23 24 3
24 25 0
25 26 1
26 27 2
27 28 0
28 29 3
29 30 3
30 33 0
33 151 0
94 151 0
37 94 1
37 40 0
40 41 3
41 44 3
44 45 3
45 46 3
46 47 3
47 48 3
48 49 3
49 50 1
50 51 0
51 52 3
52 53 0
53 54 0
54 55 1
55 56 3
56 57 3
15 72 3
13 72 3
40 388 3
37 388 0
44 102 3
40 98 3
41 98 3
45 102 3
2 60 2
3 61 2
16 75 1
17 75 1
23 81 3
24 81 3
29 87 3
50 109 0
51 109 0
0 58 2
1 59 2
1 60 2
2 61 2
4 61 1
4 62 0
5 63 1
6 64 1
7 64 1
7 66 1
8 66 1
9 67 1
10 68 2
11 69 0
12 69 3
19 77 2
20 77 2
20 78 1
21 79 1
22 80 3
26 85 3
27 85 0
28 86 3
30 87 3
30 329 0
33 329 0
44 160 3
45 103 3
46 104 3
47 105 3
48 106 3
49 107 3
50 108 0
52 110 0
53 111 1
54 112 3
55 113 2
56 114 2
57 115 2
58 59 3
59 60 1
61 62 0
62 63 1
63 64 3
66 67 2
67 68 0
68 69 3
18 77 0
78 79 3
79 80 0
23 80 3
85 86 3
29 86 3
41 160 3
102 160 3
102 103 3
103 104 3
104 105 3
105 106 3
106 107 3
107 108 3
108 109 3
109 110 3
110 111 3
111 112 3
112 113 3
113 114 3
114 115 3
18 76 0
77 78 1
60 61 3
17 76 1
24 320 0
25 320 3
41 218 3
15 73 3
16 73 3
80 81 3
160 218 3
75 76 0
76 77 0
86 87 3
72 73 3
81 320 0
25 84 3
26 84 0
87 88 3
30 88 3
88 329 0
98 388 3
64 66 3
13 71 3
33 268 0
12 71 3
71 72 3
73 75 1
151 268 1
84 320 3
84 85 1
98 218 3
64 123 1
66 123 1
81 140 0
140 320 3
73 132 1
75 132 1
64 121 0
69 127 1
12 127 1
81 139 3
66 124 1
67 124 1
80 139 3
63 121 0
121 122 0
64 122 0
71 127 1
75 133 3
77 135 2
78 135 3
268 329 3
102 161 3
103 161 3
76 133 1
122 123 1
76 135 3
80 138 1
58 116 1
59 117 1
60 118 1
61 118 1
62 120 1
123 124 3
67 125 1
68 125 1
76 134 3
79 138 0
104 162 3
105 163 3
106 164 3
107 165 3
108 166 3
109 167 3
110 168 3
111 169 3
112 170 3
113 171 3
114 172 3
115 173 3
116 117 3
60 117 1
133 134 0
138 139 0
161 162 3
162 163 3
163 164 3
164 165 3
165 166 3
166 167 3
167 168 3
168 169 3
169 170 3
170 171 3
171 172 3
172 173 3
120 121 0
124 125 3
79 136 3
139 140 0
117 118 1
118 120 0
78 136 3
71 73 3
135 136 3
68 127 1
71 128 1
132 133 0
136 138 0
86 144 0
94 268 2
160 161 3
68 182 1
127 128 3
85 144 0
87 144 0
125 182 0
118 177 0
127 182 0
268 444 3
94 444 2
118 176 0
84 144 3
176 177 3
98 156 3
117 176 0
120 177 0
138 311 0
139 311 0
88 144 0
156 218 3
254 311 3
84 259 3
144 259 3
265 329 3
37 155 0
156 388 3
121 179 3
199 320 3
84 199 3
265 268 3
94 155 2
155 388 3
161 219 3
122 179 1
140 199 3
160 219 3
121 178 3
134 135 3
155 444 3
117 175 0
120 178 0
123 180 0
136 195 3
138 195 1
175 176 3
122 180 1
139 197 0
140 197 3
161 220 3
162 220 3
163 222 3
164 222 3
116 174 0
140 198 3
163 220 3
165 223 3
166 224 3
167 225 3
168 226 3
169 227 3
170 228 3
171 229 3
172 230 3
173 231 3
123 181 0
124 181 0
136 194 3
197 198 3
198 199 3
155 267 3
160 276 3
164 223 3
223 224 3
224 225 3
225 226 3
226 227 3
227 228 3
228 229 3
229 230 3
230 231 3
117 174 0
178 179 3
135 194 3
194 195 3
197 311 3
199 259 3
213 388 3
156 213 3
218 276 3
177 178 3
179 180 3
135 193 3
219 220 3
174 175 3
180 181 3
125 181 0
134 193 3
195 311 0
219 276 3
88 262 0
144 262 3
262 329 3
218 275 3
71 186 1
73 186 1
263 329 3
156 275 3
222 223 3
132 186 0
199 258 3
262 263 3
267 444 3
275 276 3
193 194 3
258 259 3
263 265 3
220 222 3
193 311 0
194 311 0
181 182 3
128 186 0
155 213 3
198 257 3
199 257 3
259 318 3
267 268 3
197 254 3
259 262 3
266 268 3
219 277 3
220 277 3
179 238 1
180 238 1
180 239 1
181 239 1
181 297 1
265 266 3
266 267 3
179 237 1
239 297 0
182 297 1
182 418 1
127 418 0
133 186 0
220 337 3
222 337 3
178 237 1
237 238 3
238 239 3
128 418 0
262 318 3
276 277 3
220 278 3
222 280 3
223 280 3
174 232 1
175 233 1
176 234 1
177 235 1
178 236 1
128 244 0
311 427 3
155 326 3
213 326 3
277 278 3
278 337 3
223 281 3
224 282 3
225 283 3
226 284 3
227 285 3
228 286 3
229 287 3
230 288 3
231 289 3
232 233 3
233 234 3
234 235 3
235 236 3
236 237 3
297 418 1
244 418 0
251 427 0
280 337 3
281 282 3
282 283 3
283 284 3
284 285 3
285 286 3
286 287 3
287 288 3
288 289 3
254 255 3
197 255 3
280 281 3
198 255 3
213 275 3
133 193 0
193 427 0
257 258 3
186 244 1
265 382 3
266 382 3
259 317 3
263 382 3
317 318 3
186 193 3
258 317 3
255 257 3
276 334 3
275 334 3
276 335 3
277 335 3
266 324 3
334 335 3
267 324 3
311 312 3
255 315 3
257 315 3
263 318 3
254 312 3
318 379 3
263 379 3
213 333 3
258 315 3
379 435 3
275 333 3
232 290 0
233 291 0
234 292 0
235 293 0
236 294 0
237 295 0
238 296 0
277 336 3
278 336 3
280 339 3
281 339 3
282 340 3
283 341 3
284 342 3
285 343 3
290 291 3
291 292 3
292 293 3
293 294 3
294 295 3
295 296 3
296 297 3
244 427 0
186 427 0
255 313 3
258 316 3
336 337 3
280 338 3
339 340 3
340 341 3
341 342 3
342 343 3
286 343 3
286 345 3
287 345 3
289 347 3
313 315 3
315 316 3
316 317 3
338 339 3
288 347 3
337 338 3
288 345 3
254 313 3
263 380 3
380 382 3
333 334 3
335 336 3
244 303 0
312 313 3
288 346 3
345 346 3
346 347 3
303 427 0
267 326 3
366 427 0
324 326 3
303 418 2
311 484 1
427 484 1
311 369 3
381 382 3
369 484 1
312 369 3
343 345 3
313 371 3
379 380 3
324 382 3
313 372 3
315 372 3
316 375 3
317 375 3
380 381 3
326 383 3
326 333 1
336 395 3
337 395 3
316 372 3
318 376 3
376 379 3
338 395 3
345 403 0
295 353 3
324 383 3
334 392 3
292 351 3
293 351 3
296 353 3
316 373 3
317 376 3
379 434 3
333 392 3
335 392 3
335 393 3
336 393 3
294 352 3
295 352 3
372 373 3
316 432 3
376 434 3
290 348 3
291 349 3
292 350 3
427 541 1
375 376 3
336 394 3
339 397 3
340 398 3
341 399 3
342 400 3
348 349 3
349 350 3
350 351 3
351 352 3
371 372 3
392 393 3
393 394 3
338 397 3
397 398 3
398 399 3
399 400 3
343 400 3
343 401 3
345 401 3
352 353 3
297 353 3
353 538 0
297 538 0
312 371 3
373 431 3
373 432 3
431 432 3
394 395 3
401 403 0
346 403 0
338 396 3
400 401 3
346 404 0
347 404 0
418 538 0
375 432 3
434 435 3
395 396 3
396 397 3
484 541 1
401 460 3
403 404 3
347 463 1
403 460 1
404 463 1
375 433 3
303 538 0
427 481 1
376 433 3
400 458 3
401 458 3
312 428 3
369 428 3
371 428 3
382 383 3
333 446 0
392 446 3
399 458 3
352 538 0
393 452 3
369 486 3
372 430 3
394 452 3
350 408 1
428 486 3
392 452 3
348 406 1
349 407 1
351 408 1
351 409 1
352 410 1
371 430 3
435 436 3
401 459 3
403 461 1
404 462 1
406 407 3
407 408 3
409 410 1
410 538 0
373 430 3
379 436 3
381 383 3
395 452 3
458 459 3
459 460 3
460 461 0
461 462 3
462 463 3
408 409 0
381 439 3
446 452 3
396 452 3
430 431 3
380 439 3
397 455 3
398 456 3
383 500 3
396 512 3
396 455 3
455 456 3
399 456 3
399 515 3
379 439 3
458 515 3
432 433 3
326 500 3
333 443 0
443 446 3
371 487 3
381 500 3
326 443 3
443 505 3
455 512 3
456 515 3
428 487 3
430 487 3
436 439 3
381 498 3
452 566 2
396 566 3
498 500 3
512 566 3
427 538 3
484 486 0
439 498 3
484 544 0
486 544 2
455 514 3
456 514 3
514 515 3
406 464 2
407 465 2
408 466 2
409 467 1
410 467 3
484 543 0
543 544 3
512 513 3
455 513 3
458 516 3
459 517 3
460 518 0
461 519 3
462 520 3
463 521 3
464 465 3
465 466 3
466 467 3
433 434 3
435 494 2
513 514 3
515 516 3
516 517 3
517 518 0
518 519 3
519 520 3
520 521 3
467 538 0
436 496 2
436 498 3
435 496 2
496 498 3
430 488 3
431 488 3
431 490 3
432 490 3
494 496 3
446 566 3
487 488 3
433 490 3
434 551 2
435 551 2
494 551 3
495 496 3
488 490 1
433 491 1
433 550 1
434 550 1
550 551 0
494 495 3
427 587 3
491 550 3
384 446 3
384 566 2
538 587 3
488 489 1
489 490 3
490 549 3
433 549 1
384 508 3
543 889 0
491 549 3
498 555 2
484 889 0
496 555 3
486 487 3
490 548 3
494 552 3
481 587 0
548 549 3
326 446 3
513 630 3
514 630 3
515 630 2
516 574 0
540 541 1
494 553 3
495 553 3
500 557 3
384 626 1
515 574 0
518 576 3
465 523 0
427 540 1
487 545 1
488 545 1
551 552 3
496 554 3
498 557 3
566 685 3
513 566 3
517 576 0
519 576 3
464 522 0
464 523 0
466 523 0
481 540 0
484 542 2
496 553 3
574 630 3
517 574 0
517 575 0
519 577 3
520 578 3
521 579 3
522 523 3
542 889 0
489 547 3
489 548 3
554 555 3
326 558 3
574 575 3
575 576 0
576 577 3
577 578 3
578 579 3
466 583 0
467 583 0
547 548 3
553 554 3
555 557 3
500 558 3
513 629 3
538 585 3
487 544 2
488 547 1
566 629 3
523 583 0
583 585 3
541 542 0
544 545 2
549 550 3
557 558 3
545 547 2
552 553 3
629 630 3
566 568 1
152 326 3
152 448 3
545 604 3
152 679 1
326 679 1
547 604 3
533 538 0
551 609 3
448 679 1
533 587 0
587 710 1
547 605 3
555 615 1
574 631 3
574 632 3
575 632 3
557 615 1
630 631 3
558 615 1
446 680 1
550 609 2
481 597 3
604 605 3
558 617 1
384 685 1
576 634 1
587 597 1
545 603 2
326 680 1
575 634 3
577 634 1
577 635 1
541 889 0
544 603 3
549 606 3
549 607 3
550 607 3
553 611 1
554 612 1
555 612 1
558 616 1
679 680 3
384 680 1
578 635 1
540 597 1
544 602 3
548 606 3
606 607 3
607 609 3
552 610 3
554 611 1
566 686 3
575 633 3
578 637 1
579 637 1
540 889 0
544 889 0
603 604 3
553 610 3
559 617 1
685 686 3
629 686 3
631 632 3
632 633 3
633 634 3
602 603 3
610 611 3
612 615 2
615 616 3
522 581 0
523 581 0
597 710 0
551 610 3
611 612 0
559 615 1
581 583 3
602 889 0
548 605 3
583 584 3
540 711 0
711 889 2
609 610 3
559 616 1
558 559 3
634 635 1
584 585 3
587 711 1
559 612 1
616 617 3
533 591 0
538 591 3
597 711 0
326 448 3
587 591 3
635 637 3
448 558 3
609 667 3
605 606 3
635 694 0
637 694 0
605 663 3
607 666 3
609 666 3
630 688 3
631 688 3
606 663 3
606 664 3
629 688 3
663 664 3
607 664 1
448 559 3
635 693 0
659 889 0
602 659 3
610 667 3
634 693 2
602 660 3
603 660 3
604 663 3
664 666 3
666 667 3
603 663 3
610 668 3
710 712 2
597 712 0
659 660 3
667 668 3
384 801 1
631 689 0
632 690 0
633 691 2
634 692 2
637 695 0
612 670 1
685 801 1
688 689 0
689 690 2
690 691 1
691 692 3
692 693 3
694 695 3
581 584 3
611 669 1
612 669 1
629 687 3
693 694 3
610 669 3
669 670 3
612 728 1
686 687 3
687 688 3
603 661 3
661 663 3
670 728 3
559 728 1
384 798 1
584 641 3
585 641 3
711 712 3
668 669 3
798 801 3
538 641 3
660 661 3
384 679 1
384 448 3
686 801 1
660 889 0
661 720 3
663 720 3
664 723 3
664 722 3
666 723 3
661 719 3
663 722 3
686 744 1
667 945 0
744 801 0
687 744 1
666 724 3
667 724 3
668 945 0
670 727 3
688 746 1
660 719 3
719 720 3
668 726 2
669 726 2
669 727 3
728 787 3
687 746 1
689 746 1
663 721 3
559 787 1
714 889 0
720 721 3
723 724 3
687 745 1
689 747 1
690 749 1
691 749 1
692 750 1
693 751 1
694 752 1
695 753 1
710 711 2
726 945 0
744 745 3
746 747 3
690 747 1
690 748 1
749 750 3
750 751 3
751 752 0
752 753 1
718 889 0
660 718 3
726 727 3
799 801 3
745 746 3
747 748 3
748 749 3
581 641 3
448 504 3
798 799 3
587 708 1
718 719 3
724 945 0
504 559 3
384 504 3
720 887 0
727 728 3
721 722 3
722 887 0
722 723 3
721 887 0
724 782 1
727 786 3
728 786 3
782 945 0
721 779 3
779 887 0
800 801 3
718 777 3
720 779 3
799 800 3
719 777 3
587 944 3
711 944 2
777 887 0
723 782 1
726 784 3
727 784 0
727 785 3
784 945 0
744 802 0
745 803 3
746 804 3
747 805 3
748 806 0
749 807 0
750 808 0
751 809 0
752 810 1
752 811 1
753 811 0
720 777 3
784 785 1
801 802 3
802 803 1
803 804 3
804 805 3
805 806 0
806 807 3
807 808 3
808 809 3
809 810 0
810 811 2
591 936 3
587 936 3
777 889 0
723 887 0
785 786 3
559 788 1
538 589 3
774 889 0
775 889 0
723 839 1
538 817 3
589 591 3
839 887 0
839 945 0
782 839 3
786 787 3
787 788 3
641 817 3
581 813 3
775 834 3
641 813 3
589 817 3
774 775 3
936 944 3
775 777 3
798 857 3
799 857 3
589 936 3
384 857 1
589 821 3
821 936 3
777 834 3
834 887 0
836 887 0
787 845 3
889 944 3
786 845 3
800 857 3
801 859 2
589 820 3
559 846 1
800 859 2
802 859 2
820 821 3
787 846 3
831 889 0
784 843 1
785 843 3
810 868 1
581 929 3
589 819 3
809 868 1
811 868 3
813 929 3
817 819 3
819 820 3
775 833 3
843 945 0
800 858 0
802 860 2
803 861 0
804 862 0
805 863 0
806 864 0
807 865 2
808 866 2
809 867 2
811 869 3
833 834 3
786 843 3
857 858 0
858 859 1
859 860 3
860 861 0
861 862 1
862 863 0
863 864 3
864 865 1
865 866 3
866 867 3
867 868 0
868 869 3
641 816 3
857 915 0
774 831 3
786 902 3
845 846 3
504 793 3
384 793 3
384 915 1
641 871 3
816 817 3
845 902 3
813 871 3
816 871 3
833 887 0
774 833 3
843 902 3
887 945 3
559 905 1
846 905 3
559 906 1
846 904 3
905 906 3
845 904 3
816 818 3
817 818 3
831 833 3
559 793 3
818 871 3
845 903 3
864 922 3
819 821 3
885 944 0
833 889 0
902 903 3
903 945 0
863 922 3
885 936 0
902 945 0
559 907 1
865 922 0
887 897 1
897 945 0
858 916 1
859 917 0
860 918 0
861 919 1
862 920 0
863 921 3
865 923 0
866 924 0
867 925 0
868 926 0
869 927 0
818 819 3
819 879 3
903 904 3
915 916 3
916 917 3
917 918 3
918 919 3
919 920 3
920 921 3
922 923 3
923 924 3
924 925 3
925 926 3
926 927 3
818 879 3
904 905 3
921 922 3
871 933 3
818 933 3
821 879 3
928 929 3
915 1032 2
871 929 3
384 1032 1
887 889 3
821 935 3
929 933 3
818 876 3
879 935 3
935 936 3
904 963 3
905 963 3
876 879 3
906 1022 3
559 1022 1
915 973 1
936 941 1
973 1032 0
915 974 1
916 974 1
917 975 1
918 976 1
919 977 1
920 978 1
921 979 1
922 980 1
923 981 1
924 982 1
925 983 1
926 984 1
927 985 1
903 1020 3
904 1020 3
974 975 3
975 976 3
976 977 3
977 978 3
978 979 3
979 980 3
980 981 3
981 982 3
982 983 3
983 984 1
984 985 0
906 963 3
973 974 3
963 1020 3
793 1022 1
945 1020 1
963 1022 3
876 935 3
793 1032 1
876 933 3
928 933 3
945 1012 1
978 1036 0
973 1033 0
974 1033 0
977 1036 0
979 1036 0
963 1021 3
1032 1033 3
1020 1021 3
975 1033 0
976 1034 0
977 1035 0
1036 1037 3
979 1037 0
980 1038 0
981 1039 0
982 1040 0
983 1041 0
984 1042 0
985 1043 0
1033 1034 3
1034 1035 3
1035 1036 3
1037 1038 3
1038 1039 3
1039 1040 3
1040 1041 3
1041 1042 3
1042 1043 3
945 1021 1
1021 1022 3
