0 1 3
1 2 3
2 3 3
3 4 3
4 5 3
5 6 3
6 176 0
11 176 0
11 72 0
14 72 0
14 15 3
15 16 2
16 17 3
17 18 2
18 19 1
19 20 1
20 21 1
21 22 3
22 23 3
23 25 3
25 26 3
26 27 3
27 91 0
88 91 3
88 205 3
150 205 3
41 150 3
41 46 3
46 446 3
53 446 3
52 53 3
49 52 3
89 205 3
49 56 3
23 82 3
25 82 3
87 91 0
6 175 0
175 176 3
27 86 2
86 91 0
86 87 3
150 447 3
5 175 0
41 447 3
15 74 2
71 72 0
14 74 2
22 81 3
23 81 3
25 83 3
22 79 0
26 83 3
18 76 0
19 76 0
19 78 0
20 78 0
87 88 0
14 71 1
17 76 0
20 79 2
21 79 0
81 82 3
175 177 3
16 74 3
16 75 3
17 75 3
82 83 3
26 84 3
51 446 3
51 53 3
5 177 0
75 76 0
76 78 3
79 81 3
27 84 3
88 146 3
146 205 3
46 51 3
4 177 0
46 453 3
71 74 0
78 79 3
41 453 3
83 84 3
47 49 3
3 177 0
27 85 0
47 52 3
74 75 3
84 85 0
85 86 1
89 146 3
76 135 2
2 174 0
3 174 0
71 188 1
78 135 0
74 188 1
46 451 3
174 177 3
72 188 1
451 453 3
79 138 2
81 138 3
46 568 3
1 174 0
51 568 3
49 57 3
205 447 3
211 447 3
41 42 3
56 57 3
78 137 2
79 137 2
38 42 3
11 244 0
72 244 1
75 132 0
76 134 2
86 144 0
87 144 0
451 568 3
74 132 2
75 134 0
47 57 3
134 135 2
81 139 3
82 139 3
176 177 3
72 245 1
78 136 2
121 176 0
244 245 3
188 245 0
135 136 1
82 140 3
83 140 3
84 140 3
136 137 3
42 447 3
205 267 3
245 363 0
132 188 1
138 139 3
139 140 3
87 146 0
85 144 3
87 145 0
41 448 3
51 341 2
145 146 3
42 448 3
448 453 3
47 53 3
137 138 3
447 567 3
47 51 3
176 242 1
11 242 0
85 140 1
144 145 3
267 447 3
211 567 3
42 567 3
11 243 0
268 447 3
242 243 3
211 268 3
140 198 0
146 264 3
139 198 0
205 264 3
448 451 3
121 177 0
132 248 0
56 573 3
243 244 3
188 248 0
57 573 3
403 573 3
75 249 0
177 179 1
121 179 0
132 249 0
134 249 0
85 201 3
140 201 0
146 204 3
145 204 3
204 264 3
176 241 1
134 193 0
135 193 0
138 197 0
139 197 0
325 447 3
51 566 3
47 566 3
241 242 0
134 192 0
136 193 0
136 195 0
137 195 0
144 201 3
264 267 3
267 325 3
384 567 3
448 567 3
176 179 1
192 249 3
192 193 3
136 194 0
138 195 0
211 270 1
211 384 3
341 568 2
193 194 0
448 568 3
194 195 2
197 198 2
384 559 3
174 234 1
177 234 1
140 143 0
268 325 3
176 238 1
176 239 1
143 198 3
143 201 3
179 238 2
238 239 3
248 249 3
145 201 3
195 197 1
174 233 1
177 235 1
177 237 1
247 248 3
233 234 3
235 237 0
179 237 3
176 240 1
188 247 0
45 448 3
204 263 3
45 567 3
45 568 3
248 303 3
263 264 3
239 240 3
234 235 3
145 202 2
47 338 3
174 232 1
145 261 0
202 204 2
270 384 0
338 566 3
232 233 3
201 261 0
202 261 1
267 324 3
198 256 3
204 262 3
264 324 0
324 325 3
240 241 3
195 255 0
197 255 0
143 261 2
262 263 3
195 253 0
197 256 2
202 262 1
388 567 3
245 247 2
194 252 3
253 255 3
384 388 3
247 303 3
195 252 2
192 250 3
193 251 0
194 251 3
255 256 3
244 302 3
245 302 3
249 250 3
341 566 0
247 363 3
143 256 3
237 294 1
193 250 3
251 309 3
338 341 1
47 573 3
251 252 3
252 253 3
384 557 3
302 363 0
252 309 3
256 373 3
143 373 3
388 557 3
235 294 3
253 313 3
255 313 3
143 316 3
250 251 0
316 373 3
268 326 3
303 306 1
248 306 1
143 319 3
233 291 3
237 295 3
261 319 0
336 568 0
232 291 3
234 291 3
179 295 3
45 336 1
338 343 3
47 343 3
238 295 3
243 301 1
256 313 3
256 314 3
343 573 3
234 293 3
235 293 3
239 297 3
316 319 3
270 326 0
294 295 0
238 297 3
242 300 1
242 301 1
303 305 3
249 307 1
261 262 3
268 270 1
232 290 3
239 298 3
241 300 1
305 306 1
250 307 1
290 291 3
234 292 3
292 293 3
297 298 3
300 301 3
244 301 1
291 292 3
238 296 3
240 298 3
301 302 0
249 306 1
336 341 0
295 296 3
240 299 3
241 299 3
252 310 3
253 310 3
326 327 3
299 300 1
309 310 3
310 368 3
253 311 3
261 434 0
263 321 0
296 297 3
298 299 3
306 307 3
310 311 3
313 314 3
262 434 0
262 321 0
263 380 0
264 380 0
324 380 3
325 326 3
270 327 0
293 294 3
322 380 3
327 384 3
311 313 3
314 373 3
321 380 3
375 434 3
313 370 3
321 434 3
319 434 3
460 573 0
403 460 1
311 370 3
303 363 3
311 369 3
369 370 3
251 366 3
324 383 3
325 383 3
250 366 2
309 366 3
309 367 3
310 367 3
460 576 0
305 364 3
326 383 3
341 343 0
306 364 0
307 365 3
310 369 3
372 373 3
316 434 2
321 322 3
305 363 3
365 366 0
368 369 3
316 374 3
45 388 3
294 353 0
295 353 0
298 356 0
299 357 0
302 361 1
380 383 3
343 460 1
290 348 0
291 349 0
292 350 0
293 351 0
294 352 0
296 354 0
299 356 0
300 358 3
301 358 3
301 359 0
302 359 3
361 363 0
313 371 3
314 372 3
374 434 3
380 381 3
348 349 3
349 350 3
350 351 3
351 352 3
353 354 1
297 354 0
297 355 0
297 356 0
357 358 1
306 365 3
366 367 3
314 371 3
374 375 3
354 355 2
358 359 0
359 361 1
363 364 3
327 557 3
356 357 1
364 365 1
367 368 3
370 371 3
373 374 3
378 434 3
352 353 0
355 356 0
321 379 3
321 378 3
378 379 3
327 383 3
381 383 3
371 372 3
434 435 3
403 462 1
378 435 3
343 576 0
573 637 0
322 379 3
462 573 0
463 573 0
462 463 1
463 637 0
373 431 3
383 500 3
366 425 3
367 425 3
356 414 1
360 363 2
379 380 3
357 414 0
369 428 3
370 428 3
374 431 3
381 500 3
365 423 1
369 427 3
374 433 3
343 456 1
403 519 2
355 413 0
358 416 0
360 361 1
364 423 1
366 423 1
368 427 3
371 428 3
460 519 2
348 406 0
349 407 1
350 407 1
350 408 0
353 411 1
354 412 0
356 413 1
357 415 0
359 416 1
359 360 3
363 421 1
372 431 3
406 407 1
407 408 0
352 411 0
411 412 0
413 414 3
415 416 3
360 421 1
427 428 3
381 441 3
327 500 3
45 341 2
462 519 0
364 421 1
368 425 3
341 630 3
351 408 0
351 410 1
355 412 0
414 415 3
380 441 3
45 558 3
45 630 3
343 630 3
352 410 1
423 425 0
374 432 3
388 558 3
431 432 3
379 438 3
380 438 3
441 500 3
410 411 0
412 413 3
375 433 3
408 410 1
371 430 3
379 435 3
372 430 3
428 430 3
432 433 3
364 480 1
423 480 3
421 480 3
430 431 3
433 434 3
438 441 3
500 557 3
462 637 0
435 438 3
360 420 1
500 556 3
557 558 3
360 416 1
360 478 1
420 478 0
420 421 1
441 556 3
519 576 0
433 492 3
572 630 3
360 415 1
421 479 3
434 492 2
343 572 3
408 466 3
410 466 0
420 479 1
427 485 3
411 466 0
413 471 1
428 485 3
466 468 1
466 469 1
411 469 3
412 471 1
414 471 1
360 477 1
478 479 1
425 482 3
407 466 0
468 469 0
412 470 0
477 478 3
423 481 0
423 482 0
469 470 0
470 471 1
414 472 1
480 481 0
406 466 0
415 472 1
479 480 3
435 495 2
438 495 2
464 466 0
471 472 0
481 482 3
425 483 3
368 543 2
435 494 2
482 483 3
425 543 3
494 495 3
438 496 3
360 472 1
428 545 2
466 523 1
368 485 2
430 545 1
430 432 3
432 490 1
433 490 2
441 496 2
343 691 3
464 523 1
490 548 3
433 548 1
430 488 1
432 488 1
433 491 1
491 492 0
343 689 2
466 525 1
468 525 0
485 543 3
488 490 3
492 550 1
441 555 2
572 689 3
689 691 3
576 691 1
360 534 1
483 484 3
425 484 3
428 544 2
491 550 3
496 555 3
556 557 2
557 620 3
519 637 0
477 534 3
484 543 3
485 544 3
434 494 2
495 496 3
558 620 3
360 533 1
491 548 3
492 494 3
533 534 0
494 551 3
45 569 3
569 630 3
492 551 3
360 532 1
544 545 3
523 524 0
466 524 1
468 526 0
532 533 1
481 539 1
488 548 2
495 553 3
519 577 0
524 525 3
525 526 0
469 527 1
482 539 1
550 551 3
496 553 3
45 741 3
468 527 1
480 539 0
483 541 3
484 542 3
542 543 3
495 552 3
558 741 3
576 577 2
470 527 1
484 541 3
494 552 3
577 637 0
470 528 1
471 530 3
472 530 2
477 535 1
478 536 1
479 537 0
480 538 0
538 539 1
482 541 3
543 544 3
555 556 3
464 522 0
527 528 2
471 528 1
360 530 1
534 535 1
535 536 3
536 537 0
537 538 1
522 523 1
488 546 3
557 560 3
531 532 0
430 546 1
552 553 3
553 554 3
496 554 3
569 741 3
526 527 1
528 529 2
471 529 1
360 531 1
554 555 3
529 530 2
551 552 3
539 541 0
541 542 3
555 614 3
556 614 3
530 531 3
576 635 2
577 635 2
539 599 0
541 599 3
542 601 3
546 605 2
557 616 2
543 601 3
532 590 1
533 591 3
488 605 2
556 615 3
557 615 3
635 691 0
545 546 1
530 588 3
548 605 3
548 606 3
491 606 2
531 588 3
531 590 0
544 602 3
550 606 3
522 580 1
526 584 1
527 584 1
538 596 0
539 596 0
543 602 2
551 608 3
525 583 1
527 585 1
532 591 1
544 603 3
545 603 3
546 603 0
546 604 0
550 608 3
551 609 3
569 742 3
526 583 1
584 585 3
528 586 2
533 592 0
534 592 1
537 595 1
599 657 3
552 609 3
552 611 3
553 611 3
555 613 3
614 615 3
615 616 2
741 742 3
524 583 1
590 591 3
535 592 0
535 593 2
536 594 0
536 595 0
538 595 0
602 603 3
550 607 3
608 609 3
613 614 3
616 617 0
560 620 3
528 585 1
529 586 1
593 594 0
594 595 3
603 604 3
606 607 3
554 613 3
557 617 3
635 637 0
636 637 0
523 582 3
524 582 1
583 584 3
585 586 0
592 593 1
595 596 3
542 599 3
601 602 3
607 608 3
635 636 3
523 581 3
582 583 3
604 605 3
554 611 3
630 689 2
636 695 0
637 695 3
581 582 3
529 588 2
523 580 3
588 590 0
591 592 0
539 597 0
615 618 0
691 748 3
635 748 0
596 597 3
597 599 0
580 581 3
620 741 3
630 687 3
635 693 3
597 657 0
599 601 3
687 689 3
693 748 0
552 668 3
609 668 3
611 668 3
554 670 3
620 625 3
625 741 3
613 670 3
611 670 3
560 625 3
596 654 3
585 644 0
586 644 3
595 654 3
613 618 0
614 618 0
597 655 0
584 642 3
529 645 2
655 657 0
656 657 2
599 658 3
605 606 3
583 642 3
585 643 3
643 644 0
588 645 3
655 656 0
601 658 3
609 667 3
582 641 3
583 641 3
586 645 0
595 653 0
604 662 3
618 670 1
627 741 3
594 653 0
653 654 1
603 662 3
611 669 3
625 627 3
641 642 3
585 642 3
588 646 3
588 647 0
590 648 3
594 652 1
603 661 3
605 662 3
669 670 3
616 618 0
636 694 0
586 702 3
645 646 3
591 648 3
652 653 0
602 660 3
602 661 3
607 665 3
667 668 3
668 669 3
617 674 1
625 677 1
582 640 3
646 647 3
590 647 3
593 652 0
657 658 3
601 660 3
661 662 3
608 665 3
689 748 0
635 694 0
694 695 3
640 641 3
642 643 3
644 702 3
645 702 1
591 649 3
592 649 1
597 654 3
660 661 3
606 723 3
569 744 3
630 744 3
609 665 3
693 694 0
580 638 3
581 638 3
581 640 3
592 650 3
605 723 3
616 674 2
638 640 3
647 648 3
649 650 0
593 650 0
658 717 3
658 660 3
607 723 3
689 746 3
648 649 3
617 618 3
618 674 1
687 746 3
660 717 3
605 663 3
665 723 1
748 749 3
654 655 2
665 667 3
693 749 2
662 663 3
662 720 3
663 720 3
560 617 3
687 744 3
650 708 1
663 723 3
689 747 2
650 709 1
650 652 1
569 743 3
746 747 3
742 743 3
743 744 3
657 715 3
670 727 3
640 698 3
658 715 3
665 724 1
693 750 2
641 698 3
652 709 1
669 727 3
747 748 0
749 750 3
693 751 2
694 751 3
638 697 3
640 697 3
656 715 0
648 706 3
649 706 3
708 709 2
750 751 3
641 699 3
656 713 1
668 727 3
694 752 3
642 699 3
655 713 0
660 718 3
661 718 3
667 724 3
667 726 3
618 727 1
695 752 3
695 753 3
642 700 3
652 710 0
653 710 3
654 712 0
655 712 0
656 714 0
658 716 3
723 724 3
724 726 2
752 753 3
638 696 3
698 699 3
699 700 3
642 701 3
643 701 2
647 706 2
653 711 3
653 712 3
712 713 1
713 714 0
716 717 3
661 720 3
668 726 3
741 799 3
742 799 3
696 697 3
697 698 3
647 705 3
649 708 0
711 712 3
715 716 3
700 701 3
645 703 3
705 706 2
709 710 0
714 715 3
751 752 3
710 711 3
717 718 3
560 627 3
646 703 3
663 780 1
726 727 3
744 746 3
720 780 1
723 780 1
702 703 0
718 720 3
560 795 3
627 795 3
647 703 3
708 765 0
703 705 3
706 708 0
706 765 0
741 798 3
748 806 1
627 798 3
798 799 3
744 803 3
747 806 1
749 806 1
720 777 3
746 803 3
702 761 3
713 771 2
727 786 3
727 787 3
618 787 1
742 800 3
743 800 3
702 760 3
703 761 3
714 771 1
718 777 3
723 781 2
644 701 3
760 761 3
717 775 3
779 780 3
724 781 3
724 783 1
726 783 3
799 800 3
718 775 3
786 787 3
705 763 0
720 779 2
780 781 3
644 760 3
706 763 0
708 766 1
714 773 3
715 773 3
750 808 3
751 808 3
712 771 1
716 773 3
716 774 3
717 774 3
720 778 1
617 850 1
560 850 1
701 759 3
644 759 3
709 766 1
711 770 1
712 770 1
771 772 3
714 772 1
718 776 3
777 778 3
726 785 3
747 805 1
696 754 3
697 755 3
698 756 3
699 756 3
706 764 0
709 767 0
710 768 1
711 769 1
770 771 3
781 782 1
724 782 1
726 784 3
618 788 1
743 801 3
744 802 3
746 805 1
749 807 3
749 808 3
752 810 3
753 811 3
754 755 3
755 756 3
703 762 3
705 762 3
763 764 3
764 765 3
766 767 0
767 768 3
768 769 3
769 770 3
772 773 0
778 779 3
782 783 3
783 784 3
784 785 3
727 785 3
800 801 3
801 802 3
802 803 3
806 807 0
807 808 3
751 810 3
810 811 3
762 763 0
765 766 1
773 774 3
774 775 3
775 776 3
776 777 3
627 796 3
627 797 3
805 806 0
700 758 3
701 758 3
785 786 3
795 796 3
796 797 3
797 798 3
758 759 3
759 760 3
618 847 1
700 756 3
617 847 1
787 788 3
756 758 3
560 852 1
746 862 1
756 815 0
761 762 2
795 852 1
803 862 1
805 862 0
751 867 3
758 815 0
810 867 3
808 867 3
761 819 0
756 814 0
762 819 0
617 849 1
814 815 3
847 849 3
849 850 3
759 818 3
760 818 3
759 817 3
755 814 0
818 819 0
786 845 3
787 845 3
755 813 0
780 838 3
786 844 3
813 814 3
758 817 3
779 838 3
785 844 3
560 851 1
798 857 1
799 857 1
800 857 1
807 866 3
808 866 3
817 818 3
770 828 1
770 829 3
771 829 3
774 832 3
776 834 3
781 839 1
782 839 3
784 843 3
785 843 3
618 846 1
850 851 3
851 852 3
805 863 0
769 828 1
772 829 3
772 830 3
775 832 3
777 834 3
778 837 3
779 837 3
780 839 1
782 840 3
783 840 3
788 846 3
846 847 3
806 863 0
754 812 3
763 822 1
764 822 1
765 823 1
766 824 0
767 825 1
768 826 3
769 827 3
773 830 2
773 831 3
773 832 3
775 833 3
777 836 2
778 836 3
783 842 3
784 842 3
788 845 3
852 853 3
795 853 1
796 854 1
797 855 1
798 856 1
800 858 1
801 859 1
802 860 1
803 861 1
862 863 3
806 864 0
807 865 1
810 868 1
811 869 1
812 813 0
758 816 3
822 823 3
823 824 3
824 825 3
825 826 0
826 827 3
827 828 1
829 830 3
831 832 3
832 833 3
837 838 3
838 839 1
842 843 3
844 845 3
853 854 3
854 855 3
855 856 3
856 857 3
857 858 3
858 859 3
859 860 3
860 861 3
861 862 3
863 864 3
864 865 3
865 866 0
866 867 3
867 868 1
868 869 3
816 817 3
830 831 3
775 834 2
836 837 3
845 846 3
843 844 3
828 829 0
839 840 3
783 899 3
763 879 0
833 834 3
842 899 3
815 816 1
822 879 0
840 899 3
777 893 1
836 893 1
762 878 0
763 878 0
878 879 0
834 893 1
819 878 1
849 906 3
847 906 3
845 904 3
846 904 3
850 908 3
851 908 3
849 908 3
814 872 1
834 892 1
813 872 1
815 872 1
825 883 3
828 886 0
829 886 1
830 888 1
833 892 1
842 900 3
817 875 0
818 875 0
831 888 1
831 890 1
832 890 1
832 891 1
833 891 1
836 894 2
837 894 2
839 898 3
840 898 3
844 902 2
812 870 0
813 871 1
815 873 1
816 874 0
818 877 0
819 877 1
822 880 0
823 881 0
824 882 3
826 884 1
827 885 1
827 886 1
829 887 1
837 895 1
838 896 1
839 897 3
899 900 3
843 901 3
844 901 3
845 902 2
845 903 2
849 907 3
851 909 3
852 910 3
853 911 3
854 912 3
855 913 3
856 914 3
857 915 3
858 916 3
859 917 3
860 918 3
861 919 3
862 920 3
863 921 3
864 922 3
865 923 3
866 924 1
867 925 1
868 926 2
869 927 2
870 871 3
871 872 3
872 873 3
873 874 3
874 875 3
877 878 3
879 880 1
880 881 3
881 882 1
882 883 3
825 884 0
884 885 3
885 886 0
886 887 1
887 888 3
893 894 0
894 895 1
895 896 3
896 897 3
897 898 3
898 899 3
900 901 3
902 903 3
906 907 3
907 908 3
908 909 3
909 910 3
910 911 3
911 912 3
912 913 3
913 914 3
914 915 3
915 916 3
916 917 3
917 918 3
918 919 3
919 920 3
920 921 3
921 922 3
922 923 3
923 924 3
924 925 3
925 926 3
926 927 3
883 884 0
892 893 3
901 902 3
903 904 3
890 891 3
846 905 3
847 905 3
818 934 0
891 892 0
877 934 3
875 934 3
888 890 1
904 905 3
905 906 3
890 947 0
888 947 3
899 957 3
900 957 3
898 957 3
906 964 3
905 964 3
890 948 0
891 948 0
904 963 3
905 963 3
887 945 3
878 936 1
888 945 3
891 949 0
892 949 2
901 959 3
902 961 3
903 961 3
877 936 1
879 936 1
885 943 1
900 959 3
904 961 0
906 965 3
907 965 3
870 928 0
871 929 0
871 930 3
872 930 3
873 931 3
874 932 3
875 933 3
877 935 3
880 938 1
881 939 3
882 940 2
884 942 1
886 944 1
892 950 2
893 951 2
894 952 1
895 953 3
896 954 3
897 955 3
898 956 3
900 958 0
901 960 0
902 960 3
904 962 3
908 966 3
909 967 3
910 968 3
911 969 3
912 970 3
913 971 3
914 972 3
915 973 3
916 974 3
917 975 3
918 976 3
919 977 3
920 978 3
921 979 3
922 980 3
923 981 3
924 982 3
925 983 3
926 984 3
927 985 3
928 929 2
930 931 3
931 932 3
932 933 3
933 934 3
935 936 1
879 938 1
938 939 0
939 940 1
883 942 0
942 943 0
943 944 1
887 944 1
947 948 0
949 950 3
950 951 3
951 952 1
952 953 0
953 954 3
954 955 3
955 956 3
956 957 3
957 958 0
958 959 1
959 960 0
960 961 3
965 966 3
966 967 3
967 968 3
968 969 3
969 970 3
970 971 3
971 972 3
972 973 3
973 974 3
974 975 3
975 976 3
976 977 3
977 978 3
978 979 3
979 980 3
980 981 3
981 982 3
982 983 3
983 984 3
984 985 3
929 930 2
934 935 3
883 940 0
961 962 1
963 964 3
964 965 3
944 945 0
948 949 3
962 963 3
945 947 3
936 995 3
879 995 1
938 995 3
883 999 3
942 999 1
947 1004 3
945 1004 3
930 988 3
931 988 3
940 999 1
945 1003 3
962 1020 3
944 1003 2
963 1020 3
964 1022 3
929 988 2
952 1010 3
953 1010 2
963 1022 3
951 1010 1
936 994 3
963 1021 3
964 1023 3
965 1023 3
928 986 3
929 987 3
931 989 3
932 990 3
933 991 3
934 992 3
935 993 3
994 995 3
938 996 3
939 997 1
940 998 1
942 1000 0
943 1001 3
943 1002 3
944 1002 2
947 1005 3
948 1006 1
949 1007 1
950 1008 1
951 1009 1
953 1011 2
954 1012 2
955 1013 2
956 1014 2
957 1015 2
958 1016 1
959 1017 3
960 1018 1
961 1019 1
1020 1021 3
1021 1022 3
1022 1023 3
966 1024 3
967 1025 3
968 1026 3
969 1027 3
970 1028 3
971 1029 3
972 1030 3
973 1031 3
974 1032 3
975 1033 1
976 1034 1
977 1035 1
978 1036 1
979 1037 1
980 1038 1
981 1039 1
982 1040 3
983 1041 1
984 1042 1
985 1043 0
986 987 2
987 988 2
988 989 3
989 990 3
990 991 3
991 992 3
992 993 3
993 994 1
995 996 3
996 997 0
997 998 0
998 999 3
999 1000 0
1000 1001 3
1002 1003 3
1004 1005 3
1005 1006 3
1006 1007 3
1007 1008 3
1008 1009 3
1009 1010 3
1011 1012 3
1012 1013 3
1013 1014 3
1014 1015 3
1015 1016 0
1016 1017 1
1017 1018 3
1018 1019 3
1019 1020 3
1023 1024 3
1024 1025 3
1025 1026 3
1026 1027 3
1027 1028 3
1028 1029 3
1029 1030 3
1030 1031 3
1031 1032 3
1032 1033 1
1033 1034 3
1034 1035 3
1035 1036 3
1036 1037 3
1037 1038 3
1038 1039 3
1039 1040 0
1040 1041 1
1041 1042 3
1042 1043 0
1001 1002 3
1010 1011 3
1003 1004 3
