0.209589 -0.286359 18.5929
-0.0367581 -0.1297 23.0725
-0.0446919 -0.0411455 22.4491
-0.0467887 0.064968 20.3419
-0.0250152 -0.00784637 18.7848
-0.0316186 -0.028519 19.9923
-0.0385616 -0.0923601 23.1763
-0.0278195 -0.0166712 26.235
-0.022547 -0.0705375 25.6329
-0.0603472 0.0156238 31.1613
-0.0686174 0.0218693 32.4528
-0.0469131 0.0175369 27.0765
-0.000908543 -0.0396172 15.9871
0.035234 -0.0852627 7.34018
1.4303 -0.0624552 -426.065
-0.0105722 -0.102669 20.0268
-0.0152844 -0.121327 21.7469
0.177744 0.286229 -59.3735
0.0376535 -0.0236675 -10.0919
-0.00775718 0.126664 14.8714
-0.0173586 0.113992 19.2178
0.00858356 0.125593 7.37145
0.213357 -0.0375045 -83.5767
-0.0187528 0.0135831 23.0037
-0.177636 0.0183237 103.507
0.0259946 0.173701 -7.35972
0.181141 0.0242839 -90.7383
0.177834 -0.0150125 -88.1956
0.0945946 -0.109036 -38.4616
0.0508966 -0.0675889 -12.3427
-0.139147 -0.0499317 110.803
0.0262863 -0.0629649 -11.794
0.00216005 -0.0551054 5.13838
0.0052398 -0.0832349 3.02559
-0.00257618 -0.113939 9.42568
0.0616055 0.275203 -40.0559
-0.00470254 -0.0606336 8.6298
-0.00126097 -0.043865 5.82531
-0.0117268 -0.0742085 14.1669
-0.0656836 -0.0896513 60.6094
0.00728917 -0.059416 -1.87304
0.0289367 -0.0330468 -21.783
0.0445294 -0.0406725 -34.9813
0.0232399 0.00129592 -17.003
-0.0391825 0.0244619 42.0576
-0.00934407 0.0480638 11.9572
0.0172083 -3.49018e-05 -13.8225
0.00645541 0.00722827 -3.25537
-0.00347085 0.0117672 6.93992
-0.480469 -0.375 580.598
-0.131415 0.228187 196.312
-0.000551998 -0.0346013 5.01185
-0.00182323 -0.0391013 6.51785
-0.00182064 -0.0447769 6.63022
-0.00798545 -0.0430048 13.7474
-0.00540717 -0.03038 10.4089
-0.00574882 -0.0241441 10.7412
-0.0055869 -0.0156187 10.4397
-0.00324813 -0.0164008 13.0894
-0.169363 -0.491294 37.8334
0.047499 -0.291085 22.7882
0.0206227 -0.0709549 16.4583
-0.0136536 -0.0181493 18.7824
-0.0206894 -0.0306508 19.7435
-0.0443832 -0.0711248 23.2895
-0.0492689 0.00299928 21.8744
-0.0550223 -0.0053392 22.7687
0.0410821 -0.0746442 6.64873
-0.0204049 -0.156774 24.7394
-0.0585048 0.00597876 30.4068
-0.0415038 -0.0213077 26.8618
-0.0300895 -0.0472142 24.4694
-0.0556685 -0.0547395 32.1764
-0.0243491 -0.112205 24.2055
-0.0310465 -0.139207 27.8038
0.0708937 -0.183635 -7.50335
0.0130413 0.026117 -0.118149
0.0267792 0.0525407 0.79257
0.0198919 0.0837235 3.56464
0.325595 -0.17987 -133.642
0.253379 -0.026439 -103.436
-0.118908 0.0171172 73.5667
-0.10648 -0.0133642 67.7343
0.129691 0.0659846 -61.3541
-0.0322862 0.35825 23.6679
0.108786 0.0207185 -47.6466
-0.151587 -0.0335835 110.828
-0.210214 -0.0186522 146.814
-0.204952 -0.048698 153.875
0.0521746 -0.00757522 -31.1053
0.012713 -0.0482513 -2.26239
-0.0173384 -0.0797953 19.3262
-0.012059 -0.0735535 15.246
-0.0171443 -0.0908949 19.5216
0.0221773 -0.0668207 -11.7924
-0.0143332 -0.0564788 16.3706
-0.0143291 -0.0438916 15.1645
0.00678064 -0.0330334 -3.07642
0.0170629 -0.0182429 -12.0374
0.041037 -0.0392119 -32.4177
0.0350318 -0.0288292 -27.551
0.0537962 -0.0160587 -44.7008
-0.0149107 0.00533613 19.8119
-0.0182023 0.0279883 21.5107
-0.00626938 0.0188513 9.77303
0.76505 0.344571 -794.97
-0.0131347 0.0137484 16.9421
-0.01104 0.0045909 15.0844
-0.0106004 -0.00335161 14.964
-0.0078805 -0.0210664 12.7677
-0.00615448 -0.0366143 11.3625
-0.00516818 -0.0388128 10.3029
-0.00515137 -0.0402154 10.3343
-0.00305907 -0.0245354 7.33391
0.0042935 -0.0215089 -1.54536
0.0107322 -0.0104829 -9.81457
-0.0163908 0.0179153 11.9911
0.000494795 -0.0116077 12.9519
0.0330744 0.00367936 10.3284
-0.0596365 -0.00958938 16.9676
0.0257494 -0.0426884 14.9209
-0.0185558 -0.104261 22.6058
0.0256569 -0.142355 16.9057
-0.00317702 0.0156841 13.8707
-0.0847717 0.00672251 27.7681
-0.0364985 -0.0415603 20.82
-0.0419986 -0.0580329 24.143
-0.0915632 -0.0840624 37.4185
-0.0786864 0.000856982 67.5314
-0.0415204 -0.0585967 28.9928
-0.0606839 -0.0696346 34.1201
-0.0499556 -0.0726653 30.7139
-0.0132911 -0.0765654 18.4951
-0.0531831 -0.0562063 31.4095
-0.0711051 -0.0299031 36.914
-0.00115524 -0.01882 7.5435
0.0257999 -0.031601 -3.144
-0.185026 -0.421998 122.495
0.0820219 -0.142643 -15.3916
-0.106633 -0.0130163 68.3693
-0.119705 -0.104586 79.0421
-0.016749 0.0427603 10.4384
-0.0229884 0.0363897 14.6129
-0.026153 0.0203773 17.5099
-0.0151347 0.0290448 10.1761
-0.00597018 0.00922343 5.39396
0.0172381 -0.0140628 -8.01324
0.0242035 -0.0563976 -10.7663
-0.00834102 -0.0700222 12.6426
-0.00457396 -0.0678233 9.33439
-0.0104761 -0.0702386 13.5834
-0.0109043 -0.0468338 12.5072
0.00822366 -0.0446164 -2.44609
-0.0082264 -0.0341956 10.0735
0.00323101 -0.0179732 -0.463674
0.0195223 -0.00536366 -14.9464
0.0163435 -0.0211655 -11.3658
0.0288806 -0.0154903 -23.0117
0.03439 -0.032354 -26.7684
0.0399605 -0.0247704 -31.5062
-0.0102967 0.00452505 15.2912
-0.00781661 -0.0133694 14.2838
-0.0182134 0.0191154 21.6892
0.0269586 0.0118569 -24.0006
-0.00725408 0.042813 11.7696
0.150567 -0.0259981 -147.441
0 0.123216 -3.18892
-0.0143964 -0.00971929 19.5761
-0.0114172 -0.0118983 16.3738
-0.00905476 -0.0153739 13.8626
0.0147545 0.140895 -21.2697
-0.0185245 0.0125915 25.3744
0.519531 -0.0341797 -473.411
0.0334896 0.0105726 -38.2995
-0.0314968 0.0327221 11.5799
-0.0334074 0.0204403 12.2926
-0.00102469 -0.0143414 13.7845
-0.275472 -0.040268 33.1704
0.00607952 0.246752 -11.559
-0.00567198 -0.192094 23.1486
0.00946841 -0.163036 18.4322
-0.0651891 0.0704622 12.865
0.0101765 -0.0928709 11.96
0.0191311 -0.215469 20.3082
0.0375174 -0.145035 11.711
0.0381468 -0.106736 7.03045
-0.0783767 -0.00227638 67.6624
-0.055533 -0.0711957 32.9744
-0.0405778 -0.0691531 28.1259
-0.0149964 -0.0555247 17.4017
-0.0202229 -0.0174704 17.1844
0.00152829 -0.0102879 8.2144
-0.0263606 0.0367618 14.969
-0.0257664 -0.0486287 19.5856
-0.0445443 0.0419318 22.2884
-0.0147147 -0.0117288 11.5705
0.00352508 0.0422783 -0.61648
0.291385 0.00136366 -136.464
-0.0424169 0.203716 18.7492
-0.0190803 0.0428514 11.7838
-0.0261594 0.0190008 17.8616
0.362731 -0.056273 -202.835
-0.0160929 0.020663 11.2083
-0.0275907 0.0297198 18.1379
-0.0117543 0.0138392 9.07658
-0.0196182 -0.0328912 17.3457
-0.00573576 -0.0214345 6.85019
-0.00291042 -0.00901598 3.87277
-0.000758142 -0.0130932 2.67877
-0.00614825 -0.00755661 6.41079
0.00286773 -0.0152553 0.183965
-0.00364583 -0.00731066 4.86139
0.0074271 -0.00496257 -4.64702
0.0269549 -0.00179748 -21.1686
-0.00242432 -0.00309521 4.61298
0.00835949 -0.00591505 -4.89971
0.0318255 -0.0267125 -24.5769
0.0300388 -0.0482312 -20.9981
0.0451286 -0.048277 -35.2236
0.0254556 -0.0156496 -18.3882
0.0078858 -0.00954581 -1.97567
0.0109531 -0.00819847 -6.03364
-0.00695676 -0.00530163 13.3403
-0.0861844 -0.240145 124.513
0.00583919 -0.0862579 7.41821
0.00600395 -0.0952563 7.95486
0.0338199 0.620518 -77.7268
0 -0.0851258 13.651
0 -0.167821 20.5482
0 -0.0870073 13.956
0.367793 0.034033 -446.677
0.0116156 0.0373698 -11.5613
-0.0178399 -0.00921439 15.5249
-0.0493452 -0.000987051 14.7945
-0.0207785 -0.0125631 14.3449
-0.0107565 -0.065094 12.976
-0.0406327 -0.051571 12.5177
0.0127316 -0.0290448 4.7203
0.015625 -0.134999 15.1936
-0.00873535 -0.0991723 15.5131
-0.00970327 -0.0588518 11.6502
0.0500644 -0.133151 7.33775
0.0287563 -0.0799786 5.74444
0.0137178 -0.0925051 10.0378
-0.0778897 -0.00454556 67.7272
-0.0720776 -0.127747 42.1061
0.0128107 -0.144802 16.6514
0.0197831 -0.0799592 8.25449
0.0161707 -0.0833258 10.322
0.042477 0.0367185 -10.8153
0.0211304 0.0229754 -1.05497
-0.0003427 0.137557 -2.70396
0.0154632 -0.0566052 2.61416
0.0325675 -0.00395035 -12.6109
0.0167008 0.000131491 -4.41382
0.137421 -0.0123235 -56.3782
0.104577 0.00960802 -41.6388
-0.0197561 -0.00427857 15.854
-0.00726284 -0.00180281 8.10677
0.0962303 -0.274692 -15.8757
-0.0012023 0.026705 2.01234
-0.0842655 0.0356304 54.6288
-0.0650004 -0.00434915 45.642
-0.0268066 -0.00493435 20.1366
0.00207773 0.0142373 -1.42661
0.000142382 0.0186338 -0.489728
-0.00876502 0.0152029 6.64377
-0.00547582 -0.000415423 5.55704
0.00406472 -0.00352538 -1.56102
-0.00606511 -0.00301177 6.61406
-0.00416941 -0.00146847 4.7205
0.0225476 -0.012973 -16.5165
0.0125991 -0.0104783 -8.28396
0.00999768 -0.00893985 -6.31369
0.0157448 -0.0167079 -10.8413
0.0152573 -0.0331691 -9.02499
0.0560108 -0.0394633 -47.3124
0.0155717 -0.042379 -7.25705
-0.00830906 -0.0490692 16.9264
0.0121734 -0.017586 -7.00575
-0.00358268 -0.0276529 11.2552
-0.353642 -0.235509 409.972
0.187637 -0.0621363 -191.404
-0.00186334 -0.0185587 7.78137
-0.0111217 -0.0155828 16.4015
-0.00739556 -0.0096106 11.6956
-0.00229703 0.00326964 5.25396
0.0102562 0.0140229 -10.823
0.128125 0.395312 -186.776
0.0215899 0.0255033 -26.5013
-0.0335027 -0.0444373 18.7627
-0.0367676 -0.0177195 16.0307
-0.0572583 0.0049142 14.2585
-0.0722941 -0.0375346 15.1292
-0.0136952 -0.017869 6.69102
0.00982766 -0.0193219 4.37373
0 0 -1
0.0143398 -0.0505315 7.30405
-0.0163386 -0.0138946 7.81028
0.012292 -0.00644597 0.605742
0.016806 -0.0106137 0.0820864
-0.0019918 -0.011575 4.6273
-0.00646662 -0.00518775 4.60411
0.044687 -0.0102185 -9.03815
0.0443924 -0.0238216 -7.74795
0.0452955 -0.0886112 0.385601
-0.029169 0.0360441 8.30117
-0.0244271 0.0193039 8.54235
0.0955244 0.00455118 -28.3417
0.0176935 -0.00228466 -4.79491
0.00979435 -0.00886984 -0.432621
0.00525045 -0.0103245 1.57224
-0.237288 0.214493 91.4243
0.0648485 -0.0155773 -26.7172
0.0208841 -0.018301 -3.97307
-0.0122349 -0.00556636 11.3367
0.00335094 0.00468328 0.364385
0.224972 0.158959 -144.865
0.0179401 0.0142695 -8.39985
-0.00213595 0.0426771 1.35282
-0.0921561 -0.0120672 64.6748
-0.00589855 -0.00216905 5.81655
0.0148332 0.0191967 -10.759
-0.00394371 0.00518869 4.39143
-0.0177671 0.00640464 14.3172
-0.00618164 0.0185152 3.90547
-0.000567249 0.00560935 1.02772
-0.0092021 -0.000433722 8.81451
-0.00680306 -0.00251788 7.05795
0.00930962 -0.00655361 -6.07682
0.0161866 -0.0145409 -10.7686
0.00360408 0.00253494 -1.45004
-0.0116757 -0.0183869 14.981
0.0075502 -0.0129399 -3.61034
0.0354167 -0.0139145 -30.3185
0.0829253 -0.0137146 -75.4441
-0.0135047 -0.0234945 19.1138
0.0309749 -0.00219462 -27.831
-0.0223342 -0.0502879 32.1115
0.062876 -0.402964 -16.3878
-0.009036 -0.0310197 15.579
-0.00470664 -0.0277781 10.4798
-0.00465577 -0.0183202 9.40743
0 -0.389027 48.7787
0.0165546 -0.202894 6.8009
0.228413 0.359087 -302.699
-0.205327 0.37858 218.833
0.0273734 -0.00808332 -20.9196
-0.035102 -0.0356013 17.7248
0.0625643 -0.0712273 29.7721
-0.00239977 0.102316 -0.00207784
0.0600656 0.52596 -63.9532
-0.00902451 -0.0306759 8.0498
0 0 -1
-0.00280809 -0.00909709 4.79151
-0.0438363 0.00963566 20.8782
-0.0541796 0.00440404 23.5549
-0.00483227 0.00473566 3.32994
0.0017352 0.0173937 0.368365
-0.00681253 0.00662788 3.77128
-0.00398927 0.014116 1.89483
0.00688749 0.0120509 -0.785171
0.0242558 2.60588e-05 -4.25732
0.0192026 -0.0354196 2.33591
-0.0387489 0.0297605 13.1775
-0.0324815 0.0245788 10.9677
0.103782 -0.00730417 -29.5457
-0.00493219 -0.00407425 17.5012
-0.0525046 -0.0272845 41.3476
-0.00256983 -0.0125175 5.51834
0.00186416 -0.0143967 3.48332
0.0182299 -0.0166185 -4.36708
0.000781984 -0.0277252 7.73444
0.00128755 0.00337494 2.84296
0.166043 0.204229 -120.023
0.0305139 0.0258899 -17.2214
0.00807234 0.0174302 -2.8065
0.0159608 0.0634712 -13.1597
-0.00638749 -0.0145641 7.79404
0.0111692 -0.00603252 -5.03907
0.0177752 0.0027245 -10.6676
-0.000648351 0.00216118 2.28314
-0.010905 0.0123257 8.31438
0.000565562 0.0254362 -2.28165
-0.0136437 0.0295174 9.10484
0.0176341 0.0147579 -15.3779
-0.00491947 0.00128366 4.92392
0.00841695 -0.00773052 -5.10502
0.00694012 -0.00432362 -4.28191
0.0160309 -0.0239853 -9.20596
0.00462897 -0.0171829 -0.0800292
0.00442354 -0.0111367 -0.951837
0.108741 -0.0769789 -91.6346
-0.00287062 -0.00166574 5.8671
0 0.170271 -21.5117
-0.280577 0.0513677 284.635
0.0215642 0.00369043 -19.9
-0.0108183 0.0138158 10.6627
0.0063871 -0.0136193 -2.57022
0.00766112 -0.00819355 -4.59336
0.00677291 0.0166952 -2.92124
0.0102864 0.00294699 -10.5889
-0.00961915 0.0122805 15.3475
0.0202972 0.02023 -24.161
0.837891 -0.189974 -993.473
-0.0179709 0.015932 24.729
0.0756175 -0.0841517 30.8909
0.0833349 -0.0392263 23.7298
-0.00447721 0.0215762 17.9337
-0.0561402 0.00135331 24.7048
-0.0569161 -0.061086 34.6594
-0.045845 -0.0664046 34.0516
-0.0805967 0.00566105 27.5292
-0.0580449 0.00505937 24.0624
-0.0774911 -0.00294614 29.0439
-0.0813859 0.000237124 29.0362
-0.0015488 0.0139879 1.44831
-0.00770203 0.013187 2.88845
0.00848952 0.0264595 -3.12182
0.0857224 -0.0195583 -8.5204
0.0328069 0.0074416 -8.11397
-0.0361193 0.0722842 5.56536
-0.0298371 0.0572177 4.43889
0.177437 -0.0128014 -61.0491
0.207902 -0.0352128 -67.5138
0.084644 -0.00927324 -20.1262
-0.173066 0.0102436 88.975
-0.137408 0.0103259 72.7895
-0.0936454 -0.0104128 66.3763
-0.097083 -0.0120342 68.5946
-0.107204 -0.00987359 73.6857
0.332399 -0.151543 -142.055
-0.00522481 0.0108981 17.7368
0.0104263 0.0104477 8.59218
0.0330595 0.0427172 -21.2543
0.0202739 0.0251265 -9.71276
0.0150292 -0.0224918 -5.07952
0.0256034 -0.00629724 -14.7764
0.0117302 0.0122124 -7.96677
-0.00909155 0.00537266 7.82701
-0.00278563 0.00899932 2.54966
0.00369281 0.0201271 -3.9711
0.00140387 0.0188905 -1.16853
-0.0320098 0.0157105 25.1081
-0.0160268 0.0185495 11.4281
0.00239218 0.00896127 -2.41565
-0.00121113 0.00327223 1.60183
0.00397524 -0.00799336 -1.22521
0.00806796 -0.00751657 -4.78251
0.0069091 0.00661073 -6.03228
0.0187277 0.0012078 -16.5123
0.0391593 0.0117939 -37.3906
-0.0261289 -0.000250371 28.6819
0.0240721 0.00361896 -22.4974
0.00781923 -0.00889871 -4.54587
0.005786 -0.00824899 -2.34039
0.00200953 -0.00795848 1.71706
0 -0.0294288 5.78104
0.0194774 -0.011634 -17.0733
0.0163068 0.00602851 -18.0675
0.0273535 0.0135628 -31.9269
-0.00272321 0.0370184 3.16675
-0.0160035 0.016117 22.336
-0.00819603 0.0268436 11.8165
0.0779502 -0.0719714 28.8319
-0.0177737 0.0740497 8.46307
0.0168097 0.020457 16.3954
-0.0654265 0.0308714 19.8261
-0.11382 -0.0834646 43.2387
-0.137996 0.0105706 27.3124
-0.0745852 0.0181155 24.3366
-0.0706164 0.0361866 20.4744
-0.0699764 0.00255509 26.5615
-0.0943859 0.00477831 30.6629
-0.07586 -0.00418565 37.4817
0.0281588 0.118231 -18.7977
0.0640353 0.156703 -35.95
0.0131193 -0.007637 9.37373
-0.0523154 0.13125 2.4744
-0.0839263 0.127862 13.8649
-0.0694918 0.112538 10.6805
-0.0640671 0.117993 7.87002
0.644917 -0.0553556 -238.817
-0.0376665 0.0265903 14.4372
-0.130089 0.012669 69.5723
-0.116275 0.0192246 61.5941
-0.0756527 -0.0010988 56.132
-0.0888305 -0.0197887 66.142
-0.128989 -0.014739 85.73
0.0838341 0.00765311 -32.4263
0.0347804 0.0123044 -5.73704
-0.0184985 0.0215492 23.2221
0.000597261 0.321827 -58.3831
-0.139934 -0.0148851 99.6952
0.0224631 0.196169 -48.7172
0.0032463 0.0464426 -8.56426
0.00656404 0.0546946 -12.2979
-0.00614011 0.0234781 2.37522
-0.00249773 0.0185184 0.325204
0.00594991 0.038791 -9.45991
-0.0173381 0.0567881 5.46241
-0.0270127 0.077264 10.1809
-0.0334625 0.0712978 16.6113
-0.00716015 0.0209702 3.51334
-0.00647978 0.0268461 1.95059
0.000122433 0.0181211 -2.38028
0.008874 0.0140351 -9.32246
0.00889582 0.0104829 -8.54485
0.0505393 0.0213029 -49.9256
0.0121128 -0.00400555 -7.30582
-0.0279411 0.000418253 30.0188
-0.119756 -0.0272485 129.911
-0.0158239 0.00610652 17.4458
-0.0155511 -0.00214646 19.5482
0.000330515 -0.00773007 3.53157
0 -0.0468938 9.52782
0.0209524 -0.00656022 -19.7224
0.0179282 0.0224408 -22.9589
0.033063 0.0269751 -41.2165
-0.203301 -0.0142446 253.106
0.0479332 0.0316408 -59.5709
-0.00525989 0.0438842 5.13646
0.00602995 0.100981 3.03816
-0.00217877 0.0957498 4.05568
-0.0232562 0.0791505 7.12616
-0.0394609 0.0930562 5.3285
-0.0784788 0.122054 2.83561
-0.062271 0.0465113 16.9286
-0.0615079 0.0862159 8.96986
-0.0709288 0.16283 -4.74946
-0.0604628 0.0852451 9.12732
-0.0642711 0.23484 -19.8948
-0.0813153 -0.00296686 38.4399
0.0211703 0.109514 -15.3651
-0.0594563 0.104729 20.5839
-0.00163581 0.12714 -12.1975
-0.0635343 0.0463926 33.4931
-0.0694452 0.152593 3.93113
-0.181679 0.015212 91.14
-0.166693 0.025574 83.3804
-0.165596 0.00391212 87.3365
-0.164969 -0.0417239 95.7944
-0.136668 -0.00205301 75.3833
0.0871397 0.0604569 -38.4329
0.00620137 -0.0352444 21.5243
-0.104605 -0.0476439 79.609
-0.118744 0.000999418 77.0295
0.236972 0.0480946 -124.516
0.0205108 0.0309555 -1.01698
0.0217329 0.0255048 -0.782966
-0.0251688 0.334494 -45.0156
-0.0208217 0.321679 -44.9106
-0.0147276 0.267215 -37.6582
-0.0220161 0.299496 -39.1702
-0.00862676 0.302918 -49.3025
-0.00684289 0.338246 -57.7359
-0.00722978 0.338334 -58.0962
-0.023537 0.167488 -10.7598
-0.0169881 0.158602 -13.8279
-0.0137002 0.128898 -10.0856
-0.0469901 0.121182 19.3078
-0.0224904 0.103492 0.780477
-0.031096 0.110608 7.52957
-0.0210822 0.0754382 5.31987
-0.00351633 0.0570016 -6.64331
-0.000628445 0.0234993 -2.05074
0.0300416 0.0142879 -28.779
-0.0165838 0.000558602 18.9449
-0.0268334 0.018093 25.2297
-0.0216872 -0.00106221 23.9789
-0.00158482 0.0211584 -1.25007
-0.0106201 -0.00111671 14.71
-0.027264 -0.117186 56.0564
0.00862657 -0.01933 -3.0629
-0.00460444 -0.108196 29.6351
0.0152758 0.0242554 -20.2308
0.0394286 0.0421687 -51.6305
0.0165664 0.0109145 -14.8343
0.0590654 0.0364444 -72.379
0.00605391 0.0472182 -8.96865
-0.0105418 0.0975959 3.95337
-0.0252198 0.102833 3.18122
-0.0386471 0.113128 1.66179
-0.0393443 0.115088 1.15313
-0.0431494 0.121912 -0.326783
0.271953 -0.0415613 16.2529
-0.12421 -0.00315507 57.9962
-0.102963 0.0471317 42.8232
-0.0505868 0.0806083 26.0017
-0.0669146 0.0927757 26.5456
-0.076572 0.096953 27.1728
-0.0706302 0.0718525 30.6598
-0.208979 -0.00335542 104.075
-0.203091 -0.00349583 102.477
-0.201534 -0.001346 101.485
-0.196561 -0.00307496 100.289
-0.18166 -0.00273364 94.9993
-0.18791 -0.0268875 102.512
0.0166607 0.184377 -30.3854
-0.0184012 0.167733 -12.7387
-0.0282357 0.188322 -13.8537
0.0271514 0.0963245 -18.2431
-0.00319045 0.0724575 1.9845
-0.0453155 0.0885012 19.9809
0.0101862 0.161341 -26.2462
0.019353 0.14329 -26.3061
0.0167735 0.0244924 2.38062
-0.0124588 0.035385 17.0461
-0.0584418 0.0687804 37.4855
-0.0353163 0.314488 -33.7919
-0.023052 0.320116 -43.2233
-0.0154401 0.297298 -43.5541
-0.13234 0.133146 74.7349
-0.027873 0.0709523 15.0338
-0.00614165 0.0728765 -1.19359
-0.0522483 0.119184 22.8643
-0.0432049 0.113017 17.0992
-0.0152173 0.146329 -12.9576
-0.0240527 0.129975 -1.86398
-0.0261445 0.135094 -1.38989
-0.0334672 0.132577 5.23794
-0.0289732 0.0962518 8.54406
-0.0216582 0.0549981 11.307
-0.0220626 0.0465256 13.1644
0.00315053 0.00939344 -1.80773
-0.00305036 0.00647077 4.66562
0.0158669 0.00039867 -12.2124
0.0107103 -0.00560657 -6.09165
0.0178925 0.00188698 -16.6931
0.0061191 -0.0132706 -1.33435
0.0013928 0.0198199 -4.12093
-0.0564535 0.0829832 45.3852
-0.0151666 0.0208056 20.8165
0.0716953 0.277781 -133.687
0.106154 0.038649 -116.712
0.0285093 0.00368376 -27.5243
0.10776 -0.0444916 -113.061
0.0591407 0.00614664 -64.4639
-0.0391573 -0.034933 59.0398
-0.0437639 -0.0333568 58.814
-0.0618468 -0.0243858 57.4824
-0.0963961 0.0110286 51.0382
-0.102654 0.0183872 49.4668
-0.0839786 0.00063736 51.9655
-0.096524 0.0101218 50.9924
-0.0785006 0.0321275 42.3441
-0.0577883 0.0414443 36.4978
-0.0328091 0.072842 24.8785
-0.113681 0.0675584 42.069
-0.0742136 0.0713472 30.5428
-0.062512 0.156051 5.61747
-0.0631375 0.220258 -10.6596
-0.0239049 0.212862 -20.3634
-0.0348681 0.199501 -13.4597
-0.0494899 0.187794 -5.2502
-0.0057371 0.227639 -32.0825
-0.012321 0.228871 -29.0627
0.00864123 0.246917 -42.8941
-0.0408008 0.209105 -13.5934
-0.000492481 0.134763 -13.998
0.0611313 0.155609 -48.5347
0.0543007 0.270017 -74.008
0.0567877 0.27441 -76.7042
0.0483371 0.280153 -73.4933
0.023701 0.0554453 -9.18222
-0.0431529 0.312379 -29.2284
-0.0261408 0.299487 -36.42
-0.0122276 0.305841 -46.4914
-0.0213415 0.330903 -46.3869
-0.0379652 0.35719 -41.9457
-0.00730856 0.363591 -64.1752
-0.0123089 0.0644211 5.04283
-0.015756 0.337209 -49.5512
-0.0164404 0.333725 -48.1642
-0.0432049 0.113017 17.0992
0 0 -1
-0.20435 1.03036 -66.6374
-0.144912 0.303961 70.149
-0.0190177 0.0664459 7.47112
-0.053757 0.08663 33.4011
-0.0493142 0.0811943 31.3761
-0.0263405 0.0789634 10.5102
0.002348 0.021064 -3.61162
0.000822288 -0.00675792 5.44687
-0.0115973 0.0315661 7.35962
0 0.0590396 -8.21661
0 0.0939942 -17.0876
0.0161537 0.0578526 -25.1243
0.0205138 0.0735381 -34.2546
0 0.0857443 -14.9826
0 0.00415313 5.71551
0.680445 0.0334722 -782.036
0.108353 0.0457525 -120.224
0.0288232 -0.00788726 -26.3645
0.0856919 0.017081 -99.9006
0.109065 0.0203135 -129.117
-0.0386915 -0.0306326 57.8603
-0.0375567 -0.0330845 58.5035
-0.0471735 -0.0269552 57.4653
-0.0968001 -0.0348099 63.0233
-0.104185 -0.0152588 58.2621
-0.0719057 -0.0245464 56.5957
-0.0734169 -0.0216537 55.7891
-0.0487292 0.00940669 43.5837
-0.0159207 0.0604958 24.2202
-0.0246246 0.0570705 26.2793
-0.046142 0.12126 10.5446
-0.0617035 0.146457 7.93919
-0.0355502 0.157064 -1.5663
-0.0329922 0.202157 -14.4154
-0.0262975 0.222071 -22.3501
-0.0235151 0.200701 -17.0813
-0.0306071 0.223983 -21.4407
0.0130402 0.264638 -48.0055
-0.00592614 0.271451 -43.0859
0.0397226 0.26997 -61.9522
0.0574969 0.277868 -70.7568
0.0577992 0.0467705 -7.33478
0.0100721 0.0720175 8.6523
0.0126945 0.336702 -69.1549
0.0446508 0.319648 -82.0474
0.0664046 0.327821 -96.0165
0.116555 0.33006 -123.785
0.0366944 0.283095 -69.8994
-0.0399162 0.161682 16.3478
0.0431488 0.29022 -78.3578
0.0114613 0.316184 -64.315
0.0186953 0.318361 -69.5805
0.0181282 0.345799 -77.1739
0.0223207 0.349691 -80.7303
-0.00993918 0.337791 -54.0174
-0.0202335 0.332795 -44.9953
-0.0212219 0.327744 -42.8847
0 0 -1
-0.101566 0.335189 25.4936
-0.11157 0.315102 39.1802
-0.0600277 0.0056342 61.2425
-0.0588549 0.0641504 44.4517
-0.0442971 0.0487094 35.1774
-0.0401349 0.0377515 34.1171
-0.0207427 -0.00440913 25.7718
-0.0204845 -0.00480114 25.7017
-0.0276066 -0.0172995 36.3483
0.016806 -0.0135283 -7.80897
-0.0307154 -0.0284409 42.5248
-0.0170937 -0.00320785 21.6925
-0.00202786 0.00905629 2.62097
-0.0142114 0.00849218 15.2374
0 -0.059796 18.5879
-0.0090939 -0.0119571 15.5505
0.0523687 -0.0143988 -52.8727
-0.0113871 0.0254195 16.224
0.0214378 0.00366678 -19.5324
0.0270537 0.00231107 -25.5409
-0.0443018 -0.0174877 54.1724
-0.0453633 -0.0164522 53.8602
-0.0474629 -0.0232475 56.0144
-0.0703108 0.00257788 49.4727
-0.0879633 -0.00517054 52.6504
-0.0408793 0.0812132 20.9816
-0.0435526 0.0974652 17.0385
-0.0189196 0.0770393 19.712
-0.0115354 0.0867097 15.418
-0.0538522 0.102299 19.9696
-0.038225 0.187503 -8.48514
-0.0417348 0.206542 -13.3606
-0.0321912 0.223829 -20.669
-0.0400016 0.187283 -7.90912
-0.0387589 0.194928 -10.4606
-0.00914088 0.200539 -22.0183
0.0265348 0.272323 -54.8861
-0.000137194 0.308195 -54.9481
0.0139696 0.325134 -65.1432
0.0217393 0.299546 -61.3195
0.0638168 0.244232 -63.5861
0.109067 0.134035 -50.0496
-0.0261846 0.0441994 33.4771
-0.0471405 0.147157 14.6118
-0.144439 0.208457 56.5899
0.0340713 0.328246 -77.6162
0.0576146 0.253313 -68.0408
0.0115004 0.207296 -27.8659
-0.0504158 0.186276 15.9931
-0.0813863 0.227422 22.7151
-0.011189 0.307836 -47.4342
0.0482528 0.284018 -80.3994
0.0673806 0.301725 -98.8871
0.0540622 0.29965 -88.7447
-0.0190966 -0.170018 95.2233
-0.0201449 -0.165645 94.7378
-0.0200291 -0.159268 92.7928
0 0 -1
-0.0352191 -0.0202622 64.155
-0.0414255 -0.288602 148.85
0 0 -1
5.94753e-12 -0.271376 109.761
6.19551e-12 -0.271376 109.761
0.0921849 0.0256961 -75.2772
0.046653 -0.176038 27.2647
0 -0.271376 109.761
-0.0124166 0.0291848 7.29126
0 -0.271376 109.761
0 -0.271376 109.761
0 -0.271376 109.761
0 -0.271376 109.761
0 -0.271376 109.761
0 -0.271376 109.761
0 -0.271376 109.761
0 -0.271376 109.761
-0.000498757 -0.271031 110.255
0 -0.271376 109.761
0 -0.271376 109.761
-0.0361578 0.00188939 48.218
-0.0449814 0.021568 42.2816
-0.0481737 0.00840473 46.2255
-0.055261 0.115958 13.0716
-0.0360666 0.178654 -7.88442
-0.0350964 0.199573 -14.2491
-0.0233212 0.230673 -24.6829
-0.0209889 0.161702 -5.22262
0.00466559 0.134756 -1.4028
-0.0121944 0.188509 -14.1887
-0.0278313 0.12636 8.5189
-0.060323 0.0970552 25.8326
-0.0575224 0.145723 9.48391
-0.0335596 0.164375 -3.67231
-0.0169204 0.175418 -11.3298
-0.0510835 0.161975 15.7157
-0.0582007 0.0855709 42.1333
-0.0202438 0.306267 -45.9062
-0.00396387 0.266194 -40.0919
-0.0174035 0.238203 -25.9381
0.0376298 0.196024 -37.3432
0.0736963 0.204209 -55.5224
0.0587329 0.243307 -60.9489
0.0210604 0.254193 -45.2043
-0.0289061 0.304612 -34.9521
-0.0537206 0.339766 -33.0982
0.00610033 0.271843 -44.8761
-0.0103965 0.236599 -23.9854
0.111668 0.23201 -95.2155
-0.0401659 0.258208 -12.9897
-0.0297976 0.282783 -27.4922
0.0325752 0.293557 -72.9318
0.0536917 0.284074 -84.1175
0.10193 0.270573 -114.017
0.092927 0.266126 -105.671
-0.0187612 0.0546783 27.0432
-0.019472 0.0508081 28.8309
-0.0247519 0.0438237 35.2972
-0.0388777 0.0258041 52.6266
-0.0364883 0.0234368 51.653
-0.20804 -0.0148712 208.357
-0.0111634 -0.121478 65.6092
-0.00660247 -0.119128 60.7379
0.104524 -0.0320713 -71.0338
0.093337 0.027267 -76.852
0.00341592 -0.155637 62.8986
-0.00429123 -0.15897 71.6129
0.238302 -0.114031 -188.952
0.238302 -0.11403 -188.952
0.0171002 -0.11403 44.968
0.0171002 -0.11403 44.968
0.0173114 -0.952501 298.814
0.029963 -0.108352 17.5422
0 -0.141646 62.2219
0.00469804 -0.602085 205.303
0.224195 -0.0876835 -231.818
0 -0.963122 321.246
3.00358e-11 -0.372039 137.832
-0.00121787 0.0211176 41.5826
0.00817547 0.0536245 30.4293
0.0289579 0.170599 -9.17103
0.00866887 0.225619 -26.3516
0.00144452 0.257074 -35.9274
-0.0108168 0.257712 -34.8672
0.00480676 0.243888 -31.7353
-0.0819948 0.101064 30.1367
-0.142771 0.0731814 50.1832
-0.137005 -0.00276489 73.3421
-0.0570898 -0.17337 111.593
-0.0323348 0.0109693 44.9001
-0.0413081 -0.0573283 69.6527
-0.00502884 -0.13349 83.8749
0.531021 -0.3009 -21.2362
-0.0580814 0.0185343 63.784
0.0309103 0.314827 -84.6435
-0.0159326 0.255063 -31.9472
-0.018518 0.247663 -28.5133
-0.0195038 0.239675 -25.6653
0.0348892 0.251718 -53.602
0.0687447 0.235468 -63.2292
0.0687504 0.263065 -72.1684
0.0442609 0.266128 -60.8621
-0.00361684 0.294119 -45.3397
-0.0206132 0.308436 -41.141
-0.0312059 0.295918 -31.2795
-0.00635856 0.244357 -28.7439
-0.0202252 0.224036 -13.2547
-0.0335932 0.262989 -18.2975
-0.0229882 0.274476 -29.0197
0.0242706 0.286946 -65.4091
0.0773343 0.255702 -91.6019
0.0609507 0.26794 -83.728
0.0899474 0.219612 -88.045
0.0885642 0.227952 -90.0913
-0.0223488 0.0501815 31.3019
-0.023315 0.0470556 33.1269
-0.0291471 0.0421004 39.7973
-0.0336233 0.0533907 40.2309
-0.304831 -0.128735 327.737
-0.00666816 -0.121738 61.6781
-0.00653254 -0.119941 60.955
0.10003 -0.0347405 -65.9802
-0.00593131 -0.130141 63.7586
-0.00736908 -0.143025 69.4438
-0.00673215 -0.151725 71.7119
-0.00829796 -0.158717 75.5961
-0.012368 -0.166978 82.5269
-0.0135787 -0.172515 85.638
-0.0135787 -0.172515 85.638
0.0189006 0.000613273 -15.4537
0 -0.341644 127.902
0 -0.361206 134.437
0.00926155 -0.342876 117.471
0.0160778 0.000540868 -12.4556
0.0499519 -0.148575 32.3199
3.20941e-11 -0.372039 137.832
0.0179552 0.0315299 37.8418
0.0180178 0.0557076 29.2795
0.226474 0.130431 -6.42379
0.0258203 0.240631 -31.8865
-0.0143669 0.245294 -29.3856
-0.0505809 0.163901 3.46082
-0.0566911 0.181872 -1.8868
-0.0983252 0.10939 29.6574
-0.172688 0.0224562 72.0355
0.171892 -0.121465 26.7723
0.128509 -0.185317 72.4535
-0.140761 -0.082152 104.757
-0.00902502 0.416094 -98.2801
-0.0556728 -0.106086 89.0646
0.0451363 0.0662243 -12.878
0.0444908 0.0668277 -12.8835
0.0169733 0.32052 -81.6973
0.0108971 0.323984 -80.7065
0.00627867 0.326137 -79.6884
0.00314846 0.327655 -78.957
0.00186466 0.328414 -78.6806
0.00186466 0.328414 -78.6806
0.0545044 0.279042 -70.6389
0.0509258 0.273619 -66.8082
0.0198857 0.284213 -54.234
-0.0196283 0.310476 -42.3065
-0.0365573 -0.106628 69.9058
0.0196475 -0.141024 89.3375
0.0168649 0.209931 -31.4282
-0.00101117 0.247333 -33.7634
0.00668588 0.259593 -43.2768
0.0200092 0.23141 -42.1988
0.0240913 0.231239 -45.4005
0.064641 0.214563 -68.7605
0.0776642 0.230032 -82.8714
0.0642425 0.229154 -72.4397
0.0379886 0.237915 -55.358
0.0228296 0.23418 -41.9783
0.0118955 0.2333 -32.729
0.0102433 0.233263 -31.3277
-0.00192847 0.162607 2.95841
-0.0010341 0.152014 5.95053
-0.000899561 0.145977 7.98655
-0.00141236 0.144065 9.14344
-0.00168357 0.145209 8.98719
-0.00126255 0.147941 7.59821
-0.000241359 0.150971 5.5015
0.000753407 0.153474 3.60201
0.00126242 0.155001 2.53369
-0.0303374 -0.171536 231.074
0.0327903 -0.495043 280.531
-0.0145966 0.0425119 134.263
0.195157 -0.10657 -47.1253
-0.00843204 -0.308153 158.578
5.14657e-06 -0.0396743 148.21
5.14657e-06 -0.0396743 148.21
0.0943179 -0.272849 21.8451
0.074837 -0.152389 3.38169
0.0249499 1.25531 -410.723
0.0249121 1.23651 -403.732
0.314018 0.139019 -13.9829
0.00784871 0.208401 -18.8352
-0.0313176 0.157584 3.25263
-0.0550382 0.119559 19.5766
-0.0649288 0.127069 17.963
-0.0775137 0.121714 21.7841
0.172281 -0.120281 26.2606
0.172455 -0.120163 26.2029
-0.011325 0.4212 -99.4656
-0.0114627 0.420079 -99.0437
-0.0114869 0.419242 -98.7434
-0.0804685 0.0941233 54.8078
-0.0733743 0.0791332 58.0679
-0.0682848 0.0996804 48.8828
-0.0629291 0.119418 39.6861
-0.0521879 0.14245 27.1785
-0.0375101 0.168343 11.8594
-0.0187788 0.196552 -6.2837
0.00162099 0.226453 -26.1733
0.0217298 0.257373 -46.7247
0.0397373 0.288625 -66.8335
0.0447013 0.275885 -64.4588
0.030783 0.274719 -56.6867
0.0100312 0.303804 -56.1675
0.0100312 0.303804 -56.1675
-0.0520536 -0.0961058 74.9879
0.0102692 0.21906 -30.6361
0.0046432 0.23602 -33.3609
0.000677634 0.244896 -34.111
0.00455873 0.221094 -27.9936
0.0256148 0.227735 -45.1764
0.0869851 0.263956 -102.039
0.108277 0.267139 -118.333
0.037686 0.246808 -58.6234
0.0336706 0.24688 -55.2397
0.0158987 0.232909 -35.9369
0.0113042 0.234583 -32.7113
0.0104128 0.233408 -31.5204
0.00910164 0.232252 -30.045
0.0104128 0.233408 -31.5204
-0.00358739 0.145552 10.5999
-0.00173026 0.143619 9.59806
-0.000520153 0.144935 7.96579
0.000551481 0.147872 5.84125
0.00146752 0.15102 3.76953
-0.00647362 0.221601 -13.129
-0.00673963 0.200439 -6.18661
0.00238392 0.155295 1.25677
0 -0.271094 161.099
-0.128016 -0.0422614 291.576
-0.00119212 0.157285 3.98994
-0.00119114 0.157284 3.98917
-0.00118872 0.157282 3.9871
-0.00118518 0.15728 3.98343
-0.00118518 0.15728 3.98343
-0.00118518 0.15728 3.98343
