-0.00117658 -0.174383 33.5959
-0.00117658 -0.174383 33.5959
-0.00117658 -0.174383 33.5959
-0.00117658 -0.174383 33.5959
-0.00117658 -0.174383 33.5959
-0.0138372 -0.116192 99.1168
-0.011091 -0.117753 98.8189
-0.0226409 -0.157917 37.4586
-0.0245162 -0.1629 37.8943
-0.022579 -0.162735 37.5269
-0.0216844 -0.162792 37.3398
-0.0216844 -0.162792 37.3398
0.328729 -0.0426432 108.02
0.279124 0.0713292 -76.6848
0.260983 0.0333835 -69.8833
-0.12481 0.0449225 54.0968
-0.110453 0.0545412 49.1583
-0.0760109 0.0545505 35.7106
-0.0362646 0.0419361 20.5955
-0.0240914 0.0390615 16.5609
-0.0385373 0.00429083 23.2255
-0.0188677 -0.00240025 13.3929
-0.0215026 -0.0773048 15.4772
-0.0103898 -0.0799203 9.63515
0.0362217 -0.218868 -12.3169
-0.0124617 -0.080307 10.6623
-0.0449948 -0.222483 32.5534
-0.00528527 0.00432209 4.77627
0.0437077 0.0355724 11.7195
0.0229729 0.0215532 24.9253
0.00400506 -0.0552822 37.8662
-0.00255315 -0.0556557 42.2342
0 -0.0553225 40.4845
-0.000475072 -0.0502092 40.7276
-0.000350158 -0.0504637 40.6375
0.000127252 -0.0506517 40.2795
0.000476631 -0.05101 40.0135
0.000439488 -0.0514859 40.0497
6.27418e-05 -0.0520147 40.3641
-0.000415053 -0.0525512 40.7698
-0.000642674 -0.0530695 40.9675
-0.000257276 -0.0535527 40.6269
0.000743717 -0.0540616 39.7232
0.00191264 -0.0543806 38.6449
0.00237002 -0.0544339 38.2181
0.00178969 -0.0544641 38.7874
0.00046544 -0.0544675 40.1035
0 -0.0553225 40.4845
-0.000139023 -0.0540447 40.7185
-0.000139023 -0.0540447 40.7185
0 -0.0553225 40.4845
0.00184186 -0.0555587 38.4469
0.0356271 -0.032233 -0.195069
0 -0.0553225 40.4845
-0.00255315 -0.0556557 43.5006
-0.00127947 -0.0554784 42.023
0.00422708 -0.0532612 35.2946
0 -0.0553225 40.4845
-0.00749289 0.0648338 21.3235
-0.00846933 0.0675158 21.2522
-0.00953454 0.0713771 21.1505
0 -0.827134 114.513
-0.00858773 0.103645 19.4038
-0.0137436 -0.116228 99.1701
-0.0162041 -0.118967 99.5823
-0.360545 -0.116698 151.632
-0.359861 -0.119042 151.696
0.00188026 -0.393415 23.1028
0.00188026 -0.393415 23.1028
0.00188026 -0.393415 23.1028
0.321852 -0.0343337 109.783
0.3007 0.0621618 -82.3122
0.0892003 0.0473996 -16.6943
-0.0770398 0.0230578 38.9227
-0.103806 0.0593218 47.0489
-0.10858 0.0542419 48.4109
-0.0365814 0.0776487 19.5677
-0.0221406 0.111348 13.4653
0.0389113 0.0178238 -9.90933
0.0463856 2.35464 -67.9369
0.165143 -0.0370148 -65.7784
0.193605 -0.0127587 -80.7468
0.0588911 0.193121 -36.5126
-0.0385373 0.00429083 23.2255
-0.0204965 0.243413 4.5188
-0.0103699 0.00321748 7.83786
-0.00498217 0.00234458 4.60393
-0.0293949 0.250973 11.2488
-0.00269279 0.00145425 3.14678
-0.0277917 0.228233 12.1903
-0.0315236 0.202818 16.6388
-0.000971708 -0.00187965 2.06424
-0.000875307 -0.000833402 1.9561
0.045685 0.217314 -41.1429
0.447832 0.229075 -362.719
-0.0178499 0.170133 9.93848
-0.00278599 -0.00233887 3.505
-0.00470713 -0.00126874 5.02005
-0.00368298 0.000640688 4.05177
-0.00237422 0.113512 -0.618235
-7.41294e-05 0.00374677 0.6516
0.011799 0.190672 -16.1981
0.0184094 0.159928 -21.95
0.000951486 0.00349648 -0.3437
0.00258052 0.00572661 -2.01589
0.00924039 0.276882 -18.1003
-0.0191781 0.218531 13.7406
0.00576119 0.007119 -5.34864
0.0200201 0.140377 -25.4071
0.00837289 0.00847475 -8.21002
-0.00679359 0.202837 1.95316
0.00995786 0.0093952 -10.0228
0.25059 -0.241717 -241.666
0.410828 -0.404011 -425.718
0.0105249 0.0108193 -10.7226
0.00974638 0.00989422 -9.78207
-0.00616261 0.0654159 21.2864
-0.00622128 0.0681962 21.1497
-0.00753523 0.0746763 20.8725
-0.00829477 0.101941 19.4439
-0.00938543 0.107581 19.1925
-0.00817478 0.104328 19.2839
-0.0069014 0.117459 18.4049
-0.006729 0.106614 18.9754
-0.00523119 0.107461 18.6789
-0.00419815 0.109307 18.3808
-0.00384878 0.109908 18.2753
-0.00384878 0.109908 18.2753
0.000369081 0.144254 15.6259
-0.0105804 0.0596883 192.418
0.0101036 0.0322757 8.79947
-0.0178047 0.0171233 19.0326
-0.104465 0.00188142 49.3585
-0.0811317 0.00216473 40.4393
-0.0394897 -0.0632638 27.4276
-0.0156919 0.00153129 14.7871
0.0937899 -0.010158 -33.8011
0.0926267 -0.0302458 -31.4032
0.121901 -0.0289214 -45.2625
0.137905 -0.0246006 -53.2383
-0.0171612 0.00649202 11.2119
-0.0138441 -0.00058676 10.5155
-0.0183489 0.00435101 11.9876
-0.00994236 0.00160355 7.6125
-0.00466136 0.00542971 4.24383
-0.00457653 0.00475768 4.25114
-0.00457389 0.00415306 4.30121
-0.00502948 0.00106749 4.74706
-0.00127863 -0.00127151 2.24891
-0.00233893 -0.00226661 3.04014
-0.000817847 -0.00225681 1.96758
0.00871512 -0.0117377 -4.48397
-0.000702973 -0.00389807 1.97595
-0.0023476 -0.00170364 3.214
-0.0046522 -0.00219931 5.01965
-0.0038592 -0.000916894 4.26198
-0.00131212 0.00105184 1.87616
0.037005 -0.132724 -10.6797
0 -0.294507 15.8346
0 -0.00640412 14.6717
0.00727669 -0.145699 16.1764
0.00249365 0.00392609 -1.88179
-0.0123595 -0.00771398 27.2006
0 -0.00640412 14.6717
0 -0.174384 24.9251
0 -0.00640412 14.6717
0 -0.174384 24.9251
0.00677117 -0.151669 16.0057
-0.0145383 -0.208867 43.5548
0 -0.174384 24.9251
0.00831724 0.0688329 31.1144
0.446701 -0.0792219 -482.468
0 -0.00640412 14.6717
0 -0.00640412 14.6717
0.000318328 0.0896659 187.526
0.000318328 0.0896659 187.526
0.000318328 0.0896659 187.526
0.000318328 0.0896659 187.526
-0.00851959 0.104531 19.3123
0.00184433 0.0794956 187.977
0.00184433 0.0794956 187.977
0.00184433 0.0794956 187.977
0.00184433 0.0794956 187.977
0.00184433 0.0794956 187.977
-0.000800738 -0.286085 200.309
0.00662195 0.0449795 188.841
0.00617868 0.0449649 188.969
0.00554933 0.0142979 191.316
-0.0228092 0.00502275 21.3939
0.010841 0.00153343 10.9911
0.0161964 0.0374573 6.62214
-0.073726 -0.0783833 41.6184
-0.0464177 -0.106955 33.3016
-0.00464377 -0.0615222 12.2038
0.0672803 -0.0390822 -19.5321
0.0915527 -0.051713 -29.4707
0.11329 -0.0489487 -40.0002
-0.0290581 -0.00479885 18.9389
0.00831066 0.0406485 -4.55246
0.495841 -0.183393 -250.839
-0.0165163 0.00800244 10.8729
0.00799675 -0.0303831 -0.296587
0.00549671 0.00102882 -1.82438
0.00726027 -0.0202666 -0.888031
0.206514 -0.127686 -119.726
-0.00686175 0.00702148 5.67514
-0.00694931 0.000628733 6.01199
-0.00271913 -0.00073706 3.17034
-0.00105344 -0.00257783 2.12491
-0.00184347 -0.00254609 2.72666
0.175469 -0.055671 -133.557
-0.00451784 -0.00425624 5.05432
-0.00334853 -0.00227253 3.89221
-0.0036053 -0.00180708 4.08641
-0.0023732 -0.000364822 2.9079
-0.0637664 0.268307 49.444
-0.00236579 -0.0911134 23.2908
0 -0.0949196 21.395
0.000902552 -0.0770808 19.2475
0 -0.0776646 20.1545
-0.00467913 -0.0709528 24.3488
0 -0.0776646 20.1545
0.00197107 -0.0761657 17.9887
0 -0.0776646 20.1545
0 -0.0776646 20.1545
0 -0.0949196 21.395
0.00620814 -0.0711955 12.6734
0.00929537 -0.0648284 8.40804
0 -0.0776646 20.1545
0 -0.0776646 20.1545
0 -0.0776646 20.1545
-0.00800634 -0.0999377 31.6536
0.000844702 -0.0166494 81.5442
0.0010719 -0.0173877 81.6118
0.00136898 -0.0183595 81.6963
0.00150543 -0.0195204 81.8041
0.00155501 -0.0210559 81.9522
0.00155334 -0.0227836 82.1254
0.00118377 -0.0238645 82.2852
0.000280627 -0.0243666 82.4723
-0.0130712 -0.0494652 99.9909
-0.0130956 -0.0494782 99.9982
-0.0129733 -0.0488952 99.9135
-0.0127704 -0.0480497 99.7837
0.00648534 0.00390745 192.236
0.0505789 0.021681 177.895
0.00686711 -0.0229838 14.0536
0.0165465 -0.0103637 9.86373
-0.372951 0.0444742 139.599
-0.0195353 -0.0193286 14.1694
-0.018157 -0.021088 13.5456
0.0542579 -0.0435567 -14.0686
0.049717 -0.0267679 -12.9124
0.075295 -0.0490729 -22.1505
0.105799 -0.0230236 -38.5519
-0.0291226 -0.00216961 19.0131
0.345254 -0.265315 -148.867
-0.0246639 0.00699722 15.2787
0.00464216 -0.0560347 4.15811
-0.018333 -0.0323504 15.2373
0.079602 0.150173 -61.4127
-0.0222751 0.0144706 14.8336
-0.0055884 0.00174064 4.87227
0 -0.00681818 1.72684
-0.000943463 -0.00560041 2.27502
0 -0.00681818 1.72684
0.000726408 -0.00166515 0.705079
0 -0.00681818 1.72684
-0.00324089 -0.000415851 3.58429
-0.00320866 0.00449866 3.0265
-0.102279 0.045076 101.474
-0.0469724 0.0476921 57.7716
-0.0023048 0.000411868 2.76355
-0.00139492 0.0015267 1.86166
-0.000660673 0.000945335 1.27141
0.00119376 0.00180536 -0.50881
0.00247786 0.00235344 -1.77538
0 -0.0772236 8.23968
0.0037751 0.00324569 -3.12544
0.00558081 0.00415436 -5.02126
0.00773976 0.00557775 -7.38529
0 -0.0336538 4.04675
0.00956779 0.00665332 -9.43595
0 -0.0336538 4.04675
0 -0.0336538 4.04675
0.0118411 0.0092243 -12.1816
0.0139659 0.00856627 -14.6058
0 -0.0336538 4.04675
0.0128853 0.0107305 -13.5363
0.0136229 0.0110689 -14.4691
0.000174361 -0.0166008 81.5481
0.000264447 -0.0173653 81.6364
0.00039539 -0.0184194 81.7571
0.000217574 -0.0196447 81.9177
-0.000556365 -0.0210174 82.1526
-0.000103745 -0.0228876 82.3332
0.000548785 -0.0244405 82.4416
0.000393064 -0.0283445 82.952
-0.0128373 -0.0494999 99.9528
-0.0127452 -0.0500875 99.9988
-0.0121655 -0.0491235 99.7578
-0.0117695 -0.0478966 99.5209
0.00655738 -0.00437345 193.037
0 0 -1
0.662059 0.0194285 -200.012
0.0269575 -0.0312996 8.13153
-0.225183 0.0106548 90.7886
0 0 -1
-0.0127942 -0.0342016 14.6842
-0.0100998 -0.0124834 9.65234
-0.0544231 0.0106306 30.7783
-0.0225477 0.0107253 14.135
-0.0365219 0.0156392 19.4558
-0.0291865 -0.00960853 19.5516
-0.0172548 -0.000637257 12.1484
-0.0204525 0.00506929 13.0111
-0.0201468 0.000185785 13.4586
-0.0133948 0.00920639 9.00946
-0.00733995 0.0109729 5.39618
-0.0195697 0.00607575 12.8358
-0.00955634 0.00182364 7.6898
-0.00602432 0.00185111 5.19139
0.00278504 0.0282083 -4.26843
-0.00222044 0.00246846 2.46819
-0.00127392 0.00145821 1.88679
-0.00299637 0.00449574 2.8402
-0.0951369 0.00182004 76.1922
-0.00497899 0.0187121 2.47821
-0.626953 0.119141 537.996
-0.122114 0.0803629 117.694
-0.00281034 0.00454434 2.70745
-0.000398802 0.00318469 0.770537
0.000566904 0.0020678 0.0390963
0.00252749 0.00309 -1.90412
0.00311479 0.00256993 -2.40974
0.00134432 0.00261046 -0.696063
0.00526089 0.00435968 -4.7296
0.0066496 0.0043448 -6.13555
0.00909948 0.00596687 -8.87258
0.00713708 0.00630117 -6.78199
0.0104274 0.00648584 -10.3602
0.00999274 0.00817046 -10.0052
0.0111635 0.00769522 -11.2835
0.0127507 0.00757412 -13.01
0.0112981 0.0103449 -11.6201
0.0119938 0.011395 -12.5099
0.0138832 0.00798633 -14.4055
0.0168319 0.00445055 -17.4033
-0.000586982 -0.0167645 81.5803
-0.000793131 -0.01736 81.6697
-0.000759674 -0.0185941 81.8419
-0.000747045 -0.0201064 82.0529
-0.00146355 -0.0208109 82.2128
-0.00130827 -0.0216881 82.3176
-0.000325538 -0.0241068 82.5195
-0.0061523 -0.0432917 97.9783
-0.0119502 -0.0526883 100.202
-0.0115959 -0.0517536 99.9822
-0.0105714 -0.0496504 99.465
-0.00981752 -0.0479501 99.0481
-0.00951192 -0.0473479 98.8865
0.0180205 -0.00719453 190.207
0.587338 0.0213202 -177.879
-0.0497975 -0.0179406 32.2721
0.122594 -0.0572832 -30.1436
-0.0523919 0.0717031 17.06
-0.0121209 -0.0289355 13.5627
-0.114111 0.058614 47.1094
-0.072903 0.00633511 39.6716
-0.0595401 -0.00472638 34.5299
0.476657 0.0507723 -232.117
-0.02511 0.0023925 15.5515
-0.152548 -0.0151365 86.0146
-0.0138142 -0.0080981 11.1928
-0.0374047 0.00790021 22.5606
0.017053 -0.444691 58.8164
0.0070828 -0.00314343 -2.06047
-0.0234108 7.95502e-05 15.407
-0.143196 0.401028 36.1324
-0.0871251 -0.0574807 69.3029
0.00930088 -0.0106302 -3.93983
0.000170989 -0.000466428 1.11702
0.0017958 0.0133872 -1.96657
-0.00977283 0.0135543 6.79316
-0.0239963 -0.0322654 25.6718
0.127445 -0.193888 -71.3002
-0.00113654 0.0153427 -0.0726006
0.0316254 0.110659 -41.3588
0.00049652 0.00729509 -0.653509
-0.0351467 0.0895212 20.0024
0.00147743 0.00407202 -1.05021
0 0 -1
0.00349373 0.0054197 -3.14646
0.00376972 0.00392932 -3.19953
0.00539898 0.0059127 -5.07082
0.00765079 0.00538159 -7.28376
0.00636576 0.00736345 -6.25911
0.00950918 0.00639158 -9.36334
0.00995924 0.00726151 -9.94903
0.210383 -0.249172 -199.306
0.0130439 0.00372508 -13.52
0.286265 0.100641 -337.754
0.00310076 0.0137125 -3.10311
0.107885 0.115578 -141.474
0.0130919 0.0129799 -14.9059
0.00862383 0.0126301 -9.6549
-0.00100132 -0.0171637 81.6452
-0.00145154 -0.0176412 81.7312
-0.00187284 -0.018761 81.9263
-0.00185378 -0.0203624 82.1777
-0.00198969 -0.0213432 82.3435
-0.00232368 -0.0219667 82.4771
-0.00227685 -0.0233086 82.6814
-0.0199433 -0.0559752 101.879
-0.00996103 -0.0566803 100.37
-0.00825944 -0.0530679 99.4802
-0.00827108 -0.0500869 99.0073
-0.00855709 -0.0482246 98.776
-0.00890403 -0.0473892 98.7291
0.142184 -0.00136761 153.556
-0.0555041 -0.00617459 32.4094
-0.0987822 0.00277005 45.6723
-0.0648719 -0.0380627 39.4264
-0.0594955 0.0791011 17.9428
-0.0140267 -0.0256253 13.6781
-0.158319 -0.00765838 80.3668
-0.0533543 -0.000535347 31.721
-0.0222083 0.00965898 13.5306
-0.0150662 0.00817048 9.4194
-0.0246777 -0.000357793 15.9228
-0.0137149 0.00360323 9.53372
-0.00792327 -0.0115831 8.42144
-0.0134057 0.00451249 8.48389
-0.00843374 0.015298 4.80356
-0.0207185 0.0355666 9.52633
-0.0135709 0.0102626 9.26532
0.0776681 -0.147659 -24.1923
-0.0313726 0.0923475 8.29704
1.16915e-05 0.0569662 -7.6353
0.00488085 -0.00285084 -1.94549
-0.00659254 0.0540984 -2.30955
-0.0129806 0.0168696 8.74335
-0.00916433 0.0258884 4.59129
0.00676937 -1.03346 181.052
-0.00907333 0.010154 8.02609
-0.00465484 0.191498 -22.7225
3.8175e-05 0.175693 -24.0527
-0.0022936 0.167616 -20.6106
-0.000207436 0.168599 -22.6427
0.00192351 0.175413 -25.7382
-0.000478408 0.154755 -20.2251
0.00110232 0.165878 -23.466
-0.00163797 0.457386 -65.8312
-0.0156125 0.166923 -6.64509
-0.000121755 0.172907 -23.4273
0 0.175012 -23.9083
-0.00805597 -0.173214 44.5753
-0.000821175 0.172566 -22.5843
0.00940891 0.174315 -34.4015
0.0138242 0.00806651 -14.7236
0.0142969 0.00832005 -15.1361
-0.00993153 0.190894 -14.3593
-0.424425 0.019806 637.26
-0.203213 0.104743 351.191
7.72879e-15 0.027146 7.06977
7.61562e-15 0.027146 7.06977
8.3631e-15 0.027146 7.06977
9.16954e-15 0.027146 7.06977
8.43215e-15 0.027146 7.06977
0 0.61582 -98.6192
0 0.027146 7.06977
-0.0583434 0.38362 31.9989
0.188462 0.0608545 117.602
-0.00319811 0.107729 -5.25247
-0.00319811 0.107729 -5.25247
-0.00319811 0.107729 -5.25247
-0.00319811 0.107729 -5.25247
-0.00303807 0.0522956 5.34987
-0.0710804 -0.0250576 40.5021
-0.0792134 -0.12625 61.7233
-0.0776112 -0.0138397 40.2617
-0.0818492 0.0176553 35.9568
-0.0392626 -0.123404 72.1056
-0.0375544 -0.120072 70.4883
-0.135722 -0.0237233 72.6641
-0.0752887 -0.242479 111.93
-0.128295 -0.231783 134.475
-0.163852 -0.12587 131.085
-0.123993 0.0307808 77.6791
-0.0929738 0.0625781 54.2227
-0.0171765 0.0258391 15.1278
-0.00638834 -0.359824 83.7404
0.0807552 0.043752 -42.3425
0.152258 -0.00760713 -90.1415
-0.0156876 0.241377 -31.4206
-0.0337935 0.284296 -25.6259
-0.00262557 0.193331 -30.8464
-0.0232823 0.185304 -14.5025
0 0.181048 -30.3843
-0.00507428 0.187896 -27.7993
0.0598528 0.276787 -94.7583
-0.157679 -0.27339 185.058
0 0.113525 -17.6989
-0.00723628 0.126777 -13.9289
0 0.113525 -17.6989
0.00545712 0.575286 -109.471
0.0149796 0.0573325 -16.751
0 0.113525 -17.6989
0 0.113525 -17.6989
0 0.113525 -17.6989
0.00408604 0.0899442 -17.4492
0.00417997 0.115177 -22.3046
0 0.113525 -17.6989
0.00446209 0.120425 -23.7175
0 0.113525 -17.6989
0 0.113525 -17.6989
0.0131262 0.00245612 -12.5451
0.00855316 0.00581402 -8.66357
0.0599635 0.00919068 -66.0444
0 0.270413 -47.3906
0.0129367 -0.485966 75.0123
0 -0.531554 98.8585
-0.000469208 0.0650008 150.154
-0.000595801 0.0647558 150.212
-0.00147383 0.0642184 150.366
-0.00336763 0.0636303 150.615
-0.005901 0.0625753 151.052
-0.00904032 0.0610187 151.709
-0.0118822 0.0601259 152.258
-0.0144143 0.0585331 152.961
0.19392 0.0611257 116.52
-0.00319811 1.48744 -273.606
-0.00319811 1.48744 -273.606
0 -0.103237 61.0725
-0.00319811 0.107729 -5.25247
-0.126608 0.0772482 57.2963
-0.131506 -0.296203 131.422
-0.115087 0.776617 -94.4933
-0.0319169 0.0125988 40.831
-0.0324114 -0.0313971 50.9357
-0.0688241 -0.0847729 75.7554
-0.103597 -0.206473 116.118
-0.104036 -0.264859 128.659
-0.104495 -0.258341 127.902
-0.124794 -0.191681 124.316
-0.15414 -0.0689773 113.671
-0.130969 -0.022239 92.4389
-0.1357 0.0833206 73.2573
-0.08259 0.217666 15.6989
-0.0659069 0.210239 8.45542
-0.853411 0.261836 482.958
-0.0109463 0.0382904 4.15188
-0.00655501 0.170929 -22.9673
-0.037764 0.160453 0.0274738
-0.0676295 0.243255 2.82931
-0.0509483 0.222794 -4.76467
-0.0539995 0.116082 20.679
-0.0558694 0.0763586 30.6977
-0.0470169 -0.0317935 47.0196
-0.0322112 0.0329857 20.9376
0.00773335 -0.328958 64.7799
0.0446861 -0.330603 33.6937
0.00500233 -0.300461 60.9729
0 -0.288787 62.8932
0.0784102 -0.0977776 -44.727
0 -0.451042 97.0572
0.0394097 -0.433512 55.9163
0 -0.0927671 26.8261
0 -0.0927671 26.8261
-0.0483552 -0.445772 146.028
0.0576108 -0.435111 34.1107
-0.017958 -0.432695 112.664
0 -0.0927671 26.8261
0 -0.0927671 26.8261
0 -0.0927671 26.8261
0.0439664 -0.52634 62.2169
0.0360379 -0.433418 51.3464
0 -0.430597 92.9784
0.307757 -0.560918 -206.425
0.0168319 0.00445055 -17.4033
0.00702718 -0.00225754 87.5061
0.085283 0.109857 -17.7011
0.0804711 0.111755 -17.8872
0.0772697 0.111562 -17.6521
0.0772697 0.111562 -17.6521
-0.02561 -0.0592545 104.431
-0.0302812 -0.0487599 102.599
-0.0042911 0.0274924 6.95933
-0.0042911 0.0274924 6.95933
-0.0042911 0.0274924 6.95933
-0.0042911 0.0274924 6.95933
-0.0042911 0.0274924 6.95933
-0.0042911 0.0274924 6.95933
-0.113051 0.0761252 52.533
-0.105441 0.0853382 48.462
-0.0764994 0.0379159 49.9021
-0.0347069 0.0830619 25.2477
-0.043544 0.0338376 40.3244
-0.0668666 0.0449887 47.2156
-0.0741162 0.0826762 41.5754
-0.0548948 0.134923 20.6231
-0.0645356 0.15243 20.6488
-0.0345338 0.146905 7.88339
-0.0849086 0.227874 14.0719
-0.0541263 0.217922 -0.0593757
-0.0553642 0.250452 -6.9559
-0.0464891 0.243969 -10.494
-0.0610081 0.238875 -0.820308
-0.0768391 0.314291 -8.83965
-0.023281 0.328739 -46.2127
0.0028061 0.255119 -46.3918
-0.0270064 0.219396 -19.2053
-0.0245622 0.178506 -12.399
-0.043549 0.164184 2.72295
-0.0306729 0.0949654 8.07173
-0.0415124 0.0498513 25.6714
-0.0402649 0.039336 26.6453
-0.009398 0.0255413 3.87983
-0.0225936 0.0327542 14.0362
-0.00625849 0.0097883 4.78656
-0.00539675 0.00946503 5.19127
-0.000358809 0.0126597 -0.873839
-0.00182111 0.0135029 0.275597
-0.00134753 0.0112724 0.476841
-0.0117921 0.00918748 11.8014
0.00295407 0.00914856 -3.23892
-0.000266189 0.00975811 -0.113296
0.00541548 0.00766545 -5.34693
0.00763955 0.00614612 -7.33719
0.0102616 0.0050687 -9.92077
0.00317782 0.00463948 -2.09685
-0.0443458 0.0376527 30.9622
0.0112786 0.00288292 -10.5917
0.0028191 0.00105476 -0.524585
0.170898 -0.230469 -33.7842
0.361528 -0.0617751 -300.18
-0.0991009 -0.0775467 261.298
-0.102585 -0.087175 267.594
0.00609863 0.0735267 91.3002
0 0 -1
0.0829288 0.112187 -18.1019
0.00244765 -0.0754469 127.333
0.00244562 -0.0754454 127.333
0.00243215 -0.0754411 127.333
0.00240899 -0.0754354 127.335
0.00237978 -0.0754335 127.339
0.00234625 -0.0754111 127.339
0.00232438 -0.0754136 127.344
0.00231449 -0.0754136 127.346
0.00231449 -0.0754136 127.346
-0.00334605 -0.0697426 127.359
-0.0815225 -0.0755986 151.345
-0.0727052 0.135862 25.2265
-0.0585614 0.119293 24.907
-0.026425 0.135753 10.567
-0.0531861 0.116786 24.4307
-0.060596 0.128805 23.6327
-0.0420613 0.134374 15.0043
-0.00934617 0.16551 -7.47399
-0.0290428 0.180793 -2.13834
-0.0417174 0.193076 0.990285
-0.0769237 0.242338 5.75254
-0.054153 0.246477 -7.44343
-0.0178377 0.278506 -35.0982
-0.0526127 0.260046 -10.97
-0.058738 0.272456 -10.5743
-0.0541626 0.259615 -10.374
-0.0312776 0.284856 -30.3095
0.0050875 0.298745 -57.5581
0.00244086 0.285322 -52.6786
-0.0995753 0.426609 -17.4568
-0.0715701 0.399977 -30.3991
-0.127991 0.0678093 87.681
-0.0569851 0.0754401 31.86
-0.0741123 -0.00223517 63.254
-0.0659562 0.0679706 41.0134
-0.00310013 0.136051 -24.5364
-0.037174 0.279118 -34.1328
-0.0334463 0.217624 -22.263
-0.00787207 0.0553679 -5.08484
0.312885 0.0177679 -103.913
0.0083438 0.311297 -81.9322
0 0.30835 -73.3368
-0.0115042 0.0107795 11.0335
0 0.313248 -74.6598
0 0.30835 -73.3368
0 0.30835 -73.3368
0.0018799 0.00768597 -1.64235
0.00921746 0.311218 -84.1334
0 0.30835 -73.3368
-0.0147781 0.00664717 15.423
-0.00244716 -0.0134249 10.23
0.0167698 0.00430007 -17.3095
0.665084 1.14504 -950.184
0.0136459 0.00329153 -13.412
-0.0631602 -0.0784617 216.876
0.0375057 0.117752 61.5197
0.0371986 0.11761 61.5981
0.032318 0.118208 61.7119
0.0156355 0.116392 63.3447
-0.0120473 0.084145 74.6038
-0.0466533 0.0730571 81.3384
-0.074734 0.0740205 84.7841
-0.12811 -0.0940222 137.482
-0.125151 -0.0965349 137.214
0 0 -1
0.171815 -0.106056 64.8075
0.174603 -0.0970008 61.7979
-0.0518373 0.110304 26.8713
-0.062737 0.113214 28.431
-0.0103338 0.119179 9.80958
-0.00880917 0.156246 -1.12466
-0.0001305 0.202379 -16.0116
-0.0736423 0.147099 24.5026
-0.0507897 0.156167 12.4046
-0.0347022 0.168102 3.02263
-0.0142289 0.198206 -13.5164
-0.0160685 0.212519 -16.5476
-0.0301661 0.184583 -1.84595
-0.0540858 0.208799 3.18127
-0.0254017 0.262624 -26.8718
-0.0134881 0.297329 -41.7241
-0.0469311 0.364323 -41.0668
-0.0556063 0.26276 -9.16061
-0.0495993 0.258186 -12.3765
0.00314891 0.249227 -43.8248
0.0745807 0.241222 -88.0081
0.0264589 0.276236 -65.2603
0.057359 0.309826 -96.1151
0.0732114 0.296273 -102.24
0.120985 0.140767 -92.392
0.0738372 0.24071 -87.5742
0.0682598 0.235316 -81.8601
-0.0179988 -0.0135811 25.4004
0.0277221 0.0630882 -4.63579
0.026366 0.0702983 -5.4513
0.0259933 0.0773345 -7.0412
0.0267713 0.081053 -8.73162
0.315273 0.0174984 -106.014
2.75709e-06 0.31543 105.209
-1.65426e-06 0.31543 105.214
-1.26826e-06 0.31543 105.213
1.65426e-06 0.31543 105.21
-6.34131e-07 0.31543 105.213
-0.00301408 0.31077 109.605
-1.47045e-06 0.214453 132.443
1.26826e-06 0.31543 105.211
1.65426e-06 0.31543 105.21
-3.17066e-06 0.31543 105.216
0.00742158 0.00629701 -6.88375
0 0.31543 105.212
-2.75709e-06 0.31543 105.215
-0.105591 0.0101407 162.688
-0.109123 0.00553391 168.225
-0.000753802 0.157544 -1.46804
-0.000669351 0.157623 -1.49447
-0.00175777 0.158639 -1.72669
-0.00355738 0.157379 -1.10598
0.00467675 0.156996 -1.69808
0.00556984 0.156199 -1.55036
-0.07749 0.0925911 79.9448
-0.114109 -0.115725 141.209
-0.112512 -0.0821322 131.017
-0.00228906 0.126813 9.53204
-0.013211 0.12701 11.8866
-0.0274363 0.130084 14.3955
-0.0431462 0.126193 19.6026
-0.0227455 0.148905 6.18668
-0.0303794 0.131078 14.0042
-0.00588492 0.129991 6.36804
0.0523549 0.175188 -26.3947
0.0365947 0.213838 -30.9304
-0.0697037 0.253553 -5.98375
-0.0083109 0.175755 -9.41984
-0.0141514 0.189931 -10.4774
-0.0200629 0.193132 -8.9369
-0.0179416 0.189256 -8.67582
-0.0367818 0.21242 -6.38344
-0.0120194 0.180482 -9.65653
0.0415361 0.220769 -50.1131
0.062907 0.25472 -72.0069
0.00977454 0.233039 -35.1922
0.239578 -0.133996 -74.6775
-0.126343 0.0623026 95.5328
0.0385664 0.206784 -54.6445
0.0592402 0.241161 -77.5883
0.0214785 0.304601 -69.4824
0.0972524 0.260694 -111.249
0.0729803 0.261396 -92.9723
0.0666457 0.219169 -75.7105
0.0584719 0.234828 -74.2893
0.0405122 0.109618 -29.1355
0.0298797 0.0905172 -14.7377
0.0332804 0.0703746 -11.3679
0.0315321 0.077016 -11.7914
0.0300981 0.0807186 -11.6097
0.0231631 -0.265707 94.7421
0 -0.258956 114.165
0.0232163 -0.305896 105.791
0.0539479 -0.316059 77.8499
0.0193723 -0.24538 90.5708
-0.0584328 -0.248562 171.188
0.0154332 0.21739 142.069
-0.00390625 0.289551 141.687
2.53653e-06 -0.252585 221.147
1.89058e-06 -0.364816 254.795
-0.0163684 -0.258537 241.444
-0.00203158 -0.355063 254.219
-0.00644479 -0.330024 251.946
0.274339 -0.220345 -117.965
0.0362781 -0.0552194 117.459
0.0361336 -0.0552805 117.652
-0.000685939 0.157443 -1.43835
-0.000631557 0.157509 -1.46191
-5.26216e-05 0.157491 -1.48599
0.00238472 0.157169 -1.55433
0.0042776 0.156265 -1.43711
0.00695447 0.155083 -1.36158
0.0106594 0.148582 0.223144
0.0105667 0.140952 2.66851
0.00579926 0.133205 5.97342
-0.00219094 0.129234 8.79202
-0.0138981 0.127854 11.7904
-0.0259476 0.127969 14.697
-0.0302202 0.127623 15.9306
-0.0201933 0.0994774 21.4437
-0.0700836 0.0817311 40.9389
-0.0470109 0.0480544 43.6632
-0.0816059 -0.578963 257.714
0.0237102 0.0408885 19.1171
-0.01417 0.113261 11.7416
0.0273106 0.083775 4.32769
0.00206999 0.14012 -2.70019
-0.0106781 0.162545 -4.11563
-0.0178918 0.196281 -11.018
-0.0407504 0.161788 11.1214
-0.0355886 0.12833 19.5578
0.0181064 0.118806 -6.93208
0.0355381 0.192196 -38.1757
-0.0966556 0.0487046 83.0866
-0.106923 0.0408654 90.0752
-0.0464073 0.0867258 37.6554
0.0269379 0.129962 -22.7368
0.0506583 0.0717878 -18.032
0.123003 0.202117 -110.266
0.0656812 0.279899 -93.7108
0.0619857 0.276872 -90.3228
0.0529018 0.259643 -77.9969
0.0930176 0.193359 -86.2808
0.0497836 0.271981 -78.5399
0.0279974 0.265447 -58.6659
0.0180027 0.256293 -47.4305
0.0162048 0.246688 -42.8728
0.0150173 0.23817 -39.1252
0 0.366926 -68.9147
0 0.0510547 27.4118
0 0.0510547 27.4118
-0.0710798 0.333639 11.4195
0.030595 0.349426 -93.9944
0.0533873 0.317769 -108.359
0.0539063 0.246875 90.5492
0.203757 0.314851 -88.8433
0 0.0618025 27.7213
0.0623904 0.152142 -35.6566
-4.34833e-06 -0.102058 174.758
3.78116e-06 -0.102058 174.749
0 -0.00920759 85.6942
0.113319 -0.0605019 26.1672
0.0373818 -0.054477 115.945
0.0364656 -0.0550456 117.176
-0.000455615 0.157304 -1.39748
-0.000374341 0.157482 -1.46198
0.00016524 0.157618 -1.53637
0.00135568 0.157376 -1.53835
0.0027432 0.156114 -1.23803
0.00409668 0.153907 -0.646781
0.00497802 0.14831 1.11254
0.00429363 0.141022 3.66228
0.00122961 0.133941 6.5732
-0.00452238 0.129494 9.19364
-0.0145911 0.128403 11.7863
-0.0278774 0.128328 15.0414
-0.0413666 0.115311 22.9475
-0.0878696 0.0854555 45.3124
-0.0857259 0.083493 45.2812
-0.102078 -0.596634 270.72
-0.000230782 0.0243986 33.3999
0.0196991 0.0434144 19.7414
0.0227149 0.0454072 17.9695
0.0313595 0.0630644 8.92504
0.0287024 0.0819786 3.97993
0.021741 0.114061 -3.61104
0 0 -1
-0.0420371 0.130264 21.7827
-0.049537 0.119862 29.2833
-0.109197 0.0837178 72.7258
-0.0776024 0.0960359 49.7932
-0.0397397 0.096154 27.4982
-0.0108833 0.0267985 34.3202
-0.0191833 0.0307401 38.3767
0.0492057 0.0519793 -13.0659
0.0652219 0.0432268 -19.8138
0.0668855 -0.00837391 -3.6075
0.0591296 0.313726 -99.8176
0.0350102 0.302777 -78.632
0.0627808 0.278017 -91.4769
0.0758074 0.256423 -94.7667
0.0877604 0.238679 -97.4927
0.0214126 0.258532 -50.8605
0.0102409 0.253468 -39.8619
0.00851559 0.245277 -35.6731
0.00940551 0.237186 -33.7555
0.0121009 0.235864 -35.7519
-0.0382695 -0.10272 125.794
0.00367662 -0.109032 88.7334
-0.00194112 -0.108433 93.9791
0 -0.107981 91.9281
-0.0183842 -0.107697 110.562
0.00894201 -0.108859 82.6878
-0.0387546 -0.081391 124.079
0 -0.114672 94.0277
0.132738 0.00773354 -67.0584
0.00272826 -0.108652 89.0518
0.0023465 -0.0975329 85.5587
0.00443872 -0.109292 87.1283
0.0371244 -0.0545225 116.221
-0.0250682 -0.101997 120.661
-0.0250682 -0.101997 120.661
-3.95538e-05 -0.610149 263.751
0.000238109 -0.609148 263.387
0.000912001 -0.607474 262.762
0.00189102 -0.605311 261.929
0.00293688 -0.602736 260.926
0.00365632 -0.599751 259.791
0.00372612 -0.595512 258.278
0.00271968 -0.590868 256.786
0.000111483 -0.586166 255.575
-0.00438822 -0.581292 254.729
-0.0100877 -0.572302 252.768
-0.00918348 -0.538159 240.327
-0.0179613 -0.527441 238.748
-0.0815683 0.0889621 42.3959
0.0199416 0.07503 29.3666
0.0249711 0.0574497 34.1531
0.0278611 0.0277118 22.2408
0.0335985 0.0468828 13.2729
0.0496693 0.013602 17.5478
0.0441561 0.0575192 5.36437
0.046467 0.0703509 0.0297796
0.032826 0.0969123 -3.01897
-0.00514465 0.105168 12.142
-0.0517564 0.113377 32.3982
-0.0991538 0.0920949 64.4457
-0.118493 0.0830633 77.7372
-0.0916541 0.0916345 59.4011
-0.041127 0.0640035 39.5689
-0.013956 0.0336132 33.8739
0.0157732 0.0373527 13.8959
0.0549637 0.0543946 -17.5336
0.0831828 0.0441756 -32.633
-0.0101989 0.28858 -40.2627
-0.000745111 0.305117 -53.1365
0.0216372 0.296426 -66.8103
0.0386195 0.292328 -77.7868
0.0634924 0.26712 -88.3207
0.0486558 0.252361 -70.9755
0.023186 0.25305 -50.5549
0.00679707 0.249193 -35.4665
0.00212046 0.243058 -29.3187
0.00502398 0.236429 -29.5598
0.00861239 0.232911 -31.5556
0.00750787 0.22161 -26.5111
0.00763007 0.0427298 35.4672
-0.00601292 0.0254125 54.7528
0 0.0335445 46.0109
0 0.0883245 26.7079
0 0.0335445 46.0109
0.145505 0.117948 -123.857
0 0.127266 28.4363
1.26039e-06 0.127266 28.4349
-1.44944e-06 0.127266 28.438
-0.00170349 0.130493 29.2512
-0.003975 0.137246 29.549
-1.26039e-06 0.127266 28.4378
-5.91232e-14 0.119319 31.2566
-5.91232e-14 0.119319 31.2566
-0.00215993 0.0654598 38.9957
-0.0021599 0.0655597 38.9586
-0.00214505 0.0657609 38.8832
-0.00210111 0.0660654 38.7672
-0.00201332 0.0664754 38.6072
-0.00185278 0.0669937 38.397
-0.00159178 0.0676233 38.1286
-0.00114583 0.0683673 37.7839
-0.000448279 0.0692284 37.342
0.000562493 0.0702092 36.7799
0.00195892 0.071312 36.0671
0.00374201 0.0725389 35.1875
0.00589378 0.0738924 34.127
0.00819826 0.0753753 32.9308
0.0106949 0.0769908 31.5797
0.00893649 0.0529206 41.0967
0.00243941 0.0694333 37.2022
-0.00245149 0.087005 32.4631
-0.00378384 0.0934264 30.598
-0.00393243 0.0998762 28.2702
-0.00317464 0.108847 24.6228
-0.00160943 0.125041 17.916
-0.000360028 0.141239 11.3291
-0.000329213 0.157325 5.36739
-0.00236939 0.173186 0.563145
-0.00658759 0.188728 -2.90611
-0.012744 0.199961 -3.59758
-0.0203486 0.208488 -2.3161
-0.0286332 0.226552 -4.01764
-0.0334589 0.243366 -7.2558
-0.0340295 0.259793 -13.0147
-0.0286566 0.275921 -22.6364
-0.0156982 0.292188 -37.6769
0.00219048 0.30646 -55.7385
0.025811 0.327451 -80.8869
0.0413807 0.321578 -90.2722
0.0532465 0.266183 -79.4975
0.0445778 0.262649 -71.0429
0.0485214 0.264568 -75.0153
0.00301379 0.245746 -31.0236
-0.00174982 0.241521 -25.3912
-0.000420402 0.235462 -24.3406
0.00181043 0.227908 -23.5515
0.002627 0.219815 -21.3069
0.002627 0.219815 -21.3069
0 0.0621622 38.7374
0.0186922 -0.250856 136.765
0.00702317 -0.24064 144.345
0 0.0621622 38.7374
0.286529 0.420764 -385.696
0 0.262891 -36.166
-1.10284e-06 0.262891 -36.1648
1.26826e-06 0.262891 -36.1675
-1.10284e-06 0.262891 -36.1647
0 0.262891 -36.166
1.10284e-06 0.262891 -36.1673
2.64298e-13 0.262891 -36.166
2.64298e-13 0.262891 -36.166
