0.52988 0.12741 5.06522
0.00576814 0.125506 16.3825
-0.0279071 -0.498976 28.868
-0.170107 -0.0309645 74.3973
-0.164917 -0.00822679 73.5678
0.0667758 -0.264557 8.40184
0.0727833 -0.137628 5.0015
0.0743339 -0.0972914 5.87013
0.0365872 -0.0869441 12.4235
-0.00384336 -0.0575698 19.2697
-0.0524596 -0.0573135 29.3857
-0.0379883 0.00153143 24.7312
0.00251512 0.0789523 12.1945
0.113754 -0.0874249 -16.1303
-0.00983986 0.145497 15.0275
-0.0182062 0.261694 17.5581
-0.0224243 0.124803 19.8438
0.0677918 0.209517 -14.488
0.105015 0.0441654 -25.8528
0.109623 -0.01962 -27.1184
0.000762501 0.021127 6.28458
-2.2013e-05 -0.0157481 7.1962
0.456643 0.151834 -209.645
-0.0204082 0.383024 17.4594
-0.0497083 0.462264 32.25
0.0176481 0.356149 -2.19324
0.0484623 0.386884 -20.6119
-0.0325374 0.355365 27.0239
0.0805308 0.445115 -43.5287
0 0.357464 7.51045
-0.0505826 0.384624 40.6034
0.0437989 0.353068 -22.3528
-0.0337696 0.361693 31.4698
-0.0195044 0.401456 21.0967
0.609501 -0.0190895 -438.306
-0.152589 -0.210052 138.333
0.319531 -0.128516 -228.779
-0.00583722 -0.251373 25.6464
-0.0102341 -0.229295 29.1253
0.0983897 -0.0133954 -60.5927
-0.0295338 -0.145557 51.1396
-0.43695 0.00421919 412.304
0 0.00277694 18.1773
0 0.00277694 18.1773
0 0.00277694 18.1773
0 0.00277694 18.1773
0 0.00277694 18.1773
0.000327125 0.00288125 17.8397
0 0.00277694 18.1773
0 0.00277694 18.1773
0 0.00277694 18.1773
0 0.00277694 18.1773
0 0.00277694 18.1773
0 0.00277694 18.1773
0 0.00277694 18.1773
0.0413982 0.0117229 78.5794
0.00376935 -0.0153295 123.619
-0.0246433 0.0106946 158.471
0.0127519 0.12606 16.193
0.0160298 0.11507 16.5193
0.0163982 0.41801 8.46496
0.282333 -0.161525 0.993123
-0.119149 -0.0313641 69.8911
0.0838894 -0.0869247 3.19027
0.0996318 -0.06494 0.922782
0.0679295 -0.0826479 6.6629
0.0185692 -0.0830637 15.3977
0.00303157 -0.0810809 17.8352
-0.0254907 -0.0397308 22.8047
-0.00810777 0.0142688 16.7627
-0.00828115 0.059905 15.01
0.0140617 0.0046645 10.9904
-0.0103191 -0.0220067 18.6723
-0.0197072 -0.00787368 22.1864
-0.038721 0.0200119 28.3186
-0.0280711 -0.0691874 26.2045
-0.0754749 -0.0281865 41.89
-0.0647577 0.00409319 35.793
-0.0438508 -0.0147627 27.3654
0.00255601 -0.238319 43.3583
-0.01846 -0.26823 54.2102
0.0670065 -0.436403 16.0994
-0.0432519 -0.274118 66.238
-0.2718 -0.10185 185.811
0 -0.0168866 31.9756
0 -0.0168866 31.9756
0 -0.0168866 31.9756
0 -0.0168866 31.9756
0 -0.0168866 31.9756
0 -0.0168866 31.9756
0 -0.0168866 31.9756
0 -0.0168866 31.9756
0.00882293 0.000387178 -3.2449
-0.00144926 0.00778631 3.97597
0 0.114062 13.9704
-0.0107003 0.00436191 10.6173
0.0326823 0.00885417 -24.8866
-0.0121745 0.00561203 11.8529
0.161077 0.01441 -87.0175
-0.0705958 -0.105342 85.0659
-0.0362317 -0.0716652 53.5486
0.043689 -0.117148 -19.1681
0 -0.072904 20.282
-0.0329044 -0.124655 54.5367
0.0584482 -0.243777 -3.62283
0.00574022 0.0428574 40.886
-0.0034777 -0.23649 29.9364
0 -0.229013 26.0368
0 -0.229013 26.0368
0 -0.185935 24.5219
0.0252822 -0.103885 -7.06103
0.0087733 -0.0769272 10.2751
0.0018646 -0.18896 22.4355
0 -0.272281 27.5425
0.0488961 0.0918151 -15.3604
0.023523 -0.035725 19.7161
-0.0186681 -0.0144277 60.7744
-0.0203252 -0.0150565 60.8876
-0.0303457 -0.0180594 61.5775
-0.053092 -0.0169858 63.1092
-0.063052 -0.010528 63.4892
0.0662696 -0.122851 47.4366
0.0671097 -0.0442977 5.11444
0.057491 -0.0561678 7.30406
0.00971158 -0.0822894 16.684
0.0223404 -0.0576788 12.3926
0.0470228 -0.0371036 6.10577
0.026079 0.0109386 8.29825
0.0218942 0.0276183 8.7496
-0.00782459 0.0493243 16.4492
-0.0142727 -0.0391721 21.037
-0.0104176 -0.0161799 18.9583
-0.0563179 -0.0462211 35.8347
-0.053679 -0.0830514 36.5159
-0.0577944 -0.041243 36.2633
-0.0547623 -0.052165 34.4309
-0.0552796 -0.0230454 32.8354
-0.00712665 -0.0311701 11.0789
-0.000830834 -0.051177 8.66869
0.00183871 -0.0220254 6.42002
-0.0080018 -0.0057048 11.4429
-0.0103143 -0.0337942 13.7168
-0.0400299 -0.022855 30.7579
-0.017191 -0.0267124 17.0924
-0.0174561 -0.00582426 16.0974
0 0.0464644 -0.270209
0 0.0464644 -0.270209
0 0.0464644 -0.270209
-0.0190185 -0.0282685 18.0233
-0.00814586 -0.0105005 9.23747
-2.97792e-05 -0.00392138 3.65952
-0.091706 0.0387313 75.9131
-0.0144119 -0.00298051 13.919
-0.0119757 0.0027455 11.8016
0.248984 0.120531 -207.58
-0.0104511 0.0274429 10.1109
-0.00556 0.0285199 5.97321
0.104001 -0.0910945 -72.2193
-0.00286881 0.0134513 2.83955
-0.0153233 0.0290632 15.6613
-0.00888476 0.00966254 8.75513
0 -0.0788296 21.0102
0 1.27034 -59.8304
0 0.0302112 1.0757
0.00103411 0.0139969 -1.1726
0 -0.0788296 21.0102
0 1.22466 -57.0062
0.00285443 0.0130019 -3.06586
0.00321039 0.0125233 -3.43765
0.0760087 1.15659 -141.405
0.00264086 0.0120981 -2.74459
0 -0.0788296 21.0102
0 -0.0788296 21.0102
0.000719956 0.0116945 -0.382649
-0.0192264 -0.0133083 60.7175
-0.0217184 -0.0134087 60.8255
-0.0329433 -0.0144225 61.4595
-0.0509976 -0.00249756 61.8201
-0.0579641 -0.000258021 62.5717
-0.055503 -0.00219951 62.4025
0.0474901 -0.0393823 7.6313
0.036202 -0.0419243 9.61311
0.00238226 -0.094754 18.6774
0.0164046 -0.0419497 12.4128
0.051754 -0.0887567 8.11741
0.0318697 0.0450359 4.34968
0.00695958 0.0102107 14.0619
-0.0196984 -0.013814 23.1394
0.5209 -0.160531 -141.608
-0.0950071 -0.0501754 49.1428
-0.0839084 -0.100797 48.4688
-0.0341954 -0.14668 33.186
-0.050825 -0.108481 36.8439
-0.0631874 -0.0912096 39.5129
-0.0373041 -0.0478021 25.5232
-0.0179276 -0.0627343 17.3508
-0.0219076 -0.0439437 17.6649
0.0185041 -0.0434578 -1.07542
0.0558136 -0.040549 -20.3371
-0.00984816 -0.113384 19.2804
-0.0101928 -0.110441 19.2696
0.00393249 -0.0227289 8.54844
-0.0965519 0.132421 64.1296
-0.0225572 -0.0212803 19.6936
0.237191 -0.115176 -140.175
0.00393273 0.0466986 -1.87884
-0.00795284 -0.0120914 9.21288
0.014774 -0.00641855 -7.11196
0.2347 0.0316198 -165.888
0.0223966 0.0147325 -15.0502
0 0.355701 -24.809
0 0.00224946 2.90626
0 0.0354799 0.757909
-0.0216951 0.0240586 19.9459
0.0076011 0.0345526 -5.84608
0.0434823 0.299161 -44.6011
0 0.324007 -7.48756
-0.015552 0.340647 5.80466
0 0.338089 -8.53927
0 0.324007 -7.48756
-0.00535585 0.320421 -2.01565
-0.00524366 0.337641 -3.08956
-0.00192876 0.341593 -6.78101
-0.00549309 0.2549 3.49894
-0.00503739 0.25367 3.08951
-0.00405692 0.251758 2.15052
-0.000615347 0.271207 -3.09357
-0.00285239 0.270538 -0.506852
-0.00220404 0.272599 -1.41447
-0.000163676 0.275076 -4.02201
0.0011762 0.276169 -5.71678
0.00213033 0.27695 -6.93543
-0.0186061 -0.0116047 60.5702
-0.020379 -0.0101979 60.5049
-0.026926 -0.00707329 60.5147
-0.035827 -0.00236135 60.6689
-0.0575482 0.000792123 62.3842
-0.0472156 -0.0146337 62.7287
1.31853 -0.0263423 -112.827
0.00258805 -0.275597 46.7844
-0.0818063 0.620992 -26.2601
0.163227 0.697774 -108.267
-0.0247783 0.0688425 16.5182
-0.00590305 0.0602017 12.8328
-0.0232759 0.0194156 21.6937
-0.0725902 -0.000627214 36.9924
-0.0681361 0.000760294 35.7982
-0.105837 -0.00278083 48.8524
-0.156564 -0.00935571 66.8373
-0.0651039 -0.120133 41.6692
-0.0163854 -0.0818154 20.1041
-0.0354551 -0.0159714 22.5565
-0.0205703 -0.0310866 17.9222
-0.0595727 0.00889935 30.8072
0.0092253 -0.0427644 2.82795
-0.00441951 -0.0432004 11.5974
-0.012465 -0.032881 14.011
0.0927648 -0.0970172 -34.3973
0.177763 -0.160775 -75.5667
0.0750768 -0.50661 25.3895
0.166888 -0.0859046 -76.7852
-0.021556 -0.0138172 18.4154
0 0.0959569 -7.0646
-0.000756839 -0.0174296 4.87334
-0.0232451 0.0239964 16.5828
-0.00476519 -0.00495976 6.58179
-0.00099274 -0.0087467 4.5214
-0.0126052 -0.246316 37.8966
0 -0.271144 30.9066
0.0399798 -0.199046 -8.64813
0 -0.0961923 12.9401
0.0501418 -0.234722 -15.3048
-0.00577999 0.0076254 6.18034
0.0991327 -0.0364164 -67.5733
0.0509468 -0.0183498 -25.395
0.0256915 -0.0223397 -1.76026
0.00952145 -0.0244595 13.689
0.00952145 -0.0244595 13.689
-0.000354483 -0.0143249 21.1254
0 -0.0139154 20.7315
0 -0.0139154 20.7315
0 -0.0139154 20.7315
0 -0.0139154 20.7315
0 -0.0139154 20.7315
0 -0.0139154 20.7315
-0.00856067 0.0248331 27.312
-0.00488083 0.0125249 24.2248
-0.00109932 0.00775128 20.2123
0.00158713 0.00602513 17.1405
0.00435106 0.00646685 13.7154
-0.0165878 -0.0101747 60.4037
-0.0181007 -0.00822741 60.2385
-0.0260361 -0.00340199 60.1026
-0.0388772 0.000806717 60.5343
-0.0630402 0.009681 61.6188
-0.068584 -0.0067245 64.0609
0.000678866 0.0917801 18.0457
0.00672388 0.137292 11.5332
0.0117791 0.14311 10.0748
0.16398 0.697032 -108.333
-0.182839 -0.180861 80.671
-0.0305194 0.0558523 19.5273
-0.0617901 0.0169262 32.0037
-0.0666484 -0.00665753 35.8782
-0.0554056 -0.0048238 32.3724
-0.0812448 0.0130669 39.1602
-0.129898 0.0262551 54.4374
-0.0410482 -0.0188607 27.6953
-0.0130067 -0.0276332 13.0287
-0.0664177 -0.0170298 34.032
-0.0929069 -0.00418303 48.7996
-0.0698434 0.0078278 35.3307
0.000504639 -0.0280438 6.07143
-0.0119032 -0.0458981 15.2526
-0.0197183 -0.0408681 19.3505
0.0320523 -0.092219 -2.2403
0.100946 -0.192743 -28.5871
0.068002 -0.507698 29.6696
0.0957614 -0.557514 18.0512
0 -0.514364 63.3972
-0.0107525 -0.0192803 12.0565
-0.00311851 -0.020299 6.9986
-0.00159178 -0.0113335 4.63441
-0.187614 0.105724 126.499
0.00480563 -0.00757704 -0.45654
-0.00688643 -0.0065423 8.65883
-0.00879782 -0.00751231 9.90283
-0.0087127 0.000451267 9.27814
-0.000807202 0.0001456 3.12093
-0.00877351 0.00776029 8.70858
-0.00614301 0.013316 5.81712
0.198279 -0.121445 -148.478
0.180824 -0.0598693 -139.67
0.0305607 0.0290288 -7.86558
-0.00463805 0.0111951 4.6479
0 -0.674392 92.9232
-0.000805429 0.0152986 0.603843
0 0.0645926 -0.0658482
0 0.0645926 -0.0658482
0 0.0645926 -0.0658482
0 0.0645926 -0.0658482
0 0.0645926 -0.0658482
-0.00174119 0.0695959 1.27151
-0.00033691 0.0661446 0.130153
0.0757067 -0.661243 1.96812
-0.140952 -0.18006 199.362
0.00121328 -0.73468 97.8477
0.0321873 -0.821221 68.2821
-0.0150124 -0.00943248 60.2958
-0.0151731 -0.00791446 60.1009
-0.016741 -0.00473388 59.7397
-0.379903 -0.539307 158.121
-0.0682855 0.0152003 61.4726
-0.0909396 0.000110956 65.7806
0.00477283 0.0668838 20.8506
0.0293407 0.116675 10.4246
0.0306453 0.1241 9.29538
0.24572 0.300314 -0.563588
-0.175114 0.2643 20.5672
-0.0923343 0.0240385 39.4679
-0.103636 0.0140167 43.7882
-0.0664688 0.0270001 30.964
-0.0616017 0.00623438 32.4455
-0.0470591 0.00114654 29.1171
-0.107078 -0.00601445 50.8916
-0.141442 0.0234123 59.1856
-0.075561 0.0308794 30.6982
-0.0429879 0.00406787 20.9182
0.0265095 0.00484482 -6.54445
-0.0547096 -0.0175451 31.7108
-0.00860033 -0.0209944 9.88122
-0.0193302 -0.0303201 16.9886
-0.00710941 -0.0392329 11.6829
-0.00420971 -0.0325574 9.01909
-0.0116244 -0.0032862 9.04804
-0.00278841 -0.00553537 4.22853
-0.00377727 -0.0791241 14.6085
-0.0108502 -0.0316587 12.9579
-0.0145305 -0.0206547 14.755
0.00509623 -0.0290707 2.2462
0.00439148 -0.0303953 2.91345
0.0214995 -0.0260769 -9.58137
-0.00263719 -0.0222213 7.38729
0.00339992 -0.0114879 1.33839
0.0020815 -0.0101626 2.1228
-0.0188951 -0.0114201 17.5439
0.000896894 -0.0184836 4.40444
-0.000254782 0.00138072 2.50348
-0.00148579 -0.432533 64.0539
0.0283348 -0.0434552 -6.90137
0.0673296 -0.289476 -9.71068
0 -0.0218564 15.7746
-0.0198487 -0.31501 69.9773
0.0522253 -0.519171 29.8758
-0.0343343 -0.595013 126.151
0.0140126 -0.688061 91.0826
-0.0526805 -0.572293 144.097
-0.0288737 -0.58508 121.527
0.067042 -0.619588 22.0793
0.00164244 -0.720261 108.747
-0.000238718 -0.0212255 15.9595
0.0578116 -0.542486 17.6682
-0.0418588 0.0155063 69.8828
-0.137825 -0.162407 193.604
0.00986414 -0.277353 33.1616
0.0200523 -0.268947 19.2819
-0.024902 0.0172582 41.5905
-0.0221147 0.00558299 43.4171
0.00213129 -0.00911623 44.5257
-0.00798064 -0.0100085 45.8936
-0.108765 0.00365502 67.3108
-0.110154 -0.00148782 68.1154
-0.121573 0.00682358 47.3525
-0.113081 -0.00559043 47.7827
-0.412595 -0.0622021 109.294
-0.0816247 0.0412228 101.869
-0.0735282 0.0225904 34.3898
-0.0685909 0.0088481 35.4949
-0.0789304 0.0269018 34.9149
-0.0739503 0.0281302 33.1181
-0.0906131 0.0187566 39.4053
-0.0637161 -0.00783716 35.5392
-0.0843502 -0.00178614 41.4481
-0.118944 0.0118973 51.8886
-0.0817712 0.104392 21.1236
-0.0500976 0.0710568 14.0187
-0.02698 -0.00735577 19.1534
-0.0669395 -0.0227819 38.7845
-0.0288685 0.00774271 15.5952
-0.00532886 -0.00243042 6.03727
-0.0198913 -0.0170883 15.2312
0.00426618 -0.020189 2.24879
-0.0110227 0.0669519 -2.41211
-0.033295 0.175052 -6.70381
-0.0166812 -0.0327999 16.5952
-0.01828 0.00654101 13.566
-0.016795 0.0344193 7.16575
0.00363441 -0.0367272 4.04657
0.0031605 -0.033875 4.07077
0.00261684 -0.00563363 0.795907
-0.021653 -0.0571613 27.1387
0.00527888 -0.0128368 -0.336208
-0.126042 -0.0815104 114.987
0.00434237 -0.068392 8.59113
0.00597416 -0.0124982 -0.874396
0.00752077 -0.00771077 -2.96999
0.0042465 -0.0085376 0.0237058
0.00528334 -0.0192964 0.864612
-0.0138303 -0.00110439 14.6973
-0.00610983 0.0130742 5.84489
-0.00251494 0.0133805 2.4477
-0.000824271 0.0138319 0.742623
-0.00182284 0.0135598 1.78078
0.00717294 0.00905778 -7.74218
0.00730756 0.0103718 -8.10918
0.000313629 0.0162325 -0.631256
0.00902525 0.0127951 -10.2688
0.00214254 0.0138976 -2.36712
0.00388838 0.015994 -5.04296
0.0062861 0.0042661 -5.80149
0.00130099 0.0132771 -1.28456
-0.25081 0.164756 287.398
0.00241595 0.0129104 -2.55784
0.00127846 0.00948407 -0.611255
-0.0334477 0.0187739 41.4404
-0.0311453 0.00825415 43.2975
-0.0255596 -0.0120437 46.7863
-0.0238475 -0.043169 52.0169
-0.112894 -0.00492098 69.0047
-0.0795525 0.0189414 39.2107
-0.118369 0.019409 44.3815
-0.113754 0.0390893 39.6759
-0.129416 0.0314963 44.0252
-0.0973114 0.0175682 109.341
-0.0869558 0.022207 37.2189
-0.0685417 0.0639298 25.1644
-0.0660361 0.0642844 24.0723
-0.0717866 0.0809154 23.0036
0 0 -1
-0.0824101 0.0405324 33.0916
-0.0718598 0.0646291 25.0734
-0.0389143 0.228052 -16.6389
-0.0544868 0.249201 -14.6462
-0.0715427 0.136498 12.5038
-0.0309026 0.104844 1.38316
-0.0527445 -0.0158482 32.0619
0.0293288 -0.3709 71.5953
-0.0963105 0.0392698 62.5721
-0.106704 0.0250866 70.6095
-0.165733 0.0657172 89.3033
-0.132627 0.234449 38.9215
-0.0226463 0.0420593 15.8234
-0.106079 0.207478 34.003
-0.021109 0.173518 -13.8775
-0.048075 0.12203 12.5452
0.0129137 -0.0473214 -0.91207
-0.0205603 0.157572 -12.1645
-0.00272346 -0.00190783 4.61767
-0.036001 0.101736 9.77035
-0.0024885 0.00117544 4.27833
-0.0600057 0.172677 14.7205
0.00303724 -0.00825117 0.875251
0.00699161 -0.00764402 -2.51765
0 0.0731364 -12.1864
0.0032848 -0.0924183 18.5206
0.00883674 0.00481208 -6.02246
-0.00304702 0.0065913 3.6409
-0.00836626 0.00404026 8.60195
0.000842086 0.0186487 -1.62735
0 0.0731364 -12.1864
0.00062989 0.0160247 -0.92827
0.00258531 0.015834 -2.78563
0 0.0731364 -12.1864
0 0.125423 -21.5341
0.271177 -0.54061 -184.518
0.00939222 0.0228787 -12.1713
0.0029169 0.00782042 -2.32591
-0.00193916 0.0135196 2.51427
-0.0325198 0.0345365 40.023
0.16079 -0.0666054 -164.955
0.133023 -0.0742617 -129.874
0.0499148 -0.205676 -6.46122
-0.0440697 0.0177258 41.8084
-0.0506371 0.00934849 43.7409
-0.0773126 -0.028876 52.8099
-0.0330409 -0.0760015 59.3623
-0.0634181 0.00812253 61.2828
-0.12744 0.0968437 30.308
-0.105032 0.0786361 30.8382
-0.111597 0.0924346 28.8011
-0.117024 0.109617 26.4763
-0.0608884 0.141288 8.82092
-0.0513352 0.205724 -7.22734
-0.0197933 0.182997 -10.2655
-0.0144596 0.211266 -18.1179
-0.0539556 0.199054 -4.71036
-0.0583641 0.313471 -25.6316
-0.0590184 0.253081 -11.6104
-0.0276129 0.348202 -43.7028
-0.0331526 0.289515 -29.2193
-0.00531697 0.276268 -37.2821
-0.00950617 0.200313 -19.4399
-0.0184465 0.182698 -10.9307
-0.018981 0.17072 -9.35423
-0.00695344 0.139972 -8.90708
-0.127671 -0.00647059 87.7461
-0.143234 -0.0311474 100.877
-0.0726452 0.247323 2.18542
-0.00541538 0.234237 -33.4946
-0.0169375 0.169566 -13.392
-0.0482314 0.144844 11.1602
-0.0630954 0.207629 7.09528
-0.0525754 0.203801 0.794927
-0.0508082 0.18199 4.65919
-0.0244808 0.145345 -6.88657
-0.025987 0.144664 -5.82546
-0.00749873 0.0826215 -7.46219
0.0023633 0.0155908 -2.94353
-0.000806639 0.0175335 0.255102
-0.00424679 0.0279447 1.81329
-0.00622979 0.00891392 6.02158
0.0204556 -0.00273751 -14.5407
-0.00146705 0.0436994 -3.12569
-0.0137077 0.0124752 12.3314
-0.00892194 0.0448187 3.50444
0 -0.128715 31.6016
0 -0.100318 25.7612
-0.162749 -0.283936 229.789
-0.209789 -0.302347 280.13
0 -0.159233 37.866
0.0366921 0.0999681 -54.1658
0.0223483 0.0312598 -25.4963
0.0498812 0.0821219 -67.0352
0.0558389 -0.153861 -24.7881
-0.0390625 -0.233724 101.388
-0.118554 0.177737 111.524
-0.00450256 0.0221763 3.93258
0.163846 -0.0626702 -169.452
0.279588 -0.0985044 -302.183
0.00300701 0.00576722 -1.8227
-0.0473627 0.0159339 42.2079
-0.0465592 0.01476 42.429
-0.0416629 0.0302988 39.0934
0.0294779 -0.143456 69.6184
-0.0968187 0.00104983 66.1442
-0.148037 0.133477 25.0772
-0.100399 0.0602374 34.7627
-0.0634792 0.0735848 25.6709
-0.0579052 0.0834991 22.822
-0.0456728 0.00250896 101.587
-0.0370202 0.18031 -5.36779
-0.0389184 0.195142 -8.45983
-0.000675737 0.200199 -18.9359
-0.0360228 0.209032 -10.8417
-0.0506453 0.196697 -3.01733
-0.0559984 0.129434 13.2432
-0.0541328 0.213797 -5.73766
-0.0326258 0.190974 -7.61826
0.0165909 0.232299 -36.4997
-0.0120823 0.229345 -24.2145
-0.0301907 0.174487 -4.96189
-0.0354186 0.190146 -6.01367
-0.0149916 0.185442 -14.8765
-0.0294997 0.134222 5.32117
-0.0873238 0.129553 37.017
-0.0492242 0.228371 -6.36381
-0.0485278 0.258753 -13.6227
-0.0759137 0.140208 28.387
-0.021027 0.233159 -24.3916
-0.0292931 0.306596 -35.4274
-0.0114551 0.345015 -55.6543
-0.0694708 0.270321 -1.11841
-0.0416317 0.174655 -0.200381
-0.0246824 0.142387 -5.86896
-0.0202755 0.151438 -11.079
-0.0127046 0.101546 -6.11638
-0.00363826 0.0150976 3.32548
-0.0191525 0.0304911 15.7534
-0.000619967 0.21654 -45.792
-0.00963159 0.0324407 6.20381
-0.0234375 0.414062 -57.9375
0.000551258 0.00935154 0.102407
0.066784 0.0455492 -50.4121
0.00194216 0.000596965 -0.249584
0.000929827 0.0152539 -2.04213
-0.145752 -0.297757 216.304
-0.00144745 0.019397 0.732275
-0.00714293 0.0283362 4.67274
0.0143043 0.345582 -90.3813
0.0314732 0.0250323 -35.4327
0.00911898 -0.0641094 8.24658
0.00723909 -0.0963527 17.6346
0.00557981 -0.0912078 18.5128
-0.00152286 0.020365 0.556124
-0.0397336 -0.0116872 52.8106
-0.0080602 0.00803537 10.9326
-0.00144745 0.019397 0.732275
-0.00920809 0.022507 8.1198
0.0292086 0.144657 -1.48154
0.0341823 0.137991 0.0120522
0.0552547 0.153028 -4.72812
-0.0331502 0.169618 -4.38264
0.000834245 0.149173 -2.1016
-0.0182683 0.0842346 17.1339
-0.0478527 0.0729109 23.2577
-0.0430309 0.0789326 20.4145
-0.0506608 0.0921479 18.4336
-0.0712137 -0.0167129 111.239
-0.0258892 0.194265 -11.5806
0.0198533 0.209187 -26.7661
0.0309277 0.233229 -35.1537
-0.00890369 0.239516 -25.2933
-0.0594919 0.132672 13.9051
-0.0450851 0.143778 6.949
-0.0338325 0.20525 -11.0817
-0.0569122 0.146473 12.215
-0.0154282 0.155938 -5.74165
-0.0301985 0.192262 -8.46758
-0.0121294 0.172263 -11.4028
-0.00230902 0.227352 -30.3167
0.00810812 0.256107 -42.4204
-0.0151858 0.246425 -28.3472
-0.0203239 0.220646 -20.2172
-0.0186637 0.266861 -32.0711
-0.0138307 0.267613 -35.2867
0.00142736 0.250978 -39.7606
-0.0278592 0.29805 -33.6322
-0.0269635 0.295623 -33.5235
0.0365247 0.293063 -75.0087
0.0492246 0.269266 -77.2904
0.0710153 0.270164 -92.2783
-0.069587 0.231316 6.71465
-0.0621886 0.136688 23.6316
-0.0291298 0.098652 8.34306
-0.00542211 0.0821871 -6.28229
-0.0321426 0.0359549 26.7405
0.102338 0.403929 -168.242
0.360761 0.428204 -397.437
0.164802 -0.0731695 -107.082
4.92125e-13 0.110677 -11.0166
-0.10024 0.197146 66.6554
-0.0117839 0.431334 0.995029
0.101646 -0.485675 47.8651
0.0263672 -0.0205078 -1.36133
0 0.0062779 12.0862
0.0128066 -0.986554 257.311
0 -0.122768 43.2637
0.0543789 0.44824 -152.713
-0.0227323 0.199444 126.349
-0.00142583 0.0535098 2.57588
-0.00231949 0.0674472 0.0795891
0.00402041 0.0845566 -11.5134
0.0979381 0.0613496 -117.462
0.0938384 0.0725149 -115.241
0.0694618 0.0656419 -83.7746
0.0461394 0.0990698 -63.8294
0.0252572 0.142925 -0.940079
0.016452 0.13433 1.75888
-0.00212631 0.137282 2.05606
-0.00847843 0.13094 3.76005
0.045544 0.177796 -13.9592
-0.0152728 0.194632 -12.0513
-0.0450991 0.11974 11.2861
-0.0559142 0.12623 10.6239
-0.0169937 0.147176 -1.95928
0.0167858 0.248176 -35.0417
-0.0274634 0.217552 -16.9846
0.0158237 0.215335 -27.019
0.048313 0.209443 -33.0177
0.0376716 0.183283 -23.398
-0.0544419 0.0980074 20.7569
-0.0765442 0.0956385 29.3555
-0.0855996 0.230232 2.8374
-0.0774247 0.152089 18.8383
-0.0511334 0.144447 11.2417
-0.0518382 -0.00750982 49.1925
0.0239443 0.159424 -24.1512
0.0117514 0.170364 -20.7485
-0.0074644 0.201278 -19.1387
-0.0200607 0.226104 -19.2161
-0.0304987 0.234069 -17.171
-0.0242077 0.226915 -18.3092
-0.0085586 0.224264 -26.3985
-0.00305824 0.229936 -31.3879
-0.00483221 0.225707 -29.06
-0.0122226 0.264582 -35.1819
0.0517266 0.224962 -66.6384
0.0520563 0.270771 -79.3052
0.0619842 0.279168 -88.5486
0.0496845 0.272786 -77.6193
0.0173257 -0.474568 153.99
-0.0361619 0.09846 13.6428
-0.0217553 0.0700714 9.81667
-0.0409431 0.0416085 32.5115
-0.0328059 0.031796 28.2523
0 0.110677 -11.0166
0 0.110677 -11.0166
0 0.110677 -11.0166
4.77172e-13 0.110677 -11.0166
0.337974 0.0580115 -228.185
-0.00862396 0.432298 -2.2383
-0.00919624 0.0225263 8.11383
-1.26039e-06 0.441406 -12.7432
0.0051591 0.236985 -39.019
1.47045e-06 0.544866 -39.7145
1.47045e-06 0.544866 -39.7145
0.0171199 0.0361819 124.04
0 1.50218 -377.521
-0.00153018 -0.876666 281.01
-0.00157114 -0.875722 280.806
0.0561025 0.105834 -78.0499
0.0537683 0.093396 -71.6935
0.080249 0.0612697 -96.0166
0.0566888 0.0968897 -76.3415
0.0157422 0.140445 -0.111216
0.0127726 0.13182 2.50013
0.00856122 0.129619 3.40777
0.00920858 0.141031 -0.746668
0.0829605 0.172298 -15.9766
0.102518 0.199814 -25.4599
0.0877752 0.0718068 14.9763
-0.0125832 0.149975 -2.97593
-0.0496928 0.24796 -22.5902
-0.0741277 0.209216 -4.34847
-0.038032 0.166959 0.00555572
0.00604504 0.181709 -14.552
0.0230495 0.158412 -12.5664
0.00661868 0.204124 -20.9819
0.00105172 0.261152 -36.8781
0.127521 0.156291 -50.8819
0.0202908 0.187405 -22.3597
0.0181144 0.162854 -13.8074
-0.0350447 0.0841825 30.0754
-0.0802696 0.0964711 44.8515
-0.0611278 0.117171 26.4915
0.0246863 0.0859667 -2.72756
0.0460108 0.126749 -24.7981
0.00208695 0.183455 -18.858
-0.0391694 0.216974 -7.17816
-0.0247235 0.215933 -15.4756
-0.0133923 0.218097 -22.1912
-0.0159518 0.211269 -18.677
-0.0161483 0.207751 -17.4868
0.0151144 0.181316 -29.3663
0.0354247 0.222604 -54.5838
0.0749009 0.25348 -90.5881
0.063749 0.264632 -85.3883
0.011404 0.275033 -51.1891
0.0025628 0.289635 -49.2775
0.00420312 0.314384 -58.0833
0.0177603 0.359023 -81.423
0.0119361 0.367788 -79.3504
0.0102254 0.376834 -80.594
0.0102254 0.376834 -80.594
0.00600871 0.170569 -19.5652
0 0.265332 -41.1431
0.0116808 0.166501 -23.7676
-0.046165 0.0657109 48.6505
0.00694673 0.260726 -46.6973
0.000807427 1.78254 -490.425
0.107527 0.976515 -359.869
0.0051591 0.236985 -39.019
0.0051591 0.236985 -39.019
0.00228001 0.21907 -30.7322
-0.00056007 0.209511 -24.8873
-0.00232023 0.200401 -20.3015
-0.00292563 0.192072 -17.1987
-0.00259675 0.18716 -16.1502
-0.00152277 0.183805 -16.4255
-0.000349273 0.181561 -17.1611
0.000139637 0.180438 -17.4213
0.000139637 0.180438 -17.4213
0.00887915 0.138077 0.676496
0.0070993 0.128003 3.86977
-0.000701089 0.121837 6.0806
-0.0285356 -0.0757122 82.3711
-0.0439961 -0.0486864 74.8396
-0.107266 0.0406073 54.2022
-0.127697 0.136394 26.7334
-0.128228 0.162015 18.691
-0.0786557 0.196361 -1.37552
-0.063995 0.178679 1.6954
-0.0468038 0.155682 4.68044
0.0106472 0.159585 -9.7704
0.036451 0.198122 -27.1127
0.0300709 0.195955 -24.1506
-5.99218e-05 0.231561 -27.0482
0.132746 0.180418 -60.1139
0.0559238 0.170219 -29.5128
0.000733102 0.125232 3.9806
-0.0292042 0.0661958 33.4264
-0.0348634 0.0874039 28.962
-0.0239128 0.0720169 29.1436
0.0149752 0.106508 -4.26968
0.0760201 0.0833851 -26.7494
0.0890087 0.105935 -39.6768
0.0263865 -0.741313 255.753
0.0135675 -0.674583 241.974
0.712912 -0.0197496 -357.524
0.0350898 -0.0254735 18.1736
-0.0607875 -0.107967 117.498
0.022655 0.15693 -26.7565
0.0440213 0.178927 -47.3386
0.0724523 0.214366 -77.7634
0.0883587 0.242913 -96.7449
0.030311 0.293068 -70.0024
-0.00333861 0.352452 -64.3106
0.0273724 0.329569 -80.2734
0.0472807 0.352429 -102.447
0.00326154 -0.12302 60.4535
0.00326154 -0.12302 60.4535
0.00326154 -0.12302 60.4535
0.00326154 -0.12302 60.4535
0 -0.146058 70.3404
-0.00317308 -0.153857 75.6658
-0.0070714 0.00393241 31.0492
-0.0307143 -0.200935 116.39
-0.0188749 0.0477376 27.8429
-0.00843703 0.0453522 18.2492
-0.00146592 0.0435322 11.7722
0.00224494 0.0424453 8.28372
0.00343428 0.0425763 6.99323
0.00343428 0.0425763 6.99323
0.000343965 0.0515578 7.63614
-0.000740594 0.0533697 8.28083
-0.0010096 0.0546704 8.1771
-0.000676361 0.055561 7.50843
-0.000190513 0.056127 6.75552
2.74309e-05 0.05641 6.40502
2.74309e-05 0.05641 6.40502
0.0060643 -0.061625 74.9993
0.0053294 -0.0619332 75.1193
0.00175505 -0.0730961 79.1219
0.00503513 -0.08307 82.0302
-0.019995 -0.0382823 69.049
-0.0582638 0.0195955 54.9787
-0.0992275 0.101339 33.8385
-0.095341 0.100516 33.473
-0.0732758 0.10183 29.3313
-0.0511365 0.130546 15.247
-0.00240237 -0.00317312 50.1983
-0.0374478 0.00985519 54.5831
-0.0109528 -0.0067754 53.4053
-0.00673552 0.0346314 38.811
-0.0332775 0.0124899 53.4683
-0.0776727 -0.00256609 72.8844
-0.066154 -0.0628028 88.9636
-0.0374162 -0.0875796 86.8041
-0.0119751 0.0298737 38.0355
-0.0189491 0.0713361 27.1786
-0.0212481 0.0714238 28.1446
-0.0224163 0.0714938 28.6429
0.0951459 0.086815 -37.0878
0.0977542 0.0855705 -37.9
0.0977542 0.0855705 -37.9
-0.0373321 0.474947 -101.335
-0.0322162 -0.0940268 95.5537
-0.0364082 -0.0915097 97.2158
-0.0547899 -0.0940418 109.194
-0.05515 -0.0336464 89.0351
0.0220514 0.181911 -33.625
0.0476802 0.198224 -55.9883
0.0484576 -0.103116 59.3805
0.0414838 0.259372 -67.3776
0.0436392 0.277657 -74.5862
0.0344054 0.314635 -80.1898
0.0592474 0.297067 -93.31
0.0752784 0.211308 -76.2914
0.00863599 0.177358 -9.58451
-0.00260917 0.146116 10.1633
-0.00640462 0.124614 20.6416
-0.0191525 0.0304911 15.7534
-0.057313 0.645572 -111.21
0.0355234 0.541815 -163.018
0.0683906 0.65438 -232.462
0.0127075 0.742208 -208.753
-0.0032102 0.78566 -207.352
-0.000388739 0.785421 -210.181
0.00395446 0.796615 -218.408
0.00596591 0.803881 -222.948
0.00630005 0.806853 -224.292
-0.035076 0.0563326 180.313
0.0806351 0.502082 -155.003
0.00942332 0.491009 -70.3277
0.00942332 0.491009 -70.3277
0.00192203 0.502122 -65.4117
0.00183737 0.502329 -65.3796
0.00183737 0.502329 -65.3796
0.00793605 -0.0609216 74.738
0.00479574 -0.0562971 73.1805
0.00140455 -0.0520839 71.7867
0.0123587 0.0535894 33.1411
-8.82905e-05 -0.0356521 66.2568
-0.00053008 -0.0315919 65.1208
0.228141 0.0106942 24.4769
-0.0816628 0.0487742 48.6812
-0.0630436 0.063547 40.3403
-0.0523849 0.078643 32.9046
-0.039285 0.00648528 55.2974
-0.0133081 0.0191911 44.3321
-0.00254589 0.0087713 45.3543
-0.0232522 0.0124123 50.4899
-0.0614212 -0.00213578 67.0992
-0.078967 -0.025444 80.7878
-0.0809747 -0.0757268 98.4767
-0.0627169 -0.0879469 95.9958
0.0122076 0.0793208 -5.51791
0.0138484 0.0762584 -5.10423
0.0163208 0.0743088 -5.47616
0.0155256 0.0646942 -1.61216
0.0136042 0.0625384 0.0664089
0.0122606 0.060628 1.40679
0.0951587 0.24187 -66.4348
0.0948041 0.24502 -67.3492
-0.00675825 0.0865354 1.95354
-0.00721188 0.0875335 1.86214
-0.00762264 0.0880248 1.93349
-0.0077692 0.0882299 1.95071
-0.00774847 0.0883509 1.89391
0.504583 -0.0668893 -268.344
-0.0252624 -0.0852755 104.12
0.00768249 0.221711 -29.5812
0.0749703 0.241299 -85.8831
0.0574217 0.281474 -86.0246
0.0530099 0.311828 -93.2721
0.0387741 0.252359 -61.073
0.0167383 0.191868 -21.7264
-0.0166104 0.151214 20.4119
-0.0277402 0.117681 41.7045
0.13896 1.88077 -744.408
-0.000267517 0.0891099 27.4503
6.74104e-05 0.08915 27.1169
0.0177124 0.0219083 35.731
-0.000888933 -0.019151 68.3986
0.0017352 0.0204227 51.5046
0.00573892 -0.00650193 57.0839
0.00483024 -0.0179821 62.1175
0.00471877 -0.0271267 65.4983
0.00415255 -0.0340146 68.5651
-0.0367036 0.0304165 190.899
0.00152098 -0.103234 96.7784
0.00262436 -0.110149 97.9833
0.00387053 -0.118152 99.3924
0.00166856 -0.126965 105.21
0.00166856 -0.126965 105.21
0.00903937 -0.1559 106.745
0.0173908 -0.0605851 74.5122
0.0199339 -0.0450136 68.6937
0.0210789 -0.0132743 56.9638
0.00127177 0.0148375 48.2341
-0.00629707 -0.00683882 56.658
0.00199554 -0.0229379 61.6686
-0.00799105 0.00998812 50.892
-0.0337775 0.0316075 46.8921
-0.0532042 0.0540468 41.9024
-0.0612027 0.0513896 44.3464
-0.0456056 0.0429969 43.8175
-0.0107326 0.05531 30.9531
0.00857945 0.0566344 25.6598
-0.00391527 0.0823691 -0.519972
-0.003803 0.0822214 -0.504642
-0.00280682 0.0819379 -0.730729
-0.000586787 0.0815349 -1.35643
0.00297383 0.0810331 -2.48518
0.00743309 0.0804556 -4.00945
0.0109826 0.0759142 -3.7764
0.0131565 0.0719254 -3.23318
0.0148612 0.0634879 -0.881033
0.0124339 0.0623958 0.685663
0.00845959 0.0600625 3.52824
0.0032796 0.0686866 3.0116
-0.00101487 0.0773412 2.11557
-0.00458039 0.0859994 0.900674
-0.00654752 0.0877222 1.4018
-0.00744424 0.0881728 1.77163
-0.00768804 0.0883131 1.86966
-0.00760135 0.0884344 1.7676
-0.00740512 0.0884282 1.63902
-0.00729993 0.088429 1.56661
-0.00729993 0.088429 1.56661
0.0756869 0.239263 -85.7086
0.0909535 0.23303 -94.5948
0.0316358 0.255945 -56.86
0.014202 0.21844 -29.3134
-0.024107 0.149178 27.3672
-0.0379408 0.110405 53.0815
-0.0237857 0.0957509 46.0166
-0.0110425 0.0786203 41.1059
-0.00118141 0.0885107 28.5033
0.000123081 0.0889486 27.1299
0.000101598 0.0890333 27.1224
-0.00555809 0.103853 27.8416
-0.00478925 0.0189948 58.5064
-0.00465645 -0.00379691 66.779
-0.00222205 -0.0175304 69.3365
-0.00102174 -0.0274957 71.7623
-0.00179844 -0.0367284 76.0215
-0.00360395 -0.0681923 89.6542
-0.00356349 -0.100547 101.578
0.00166856 -0.126965 105.21
0.00166856 -0.126965 105.21
0.00166856 -0.126965 105.21
0.00166856 -0.126965 105.21
0.00166856 -0.126965 105.21
