-0.0364801 -0.0827642 21.9404
-0.0357535 -0.0798761 21.9054
-0.0246068 -0.099378 21.552
0.0116541 -0.20859 20.168
0.0529455 -0.271491 17.3658
0.0865399 -0.164606 12.8856
0.0956693 -0.174013 11.7551
0.0216981 -0.218013 25.3732
-0.0268572 -0.139787 31.7254
-0.00103106 -0.139294 26.7595
-0.0227953 0.0328049 21.5769
-0.0256997 0.0438301 22.3978
-0.0523735 0.014373 29.6836
-0.0470497 0.0221783 27.7968
-0.0545224 0.0171397 30.6657
0.323112 0.0180888 -92.1272
0.0137049 -0.00435138 15.7758
0.0284467 -0.0124183 10.2228
0.0245853 -0.0436426 12.611
0.0458598 -0.0419291 3.79785
0.189237 -0.0293685 -74.622
0.497178 -0.0389339 -213.846
0.119258 -0.0472793 -32.8611
0.123128 -0.144551 -34.3203
-0.112355 0.0566842 65.8821
-0.00135819 -0.65684 26.42
-0.00135819 -0.65684 26.42
-0.00135819 -0.65684 26.42
0 -0.668139 25.5047
-0.0461166 -0.637698 54.4887
-0.045309 -0.60436 54.7278
-0.00602671 -0.65511 29.5573
0 -0.656704 25.4465
-0.0186699 -0.353874 35.2946
-0.0118487 -0.347634 30.0153
0 -0.62575 24.6509
0.021147 -0.656709 8.99962
-0.000813246 -0.328389 21.0486
0.016259 -0.315421 6.91259
0.0119091 -0.295339 10.1824
0.0170901 -0.283935 5.40874
-6.07424e-05 -0.352912 21.5085
0.00265311 -0.34898 19.0137
0.00265311 -0.34898 19.0137
0.00265311 -0.34898 19.0137
0.00168517 -0.523129 21.9673
0.00296968 -0.536012 20.8362
0.0026776 -0.54784 21.2636
0.00147715 -0.558358 22.6158
0.000907813 -0.567438 23.3066
0.001392 -0.575089 22.8612
0.00219649 -0.581451 22.0448
0.00242691 -0.586743 21.8453
0.0021244 -0.591196 22.2364
0.00198355 -0.593181 22.4202
0.00198355 -0.593181 22.4202
0.301787 0.046607 -350.443
0.43586 -0.127452 -481.564
-0.033668 -0.0864271 21.997
-0.037855 -0.0820603 21.928
-0.0348243 -0.0833285 21.7948
-0.00680849 0.00391083 16.9288
0.00711023 -0.021771 16.4851
0.107991 -0.130094 8.5447
0.0513431 -0.104749 16.8065
0.00367747 -0.0220465 21.7047
-0.00776998 -0.12977 26.5721
-0.0345355 -0.101091 31.9065
-0.0959901 -0.111532 45.3443
-0.0365676 0.0425674 24.821
-0.041617 0.0371589 25.7312
-0.0480346 0.0295832 28.0108
-0.0444177 0.0130412 27.48
-0.012216 -0.0479381 26.3726
-0.00847587 -0.0374337 24.491
0.0143326 -0.0651024 17.3038
0.0302002 -0.0643483 11.3161
0.00674808 -0.121883 21.9139
0.0459154 -0.346721 12.0135
-0.059274 -0.0706019 46.3091
0.0132034 -0.0477454 11.1752
0.00086501 -0.0170144 3.28455
0.0495664 -0.000985898 -16.8376
0.0559054 -0.0880069 -17.0755
-0.0254592 0.0942121 13.5196
-0.00354216 -0.00965933 5.65258
-0.000754913 -0.0171085 4.31344
0.00289825 -0.0165773 1.6347
0 0.0914021 -1.4656
-0.000650696 0.00858593 3.14641
-0.0235532 -0.00118149 18.5385
0.0149658 -0.00845298 -7.19696
0.00971978 -0.019214 -3.21756
0.524042 0.0821273 -398.403
0.026905 -0.458315 1.30842
0.0150099 -3.62391e-05 -9.12019
0 -0.379709 20.2122
-0.00303434 -0.0171861 6.4733
0.00687398 -0.0179292 -1.24745
0.0780786 -0.162748 61.0874
0.0528638 -0.217351 85.8081
-0.0711234 -0.0812188 196.269
-0.00421536 -0.0167551 8.0236
-0.0418393 -0.168978 170.195
-0.0395938 -0.180285 168.272
-0.364856 -0.0890406 510.385
-0.22166 0.0768119 359.896
0.0738664 -0.0572923 50.5918
0.252455 -0.66317 -126.485
-0.180262 -0.00985114 333.756
-0.161125 0.152656 308.379
0.00135538 -0.396222 18.93
0.00140442 -0.395882 18.8606
0.672854 0.0450299 -772.754
0.455281 0.0422568 -538.063
0.460578 0.00137921 -514.32
-0.0039445 -0.0432296 65.6871
-0.00393459 -0.0432287 65.6864
-0.00382141 -0.043284 65.6835
0.257938 -0.0426231 48.5449
0.0276818 -0.00560725 14.3841
0.0508524 -0.0410885 12.6046
0.132794 -0.02052 1.35361
0.0518793 0.0125092 11.4323
-0.0125838 0.101505 17.8106
-0.00883788 0.0366775 20.7471
-0.0491789 0.0331584 29.3562
-0.0611226 0.0458129 30.8276
-0.0533223 0.0350897 29.2619
-0.0608106 0.0108908 33.0821
-0.0606479 0.0152344 32.4212
-0.0126873 -0.0303682 19.253
0.0187644 -0.0914218 17.0313
0.0272986 -0.11398 14.5343
-0.000324143 -0.0817992 23.1204
-0.184407 -0.178407 102.938
-0.191123 -0.0139755 96.5715
-0.0527473 -0.0517837 42.7197
-0.0855439 -0.0255279 57.3283
-0.102364 -0.0340732 64.7979
-0.0547344 -0.0354569 39.6189
-0.0545344 -0.0188218 38.9989
0.598958 -0.505859 -323.18
-0.0126217 -0.0186675 13.1241
0.00118383 -0.0145555 3.01811
0.0118126 0.00784781 -6.75194
-0.0459798 -0.0156814 33.2032
0.00768913 0.0213563 -3.21623
-0.00369625 -0.00800548 6.76922
0.000602448 -0.0142423 3.45369
-0.00338178 -0.00893348 5.41832
0.00357776 -0.00307518 1.04051
0.00568194 -0.0071783 -1.26006
0.0729434 0.0129354 -56.5916
0.0029354 -0.0139475 1.78255
0.0064716 0.00262791 -2.46334
0.0758687 -0.0623348 -58.5327
0.0433232 -0.01882 -32.6741
0.0474591 -0.0774154 -32.0431
0.0185969 -0.0972474 -4.29455
0.00281837 -0.112867 11.4534
-0.00126271 -0.125482 16.0521
0.00371947 -0.136093 11.6478
0.0130513 -0.13599 2.17652
0.0168317 -0.0808131 -4.65033
0.0118896 -0.0372611 -1.75699
0.00510736 -0.00519479 3.81903
0.000389073 0.0171386 7.79148
-0.00195594 0.031458 9.63744
-0.00264358 0.0386233 10.0317
-0.00264358 0.0386233 10.0317
0.00138778 -0.00510811 30.5217
0.154266 -0.0261657 -171.692
-0.00470273 -0.0153259 8.42189
0 0.0180793 38.3425
-0.00393459 -0.0432287 65.6864
-0.115216 0.0418302 42.4487
0.246059 -0.0429017 49.411
-0.111658 0.0598729 39.9917
-0.0846189 0.0604996 37.1488
0.0950722 -0.0450101 7.55584
-0.101308 0.132634 32.8986
-0.0428013 0.131975 21.7541
-0.0530582 0.107241 25.3404
-0.0739054 0.0761599 32.1954
-0.073702 0.0499027 33.3644
-0.0418793 0.0439742 24.8713
-0.0461 0.0269427 28.0817
-0.0682676 0.0177396 34.7705
-0.064687 0.0227882 33.1285
-0.0653953 0.00779321 34.4725
0.0620743 -0.110056 0.170693
-0.0648403 -0.0704734 47.7137
-0.409876 -0.136713 193.872
0.0371287 0.0285694 -12.7674
0.145913 -0.1576 -43.9654
0.256043 0.00467569 -115.008
-0.0733473 -0.043636 51.5757
-0.0532999 -0.0389613 39.2989
-0.0523553 -0.010289 37.4627
-0.0429625 -0.00636268 31.3005
-0.0320131 -0.00586807 24.3332
-0.0247836 0.027721 17.1083
0.00798241 0.0136855 -3.16954
0.00104878 0.0102898 1.72226
0.14375 0.438151 -124.774
-0.00603481 -0.0101865 8.13557
-0.0191656 -0.00927196 16.3664
-0.0306092 -0.254304 41.3941
-0.199578 -0.303873 177.226
0.0264025 -0.256478 -2.10192
0.247648 0.998585 -264.638
0.016331 -0.0117334 -9.48523
0.00220479 -0.0161922 2.12861
0.0722477 -0.0606243 -55.4756
-0.00308508 -0.0167096 6.94197
0.0294181 -0.0800676 -15.3708
0.00366823 -0.0971613 9.70771
-0.00906828 -0.111832 22.8138
-0.0119902 -0.124616 26.5404
-0.00516102 -0.134359 20.4682
0.00226549 -0.139329 13.3809
0.135063 0.0287876 -63.8629
-0.122951 0.0352564 209.355
-0.0442976 0.0543156 124.139
0.0113448 0.123504 -16.664
0.0113489 0.123505 -16.6687
0.0113539 0.123505 -16.6744
0.0113539 0.123505 -16.6744
0.112152 0.310394 -131.093
-0.0498047 0.0436198 73.0827
-0.00433957 -0.014937 7.96726
-0.00872457 0.132226 4.31381
-0.00872457 0.132226 4.31381
-0.1201 0.0464171 42.1865
0.204756 -0.113826 15.2195
-0.117136 0.0703722 39.3436
-0.090198 0.0599914 37.6993
-0.0718501 0.0482348 36.674
-0.0880775 0.0776715 36.6102
-0.115686 0.0790782 40.6988
-0.0834682 0.0808513 33.5639
-0.0940625 0.0489729 38.9346
-0.0911571 0.0326175 39.3385
-0.0676794 0.0274336 33.9269
-0.0682436 0.0309702 33.9374
-0.071961 0.0279762 35.0047
-0.0677665 0.0174289 34.8257
-0.0588998 0.0048668 32.8186
0.0844763 -0.0955531 -9.14664
0.0284852 -0.0872498 12.7538
0.0611058 0.0296093 -23.606
0.1546 -0.0132921 -58.3857
0.081756 -0.0352789 -29.3094
0.139149 -0.115375 -47.4377
-0.0330667 -0.118794 38.4526
-0.0461823 -0.0649096 38.8449
-0.0261629 -0.0449288 25.124
-0.0334286 -0.0399958 28.5848
-0.0274786 -0.0294391 23.9023
0.00303398 -0.0170608 1.45076
-0.0170851 -0.0272873 16.7561
-0.0120327 -0.0194389 12.8297
-0.00999273 -0.0156287 11.1419
0 0.588711 -51.383
0.00684854 0.594082 -56.9052
-0.00710031 -0.0195644 9.45081
0.00169384 -0.0155242 2.45899
0.00936359 0.142804 -19.2802
-0.0114896 -0.00586241 33.9483
-0.0877509 0.0206794 94.1074
0 0.0430331 19.6576
0.00587444 -0.00429927 83.2483
0.00605014 -0.0185862 -0.516085
-3.0006e-07 -0.00533995 24.3618
-7.36753e-07 -0.0053486 24.3631
-2.27232e-06 -0.00536644 24.3662
-5.75183e-06 -0.00539346 24.3722
-5.26348e-06 -0.00543048 24.3752
4.01016e-07 -0.00546835 24.3731
8.56802e-06 -0.00550224 24.3678
1.33991e-05 -0.0055302 24.3654
1.15496e-05 -0.00555139 24.3695
5.02173e-06 -0.00556523 24.378
-5.38984e-07 -0.00556833 24.3845
-5.38984e-07 -0.00556833 24.3845
0 -0.0053267 24.3602
0.15792 0.107138 -167.408
0.0507812 -0.130208 -17.5534
0.00260524 -0.111476 38.9117
0.00732928 0.00191258 62.9162
-0.155341 0.0401092 9.23095
-0.148289 0.0546355 6.91326
0.0945814 -0.00665861 58.2651
-0.0974931 0.052903 39.5404
-0.0935573 0.0551347 38.7248
-0.0838129 0.0322506 40.0325
-0.0822046 0.0386459 39.352
-0.120617 0.052169 44.3041
-0.10212 0.0451635 40.9838
-0.101822 0.0374977 41.8984
-0.105865 0.0288893 43.6429
-0.0761764 0.0102342 38.2443
-0.0590069 0.0143385 33.278
-0.0791009 0.00108311 40.4639
-0.0694432 0.00712397 36.6015
-0.0785762 -0.00728585 41.0878
-0.0167533 -0.0888071 27.3715
-0.239693 -0.0470369 108.324
0.056071 0.0239395 -21.0966
0.0641522 0.00438786 -20.6892
0.038275 -0.0337692 -9.69616
0.292924 -0.081039 -126.406
-0.0251713 -0.0841717 29.7132
0.00735302 -0.104575 13.8117
-0.0329065 -0.0560471 30.2393
-0.0329791 -0.07299 32.193
-0.0244061 -0.0728093 26.9827
0 -0.480118 61.8222
-0.0128217 -0.0414965 15.7162
-0.00853079 -0.485125 68.1189
-0.0223122 -0.493186 78.5079
0.0200209 -0.475146 47.234
0.00195347 -0.0157455 2.30606
0.00944758 -0.489925 55.948
0 -0.298405 38.9299
0.00431784 -0.461685 56.4667
0.027952 -0.45099 36.0872
0 -0.457526 59.4011
0 0.26478 -25.9866
-0.022253 -0.0473175 112.69
0 0.207418 -19.2616
0.00280606 -0.0189979 2.21093
-0.00186056 -0.0161762 5.75462
0.015758 -0.384916 34.9651
-0.0221887 0.234741 -0.783981
0.0134155 0.21803 -34.0614
-0.0289876 -0.349513 75.105
0 0.26478 -25.9866
-0.018992 -0.414722 74.0528
0 -0.466293 60.3203
0.00405349 -0.541283 64.9001
0 -0.591472 75.4131
-0.00913083 -0.456691 69.8889
-0.0115308 0.255062 -11.2225
-0.00446886 -0.0153891 8.15313
-0.00393701 -0.0147422 7.47743
-0.00387124 -0.014397 7.35575
0.00733101 0.00188989 62.9197
0.00734333 0.00165531 62.9532
-0.155514 -0.149531 66.9143
-0.0698622 0.0248114 40.2566
-0.0804637 0.0242558 41.3328
-0.10055 0.0250911 43.4603
-0.0913254 0.0101199 43.6637
-0.0833434 0.00382113 43.8884
-0.123659 0.00224283 50.839
-0.100725 0.0115979 45.0612
-0.10546 0.013989 45.9145
-0.0994596 0.0150805 44.0051
-0.0696493 0.00557564 37.2876
-0.0714905 -0.00757648 39.7544
-0.0745256 -0.0115521 40.6315
-0.0853887 -0.0152876 45.1005
-0.0913054 -0.00273678 45.0933
-0.0860453 -0.00589947 43.6308
-0.0903935 -0.0112154 44.4859
0.0237975 -0.0048949 -3.07607
-0.0985408 -0.0213038 53.7555
-0.000644841 -0.00716317 5.87171
0.0424775 -0.0762977 -5.22316
-0.00719559 -0.0110472 9.31507
-0.011551 -0.0542685 17.5609
-0.0152851 -0.0730522 22.5863
-0.0292384 -0.0657147 28.886
-0.0251078 -0.0434018 22.9668
-0.271466 0.173234 141.335
-0.0152042 -0.0494232 18.7078
-0.00246405 0.0134293 2.03069
-0.0537802 -0.0530233 47.7539
-0.402083 0.00859375 287.297
-0.0042872 -0.0136605 6.57113
-0.11635 -0.0809152 108.602
0.00162901 -0.0320509 6.02087
0.000891175 -0.0135484 2.82129
0.00144073 -0.0151441 2.63519
0.00162564 -0.0157907 2.57757
0.000919034 -0.0166286 3.28984
0.000201885 -0.0164809 3.89412
-0.00032629 -0.016649 4.39521
-0.000272186 0.06141 -7.08527
-0.00208428 -0.0167916 6.01138
-0.00411541 -0.0162225 7.88592
-0.00370828 -0.0164953 7.51561
-0.0044729 -0.0161464 8.2409
-0.00453061 -0.0157927 8.26246
-0.00476163 -0.0160346 8.53321
-0.00380523 -0.0152429 7.39764
0 0.0806022 -9.92278
0.00133172 0.0825956 -11.6736
-0.00474107 -0.0157402 8.48702
-0.00365009 -0.0147082 7.14501
0.218535 -0.0787368 -231.526
0.0743011 0.121176 -66.7312
0.0703255 0.108377 -60.1642
0.00146858 0.0788913 26.8339
0.00714159 0.00186533 62.9254
0.00716859 0.001521 62.9801
0.00726515 -0.000704398 63.3343
0.0114159 -0.00190152 63.2982
-0.109418 -0.0033509 48.4903
-0.123473 -0.0180103 52.5036
-0.138134 -0.0283755 55.7605
-0.103358 -0.0339198 52.6094
-0.0962192 -0.0377933 51.6392
-0.105373 -0.0292518 52.1322
-0.104901 -0.0285016 52.1541
-0.0915034 -0.0305273 48.9251
-0.0730961 -0.0203882 42.409
-0.0630448 -0.0281192 40.6228
-0.0825599 -0.00842402 42.316
-0.0772959 -0.0340976 45.1243
-0.0814345 -0.0144003 43.1204
-0.115877 -0.00547546 54.1981
-0.0432291 0.0150257 20.9082
-0.0188889 -0.0400092 20.3038
-0.0348341 0.0151825 19.313
-0.00773175 -0.00276923 8.67723
-0.0163647 -0.0394903 18.3442
-0.0332523 -0.0497604 28.8011
-0.0282025 -0.0438394 24.9183
-0.0304261 -0.0455303 26.2982
-0.0286902 -0.0445395 25.1754
0.0173139 0.0390267 -14.8007
-0.0131819 -0.0391518 15.7349
-0.00466143 -0.0293651 9.3155
0.0861685 -0.0922888 -41.9524
0.0227619 -0.0346812 -7.1646
-0.105369 -0.0396157 83.8238
0.0193771 -0.0100089 -11.0255
0.000875495 -0.0129884 2.6966
0.00062213 -0.0137199 3.02883
-0.000402622 -0.0146167 4.02559
0.000692794 -0.0153138 3.27195
-0.000623136 -0.0161909 4.55427
-0.000483316 -0.0130053 3.71176
-0.00231243 -0.0138255 5.47825
-0.00180013 -0.014455 5.14633
-0.00222139 -0.0158504 5.9114
-0.00198927 -0.0166834 5.89228
-0.00329812 -0.0166577 7.12889
-0.00288053 -0.0161121 6.6188
-0.00383691 -0.0157413 7.52064
-0.00309412 -0.0151263 6.61519
-0.00336264 -0.0146058 6.79755
0.0870264 0.385976 -105.722
0.123206 0.400578 -147.043
-0.201055 -0.18238 492.061
0.0385113 0.10712 158.122
-10.4871 0.0267546 12223.1
0.222011 -0.0769813 -235.888
0.0518927 -0.0481807 -43.5735
-0.0359536 -0.047207 62.2231
-0.0724096 -0.0546719 108.958
0.00696852 0.00187205 62.9259
0.0070379 0.00165598 62.9625
0.00729886 0.000757029 63.1137
-0.0054374 0.000810912 64.0545
-0.146701 0.0129419 49.5257
-0.148002 -0.0133384 54.4616
-0.13094 0.00203289 138.11
-0.0849864 -0.0128514 45.2961
-0.0894878 -0.0150772 46.332
-0.103549 0.0038966 45.4207
-0.0951592 -0.0192137 47.723
-0.101284 -0.0356816 52.0913
-0.0655201 -0.0408937 43.7662
-0.0573179 -0.00991017 36.0919
-0.0968247 0.025913 41.3139
-0.0864735 -0.00135407 42.6626
-0.070648 -0.0200508 40.5652
-0.0860296 0.0416473 34.8025
-0.0696087 0.0455327 28.097
-0.0685203 0.00922007 33.2812
-0.0448507 -0.00922224 27.9945
-0.0439907 0.00965992 23.7188
-0.047681 -0.01453 29.4872
-0.0208613 0.0535535 5.63332
-0.00654682 0.344849 -54.5739
-0.191741 0.0387832 109.162
0.00796621 0.407824 -73.5921
0.0282825 0.196874 -45.8546
0.0173203 0.204715 -41.8822
-0.015151 0.105626 -3.8319
0.012795 -0.0835975 14.7554
0.00258703 -0.0756748 19.8815
0 -0.0467601 16.242
0 -0.100452 26.3548
0 -0.0612436 18.6435
-0.00896207 -0.0535228 24.2857
-0.00114659 -0.0367563 15.3308
0.0375547 -0.0814294 -7.94023
-0.0149657 -0.0598633 31.0004
0.00828363 -0.0967836 18.5639
-0.0109758 -0.0324485 23.1572
-0.0116759 -0.0479041 26.8155
-0.0026184 -0.062232 21.4883
-0.0062129 -0.0843956 29.0846
0 -0.0792551 22.3207
-0.015263 -0.0742044 36.3082
0 -0.0467601 16.242
0 -0.0467601 16.242
-0.0283346 -0.0542026 47.0563
0.0976116 0.112693 45.5919
4.62005 -0.0351562 -4927.52
0.118835 0.0393103 10.1792
0.0169807 0.0506446 192.138
-10.5242 -0.0865767 12286.2
0.0837417 0.00845546 -88.9942
0 -0.0174042 13.4175
0 -0.26716 104.804
-5.07305e-06 -0.26716 104.811
0.00686246 0.00185355 62.9307
0.00684783 0.00174647 62.952
-0.030887 0.0827661 19.2581
-0.00323985 0.00199076 63.6849
-0.15138 0.0206502 48.8151
-0.150993 0.0145682 49.8467
-0.0984338 0.0109328 131.769
-0.0864637 0.0222766 39.2764
-0.112571 0.0208268 43.8049
-0.106914 -0.00608547 48.017
-0.0940394 -0.0013229 44.5892
-0.0759366 -0.0264564 43.5599
-0.0465808 -0.0256927 35.9558
-0.101054 -1.162 276.193
-0.149082 0.0131766 60.019
-0.113843 -0.376169 123.341
0.068747 0.21135 -65.8028
0.0278924 0.100937 -28.0764
0.0262647 0.0522074 -18.4617
-0.00464033 -0.0291902 11.2274
0.0933425 0.27314 -94.6971
0.0585329 0.253163 -74.9806
-0.00709753 -0.0383788 13.3679
0.162917 -0.173665 -20.2473
-0.213041 -0.134874 154.195
0.496626 0.0511019 -280.659
0.0254428 0.0162389 -7.72933
0.0376836 0.186972 -49.7736
0.0388032 0.228998 -59.1534
0.0343405 0.292918 -69.48
0.0237301 0.289277 -62.0319
0.0809563 0.191841 -75.4933
0 0.110705 -14.865
0.242885 -0.0615416 -143.948
0.009761 0.663648 -129.4
0.0110816 0.664505 -130.57
0.01129 0.666879 -131.22
0.00910015 0.676022 -131.345
0.00184515 0.693724 -129.014
-0.00882469 0.690965 -119.512
-0.0126944 0.690292 -116.053
-0.0125368 0.68823 -115.773
-0.0558194 -0.0751127 102.475
-0.0174676 -0.0437371 66.1136
-0.0989561 -0.0911867 159.201
0.224867 0.131941 -199.795
-0.0735572 -0.0516972 125.177
0 -0.121187 59.6943
0 -0.121187 59.6943
0.185614 -0.0916094 -129.348
0.1781 -0.0862728 -122.435
0 0.0402018 22.8026
0 0.406007 -55.2428
0.339423 0.660293 -499.197
-0.150927 -0.0582401 224.045
0.0867835 0.145071 -105.129
0.0900332 -0.0553351 -67.741
0.0900332 -0.0553351 -67.741
-0.0266941 0.0842119 18.6995
-0.0267657 0.0842155 18.7024
-0.0272452 0.0843193 18.7029
-0.0199998 0.0157353 61.9393
0.150979 -0.197895 34.9375
0.152317 -0.196679 34.4179
-0.165681 -0.320964 219.492
-0.00386942 0.391232 -82.7644
-0.0276603 0.371043 -73.4543
0.0144394 0.311415 -68.6575
0.011676 0.299398 -64.6409
0.012623 0.350633 -76.6309
0.0223341 0.313621 -70.8331
0.00865247 0.342205 -73.48
0.0148945 0.314751 -69.4637
0.0210125 0.316433 -71.1853
0.0203816 0.285894 -65.0199
-0.000675716 0.321425 -65.2941
0.0152815 0.25853 -57.1116
0.0283264 0.330553 -78.4903
0.0946714 0.24882 -89.0965
0.10323 0.193223 -82.0984
0.0565145 0.213699 -64.8258
0.0933446 0.255975 -92.3878
-0.000207965 0.275331 -48.0971
0.00374457 0.304113 -56.8571
0.0190899 0.294934 -63.2495
0.0693397 0.201145 -71.8861
0.0517289 0.234999 -67.5615
0.0501956 0.258945 -72.2199
0.076241 0.249904 -87.0889
0.108135 0.229625 -102.894
0.0502931 0.196491 -55.3387
0.242129 0.216804 -203.476
-0.00146084 0.197228 -20.5081
0.00620405 0.187919 -24.1507
0.00889924 0.18446 -25.438
0.00904958 0.176575 -23.7635
0.00211612 0.166445 -15.8611
0.343885 -0.00895744 -256.85
-0.0101505 0.349875 -44.8979
-0.00960967 0.356381 -46.8593
-0.0205724 -0.0466332 69.6777
-0.0150758 -0.0408331 63.2185
-0.111914 0.00201845 151.119
-0.129753 0.0128902 166.173
0.148853 -0.0805078 -93.7013
0.150007 -0.0908371 -92.3741
0.0566729 -0.0448279 -7.96733
0.167319 -0.130307 -95.7696
0.151936 -0.119376 -81.5809
0.0639731 0.0652916 -29.0176
0.0639731 0.0652916 -29.0176
0.215994 0.0963015 -235.814
-6.34131e-07 0.0961514 34.312
-1.093 0.4256 1252.69
0.00840696 -0.0129741 48.6784
0.00840696 -0.0129741 48.6784
0.280265 0.170563 -33.0796
0.00729417 0.184953 -30.9492
0.0283182 0.167197 -27.463
0.0551009 0.171298 -29.2243
-0.0603139 0.309594 -54.5325
-0.0580027 0.402732 -77.7677
-0.0189367 0.060818 107.663
-0.032359 0.424397 -85.3304
-0.0596112 0.441686 -85.1474
0.00821509 0.373825 -81.4164
0.0184326 0.340119 -75.6217
0.0565229 0.327731 -82.693
0.0387868 0.342577 -81.9304
-0.00794376 0.366217 -73.7378
-0.00635335 0.336172 -67.4283
-0.0148037 0.316444 -58.9625
0.00401134 0.298467 -60.7545
0.0184086 0.304503 -67.4434
0.0134815 0.330757 -72.0169
0.0641747 0.370195 -102.711
0.0442949 0.362181 -92.0465
0.0640585 0.0768082 -36.0283
0.100094 0.142942 -69.4287
0.0707729 0.316643 -95.7311
0.0274908 0.322263 -74.6054
0.0177466 0.317164 -67.6552
-0.00203791 0.30761 -54.4681
0.267865 0.153832 -179.865
0.0733648 0.198658 -72.8398
0.0775973 0.225092 -81.6016
0.103324 0.246168 -104.219
0.0829419 0.242425 -89.4653
0.057995 0.247717 -73.7006
0.152797 0.0139036 -89.0679
0.140754 0.0200804 -81.7385
0.00385841 0.188006 -22.3622
0.00523608 0.193351 -24.6851
-0.000484788 0.197202 -21.0561
0.0023183 0.201353 -24.3697
0.0713728 0.177872 -71.7911
-0.0012137 0.34327 -51.0991
-0.00211366 0.35487 -53.1941
-0.000367415 0.353962 -54.5469
0.00073088 0.353222 -55.3785
0.00117187 0.352852 -55.7027
0.00117187 0.352852 -55.7027
-0.00667774 -0.17099 85.5412
0.0441957 -0.0552766 7.31803
0.048823 -0.0530476 2.16195
0.225399 -0.112708 -167.256
-0.180359 0.0362229 236.797
0.0160766 -0.0758614 131.563
0.0198868 -0.0890482 130.546
-0.0110679 0.244395 -12.4795
-0.010632 0.250351 -14.4764
-0.00958631 0.254 -16.6198
0.364502 -0.226727 -324.461
0.0124358 -0.134764 80.3322
0.305184 0.195672 -39.8686
0.306673 0.141287 -24.5955
0.302683 0.141602 -24.5297
-0.00888069 0.135779 -11.1379
-0.02983 0.242403 -39.2032
-0.0396241 0.234892 -36.4413
-0.161121 -0.157964 185.45
-0.165339 -0.118165 175.094
-0.0704196 0.440557 -82.7049
-0.0220416 0.42742 -88.1937
0.0694228 0.108184 -27.5875
0.0713044 0.295329 -77.6917
0.046317 0.343204 -82.5324
0.0132362 0.389789 -85.6925
-0.0289532 0.335124 -58.8954
-0.0504749 0.276052 -35.9008
-0.0167385 0.246835 -40.7244
0.0251835 0.266575 -60.1168
0.0823688 0.287111 -88.1479
0.0646024 0.350833 -97.4373
0.0497965 0.336298 -86.06
0.0290272 0.331276 -75.7485
-0.00937877 0.454666 -90.9924
0.0350846 0.396854 -97.1808
0.0294466 0.393562 -93.082
0.035086 0.329369 -80.0621
0.03661 0.318418 -77.7816
0.131259 0.0271434 -48.9006
0.148046 0.231247 -127.959
0.106847 0.244124 -105.258
0.118179 0.258794 -117.234
0.0846678 0.275909 -99.0979
0.0746679 0.281616 -94.3354
0.0540296 0.304208 -86.266
0.0310554 0.157982 -35.0541
0.0230593 0.185037 -36.3009
0.0170956 0.198778 -35.3886
0.0126145 0.21024 -34.9382
0.0105618 0.230386 -38.6785
0.00596503 0.323677 -59.9322
-2.57638e-05 0.396356 -74.3623
-0.00344191 0.451871 -86.3195
-0.00404313 0.493631 -97.0413
-0.00308772 0.524391 -106.22
-0.00133922 0.560216 -117.545
-0.00133922 0.560216 -117.545
-0.00109309 0.56725 -119.683
-0.00109309 0.56725 -119.683
0.136667 -0.0391179 64.445
-0.0187766 0.19238 9.81047
-0.0141529 0.200475 2.64818
-0.0111413 0.212771 -3.9762
-0.00895969 0.226934 -10.2457
-0.0337991 0.344733 -13.4273
-0.00562739 0.249299 -20.0924
-0.00649766 0.253076 -20.0782
0.0193655 -0.0312538 42.6873
0.00551405 0.188924 -16.892
0 -0.0515625 44.937
0.29539 0.136691 -22.8549
-0.00785218 0.0357829 36.1589
-0.000446814 0.170704 -21.1259
-0.00903586 0.201752 -29.691
0.409378 0.238656 -84.6806
-0.0850629 0.19986 -10.3006
-0.0256263 -0.269871 122.445
-0.0304062 0.190578 -16.3102
-0.0135841 0.276541 -45.5711
0.0143625 0.19973 -28.1192
-0.0155972 0.152711 -7.07394
0 0 -1
0.0401271 0.382311 -91.7483
0.161131 0.188765 -68.7834
0.0888739 -0.0632299 16.2098
-0.15384 -0.169672 141.688
0.0896369 0.286639 -91.2526
0.0931093 0.275957 -88.6062
0.0886789 0.307754 -95.796
0.0590048 0.311051 -83.8197
0.0336844 0.31911 -74.9489
0.0364808 0.346676 -83.6021
0.0972075 0.396609 -128
-0.0163995 -0.0660301 60.6013
0.0677905 0.000371798 -5.78365
0.150167 0.0755378 -73.8963
0.127052 0.0263094 -46.5952
0.119922 0.301736 -130.169
0.116046 0.29715 -126.402
0.112339 0.289678 -121.651
0.0799344 0.292978 -100.587
0.0405479 0.299556 -75.3755
0.0772652 0.282154 -96.1092
0.078923 0.26407 -91.413
0.0650797 0.203574 -61.7118
0.057107 0.144039 -37.7163
0.0206882 0.151333 -10.8586
0.00303127 0.144762 5.51659
-0.0092468 0.148837 14.6183
-0.0122408 0.140034 20.0134
-0.0142434 0.224893 -2.99835
-0.00176096 0.111738 19.5137
-0.00266341 0.117497 18.5929
-0.00167678 0.111603 19.4744
-0.00159631 0.111412 19.4532
-0.00142531 0.111088 19.3793
-0.0013868 0.110994 19.3688
0.00564986 0.0353708 178.799
0.0053206 0.0350314 179.243
0.0051205 0.034994 179.47
0.00501661 0.0348984 179.611
0.00501661 0.0348984 179.611
0.00344047 0.116719 5.78222
1.2031e-06 0.154865 150.051
1.2031e-06 0.154865 150.051
0.292884 -0.657635 -75.7489
-0.242732 -0.162762 434.907
0.0101486 0.0203588 40.1313
0.00880268 0.0294995 37.3144
0.00334056 0.0394446 34.7431
-0.0631512 0.103758 18.6604
-0.086296 0.170344 -0.34979
-0.118172 0.182803 -0.679335
-0.0801003 0.218322 -17.3189
-0.0641107 0.199753 -13.8473
-0.0339967 0.181955 -12.8544
-0.00865323 0.187159 -19.3213
-0.0397376 0.160998 -3.6517
-0.0433494 0.12865 7.00142
-0.0234037 -0.616173 243.252
-0.0737327 0.0506895 41.6377
0.111463 0.320254 -93.9597
0.0353621 0.374147 -98.7397
0.0463824 0.38192 -105.484
0.118287 0.331486 -115.707
0.122286 0.313229 -111.206
0.105787 0.331656 -110.307
0.0672858 0.339159 -96.0786
0.0625351 0.347618 -96.7392
0.0845351 0.357707 -110.252
0.120147 0.3862 -136.154
0.10236 0.407381 -133.482
0.0895141 0.354669 -109.977
0.119824 0.0412311 -47.036
0.102129 0.0637771 -43.5847
0.0987096 0.290272 -113.051
0.119474 0.313031 -133.118
0.11527 0.313388 -130.254
0.0685265 0.284905 -90.1465
0.0586797 0.292754 -86.3265
0.0659978 0.26341 -82.4126
0.0776195 0.234212 -82.3655
0.0443547 0.181039 -40.1072
-0.222862 -0.208238 293.383
0.0194396 0.152139 -10.1013
-0.00190191 0.14364 9.95838
-0.00907541 0.134726 18.7358
-0.00176382 0.111754 19.5119
-0.00176765 0.111744 19.5182
-0.00177699 0.111724 19.5321
-0.00173856 0.111665 19.514
-0.00171891 0.111471 19.5543
-0.0017155 0.111319 19.5975
-0.00150602 0.11101 19.4841
-0.00119648 0.110798 19.2348
-0.000703951 0.109306 19.1916
-0.000318272 0.108378 19.0727
0.000243164 0.10731 18.8007
0.000560788 0.106571 18.6821
0.000907589 0.105828 18.5256
0.0010034 0.105425 18.5424
0.0010223 0.105273 18.5678
0.0010223 0.105273 18.5678
0.282157 -0.713382 -46.2943
-0.235669 -0.161767 425.957
0.011498 0.0194141 40.4027
0.0132917 0.0212204 39.7363
0.0273617 0.0215685 38.9369
0.00339843 0.100143 14.8871
-0.0410668 0.177684 -7.04371
-0.080117 0.187727 -6.7949
-0.0668308 0.202784 -13.3252
-0.0361511 0.184695 -14.063
-0.0327255 0.138255 0.397466
0.0157477 0.150721 -13.3542
-0.021711 0.153278 -5.8439
-0.0288089 0.12052 5.75822
-0.0269921 0.123874 4.2189
-0.0183882 0.0974497 10.9868
-0.00604004 0.26841 -50.0257
0.025707 0.366091 -93.1776
0.052398 0.36286 -101.407
0.0770242 0.354688 -107.651
0.120567 0.334643 -117.383
0.0904251 0.329412 -102.537
0.0709304 0.347579 -100.435
0.000504601 0.0518255 -18.3893
0.000504601 0.0518255 -18.3893
0.12712 -0.466302 136.104
0.127635 -0.467792 136.364
0.127045 -0.488572 143.779
0.145509 0.0499986 -64.4717
0.146324 0.0660784 -70.3392
0.141864 0.0451476 -60.4333
0.133336 0.0568448 -59.0363
0.128861 0.0602807 -57.3088
-0.443246 2.26824 -475.546
0.000650964 0.345937 -62.0985
0.019117 0.292431 -57.8681
0.05173 0.270385 -74.1724
0.0253737 0.241814 -44.9155
0.0564834 0.208046 -57.3716
0.78205 0.213324 -638.596
-0.00449156 0.114286 -20.2341
-0.00449739 0.114366 -20.2557
-0.00430523 0.115073 -20.6547
-0.00370855 0.116394 -21.6232
-0.00244935 0.11917 -23.6961
-0.000800182 0.121961 -26.1631
0.0011997 0.124803 -29.0162
0.00376456 0.12769 -32.4758
0.00379935 -0.0655735 183.579
0.00204152 -0.0633693 184.668
-0.000455502 -0.0627535 187.045
-0.00220526 -0.0622275 188.715
-0.00346509 -0.0617988 189.928
-0.00423723 -0.0614734 190.666
-0.00464326 -0.0612551 191.047
-0.00477991 -0.061146 191.166
-0.00477991 -0.061146 191.166
0.279135 -0.218937 -33.4558
0.279198 -0.217351 -34.0518
1.18371e-05 -0.19478 296.577
-0.00986756 -0.253206 142.443
-0.0181566 -0.238072 137.274
-0.0231424 -0.261875 145.92
-0.0386275 -0.656647 286.239
-0.0232999 0.148534 1.85854
-0.0890468 0.17284 -0.370639
-0.120004 0.1613 7.45849
-0.0939476 0.147589 7.49092
0.031045 -0.180899 120.315
-0.277199 0.467373 -56.2727
-0.182388 -0.11196 126.59
-0.0347874 0.17288 -9.60222
-0.0203357 0.185897 -17.9672
-0.00453939 0.211046 -31.2888
0.00210277 0.238114 -43.1383
0.0394655 0.327962 -85.0761
0.0518977 0.272551 -71.9948
0.0834888 0.280882 -86.4996
0.11043 0.260415 -89.5293
0.109406 0.263561 -90.0278
0.0569075 0.147054 -30.8652
0.000504601 0.0518255 -18.3893
-4.17392e-05 2.12214 -719.69
0.0494793 0.102635 -20.0569
0.0421281 0.0953279 -13.6449
0.0274134 0.0823543 -1.07512
0.00774808 0.094132 5.69176
-0.00112595 0.0959197 10.1832
-0.00473633 0.0962133 12.2314
-0.00334585 0.0937296 12.2367
-0.000397865 0.0923223 10.8338
-0.443246 2.26824 -475.546
0.0103684 0.299472 -53.5596
-0.0132179 0.33319 -48.1061
0.0371266 0.278595 -66.186
0.0307266 0.260488 -54.7091
0.00762872 0.227171 -25.2891
0.0205605 0.209177 -29.5088
0.00890842 0.201758 -17.5606
0.00228932 0.192867 -8.88727
-0.00331737 0.180608 0.306519
-0.00625792 0.169537 6.8453
-0.00714373 0.159359 11.2715
-0.00702359 0.150519 14.3117
-0.0066713 0.143646 16.4303
-0.0066233 0.139633 17.8182
0.00331619 -0.0644893 183.67
0.00408858 -0.0660482 183.499
-0.000658357 0.0307897 51.9792
-0.000522763 0.0288823 52.5184
-0.00051401 0.0272669 53.086
-0.000591201 0.0261232 53.5793
-0.000678943 0.0253782 53.9436
-0.000758868 0.024919 54.1986
-0.000809879 0.0246574 54.3512
-0.000838466 0.0245181 54.4347
-0.000850466 0.0244497 54.4735
-0.000855638 0.0244251 54.4886
0.0143264 0.0487373 31.4611
0.0251326 0.098608 12.6758
0.0422701 0.0859975 16.6503
0.0620251 0.123945 1.8031
0.0082533 0.0962119 16.9818
-0.0612128 0.163849 -0.629375
-0.103272 0.188642 -4.46023
-0.089766 0.190492 -6.99074
-0.089766 0.190492 -6.99074
-0.0405044 0.161572 -4.0989
-0.0394792 0.163265 -4.93428
-0.0379957 0.170826 -8.07733
0.13806 0.119662 1.13314
0.108011 0.167763 -7.66904
0.118293 0.131621 2.46132
1.69242e-12 -0.650781 306.423
1.72788e-12 -0.650781 306.423
1.82351e-12 -0.650781 306.423
1.89841e-12 -0.650781 306.423
0 0.128906 2.95703
-0.000952987 -0.71224 329.568
-0.000952987 -0.71224 329.568
-0.000952987 -0.71224 329.568
-0.000952987 -0.71224 329.568
0 0.128906 2.95703
0.00194519 0.0188587 57.1907
0.0019282 0.0326759 52.0834
0.00149166 0.0589587 42.6049
0.000295685 0.0958068 29.6804
-0.00181351 0.140879 14.3047
-0.00435214 0.191514 -2.81466
-0.00667776 0.244885 -21.0433
0.00180548 0.293783 -45.5398
0.000874536 0.291974 -44.2438
0 0.128906 2.95703
0.0235064 0.25438 -46.9919
0.0242083 0.256948 -48.3061
0.0106286 0.202756 -19.3753
0.00459673 0.198455 -12.8494
-0.00353862 0.19099 -3.2542
-0.00950733 0.180361 5.80387
-0.012318 0.169624 12.2415
-0.01286 0.159446 16.4823
-0.0118008 0.150454 18.8173
-0.0101972 0.14324 19.9599
-0.00821024 0.137841 20.025
-0.00604897 0.102385 31.0162
-0.00405056 0.0672633 42.0056
-0.00253468 0.0323188 53.3868
-0.00181291 0.0289248 53.8811
-0.00138093 0.0271948 54.0562
-0.00114781 0.0260553 54.2219
-0.00103339 0.0253327 54.3611
-0.000966807 0.0248896 54.449
-0.000926502 0.0246411 54.4941
-0.000898074 0.024509 54.5093
-0.000882827 0.0244428 54.5154
-0.000875139 0.0244199 54.5145
