0 1 3
1 2 3
2 3 3
3 4 3
4 5 3
5 64 3
7 64 0
7 8 0
8 9 3
9 10 3
10 11 1
11 12 0
12 13 2
13 14 3
14 15 3
15 16 3
16 17 3
17 196 0
24 196 0
24 25 0
25 141 0
141 270 3
88 270 3
88 93 3
93 95 3
95 97 3
96 97 3
96 214 3
96 162 3
114 162 3
114 170 1
170 171 3
57 171 0
265 270 3
88 265 3
57 172 0
171 172 3
24 82 0
25 82 0
204 270 3
21 196 0
204 265 3
13 70 0
21 24 3
12 70 3
77 196 0
78 196 0
24 139 0
1 59 3
17 77 3
0 59 3
13 71 0
14 71 3
1 60 3
2 60 3
4 62 3
21 78 3
3 62 3
7 65 0
8 65 3
21 79 3
24 79 3
59 60 3
3 60 3
4 63 3
5 63 3
9 68 3
10 68 3
10 12 2
70 71 3
0 58 3
3 61 3
8 66 3
77 78 2
79 139 0
58 59 3
60 61 3
61 62 3
62 63 3
64 65 3
9 66 3
9 67 3
75 77 3
66 67 3
67 68 3
15 74 3
16 74 3
82 139 3
25 83 0
57 173 0
65 66 3
82 83 3
83 141 3
172 173 3
14 73 3
88 213 3
71 73 3
17 74 3
17 75 3
78 79 3
141 143 1
143 270 0
93 213 3
109 114 3
63 64 3
15 73 3
109 162 3
68 70 3
10 70 2
199 270 3
199 204 3
73 74 3
74 75 3
143 199 0
213 265 3
95 151 3
97 151 3
110 114 0
71 130 3
73 130 3
110 170 3
97 214 3
109 110 3
70 127 3
79 138 0
138 139 0
70 128 3
71 128 3
75 134 3
77 134 0
97 154 3
60 118 3
61 118 3
78 136 0
154 214 3
96 161 3
161 162 3
59 117 3
79 136 0
60 117 3
68 127 3
77 135 0
78 135 0
83 143 1
64 122 1
65 123 3
66 123 3
171 230 3
172 230 3
58 117 3
65 122 1
66 124 3
82 140 1
171 229 3
61 120 3
62 120 3
123 124 3
139 140 1
93 151 3
170 229 3
229 230 3
63 122 2
67 124 3
68 126 3
63 121 3
79 195 0
151 154 3
58 116 3
62 121 3
67 125 1
74 132 3
134 135 0
136 195 0
83 140 1
116 117 3
124 125 1
206 265 3
122 123 0
128 187 3
71 187 3
138 195 0
199 203 1
206 213 3
117 118 3
121 122 2
67 126 3
130 187 3
75 133 3
135 136 2
140 198 0
143 203 0
120 121 3
126 127 3
73 132 3
74 133 3
118 120 3
127 128 3
83 198 3
157 214 3
125 126 0
204 206 3
154 157 3
96 157 3
170 228 3
132 133 3
151 213 3
162 165 3
109 165 3
110 228 3
228 229 3
83 258 3
143 258 0
204 263 3
130 132 3
133 134 3
206 263 3
161 165 3
173 231 3
172 231 3
120 177 1
122 180 1
139 197 3
198 258 3
118 177 1
123 180 1
134 192 3
135 192 1
140 197 0
230 231 3
116 175 1
117 175 1
126 185 3
127 185 3
128 185 3
133 192 3
203 204 0
121 180 1
130 189 3
130 188 3
132 189 3
117 176 1
123 181 1
126 184 3
184 185 3
187 188 3
116 174 1
118 176 1
120 178 1
121 179 1
180 181 3
124 182 1
125 183 2
126 183 1
128 186 3
135 194 2
143 260 0
174 175 3
177 178 3
178 179 3
181 182 3
182 183 3
186 187 3
188 189 3
136 194 0
138 197 0
203 260 3
176 177 3
179 180 3
183 184 0
185 186 3
192 308 0
138 254 0
198 257 3
213 272 3
194 308 3
194 195 1
195 254 2
197 254 3
143 259 0
175 176 3
133 189 3
133 191 3
258 259 3
191 192 3
197 198 3
213 328 3
157 161 3
204 262 3
206 324 3
213 324 3
203 262 0
262 263 3
272 328 3
197 255 3
198 255 3
259 260 3
185 243 3
194 252 3
154 331 2
188 246 3
189 246 3
257 258 3
324 328 3
157 331 1
194 251 3
154 272 3
110 287 3
228 287 3
251 252 3
154 213 3
110 165 3
184 243 3
206 264 3
182 240 0
251 308 3
264 324 3
272 331 2
181 239 2
181 240 0
184 242 3
185 244 3
186 244 3
187 245 3
188 245 3
189 247 3
195 253 3
253 254 3
231 289 3
180 239 2
183 241 2
186 245 3
245 246 3
133 247 2
191 249 3
203 261 3
230 289 3
243 244 3
133 249 3
261 262 3
230 288 3
174 232 1
175 232 1
175 233 1
176 234 1
177 235 1
178 236 1
179 237 1
180 238 2
239 240 0
183 242 2
194 253 3
255 257 3
260 261 3
263 264 3
229 288 3
288 289 3
233 234 3
234 235 3
235 236 3
236 237 3
237 238 0
238 239 3
240 241 1
242 243 3
244 245 3
194 310 3
246 247 3
253 310 3
133 306 2
254 255 3
232 233 3
247 306 3
252 310 3
249 306 3
255 314 3
241 242 3
161 450 3
229 287 3
191 308 0
157 450 3
257 314 3
165 450 3
191 307 3
255 313 3
287 288 3
254 313 3
258 316 3
165 451 3
110 451 3
243 301 3
307 308 0
257 316 3
246 305 3
254 312 3
257 315 3
244 301 3
245 304 3
246 304 3
247 305 3
249 307 3
310 311 3
253 312 3
312 313 3
313 314 3
314 315 3
315 316 3
110 404 3
287 404 3
233 291 3
244 303 3
245 303 3
253 311 3
264 380 3
404 451 3
232 291 3
239 297 2
242 300 3
243 300 3
263 380 3
232 290 3
234 292 3
235 293 3
236 294 3
237 295 3
238 296 2
238 297 2
241 300 3
308 309 3
251 309 3
287 346 3
288 346 3
290 291 3
291 292 3
292 293 3
293 294 3
294 295 3
295 296 3
296 297 3
240 297 1
244 302 3
304 305 3
311 312 3
259 318 3
328 330 3
272 330 3
240 298 1
301 302 3
305 306 3
252 309 3
258 318 3
260 318 3
261 318 3
288 347 3
289 347 3
241 298 3
300 301 3
316 318 3
302 303 3
303 304 3
313 371 3
262 380 3
264 323 3
323 380 3
297 298 3
330 331 3
450 451 3
306 307 3
318 376 3
262 318 3
323 324 3
241 357 3
300 357 3
307 364 3
306 364 3
262 378 3
157 448 3
346 347 3
318 378 3
378 380 3
331 448 0
298 357 3
308 366 3
448 450 3
307 366 3
309 366 3
376 378 3
296 355 3
297 355 3
310 369 3
324 441 3
324 330 3
302 360 3
252 369 3
311 369 3
314 372 3
315 372 3
330 441 3
292 351 3
293 351 3
293 352 3
294 352 3
303 360 3
304 362 3
305 362 3
315 374 3
292 350 1
300 358 3
301 359 3
305 363 3
306 363 3
316 374 3
318 375 3
291 349 0
292 349 0
350 351 0
357 358 3
302 359 3
316 375 3
346 404 3
290 348 3
291 348 3
351 352 3
294 353 3
295 353 3
296 354 3
297 356 3
303 361 3
303 362 3
364 366 0
309 367 3
404 458 3
353 354 3
298 356 3
360 361 3
361 362 3
366 367 3
252 367 3
451 458 3
348 349 0
301 358 3
363 364 3
355 356 3
372 374 3
374 375 3
346 405 3
347 405 3
349 350 1
352 353 3
359 360 3
362 363 3
312 369 3
330 443 3
323 441 3
330 446 3
331 446 0
354 355 3
252 426 3
314 371 3
450 452 3
367 426 3
452 453 3
358 359 3
375 376 3
443 446 3
369 426 3
369 427 3
371 372 3
356 357 3
426 427 3
312 371 3
369 371 3
451 452 3
371 430 3
350 408 2
404 463 3
346 463 3
349 408 2
351 409 3
353 411 3
356 414 3
360 418 3
372 430 3
381 441 3
446 448 3
350 409 2
352 411 3
357 414 3
359 418 3
361 419 3
364 423 3
366 423 3
369 428 3
349 407 1
352 410 3
362 419 3
363 421 3
371 428 3
371 429 3
348 406 3
348 407 3
408 409 3
354 411 3
358 416 3
358 417 3
359 417 3
361 418 3
362 420 3
364 421 3
364 422 3
367 425 3
428 429 3
429 430 3
376 434 3
330 381 3
448 452 3
458 463 3
405 463 3
406 407 3
407 408 3
351 410 3
410 411 3
355 414 3
416 417 3
419 420 3
420 421 3
421 422 3
422 423 3
425 426 3
375 434 3
409 410 3
357 415 3
417 418 3
366 425 3
330 442 3
354 412 3
414 415 3
358 415 3
375 433 3
381 442 3
442 443 3
411 412 3
355 412 3
378 437 3
410 468 3
411 468 3
427 428 3
433 434 3
380 437 3
323 381 3
418 419 3
372 431 3
374 431 3
374 432 3
323 437 3
430 431 3
375 432 3
376 437 3
381 437 3
414 471 3
431 432 3
452 458 3
458 462 3
355 471 3
452 455 1
455 458 0
456 462 0
412 471 3
415 416 3
432 433 3
434 437 3
443 445 3
455 462 0
445 446 3
462 463 3
462 629 1
462 514 1
417 475 3
418 475 3
452 462 3
416 474 3
366 482 3
425 482 3
440 442 3
440 443 3
462 519 1
411 469 3
417 474 3
418 476 3
468 469 3
471 472 3
414 472 3
415 473 3
419 476 3
428 486 3
429 486 3
406 464 3
407 465 3
408 465 3
408 466 3
409 468 3
412 470 3
414 473 3
419 478 3
420 478 3
420 479 3
421 479 3
422 480 3
423 480 3
433 492 3
462 517 1
464 465 3
409 466 3
409 525 3
412 469 3
473 474 3
474 475 3
475 476 3
479 480 3
427 486 3
432 492 3
440 445 3
465 466 3
468 525 3
469 470 3
472 473 3
478 479 3
423 481 3
425 483 3
427 485 3
480 481 3
482 483 3
434 492 3
466 525 3
470 471 3
485 486 3
452 625 1
476 478 3
423 482 3
426 483 3
486 489 3
491 492 0
462 625 1
462 628 1
481 482 3
430 486 3
628 629 0
431 492 3
492 548 1
435 437 3
478 535 3
430 489 3
431 489 3
435 492 3
435 436 3
476 535 3
436 551 1
426 485 3
489 492 3
437 492 3
491 548 3
436 437 3
437 439 3
381 439 3
489 548 1
492 550 1
476 534 3
491 550 3
492 551 2
465 523 3
473 531 3
474 531 3
534 535 3
485 542 0
466 523 3
469 528 3
470 528 3
483 542 0
481 540 0
482 540 0
426 542 0
550 551 3
381 440 3
464 522 3
468 526 3
469 527 3
471 528 3
478 536 3
479 536 3
489 547 1
491 549 3
439 440 3
462 572 1
522 523 3
472 530 3
472 531 3
475 534 3
481 539 3
483 540 0
485 543 3
485 602 2
486 602 1
489 545 1
468 527 3
539 540 0
527 528 3
535 536 3
480 539 3
540 542 3
543 602 3
489 602 1
548 549 3
471 530 3
530 531 3
475 533 3
542 543 3
549 550 3
533 534 3
480 597 0
539 597 2
541 542 3
445 447 3
446 447 3
466 582 3
479 595 3
480 595 3
447 448 3
525 582 3
526 527 3
474 532 3
536 595 3
523 582 3
528 529 3
471 529 3
531 532 3
436 439 3
525 526 3
529 530 3
475 532 3
540 541 3
447 452 3
532 533 3
595 596 3
480 596 2
547 548 3
551 609 3
535 593 0
548 606 3
549 606 3
536 594 3
532 591 0
533 592 0
534 592 0
534 593 0
536 593 3
436 609 1
532 590 0
533 591 0
527 585 2
528 585 2
530 587 0
592 593 3
594 595 3
596 597 3
549 607 3
439 497 3
529 587 0
532 589 0
591 592 3
606 607 3
550 609 2
436 610 1
497 615 1
530 589 0
531 589 0
589 590 3
542 600 3
543 600 2
489 604 1
550 607 3
609 610 3
439 612 1
440 497 3
522 580 0
523 581 0
525 583 2
526 585 2
528 587 0
590 591 3
593 594 3
489 605 1
452 624 1
580 581 1
582 583 0
539 598 2
540 598 3
543 601 3
604 605 3
547 605 3
585 587 0
587 589 3
542 599 3
547 606 3
607 609 3
526 583 2
526 584 2
540 599 3
601 602 3
436 612 1
463 869 3
585 586 0
598 599 3
599 600 3
600 601 3
624 625 2
581 582 1
584 585 1
586 587 0
597 598 3
605 606 3
447 624 1
447 625 1
583 584 3
589 646 2
602 662 3
489 662 1
436 669 1
604 662 3
497 612 1
610 669 3
609 666 3
602 660 3
660 662 3
612 669 3
440 447 3
607 666 3
581 640 2
582 640 0
587 645 3
645 646 3
592 650 3
605 663 3
606 663 3
586 645 0
606 664 3
586 643 0
586 644 0
593 650 3
663 664 3
583 641 2
584 641 2
585 643 0
644 645 3
589 647 2
590 647 3
591 650 3
596 655 3
597 655 3
601 659 2
447 497 3
447 462 3
582 641 0
643 644 3
594 653 3
595 653 3
596 653 3
601 658 3
602 659 2
609 667 3
609 668 3
610 668 3
615 674 2
497 674 1
580 638 1
581 639 2
584 643 2
594 652 3
598 655 3
599 657 3
600 658 3
638 639 3
584 642 2
646 647 3
652 653 3
600 657 3
659 660 3
666 667 1
640 641 0
641 642 3
642 643 3
590 648 3
605 662 3
497 728 1
639 640 3
655 713 3
657 658 3
658 659 0
607 664 3
668 669 3
612 728 3
591 649 3
599 655 3
647 648 3
590 649 3
667 668 3
648 649 3
649 650 3
653 655 3
655 657 3
594 650 3
652 710 3
669 728 3
653 713 3
653 712 3
644 646 3
655 714 3
657 714 3
660 719 3
662 663 3
664 666 3
462 869 3
712 713 3
664 722 3
650 709 3
648 706 3
594 709 3
594 710 3
657 715 3
658 715 3
666 722 3
666 724 1
662 719 3
662 720 3
667 724 2
667 725 3
727 728 3
728 788 3
638 696 2
640 698 2
642 700 3
644 702 3
650 708 3
652 712 3
663 720 3
722 724 1
669 727 3
497 788 1
639 696 2
641 698 3
642 699 3
643 700 3
646 702 3
649 707 3
650 707 3
708 709 3
724 725 2
641 699 3
643 701 3
644 701 3
648 707 3
719 720 3
668 727 3
639 698 2
700 701 3
647 705 3
663 722 3
646 703 3
707 708 3
709 710 3
639 697 2
701 702 3
648 705 3
714 715 3
659 717 1
660 717 1
696 697 3
697 698 3
698 699 3
646 705 3
706 707 3
710 712 3
663 779 3
668 725 3
702 703 3
659 715 1
699 700 3
705 706 3
713 714 3
715 717 3
660 776 1
717 776 3
719 776 3
720 779 1
724 781 2
728 787 3
710 768 3
722 781 1
725 784 1
668 784 1
727 786 3
728 786 3
787 788 3
722 779 3
712 769 3
712 768 3
786 787 3
703 705 3
768 769 3
727 784 3
715 774 3
703 762 3
705 762 3
714 773 3
717 774 3
724 782 3
725 782 1
708 766 3
713 771 3
698 756 3
707 766 3
714 771 3
719 777 3
727 785 2
785 786 3
697 756 3
709 766 3
720 777 1
699 758 3
701 759 3
706 764 3
712 771 3
715 773 3
720 778 1
778 779 3
781 782 3
700 758 3
700 759 3
702 759 3
707 765 3
765 766 3
712 770 3
717 775 3
779 780 0
722 780 3
725 783 3
696 754 0
697 755 3
699 756 3
702 760 3
703 760 3
703 761 3
705 763 3
705 764 3
709 767 3
710 767 3
780 781 1
782 783 0
783 784 1
754 755 1
755 756 3
761 762 3
762 763 3
767 768 3
769 770 3
775 776 3
763 764 3
706 765 3
766 767 3
774 775 3
776 777 3
784 785 2
497 965 1
447 965 1
758 759 3
760 761 3
771 773 3
773 774 3
777 778 3
764 765 3
770 771 3
756 758 3
759 760 3
758 815 3
497 847 1
756 815 3
788 847 2
773 831 3
447 913 1
767 826 3
768 826 3
771 829 1
773 829 3
913 965 0
760 819 3
761 819 3
764 822 3
765 822 2
766 824 3
781 839 3
785 842 3
756 814 3
762 819 3
767 824 3
773 830 3
775 833 3
777 835 1
779 837 3
780 837 1
780 839 1
782 839 2
782 840 3
786 845 3
787 845 3
814 815 3
762 820 3
770 829 1
830 831 3
776 833 3
778 837 3
783 841 3
784 841 0
755 814 3
758 816 3
759 817 3
763 820 3
769 826 3
770 828 1
829 830 3
773 832 3
774 832 3
774 833 3
784 842 3
785 844 1
786 844 1
759 816 3
819 820 3
765 824 3
769 827 3
770 827 3
828 829 3
778 835 1
839 840 3
965 1028 1
913 1028 0
462 864 1
864 869 0
754 812 1
755 813 3
815 816 3
822 823 3
765 823 3
831 832 3
832 833 3
778 836 3
780 838 1
782 841 0
844 845 2
788 845 3
497 906 1
812 813 3
813 814 3
816 817 3
763 821 2
823 824 3
776 835 1
835 836 0
836 837 3
837 838 1
838 839 3
840 841 0
841 842 3
847 906 0
906 965 2
764 821 2
826 827 3
821 822 3
827 828 1
820 821 0
785 901 1
844 901 0
447 856 1
759 819 3
824 826 3
842 901 1
856 913 1
845 847 2
833 892 3
776 892 3
827 884 3
835 892 3
845 904 3
847 904 3
447 915 1
462 917 1
817 819 3
826 884 3
845 903 3
856 915 1
447 917 1
816 875 3
817 875 3
826 883 3
869 923 1
817 876 3
819 876 3
824 883 3
447 916 1
864 923 1
462 923 1
819 877 3
856 914 1
915 916 3
916 917 3
462 918 1
815 873 3
820 877 3
822 880 3
823 880 3
823 881 3
830 888 3
832 890 3
841 900 1
842 900 1
903 904 3
913 914 3
917 918 3
462 919 1
816 873 3
821 879 1
880 881 3
831 888 3
839 897 3
844 903 2
918 919 3
822 879 2
831 890 3
833 890 3
838 897 3
840 897 3
812 870 3
813 871 3
876 877 3
820 879 2
824 882 3
827 885 3
828 886 3
829 887 3
831 889 3
833 891 3
835 893 3
836 894 1
837 895 1
838 896 3
840 898 3
841 899 1
900 901 0
844 902 0
870 871 3
814 871 3
814 872 3
815 872 3
820 878 3
879 880 2
881 882 3
882 883 3
883 884 3
884 885 3
885 886 3
886 887 3
887 888 3
888 889 3
889 890 3
890 891 3
891 892 3
892 893 3
893 894 3
894 895 3
895 896 3
896 897 3
897 898 3
898 899 3
899 900 3
901 902 1
902 903 3
462 920 1
923 924 3
869 924 1
875 876 3
878 879 2
914 915 3
919 920 3
872 873 3
877 878 3
847 963 2
869 925 1
871 872 3
924 925 3
904 963 3
906 963 3
462 979 1
869 927 1
873 875 3
920 979 3
923 979 3
925 927 3
965 1023 1
927 984 3
1023 1028 0
925 984 3
873 932 3
875 932 3
923 981 3
913 971 3
924 981 3
971 1028 1
914 971 3
917 975 3
916 975 3
918 975 3
923 980 3
876 934 3
877 934 3
979 980 3
877 935 3
880 938 1
885 943 3
886 943 3
980 981 3
872 931 3
873 931 3
878 935 3
879 938 1
881 938 1
903 962 3
904 962 3
871 929 3
875 934 3
878 937 3
879 937 3
884 943 3
902 961 3
903 961 3
927 985 3
870 928 3
872 929 3
875 933 3
934 935 3
881 939 1
882 940 1
883 941 1
884 942 3
886 944 3
886 945 3
887 945 3
888 946 3
889 947 3
890 948 3
891 949 3
892 950 3
893 951 3
894 952 3
895 953 3
896 954 3
897 955 3
898 956 3
899 957 3
900 958 1
901 959 1
902 960 3
906 964 3
914 972 3
915 973 3
916 974 3
918 976 3
919 977 3
920 978 3
924 982 3
925 983 3
984 985 3
928 929 3
932 933 3
933 934 3
937 938 3
938 939 3
939 940 3
940 941 3
941 942 3
942 943 3
945 946 3
946 947 3
947 948 3
948 949 3
949 950 3
950 951 3
951 952 3
952 953 3
953 954 3
954 955 3
955 956 3
956 957 3
957 958 1
958 959 3
959 960 0
961 962 3
971 972 3
972 973 3
973 974 3
974 975 3
976 977 3
977 978 3
978 979 3
981 982 3
982 983 3
983 984 3
931 932 3
943 944 3
964 965 2
960 961 3
975 976 3
944 945 3
962 963 3
963 964 3
878 994 3
872 988 3
935 994 3
937 994 3
929 988 3
931 988 3
963 1020 3
962 1020 3
1028 1029 3
971 1029 1
934 992 3
943 1001 3
933 992 3
961 1020 3
963 1022 3
965 1022 1
935 992 3
938 996 3
939 996 3
942 1001 3
944 1001 3
964 1022 3
928 986 3
929 987 3
931 989 3
932 990 3
933 991 3
935 993 3
937 995 3
937 996 3
939 997 3
940 998 3
941 999 3
942 1000 3
944 1002 3
945 1003 3
946 1004 3
947 1005 3
948 1006 3
949 1007 3
950 1008 3
951 1009 3
952 1010 3
953 1011 3
954 1012 3
955 1013 3
956 1014 3
957 1015 3
958 1016 0
959 1017 0
960 1018 3
961 1019 3
972 1030 1
973 1031 1
974 1032 1
975 1033 1
976 1034 1
977 1035 1
978 1036 1
979 1037 1
980 1038 1
981 1039 1
982 1040 1
983 1041 1
984 1042 1
985 1043 1
986 987 3
987 988 3
988 989 3
989 990 3
990 991 3
991 992 3
992 993 3
993 994 3
994 995 3
995 996 3
996 997 3
997 998 3
998 999 3
999 1000 3
1000 1001 3
1001 1002 3
1002 1003 3
1003 1004 3
1004 1005 3
1005 1006 3
1006 1007 3
1007 1008 3
1008 1009 3
1009 1010 3
1010 1011 3
1011 1012 3
1012 1013 3
1013 1014 3
1014 1015 3
1015 1016 3
1016 1017 3
1017 1018 3
1018 1019 3
1022 1023 3
1029 1030 3
1030 1031 3
1031 1032 3
1032 1033 3
1033 1034 3
1034 1035 3
1035 1036 3
1036 1037 3
1037 1038 3
1038 1039 3
1039 1040 3
1040 1041 3
1041 1042 3
1042 1043 3
1019 1020 3
