-0.0717134 0.0691582 21.7289
-0.0736097 0.0717646 21.7587
-0.066096 0.0755204 21.2347
-0.0363754 0.0708812 19.0698
-0.0355381 0.0488937 19.2727
-0.0300424 0.0361802 18.8259
0.0261746 0.00074251 12.2483
0.00597309 0.0849443 22.5353
0.0409976 -0.0906398 13.681
-0.0194438 -0.0860056 25.7471
-0.106617 -0.0735437 44.0468
0.0458975 0.0734542 11.5135
0.062448 -0.188568 4.10685
-0.0326191 -0.0534302 30.9343
0.0256987 -0.0455437 11.5573
0.0431307 -0.0808312 6.18827
0.108542 -0.0757472 -15.8411
0.131886 -0.0630167 -25.0351
0.170062 -0.0885722 -39.8544
0.00179187 0.0182285 30.7072
0.00779277 0.00178796 28.166
0.0144217 0.0297128 24.1687
-0.0217434 0.0189635 41.2251
0.0348512 0.0319571 13.8928
0.0200798 0.0363602 21.4887
0 0.33238 19.9323
-0.0772665 0.254865 55.4482
-0.00865232 0.0117524 20.8549
0.00975749 0.326636 13.974
0 0.246549 20.1939
0 0.246549 20.1939
-0.0447492 0.410169 54.8624
0.0425711 0.405833 -9.97934
0 0.942871 15.6323
0 0.459754 19.9278
-0.0064517 0.277643 25.0412
-0.0447492 0.410169 54.8624
0 0.246549 20.1939
-0.00290076 0.0669937 89.5038
-0.224609 -0.0449219 277.382
0.0155525 0.294199 6.49148
-0.0116058 0.347047 30.3276
-0.00103862 0.211055 21.2363
0.0103245 0.374384 10.2357
-0.0317905 0.380143 50.4733
-0.0409694 0.447522 60.0486
-0.00717729 0.379824 27.1238
-0.1234 -0.0425211 203.58
0.188072 -0.171518 -116.787
7.35225e-07 -0.0381185 79.9794
-0.00953502 -0.0416921 90.3408
0.00606481 -0.0429696 73.2316
-0.0120125 -0.00418773 93.4904
0.00244197 -0.0354025 77.1524
0.00470262 -0.028735 74.4204
1.2031e-06 0.0286273 79.7983
-0.00740602 -0.0409435 88.9928
0.0208034 0.0109254 54.1246
-0.0702658 0.0689277 21.705
-0.0709974 0.0695699 21.7043
-0.0698025 0.0694393 21.6406
-0.0628982 0.0699622 21.1475
-0.0499172 0.0587042 20.3883
-0.0310156 0.0426207 18.7925
0.00649152 0.0031111 14.5485
0.0687216 -0.0564867 7.91483
0.06174 -0.0712535 9.34314
0.0120281 -0.0709662 19.6087
-0.0398461 -0.0319965 28.4973
-0.0316061 0.0518099 23.0287
-0.0115313 -0.00439436 19.7073
0.0137385 -0.0109785 12.2797
0.0585406 -0.0857695 0.944658
0.0518282 -0.0934297 3.72224
0.0800035 -0.133157 -4.89685
0.095225 -0.171776 -9.0578
0.183454 -0.0774685 -45.123
0.198511 -0.0830671 -51.227
0.0205606 -0.0278541 23.0712
0.020335 0.0310588 21.637
0.418749 0.113237 -170.443
-0.439164 0.0676913 227.675
-0.0119724 0.00895111 12.5947
-0.0146574 -0.00261395 14.3884
-0.0461943 -0.0609024 44.3486
-0.323227 -0.291163 211.938
-0.0118829 0.0251359 10.5852
0 -0.104148 7.02125
-0.0125405 0.00569718 13.0676
0 -0.757762 33.1784
0.0462603 0.130067 -34.5708
0 0.237996 -5.52131
-0.0125301 0.0202485 11.4311
-0.00334945 0.00130599 6.05739
0 0.237996 -5.52131
0.00925499 -0.00489676 -4.18838
0.0171921 -0.00129062 -11.2935
0.0136049 0.00239549 -8.01557
0.239192 -0.125469 -187.03
0.00242843 0.153802 10.1163
0 0.151876 12.3424
0 0.151876 12.3424
-0.00376313 0.155209 15.8678
-0.000938957 0.15252 13.2473
0 0.170121 11.8544
0.0187918 -0.238048 60.4222
0.00656495 -0.20155 72.4139
0 0.144381 12.6347
0 0.144381 12.6347
0.0394745 0.00544149 -34.629
0.0375543 -0.0479852 -28.2387
0 0.17172 11.8
0.00812277 0.154278 2.78018
-0.00639885 0.163928 19.7005
0.0323057 0.0075549 -26.9709
0.0118503 0.150332 -2.19393
-0.0698514 0.0688676 21.6986
-0.0694692 0.069565 21.6489
-0.0679528 0.0670426 21.666
-0.0667691 0.0673006 21.5696
-0.0619719 0.0646631 21.2915
-0.0566035 0.0590567 21.0356
0.379104 -0.0540411 -29.5783
0.0623495 -0.0604594 8.98085
0.0606013 -0.0572438 9.20212
-0.0806139 -0.045267 51.8088
-0.0471063 0.0188044 28.3583
-0.0206874 0.000261998 23.303
-0.0209379 -0.00174868 22.88
-0.0514703 0.00303848 30.6911
0.00304588 -0.0267142 15.0411
0.0219082 -0.107532 13.5107
0.033793 -0.136895 10.9997
0.0063781 -0.134677 21.2914
-0.00826981 -0.19677 31.1813
0.0473148 -0.362336 9.07942
0.395183 -0.271236 -146.736
-0.103028 0.0938551 60.4618
-0.0341627 0.245659 16.9491
-0.0191809 3.68743e-05 16.4452
0.111373 -0.428506 -13.728
-0.0110473 -0.00191823 12.3078
0.0296517 -0.0656581 -3.88898
0.0385819 -0.166192 3.79459
0.0267675 -0.263201 16.9948
0.0246072 0.31694 -21.3719
-0.00666167 0.0181689 7.70621
0 0.194571 0.814827
0 0.194571 0.814827
-0.0102594 0.0301222 9.50985
-0.0120749 0.0184681 10.4547
0.00711136 -0.00753453 -2.13665
0 -0.153511 8.81412
0.375671 -0.00379418 -303.913
0.00781813 0.00868398 -2.976
0.0036897 0.0208443 -1.19798
0.121247 0.0165441 -89.2162
0.0123739 -0.00725807 -6.14393
0 0.0519176 0.36527
0 0.0519176 0.36527
0.0121778 0.00855874 -9.10129
0.0210913 -0.00541091 -14.8087
0.0276639 -0.000296671 -21.8021
0 0.0653158 -0.237646
-0.00706204 0.0607968 7.35262
0.0314184 -0.0134596 -24.7428
-0.00618845 0.0624646 6.63247
0 0.0519176 0.36527
0 0.0519176 0.36527
0.00278229 0.0541787 -2.94863
0.0308062 -0.0791197 -18.256
0.00822011 -0.083084 8.3351
-0.0138272 -0.0805906 34.3869
-0.0207544 -0.0830229 42.8042
0.00435351 -0.0243238 32.5817
0.00431032 -0.0238917 32.554
0.00368128 -0.02302 32.522
0.0020052 -0.0220841 32.5713
-0.00119925 -0.0200648 32.7046
-0.00580838 -0.018175 33.0703
-0.0114915 -0.0173751 33.766
0.00128191 -0.0951121 37.9507
-0.0326129 -0.174085 49.86
-0.0810964 -0.232422 63.9164
-0.1288 0.092602 42.6679
-0.0563368 0.0258515 29.8343
-0.0390831 0.0182214 26.4002
-0.0502296 0.0128983 29.9488
-0.0611151 0.020316 32.0808
-0.0179953 -0.024846 21.6922
0.00781052 -0.107674 18.6925
-0.0129761 -0.113023 27.5329
-0.0344774 -0.136658 37.2692
0.0177549 0.0071107 -2.86034
-0.00852935 0.00535972 8.3388
-0.161899 -0.0347826 84.8514
0.00574115 0.0169842 -0.241386
-0.00628535 -0.0218565 10.4157
-7.56932e-05 -0.000344592 5.4877
-0.00440054 -0.0125889 8.30771
-0.0300576 -0.243168 43.3058
-0.0279603 0.01784 20.5227
0.00757876 0.0391901 -2.58613
0.0780284 -0.0854755 -33.6128
-0.00414301 -0.0125232 8.20897
0.0387231 -0.0354687 -8.2404
-0.0155041 0.0028198 15.648
-0.0201312 0.0244977 16.2157
-0.0122535 0.00591142 11.6789
0.000426524 0.0168807 0.812999
0.0321805 -0.361826 2.38873
0.0228615 0.0543698 -20.9408
-0.00402936 0.025514 4.1991
-1.02307e-05 0.00128265 3.61835
0.0128394 0.000812836 -7.20174
0.286506 0.0152444 -245.353
-0.0126435 -0.31682 48.3247
0.03082 -0.154717 -5.22542
-0.0298304 -0.182556 54.4832
0.0220953 -0.284739 12.2252
0.0170532 -0.13412 5.08897
-0.0229726 -0.155416 47.2273
-0.00489323 -0.132212 27.1969
0 -0.306315 35.7862
0.0258643 -0.179093 -2.92965
0.0399856 -0.195536 -18.0049
0 -0.127877 21.7031
0.00174045 -0.318325 34.7637
0.0305914 -0.0730773 -18.4107
0.0227263 -0.0806674 -8.67248
-0.0110605 -0.0763496 30.9523
-0.0199714 -0.0791046 41.5854
-0.00181131 0.0183424 41.4935
0.00831714 0.00534999 42.6153
-0.000627588 -0.024458 46.1728
-0.0256038 -0.0480578 50.2273
-0.0523149 -0.0686807 54.5075
-0.065463 -0.0882429 57.7452
-0.0481297 0.353814 6.97492
-0.0528054 0.262815 16.4866
0 0 -1
-0.154552 -0.00650362 59.926
-0.175422 0.0439694 58.707
-0.116698 0.0514238 43.3414
-0.0685282 0.0542643 31.2656
-0.0615549 0.0278896 32.0395
-0.0673207 0.0124877 35.2941
-0.0911854 0.0134499 43.0291
-0.0761536 -0.0367977 42.6377
-0.046647 -0.0916889 37.131
-0.0327265 -0.112025 34.7138
0.043679 0.0270399 -16.1165
-0.0195497 0.00981205 14.348
-0.00585414 -0.0137233 9.5306
0.015103 0.0241695 -4.59626
0.00349983 0.0286946 0.724616
-0.0368786 -0.00627946 25.8967
-0.00769214 -0.000465112 8.76665
-0.00570657 0.00394411 8.90452
-0.016796 -0.0346346 19.2692
0.0397695 -0.0722033 -11.3561
-0.0163079 -0.103685 26.2576
-0.0195059 -0.0262334 19.3014
0.001019 -0.0231721 5.55511
-0.00265114 -0.0273029 8.83287
-0.0130637 0.00537862 13.5378
0.259115 -0.0234375 -177.822
-0.0712568 -0.0331224 74.2656
0 -0.0419796 8.65247
0.00723822 -0.0319355 1.79729
-0.0118692 -0.00403357 12.8907
-0.0576657 -0.0940277 77.9377
0.0152748 0.0174573 -9.30623
0.131266 0.0284455 -108.965
-0.00810501 -0.197232 35.7608
0.00834232 -0.139236 14.5691
0 -0.212939 29.7952
0.00927751 -0.195869 19.0336
-0.015065 -0.167211 40.4319
-0.0147096 -0.137009 37.3464
0.0020948 -0.215302 27.8244
0.00526254 -0.126992 15.51
0 -0.133996 21.8574
0.0134031 -0.143834 7.96853
0 -0.194759 28.0845
0 -0.166408 25.3098
0.0774794 -0.153358 -68.2145
0.0173519 -0.066567 -3.80721
0.00471208 -0.0760867 11.9531
-0.0101446 -0.0704883 29.3014
-0.0138295 0.0252373 40.9592
-0.0125329 0.0175287 41.8907
-0.0288665 -0.0363833 49.1355
-0.0519584 -0.0604812 53.7158
-0.0829484 -0.0725511 57.9648
-0.0949972 -0.0870982 61.0389
-0.112986 -0.0979532 64.6758
-0.166925 -0.12576 76.4854
-0.158017 -0.0731448 67.2718
-0.150403 -0.0751877 66.9529
-0.147692 0.00670198 56.0555
-0.112978 0.0322776 45.4678
-0.0849594 0.0288014 38.2115
-0.0797128 0.0193692 38.2391
-0.0667885 0.00956753 35.52
-0.0806187 0.00790619 40.2434
-0.0899257 0.00587096 43.0329
-0.097422 -0.0649419 54.1709
0.011946 0.0121918 -1.49922
0.0359063 0.018909 -12.1524
-0.0287347 0.00651068 16.8158
-0.0106974 -0.00685721 10.0324
0.0191609 -0.00754585 -3.14359
-0.0152666 0.011916 13.188
-0.0363307 -0.011628 26.585
-0.0257183 -0.0301779 21.9907
-0.00289157 -0.0479668 11.389
0.000595583 -0.0637722 11.5254
-0.00772107 -0.0602167 15.8699
0.00809637 -0.096035 10.7865
0.160488 -0.0509025 -88.9525
0.161599 0.0582991 -101.914
-0.0918713 -0.0421073 73.0758
0.00959669 -0.0311635 -0.515862
0.0134469 -0.00783013 -5.31937
-0.00224121 -0.0432753 10.4465
0 -0.00996288 7.17577
0.00713199 0.0384979 -4.69422
0.016034 0.00334338 -8.63665
0.187885 0.0756009 -162.773
0.0315004 -0.0219489 -18.0814
0.0675074 0.120876 -64.2184
-0.0352768 0.193728 20.3514
-0.0336734 0.13314 26.158
-0.0237037 0.11516 18.9522
-0.0458863 -0.198603 91.8422
0.0174126 0.152029 -25.6445
0.0201624 0.153477 -29.0761
-0.0603719 0.222442 47.4701
0 0.0563089 3.63241
0.00799851 0.121559 -4.50874
-0.118996 0.0521127 142.371
0 0.29384 -18.1334
0 0.266992 -15.1404
0.141249 -0.0623908 -136.124
0 -0.0771662 33.2174
0.0017264 -0.0516093 12.4601
0.00086135 -0.064726 15.2415
-0.0358789 0.0233567 41.5615
0.391251 0.349846 -28.3708
-0.000550006 -0.720566 148.889
-0.062705 -0.0589372 54.1956
-0.106733 -0.0806642 61.4581
-0.10414 -0.0768262 60.7455
-0.106108 -0.0947478 63.0055
-0.127117 -0.0810986 64.5984
-0.15569 -0.0741847 67.6018
-0.118812 -0.0343571 55.3903
-0.125002 -0.0113075 53.7682
-0.10604 0.00410212 46.7835
-0.0756721 0.00850968 38.591
-0.0909627 -0.00492699 44.6587
-0.0683811 -0.00106731 37.3841
-0.0990024 -0.00312092 47.886
-0.0937985 -0.00716747 46.4345
-0.316687 -0.0261586 131.535
-0.0202807 0.0168652 10.7622
0.0459199 0.0210632 -16.5348
-0.0856354 0.0102253 42.1828
-0.0386341 0.00827141 21.2635
0.0361426 -0.0498483 -5.26562
-0.0102275 -0.0401693 15.377
-0.0349783 -0.0410987 28.0832
-0.0158982 -0.0613672 20.6569
-0.0136714 -0.0491742 17.5989
-0.000144196 -0.0463883 8.63106
0.00877226 -0.0306233 0.750255
-0.329427 -0.361328 256.449
-0.000350071 -0.0335868 7.38388
-0.0108744 -0.0397998 15.1202
-0.00213037 -0.036837 8.81518
0.0181752 -0.0265485 -7.25393
-0.00243253 -0.0382932 9.54158
-0.00966296 -0.0596755 18.4514
-0.0414465 -0.314877 79.5647
0.0344065 -0.32127 20.0552
0.00488265 -0.325807 44.5295
0.0793007 -0.0126953 -63.1162
0.214444 0.00441202 -177.832
0.358461 -0.217084 -278.015
-0.0259797 0.00570714 34.2635
0 0.0666747 2.1915
0.0207941 -0.190216 16.5443
0.0157426 0.0614673 -12.4779
0 0.0682873 1.9624
-0.0268996 -0.18159 62.9654
-0.00307534 0.067871 5.23966
0 0.0682873 1.9624
0.0174734 0.0667075 -16.7508
0.0215275 0.0604172 -20.9666
0.00657699 0.0746102 -6.36598
0.00910678 0.084235 -10.7325
0 0.0642566 2.71383
-0.0396172 0.101824 43.4472
0.0102792 -0.0500781 2.33052
-0.00230893 -0.0416562 15.3826
-0.0660708 0.0458129 38.6592
-0.0725898 0.041406 39.5594
-0.0951141 0.0213467 43.9758
-0.130239 -0.00402537 50.1471
-0.112778 -0.0573106 57.8348
-0.125812 -0.0751386 61.9142
-0.0986956 -0.0631157 56.7661
-0.123013 -0.0791482 63.1556
-0.126873 -0.0474505 58.5989
-0.113212 -0.0488954 56.3514
-0.104609 -0.0294761 51.5642
-0.0993753 -0.0196228 48.6307
-0.0764353 -0.00552575 40.5998
-0.0895794 -0.00581534 44.0734
-0.0693845 -0.022522 40.6864
-0.0943582 -0.0227989 48.9311
-0.0822688 -0.00562134 42.0117
-0.106392 0.0266365 45.6081
-0.0989397 0.0739909 34.1802
-0.00862894 0.0572753 0.530883
-0.0514038 0.0291734 25.4374
-0.0414844 0.0311554 18.751
-0.0223531 0.00190837 14.6291
-0.0416203 -0.0164777 27.5182
-0.0305529 -0.0046703 19.2541
-0.010836 -0.00488395 8.61694
0.00391928 -0.00816933 0.853567
0.00309098 0.00398775 -1.01127
0.000663139 -0.00796748 2.27793
-0.0110016 -0.0134539 11.233
0.00201322 -0.0177593 3.16754
0.00245257 -0.0180363 2.82974
-0.00240695 -0.0352705 8.62565
0.00895971 -0.0238757 -0.600815
0.0116603 -0.0304212 -1.20987
0.0249575 -0.0298091 -11.8636
0.0211771 -0.0353877 -7.91261
0.0133738 -0.0378387 -1.11753
0.00115345 -0.0572427 11.4687
0.00902038 -0.0330495 1.6684
0.00473286 -0.0307585 5.11699
0.00541042 -0.0293789 3.95297
0.00453326 -0.0241691 3.60989
0.0147477 0.102545 -29.004
0.0167506 -0.0230693 -8.58298
0.0168577 -0.0298038 -7.5936
0.00685378 -0.0300369 2.64062
0.00685378 -0.0300369 2.64062
0.0952984 -0.169032 -24.9595
0.352973 0.210228 -359.259
0.211583 0.393016 -241.817
0.00117124 0.151703 22.2453
0.00450368 -0.0374598 6.84089
0 0.16907 20.5601
0.0100776 -0.0657515 49.4116
-0.159594 -0.107879 274.767
0.00393662 -0.0352743 6.89033
0.00195041 -0.0399046 10.1508
-0.0835049 0.0486798 38.4664
-0.0909151 0.030004 42.1236
-0.107538 0.0221566 44.408
-0.139319 0.0174396 46.8126
-0.117519 0.010278 45.8929
-0.0982143 0.00172814 45.4013
-0.107459 -0.000799175 46.7635
-0.118018 -0.01317 50.863
-0.104222 0.00749613 44.5696
-0.112262 0.00220248 47.1698
-0.101616 0.00966306 43.7104
-0.0739764 0.0224172 34.6816
-0.0753072 0.0433905 31.5556
0 0 -1
-0.0974454 0.0283542 40.5115
-0.0840551 0.00979909 39.6066
-0.0736452 -0.00691023 39.1531
-0.0521377 0.00434492 29.75
-0.0589853 0.0848153 17.0165
-0.0233769 0.0377056 10.849
-0.0667144 0.0441554 28.8117
-0.0289316 0.0724741 6.5771
-0.0345257 0.0185991 17.842
-0.0354682 0.00234759 21.0403
-0.0559491 -0.001442 32.1209
-0.0157471 0.00910161 9.5899
-0.0212207 0.262083 -31.6105
0.0129837 0.0847264 -13.7544
0.00673571 0.0682194 -14.0459
0.0185292 0.294617 -61.6001
0.0317085 0.323486 -75.4047
0.00950873 0.366278 -68.9766
-0.00037684 0.396704 -67.9284
0.00880776 -0.0274702 0.439033
0.0497913 0.418125 -108.305
0.00631065 0.40552 -73.1702
0.00339765 0.403156 -70.4273
-0.000806309 0.404044 -67.3678
-0.0183448 0.393391 -51.1581
-0.0160641 0.349279 -45.2848
-0.012534 0.339149 -46.6356
-0.00989861 0.320495 -45.5294
-0.0094458 0.294386 -41.114
-0.00848161 0.232055 -30.7466
-0.00749244 0.194083 -24.6372
-0.00260287 0.245869 -36.8734
0.00316187 0.210364 -38.0813
-0.0121098 0.262776 -29.8979
0.00095698 0.210734 -35.8613
-0.178747 -0.00617165 252.235
-0.166943 -0.0113164 240.318
-0.0123733 -0.0589985 80.6741
0.0264892 -0.110504 46.2342
0.0104965 -0.0117623 39.5611
0.750195 0.222244 -864.2
-0.150662 -0.0893844 260.745
-6.78669e-07 -0.224951 105.884
-0.0337155 -0.216467 146.088
-0.0988518 0.0452098 39.3159
-0.102321 0.0287532 42.7835
-0.122854 0.0227045 45.0621
-0.136932 0.0384836 42.7336
-0.102389 0.0280575 41.6871
-0.117085 0.0591659 36.8615
-0.115945 0.0355513 41.4954
-0.114211 0.0491802 38.8223
-0.107614 0.0282264 41.5491
-0.0964113 0.0506608 34.8848
-0.0905953 0.0494065 33.9259
-0.078415 0.0464239 31.4025
-0.0552045 0.0237487 30.0839
-0.0952237 0.019474 42.9565
-0.0855778 0.0101938 39.8729
-0.123902 0.0774001 38.1069
-0.123563 -0.00201307 55.0605
-0.015947 -0.0327444 22.7181
0.0201335 0.282313 -60.9056
0.0331209 0.313382 -72.4067
0.0518078 0.287144 -76.0898
0.0974479 0.179151 -72.9396
-0.0594014 0.373976 -37.2225
-0.0776419 -0.0787399 76.4359
-0.126276 0.0179425 81.8127
0.0400794 0.230293 -60.757
0.0666621 0.162515 -61.2193
0.0185678 0.142045 -28.5549
-0.0401431 0.144531 5.98976
0.0309549 0.293752 -69.6539
0.0866452 0.261083 -97.7712
0 0 -1
0.102375 0.18972 -92.1852
0.164844 0.763411 -256.967
-0.046875 0.273438 -6.28125
0.013099 0.352607 -68.1818
0.00810825 0.382114 -69.9852
-0.00693894 0.371448 -55.9124
-0.0129028 0.368912 -50.6285
-0.019445 -0.0837567 41.7888
-0.019585 -0.076465 40.3893
0 0 -1
-0.00154185 -0.0363317 15.9627
-0.0199983 0.122588 9.98859
-0.00552524 0.205411 -28.6116
-0.00184726 0.184563 -28.1549
0 0.00344122 6.82766
0 0.00344122 6.82766
0.158398 0.0302734 -136.441
0.0427487 -0.39161 71.9892
0.156 -0.0535367 -104.056
0 -0.0676432 68.7321
0 -0.0676432 68.7321
0 -0.0676432 68.7321
0 -0.0676432 68.7321
0.0014821 -0.0640618 66.2183
0 0.00344122 6.82766
0 -0.0676432 68.7321
0 0 -1
0.0946593 0.187652 -13.6092
-0.116089 0.0316074 43.1687
-0.0084151 -0.813703 217.925
-0.0373575 -0.798038 216.395
-0.0981843 0.286023 -14.2435
0.0345594 0.19016 -18.3734
-0.0636108 -0.0109579 35.6262
-0.0901301 0.0315801 29.7553
-0.0560201 0.0332672 22.8992
-0.0500249 0.197015 -16.3662
-0.0178852 0.165218 -15.9834
-0.0386074 0.19877 -18.2685
-0.0196344 0.140053 -10.3093
-0.012858 0.212117 -28.5023
-0.0514079 0.0953994 9.81449
-0.00222662 0.183118 -27.3685
0.00523623 0.239012 -43.7152
0.015125 0.303598 -62.2399
0.0100313 0.298711 -60.1757
0.0363974 0.330322 -78.3704
0.0538962 0.270889 -72.222
0.0403118 0.216927 -53.2762
0.0147803 0.198543 -36.2339
-0.0293139 0.216506 -18.126
-0.00175056 0.244406 -39.8797
0.0181566 0.227121 -47.2397
0.0162327 0.173425 -34.3875
0.0198605 0.202183 -42.9593
0.0565562 0.247732 -75.6457
0.0641253 0.256595 -82.3233
0.0952002 0.221809 -94.3588
0.0992436 0.154074 -81.4868
0.149786 0.136041 -112.944
-0.115879 0.236268 54.3076
0.313524 0.0848987 -235.824
-0.0217229 0.330522 -35.1799
-0.0468367 -0.12338 94.7988
0.00572962 0.318159 -55.0904
0.0287763 0.248693 -58.5588
0.0309685 0.211951 -52.0114
0.00956242 0.916336 -199.356
0.00692933 0.929133 -199.849
-0.0207558 0.332329 -11.7733
-0.0220427 0.329295 -10.012
0.0231148 -0.304287 85.1905
0.296057 -0.350472 -175.336
0.491642 -0.00365595 -471.941
0.13429 0.119521 -130.871
0.168552 -0.0101512 -144.018
0 0.0828037 14.5618
0 0.0828037 14.5618
0 -0.138121 65.4857
0.111629 0.29903 -141.458
0.109101 0.295811 -137.772
-0.00440902 0.354431 -19.3804
-0.00379356 0.34625 -18.1929
0 0.359375 -25.7984
0.0440142 -0.223827 85.6663
0.0377465 -0.191787 78.0034
0.0125154 -0.194253 80.0121
-0.0333397 0.224356 -26.3442
-0.043165 0.265292 -36.3087
-0.030323 0.267624 -38.1805
-0.0130103 0.28772 -45.3934
-0.0162866 0.102766 0.51561
-0.0440449 0.236306 -26.9799
-0.0341414 0.251876 -32.7755
-0.0394915 0.257222 -32.6271
-0.018126 0.239681 -33.1793
-0.00995758 0.240794 -35.8295
0.00281833 0.254015 -43.0243
-0.0268341 0.249921 -32.8657
-0.0207797 0.224898 -29.4415
-0.0191096 0.251712 -36.6474
-0.00346097 0.270897 -47.5879
0.0271439 0.315021 -70.7162
0.0260708 0.32696 -72.8507
0.0208979 0.301836 -64.157
0.10449 -0.0282863 -24.4561
0.100688 0.154011 -67.7251
-0.00642292 0.213086 -29.1636
-0.0015827 0.217685 -32.7443
0.0118402 0.235534 -44.5143
-0.0250539 0.232062 -23.3687
-0.0895016 0.202197 21.4046
-0.0229286 0.191237 -14.91
0.0329427 0.278662 -67.1217
0.0789897 0.252407 -91.2884
0.0888597 0.251619 -97.211
0.0939539 0.253606 -101.152
0.0845724 0.138599 -67.9769
-0.172978 0.070297 136.154
0.310525 0.123137 -242.053
-0.134332 0.14348 97.9049
-0.0434353 -0.124779 92.3671
-0.0405322 -0.108703 86.124
-0.0243107 0.267218 -17.5355
-0.00367679 0.207539 -20.5731
0.00264475 0.10905 -1.5951
-0.00177328 0.0689409 12.3649
-0.00509247 0.057916 18.1547
-0.00509247 0.057916 18.1547
0.0166886 0.00890511 8.77863
0.0166941 0.00632708 9.08919
-0.0382657 -0.00339367 67.3083
-0.0165808 -0.0173917 60.918
0.00324909 -0.240224 93.9851
-0.0045338 -0.240149 102.376
-0.0229969 -0.23683 122.088
-0.0183908 -0.230697 115.82
0.403821 -0.2127 -360.882
-0.27697 0.191905 332.373
-0.0012629 -0.0247327 64.8445
-0.0284877 0.138894 56.9788
0.0266573 0.172771 -19.0934
-0.00152294 0.245433 -33.9602
-0.00350465 0.295437 -47.5026
-0.023777 0.232326 -29.0866
-0.0281879 0.264947 -37.1741
-0.0104386 0.301038 -48.6537
-0.0104507 0.294 -47.6487
-0.0145249 0.320332 -53.356
-0.00517187 0.304483 -51.1262
-0.0206076 0.294834 -45.7789
-0.0266967 0.279273 -40.6734
-0.024329 0.275209 -41.1629
-0.00456839 0.259369 -41.3466
-0.0274618 0.238644 -28.7125
-0.00656268 0.242896 -37.4084
-0.0346753 0.244179 -28.3146
-0.063707 0.201387 -8.26832
-0.0433028 0.304122 -42.3245
0.000272952 0.2299 -37.8122
0.0299904 0.355299 -82.7718
0.0269391 0.342964 -77.1596
0.0199671 0.330458 -70.2819
-0.0109877 0.318344 -53.3783
0.0791439 0.222636 -74.0047
-0.0289156 0.282014 -35.1814
-0.00459287 0.19646 -26.413
-0.0511052 0.277601 -19.6347
-0.0275625 0.209161 -15.3066
-0.0365431 0.260601 -23.4143
-0.427897 0.328706 207.163
-0.0396845 0.13855 15.4405
0.0969164 0.251551 -102.617
0.0709774 0.260738 -87.1082
0.0702803 0.243225 -81.7023
0.0573546 0.227645 -68.3145
0.0307015 0.294748 -69.2039
0.0210321 0.267985 -54.5867
0.0114829 0.241531 -39.9155
0.0116215 0.152437 -16.2432
0.0167108 0.112255 -9.72116
0.00517008 0.0809108 8.32882
0.0996356 0.403076 -89.8668
-0.00267343 -0.0381703 48.9692
-0.00595688 -0.0203164 47.1284
-0.012089 0.00939356 44.7967
0.00447682 0.254273 -38.6778
-0.0353204 0.0122046 67.8295
-0.0124502 -0.00908118 51.5428
0 0.0242805 30.0662
0 0.0242805 30.0662
0.00999402 0.00604971 24.2727
0.0125251 0.0359256 13.2927
0 -0.015444 40.714
-0.019444 -0.0343232 67.9668
-0.00853812 0.0362839 36.6565
-0.017574 -0.0142803 60.9823
0 0.0515302 22.7979
0.0308373 0.0235763 -7.37497
0 -0.0423359 48.1098
0 0 -1
-0.016142 0.327919 -56.2981
-0.0128971 0.302036 -48.7432
-0.0224119 0.307149 -49.4115
-0.0163619 0.285548 -43.9213
-0.000824668 0.332798 -58.0272
-0.0337959 0.32386 -51.2194
-0.0416784 0.317046 -48.2071
-0.0434237 0.297377 -42.4098
-0.0426407 0.269853 -34.7212
-0.037107 0.237425 -26.4169
-0.0234879 0.271367 -39.5969
-0.0143306 0.264902 -40.3546
-0.01562 0.281828 -44.6459
-0.0260314 0.309991 -49.8871
-0.0103845 0.387334 -76.6961
-0.0226258 0.359151 -64.2732
0.0249998 0.293555 -63.9
-0.02799 0.35376 -57.3397
0.0135182 0.349873 -73.4778
0.0153804 0.322939 -65.9594
-0.0186545 0.313706 -47.5161
-0.00588379 0.31097 -53.5746
0.00841213 0.304292 -59.2172
-0.0373481 0.212349 -7.49924
-0.0748796 0.243258 2.95384
0.0555567 0.14467 -46.2121
-0.141347 0.112341 94.3112
-0.197106 0.234219 92.5975
0.0290087 0.0692531 -9.88942
-0.13121 -0.0130306 124.454
0.118302 0.0246695 -53.133
0.103154 0.237259 -103.3
0.0687066 0.261118 -85.9516
0.0608748 0.251582 -78.2022
0.00389764 0.275689 -43.652
0.000422632 0.266419 -38.2163
-0.00855282 0.364905 -59.6556
-0.0125432 0.365452 -56.5789
-0.0115484 0.357533 -55.1373
-0.00691234 0.326266 -50.0022
-0.00170117 0.296324 -45.8076
0.001362 0.285016 -45.2592
0.00506708 0.280408 -47.3396
0.0126 0.275815 -53.1473
0.00447682 0.254273 -38.6778
-0.00725589 0.257214 -29.2967
0.0048351 0.25142 -39.9317
0.0103241 0.252937 -46.1056
-0.00659883 0.253663 -28.5506
0.0210908 0.265233 -61.9887
-0.00939254 0.248488 -23.6099
-0.00586589 0.252363 -28.5047
-0.00281825 0.246111 -30.1755
0.00931133 0.251024 -45.7899
0.0475506 0.212587 -80.452
0.0121013 0.256839 -51.3021
0.0328192 0.248248 -74.6179
-0.0309236 0.34332 -60.2779
-0.0265394 0.340576 -59.5627
-0.022251 0.33077 -56.6419
-0.0247759 0.313398 -51.0639
-0.0134937 0.286057 -43.1987
-0.0154426 0.243466 -29.2278
-0.0813219 0.171598 3.36329
-0.0325558 0.260362 -32.2089
-0.0631837 0.248397 -23.8438
-0.0105811 -0.13325 80.8371
0.0416372 0.118987 -9.12092
0.0326692 0.197383 -31.4708
0.00604187 0.250794 -41.2713
0.0979074 0.156005 -37.9072
-0.00594228 0.305121 -54.0424
-0.0470205 0.301058 -38.9255
-0.0683379 0.136697 26.0304
-0.102036 0.20031 18.7992
-0.0435411 0.260836 -23.2819
0.0153084 0.258142 -46.0041
0.018251 0.29313 -58.2254
0.00739509 0.289612 -52.5396
0.0793973 0.289438 -86.8718
0.0958883 0.181765 -60.02
-0.0340042 0.175584 1.31356
-0.0536688 0.225198 -3.24164
0.0118974 0.192037 -21.6565
-0.00206138 0.142118 2.4213
-0.00791523 0.223144 -19.6023
0.0625978 0.0685723 -30.7381
0.0260546 -0.0683703 36.2542
0.235858 -0.133623 -78.9226
-0.409112 0.345353 229.811
0.0544733 0.298204 -86.2588
0.0596448 0.3325 -100.824
0.199106 0.33669 -206.748
0.210167 0.290223 -200.23
-0.0268236 0.391069 -52.5795
-0.0233509 0.37965 -51.8061
-0.0304645 0.377253 -44.9659
-0.0324657 0.399168 -49.6388
-0.0345459 0.319087 -23.108
-0.0139761 0.291403 -33.092
-0.000293543 0.281119 -42.5281
0.00447682 0.254273 -38.6778
0.00447682 0.254273 -38.6778
-0.0455062 0.251623 12.4778
-0.0200716 0.310711 -31.1337
0.0142088 0.186353 -27.8148
-0.0320162 0.223222 9.87189
0.011155 0.138253 -9.96428
-0.050738 0.246028 24.827
-0.106873 0.170736 112.674
-0.114871 0.293989 86.7505
0 0.0939895 14.9317
0 0.273106 -38.8681
0.079165 0.36537 -165.216
0.00238955 -0.0374285 9.12826
-0.0349217 0.340441 -59.2528
-0.0344551 0.329576 -55.6052
-0.046982 0.301333 -45.3257
-0.0549848 0.275737 -36.7431
0.00860938 0.0813354 19.7258
-0.0163511 0.248958 -32.3098
-0.0200927 0.227024 -23.2382
-0.0556529 0.199252 -8.98875
-0.0668364 0.205324 -9.2798
-0.258383 0.233378 18.6909
0.0414148 0.162349 -22.3747
0.0363987 0.178697 -26.0569
0.0320445 0.214993 -37.1532
0.0400087 0.240656 -47.7473
0.0228142 0.294238 -59.4087
0.0197836 0.29944 -60.398
-0.0224627 0.200148 -12.0206
-0.0250874 0.202555 -11.8179
-0.00117391 0.241049 -33.8365
0.00733185 0.245601 -38.747
0.00122029 0.255903 -39.4979
0.0278456 0.258288 -52.281
0.0621236 0.268918 -72.249
0.0471116 0.183639 -36.2893
0.0155978 0.15198 -9.48067
0.0023773 0.143192 0.481651
0.0026053 0.169382 -8.51715
0.0100654 0.178918 -16.3067
0.0592278 0.179744 -46.2956
0.0845445 0.081983 -28.7955
0.0845445 0.081983 -28.7955
0.211249 0.00225228 -105.173
0.0553322 0.232671 -65.5011
0.0618397 0.237894 -71.5781
0.091725 0.230985 -91.7679
0.0715916 0.201566 -66.5469
-0.0343847 0.141854 35.3161
-0.124328 0.17406 95.1738
-0.0167697 0.131699 22.9919
0.00776257 0.138694 -0.0218202
0.0198979 0.134698 -9.2151
0.021942 0.0899402 4.17441
0.0115614 0.0693965 20.4649
0.0222558 -0.109294 70.5434
0.0222339 -0.110142 70.8506
0.0187133 -0.11532 76.0095
0.0122077 -0.119779 83.9694
0.00861264 -0.121189 88.0801
0.00545069 -0.122411 91.7617
0.00297148 -0.126356 95.6983
0.00152632 -0.129937 98.4598
0.00261431 -0.134521 98.7883
0.00574422 -0.129347 93.7828
0.000490273 -0.132852 100.606
0.000757261 -0.133875 100.643
0.000960568 -0.13506 100.804
0.00157701 -0.137981 101.083
0.000963594 -0.135344 100.897
-0.0484144 0.335228 -57.2863
-0.0510891 0.311456 -48.725
-0.0406739 0.2608 -31.9942
-0.088201 0.288794 -38.2461
-0.076304 0.232795 -20.0006
-0.0484011 0.214229 -16.8516
-0.0188336 0.203028 -16.1421
-0.0390852 0.195039 -10.4004
-0.0582803 0.180068 -2.04021
-0.0539434 0.239458 -24.313
0.0289212 0.195509 -25.8075
0.0406901 0.150743 -12.1394
0.0285956 0.188286 -22.6192
0.0124742 0.193433 -19.7114
-0.00121403 0.271308 -43.602
0.00245069 0.261679 -40.9918
-0.0315897 0.232858 -19.687
-0.0155693 0.224366 -22.7015
0.00607423 0.236041 -35.0877
0.0140405 0.241182 -40.107
0.0159915 0.248565 -43.5453
0.0179241 0.246299 -43.5759
0.0128708 0.231307 -35.7639
0.00164122 0.18152 -12.5444
-0.0045679 0.151086 1.44592
-0.00301903 0.139674 4.6251
0.00465187 0.145829 -1.87764
0.0170018 0.151867 -11.2371
0.0322154 0.140445 -16.329
0.0424715 0.0929891 -5.84136
0.117634 -0.103822 22.4338
0.117771 -0.0995339 20.8369
0.0550205 0.22966 -64.0673
0.0342498 0.241354 -53.0454
0.0731491 0.196441 -66.4126
0.0472131 0.204396 -48.5617
-0.0299863 0.200211 12.7922
-0.615469 0.0432951 536.57
-0.0134322 0.128041 21.5067
-0.00269489 0.128296 12.4316
0.00101034 0.119131 12.5492
2.10545e-05 0.0901046 23.7279
-0.00157449 0.0710648 31.9202
0.0217498 -0.109256 71.0049
0.01999 -0.110648 73.1607
0.0149769 -0.115212 79.6427
0.0106376 -0.118822 85.2221
0.00760053 -0.120185 88.7757
0.0030774 -0.122691 94.33
0.000463024 -0.126257 98.3451
1.9538e-05 -0.129592 99.9943
0.000563632 -0.131221 99.9616
0.000155666 -0.132603 100.899
0.000337459 -0.133411 100.973
0.000303561 -0.133998 101.217
0.00056123 -0.134942 101.244
0.000815632 -0.135184 101.022
0.000878512 -0.135291 100.983
-0.0612288 0.332182 -56.0635
-0.0638664 0.308172 -47.1186
-0.0717576 0.292339 -40.9436
-0.0986151 0.274556 -32.5924
-0.107766 0.244458 -21.0213
-0.0777151 0.221491 -16.0352
-0.0271299 0.184036 -8.57943
-0.0361713 0.184326 -7.19786
-0.0556451 0.203291 -10.7642
-0.0306633 0.226482 -24.2561
0.0220125 0.176827 -17.373
0.0373662 0.155666 -13.082
0.0379769 0.18376 -23.5397
0.0276418 0.195258 -24.7957
0.0063411 0.243278 -36.0427
-0.0161456 0.240547 -27.7738
-0.0236738 0.235786 -23.5509
-0.0117506 0.243944 -31.0509
0.00501169 0.240164 -36.1223
0.0149129 0.240576 -40.2615
0.0150982 0.243741 -41.4404
0.00699781 0.236575 -35.0611
-0.00708378 0.211569 -19.0968
-0.0184576 0.178045 -1.12878
-0.0184098 0.151085 8.75675
-0.0101453 0.13736 9.36258
0.00124733 0.134306 4.1429
0.0115678 0.132874 -1.29319
0.0215679 0.120235 -2.63493
0.0355608 0.100681 -4.1853
0.0491991 0.132765 -24.8467
0.0546235 0.166225 -40.7728
0.0451853 0.200203 -46.7197
0.0293404 0.165491 -22.5938
0.0462117 0.12368 -20.1777
0.142457 0.14238 -99.5198
0.0113728 0.24667 -35.9191
0.00807839 0.259557 -37.6535
0.0166167 0.290441 -55.779
0.0056375 0.320821 -57.8214
-0.000459855 0.347875 -62.6157
-0.00165674 0.37196 -70.4991
0.00171369 0.458835 -105.77
0.00171166 0.458858 -105.776
0.00167782 0.459826 -106.102
0.00170183 0.461922 -106.901
0.00166779 0.463962 -107.623
0.00155703 0.465918 -108.234
0.00135959 0.46776 -108.712
0.00109977 0.469462 -109.067
0.00077771 0.471001 -109.29
0.00043883 0.472356 -109.419
0.000119462 0.473508 -109.488
-0.000146598 0.474445 -109.531
-0.000339885 0.475155 -109.569
-0.000448723 0.47563 -109.617
-0.000481996 0.475868 -109.665
-0.000481996 0.475868 -109.665
