0.0235669 0.0559792 6.56935
0.0128216 0.0292708 7.3263
0.00881227 0.0242189 7.65123
0.00983723 0.0479826 7.31157
0.00997633 0.0379552 7.32526
0.0368049 -0.396751 6.1213
0.0379156 -0.407896 6.24321
-0.076704 0.412064 28.5398
-0.0178159 -0.237195 21.5732
-0.0066782 -0.205552 18.8125
0.037979 -0.408819 6.25712
0.0909656 0.0103388 17.9449
0.033574 -0.0259382 7.58388
-0.25998 0.283446 86.4114
-0.0325981 -0.0587492 28.1189
-0.0796372 -0.0206914 41.795
-0.0558154 -0.0364838 34.1222
0.459999 -0.106409 -161.734
-0.0696919 -0.108613 43.0073
0.00641956 -0.0449078 38.6889
0.0242689 -0.0857369 31.4465
0.0234385 -0.0760507 31.6041
0.0448728 -0.116717 21.8724
0.113136 -0.0854624 -11.6136
-0.00304755 -0.0185751 13.6212
-0.00802535 -0.027202 16.4497
0 -0.109179 44.0623
0 -0.187413 14.8805
-0.00697643 -0.0972865 48.2919
0 -0.187413 14.8805
0.0136199 -0.158223 5.68503
0 -0.109179 44.0623
0.0303408 -0.0383874 146.409
0 -0.169409 14.5409
0.0233018 -0.111349 -3.40219
0.0151816 -0.231855 3.86578
0 -0.275965 15.8581
0 -0.231129 15.4325
0.0226349 -0.224519 -3.2461
0.127594 -0.0655416 -102.095
-0.0323193 0.00171283 31.2246
0.0814991 -0.0481571 -61.5417
0.0935285 -0.0594911 -71.1771
-0.00169792 -0.0608116 16.2945
-0.0178303 -0.055652 31.3909
-0.0157328 -0.0478521 29.19
-0.00628581 -0.036802 19.6578
-0.00356908 0.0165607 16.3617
0.0629201 -0.0533902 -48.6145
0.0632794 -0.0542027 -48.9807
0.0424444 0.107388 -33.4441
0.0405828 0.132757 -32.4693
0.0266265 0.0142059 -21.7463
-0.0119127 0.0499815 18.5865
-0.0075936 0.0537781 13.4522
-0.00392607 0.0543155 9.18074
0 -0.124869 14.1186
-0.00392607 0.0543155 9.18074
0 -0.264323 26.8639
0 -0.336356 48.3221
0 -0.264323 26.8639
0.00183949 -0.278434 45.9902
1.57102e-14 -0.03823 19.8943
1.57102e-14 -0.03823 19.8943
-0.00135247 -0.281521 46.4277
0.0563235 -0.436537 2.48598
0.000387169 -0.280266 46.117
0.057272 -0.126431 6.37179
0.719477 0.0596439 -143.392
0.00962414 -0.283163 42.6312
-0.0101729 -0.00297787 19.1928
-0.00456901 -0.0375556 19.192
-0.0458744 -0.0171334 30.6234
-0.070209 -0.0527524 39.7623
-0.025698 -0.0621529 24.6266
-0.0457939 -0.0829362 33.2261
-0.0839226 -0.762265 77.433
0.252189 -0.77332 -62.1156
-0.0524222 -0.0363132 30.7377
0.0802667 0.099882 -32.4571
0.254542 -0.049363 -109.711
0.0382634 0.0872239 -11.0506
-0.0910201 -0.133265 65.1679
0.0651674 -0.0672353 -23.8505
0.00384081 -0.0344331 10.0201
0.00855138 0.0251866 -0.281649
0.0602832 -0.421584 -17.3443
0.0103562 -0.0126675 -0.785694
-0.00739591 -0.00559824 7.37687
-0.00452665 -0.0041208 5.5328
-0.0141904 -0.00353014 12.3604
-0.00330931 -0.0137666 10.7788
-0.0401357 0.000654747 37.5423
-0.00123687 0.00455299 4.03183
0.0232295 -0.0201096 -8.00679
0.0148579 0.0171584 -9.93562
-0.0459425 0.00373002 42.0297
0.422788 0.0456212 -346.972
-0.00869267 0.00996749 10.9724
0.11899 -0.061921 -93.8867
0.0738415 -0.0205221 -53.5342
-0.00205654 -0.0592927 16.6135
-0.0132921 -0.0535844 27.0141
-0.0126229 -0.0455133 26.1111
0 0.0177736 11.6673
0.0346544 0.0150887 -29.4183
0.064061 -0.0546466 -49.7892
0.0260866 0.0966957 -16.0504
0.0429656 0.105327 -33.9642
-0.000816357 -0.0903591 22.5707
0.0555958 0.0994069 -47.7932
0.0801008 0.0189549 -72.1
0.124878 0.0331842 -125.958
0.00129096 -0.30285 31.566
0 -0.0514788 23.4109
0.0053977 -0.300441 26.48
0.0104308 0.0871741 24.2603
0.0105595 0.0865009 24.2801
0.0126398 0.0847903 24.2613
0.019489 0.0860112 23.7033
0.0152673 0.100789 23.3008
0.00301927 0.103514 24.4444
-0.00182867 0.105559 24.9423
-0.00758215 0.10264 25.9512
-0.00758215 0.10264 25.9512
0.0173687 0.0993294 6.47662
0.704617 -0.0396118 -134.402
0.0913874 -0.0947237 13.8731
-0.0146982 0.0256596 19.5474
-0.0388881 0.0093777 26.9264
-0.0778276 -0.0202505 41.0982
-0.127097 -0.0656103 59.5989
-0.0405424 -0.0658022 29.4932
-0.0549376 -0.0831858 35.8162
-0.0786681 -0.108369 46.5031
-0.0527021 -0.0308831 30.6635
-0.0455962 -0.0180283 26.759
-0.0279385 -0.0281353 18.6768
-0.131269 0.100647 64.1995
-0.0411414 -0.0726647 36.1974
-0.0622995 -0.0922318 48.5769
0.00945762 -0.0253539 6.28696
0.0334367 -0.766152 36.9289
0.0243324 -0.0295738 -8.67826
0.000920757 0.0187395 1.23023
0.0239393 0.00483481 -12.2489
0.0350877 9.29342e-05 -18.989
-0.0203403 0.0683625 13.6234
0 0.0446634 0.882698
0.00748977 0.0074233 -2.74071
0.000587026 -0.00655668 2.91228
-0.0262891 0.0738406 19.6234
0 0.0446634 0.882698
-0.00410218 0.0449683 4.17409
0.025508 0.00766426 -18.2535
-0.0140549 0.303793 1.10862
0.579616 -0.0357673 -487.929
0.589844 -1.53365 -432.032
0.0573716 0.583982 -77.1926
0.170506 0.0763173 -146.685
0.00750523 0.701633 -36.5185
-0.00369002 0.667829 -24.108
-0.0100307 0.63219 -16.0287
0 0.707176 -29.9586
0.102438 -0.249487 -77.5152
0.0263692 0.61682 -53.8971
0.0291209 0.0176715 -24.236
0.00389799 0.0195666 2.4316
-0.00949873 0.0380511 16.3144
0 0.608538 -11.8938
-0.00159634 -0.294373 34.651
9.8424e-05 -0.311316 33.3255
-0.00933999 0.041978 15.9283
0.0162398 -0.294175 12.8019
0.036128 0.911185 -51.3187
0.036128 0.911185 -51.3187
0.036128 0.911185 -51.3187
0.0558569 -0.18118 38.1123
0.0527584 -0.12096 34.0556
0.000233526 0.214393 1.17902
-5.99343e-07 0.207462 1.75406
-0.0230565 -0.520943 68.6616
0.0415171 0.161157 -2.23288
-0.0184817 0.118277 13.2069
-0.0005826 0.102351 10.4087
-0.0160061 0.0420787 18.815
-0.0364867 0.00832689 27.2677
-0.0892209 0.0226588 41.5106
-0.0938398 0.00748217 43.3638
-0.113403 -0.0410579 52.6215
-0.0746623 -0.062685 41.0786
-0.0596524 -0.0719013 36.5228
-0.0141966 -0.0623775 17.4545
-0.0388693 -0.00766601 23.1951
-0.0436581 0.0145684 23.3143
-0.0140684 -0.0157471 12.1435
-0.00752912 -0.0119147 8.33826
0.052023 0.00762703 -20.6689
-0.0240275 -0.0612594 26.3957
-0.540827 0.032497 307.42
-0.0495742 -0.0214486 37.2344
0.0221859 -0.0311273 -7.68823
-0.100703 -0.037899 67.6801
0.000289964 -0.0149055 4.32325
0.0321129 -0.0289875 -13.866
-0.00264225 -0.0129326 6.46434
-0.0130789 -0.374376 43.4688
0.0153589 -0.0163961 -2.54958
-0.000616038 0.0295328 1.51223
0.146484 -0.680339 -45.196
-0.140598 -0.633235 170.547
-0.104926 -0.768246 152.09
0.0230196 -0.0242841 -13.2279
0.290494 -0.0705615 -235.648
-0.0261938 0.0229834 42.0158
0.00233448 0.00926349 1.33075
-0.371875 -0.198438 366.755
0.147213 0.129148 -127.748
0.103966 0.151765 -88.0573
-0.209729 0.0568047 225.356
0.0360784 -0.0248206 -8.10815
0.0702923 -0.0920483 -51.4979
0.0383297 -0.00303902 -25.9243
-0.143753 0.323569 147.76
-0.000261067 -0.0218013 16.7237
-0.00153675 0.0604502 10.8951
-0.00369695 0.122439 8.64003
-0.00248547 0.0196945 9.60817
0.238497 0.267639 -285.573
0.269325 0.329689 -326.834
0 0.118089 4.82332
0.0450409 -0.359243 -17.2891
0.00920234 0.288794 -6.81342
0.0101957 0.284773 -6.42651
0.00994667 0.279002 -5.82961
0.00743201 0.26729 -4.51198
0.00145647 0.252718 -2.5584
-0.00481945 0.218343 1.42936
-0.00826782 0.204405 3.20673
-0.0132215 0.169352 7.36839
-0.01836 0.131375 11.9684
-0.0482527 0.0818792 22.9307
-0.049556 0.0738715 24.1131
-0.0790161 0.0157999 37.0098
-0.365257 -0.07361 119.877
-0.0939065 -0.0185926 46.672
-0.116351 0.0199539 49.8423
-0.185646 0.031082 70.6748
-0.122596 0.0126301 48.3321
-0.0829446 0.00146958 37.9991
0.0123112 -0.0392748 4.18463
-0.0131413 -0.000119806 11.5184
-0.102954 0.0226258 49.259
-0.054675 -0.00603098 30.0107
-0.0142846 -0.0142006 11.9415
-0.0110375 -0.112457 24.9511
0.0154292 -0.13739 13.561
-0.0364572 -0.0766626 35.9548
0.0700118 -0.183243 -11.2771
-0.301586 -0.35915 222.012
0.00117721 -0.0709435 10.7716
0.0219214 -0.0163316 -9.37164
-0.111831 -0.081854 96.4613
-0.0422165 -0.409961 82.643
0.0409176 -0.254251 5.02395
0.00464745 -0.0256056 5.94232
-0.0174793 -0.00484811 21.0148
-0.0501891 -0.099671 55.4129
-0.025049 -0.00682875 26.7328
-0.0424866 -0.0494178 44.3687
-0.0343693 -0.0143213 33.6483
-0.0112875 0.0064977 13.4751
0.0349559 -0.0177695 -24.2202
0.0487479 -0.0388292 -34.0589
0.0636268 0.010668 -54.6929
0.0238332 0.0131653 -19.0704
0.0115349 0.0206136 -5.80501
-0.049843 0.0299269 70.3324
0.211263 -0.186523 -170.049
-0.167215 -0.0841415 201.698
0.0645502 -0.11429 -43.4174
0.0352035 -0.217462 -0.998137
0.00208802 -0.0565452 17.1049
0.00421813 0.0136568 2.64845
0 0.138672 -0.458984
3.06485e-05 0.0171693 6.97613
-0.0563785 -0.0520049 85.1182
-0.0300645 -0.098885 55.8926
0 0.141927 -0.792101
-0.0483058 -0.0408166 78.0635
0.00458106 0.642431 -44.7682
0.00595215 0.634875 -43.9265
0.0117784 0.63102 -43.7512
0.015226 0.656409 -46.8961
0.00748898 0.676005 -48.5434
-0.00055925 -0.229967 55.683
-0.0356744 -0.202335 57.0981
-0.0926822 -0.0883441 51.7663
-0.0807685 0.0526122 32.3472
-0.066144 0.0444397 30.6137
-0.0753077 0.0319259 34.1785
-0.0795829 0.0151832 37.054
-0.0486791 -0.0195005 32.5822
-0.036657 -0.0202644 29.8369
-0.0819586 -0.00627729 42.3546
-0.12085 0.0388936 49.1574
-0.140792 0.0517041 53.7369
-0.0765182 0.0280002 32.3243
-0.0626192 0.00579681 30.0816
0.0593774 0.0215648 -21.7698
-0.0604118 0.00448198 32.9074
-0.0588761 -0.0215552 34.0266
-0.040353 -0.0260606 25.6944
0.0209521 -0.035056 -1.8862
0.0122278 -0.108519 11.7965
-0.0120362 -0.104904 24.2809
0.0481513 -0.169193 -0.946116
-0.00790717 -0.097217 21.1549
-0.0233386 -0.079917 27.8058
-0.00351712 -0.0459318 11.1092
-0.01121 -0.0797463 21.6841
0.000986226 -0.104032 16.149
0 0.0856265 -8.15348
0.0294932 -0.108994 -3.76278
-0.00423057 -0.0577175 15.3004
0.0191649 -0.0506455 -4.27294
-0.00567089 -0.0431341 12.8427
-0.0221496 -0.0216504 25.1958
0.000436797 -0.0306235 6.44325
0.0137725 -0.0475362 -2.68053
3.20302e-05 -0.0090231 5.12028
0.0236177 0.00223011 -17.2821
0.0138675 0.0164613 -9.68782
0.650391 0.170573 -620.512
-0.00744379 0.160144 -6.21959
-0.004437 0.156823 -8.62583
0.262913 0.0133255 -239.835
0.154067 -0.0204337 -147.261
0.0122262 -0.154155 15.611
0.0148804 -0.201118 18.2757
0.0220971 -0.203778 10.7336
0.0043504 0.00292321 3.75332
0.0801746 0.136076 -92.4791
-0.00414942 -0.00211225 13.8228
-0.00100115 -0.015743 11.6189
-0.067816 -0.109129 103.928
-0.029411 0.0265465 38.5494
0.000285752 -0.319502 48.6171
-0.00127887 0.640127 -44.4208
-0.000846848 0.633643 -43.5705
0.00753619 0.629079 -43.3791
-0.243894 -0.238905 98.9946
0.00359776 -0.229924 54.49
0.0210923 -0.220026 51.4152
0.014291 -0.223977 52.8564
0.0174097 -0.0978181 35.1195
-0.0339857 0.0392612 25.2129
-0.0671978 0.0331219 32.3268
-0.0906042 0.0174476 39.4383
-0.0844406 0.0191561 37.6069
-0.0745802 0.016625 35.2525
-0.0445528 -0.00838726 30.7024
-0.0764532 -0.00621376 40.5157
-0.121285 0.0222746 51.2876
-0.119231 0.0277483 49.7405
-0.108538 0.0254585 45.1604
-0.0584336 -0.0169527 31.1632
0.0992574 0.0344581 -40.3217
-0.0791772 -0.0168475 42.8906
-0.0453176 -0.0202933 28.0411
-0.00197507 -0.0085783 5.10935
-0.0262865 -0.034832 21.7859
-0.00706189 -0.0884309 19.4788
-0.0166741 -0.0841785 23.9285
-0.0280321 -0.0586339 27.8978
-0.0143339 -0.0711729 21.2027
-0.0159647 -0.0476364 18.6717
-0.317031 -0.772032 312.498
0.0233572 -0.0441693 -6.25757
0.0304002 -0.0683248 -5.30824
0.0154769 -0.0414338 -1.938
0.0240152 -0.0374697 -8.00733
0.0199518 -0.0546683 -3.42739
0.0027279 -0.0334237 5.52877
-0.010854 -0.0576588 19.5109
-0.359023 0.0512727 285.442
0.0274197 0.0335451 -25.1712
0.00060854 0.00124764 0.903982
0.0222912 -0.00794386 -15.0887
-0.00724646 -0.0364684 13.671
0.038222 0.0323028 -34.3878
0.0210652 0.0182485 -16.7129
0.00614545 0.016282 -2.47615
0.376478 -0.109023 -349.225
0.180452 0.0339674 -159.34
0.0282306 -0.119943 -5.05457
0.232138 0.131753 -246.05
0.0190599 0.0158564 -13.512
0.0114271 -0.214014 23.5267
-0.00391646 -0.00709273 14.1503
-0.00545404 -0.00704244 15.8182
-0.00310667 0.0272398 9.68691
0.0119254 0.0280682 -11.4883
0.00194805 -0.179069 29.6789
-0.122127 -0.0248186 158.096
-0.0163511 -0.0184273 26.8932
0 0 -1
-0.0609915 0.0681773 31.9227
0.0702359 -0.591006 138.44
0.119834 -0.566894 131.69
-0.092138 0.0378231 38.0056
-0.122058 0.0160592 45.165
-0.117703 0.0263923 42.7613
-0.108481 0.0338512 40.1209
-0.108119 0.0513733 37.3872
-0.0979201 0.0276236 39.1775
-0.0833997 0.0281107 35.9049
-0.0783592 0.0318753 34.0944
-0.0859328 0.0266389 36.8318
-0.0565259 0.00285107 32.2791
-0.0626577 -0.0127103 36.9355
-0.0910832 -0.00395505 44.3843
-0.0887964 0.027885 38.5047
-0.131254 0.0485937 50.9736
-0.07625 0.0530919 27.7772
0.12497 0.0487461 -54.0517
-0.0519462 0.00135482 28.1195
-0.0542619 -0.00127744 29.3636
-0.020076 -0.00997828 14.7091
-0.0204578 -0.00757327 15.0695
-0.0402506 -0.0264919 27.7476
-0.0181171 -0.0594664 21.327
-0.0176192 -0.0596552 20.9911
-0.0255117 -0.0476866 24.3533
0.000644828 -0.0327731 6.41263
0.00671245 -0.015341 -0.102215
0.0212721 0.0337656 -18.8178
0.000355028 -0.0502468 9.02507
0.000129648 -0.0413501 7.87301
0.0128465 0.0105904 -9.85165
0.33125 -0.567448 -161.93
0.0157196 -0.25283 27.8405
0.0105802 -0.0352027 -0.700752
0.0181817 -0.0140619 -9.86778
0.0105321 -0.0141772 -4.61522
0.0249528 -0.00150817 -18.7635
0.0302166 0.0284542 -26.5853
0.14923 0.0978957 -145.248
0.728354 0.134101 -677.063
0.00287416 0.0356796 -3.02569
0.0273152 0.0306354 -24.5354
0.0408143 0.0137007 -35.5908
0.176973 0.0155963 -175.009
0.065242 0.0310033 -63.0875
0.164567 -0.0974268 -144.124
-0.0161786 -0.229519 65.6023
-0.0194579 -0.236025 70.6258
-0.449914 0.074544 504.28
-0.322807 0.00021917 372.811
0.025048 -0.536135 69.768
0.243542 -0.111761 -250.711
-0.00714133 0.103938 17.6893
0.0200183 0.0308892 -21.6388
0 0.337816 -47.0355
0 0 -1
-0.0639671 0.0682023 31.9801
-0.0648796 0.0705955 31.702
-0.117163 0.0268527 43.1488
-0.122595 0.0400129 40.7153
-0.111754 0.0847616 30.7221
-0.118893 0.035952 41.0887
-0.118187 0.0542027 37.3839
-0.104604 0.0494459 36.4809
-0.104032 0.0411395 38.0071
-0.0816169 0.0394493 33.253
-0.0576232 0.0834973 19.6398
-0.0188945 0.101693 6.81695
-0.0801988 0.0798015 25.6411
-0.0934874 0.0211011 40.3839
-0.0984371 0.0486804 37.4627
-0.0739846 0.0818972 23.8208
-0.0971167 0.106078 27.7277
-0.0732333 0.11721 16.5169
-0.0249893 0.0589384 7.30804
-0.0977127 0.00270454 49.166
-0.0442324 -0.0220146 28.8127
-0.188104 -0.102633 142.946
-0.160483 -0.0267216 115.823
-0.108589 0.118764 48.4191
-0.123038 0.162159 47.9181
-0.0583591 0.175983 8.41083
-0.0068382 0.0364064 8.2443
-0.0573452 0.0366519 38.3037
0.0291582 0.196369 -50.8341
-0.0241881 0.202053 -17.9766
-0.0532428 0.172909 6.8775
0.00633958 0.100296 -21.0042
0.00358075 -0.0121219 0.968117
0.00357772 0.0469193 -9.60945
-0.068012 0.369627 -17.8147
-0.0132275 0.0542976 1.34635
0.00294704 -0.00629461 0.438711
0.0231635 0.0228243 -21.3411
0.622396 0.32487 -595.697
0.0150369 0.0200744 -13.1782
0.159516 0.0621389 -148.063
0.108297 0.0960168 -107.218
0.0149334 -0.160887 27.5344
3.08532e-05 0.217801 -31.2007
0.284512 0.0271724 -269.035
0.0348239 0.0373189 -32.9193
0.0212067 0.032651 -18.5324
0.066617 0.117449 -79.4066
0.000571322 -0.162427 36.4952
0.00122764 0.00238642 7.12958
0.0957666 -0.0395262 -90.1831
-0.0116395 -0.0076025 22.8922
0.00262732 -0.00534297 5.92209
0.244146 -0.0917559 -255.143
-0.0646321 0.203785 47.9228
-0.0320109 0.169012 14.3099
-0.0255772 0.209 -1.31001
-0.0561957 0.0703021 31.5207
-0.066556 0.0759095 30.5534
-0.0683701 0.0907364 27.739
-0.120333 0.0952563 29.5297
-0.124055 0.0980073 29.5541
-0.110434 0.1552 16.3568
-0.112014 0.111761 25.3973
-0.117454 0.128803 23.148
-0.125615 0.116849 27.0752
-0.0947408 0.0772947 29.3529
-0.0421117 0.108555 11.2503
0.0162972 0.184853 -18.0953
-0.0829485 0.353325 -24.5442
-0.104469 0.16886 16.7044
-0.101487 0.470212 -43.8811
-0.0508457 0.549372 -75.6923
-0.0305737 0.613425 -94.9895
-0.0391268 0.134626 9.57996
-0.00479075 0.146366 -7.51464
0.00301035 0.0776233 3.98544
0.0097651 0.125337 -9.08867
0.00688383 0.117505 -6.04494
-0.171489 -0.030675 121.786
-0.114416 -0.109885 109.408
-0.0794857 0.179114 20.3112
-0.107413 0.184444 34.3876
-0.0740759 0.232269 5.80689
0.0223448 0.136449 -29.8552
-0.0427573 0.0502272 27.2087
-0.0534362 0.224588 -3.16448
-0.0421864 0.221874 -9.90724
-0.0621435 0.232827 1.23052
-0.0515478 0.204049 -0.0212123
-0.0147608 0.1082 -7.04211
0.0015131 0.0425436 -6.71487
0.000794354 -0.0180722 4.28194
0.0122211 0.0404947 -14.4955
0.0122211 0.0404947 -14.4955
-0.10004 0.00866144 80.9574
0.0932234 0.0348664 -82.6924
0.0576209 -0.00942203 -42.687
0.0547809 0.0362478 -48.9982
0.0827245 0.129336 -90.5273
0.0045301 0.111272 -13.7396
-0.0050604 0.110021 -4.4118
-0.193201 0.00138816 214.211
-0.155808 0.0806193 160.786
0.0287127 -0.00344963 -12.1674
-0.164741 0.151397 155.538
0.0171874 -0.307907 52.0563
0.171719 0.220098 -221.678
-0.00769799 -0.00126043 17.0298
-0.00343386 5.26568e-05 12.8441
0.00123362 -0.420733 94.9302
0.212865 -0.0832725 -219.865
-0.100238 0.242705 83.0829
-0.0418718 0.159978 29.2069
-0.0705911 0.187073 58.9246
-0.0464901 0.055091 34.7506
-0.047407 0.0734264 30.6488
-0.0295357 0.0742783 29.8952
-0.0804528 0.106121 25.1335
-0.0999678 0.131286 21.2832
-0.0807849 0.141238 16.7413
-0.102726 0.181469 9.96896
-0.0550358 0.171728 14.8487
-0.0715553 0.19904 0.945133
-0.0325265 0.0100231 41.5287
-0.0581551 -0.00155636 48.5897
-0.0948489 0.354236 -20.469
-0.112688 0.0881104 42.2334
-0.0369487 0.154243 6.04196
-0.0798104 0.420998 -39.2449
-0.0457043 0.130964 14.3166
-0.0302418 0.146708 3.81809
-0.0345137 0.149303 4.94043
-0.0382152 0.169421 1.48435
0.00235011 0.128719 -5.79865
-0.00490971 0.151494 -7.7203
-0.0245694 0.137052 3.93354
-0.370049 -0.0951674 232.037
-0.0662309 -0.181258 99.9008
-0.0713023 0.219704 7.16009
-0.0705366 0.236587 3.1302
-0.0427301 0.27506 -21.0127
-0.036223 0.252241 -19.9906
-0.0207341 0.273607 -34.1386
-0.0127156 0.317628 -48.955
-0.0463249 0.307713 -25.2232
-0.0502299 0.311158 -22.5338
-0.0818766 0.261978 8.87342
-0.04853 0.169788 5.15469
-0.041598 0.1434 5.52121
-0.0616415 0.11953 25.7895
0.0391084 0.236813 -79.9606
0.0223895 0.012323 -18.007
0.0214506 0.158296 -48.2951
0.0347613 0.0287054 -30.761
0.0340427 0.0125381 -26.6377
0.0313275 0.0271754 -27.4088
0.199163 0.138337 -197.843
0.131622 0.230421 -166.602
0 0.0178627 4.16545
0.0355885 0.0281305 -31.5445
0.0188761 0.0286566 -15.1968
0.0259243 0.27955 -76.148
-0.000268097 0.166028 -23.3994
-0.00223096 0.158979 -19.3274
-0.107738 -0.202087 180.435
0.0273445 0.0282091 -24.0725
-0.0085649 0.24616 -26.8045
0.739209 -0.272456 -775.75
-0.230756 0.0513344 282.034
-0.0396093 0.152641 29.1396
-0.0852764 0.173732 79.798
-0.0257902 1.09076 -219.437
-0.0355572 0.0296003 40.7104
-0.0399141 0.0406262 38.1627
-0.0621599 0.0352847 40.5665
-0.0805432 0.0633635 35.1514
-0.0856398 0.0849426 30.8568
-0.0613753 0.087537 27.514
-0.0551615 0.144388 12.7781
-0.0545358 0.110861 19.9765
0.00586944 0.114056 7.60783
-0.0237892 0.0595084 26.911
-0.0296223 0.176526 -1.42378
-0.0448567 0.151825 7.9881
-0.0623185 0.166068 9.13253
-0.0469504 0.133012 13.8496
-0.0176106 0.129449 6.45459
-0.10264 0.0947976 42.509
-0.0373556 0.142343 8.02788
-0.0369127 0.144575 7.21378
-0.0147648 0.154313 -4.01391
-0.0222774 0.150463 -0.326519
-0.0126494 0.171064 -9.31796
-0.0360815 0.212116 -9.79403
0.0122867 0.188916 -26.2656
-0.0573986 0.188196 9.54936
-0.0414837 0.260974 -17.7893
-0.0393746 0.27604 -23.3981
-0.0282791 0.28119 -30.4859
-0.037256 0.312902 -32.582
-0.00603714 0.235348 -34.0835
-0.013143 0.334059 -52.1612
-0.0234275 0.341925 -47.4185
0.0405919 0.333407 -87.9673
0.0579719 0.281511 -86.2578
0.0561211 0.27829 -84.2821
-0.0245079 0.219347 -23.8207
-0.0370936 0.239498 -19.1744
-0.0524292 0.242555 -8.18298
-0.0443379 0.241625 -14.7783
0.0339073 0.174736 -59.5525
0.037781 -0.00646066 -26.476
0 0.39853 -87.4791
-0.0216223 0.007896 24.3983
0.0211104 0.0285835 -18.0136
0.00407227 0.489588 -114.525
-0.0032219 0.581397 -131.063
-0.0130208 0.0224609 18.4717
-0.0293242 -0.0473818 51.5812
0.0209962 0.214068 -55.5617
-0.0112981 0.164843 -10.1042
-0.0326884 0.121383 22.5161
-0.0263559 0.125412 14.6425
0.0338153 0.0116127 -22.8689
0.0363668 0.207636 -74.2077
-0.0109764 0.238752 -24.5578
-0.0291278 0.202938 5.62433
-0.0652151 0.178153 54.7153
-0.0107335 -0.001994 43.8445
-0.0258026 1.08747 -218.574
-0.0308825 0.00304165 47.4916
-0.0347701 0.0115821 45.3362
-0.0212336 0.00603013 46.2091
-0.0608825 0.013402 46.2734
-0.0582643 0.0271536 42.09
-0.0483013 0.0780814 28.1131
-0.0383246 0.0989493 21.0678
-0.0319934 0.134396 9.37478
-0.0216998 0.149475 3.76255
-0.0263164 0.150767 4.39771
-0.0379882 0.157698 5.95325
-0.0677379 0.16981 9.66797
-0.0773677 0.154503 16.0441
-0.0395666 0.135273 10.3208
-0.0481631 0.115498 18.7166
-0.0423078 0.140842 10.732
-0.0558118 0.150888 11.8084
-0.0352141 0.142137 6.48741
-0.0213582 0.143258 1.45277
-0.0147829 0.145265 -1.97476
-0.00322915 0.231388 -29.2013
-0.0363228 0.237981 -15.4451
-0.0134969 0.218747 -21.1516
-0.015065 0.225896 -22.3113
-0.00152547 0.242895 -34.6722
-0.00425689 0.269959 -40.5669
0.00835708 0.301232 -55.7683
-0.00635441 0.309558 -48.6291
-0.0666941 0.286182 -5.32035
-0.0312296 0.305367 -32.8746
-0.0354292 0.290335 -25.9353
0.0455198 0.276916 -76.9102
0.051085 0.28762 -83.5578
0.0532749 0.279359 -82.541
0.0558225 0.274056 -82.9799
0.0685378 0.236756 -81.7031
0.0138366 -0.401506 122.121
0.0138366 -0.401506 122.121
0.0131367 0.377604 -82.5142
0.0454061 0.195056 -74.419
0 0.193428 -23.1051
-0.267935 -0.197837 319.365
-0.0315129 -0.149304 92.0843
-0.152342 0.136221 137.486
-0.0188379 0.297784 -32.2303
0 -0.407827 134.405
0 0.248745 -37.2727
0 0.257163 -39.6143
-0.00675152 0.253641 -31.5691
-0.0322535 0.351537 -30.0385
0.053613 0.331817 -117.752
0.021518 -0.409124 111.146
0.00753946 -0.00993823 23.6046
0.0118594 -0.0051182 17.1773
0.0118764 -0.00494481 17.1111
0.0118093 -0.00459573 17.0982
0.0113985 -0.00451272 17.5793
0.0338264 -0.0600662 5.19475
-0.0270631 -0.0139649 52.1219
-0.023398 -0.012903 51.713
-0.017525 0.0102968 44.7292
-0.0373284 0.0444862 34.7487
-0.023509 0.0529078 31.9371
-0.0466742 0.0421447 37.738
-0.273599 -0.613391 258.853
-0.0361448 0.11971 14.5458
-0.00761113 0.147994 1.85933
-0.0291692 0.171481 -1.08067
-0.022782 0.16688 -0.74672
-0.0392437 0.184307 -1.69444
-0.0726698 0.190247 4.65903
-0.0381439 0.116255 15.3529
0.0270033 0.0380503 20.1647
-0.0721372 0.14713 19.5237
-0.0757386 0.146782 20.7162
-0.0590994 0.151508 12.926
-0.0771186 0.275393 -7.17181
-0.0838033 0.258467 1.00533
-0.0711033 0.271934 -9.2539
-0.0543641 0.250026 -10.4032
-0.0421389 0.247613 -15.6664
-0.0242093 0.219073 -15.7652
-0.0135853 0.241597 -28.0362
0.00610963 0.252346 -41.5924
0.0210258 -1.03149 325.794
-0.0425012 0.264283 -14.7667
-0.0604954 0.224256 8.13801
-0.0802954 0.201991 27.004
-0.0705047 0.19808 22.0912
0.0776581 0.283191 -101.415
0.0406048 0.300837 -79.7373
0.0467718 0.277977 -77.5453
0.0580059 0.269361 -83.2527
0.0444885 0.232618 -62.1477
0.0291627 0.140903 -23.5114
0.0107477 0.0781549 9.4914
-0.00609253 0.0306162 37.1122
0.00493271 -0.00544258 0.405217
0 -0.199463 102.859
0.00589804 -0.112977 72.1573
0.00814643 -0.199913 95.5863
0 -0.0918087 71.2154
0.00817399 -0.22301 102.124
0 -0.0918087 71.2154
0.00831332 -0.198138 94.1865
0 -0.0918087 71.2154
0 0.556985 -122.953
0 -0.0918087 71.2154
0 -0.199463 102.859
0 -0.0918087 71.2154
-0.0226223 -0.165887 119.354
-0.0228645 -0.165016 119.378
-0.0167977 -0.191618 120.015
-0.00874895 -0.192916 110.863
-0.00653436 -0.192906 108.196
-0.00635513 -0.193045 108.016
-0.0316219 -0.0198257 53.8734
-0.0284114 -0.0245165 55.2121
-0.00638221 -0.026657 54.7047
0 0 -1
-0.0768636 0.339942 -41.1746
-0.0710187 0.717412 -164.154
0.261007 -0.1828 60.8694
0.100349 1.5677 -445.513
0.00257182 0.135229 3.71333
0.000812716 0.159734 -3.61151
0.000312776 0.159925 -3.61875
-0.0268088 0.170674 -0.306282
-0.0320531 0.00467158 39.1028
-0.0168979 0.097695 13.603
0.184364 0.0189204 -23.5219
-0.0142346 0.099545 13.7071
-0.0342717 0.107437 18.1841
-0.0578308 0.24106 -4.00873
-0.0617974 0.237009 -1.8393
-0.0647546 0.240053 -1.25238
-0.0922209 0.255929 5.387
-0.0735754 0.238765 1.8629
0.0509866 -2.18066 727.664
0.0251039 0.0148695 16.2397
-0.125143 0.025902 100.129
0.000649536 0.0121746 21.7457
0.00093587 0.0180853 19.7065
-0.0976818 0.25474 20.9322
-0.115636 0.197379 49.7792
-0.123476 0.134592 73.9963
-0.0893687 0.118067 57.0801
0.0212706 0.287912 -62.321
0.0333188 0.260623 -61.9341
0.0367847 0.261143 -64.9079
0.0398662 0.28111 -73.7197
0.0336081 0.286826 -70.8215
0.0232418 0.324155 -74.3515
-0.0054511 0.347099 -58.7397
-0.0225484 0.355197 -47.3818
-0.0338282 1.08741 -282.27
-0.0433768 0.218069 13.6617
0.00546827 0.253982 -40.2899
0 0.242891 -31.7746
-0.0386086 0.211601 13.927
-0.012154 0.237228 -18.4471
0 0.526143 -121.964
0 0.526143 -121.964
0.00580946 0.347056 -70.9145
0.00132329 0.240357 -32.4232
0 0.335287 -61.2216
0 0.242891 -31.7746
0 0.240122 -30.97
0 0.335287 -61.2216
-0.209221 0.190775 249.708
0.00815222 0.163401 -16.8258
0.00135019 0.179441 -13.8535
-0.00221713 0.189757 -12.8041
-0.00419037 0.1938 -11.6656
0.0231044 0.446685 -139.099
0.023283 0.447006 -139.217
0.0246378 0.447227 -139.364
0.0260056 0.456314 -142.38
-0.0788259 0.340474 -41.161
-0.0817743 0.344617 -42.2322
-0.0341642 -0.013182 140.081
0.0190674 0.122196 4.85296
0.0196196 0.121657 4.92063
0.0102842 0.140276 0.694388
0.00540831 0.155207 -3.37856
-0.0283852 0.121451 16.2436
-0.0508598 0.0642782 40.5975
0.023254 0.108653 -1.47218
0.0110623 0.0949515 6.7767
-0.00520365 0.0931384 12.4755
-0.00772681 0.220123 -17.3805
-0.0325849 0.184336 3.87172
-0.0608553 0.218124 4.03475
-0.0954169 0.202052 23.7532
-0.0703966 0.21626 8.0997
-0.026069 0.22629 -15.6588
0.0545772 0.156802 -30.3047
0.0554727 0.13744 -23.5971
0.00841737 0.209563 -31.3598
-0.131276 0.0307631 101.763
0.0536048 0.135711 -25.1474
0.0581637 0.131538 -26.4107
0.0623007 0.110067 -21.4696
0.0509506 0.0800827 -4.30438
-0.0888366 0.113004 57.7427
-0.00779699 0.290598 -43.2547
0.00458521 0.250705 -38.6278
0.0611411 0.240716 -75.645
0.0490111 0.268897 -76.0312
0.0739286 0.281708 -99.8273
0.085564 0.316526 -120.138
0.00635975 0.345385 -67.6765
-0.0195774 0.355196 -49.8215
0.030169 1.01314 -313.447
0.0595558 0.306731 -96.1411
0 -0.151321 100.846
0 0.587304 -143.767
0 -0.151321 100.846
-0.0791137 0.341097 14.3234
0.00223654 0.511997 -121.331
-0.0559416 0.453624 -43.7317
-0.000730633 -0.152596 102.016
0 0.446983 -96.8897
0.0947106 0.387917 -178.742
0 -0.151321 100.846
-0.00764748 0.126246 23.8834
0.0121413 0.394506 -94.2012
-0.209814 0.194191 249.256
0 -0.0725446 79.0112
0.00546641 -0.158667 82.1889
-0.0149983 0.153741 37.0768
-0.0149983 0.153741 37.0768
-0.00404374 0.0929317 18.5691
-0.00404374 0.0929317 18.5691
-0.00404374 0.0929317 18.5691
-0.0981516 -0.416217 224.256
0.0130144 0.121298 6.09184
0.0131505 0.121294 6.0709
0.0144003 0.121285 5.90049
0.0174474 0.121267 5.43302
0.026824 0.120596 3.95135
0.0186714 0.130878 2.10024
-0.0118261 0.135367 7.20338
-0.0516502 0.104081 27.7358
-0.0703371 0.0832516 39.6661
-0.0663264 0.0785149 40.1541
-0.0554927 0.228907 -4.15425
-0.0432931 0.231467 -9.3625
-0.0254134 0.206402 -6.37612
-0.0524561 0.183237 12.0901
-0.0642239 0.168179 22.2508
-0.0626264 0.196162 11.3632
-0.0883083 -0.997979 435.621
-0.00930407 0.203564 -15.8792
0.0227549 0.179276 -22.7882
0.0499173 0.139575 -21.8795
0.0234687 0.121406 -1.74816
0.00400911 0.124324 7.37301
0.0317518 0.136613 -12.918
0.0512503 0.129324 -21.5793
0.0406393 0.0968129 -3.34965
0.000298668 0.0686888 31.883
-0.0196947 0.138762 19.6876
-0.0443737 0.271679 -11.5077
-0.0223584 0.25178 -19.9323
0.0331536 0.251338 -59.6253
0.0911635 0.258848 -104.4
0.0633482 0.292414 -94.4453
0.0601561 0.30909 -97.4001
0.0326308 0.329216 -83.2137
0 -0.109794 71.7307
0.0607832 0.304308 -96.3834
0.00903178 0.144618 2.87812
-0.020607 0.00133564 80.0496
0.00927132 0.0246764 44.5832
0.0143965 -0.0155556 54.181
0.00439917 0.236905 -26.899
0 0.0310232 50.8212
0 0.0331804 49.8988
0.00844587 0.242955 -33.48
-0.00469215 0.241193 -19.2906
-4.41135e-07 0.225426 -18.5851
0 0.225426 -18.5856
-0.00428463 0.124687 21.0334
-0.000965235 0.120946 18.7854
0.00473267 0.120776 12.6894
-0.0103159 0.154775 17.908
0.000914688 -0.140589 81.4098
0.00547348 -0.158806 82.2288
-0.0114734 0.182507 9.01935
-0.07476 -0.437763 229.812
-0.0745011 -0.438924 230.22
-0.0717589 -0.441143 230.899
-0.0653144 -0.444422 231.665
-0.0359781 -0.323354 184.267
-0.0131182 -0.246891 153.55
-0.000447517 -0.195479 132.877
0.0106421 -0.144632 112.382
0.0190341 -0.0943144 92.3115
0.0242313 -0.0444812 72.8688
0.025309 0.00492599 54.3651
0.02166 0.0539764 37.0965
0.0122554 0.10275 21.506
-0.00273316 0.151338 7.7558
-0.0262375 0.200904 -3.47502
-0.0470883 0.229518 -7.1821
-0.0463295 0.207525 0.710885
-0.0533212 0.179235 13.792
-0.0602627 0.186599 13.7626
-0.0599314 0.186905 13.4902
-0.0500429 0.197476 5.21932
-0.0288787 0.208033 -8.36229
-0.00354816 0.192095 -14.5295
0.0133932 0.13889 -3.15624
0.0145649 0.113191 5.79115
0.0151981 0.128041 -0.102782
0.0243334 0.148677 -12.9017
0.0280176 0.12704 -6.95756
0.0155188 0.0852529 16.1512
-0.00532388 0.0786163 31.6474
-1.31787 0.256761 846.235
-0.0443495 0.231286 3.08073
-0.0325566 0.237556 -7.61032
0.0484469 0.225211 -61.2881
0.101985 0.20292 -92.718
0.118234 0.245172 -119.766
0.0788896 0.263764 -96.2132
0.0228974 0.291275 -61.8961
-0.00756716 0.211992 -7.70079
0.0615377 0.302451 -96.4189
0.061267 0.303261 -96.4622
0.0100881 0.150653 0.0366437
0.015042 0.219839 -32.673
0 0.0484375 44.9495
0.00332178 0.251151 -33.6775
0 0.0484375 44.9495
0 0.0484375 44.9495
0 0.268059 -36.8466
-0.0059133 0.252667 -24.8479
0 0.262944 -35.051
-0.00807971 0.126252 24.3106
-0.00807971 0.126252 24.3106
-0.0103159 0.154775 17.908
-0.0306261 0.206329 21.4828
-0.0104258 0.155266 17.8571
-0.0109212 0.157154 17.7445
-0.0114734 0.182507 9.01935
-0.0114734 0.182507 9.01935
