0 1 3
1 3 3
3 4 3
4 7 1
7 8 0
8 9 3
9 10 0
10 11 1
11 12 0
12 14 3
14 16 3
16 17 0
17 18 2
18 19 1
19 20 3
20 22 3
22 85 0
85 87 3
87 201 3
143 201 3
91 143 3
91 96 3
92 96 3
40 92 3
40 98 3
98 392 3
275 392 3
52 275 3
48 52 0
48 53 0
53 54 3
54 55 3
55 57 3
49 53 0
48 49 3
1 5 0
3 5 0
14 70 3
12 70 3
4 5 0
94 143 3
91 94 3
55 113 1
57 113 1
14 72 3
16 72 3
16 73 3
18 77 1
19 77 0
53 168 3
49 168 0
72 73 3
85 139 1
1 59 1
22 139 0
0 59 1
5 60 1
52 166 3
57 115 1
1 60 1
5 7 1
17 75 1
166 275 3
48 166 0
54 168 3
113 115 3
0 58 1
70 72 3
18 75 3
58 59 1
5 61 1
6 7 1
6 8 1
59 60 0
60 61 1
5 6 3
54 113 1
6 9 1
11 70 0
20 77 0
143 204 3
40 96 3
5 63 1
6 10 3
16 75 3
201 204 3
16 132 3
22 195 0
159 392 0
54 170 1
113 170 3
6 11 1
72 129 3
73 132 3
75 132 3
20 195 0
159 275 0
6 63 1
6 123 1
20 135 0
5 121 1
63 123 1
6 66 1
6 70 1
18 134 3
77 135 0
139 195 0
54 172 3
63 121 1
66 123 0
77 134 2
167 168 3
168 172 3
61 121 0
63 122 1
49 167 0
122 123 3
75 134 3
96 270 3
48 106 3
70 129 3
135 195 3
40 270 3
106 166 0
49 106 3
170 172 0
6 127 1
113 171 3
115 171 3
6 125 1
66 125 0
6 126 1
85 140 1
87 142 1
142 201 0
201 203 3
40 271 3
98 271 3
61 120 0
120 121 3
125 126 2
61 119 0
70 127 1
72 130 3
139 140 3
203 204 3
59 117 0
60 117 1
60 119 1
75 133 3
126 127 2
132 133 3
217 275 0
170 171 3
58 116 1
66 124 0
127 128 0
70 128 3
85 142 1
159 217 3
116 117 3
119 120 3
123 124 3
124 125 0
128 129 3
94 204 3
115 173 3
135 137 3
140 142 0
215 392 3
60 118 1
129 130 3
73 130 3
73 190 3
133 134 3
96 268 3
98 215 3
171 173 3
118 119 3
121 122 3
134 135 3
91 268 3
268 270 3
270 271 3
130 190 3
132 190 3
137 195 3
168 401 3
117 118 3
159 215 0
167 401 3
204 263 1
94 263 1
105 166 3
105 106 1
130 188 3
94 265 3
91 265 3
215 271 3
135 194 3
94 207 3
129 188 3
137 194 3
139 198 3
207 263 1
105 275 3
129 186 3
195 198 1
140 198 3
128 186 3
91 266 3
168 227 3
172 227 3
133 190 3
265 266 3
266 268 3
106 276 0
49 276 0
133 191 3
134 191 3
222 276 0
134 193 3
135 193 3
207 265 3
227 401 3
170 229 2
171 229 1
121 179 0
127 185 0
120 179 0
128 185 3
193 194 3
167 276 3
142 198 1
116 174 0
117 175 0
118 176 0
119 177 2
120 178 2
122 180 0
123 181 2
124 182 0
125 183 3
125 184 3
126 184 0
126 185 0
130 189 3
189 190 3
195 254 3
174 175 3
175 176 3
176 177 1
177 178 3
179 180 3
180 181 1
181 182 0
125 182 3
184 185 3
137 254 3
142 203 2
105 276 3
171 287 2
173 287 2
178 179 0
218 275 0
229 287 0
217 218 3
183 184 3
186 188 3
190 191 3
172 229 1
191 193 3
185 186 3
198 257 3
182 183 3
188 189 3
190 249 3
204 381 3
142 200 1
200 203 3
263 381 0
198 200 3
203 381 3
167 285 3
285 401 3
191 249 3
270 327 3
193 310 3
194 310 3
268 327 3
167 283 3
200 257 3
159 332 0
276 283 3
185 244 2
186 244 0
217 332 0
227 285 3
248 249 3
254 255 1
195 255 1
271 330 3
215 330 3
283 285 3
186 245 3
188 245 3
198 255 3
137 253 3
193 251 3
194 253 3
215 332 3
188 246 3
189 246 3
251 310 3
268 324 3
324 327 3
244 245 1
189 249 3
193 249 3
266 324 3
174 232 0
175 233 0
176 234 0
177 235 0
178 235 0
178 236 0
179 237 3
180 238 3
181 239 2
182 240 3
183 240 3
183 242 3
184 242 3
185 243 3
189 247 3
189 248 3
249 251 3
232 233 3
233 234 3
234 235 3
236 237 3
237 238 3
238 239 3
239 240 3
242 243 3
243 244 2
200 374 3
203 374 3
235 236 3
183 241 3
247 248 3
255 257 3
227 229 1
240 241 3
241 242 3
246 247 3
247 305 3
248 305 1
245 246 3
263 265 0
253 310 3
218 332 0
215 331 3
270 330 3
330 331 3
331 332 3
231 287 1
246 304 3
253 254 3
331 439 3
227 344 3
229 344 0
327 389 3
327 330 3
287 344 3
257 315 3
254 313 3
255 313 3
389 557 3
275 332 3
255 372 3
255 315 3
557 617 3
249 309 2
251 309 3
257 374 3
263 380 0
265 380 3
285 343 3
227 343 3
253 311 3
254 311 3
254 312 3
265 382 3
330 389 3
245 304 3
246 305 3
249 305 3
309 310 3
311 312 3
312 313 3
315 372 3
380 382 3
244 302 1
380 381 3
265 324 3
283 343 3
232 290 2
233 291 2
234 292 2
235 293 2
236 294 2
237 295 1
238 296 1
239 297 1
240 298 3
241 300 3
242 300 3
243 301 3
243 302 3
245 302 3
324 389 3
332 391 3
275 391 3
290 291 3
291 292 3
292 293 3
293 294 3
294 295 0
295 296 3
296 297 3
297 298 3
241 298 3
242 301 3
249 366 3
324 382 3
241 299 3
301 302 3
203 380 3
343 344 3
298 299 3
304 305 3
313 372 3
330 439 3
315 374 3
324 325 3
300 301 3
309 366 3
389 617 3
105 397 3
324 326 3
326 389 3
276 397 3
299 300 3
249 364 3
275 451 3
105 451 3
276 341 3
245 361 3
305 364 3
310 311 3
203 434 3
283 341 3
302 361 3
304 361 3
310 426 3
374 434 3
433 434 3
325 326 3
325 382 3
389 439 3
231 344 1
397 451 3
341 343 3
249 365 3
391 451 3
364 365 3
365 366 3
343 400 3
341 400 3
309 367 3
371 372 3
315 373 3
295 354 3
296 354 3
299 357 3
302 360 3
373 374 3
380 434 3
382 438 3
300 357 3
300 359 3
301 359 3
301 360 3
305 363 3
366 367 2
310 367 3
310 369 3
313 371 3
380 438 3
326 557 3
304 363 3
367 426 3
369 426 3
311 369 3
331 390 3
332 390 3
341 397 3
290 348 3
291 349 3
292 350 3
293 351 1
294 352 0
295 353 3
297 355 3
298 356 3
300 358 3
304 362 3
312 369 3
390 391 3
231 346 1
348 349 3
349 350 3
350 351 1
351 352 0
352 353 3
354 355 3
355 356 3
298 357 3
344 346 3
353 354 3
356 357 3
357 358 3
359 360 3
358 359 3
362 363 3
363 364 3
313 369 3
390 439 3
360 361 3
361 362 3
380 435 3
365 424 3
367 484 2
374 433 3
434 435 3
344 516 3
372 373 3
374 432 3
343 516 3
435 437 3
380 437 3
502 617 3
432 433 3
438 497 3
400 516 3
346 516 3
439 617 3
326 617 3
373 432 3
367 425 3
363 422 3
364 422 3
366 425 2
424 425 2
360 419 3
361 419 3
364 423 3
365 423 3
313 428 3
437 438 3
369 428 3
382 497 3
341 514 3
346 402 3
358 416 3
359 417 3
426 427 3
369 427 3
325 497 3
397 514 3
402 516 3
359 416 3
360 417 3
348 406 0
349 407 0
350 408 2
351 409 1
354 412 1
354 413 1
355 413 1
356 414 3
357 415 3
363 421 3
366 424 3
427 428 3
313 429 3
371 429 3
326 497 3
341 399 3
399 400 3
406 407 1
407 408 1
408 409 3
352 409 1
413 414 3
414 415 3
415 416 3
360 418 3
362 421 3
422 423 3
373 431 3
391 450 3
352 410 1
416 417 3
417 418 3
421 422 3
423 424 3
425 484 2
428 429 3
372 431 3
399 514 3
352 411 1
353 411 1
354 411 1
418 419 3
390 450 3
450 451 3
411 412 3
362 419 3
409 410 0
410 411 3
412 413 3
429 430 3
371 430 3
371 431 3
435 495 2
497 617 3
390 506 3
430 431 3
431 432 3
421 478 3
437 495 2
362 478 3
450 506 1
397 511 3
511 514 3
435 493 2
399 516 3
414 472 3
419 477 3
434 493 2
419 478 3
494 495 3
439 563 3
390 563 3
451 511 3
415 472 3
435 494 2
402 576 1
410 468 3
413 471 3
421 479 3
422 479 3
409 468 0
423 481 3
451 510 3
408 466 2
408 467 2
409 467 0
415 473 3
416 473 3
417 475 3
424 483 3
426 484 3
427 484 3
427 485 3
431 433 3
450 510 3
510 511 3
406 464 3
407 465 3
407 466 3
411 468 3
412 470 3
412 471 3
472 473 3
418 477 3
422 481 3
424 482 3
425 483 3
428 485 3
464 465 1
465 466 3
466 467 3
411 470 3
470 471 3
413 472 3
416 474 3
417 474 3
418 475 3
422 480 3
424 481 3
482 483 3
431 489 1
438 495 2
438 496 2
411 469 3
469 470 3
477 478 3
483 484 3
496 497 3
467 468 3
468 469 3
474 475 3
479 480 3
480 481 3
481 482 3
473 474 3
478 479 3
429 485 3
433 489 1
506 563 3
471 472 3
386 510 3
402 578 3
485 487 1
430 485 3
433 491 1
434 491 1
495 496 3
386 450 3
386 446 3
484 485 3
430 487 1
433 548 1
493 494 3
446 509 1
399 574 3
402 517 3
475 477 3
477 534 2
485 544 1
430 489 1
489 548 3
491 493 0
493 550 1
506 564 3
450 564 1
516 574 3
516 517 3
477 535 3
487 544 3
346 578 2
491 550 3
475 534 2
534 535 3
493 551 3
548 549 3
433 549 1
550 551 3
511 568 1
514 568 1
430 546 1
479 538 2
487 546 0
497 555 3
497 556 3
514 573 3
484 542 1
496 555 3
555 556 3
478 536 2
485 542 1
489 546 3
491 549 3
510 568 1
346 579 2
484 541 1
496 554 3
556 617 3
517 576 1
466 523 3
482 540 1
483 541 1
495 554 3
617 619 3
517 574 3
578 579 3
465 523 3
467 525 3
533 534 3
480 538 2
481 538 2
481 540 1
502 619 3
472 530 3
473 530 3
539 540 3
482 541 1
487 545 3
545 546 0
489 547 3
494 552 3
495 552 3
563 564 3
464 522 1
468 526 3
469 526 3
469 528 3
470 528 3
471 528 3
478 535 3
479 536 2
541 542 3
493 552 3
495 553 3
386 568 1
568 573 0
522 523 3
467 526 3
469 527 3
475 533 3
540 541 3
485 543 1
543 544 1
553 554 3
466 524 3
525 526 3
527 528 3
471 529 3
536 537 3
479 537 2
546 547 3
523 524 3
471 530 3
535 536 3
537 538 3
481 539 1
542 543 3
547 548 3
549 550 3
552 553 3
554 555 3
402 634 1
528 529 3
538 539 1
551 552 3
563 617 3
399 573 3
573 574 3
576 634 1
466 525 3
526 527 3
474 532 3
563 619 3
386 564 1
517 634 1
524 525 3
473 531 3
474 531 3
544 545 3
530 531 3
517 573 3
531 532 3
475 532 3
544 601 0
402 636 1
532 533 3
578 636 3
529 530 3
634 636 2
538 596 2
539 596 3
543 601 3
555 614 3
556 614 3
615 617 2
545 603 3
563 621 3
532 590 1
533 591 1
534 536 3
546 603 1
556 615 3
568 628 0
531 589 1
532 591 1
619 621 3
564 621 0
573 628 1
517 633 0
525 583 3
526 584 3
534 591 3
551 608 3
555 613 3
446 626 3
579 636 3
523 581 3
524 583 3
526 583 3
527 584 3
529 586 3
530 586 3
532 589 1
550 608 2
554 612 3
554 613 3
524 581 3
527 585 3
528 586 3
589 590 3
590 591 2
534 594 3
536 594 3
596 597 3
542 600 3
544 602 3
545 602 2
549 607 3
549 608 3
551 610 3
552 610 3
553 612 3
613 614 3
524 582 3
530 589 1
537 594 3
537 596 2
539 597 3
541 599 3
541 600 3
547 605 3
548 605 3
548 606 3
548 607 3
386 628 1
522 580 3
522 581 3
582 583 3
527 586 3
542 601 3
606 607 3
607 608 3
502 615 2
579 637 0
580 581 3
581 582 3
537 595 2
595 596 3
540 598 3
540 599 3
599 600 3
546 605 3
605 606 3
553 610 3
614 615 3
633 634 2
636 637 0
585 586 3
591 594 3
594 595 3
539 598 3
598 599 3
601 602 1
583 584 3
584 585 3
586 587 1
600 601 3
546 604 3
386 621 3
530 587 1
604 605 3
608 610 3
612 613 3
502 558 3
587 589 0
597 598 3
602 603 2
610 612 3
558 615 3
621 622 1
446 621 3
603 604 0
611 612 3
446 622 1
446 680 3
608 667 3
603 661 2
610 667 3
610 668 3
590 649 3
610 611 3
591 649 0
594 650 0
591 650 0
587 646 0
589 646 3
589 647 3
587 645 0
645 646 3
646 647 3
595 650 3
558 619 3
634 693 2
636 695 0
637 695 3
602 661 2
573 687 1
517 690 1
633 690 1
636 693 3
607 665 3
573 690 1
586 644 3
587 644 0
597 655 3
598 655 3
598 657 3
599 657 3
628 687 3
634 692 0
693 695 0
600 658 3
601 659 3
602 659 0
608 666 3
667 668 3
611 668 3
633 691 1
633 692 0
644 645 3
590 647 3
649 650 3
650 652 3
599 658 3
601 658 3
606 665 3
607 666 3
585 644 3
598 656 3
603 662 2
604 662 3
613 671 1
614 730 1
615 730 1
580 638 3
581 639 3
585 643 3
596 655 3
655 656 3
656 657 3
658 659 3
602 660 0
612 671 1
614 671 1
558 730 1
692 693 3
638 639 3
582 639 3
643 644 3
595 652 3
596 654 3
657 658 3
659 660 3
660 661 3
691 692 3
582 640 3
584 642 3
585 642 3
661 662 3
605 662 3
606 664 3
665 666 3
666 667 3
694 695 0
583 641 3
584 641 3
642 643 3
605 664 3
612 670 1
693 694 1
639 640 3
650 651 3
654 655 3
664 665 3
670 671 3
647 649 3
671 730 3
573 806 1
690 806 1
583 640 3
612 668 3
641 642 3
668 670 3
662 664 3
446 631 3
687 806 1
640 641 3
662 720 3
621 631 3
386 687 1
661 720 3
619 631 3
670 727 3
559 730 1
558 559 3
595 711 3
668 727 3
558 631 3
652 711 3
596 711 3
642 700 3
647 705 3
649 705 3
649 706 3
654 712 3
655 713 3
649 707 3
650 709 3
651 709 3
656 713 3
650 707 3
655 712 3
664 721 3
665 723 3
643 701 3
705 706 3
662 721 3
644 701 3
706 707 3
650 708 3
652 710 3
707 708 3
708 709 3
710 711 3
658 716 3
691 749 1
693 752 1
694 752 3
695 752 2
638 696 3
639 697 3
640 697 3
643 700 3
644 702 3
651 710 3
650 710 3
596 712 3
657 715 3
659 716 3
659 717 3
721 722 3
664 722 3
665 722 3
670 728 3
633 749 1
692 750 1
693 751 1
696 697 3
640 698 3
641 699 3
641 700 3
645 702 3
645 703 3
646 705 3
711 712 3
656 715 3
658 715 3
666 724 1
749 750 3
750 751 3
751 752 3
695 753 2
697 698 3
701 702 3
712 713 3
715 716 3
660 718 3
661 718 3
722 723 3
667 724 3
668 726 3
726 727 3
670 729 3
671 729 3
690 749 1
752 753 3
640 699 3
709 710 3
659 718 3
666 723 1
667 726 3
698 699 3
720 721 3
727 728 3
729 730 3
699 700 3
716 717 3
723 724 3
700 701 3
646 703 3
646 762 3
717 718 3
702 703 3
724 783 3
667 783 2
728 729 3
656 772 1
715 772 1
726 783 3
558 910 1
631 910 1
705 762 3
749 806 1
703 762 3
699 757 3
700 757 3
713 772 1
730 788 3
729 788 3
559 788 1
698 756 3
661 777 3
720 777 3
721 779 3
699 756 3
718 776 3
722 779 3
727 784 3
702 761 3
703 761 3
708 766 3
708 767 3
709 767 3
718 777 3
697 756 3
701 759 3
713 771 3
716 774 3
702 760 1
706 764 3
707 765 3
708 765 3
710 767 3
712 771 3
717 774 3
720 779 3
726 784 3
752 810 1
753 810 1
696 754 3
697 755 3
755 756 3
756 757 3
760 761 1
705 763 3
705 764 3
766 767 3
711 769 3
712 769 3
712 770 3
715 774 1
717 776 3
776 777 3
720 778 3
722 780 1
723 781 3
724 782 3
728 786 3
729 786 3
749 807 1
750 808 1
751 809 1
751 810 1
753 811 1
754 755 3
757 758 3
700 758 3
702 759 3
762 763 3
763 764 3
764 765 3
765 766 3
771 772 1
715 773 1
779 780 1
780 781 0
781 782 3
782 783 3
807 808 3
808 809 3
809 810 3
810 811 3
701 758 3
710 827 3
773 774 3
777 778 3
778 779 3
727 786 3
806 807 3
759 760 1
761 762 3
767 827 3
769 770 3
770 771 3
784 786 1
711 827 3
687 1042 1
806 1042 1
783 784 3
769 827 3
446 1026 1
386 1026 1
772 773 3
786 788 3
758 759 3
631 1026 1
774 833 3
717 833 3
559 910 1
776 833 3
784 842 3
786 845 3
788 845 3
386 1042 1
767 825 3
825 827 3
1026 1042 0
765 823 3
766 823 3
766 824 0
783 841 3
760 818 1
761 818 2
767 824 0
769 828 3
770 828 3
773 832 3
774 832 3
783 842 3
784 843 1
786 844 3
761 819 2
762 819 2
772 831 3
773 831 3
778 837 0
779 837 0
786 843 3
806 865 1
754 812 3
755 813 3
756 814 3
757 815 0
758 816 1
759 817 2
762 820 3
763 821 3
764 822 3
771 829 1
832 833 3
776 834 1
777 835 0
778 835 0
780 837 2
780 838 2
781 839 3
782 840 3
841 842 3
842 843 1
865 1042 0
807 866 2
808 866 2
809 867 2
810 868 2
811 869 2
812 813 3
813 814 3
814 815 0
815 816 1
816 817 0
817 818 0
819 820 0
820 821 3
821 822 3
822 823 3
828 829 1
772 829 3
833 834 1
834 835 0
837 838 3
838 839 1
839 840 3
840 841 3
843 844 3
844 845 3
788 905 3
559 905 1
559 964 1
910 964 3
807 865 1
866 867 3
867 868 3
868 869 3
818 819 1
823 824 0
824 825 1
778 836 1
836 837 0
835 836 1
865 866 0
823 882 3
824 882 1
827 828 3
829 831 3
831 832 3
825 882 1
827 884 3
842 900 3
788 904 3
825 884 3
827 885 3
828 885 3
841 900 3
845 904 3
904 905 3
631 967 1
910 967 3
964 967 3
829 888 3
831 888 3
882 883 0
825 883 3
817 875 2
821 879 3
822 879 3
822 880 3
884 885 3
843 900 0
816 875 3
823 880 3
905 964 3
866 925 0
867 925 0
812 870 0
813 871 0
814 872 0
815 873 1
816 874 3
818 876 1
819 877 0
820 878 3
823 881 3
883 884 3
828 886 1
829 887 3
833 891 3
834 892 2
835 893 1
836 893 1
837 895 1
838 896 1
839 897 1
840 898 1
841 899 1
843 901 3
844 902 3
867 926 1
868 926 1
869 927 1
870 871 3
871 872 3
872 873 3
873 874 1
874 875 3
875 876 1
876 877 0
877 878 3
878 879 3
879 880 3
881 882 3
886 887 3
831 890 3
832 890 3
833 890 3
891 892 3
892 893 3
836 895 3
895 896 1
896 897 3
897 898 3
898 899 3
899 900 0
900 901 1
901 902 3
845 902 3
926 927 3
885 886 1
890 891 3
880 881 3
845 961 3
902 961 3
904 961 3
925 926 1
887 888 3
836 952 1
865 925 0
893 952 3
888 890 3
895 952 1
890 947 3
888 947 3
904 962 3
905 962 3
905 963 3
967 1026 3
925 984 3
926 984 0
962 963 3
865 1043 0
925 1043 1
884 942 1
885 943 1
886 943 3
887 945 3
892 951 3
893 951 3
896 954 3
882 941 3
883 941 1
885 942 1
897 954 3
883 942 1
892 950 3
961 962 3
963 964 3
964 1025 3
870 928 1
871 929 1
872 930 1
873 931 1
874 932 0
875 933 0
876 934 0
877 935 3
878 936 3
879 937 3
880 938 3
881 939 3
882 940 3
886 944 3
887 944 3
888 945 3
890 948 2
891 949 3
895 953 1
897 955 3
898 956 3
899 957 3
900 958 1
901 959 3
902 960 3
967 1025 3
926 985 0
927 985 0
928 929 3
929 930 3
930 931 1
931 932 0
932 933 3
933 934 3
934 935 3
935 936 3
936 937 3
937 938 3
938 939 3
939 940 3
940 941 3
941 942 1
948 949 1
949 950 3
950 951 3
952 953 3
953 954 3
954 955 3
955 956 3
956 957 3
957 958 3
958 959 3
959 960 3
960 961 3
942 943 3
947 948 0
951 952 3
944 945 3
984 985 1
943 944 3
1025 1026 3
984 1043 1
945 947 3
947 1004 3
945 1004 3
961 1019 3
962 1019 3
963 1025 3
962 1020 3
963 1020 3
957 1015 3
959 1017 3
942 1001 3
943 1001 3
958 1015 3
958 1017 3
960 1018 3
928 986 1
929 987 1
930 988 1
931 989 3
932 990 1
933 991 1
934 992 1
935 993 1
936 994 1
937 995 1
938 996 1
939 997 1
940 998 1
941 999 1
942 1000 3
944 1002 3
945 1003 3
947 1005 3
948 1006 1
949 1007 3
950 1008 3
951 1009 3
952 1010 3
953 1011 3
954 1012 3
955 1013 3
956 1014 3
958 1016 1
1016 1017 2
959 1018 3
1018 1019 3
986 987 3
987 988 3
988 989 3
989 990 3
990 991 3
991 992 3
992 993 3
993 994 3
994 995 3
995 996 3
996 997 3
997 998 3
998 999 3
999 1000 3
1001 1002 3
1002 1003 3
1003 1004 3
1004 1005 3
1005 1006 3
1006 1007 3
1007 1008 3
1008 1009 3
1009 1010 3
1010 1011 3
1011 1012 3
1012 1013 3
1013 1014 3
1014 1015 3
1015 1016 1
1019 1020 3
1000 1001 3
1017 1018 3
985 1043 3
