0.0082808 0.0224526 17.8559
0.00827891 0.0224872 17.8595
0.00771169 0.0226661 17.8892
0.00602993 0.0227413 18.0087
0.0030572 0.0244059 18.2608
-0.00281651 0.0238377 18.9163
-0.00992836 0.0212431 19.8784
-0.0195536 0.0211591 21.3463
-0.0238481 0.051403 21.5649
-0.00663709 0.105043 17.4807
0.0214914 0.168728 10.7141
0.022007 0.0647166 12.6083
-0.0174746 0.000374272 23.561
-0.0512142 -0.00559997 33.8791
-0.0150971 -0.0207909 22.8242
-0.0421471 -0.0770568 32.9066
0.116271 -0.422549 -10.3059
-0.000739173 0.323081 21.291
0.308967 -0.00332051 -85.0768
0.00567588 -0.511637 40.4011
0.00567588 -0.511637 40.4011
-0.172195 -0.104701 124.329
0.0898726 -0.0687562 -0.808153
-0.041565 -0.13688 42.9506
-0.0378477 -0.148347 41.0733
-0.0401891 -0.143713 42.4583
-0.0209813 0.125051 26.7271
-0.0133893 -0.321025 26.4711
0 -0.390105 19.4872
0.000919955 0.279787 6.36208
0 -0.315084 18.3941
0 -0.315084 18.3941
0.00708071 -0.321644 13.4623
0 0.281808 6.9096
-0.00708071 -0.321644 23.701
0 0.281808 6.9096
-0.0050315 -0.328133 22.317
0.0121975 -0.32642 8.51404
0.100465 -0.432303 -66.5526
0.0996134 -0.401199 -66.1853
0.00424478 -0.0649951 9.16418
-0.0136826 -0.0698957 25.0771
0.00431655 -0.0518863 8.17153
-0.0123077 -0.0580822 23.0324
-0.00692135 -0.040621 17.3457
0 -0.37014 18.5155
0.0875863 -0.401156 -68.8882
0.0396697 -0.420992 -21.768
1.07059 -0.107447 -1098.72
0.0202038 0.106389 -6.74515
0.0200297 0.106668 -6.54205
0.0170425 0.107098 -3.22679
0.00806654 0.107881 6.8936
-0.00438052 0.108616 21.1699
-0.0201494 0.106508 39.6633
-0.000376193 0.0869837 15.927
-0.0321774 0.110383 54.099
-0.032189 0.110338 54.1134
0.00385664 -0.293857 55.4678
0.00383221 -0.293832 55.4684
0.00364745 -0.293767 55.4755
0.00325786 -0.293715 55.5006
0.00269518 -0.293455 55.5409
0.00196952 -0.293212 55.6111
0.00113081 -0.293168 55.7189
0.0233745 0.0949471 37.7503
-0.222979 -0.505761 94.3256
0.254915 0.0546487 -10.1044
-0.13271 -0.161571 62.7175
-0.0870386 0.036305 41.033
-0.0229231 -0.00779991 24.9053
-0.0288628 -0.00810821 27.006
-0.0455789 -0.0103948 32.231
-0.0865783 -0.0731318 47.205
-0.0851798 -0.0761018 46.532
-0.0694601 -0.0709707 40.3638
-0.0476469 0.00805356 29.4815
-0.129959 -0.278223 78.6984
-0.12048 -0.147586 69.1103
0.0250616 0.0297949 3.00792
0.0216914 0.0334277 4.40934
-0.038264 -0.128891 41.0406
-0.0420029 -0.150047 43.6098
-0.0566343 -0.146993 52.0978
-0.0734356 -0.00208884 56.7769
-0.106384 -0.0743005 79.7516
-0.00194238 -0.0274462 24.4213
0.062513 0.0103668 -26.8766
0.625093 -0.147042 -385.305
0 -0.00886418 8.4345
0 -0.00886418 8.4345
0 -0.00886418 8.4345
0 -0.00886418 8.4345
0 -0.00886418 8.4345
0.0100805 0.472554 -13.6154
0 -0.00886418 8.4345
0.0522616 -0.0881996 -32.6575
0.0564202 -0.00648674 -39.6105
0.0249218 -0.0445395 -9.70949
0.00556511 -0.0719162 7.48888
0.0013882 -0.0518143 10.072
-0.12494 -0.328581 137.258
-0.00404534 -0.0443656 14.5879
-0.0244674 -0.0451667 33.5448
-0.0111629 -0.0229383 19.9106
0 0.123879 2.53514
0.367554 -0.193435 -365.686
-0.0102393 0.364386 5.05847
-0.0107614 0.364267 5.62703
-0.0115168 0.364407 6.45272
0.00364168 0.121804 -1.24779
-0.0126132 0.363076 7.71593
-0.0120586 0.362983 7.08118
-0.0120586 0.362983 7.08118
-0.0805897 0.118029 113.247
-0.0207639 0.146314 27.5973
0.0051223 0.000612594 30.2216
0.00385208 8.29033e-05 30.3171
-0.00426475 0.00130042 30.67
-0.0202232 0.0080664 31.3789
-0.0278163 0.0127907 31.696
-0.030932 0.0218168 31.5187
0.00375669 -0.292564 55.3485
-0.0736264 0.066144 33.9687
-0.0575376 0.0646617 31.0299
-0.0376999 0.0787688 16.1185
-0.0373643 0.0787611 16.0427
-0.098751 -0.171386 53.8102
-0.0428227 -0.0203246 31.4498
-0.0826356 -0.111248 48.561
-0.054204 -0.0244839 35.8321
-0.089929 -0.116629 50.6422
-0.0740347 -0.0914721 43.5861
-0.0508891 -0.0651585 33.7269
-0.0314565 -0.0637521 26.6076
-0.053759 -0.0772124 36.1665
-0.0593533 -0.0719719 37.3095
-0.0409085 -0.0605301 28.2488
-0.0220073 -0.0516607 18.4089
-0.128452 -0.175816 90.58
-0.0901528 -0.164249 69.7429
-0.0621677 -0.186198 55.5733
-0.0686171 0.0390118 52.272
-0.070809 0.00205809 54.8715
0.0831141 -0.545403 -4.74668
0.0838547 0.0174724 -40.9804
-0.0613619 0.0348268 53.5614
0.00800675 -0.343489 23.407
-0.0261895 -0.394786 49.7256
0.014512 -0.353588 19.0113
0 -0.342407 28.7485
0.0175192 -0.383839 17.3542
0.0289429 -0.326661 5.18397
-0.00409003 -0.343354 32.1301
0.0508624 -0.06142 -32.6713
0.0684 -0.109916 -44.738
0.0170425 -0.0964608 -0.954422
0.0151506 -0.0789944 -0.878327
0.0130352 -0.0756684 1.35165
-0.0335446 -0.0441976 42.7686
-0.0265651 -0.0439255 35.4854
-0.0262307 -0.0466441 35.5155
-0.0231524 -0.0450658 32.1774
-0.0225578 -0.0448857 31.5008
-0.0795568 0.0909226 85.3384
-0.0322569 0.13818 34.0974
0.0860211 0.180105 -87.7864
-0.0100591 0.363009 4.95644
-0.0118643 0.36518 6.81125
0.0563322 -0.0984786 -50.8157
-0.0725558 0.0610548 106.69
-0.08156 0.0626951 117.493
-0.0716922 0.0452464 106.103
-0.083517 0.0673789 119.349
0.00506024 0.000758803 30.2173
0.00460365 -0.000293115 30.321
0.00181565 -0.00391167 30.7415
-0.0150073 -0.00596201 32.1623
-0.0233931 0.0167211 30.9506
-0.0321074 0.0263946 31.3066
-0.0557441 0.0386724 33.4533
-0.0753452 0.050436 35.5073
-0.0722343 0.0497842 35.0296
-0.00672537 0.0177909 24.6307
0.0117746 -0.035034 25.2064
0.0113724 0.00298878 14.4106
0.0154161 -0.0104987 14.5225
-0.0842749 0.0456582 38.6615
-0.0897719 -0.00271512 43.1865
0 0 -1
-0.0476484 -0.0925887 33.4379
-0.0157459 -0.119264 23.8457
-0.0234589 -0.136059 27.8429
-0.17509 -0.00321022 84.2686
-0.0623955 -0.0355455 35.5744
0.0105761 -0.0209083 0.84618
-0.0692405 -0.072991 42.3156
-0.105285 -0.248789 82.1784
-0.0972806 -0.176348 73.9063
-0.0366244 -0.106488 35.6465
-0.0220056 0.0472088 25.0615
-0.0140587 0.0633675 7.44971
0.549918 -0.0317761 -319.688
0.173792 0.00660782 -88.3288
0.352064 -0.791692 -160.38
0.060525 0.376135 -66.0159
-0.0214302 -0.0398235 22.7575
0.0140801 0.157191 -17.9472
-0.0315044 -0.178937 42.5235
0.0101613 -0.0313311 -2.58272
0 -0.105295 13.1916
0.0360647 0.646043 -73.7417
0.0504947 -0.0136925 -36.2314
0.025193 -0.0669583 -11.2572
0.0215634 -0.0745231 -7.59743
0.0456347 0.0465969 -36.5549
0.0210116 -0.0497828 -9.25088
0.0582287 -0.0264296 -41.6644
0.0125716 -0.00324829 -6.42215
-0.0108045 -0.0816431 23.9027
0 0.0510729 0.364849
-0.0193236 0.148247 12.7115
0.00739792 0.0318348 -5.81817
-0.00484661 0.0171403 8.29308
0.0611214 -0.00217218 -48.7982
0.0126941 0.211945 -10.1744
0.0128288 0.194157 -8.52658
-0.0730087 0.0618068 107.176
-0.0740104 0.0625467 108.302
-0.0784239 0.0632103 113.526
-0.088079 0.0681488 124.75
-0.0828242 0.067332 118.46
0.00495902 -0.339395 59.6416
0.00489716 -0.339443 59.6477
0.0031922 -0.00756068 30.8949
0.00057901 0.00137773 30.2011
-0.00663786 0.0213835 28.8842
-0.0245762 0.0286392 30.2766
-0.0691223 0.0362317 35.5802
-0.0865675 0.00629385 41.1729
-0.0845832 0.0114699 41.3002
-0.122041 0.0198737 47.424
-0.137833 0.0680351 45.4815
-0.0649467 0.0645313 27.9767
0.00560427 0.0191099 14.5569
-0.0205318 0.0275317 21.9999
-0.111347 0.0252419 48.6632
-0.142464 0.0334123 56.237
-0.102509 -0.0539832 49.0342
-0.02092 -0.0722195 20.1573
-0.0111269 -0.078733 17.9172
-0.296343 0.0128175 133.951
-0.0354393 -0.0152466 22.268
-0.0117062 -0.025544 11.8254
0.0187109 -0.02827 -2.74058
0.0592358 -0.0244917 -22.5324
-0.00095272 -0.106473 16.9027
-0.0337605 -0.0470041 29.5286
-0.0564191 -0.0209074 39.1199
0.163771 -0.0854535 -82.3183
0.975424 0.125172 -608.451
0.00129247 0.0792201 2.62085
0 -0.258679 29.5325
0.00464001 -0.258892 26.3086
0 0.225667 -14.8128
0 0.225667 -14.8128
0 -0.181416 26.3073
-0.0731847 0.171698 48.7215
-0.058817 -0.119196 69.4021
-0.00051364 -0.0057084 2.95792
0.0376483 -0.284351 0.58895
0.179884 -0.0651558 -140.514
0.111834 -0.214318 -67.2523
0.0336637 -0.00040493 -27.4145
0.0233773 -0.0528045 -10.7834
0.0559465 -0.0821347 -37.5612
0.247098 0.334625 -262.272
-0.0250535 -0.0375966 33.5158
0.0225537 0.144214 -23.2623
0.00293384 0.572411 -46.6877
0 0.536931 -40.3629
0 0.474914 -34.8841
0.0125147 0.492407 -50.0399
0.00186565 0.572724 -45.7879
0.00248634 -0.0260355 6.71802
0.0308311 0.327322 -55.5603
0.0313869 0.326861 -56.1587
-0.00353887 0.432135 -26.5814
0.000747089 0.446654 -33.1306
0.000747089 0.446654 -33.1306
0.00696119 0.00928338 28.6193
0.00821117 0.0059229 28.9708
0.0139703 -0.0015939 29.5765
0.0297906 0.0274677 25.0283
0.0044963 0.0519218 24.2506
0.107864 0.703128 -74.6177
-0.080854 0.00472469 40.6884
-0.0780445 0.0217906 38.2742
-0.0948608 0.00188258 43.683
-0.121445 -0.00341707 49.2766
-0.0963862 0.0490778 37.2237
-0.0609431 0.0459067 29.5951
-0.0428283 0.0278719 27.1148
-0.048877 0.0223465 30.3132
-0.136861 0.0325505 55.6624
-0.150256 0.0393881 58.8519
-0.157291 0.0415359 60.0561
-0.108765 0.0136686 45.6405
0.00387408 0.0185091 2.081
0.287454 0.0253561 -114.522
-0.0470523 -0.00914368 27.1562
-0.0353874 -0.00371278 21.0329
0.000963913 -0.0212545 5.25509
0.00338731 -0.0122473 4.20573
-0.00635403 -0.0319831 11.0034
-0.000979046 -0.0592195 11.3093
-0.027322 -0.0472094 25.5124
-0.0229883 -0.0513889 22.9854
0.1606 0.145513 -111.725
0.00162946 0.0789862 2.42737
-0.00366062 0.00238471 3.53996
-0.0352464 -0.109825 39.5926
0.0169386 -0.0387276 -7.26205
-0.0550149 -0.125896 57.101
0.114845 -0.104713 -70.2398
-0.0162607 -0.0101466 14.8682
0.023906 -0.0482497 -11.4034
-0.000654291 -0.0031905 2.68271
0.0195126 -0.050451 -8.05426
0.0334175 0.756589 -120.674
0.163957 -0.450158 -82.3765
0.0265831 -0.0534967 -14.5007
0.0225557 -0.0274673 -12.8093
0.0414628 -0.0539562 -27.3828
-0.0285774 -0.0300101 36.3383
0.170898 0.069307 -165.397
0.0120718 -0.0678063 0.151236
0 -0.305061 41.9715
0.00922367 -0.015067 -1.61492
-0.0164728 -0.2981 58.7202
0 -0.335907 45.9268
0 -0.195599 28.3461
0.0204678 0.0119194 -17.3145
0.0156067 0.00928297 -11.7039
-0.192532 0.0598543 233.362
-0.212254 0.0639925 256.784
-0.229003 -0.00707009 287.308
-0.223668 -0.00069466 280.033
0.006125 0.328018 -12.6501
0.00627603 0.329339 -12.8439
-0.00300034 0.0495926 41.6569
-0.00878775 0.0675132 39.5857
-0.0242957 0.101033 20.7426
-0.0447661 0.0975914 23.2122
-0.0799256 0.0494762 34.6743
-0.098428 0.0278393 40.4488
-0.0976936 0.0111347 42.2574
-0.0988149 0.0129858 42.4465
-0.0779362 0.0501193 32.9521
-0.072594 0.0382431 33.2163
-0.0626148 0.0182136 33.5042
-0.0520704 -0.000281849 33.5205
-0.0940223 -0.0189639 48.4736
-0.100669 -0.00633559 48.5282
-0.144641 0.0488943 55.05
-0.0439216 0.0271664 18.6318
-0.0306052 0.0399544 11.9776
0.137317 0.033268 -52.4342
-0.0293908 0.0236091 14.727
-0.0417306 0.0113662 22.1288
-0.00990308 -0.00237504 8.54579
-0.0148673 -0.0128342 13.1583
-0.0146612 -0.0279912 14.9096
-0.0134761 -0.043829 16.4409
-0.00194674 -0.0501459 10.1394
-0.0129085 -0.0611211 18.1341
-0.0111783 -0.0477262 15.1643
0.00601807 -0.0556731 6.69554
-0.0160075 -0.0205342 15.2508
-0.0122695 -0.0244563 13.1924
-0.00611803 -0.006304 7.5415
-0.00773648 -0.0131685 8.99992
-0.0257011 -0.0227844 22.1684
0.00208626 -0.0106898 1.54715
0.0319272 0.0617809 -31.0111
0.0386159 0.121881 -46.3358
-0.00313117 -0.00020341 3.88825
-0.162187 0.238338 105.072
0.174374 -0.159129 -127.595
0.0134252 -0.00700672 -7.94118
-0.099633 0.0192449 91.9833
0.24212 0.0508659 -227.35
-0.0273886 -0.0304917 35.1319
-0.0199424 -0.039984 28.1241
0.00869856 -0.062983 2.85052
-0.0205262 -0.03105 28.199
-0.0540482 0.0363794 56.2964
-0.114353 -0.184732 156.259
0.0182348 0.00839584 -14.1876
0.18906 0.00265096 -199.761
0.0342076 0.186734 -53.3301
9.10346e-05 0.19906 -16.5785
-0.00844159 0.190844 -5.24758
0.0430529 -0.0361774 -20.9501
-0.192195 0.062211 232.757
-0.255149 0.0699297 307.907
-0.131816 0.0398036 43.2372
-0.131228 0.0351693 43.9861
-0.132301 0.031582 44.6455
-0.0590527 0.556896 -56.8342
-0.091677 0.103717 27.203
-0.0935978 0.0569624 35.3913
-0.104426 0.0266366 42.3431
-0.105967 0.0267795 41.9041
-0.115668 0.0333068 42.3873
-0.0748079 0.0447356 32.0498
-0.0598918 0.0542645 27.6559
-0.0818156 0.0393263 35.3813
-0.100183 0.0268855 41.5804
-0.0760354 -0.0108056 41.6132
-0.0887804 0.00672039 42.1448
-0.0861773 0.0201303 39.2598
-0.157339 0.05305 58.382
-0.0974395 0.106637 27.9034
-0.0592464 0.152209 6.09079
0.0301258 0.0312475 -7.12839
-0.0874899 0.068933 33.0941
-0.0410283 0.0133981 21.68
-0.0259563 0.020143 13.3623
-0.0365044 0.00393931 21.5585
-0.0258184 -0.0381366 22.3042
-0.0244195 -0.021155 18.8548
-0.0215328 -0.0125804 16.2477
-0.0112839 -0.0227425 11.7623
-0.00589222 -0.00587258 7.31514
-0.0205966 -0.0402795 20.5326
-0.00588729 0.122585 -15.3134
-0.00485509 -0.0161456 6.91482
0.00612235 -0.016374 -0.628552
-0.00140379 -0.0118295 4.16035
-0.00308232 -0.19181 32.7057
-0.073337 -0.424784 124.659
-0.0143991 0.0264042 8.21066
0.00724799 0.0147848 -7.59383
0.00510569 0.00336833 -3.08753
0.00524841 0.0141449 -5.72663
0.00996147 -0.0171652 -4.4547
0.0252699 0.0349733 -26.1367
0.0265924 -0.0202454 -17.7362
-0.010382 -0.0339461 17.6501
0.000380889 -0.170205 28.3417
-0.0129199 -0.0342175 20.3218
-0.0158297 -0.0334898 23.3284
0.00260981 -0.0343902 7.33302
0.0127252 0.00880722 -8.13173
-0.00669844 -0.021719 12.3949
0.0146929 0.00460752 -8.91106
0.0108573 0.00743257 -5.32094
-0.0779955 -0.0817287 114.512
-0.191573 -0.234858 283.405
-0.0291961 -0.189058 84.9708
0.0246477 -0.0443748 2.45899
-0.0104225 -0.190096 62.404
-0.0264518 -0.147486 75.0336
-0.13607 0.041154 43.0506
-0.136937 0.036504 43.9226
-0.143789 0.048619 41.8733
-0.137192 0.0859052 34.1576
-0.109645 0.0718538 34.404
-0.112947 0.0733883 34.1862
-0.109893 0.0449099 39.1836
-0.0882038 0.0746151 29.8511
-0.0961495 0.0543845 34.951
-0.0664991 0.0772272 24.6846
-0.0523642 0.0951955 19.3368
-0.111969 0.0919608 34.2173
0 0 -1
-0.108059 0.0312673 43.3626
-0.0913495 0.0570961 33.972
-0.0758724 0.0326397 33.3927
-0.0753018 0.0757413 25.9637
-0.0569656 0.245473 -11.3195
-0.0124875 0.25773 -30.1676
-0.045824 0.198937 -6.52225
-0.144759 -0.088675 130.383
-0.145611 -0.070843 127.035
-0.128738 -0.0339426 112.305
-0.0964625 0.0705651 53.5521
-0.129076 0.0677868 71.5124
-0.1536 0.180519 62.5637
-0.144523 0.168972 59.3195
-0.0290662 0.0651469 16.7103
-0.0721276 0.0738482 41.0323
0.00192143 0.22372 -37.8853
-0.037426 0.209887 -9.28507
-0.0402353 0.2183 -9.54147
-0.00379046 0.182632 -28.0587
-0.0110097 0.0567938 -0.111403
-0.0119043 0.0457329 2.70185
-0.007049 0.0532304 -2.80769
-0.0029049 0.0228653 -0.207618
0.00638276 0.0281732 -9.08796
-0.000892961 0.0521147 -7.8671
0.0320725 0.0331487 -31.4145
0.00515861 0.0451957 -10.081
-0.00891888 0.0383326 3.61155
0.018879 0.0364252 -19.933
0.0191347 0.00860857 -15.844
0.0290206 0.021681 -27.4555
0.0194421 0.00241721 -13.999
0.0570449 -0.0776591 -20.8689
0.0239627 0.0489062 -26.2433
0.0321073 -0.108415 -3.08321
0.0619907 0.115526 -75.8379
-0.487963 0.0311665 531.359
-0.0144684 0.0815124 11.4823
0.0299621 -0.00774791 -21.6908
0.006871 0.0668163 -10.6179
-0.0482149 -0.228411 114.261
0.00612704 -0.192231 43.2696
0.00866758 -0.135446 29.9623
-0.0203038 -0.130076 64.4135
-0.136307 0.0430196 42.7032
-0.137209 0.0473288 41.8556
-0.131154 0.0527069 40.6156
-0.136025 0.0940477 32.6483
-0.117605 0.0993817 29.7692
-0.109454 0.10252 28.3409
-0.10056 0.104749 26.6563
-0.0778302 0.122562 19.1365
-0.0733326 0.133762 15.7885
-0.0544993 0.156942 7.33631
-0.0568698 0.133585 12.6072
-0.0490508 0.145116 8.59743
-0.124982 0.0771895 40.6916
-0.0343043 0.098734 15.609
-0.0450294 0.152708 6.90702
-0.0636358 0.231343 -3.8497
-0.0682121 0.295999 -15.632
-0.0467218 0.316767 -27.5469
-0.0735408 0.310613 -16.1296
-0.090837 0.251679 2.57877
-0.131826 -0.101819 126.906
-0.119249 -0.0867272 117.897
-0.0715144 -0.0786774 93.9724
-0.101174 0.0832236 53.334
-0.0660482 0.167197 16.3792
-0.104764 0.144362 42.5885
-0.0223709 0.205763 -16.4241
-0.0119612 0.165847 -14.1853
-0.0739895 0.144099 27.7711
-0.0107581 0.258316 -36.3357
-0.0313708 0.286888 -28.8815
-0.0392505 0.235435 -13.5692
-0.0145698 0.186995 -21.1466
-0.0411678 0.131914 8.71067
-0.0383961 0.108199 11.1247
-0.00378187 -0.00493039 5.05274
0.0192426 -0.00239198 -14.0128
0.00333373 0.00886563 -2.25245
0.0064885 -0.00309463 -2.87692
-0.119978 0.138951 77.8313
0.25327 0.138619 -244.024
-0.00533098 0.0873974 -10.2684
0.0120493 0.111442 -30.277
0.0226414 0.0755524 -32.116
0.0290031 0.0561512 -34.5015
0.0616401 0.170807 -90.6541
0.0517402 0.0735966 -59.0758
0.0799108 0.107685 -94.9779
0.0180288 0.0428425 -19.066
0.00375182 0.141857 -17.4129
0.0524487 0.09473 -61.1907
-0.0216667 0.186759 -1.88082
0.0032108 0.103306 -13.145
0.0274307 -0.0205291 -17.1261
0.0387945 -0.170223 0.604376
-0.0845584 0.0313419 118.171
0.0315897 -0.157007 6.55488
-0.00760897 -0.100447 43.0587
0 0 -1
0.139444 0.219961 -16.836
-0.158136 -0.0396139 62.9124
-0.115552 -0.173407 89.1981
-0.0633616 0.0128585 42.8635
-0.0887513 0.0427445 39.4198
-0.104873 0.0481365 39.7886
-0.0640439 0.0811023 26.0724
-0.0415612 0.10062 18.1561
-0.0679763 0.0984154 23.5106
-0.0529789 0.111955 17.2362
-0.0415961 0.112546 13.7997
-0.0293216 0.134 5.2824
-0.0350179 0.186611 -4.96438
-0.023475 0.200123 -10.9325
-0.0372031 0.207812 -8.46748
-0.0180044 0.236108 -21.7932
0.0287113 0.271441 -46.5969
-0.015222 0.282616 -32.7176
0 -0.573935 157.523
0 0 -1
-0.111596 -0.0998086 117.053
-0.0358577 0.204439 -6.26613
-0.0610471 0.165245 15.2856
-0.0318751 0.226168 -14.5781
-0.0314829 0.216806 -13.1935
-0.00110084 0.279715 -44.8206
-0.0261856 0.274949 -29.1508
-0.0421111 0.222471 -8.47561
0.0103684 0.279318 -54.0473
0.0192195 0.29015 -61.8685
-0.0295507 0.335335 -41.3821
-0.0296785 0.516782 -82.0612
-0.0990487 0.175577 41.5017
-0.0696165 0.132074 29.6861
-0.0527488 0.0989612 23.8594
0.00266031 0.049346 -8.70004
0.00845297 0.039858 -10.6754
0.019007 0.0375837 -19.5666
0.100981 0.0100701 -84.2761
0.0239802 0.041313 -24.5375
-0.0570089 0.11338 31.931
0.0179026 0.0299332 -18.1194
-0.262946 0.142131 225.614
0.0353905 0.060119 -41.0946
0.0374602 0.0974568 -50.0026
0.0229451 0.100235 -35.6055
0.0462669 0.0982628 -58.49
0.0308368 0.0861377 -40.1866
0.015253 0.120376 -25.431
-0.000191297 -0.0346648 24.6134
-0.0587694 0.163463 45.2781
-0.0339027 0.169392 16.1542
-0.0817585 -0.356002 192
0.37777 -0.1163 -397.203
-0.0990589 0.044094 132.421
-0.110421 0.062675 141.716
-0.146731 0.229329 143.294
0.536721 1.81716 -430.538
-0.030303 -0.112372 69.3467
-0.0161196 0.0703864 22.409
0.00521064 0.0871605 17.0515
-0.00322089 0.0924252 16.2037
-0.0578131 0.0618951 30.4328
-0.0570921 0.101817 19.0921
-0.0222673 0.135685 6.2992
-0.0648563 0.119182 18.1971
-0.0814561 0.113068 22.6567
-0.0342166 0.15634 1.48479
-0.0467528 0.21699 -9.04481
-0.0370766 0.184501 -4.09818
-0.0710982 0.423915 -49.4418
-0.052507 0.228251 -7.95364
-0.00852889 0.196179 -14.7523
-0.0240767 0.220831 -15.7037
0.00989013 0.235535 -30.6468
0.130883 8.18194 -2126.58
-0.027682 0.225213 -14.6059
-0.0450467 0.245795 -12.2815
-0.024256 0.229433 -17.9917
-0.0266168 0.255528 -23.6912
-0.0458083 0.236662 -9.14119
-0.00983238 0.297156 -43.0403
-0.0190905 0.261838 -29.299
-0.011078 0.271996 -36.8599
0.0484288 0.333074 -85.5091
-0.0951475 0.123769 47.1765
-0.00641112 0.294112 -45.6878
-0.000293561 0.296351 -50.4993
0.0509515 0.317945 -90.6249
0.11546 0.273926 -123.696
0.0777018 0.167811 -68.4734
0.0878969 1.44656 -410.958
0.0878969 1.44656 -410.958
0.00896676 0.0554102 -14.7843
0.053382 1.48245 -395.699
0.0845732 0.0774895 -78.7223
-0.0268046 0.296033 -41.3485
0.00808091 0.034728 -9.4618
0.0369214 0.199911 -70.7968
0.0433886 0.176735 -70.8754
0.0525391 0.141992 -70.6454
0.227006 -0.0254084 -197.835
-0.038962 0.104394 28.3416
-0.0724629 -0.201884 217.107
0.036762 0.119939 -53.604
0.0536283 0.0975143 -65.7784
0.047418 -0.0804726 -16.8666
-0.133194 -0.054483 182.977
-0.198585 -0.144373 276.649
-0.0615143 0.0310719 79.7206
-0.0915876 0.167262 81.4286
-0.174538 0.317172 139.788
-0.12615 0.412697 58.7938
-0.119986 0.0984235 144.235
-0.11844 0.222374 110.737
-0.00911761 0.206697 -18.2611
0.707673 0.189356 -42.474
0.0385944 0.102516 10.7172
0.0426554 0.0968955 12.0947
0.0118167 0.120151 8.02439
-0.0305088 0.162369 1.38298
-0.00481679 0.222204 -17.8953
-0.0129527 0.201524 -11.3813
-0.0272058 0.157012 1.92427
0.0399358 0.00694098 32.0431
0.0305858 -0.02956 44.6253
-0.0468759 0.109058 19.7511
-0.0397774 0.154276 4.99468
-0.0015832 0.13518 -0.0324454
0.00219709 0.164616 -9.24815
-0.00764366 0.173064 -9.00275
-0.00625548 0.184962 -12.2317
0.0223196 0.18884 -24.3286
-0.0221619 0.230032 -17.4733
-0.0442043 0.242908 -11.7086
-0.0344261 0.235596 -14.236
-0.0423209 0.241073 -11.3066
-0.0536145 0.225059 -1.92117
-0.0285088 0.235336 -17.2076
-0.0087516 0.2229 -23.1179
-0.0483045 0.233929 -5.26744
-0.0305849 0.189689 -3.45384
-0.0168125 -0.0980881 65.0419
-0.108004 -0.050143 99.796
-0.0244799 0.265978 -27.2591
-0.0130135 0.255045 -32.5961
0.0583142 0.260296 -80.6266
0.0842032 0.286819 -105.397
0.0876964 0.272601 -103.745
0.000414368 0.125026 -16.2402
0.000377618 0.125405 -16.3148
0.000338741 0.126162 -16.4899
0.00274892 0.125264 -18.1905
0.000289376 0.0703768 -1.64254
0 0.0757527 -2.67961
0.0183137 0.31282 -84.8318
0.0232327 0.212277 -61.896
0.0200029 0.178637 -49.926
0.0205489 0.143583 -41.0159
0.0486374 0.168211 -77.1299
0.0105941 0.0764601 -13.252
-0.0703453 0.024364 156.497
0.0274274 0.120687 -44.2939
0.0383548 0.1089 -52.5219
0.0491681 0.0776114 -55.3895
0.00460107 -0.0208688 19.9692
-0.123641 -0.0676191 174.115
-0.00820348 0.0600263 11.1435
-0.0159256 0.0626674 19.5915
-0.185793 0.340413 147.031
-0.0767925 0.178332 61.6409
-0.0411675 0.058414 58.2763
-0.0463785 0.0502424 66.7277
-0.0086888 0.206293 -18.1569
0.692081 -0.428532 131.342
0.0343249 0.114587 8.04956
0.0187186 0.0767388 19.9518
0.0370879 0.115167 7.86141
0.0352108 0.184636 -11.7496
-0.00390426 0.202204 -11.0359
-0.0562596 0.234601 -13.808
-0.116794 0.180712 12.359
-0.0287895 0.0339794 38.6913
-0.0107966 -0.00444552 46.2608
0.0324227 0.134332 -8.09593
0.00159892 0.152189 -5.89551
-0.050188 -0.327282 144.895
-0.0262369 -0.28164 124.158
-0.0155505 -0.374299 148.306
-0.0466896 -0.357467 153.694
0.0651826 0.215524 -47.9315
0.0022087 0.230071 -27.2664
-0.0271154 0.244303 -19.4583
-0.0484031 0.262768 -15.9183
-0.0433465 0.227631 -8.20989
-0.0420901 0.252503 -16.202
0.0148867 0.238907 -40.6153
-0.00290967 0.242872 -32.3152
-0.0371179 0.22318 -8.05877
-0.039779 -0.126296 86.1415
-0.0439742 -0.131921 90.0918
-0.0916891 0.498894 -64.2048
-0.0903725 0.48767 -61.7327
-0.0064153 0.221355 -26.5931
0.0682457 0.212672 -74.6113
0.00362967 0.321812 -58.1662
0.0423072 0.274176 -72.103
0.0422653 0.279789 -73.4904
0.0387472 0.278256 -70.3346
-0.00986791 0.407237 -87.2847
-0.0124083 0.405906 -84.8555
-0.00331463 0.466687 -109.789
0.00191317 0.431389 -103.892
-0.00168292 0.389992 -88.6961
-0.00118404 0.436653 -102.844
0.00998063 0.0358126 -11.5381
-0.0484316 0.300863 -18.5932
-0.00955316 0.420777 -90.1851
-0.00590696 0.42588 -95.1482
-0.00619057 0.435662 -97.8353
0.00331728 0.45558 -113.386
0.0120046 0.437048 -116.971
0.0150967 0.404038 -110.611
-0.0327278 0.0255792 54.692
-0.083895 -0.0379283 121.848
-0.00534684 0.000937373 31.7968
-0.00448209 -0.000678425 31.2853
-0.0042679 -0.000540197 30.9948
0.131321 0.234976 -188.299
0.134558 0.224746 -189.1
-0.0591762 -0.128313 136.323
0.00178646 0.529754 -116.099
0.00454757 0.52276 -113.98
0.0205078 0.548672 -123.011
0.0653953 0.111681 6.12746
-0.0152048 0.0936084 24.1868
0.0501742 0.202974 -19.3802
0.000700331 0.196487 -10.4467
-0.018112 0.207096 -10.7335
-0.122256 -0.130268 108.607
-0.0559284 0.00603139 52.3662
-0.00214817 -0.0426566 56.3448
-0.010863 0.139654 1.94631
0.0072061 0.171748 -12.3612
-0.0232354 -0.233456 126.889
-0.0334378 -0.168339 109.447
-0.0247651 -0.12938 94.137
-0.00518679 -0.103943 79.5945
0.00569013 0.176627 -12.2704
0.0127238 0.218422 -27.7963
-0.0322196 0.2477 -17.7427
-0.0649644 0.249063 -4.52799
-0.0428498 0.222592 -6.69986
-0.0294573 0.239334 -18.8051
0.00360308 0.256075 -40.2481
0.00861335 0.251821 -40.4594
-0.0294163 0.272612 -26.951
-0.0294163 0.272612 -26.951
-0.00936014 0.0676774 35.7368
-0.0136081 0.0838588 33.331
-0.581955 0.135832 372.514
-0.0157162 0.196739 -13.1826
-0.028531 0.328278 -37.4765
-0.0218528 0.316276 -38.5579
0.0139038 0.305204 -60.8602
0.0268678 0.281643 -63.0166
0.0221737 0.265314 -54.1889
-0.0110575 0.40709 -86.2987
-0.00223877 -0.329571 130.437
-0.00814416 -0.330811 135.483
0.00919562 0.0337053 29.7284
-0.0426088 -0.0384071 77.8259
-0.0426088 -0.0384071 77.8259
-0.0426088 -0.0384071 77.8259
-0.00231135 -0.0849607 55.7809
0.000186244 -0.0855669 53.623
-0.0143555 -0.566856 216.755
-0.00792902 -0.587867 216.851
0.00933011 -0.0501457 33.417
-0.0304865 0.0207788 53.7833
-0.0561007 0.0291251 79.1592
-0.299205 0.0389422 340.587
-0.031149 0.0135658 56.7265
-0.0152336 0.00990195 40.0571
-0.00660514 0.00690461 31.1629
-0.00358601 0.00728884 27.5414
-0.00358601 0.00728884 27.5414
0.197614 0.131853 -237.773
0.0332043 0.161093 -44.6237
0.000666008 0.148675 7.20273
-0.000366063 0.146409 7.99975
-0.00926838 0.124563 15.794
-0.0308156 0.0976296 25.8542
-0.0266436 0.167762 1.42655
0.0136853 0.197689 -12.5099
0.00762505 0.18108 -7.01503
0.0167113 0.190768 -11.8181
-0.216718 -0.375285 217.837
0.0381229 -0.170661 108.308
-0.0538116 -0.0778677 78.6357
-0.0341745 0.322127 -47.924
0.0274219 0.125354 -15.4752
0.0349044 0.126158 -17.7458
0.00214697 0.147068 4.25272
-0.00991732 -0.166147 100.936
0.0350966 -0.1634 84.4331
0.0698355 -0.180659 77.6076
0.0399296 -0.255098 114.302
-0.0155491 -0.303392 153.29
-0.0633722 -0.287493 168.516
-0.0704265 -0.240501 155.774
-0.051212 -0.183454 127.403
-0.00106838 0.343674 -65.6507
-0.000853224 0.276838 -43.8404
-0.00922209 0.280398 -40.6528
-0.00100101 -0.118651 76.1149
-0.000962685 -0.116344 75.3295
-0.0203152 0.0838001 37.4471
-0.0236346 -0.272863 144.05
-0.0306594 -0.256365 143.147
-0.0451622 -0.214242 138.774
-0.011647 0.317563 -46.2473
-0.0112153 0.320716 -47.8022
0.0154292 0.297205 -58.982
-0.0046228 0.316254 -50.5911
-0.0231681 0.29072 -27.0942
-0.0294053 0.259175 -11.8284
-0.0233166 0.258966 -16.8196
-0.0242769 0.250918 -13.489
-0.0163088 0.259984 -23.1554
-0.00529995 0.276817 -38.4006
0.00760074 0.293846 -55.7755
0.00654925 0.142499 -4.49731
0.00342603 0.143205 -1.77161
0.000821072 0.143932 0.504061
0.00967589 0.297135 -58.7186
0.00960307 0.296983 -58.6037
0.0096455 0.297271 -58.729
-0.0414523 0.349502 -23.8695
-0.0611782 0.0295691 84.4628
-0.00812837 0.222331 -16.8389
0.000383554 0.19592 -17.534
0.00844044 0.175875 -20.0084
0.0137028 0.164351 -22.2757
0.0199535 0.164347 -29.7544
0.0331444 0.161197 -44.5853
0.0331498 0.161104 -44.5608
4.83083e-15 0.0585937 22.9163
4.83083e-15 0.0585937 22.9163
-0.00700243 0.13427 12.3785
1.2009e-13 0.0585937 22.9163
1.2009e-13 0.0585937 22.9163
0 0 -1
-0.0239873 -0.0521311 65.8625
0.00536036 0.192506 -10.3405
0.00186661 0.186658 -7.57447
-0.0115656 0.17187 0.238033
-0.0454826 0.137269 20.0092
-0.0270743 0.178879 0.646579
-0.00799483 0.160264 2.40728
-0.00100365 0.138435 8.25598
0.0106368 0.152641 -0.366629
0.0177123 -0.176159 94.6257
0.0290925 -0.173751 90.0409
0 0 -1
0.0128018 -0.135012 109.256
0.00620464 -0.139298 113.486
-0.0403726 -0.278541 155.254
-0.0350245 -0.240395 139.317
-0.0314112 -0.200286 123.445
0.0463522 0.348814 -90.9275
-0.00302555 0.161063 -19.4074
-0.00303518 0.159361 -18.7982
-0.00275317 0.155999 -17.7639
-0.00303755 0.14807 -14.7716
-0.00593038 0.132261 -7.37292
-0.0121955 0.115207 2.64063
-0.0146287 0.111489 5.5064
-0.00902886 0.104261 4.30613
-0.00365669 0.0711949 12.4362
-0.253866 -0.21814 312.305
-0.000823549 0.29943 -46.8297
-0.0247 0.309351 -32.2359
-0.0451711 0.278784 -5.98099
-0.0278465 0.260272 -13.5153
-0.0302042 0.262864 -12.4706
-0.0165791 0.261161 -23.342
-0.00268706 0.26639 -37.1463
0.0077488 0.278795 -50.7452
0.0124074 0.290493 -59.0777
0.0114794 0.295362 -59.8945
0.00969817 0.296167 -58.4542
0.0107356 0.296525 -59.5567
0.0101247 0.297184 -59.1819
0.00975467 0.297329 -58.8587
-0.0183713 0.342533 -45.7593
-0.0437166 0.359328 -24.8581
-0.0594688 0.40408 -23.2103
-0.0650959 0.258611 34.1943
-0.0342075 0.204711 18.6675
-0.00975229 0.177442 0.437199
0.00633874 0.165025 -13.8623
0.0331536 0.161176 -44.5894
0.0331335 0.161182 -44.5669
0.0331118 0.161138 -44.5253
-0.0080788 0.144399 8.8244
-0.00775358 0.143802 9.02101
-0.00470605 0.142744 9.25399
-0.000602467 0.153811 4.9035
0.00130611 0.164504 0.790393
0.00139203 0.174913 -3.0648
2.92801e-05 0.18514 -6.66831
-0.00275209 0.195287 -10.0003
-0.010484 0.179859 -2.91711
-0.0223478 0.164317 5.11723
-0.0296718 0.14801 12.6533
-0.0251708 0.174784 1.62691
-0.0136614 0.161262 3.58587
0.00473955 0.151073 2.11985
0.031232 0.168699 -12.4315
0.0541044 0.0756507 14.7605
0.0563269 0.0192618 34.9697
0.0480955 -0.0321016 57.0972
0.0182177 -0.135722 107.246
-0.00692586 -0.143598 120.464
-0.0269259 -0.0232456 84.4229
-0.0346236 0.0982574 42.8121
-0.0307999 0.220192 -4.25166
-0.0173747 0.342399 -56.2503
-0.0137754 0.334259 -55.1102
-0.00886723 0.326349 -54.8323
-0.00311909 0.318649 -55.2034
0.00244274 0.311139 -55.6579
0.00721268 0.303795 -55.8094
0.0106968 0.296591 -55.3109
0.0125697 0.289497 -53.8836
0.0129013 0.282478 -51.4934
0.0115665 0.275499 -47.9739
0.00869367 0.268591 -43.3583
0.00210552 0.261142 -35.7628
0.00782804 0.242947 -33.7967
-0.0280839 0.260725 -12.5699
-0.0441604 0.277496 -6.17947
-0.0340755 0.270395 -11.8748
-0.0160514 0.268722 -26.4516
0.00125452 0.272162 -42.6327
0.0127609 0.279878 -55.6165
0.0170603 0.287901 -62.4278
0.0155633 0.294581 -63.4844
0.0125706 0.296179 -61.2135
0.0113168 0.296631 -60.1624
0.0100339 0.297343 -59.1502
0.00984472 0.297326 -58.951
0.0176279 0.354259 -87.5955
0.0288559 0.415011 -122.044
0.0347296 0.486701 -154.998
0.0339359 0.43481 -134.715
0.0151174 0.404027 -102.205
0.000857088 0.385124 -78.9405
-0.00667002 0.364072 -62.4
-0.00667002 0.364072 -62.4
-0.00667002 0.364072 -62.4
-0.00667002 0.364072 -62.4
