-0.0243583 -0.136814 25.7636
-0.024305 -0.136806 25.7592
-0.0237463 -0.136787 25.7296
-0.0225655 -0.136555 25.642
-0.0141421 -0.0583053 23.4465
0.0106435 -0.00603716 20.3413
0.00105752 0.042882 21.2889
-0.0432774 0.0917599 27.705
-0.0835664 0.107553 34.1505
-0.0328396 0.0764153 24.6966
0.0167956 0.0412149 14.1898
0.0418369 -0.0380306 9.78066
0.0395866 -0.062551 10.9253
0.0268613 -0.127209 15.6332
-0.0617199 -0.0364559 40.0224
-0.102115 -0.0193441 52.7776
-0.114411 -0.00622493 56.5703
-0.0641473 -0.33858 51.8891
-0.0737998 0.0177671 41.2099
-0.061784 -0.00518343 36.5071
-0.0279755 -0.0458275 22.1104
0.00646495 -0.065132 6.55579
0.0331527 -0.0938133 -5.59765
0.00275199 -0.0853475 9.98127
-0.00419344 -0.11609 14.154
-0.00430727 -0.152528 14.4807
-0.127025 -0.0258372 81.8711
0 0.0654809 9.32583
0.0120996 -0.193356 6.89941
-0.0066471 -0.0191983 6.90064
0.0148436 0.121838 -9.40352
0.000665494 0.0990048 1.60832
-0.00308304 0.0202103 4.21103
-0.0185437 0.0358672 16.8063
-0.00854982 0.0244954 9.49716
-0.002781 0.0242192 4.46505
-0.00824987 0.00505386 9.71871
-0.00259852 0.0107638 4.923
-0.000796893 -0.00216527 3.68316
0.0440921 0.0425581 -19.6411
0.0219716 -0.0905146 -0.338019
-0.0222849 0.00521608 22.9734
0 -0.0436492 18.2987
-0.0493976 0.0910511 48.1305
0 -0.0436492 18.2987
0 -0.0436492 18.2987
0 -0.0436492 18.2987
0 -0.0436492 18.2987
0 -0.0436492 18.2987
0 -0.0436492 18.2987
0 -0.0436492 18.2987
0 0.120637 2.00971
0 -0.0436492 18.2987
0 -0.0436492 18.2987
0 -0.0436492 18.2987
0 -0.0436492 18.2987
-0.00544056 -0.0478398 24.994
0 -0.0436492 18.2987
-0.0288531 -0.25168 59.9751
-0.0287892 -0.251773 59.9756
-0.0285101 -0.25195 59.9685
-0.0226437 -0.253939 59.635
-0.0169214 -0.242254 58.8031
0.291508 -0.231311 25.3359
0.192428 -0.235862 31.7082
-0.0735435 0.0903699 32.716
-0.0692665 0.0830708 31.9743
-0.0664877 0.0836705 31.381
-0.0300713 0.0499899 24.6228
0.0118338 -0.00785573 16.5945
0.0382395 -0.0545438 11.7055
0.0273589 -0.0796089 14.8699
-0.0593807 -0.0517954 40.0014
-0.0932386 -0.0185696 49.9009
-0.0835885 -0.0114806 45.9715
-0.0735222 0.0204908 41.3133
-0.0772494 0.0108724 42.9177
-0.0695275 -0.039368 41.0337
-0.063542 -0.00118515 36.9006
-0.0466609 -0.0678511 31.6077
-0.018813 -0.0219035 16.698
-5.02367e-05 -0.05747 9.47684
-0.036828 -0.0789116 29.5805
-0.0283255 0.0148422 21.37
-0.0326415 0.126224 17.7576
0.00628034 0.0659929 -2.0234
0.0322871 0.0541346 -18.6719
0.0146517 0.0380994 -7.79815
0.0610599 -0.252642 -25.1504
-0.0586433 -0.247377 55.4044
-0.00826058 0.0337156 7.69062
-0.00454633 0.0538723 5.99872
0.0600209 -0.351098 -26.4465
0.0103245 -0.386841 12.0993
0.00628277 -0.381334 14.8209
-0.00737975 -0.387854 25.9924
-0.0137495 -0.393152 31.6962
0.00808194 -0.387655 13.1433
0.0952524 -0.203025 -77.0311
-0.00219072 -0.657788 20.4815
-0.0155462 -0.385067 34.2135
-0.00375424 -0.383068 23.3924
-0.00370062 -0.383614 23.4815
-0.00524359 -0.381186 24.8673
0.00563216 -0.382138 14.1862
0.00288548 -0.391301 17.1372
0 -0.381403 19.8174
-0.00701229 -0.385664 27.442
0 -0.385182 20.0049
0 -0.385182 20.0049
0 -0.38903 20.0182
0 -0.38903 20.0182
0.197266 -0.0436198 -202.791
-0.0795378 -0.109928 127.731
0.0354901 0.025001 -14.3596
0 -0.0826966 32.0423
0 0 -1
0 0.546186 -3.3822
-0.0324602 -0.252065 60.2488
-0.0276511 -0.253383 59.9312
-0.0827207 0.0835262 34.3755
-0.08301 0.0836445 34.4197
-0.0861082 0.0838842 34.84
-0.0738748 0.0850802 32.9697
-0.0694598 0.0730552 32.8521
-0.0672002 0.0689573 32.0825
-0.0365916 0.0508257 25.8483
-0.0241561 0.0292685 23.7393
-0.013297 -0.00528141 23.5801
-0.045327 -0.057016 35.853
-0.0770324 -0.0661918 45.2059
-0.0675147 -0.0743966 43.5212
-0.0644199 -0.0601058 41.844
-0.0543496 -0.0281562 36.6184
-0.0766588 0.00449829 43.1976
-0.114887 -0.0323901 60.102
-0.0396195 -0.0630226 27.3903
-0.00218728 -0.0402545 9.31653
-0.0357058 -0.048931 25.5946
-0.00766634 -0.0553633 14.0706
-0.0317781 -0.00693848 24.709
-0.0149403 -0.0178227 15.3512
-0.304108 0.59685 151.568
-0.0751853 0.452349 27.5671
-0.0258217 0.0251473 19.1677
-0.189292 -0.0731113 142.548
-0.327507 0.154936 218.955
0.0134096 0.137687 -8.33062
-0.0189308 0.0875832 19.0046
-0.0159265 0.0773871 17.5272
-0.0379754 -0.0419434 33.5756
-0.0103313 0.0394065 8.99505
-0.0200585 0.18207 17.1953
-0.13587 0.276681 103.823
-0.0148142 0.0873894 9.3393
-0.00188912 -0.0117688 5.01963
0.0033615 0.00234942 -0.0498625
0.00515858 0.000629406 -1.61997
0 0.0124847 0.937644
0.00391304 0.000910885 -0.486037
-0.00339464 -0.00241565 7.1365
0.00475285 -0.00209135 -1.14237
0.00273532 -0.00287275 0.924542
-0.106192 -0.0282822 133.975
-0.110095 -0.0324536 138.34
0.0250919 -0.0322353 -19.5362
0.0298888 -0.101438 -4.38279
-0.0138621 -0.00168929 18.2863
0.0307558 0.522479 -54.5265
0.0284434 0.997187 -78.1463
-0.0150951 0.00109155 19.5163
0.273438 0.511719 -338.402
-0.0156704 0.00289304 20.1354
-0.0159429 0.00369534 20.4065
0.0680262 1.13875 -69.2504
0.0680262 1.13875 -69.2504
0.0278203 0.683489 -27.2813
0.000740605 0.381376 -6.83203
0.000740605 0.381376 -6.83203
0.000740605 0.381376 -6.83203
-0.163931 0.262641 34.2525
-0.732758 0.290362 121.854
-0.107906 0.070566 40.2774
-0.0731993 0.0612468 33.8636
-0.0493969 0.0849015 27.0985
-0.0374691 0.05163 26.3303
-0.03042 0.0200577 27.0899
-0.0698231 -0.00267905 39.3514
-0.112027 -0.0303098 53.9396
-0.0805018 -0.0815445 47.0957
-0.0574047 -0.090803 40.1975
-0.0432739 -0.12821 39.1679
-0.0404953 -0.0871984 34.8873
-0.0308908 -0.020133 20.7998
-0.036458 -0.0515006 25.716
-0.0326651 -0.0505189 23.597
0.0025587 -0.039244 7.4642
0.0345861 -0.0394426 -7.89092
-0.018797 -0.0385495 18.868
-0.0158256 -0.0553988 18.2066
0.0100703 -0.0143728 0.582523
0.0111293 0.0152755 -2.80498
0.0556191 -0.105301 -17.9905
0.0567123 -0.122661 -17.0008
0.0230928 -0.191081 11.2511
-0.0438667 -0.142202 51.4064
0.0536648 0.104825 -38.7416
0.0161525 -0.00683702 -2.60166
0.0192929 -0.0585754 2.92309
0.00238197 -0.00335541 2.82635
0.150513 -0.256076 -88.5517
-0.0121395 0.0187948 12.4423
-0.00192066 -0.0118852 5.05636
0.0380405 0.0174697 -30.6632
0.00306952 0.0364661 -1.38948
0.00314751 -0.00161359 0.429192
0.00565296 -0.00553704 -1.84777
0.0442417 -0.370499 -11.9718
0.0397146 0.127624 -43.3256
0.00411402 -0.0320923 2.96047
0.000472104 -0.007816 3.69495
-0.139364 -0.0336754 168.729
-0.114301 -0.0450852 143.652
0.00263886 -0.00658892 0.57019
0.0550351 -0.216583 -24.4996
-0.0162312 0.000276032 20.8372
-0.237571 0.0815206 265.85
-0.0159876 -3.99245e-05 20.4837
-0.0252215 -0.00547872 46.2458
0.0220636 -0.0643423 -4.816
0 -0.0401699 19.1701
0 -0.0401699 19.1701
0.0680262 0.492902 -13.3846
0.0680262 0.492902 -13.3846
-0.166726 -0.0605554 65.3569
-0.185614 -0.0584371 66.5345
-0.194631 -0.048872 66.227
-0.183407 -0.0130356 61.3343
-0.150777 0.00234225 55.336
-0.137816 0.0233208 50.8633
-0.143985 0.0700122 47.0527
-0.100146 0.0708271 38.0029
-0.0609415 0.0488656 32.6578
-0.0474658 0.0253033 31.6947
-0.0575235 0.0141101 35.0499
-0.0883558 0.0178587 43.3646
-0.114855 -0.0076226 53.1519
-0.103013 0.0114675 46.9403
-0.0517365 -0.127227 40.4256
-0.0595767 -0.116228 42.6345
0 0 -1
-0.0287596 -0.0105777 19.107
-0.0147084 -0.00952161 13.0769
-0.000123978 0.000902428 5.5946
0.0230133 0.0126979 -5.43172
-0.0215427 0.00584217 16.6094
-0.0536884 -0.0186467 35.3721
-0.017453 -0.0350844 17.1701
0.000304601 -0.0288403 6.99215
0.0131342 -0.0532004 2.76271
0.0534777 -0.0303062 -23.6579
0.0536401 -0.152175 -12.2477
0.0336959 -0.157411 1.24215
-0.00854701 -0.128832 26.0792
-0.00306374 -0.13233 21.6284
0.00198446 -0.139296 19.1365
-0.00963989 -0.11258 25.6944
-0.0340484 -0.135036 46.3479
-0.0376877 -0.0734556 41.9965
0.00543928 0.000984246 -3.00714
-0.0075034 -0.0124759 10.643
0.053122 0.00558447 -42.4358
0.0223535 -0.0120697 -14.6674
0.24123 -0.0543363 -201.242
0.0448878 -0.0444905 -20.8954
-0.00326012 -0.0121073 7.7855
0.0705719 0.136375 -73.2173
0 -0.0143612 9.62833
0.00388404 -0.0132188 5.59247
-0.165808 -0.043846 196.897
-0.178795 -0.0523719 211.038
0 -0.00181784 14.0087
0 -0.00181784 14.0087
0 -0.00181784 14.0087
0.00462714 0.0016302 8.41883
0 -0.00181784 14.0087
0.0278934 -0.081267 -9.82658
0.0212676 -0.0665734 -3.62947
0 -0.433121 59.3697
0.103497 -0.0503581 -107.631
-0.139342 -0.107442 69.8373
-0.143965 -0.0989066 68.9795
-0.159684 -0.0720295 66.5274
-0.178345 -0.0735662 67.76
-0.171828 -0.058625 65.1171
-0.151173 -0.0123232 57.5072
-0.142282 -0.00234376 54.7185
-0.12695 0.0253851 49.0433
-0.133109 0.0496779 47.4099
-0.10042 0.0385952 42.3802
-0.0741831 0.0262712 38.2023
-0.0834894 0.0108622 41.656
-0.0713539 -0.00628482 40.9206
-0.0904952 -0.00416312 46.4108
-0.118972 -0.0055233 54.7057
-0.0880095 0.0174934 41.7495
-0.0492196 -0.067371 33.572
-0.0471887 -0.0803271 33.6393
-0.0364318 -0.0226576 23.1222
0.0197478 -0.00293814 3.56779
-0.0157671 0.00491662 11.9185
-0.0091929 0.00629496 8.89258
0.0172268 -0.00557689 -1.30032
-0.0343193 -0.0194266 25.8604
-0.44204 -0.15537 255.199
-0.0274248 -0.0336767 22.6504
-0.00641782 -0.0417761 12.4263
-0.00153851 -0.0590218 11.5469
-0.0131965 -0.0670028 19.2674
0.0165662 -0.112196 6.58719
0.00142032 -0.110735 15.4249
-0.0078909 -0.133471 25.0157
-0.00961583 -0.105659 22.6087
0.0143761 -0.131113 8.29822
0.0255886 -0.12102 -1.06171
0.00138123 -0.0593215 9.63768
-0.00234266 -0.032494 8.648
-0.0978286 0.507855 23.3112
-0.0500513 0.0761727 34.2207
0.0133917 -0.00336937 -8.21444
-0.00204803 -0.0215361 7.19883
-0.00255872 -0.0174205 7.84775
0.000468015 0.0444213 -5.77243
0.00785713 -0.00235428 -3.83527
-0.000526023 -0.00234476 4.18307
0.0115571 0.00390508 -7.79305
0.00216571 -0.0312603 5.47672
0.0632161 -0.0560298 -49.7246
-0.0422159 -0.0631227 56.3017
-0.00210453 -0.00165202 5.73206
-0.26078 -0.139519 315.021
-0.014486 0.00228757 18.7202
-0.0163915 7.25398e-05 20.9931
0.166295 0.0848963 -199.226
0.0266893 -0.0653749 -10.0631
-0.211304 0.0666714 257.137
-0.189113 0.0334642 234.645
-0.235057 0.0535654 289.064
-0.134701 -0.106342 69.6073
-0.131899 -0.103708 69.2113
-0.143526 -0.0882236 67.7854
-0.159189 -0.0836977 67.3223
-0.128544 -0.0573649 60.374
-0.132953 -0.0324712 57.8846
-0.134244 -0.0124253 55.6683
-0.130344 -0.0208377 55.5591
-0.111871 -0.0070729 50.7134
-0.0885614 -0.00759239 45.945
-0.105702 -0.00947812 50.3467
-0.0933784 -0.00609535 46.5661
-0.0860422 -0.0329606 48.6328
-0.106844 -0.0285883 54.1395
-0.0976928 -0.0112978 48.6618
-0.0786457 0.00347672 40.4211
-0.00673194 0.0299318 4.52159
-0.0198305 0.0040705 12.9822
-0.0166089 0.0213252 9.75439
-0.200366 -0.00296664 95.0929
-0.0443642 0.0258623 21.7716
-0.0190402 -0.00213375 14.4839
0.0060376 -0.042223 8.38394
-0.0285637 -0.0537735 27.2498
-0.0533232 -0.0377264 37.7865
-0.0369239 -0.0542461 30.8255
-0.014243 -0.025947 13.9205
-0.000389625 -0.0554213 10.5508
-0.00804813 -0.0525729 14.0778
0.0014382 -0.0505034 7.63935
0.00464956 -0.0480943 5.49197
-0.00166678 -0.0616975 11.6308
-0.00551974 -0.0519514 12.7259
0.00642885 -0.0486051 3.86664
-0.00732615 -0.0669558 17.3505
-0.0162856 -0.0379264 20.4445
-0.000269465 -0.0464593 9.09807
-0.217336 -0.0924335 189.666
0.00519216 0.0050996 -3.15487
0.00823418 -0.0377735 0.610058
-0.0336573 -0.0311919 39.6843
-0.375889 0.0557948 333.619
0.00150789 -0.00248716 1.95621
0.12911 -0.233115 -87.6028
0.0142535 -0.0245644 -7.02246
-1.02478 0.423148 955.625
-0.103587 -0.263436 141.959
-0.0104492 -0.00630006 14.2117
0.000327813 -0.00597214 2.87292
-0.011592 0.0058739 14.9645
0.773967 -0.093405 -821.497
-0.0153712 0.005534 19.3777
-0.0132077 -0.00308932 17.8374
-0.25651 -0.1875 319.279
0.0494602 0.0358169 -47.7185
-0.17714 0.156322 203.409
-0.188834 0.0555566 231.32
0.0628193 0.109396 -86.1844
-0.136983 -0.102244 69.0117
-0.138221 -0.0995331 68.6056
-0.111055 -0.0895773 65.2161
-0.149473 -0.0734825 64.9437
-0.123684 -0.0552386 59.2551
-0.127044 -0.0369371 57.1431
-0.132445 -0.0428825 59.0175
-0.126533 -0.0300398 56.176
-0.108093 -0.0222021 51.6393
-0.0847785 -0.000518155 43.3109
-0.0895167 -0.0151534 47.2481
-0.0995778 -0.00467734 47.3301
-0.0907632 -0.021865 47.8306
-0.0973024 -0.0355069 51.8886
-0.088299 -0.0195588 46.681
-0.0742634 0.00131615 39.0009
-0.393816 -0.0561653 159.906
-0.00692265 0.0892205 -4.34003
-0.007515 0.0991917 -5.97034
-0.203035 0.000350044 96.0361
-0.0986548 0.0355304 44.6928
-0.0419919 0.0162774 22.2512
-0.019897 0.0128896 12.4127
-0.0489388 -0.0182567 31.8713
-0.0473823 0.0230323 24.0979
-0.0264089 -0.0261188 20.9652
-0.0115898 0.0405663 2.35823
-0.0110419 -0.0138024 10.5994
-0.0132007 -0.0110993 11.3144
-0.00841203 -0.00982564 8.0572
-0.00397594 -0.00382075 4.34453
0.00225286 -0.0164229 2.21083
0.000329611 -0.0189568 3.85646
0.00303542 0.0228479 -4.72965
0.00254576 0.0141486 -3.18842
-0.00556027 0.0108069 3.733
-0.00324232 -0.0209786 7.3448
-0.0107725 -0.0259553 14.2023
0.00302952 0.00129178 -1.13676
0.000197604 0.00477679 0.733258
0.00965192 -0.0152906 -4.24501
0.00832792 -0.0114173 -3.90015
0.00808232 -0.015985 -2.95094
0.00909823 -0.012813 -3.98589
0.00626104 -0.0157587 -0.755317
-0.000895034 -0.0178224 6.60968
0.000113812 -0.00383298 3.54209
0.00142551 -0.00303986 2.1174
-0.00021236 -0.00449688 3.81086
-0.0134837 0.00472118 17.3098
-0.00174048 0.0390834 4.17801
-0.0134474 0.00477802 17.2622
-0.207644 0.00937274 248.59
-0.22589 -0.0124205 273.129
0.132117 -0.140152 -115.877
0.131614 -0.119683 -118.844
-0.0533946 -0.167355 113.467
0 -0.209801 54.3255
-0.133626 -0.0988576 68.4004
-0.134289 -0.0859815 66.0767
-0.128091 -0.0298462 55.5232
-0.127076 -0.00310905 50.987
-0.11936 0.0237567 45.4595
-0.121697 0.00589338 48.9343
-0.132591 0.00360182 50.9988
-0.103835 0.0045413 46.2486
-0.0900793 -0.00201923 44.7359
-0.0479712 0.0361806 29.5222
-0.0752882 0.0392026 35.1505
-0.164212 0.0334647 58.613
-0.109014 0.0113383 47.1686
-0.0795353 0.00182712 40.4057
-0.0508065 0.022221 27.676
-0.0262522 0.065169 11.6702
-0.0557681 0.113305 13.2382
-0.0517337 0.173754 -0.44675
-0.0444247 0.16348 -1.32805
-0.0738257 0.0406298 33.5358
-0.0531911 0.0591314 20.8995
-0.0635416 0.0441234 27.6312
-0.0489925 0.0318999 23.1831
-0.0499325 0.0184127 26.3175
-0.0350224 -0.00308711 36.5667
-0.0360237 0.12672 6.18064
-0.0230596 0.211098 -18.4067
0.000499264 0.0036547 10.7533
-0.0380827 0.0561259 23.6886
-0.0106383 0.289305 -41.6398
-0.0352757 0.27877 -23.4745
-0.0397429 0.245955 -14.5934
-0.0345041 0.209835 -11.5039
-0.0115389 0.109649 -9.18027
0.0151684 0.0579845 -19.3596
-0.0101772 -0.0294155 14.586
0.00272918 0.0025317 -1.2453
-0.0157065 -0.00949849 17.6396
0.00429981 -0.0131606 0.343854
-0.029248 0.0839629 12.7708
0.00400599 0.0226562 -5.57717
-0.0249135 0.0530663 14.7887
-0.0144605 0.013593 12.6327
-0.0032277 -0.0066211 7.45516
-0.0168943 0.0207756 14.5133
-1.86719 2.14453 1460.88
0.00150789 -0.00248716 1.95621
-0.00630544 0.00829239 8.06213
-0.0144314 0.0665399 8.52173
0.112926 0.310031 -169.662
0.00317024 0.0383658 -0.877549
-0.0178617 0.069529 16.2773
0.0467513 0.0887401 -59.6775
0.0196448 0.127107 -36.4979
0.129978 -0.137047 -113.886
0.134465 -0.135914 -119.378
-0.0212795 -0.267127 106.739
0 -1.1067 227.329
-0.133626 -0.0988576 68.4004
0.0718808 0.238163 -35.1443
-0.124131 0.0416954 42.5445
-0.117986 0.0280934 44.561
-0.0942507 0.0355133 40.7713
-0.119128 0.0247189 45.3308
-0.117639 0.0331157 43.4759
-0.115774 0.0288427 43.7318
-0.080372 0.0168685 39.692
-0.0661509 -0.0102317 42.7277
-0.0736886 -0.0259416 48.538
-0.119469 0.0178903 49.4727
-0.0747771 -0.0189015 43.154
-0.0381449 0.0245609 23.1861
0.012767 0.0219092 6.49225
0.00106617 0.0945765 -3.62449
-0.0311562 0.142784 -1.52736
-0.0406103 0.180292 -5.86399
-0.0434087 0.185023 -5.78539
-0.25568 -0.303336 230.126
0 0 -1
-0.192311 0.182131 112.358
-0.191194 0.182195 111.815
0.407742 -0.534286 -83.2874
0.00598546 0.245471 -41.632
-0.0273457 0.179473 -9.57853
-0.0208737 0.240353 -25.9877
-0.0226431 0.239949 -23.8983
-0.0643058 0.202032 10.0387
-0.0102219 0.286663 -41.5765
-0.0500492 0.256023 -9.99455
-0.0261427 0.217098 -18.2549
-0.0614764 0.227372 3.71417
-0.0278459 0.181943 -11.4021
-0.0299116 0.0932286 7.59095
-0.037761 0.0531774 21.8157
-0.0105529 0.0320123 4.68527
0.0063224 -0.0102165 -2.10469
-0.0160698 0.169861 -16.902
-0.0213637 0.200642 -19.0459
-0.10242 0.261132 48.7409
0.00183039 0.00446358 0.539605
-0.0248087 0.0834268 8.843
-0.00415202 0.11379 -16.5831
0.0642485 0.0753623 -61.4654
0.0486291 0.0895044 -49.2416
-0.0119794 0.128012 2.48128
-0.101333 -0.0187728 121.275
-0.00853836 0.108492 -3.06545
-0.0386705 0.155927 18.6667
-0.0267558 0.184112 4.23926
-0.0110135 0.132469 -3.20666
-0.000946905 0.0387709 3.29113
0.069744 0.117654 -91.5201
0.161415 0.132669 -200.887
0.0163311 0.378322 -82.0655
0.0058249 -0.256632 71.4076
0.432467 0.0159925 -520.13
0.0862694 0.242882 -36.204
0.095115 0.213667 -29.4699
-0.128836 0.0537624 11.9084
-0.0367607 -0.232239 83.19
-0.10308 -0.198946 80.9094
0.00912548 0.26035 -40.2916
0.0172081 0.196085 -26.5631
-0.0222303 0.18231 -17.0013
-0.0201307 0.22616 -27.8785
0.00119773 0.25777 -39.2603
-0.00335557 0.235329 -33.0176
0.0245812 0.165535 -23.8695
0.0186358 0.168541 -24.3075
0.0368625 0.209158 -39.4033
0.000640644 0.224104 -32.1753
0.0237171 0.209373 -35.5496
-0.00628065 0.191827 -20.9778
-0.0316436 0.195175 -12.441
-0.039024 0.203022 -11.3813
-0.0410144 0.211095 -12.414
1.38092 0.00529664 -601.66
0.0843833 0.0417805 -23.3218
0.0934264 0.320792 -102.817
0.0118896 0.312904 -59.5908
0.00924836 0.283027 -51.5913
-0.00727793 0.270205 -39.8239
-0.0372422 0.26366 -21.0785
-0.00152833 0.235254 -35.4545
0.0234713 0.274343 -60.1287
0.029313 0.292437 -68.1258
0.0170659 0.3178 -65.4436
0.0245671 0.127872 -34.2098
-0.0233217 0.275852 -33.5981
0.00893693 0.212539 -44.7647
-0.024461 0.19957 -16.5917
-0.0618993 0.0671413 37.9038
0.006752 0.115297 -25.3311
-0.0252653 0.199716 -15.3659
-0.0258757 0.158923 -5.56015
-0.041192 0.111992 17.1371
0.545251 0.0190726 -468.838
-0.0180598 0.0819819 3.50846
0 0.130091 -22.4897
-0.00639448 0.146451 -20.1675
0.0868479 0.0742769 -83.4188
0.0466807 0.0844587 -46.4573
0.0453387 0.123138 -53.443
0.0610511 0.154869 -76.7436
-0.72805 0.277772 713.732
-0.0308095 0.484817 -62.363
0.037841 0.172758 -66.7583
-0.0457358 0.0988223 45.7356
-0.0822209 0.158423 72.323
0.0726975 0.0895392 8.30994
0.599882 -0.00382586 -679.338
0.178208 -0.115231 -161.27
-0.0255823 0.140541 22.6857
0.092149 0.510834 -215.872
0.0769392 0.214584 -29.3998
0.0389036 0.198559 -24.5849
0.0348821 0.210044 -27.628
-0.0114243 0.235168 -30.3694
-0.0314612 0.246566 -31.8076
-0.00231643 0.260674 -39.2081
0.00735008 0.256149 -39.0028
-0.00788102 0.22809 -29.6682
-0.0199962 0.236909 -29.939
0.00675825 0.27828 -44.9309
-0.0468038 0.261756 -29.1288
-0.0149911 0.272436 -40.8362
-0.0747926 0.171216 -0.89459
0.0103793 0.254373 -41.3559
0.0160431 0.257152 -44.0932
-0.00187101 0.258885 -38.3701
-0.0197999 0.23952 -27.4216
-0.0320912 0.219671 -17.9804
-0.0413264 0.21662 -13.662
-0.0422362 0.214607 -12.7576
-0.0223208 0.312001 -44.2903
-0.0548252 0.0858441 31.6842
-0.0992036 0.212729 21.9885
-0.0524426 0.254596 -11.9847
-0.0174491 0.246026 -28.5253
0.00276109 0.271032 -44.8842
-0.051539 0.273047 -14.7101
-0.0204028 0.257338 -29.2041
0.0240506 0.270634 -59.1087
0.0494481 0.2674 -74.42
0.0519071 0.293878 -82.6265
0.0303085 0.288123 -66.8511
0.103257 -0.225768 14.6281
0.0992578 0.397214 -145.538
0.106462 0.312528 -129.375
0.032696 0.161846 -35.2779
-0.0335521 0.362992 -39.6707
-0.0318771 0.376474 -44.5209
0 -0.163298 63.9808
0 -0.163298 63.9808
0.0109313 -0.155438 52.46
0 -0.163298 63.9808
0 -0.163298 63.9808
0 -0.163298 63.9808
0 -0.163298 63.9808
-0.00399193 -0.168963 69.3251
0.0514185 0.117037 -58.5065
0.122791 0.179007 -144.619
-0.0168154 0.353799 -41.6472
-0.0301129 0.532124 -71.2931
-0.427343 0.38929 394.909
0.074619 0.13296 -97.0331
-0.0243266 0.126475 15.4317
0.0932268 0.162679 -125.398
0.110634 0.216279 -158.905
0.0693809 -0.132959 -29.921
0.0994153 0.0718145 -112.896
0.0787073 -0.0450701 -57.8114
0.0624199 0.242228 -36.54
0.102517 0.292388 -53.4446
0.066297 0.265593 -43.3452
0.00924678 0.280122 -43.8044
0.00483641 0.289786 -46.9013
-0.010699 0.317533 -52.6411
-0.00948997 0.268167 -39.7179
-0.00984919 0.264339 -37.929
-0.0124677 0.232971 -29.4884
0.0133766 0.325081 -58.2285
-0.0366285 0.329259 -49.0526
-0.00398157 0.337309 -59.0629
0.0256627 0.309231 -59.1871
0.00193458 0.254658 -38.1997
0.00811413 0.230893 -33.6602
-0.0163168 0.266303 -35.3259
-0.0382997 0.256717 -25.1959
-0.044408 0.225334 -14.6847
-0.0437661 0.217941 -12.9911
-0.0185723 0.274085 -36.5577
-0.125951 0.161894 49.7047
-0.164519 0.151718 70.0003
-0.137001 0.150295 56.8748
-0.00608095 0.22055 -27.5912
0.0102047 0.257156 -45.1199
-0.0172791 0.270176 -33.453
-0.0291519 0.253538 -22.9356
-0.041915 0.257603 -16.9238
-0.00208864 0.257489 -40.8092
0.0411895 0.275233 -71.9224
0.0564183 0.263329 -78.2366
0.0513008 0.28861 -81.1823
0.0579309 0.296774 -88.5506
0.045156 0.321228 -86.3004
0.0641077 0.303855 -94.5929
-0.000948486 0.176095 -12.5845
0.0110454 0.12333 -8.22105
0.00306925 0.0881104 7.50305
0.0132819 0.0819946 0.531993
0 0.121728 -3.95281
0 0.138778 -8.47177
0.00623687 0.127373 -11.0568
-0.00833429 0.114034 5.7389
0.00584799 0.112183 -6.92253
-0.00450178 0.114531 2.26387
0.00171655 0.106196 -1.35851
0 0.121728 -3.95281
-0.0207855 0.162654 8.02673
-0.0192524 0.0914722 26.6616
-0.434896 -0.166016 536.055
0 -0.268128 101.265
0.0464582 0.137291 -66.0198
0.0634728 0.147756 -87.856
0.0894498 0.179533 -125.341
0.101417 0.213834 -147.612
0.194234 0.11562 -235.625
0.0414775 0.322371 -107.384
0.287154 0.0299133 -329.585
0.0713828 0.282268 -47.8936
0.0640097 0.25999 -41.5488
0.0686313 0.306815 -54.9668
0.0361143 0.335167 -60.3881
0.00416902 0.32836 -56.4152
0.0211074 0.427069 -88.0334
-0.0845641 0.0750576 32.3127
-0.0920333 0.120294 19.8533
-0.0429406 0.138791 6.14709
-0.0133046 0.33082 -54.4088
-0.0183473 0.318137 -49.1098
-0.041163 0.301563 -40.1963
-0.110907 0.0950314 38.1158
-0.106561 0.0203913 59.0794
-0.00358613 0.240372 -31.9432
-0.0206642 0.262657 -32.71
0.03192 0.941379 -242.506
-0.145681 0.0631003 85.8139
-0.153562 0.0702052 86.8563
-0.134883 0.0909688 73.0255
-0.133126 0.10921 67.095
-0.132983 0.0715607 78.0015
-0.12421 0.15402 49.7902
0.0648557 -0.443227 122.395
0.150062 -0.21337 22.0208
0.0299584 0.236831 -50.1618
-0.0310639 0.250831 -20.2429
-0.0435887 0.26541 -17.8617
0.0247173 -0.00591647 23.5685
-0.038634 0.0825833 37.3426
0.00702884 0.256114 -43.3412
0.0563738 0.264604 -78.4655
0.0777281 0.282037 -98.3538
0.0695171 0.277252 -91.0109
0.0464202 0.244706 -64.0285
0.185738 0.161032 -139.166
-0.010596 0.116803 10.5808
-0.0108022 0.104823 14.1092
-0.00655069 0.0776241 18.173
0.00433791 0.063828 12.7482
-0.0115356 0.0765506 22.8736
-0.000646192 -0.0460899 49.3208
-0.0102514 0.0776482 21.3895
0.00875441 0.228396 -40.7341
-0.00927505 0.077299 20.5596
-0.00902378 0.0851434 18.2062
-0.000646185 0.104642 4.73131
-0.0169031 0.108262 19.7167
-0.00262777 0.0842784 12.065
0 0.359248 -72.5873
0 0.359248 -72.5873
0 0.359248 -72.5873
0 0.359248 -72.5873
0 0.359248 -72.5873
0 0.359248 -72.5873
0 0.359248 -72.5873
0 -0.37374 146.093
-0.0104959 0.35938 -59.6762
0.0732039 0.300648 -53.3786
0.0749944 0.299453 -53.0727
0.0876067 0.297681 -52.7591
0.061892 0.253348 -37.2658
0.224258 0.139987 -14.1171
-0.0347892 0.111816 15.1457
-0.051449 0.0850697 24.5539
-0.0595401 0.0859158 24.2718
-0.0685029 0.110397 17.8455
-0.0602359 0.328099 -43.1734
-0.0844096 -0.074099 84.176
-0.115331 0.0256673 60.8284
-0.133426 0.0655111 52.9123
-0.132538 0.0385657 60.8642
-0.122922 -0.00436975 70.9693
-0.0217027 -0.251698 123.229
-0.0218801 -0.251609 123.262
-0.0218801 -0.251609 123.262
-0.144642 0.0650526 84.7612
-0.126541 0.0802655 72.6365
-0.120508 0.0944939 65.6489
-0.107267 0.105689 55.8633
-0.0430867 0.139673 15.075
0.0200536 0.148919 -18.6075
0.0272185 0.189731 -34.3243
0.00836664 0.235957 -38.0794
-0.0150197 0.239962 -26.2297
-0.0311164 0.258033 -22.513
0.0372737 -0.0720674 50.9104
0.0288302 -0.0642949 53.7974
0.897384 -0.316616 -467.307
0.118302 -0.328972 57.9415
0.0783421 0.285303 -100.109
0.0458229 0.288728 -77.1008
0.0215571 0.309012 -66.0669
0.0522562 0.258105 -73.1794
0.0370644 0.281683 -68.8267
0.0429162 0.144146 -37.2355
-0.0190521 0.0651258 32.1601
-0.0117114 0.0714115 24.5703
-0.0116073 0.0765292 22.9431
-0.0116228 0.0768136 22.8696
-0.0110847 0.0770658 22.3029
-0.0100366 0.0767692 21.4126
-0.0065108 0.0765205 18.1061
0.0161034 0.0742329 -3.2085
-0.0152571 0.106375 18.6673
-0.00700114 0.0972999 12.3985
0.00934315 0.138521 -16.9453
0 0.577001 -142.429
-0.0119957 0.583292 -131.294
-0.0479506 0.695977 -125.688
0 0.263159 -44.9572
-0.0100843 0.58141 -132.124
0.0304089 0.567414 -174.923
0.106644 -0.0215022 -74.5461
0.365104 -0.103906 -361.749
0 -0.254217 125.668
0.0740271 0.306075 -55.0517
0.0679056 0.302289 -53.5648
0.0335636 0.253611 -35.51
-0.0462525 0.208657 -14.745
-0.101573 0.0311885 48.0409
-0.0686275 0.0616027 34.4532
-0.0387323 0.0940616 18.5465
-0.0490439 0.0852025 23.9183
-0.0639323 0.116022 15.763
-0.113301 0.29758 -22.9131
-0.0192186 0.12986 3.19533
-0.11598 1.18333 -313.667
-0.0341667 -0.0168186 80.2174
0.133444 0.613176 -196.513
0.134194 0.611209 -196.08
0.059737 -0.0107338 42.2021
-0.0875147 -0.0475577 99.5082
-0.0933937 -0.013774 90.3099
-0.101772 0.0348852 77.2534
-0.101745 0.0649289 67.1299
-0.0967293 0.089405 56.7541
-0.0916268 0.112382 46.7672
0.0464475 0.0114773 18.3884
0.0461124 -0.0107801 26.0747
0.0386763 -0.0312543 36.8064
0.0335594 -0.0469718 44.8085
0.0305447 -0.0590795 50.5321
0.0320946 -0.0641883 51.3107
0.0372195 -0.0664451 48.9478
0.012805 -0.0576333 61.5322
-0.0061776 0.0366627 41.8798
0.00801941 0.132209 0.0658005
0.0565693 0.244135 -71.2887
0.0861764 0.245421 -92.5508
0.0478032 0.280691 -76.3515
0.0508128 0.277199 -77.6503
-0.416459 0.299134 278.103
-0.025469 0.137586 19.9883
-0.0611844 0.12211 66.5703
-0.0565354 0.100778 69.6628
-0.0334624 0.0727673 59.0577
-0.0123407 0.0679067 41.9959
0.00629611 0.0712629 24.0137
0.019999 0.0762197 9.66602
0.0286605 0.0805346 0.0196739
0.0332295 0.083644 -5.45363
0.0346432 0.0851681 -7.36733
-0.014309 0.23499 -10.9529
-0.00498987 0.21351 -13.1553
0.013395 0.213978 -32.7985
-0.00264398 0.213556 -15.5244
0 0.213592 -18.4284
-0.018293 0.241605 -6.96672
0.0215073 0.258559 -58.3357
0 0.213592 -18.4284
0 0.213243 -18.2107
-0.052788 0.262561 29.7725
0 0.213243 -18.2107
0.0131653 0.00725084 44.1757
0.0139039 0.00709995 44.203
0.0159299 0.0109404 42.7371
0.00457969 -0.00784325 50.694
0.00678252 0.0549011 28.1086
-0.0224373 0.0831326 21.5753
-0.0270421 0.0858663 20.0284
-0.0458706 0.0958256 19.7463
-0.165705 -0.0843446 114.953
0 0 -1
-0.00817895 0.129242 0.910347
-0.0346736 -0.0169105 80.376
-0.0338179 -0.0167019 80.0744
0.0305239 0.00174118 38.7196
0.439539 -0.0038925 -83.0021
0.054174 -0.0101081 43.8893
-0.049279 -0.0576076 89.2874
-0.0564736 -0.0164692 77.2947
-0.0653931 0.0254752 65.8687
-0.072585 0.0587551 56.9147
-0.0603517 0.0867463 41.5444
-0.0205163 0.112383 14.2175
0.0186988 0.0250298 27.0547
0.0241874 -0.00825833 36.2841
0.0215253 -0.0317116 46.0135
0.0202178 -0.0486453 52.7144
0.0232775 -0.059807 54.9277
0.0321066 -0.0634677 51.0475
0.0449801 -0.0580339 41.3237
0.0570153 -0.0352617 25.714
0.0685054 0.0395898 -8.32563
0.0821107 0.127253 -48.5705
0.0857711 0.202519 -77.7166
0.0753219 0.227853 -79.311
0.0893358 0.259777 -100.587
0.0379306 0.293576 -73.1631
-0.000614517 0.173476 -0.288817
-0.0669755 0.126736 70.2416
-0.0765665 0.129492 76.8555
-0.0816299 0.101568 90.7694
-0.0468975 0.065619 73.2379
-0.011687 0.0672969 41.5953
0.0102796 0.070993 20.4453
0.0240761 0.0759373 5.93408
0.0314749 0.0803096 -2.60746
0.0344502 0.0838414 -6.72545
0.0351178 0.085077 -7.81927
0.0349267 0.0851143 -7.63835
0 0.0948973 25.6195
0 0.0948973 25.6195
0 0.0598366 37.8674
-1.10284e-06 0.0948973 25.6207
0.00201839 0.091106 24.6571
0.00329077 0.0872649 24.4866
-0.182946 0.0697126 401.002
-0.184001 0.0698104 402.201
-0.0288177 -0.292374 195.807
0 0.0598366 37.8674
0.0121966 0.00703264 44.2637
0.0120985 0.00552968 44.8171
0.0130526 0.00289951 45.7324
0.0221866 0.00504768 44.2474
0.0234868 0.0280601 35.9936
-0.00351409 0.055663 28.8774
-0.0382322 0.0890427 20.9022
-0.0305841 0.0943689 17.7958
-0.0193157 0.104975 11.9186
-0.00818828 0.115655 5.80488
0.00281179 0.126452 -0.567284
0.0157888 0.0854886 11.5519
0.0264369 0.0450542 23.8035
0.0329543 0.00534116 36.7328
0.0331286 -0.0210654 46.5436
0.0218275 -0.0468911 59.8719
-0.00300637 -0.0722243 77.9401
-0.0235646 -0.0197584 66.038
-0.0327505 0.0244422 53.2151
-0.0860987 -0.197686 189.932
-0.0862453 -0.198805 190.399
-0.0163098 0.0937877 18.863
-0.00844304 0.0404113 34.7929
0.000628211 -0.00364443 46.5911
0.00625024 -0.0327007 54.4309
0.0107902 -0.0511073 58.7705
0.0192279 -0.0614039 57.8045
0.0349566 -0.0633277 49.3006
0.0585307 -0.0525814 31.0536
0.0874208 -0.0212604 1.39739
0.112818 0.0434858 -38.888
0.128745 0.121403 -78.2103
0.129027 0.190518 -103.82
0.11943 0.258637 -122.096
0.0917666 0.281635 -109.709
0.0443192 0.293302 -77.9872
0.0379324 0.266067 -63.4443
-0.0499772 0.140624 51.1229
-0.0615822 0.142581 59.7967
0.00855327 -0.198984 141.875
0.00923349 -0.217967 148.37
0.0066265 -0.213484 149.01
0.00444695 -0.210588 149.909
0.00275228 -0.207674 150.398
0.00153736 -0.204738 150.462
0.000616094 -0.20178 150.259
0.00048908 -0.200094 149.762
0.00048908 -0.200094 149.762
7.35225e-07 -0.192076 147.15
-7.35225e-07 -0.192076 147.152
0 -0.192076 147.151
7.35225e-07 -0.192076 147.15
-8.45509e-07 -0.192076 147.152
7.35225e-07 -0.192076 147.15
0 -0.192076 147.151
-7.35225e-07 -0.192076 147.152
7.35225e-07 -0.192076 147.15
0 -0.192076 147.151
