0 1 3
1 2 3
2 3 3
3 4 3
4 5 3
5 6 3
6 7 3
7 9 3
9 10 3
10 11 3
11 71 3
13 71 3
13 15 3
15 16 3
16 17 3
17 19 3
19 20 3
20 21 3
21 22 3
22 24 3
24 25 3
25 85 3
85 89 3
33 89 3
33 272 3
36 272 3
36 38 3
38 98 3
98 99 3
96 99 3
96 103 3
103 108 3
108 111 3
111 113 3
113 115 3
13 72 3
15 72 3
17 76 3
19 76 3
11 70 3
70 71 3
7 66 3
9 66 3
103 105 3
36 268 3
105 108 3
268 272 3
110 111 3
108 110 3
89 90 3
33 90 3
36 94 3
22 80 1
38 94 3
9 68 3
10 68 3
6 64 3
24 80 1
5 64 3
7 64 3
16 75 3
17 75 3
7 65 3
10 69 3
11 69 3
15 73 3
75 76 3
21 79 3
0 58 3
1 59 3
2 60 3
3 61 3
4 62 3
5 63 3
64 65 3
9 125 3
15 74 3
16 74 3
19 77 3
19 78 3
20 78 3
20 79 3
21 80 2
25 150 3
33 155 3
155 272 3
58 59 3
59 60 3
60 61 3
61 62 3
62 63 3
65 66 3
71 72 3
76 77 3
77 78 3
24 81 3
25 81 3
85 150 3
85 144 3
89 144 3
68 125 3
68 69 3
69 70 3
72 73 3
74 75 3
63 64 3
66 125 3
78 79 3
79 80 2
80 81 0
106 108 3
105 106 3
73 74 3
94 268 3
89 145 3
144 145 3
90 145 3
98 215 3
99 215 3
99 273 3
144 150 3
96 273 3
115 347 3
81 150 3
113 347 3
81 140 3
140 150 3
90 155 3
215 273 3
96 104 3
103 104 3
38 153 3
38 215 3
155 268 3
104 105 3
94 153 3
75 134 3
76 134 3
77 134 3
68 126 3
75 133 3
80 138 0
81 138 3
153 215 3
69 126 3
70 128 3
74 133 3
70 129 3
71 129 3
72 131 3
73 132 3
74 132 3
113 114 3
58 116 0
59 117 1
60 118 3
61 119 3
62 120 3
63 121 3
64 122 3
65 123 3
69 128 3
73 131 3
77 136 3
79 137 3
90 265 3
155 265 3
114 347 3
116 117 1
117 118 0
118 119 3
119 120 3
120 121 3
121 122 3
122 123 3
66 123 3
125 126 3
71 131 3
78 136 3
78 137 3
79 138 3
96 332 3
69 127 3
128 129 3
132 133 3
137 138 3
145 203 1
90 203 3
94 326 3
273 332 3
133 134 3
90 263 3
268 326 3
126 127 3
127 128 3
129 131 3
150 259 3
96 102 3
134 192 3
136 137 3
81 197 3
144 259 3
203 263 3
102 104 3
123 125 3
131 188 3
140 197 3
263 265 3
155 209 3
209 268 3
102 332 3
129 188 3
133 192 3
138 197 3
131 132 3
140 259 3
111 112 3
112 113 3
140 198 3
154 215 3
108 109 3
109 110 3
128 186 3
197 198 3
125 182 3
106 109 3
123 182 3
127 185 3
153 326 3
126 185 3
128 187 3
129 187 3
198 259 3
128 185 3
187 188 3
110 112 3
132 191 3
133 191 3
136 251 3
112 114 3
144 261 3
185 186 3
186 187 3
131 189 3
191 192 3
259 261 3
144 203 1
116 174 2
117 174 0
117 175 2
118 176 3
119 177 3
120 178 3
121 179 3
122 180 3
123 180 3
125 184 3
126 184 3
77 251 2
273 387 3
174 175 1
175 176 0
176 177 3
177 178 3
178 179 3
179 180 3
125 183 3
188 189 3
134 251 0
137 194 3
138 194 3
203 261 0
332 387 3
123 181 3
182 183 3
183 184 3
136 194 3
155 266 3
180 181 3
181 182 3
184 185 3
138 196 3
265 266 3
209 266 3
132 189 3
194 196 3
196 197 3
197 255 3
198 257 3
257 259 3
203 262 3
212 326 3
153 212 3
189 248 3
194 251 3
262 263 3
153 154 3
192 250 3
259 260 3
105 107 3
106 107 3
184 242 3
191 250 3
134 250 3
260 261 3
189 247 3
189 191 3
250 251 0
194 253 3
196 253 3
250 425 2
104 107 3
183 242 3
188 247 3
191 249 3
251 425 1
185 243 3
186 243 3
189 249 3
194 252 3
187 244 3
258 259 3
154 387 3
186 244 3
188 246 3
251 252 3
198 255 3
198 256 3
257 258 3
258 260 3
109 112 3
263 322 3
265 322 3
107 109 3
182 240 3
255 256 3
181 240 3
247 248 3
248 249 3
154 212 3
104 394 3
174 232 2
175 233 0
176 234 3
177 235 3
178 236 3
179 237 3
180 238 3
181 239 3
183 240 3
184 243 3
243 244 3
252 253 3
256 257 3
215 387 3
102 394 3
232 233 3
233 234 3
234 235 3
235 236 3
236 237 3
237 238 3
238 239 3
246 247 3
249 250 3
109 401 3
112 401 3
239 240 3
187 245 3
265 323 3
266 323 3
244 245 3
187 246 3
262 321 3
273 331 3
242 243 3
245 246 3
249 308 3
250 308 3
263 321 3
331 387 3
107 394 3
261 262 3
114 288 1
262 319 3
321 322 3
266 324 3
196 255 3
319 321 3
322 323 3
112 288 1
253 312 3
332 394 3
326 441 3
212 441 3
196 312 3
258 317 3
308 425 1
252 310 3
260 317 3
260 262 3
266 325 3
209 325 3
209 326 3
154 441 3
109 397 3
240 242 3
242 299 3
247 305 3
251 310 3
326 443 3
107 397 3
244 302 3
245 303 3
262 318 3
288 399 0
245 302 3
246 303 3
251 368 3
258 315 3
441 499 3
112 399 3
240 298 3
242 300 3
243 301 3
244 301 3
368 425 1
253 311 3
257 315 3
260 318 3
397 401 3
238 297 3
239 297 3
299 300 3
243 300 3
246 304 3
248 305 1
248 306 3
255 313 3
256 313 3
318 319 3
387 394 3
114 399 3
232 290 1
233 291 1
234 292 1
235 293 3
237 296 3
238 296 3
240 299 3
303 304 3
246 305 3
305 306 0
252 311 3
256 315 3
325 326 3
441 443 3
290 291 3
291 292 1
292 293 3
236 293 3
236 294 3
237 294 3
296 297 3
240 297 3
301 302 3
302 303 3
196 313 3
399 401 3
293 294 3
237 295 3
297 298 3
298 299 3
249 306 3
310 368 3
311 312 3
317 318 3
294 295 3
295 296 3
300 301 3
304 305 3
313 315 3
387 449 3
394 449 3
306 308 3
387 441 3
107 451 3
310 311 3
312 313 3
394 451 3
308 365 3
306 365 3
313 372 3
315 372 3
323 324 3
325 443 3
324 325 3
305 364 0
306 364 3
318 377 3
384 443 3
384 441 3
317 375 3
325 384 3
384 499 3
298 356 3
311 370 3
312 370 3
258 375 3
299 357 3
300 357 3
364 365 3
319 377 3
301 359 3
315 373 3
308 366 3
258 373 3
319 378 3
294 352 3
365 366 3
366 425 1
311 369 3
321 378 3
293 352 3
310 369 3
313 370 3
377 378 3
321 379 3
322 379 3
107 455 3
293 351 3
296 354 3
301 360 3
302 360 3
303 361 3
304 362 3
376 377 3
322 381 3
323 381 3
451 455 3
397 455 3
399 404 1
290 348 0
291 349 0
292 350 3
351 352 3
295 353 3
297 355 3
298 357 3
300 359 3
303 360 3
303 362 3
305 363 3
318 376 3
379 381 3
348 349 3
349 350 1
295 352 3
295 354 3
297 354 3
356 357 3
362 363 3
368 369 3
369 370 3
394 506 3
293 350 3
354 355 3
300 358 3
373 375 3
324 381 3
387 506 3
358 359 3
360 361 3
361 362 3
363 364 0
370 372 3
372 373 3
317 376 3
324 382 3
325 382 3
350 351 3
357 358 3
359 360 3
381 382 3
387 390 3
298 355 3
375 376 3
331 390 3
352 353 3
397 458 3
401 458 3
353 354 3
355 356 3
399 458 3
370 428 3
382 384 3
378 379 3
394 453 3
451 453 3
453 455 3
369 428 3
399 459 3
439 499 3
458 459 3
372 429 3
384 439 3
404 460 0
370 429 3
372 430 3
404 459 0
353 411 3
354 411 3
428 429 3
429 430 3
355 413 3
363 421 3
364 421 1
365 423 3
366 423 3
368 426 3
397 456 3
354 413 3
425 426 0
369 427 3
455 456 3
456 458 3
459 460 3
350 408 3
357 415 3
358 415 3
359 417 3
427 428 3
375 434 3
376 434 3
381 438 3
382 439 3
349 408 1
360 417 3
375 433 3
378 436 3
379 438 3
348 406 3
349 407 3
352 410 3
360 418 3
361 419 3
362 420 3
363 420 3
364 422 3
364 423 3
373 432 3
375 432 3
377 436 3
387 499 3
406 407 3
407 408 1
350 409 3
353 410 3
356 413 3
356 415 3
418 419 3
362 419 3
421 422 0
422 423 3
433 434 3
377 435 3
379 437 3
408 409 3
351 409 3
358 417 3
417 418 3
419 420 3
366 424 3
424 425 1
373 430 3
377 434 3
435 436 3
352 409 3
420 421 3
373 431 3
432 433 3
434 435 3
368 427 3
430 431 3
379 436 3
399 460 3
409 410 3
356 414 3
414 415 3
426 427 3
431 432 3
436 437 3
410 411 3
413 414 3
415 416 3
358 416 3
437 438 3
382 438 3
423 424 3
438 496 3
427 485 3
382 496 2
416 417 3
426 485 3
439 496 3
456 457 3
457 458 3
411 413 3
425 483 3
426 483 3
329 387 3
413 471 3
329 506 3
496 555 3
457 459 3
411 470 3
414 471 3
428 486 3
435 493 2
413 470 3
418 476 3
419 476 3
427 486 3
434 493 2
430 488 2
436 493 2
439 555 2
453 512 3
455 512 3
410 468 3
419 477 3
422 480 3
429 486 3
407 465 3
408 465 0
409 468 3
417 476 3
420 477 3
423 480 3
394 512 3
460 520 1
406 464 3
409 467 3
411 468 3
411 469 3
420 478 3
421 479 3
423 481 3
429 487 2
464 465 3
467 468 3
477 478 3
478 479 3
422 479 1
424 481 3
424 483 3
426 484 3
485 486 3
486 487 3
430 487 2
408 467 3
468 469 3
476 477 3
480 481 3
483 484 3
431 489 1
432 489 1
432 548 2
437 496 3
431 488 2
433 491 1
493 494 3
436 494 3
469 470 3
479 480 0
487 488 3
489 548 3
432 491 1
434 491 1
437 495 3
481 483 3
491 548 3
436 495 3
506 509 3
394 509 3
511 512 0
415 531 3
416 531 3
416 474 3
484 485 3
494 495 3
465 467 1
414 531 3
473 531 3
474 532 3
417 474 3
491 493 0
456 512 3
459 517 1
416 532 3
488 489 1
495 496 3
457 517 1
470 471 3
471 531 3
531 532 3
483 540 1
481 540 1
483 541 1
460 517 1
474 476 3
555 557 3
499 500 3
509 512 3
460 514 3
514 577 1
473 532 3
387 500 3
513 517 1
460 513 3
465 524 1
467 524 3
439 557 3
489 546 1
491 551 0
493 551 3
480 538 3
488 546 1
439 559 3
481 538 3
557 559 3
499 559 3
457 513 3
469 527 3
471 529 3
457 512 3
468 527 3
529 531 3
476 534 3
540 541 3
484 541 1
484 543 2
485 543 3
495 553 3
500 559 3
513 514 3
467 525 3
468 525 3
487 545 3
494 552 3
496 553 3
464 522 1
465 523 3
470 527 3
474 534 3
476 535 3
477 535 3
478 535 3
478 536 3
479 537 3
479 538 3
481 539 1
484 542 1
486 544 3
486 545 3
494 553 3
509 568 1
512 568 1
522 523 0
468 526 3
535 536 3
536 537 3
539 540 3
542 543 0
544 545 3
488 545 3
546 547 2
552 553 3
566 568 1
523 524 1
524 525 3
525 526 3
470 529 3
534 535 3
537 538 3
486 543 3
489 547 3
493 552 3
440 500 3
387 440 3
538 539 1
541 542 3
547 548 3
526 527 3
512 627 1
543 544 3
545 546 1
509 566 3
506 566 3
568 627 3
500 557 3
470 528 3
551 552 3
553 555 3
440 555 3
440 557 3
528 529 3
328 440 3
527 528 3
474 592 0
534 592 3
553 611 3
512 513 3
548 606 3
491 606 2
491 608 2
551 610 3
552 610 3
529 587 0
474 591 0
541 599 1
491 607 2
551 608 3
555 611 3
526 584 0
527 585 0
528 587 0
532 591 0
591 592 3
540 599 1
541 600 0
547 606 3
606 607 3
555 612 3
525 584 0
526 585 0
528 585 0
528 586 0
529 588 0
531 588 0
542 600 0
607 608 3
611 612 3
329 566 3
512 515 3
585 586 3
587 588 3
535 592 3
328 555 1
515 629 1
584 585 3
586 587 3
546 604 0
524 582 0
525 583 0
537 595 3
538 595 3
538 596 3
539 596 0
539 597 0
539 598 0
540 598 0
599 600 0
544 603 3
545 603 3
545 604 3
553 610 1
522 580 0
523 581 3
523 582 2
524 583 0
583 584 3
532 590 0
535 593 3
536 594 3
597 598 3
598 599 1
543 601 3
546 606 2
515 628 1
514 636 1
580 581 3
581 582 1
582 583 2
531 589 0
531 590 0
590 591 3
592 593 3
593 594 3
594 595 3
596 597 3
600 601 0
544 601 3
603 604 3
610 611 0
566 627 1
589 590 3
544 602 3
588 589 3
595 596 3
601 602 3
604 606 3
602 603 3
608 610 3
329 440 3
328 612 1
329 565 3
586 644 3
587 644 3
328 329 3
565 566 3
588 645 3
515 627 1
588 644 3
628 629 3
513 515 3
644 645 3
515 689 1
329 505 3
606 664 3
607 664 3
608 667 3
610 667 3
328 505 3
627 628 3
606 663 3
604 663 3
627 684 2
584 642 3
585 642 3
597 655 3
598 655 3
566 684 1
515 690 1
590 648 3
596 655 3
663 664 3
607 666 3
583 642 3
589 648 3
596 654 1
603 662 3
604 662 3
664 665 3
608 666 3
610 669 3
611 669 1
328 611 1
583 641 3
654 655 0
600 658 3
607 665 3
328 669 1
582 640 0
641 642 3
585 643 3
591 648 3
583 640 3
642 643 3
586 643 3
588 646 3
591 649 3
592 649 3
592 650 3
593 651 3
594 652 3
595 653 1
598 656 3
599 657 0
601 659 3
603 719 3
515 688 1
514 695 1
580 638 3
640 641 3
645 646 3
589 646 3
650 651 3
651 652 3
652 653 1
653 654 0
656 657 1
600 657 0
658 659 0
602 719 3
662 719 3
665 666 3
666 667 3
328 670 1
515 684 1
688 689 2
581 638 3
643 644 3
655 656 3
669 670 3
515 566 3
581 639 3
581 640 3
602 659 3
638 639 3
639 640 3
648 649 0
649 650 3
662 663 3
667 669 3
657 658 1
646 648 3
646 704 3
646 705 3
514 694 1
659 718 3
602 718 3
514 751 1
718 719 3
667 726 3
694 751 3
648 705 3
669 727 3
656 714 1
657 715 2
667 727 3
714 715 3
704 705 3
689 690 2
654 712 3
655 713 1
656 713 1
662 720 3
726 727 3
645 704 3
653 712 0
713 714 3
639 698 3
640 698 3
654 713 0
719 720 3
666 724 3
667 724 3
639 697 3
640 699 3
641 699 3
642 699 3
648 706 3
649 706 1
658 715 3
663 721 3
664 722 3
694 752 0
638 696 3
639 696 3
697 698 3
698 699 3
642 700 3
705 706 3
649 707 1
650 708 2
651 709 2
652 710 2
653 711 3
712 713 0
659 717 3
663 720 3
663 722 3
665 724 3
667 725 3
751 752 0
695 752 3
643 700 3
707 708 3
708 709 3
709 710 3
710 711 1
711 712 0
658 717 2
717 718 3
665 722 3
724 725 3
725 726 3
670 729 3
514 515 3
514 752 1
645 702 3
720 721 3
721 722 3
328 729 1
699 700 3
644 700 3
702 704 3
670 727 3
696 697 3
644 702 3
706 707 3
644 759 3
715 717 3
505 565 3
702 759 3
722 724 3
702 761 3
727 729 3
698 700 3
722 781 3
724 781 3
328 563 3
700 759 3
729 786 3
729 788 3
505 563 3
704 761 3
724 782 3
725 782 3
727 786 3
328 788 1
706 764 3
707 764 3
705 763 1
715 773 1
717 774 3
704 762 1
704 763 1
713 771 2
714 771 2
714 773 1
715 774 1
719 777 3
712 770 0
773 774 3
718 775 3
720 777 3
720 778 3
721 778 3
696 754 1
698 756 2
761 762 3
762 763 3
706 763 3
711 770 0
770 771 3
714 772 2
717 775 3
718 777 3
721 780 3
722 780 3
727 785 3
785 786 3
565 623 3
566 623 3
697 754 1
700 756 2
758 759 3
708 766 3
709 767 3
710 768 3
711 769 0
771 772 3
772 773 1
780 781 3
726 782 1
700 758 3
707 766 3
766 767 3
767 768 3
768 769 3
769 770 3
782 783 3
726 783 1
726 784 1
515 623 3
697 756 2
756 757 0
700 757 3
763 764 3
781 782 3
759 761 3
777 778 3
778 780 3
783 784 3
727 784 3
697 755 1
775 777 3
786 788 3
754 755 3
755 756 1
784 785 3
757 758 3
328 789 1
774 775 2
788 789 3
505 623 3
764 823 3
707 823 3
777 834 3
788 846 3
759 817 3
761 817 3
766 823 3
775 834 3
786 845 3
788 845 3
756 814 0
782 840 3
783 840 3
755 814 3
762 820 3
764 822 3
757 814 3
758 816 3
759 816 3
761 819 3
762 819 2
772 830 2
773 830 2
774 833 2
777 835 3
780 837 0
783 842 3
784 842 3
785 844 3
786 844 3
755 813 3
757 815 3
763 822 3
773 832 3
774 832 3
775 833 3
778 835 3
778 837 0
781 840 3
784 843 3
785 843 3
789 847 3
754 812 0
813 814 3
814 815 3
758 815 3
766 824 3
767 825 2
768 826 2
769 827 2
770 828 2
771 829 2
771 830 2
778 836 1
780 838 0
781 839 0
845 846 3
328 847 1
505 680 3
812 813 1
762 822 3
824 825 0
825 826 3
826 827 3
827 828 3
828 829 3
829 830 3
832 833 3
834 835 3
835 836 1
837 838 0
781 838 0
839 840 1
563 680 3
815 816 3
817 819 3
820 822 3
822 823 3
823 824 3
836 837 0
838 839 1
844 845 3
789 846 3
563 847 1
816 817 3
819 820 3
840 842 3
842 843 3
846 847 3
833 834 3
843 844 3
830 889 3
773 889 3
832 889 3
842 899 3
822 879 3
840 899 3
822 880 3
820 879 3
823 880 0
846 904 3
623 680 3
814 873 3
815 873 3
837 896 2
838 896 1
842 900 3
843 900 3
845 904 3
817 875 3
820 878 3
814 872 3
816 874 3
816 875 3
816 873 3
819 876 1
819 878 0
832 890 3
833 892 1
834 892 1
839 898 1
840 898 3
898 899 3
812 870 1
813 871 3
817 876 1
819 877 3
823 881 3
824 882 0
825 883 0
826 884 3
827 885 1
828 886 1
829 887 3
830 888 3
833 890 3
835 892 1
835 893 1
836 894 3
837 895 2
839 897 1
844 902 3
844 903 3
845 903 3
847 905 3
847 965 3
515 918 1
515 922 1
515 923 1
870 871 3
871 872 3
872 873 3
876 877 1
877 878 0
878 879 3
879 880 3
880 881 1
881 882 0
882 883 0
883 884 1
884 885 1
885 886 3
886 887 0
887 888 3
888 889 3
892 893 3
893 894 3
894 895 3
895 896 1
896 897 3
897 898 3
843 902 3
563 965 1
873 874 3
875 876 1
922 923 3
874 875 3
889 890 3
899 900 3
902 903 3
903 904 3
846 905 3
905 965 3
904 905 3
843 959 3
902 959 3
900 959 3
873 931 3
890 949 3
833 949 3
874 931 1
890 948 3
892 949 0
680 966 1
889 948 3
892 950 3
893 951 2
894 952 3
900 958 3
904 961 3
904 963 3
905 963 3
871 929 3
872 929 3
893 950 3
893 952 3
899 958 3
903 961 3
870 928 3
870 929 3
874 933 3
875 933 3
876 934 2
877 935 0
878 936 3
879 937 3
880 938 3
881 939 3
882 940 1
883 941 1
884 942 3
885 943 0
886 944 0
887 945 3
888 946 3
889 947 3
895 953 3
896 954 0
897 955 0
898 956 0
899 957 0
958 959 3
902 960 3
928 929 3
933 934 3
934 935 3
935 936 3
936 937 3
937 938 3
938 939 1
939 940 3
940 941 0
941 942 3
942 943 3
943 944 3
944 945 3
945 946 3
946 947 3
947 948 3
949 950 3
950 951 0
951 952 1
952 953 3
953 954 1
954 955 0
955 956 3
956 957 1
957 958 1
959 960 3
960 961 3
948 949 3
961 963 3
680 965 1
872 930 3
873 930 3
931 933 0
963 965 3
929 930 3
930 931 3
933 990 1
965 1022 3
515 1035 1
931 990 3
963 1022 3
959 1017 3
514 1042 1
958 1017 3
960 1017 3
963 1020 3
933 991 1
934 991 1
961 1020 3
960 1018 3
680 1022 1
961 1018 3
928 986 3
929 987 3
930 988 3
931 989 3
934 992 1
935 993 1
936 994 1
937 995 1
938 996 1
939 997 3
940 998 3
941 999 1
942 1000 1
943 1001 1
944 1002 1
945 1003 1
946 1004 1
947 1005 1
948 1006 1
949 1007 1
950 1008 1
951 1009 1
952 1010 1
953 1011 1
954 1012 1
955 1013 1
956 1014 1
957 1015 1
958 1016 3
961 1019 3
986 987 3
987 988 3
988 989 3
989 990 3
991 992 3
992 993 3
993 994 3
994 995 3
995 996 3
996 997 3
997 998 3
998 999 3
999 1000 3
1000 1001 3
1001 1002 3
1002 1003 3
1003 1004 3
1004 1005 3
1005 1006 3
1006 1007 3
1007 1008 3
1008 1009 3
1009 1010 3
1010 1011 3
1011 1012 3
1012 1013 3
1013 1014 3
1014 1015 3
1015 1016 3
1016 1017 3
1017 1018 3
1018 1019 3
990 991 3
1019 1020 3
