0.034345 0.116923 20.1855
0.0345043 0.11995 20.1362
0.0366929 0.122226 19.9961
0.0386478 0.112331 20.017
0.0319144 0.0878336 20.9894
-0.0139094 0.0503119 26.5922
-0.0401358 0.0433147 30.0839
-0.0679598 0.0330207 34.3743
-0.0693877 0.019811 34.5304
-0.0413125 0.0111869 29.2951
-0.00308634 -0.016487 22.0081
-0.00823947 -0.0506529 23.9601
0.000551331 -0.0992651 22.922
-0.0487977 -0.114105 37.4875
-0.0830406 -0.0576214 46.3704
-0.0850905 -0.049461 46.7046
-0.0740873 -0.0121856 41.7994
-0.0509295 -0.0333047 33.8204
-0.0185163 -0.0257775 20.9074
-0.0329217 -0.109907 28.3695
-0.0517997 -0.107973 36.419
-0.0861478 -0.0623084 51.0569
-0.0374834 -0.0141128 26.4312
0 0.00421533 8.07689
-0.0138084 -0.0283062 14.5601
-0.00727985 -0.0365276 11.3883
0.0175232 -0.00157755 -2.126
0.0117343 -0.0505333 0.659609
0.0214129 -0.0196769 -5.83088
0 0.16392 6.13143
-0.130157 -0.0457056 102.842
-0.218273 -0.0120938 161.118
0.0114559 0.010352 -6.32325
-0.0189803 0.00732576 17.9879
-0.0137256 0.00926835 13.5074
-0.0132182 0.00758594 13.236
-0.00795213 0.0132574 10.0369
0.010809 -0.219454 -2.48502
0.00230336 -0.0125397 1.87747
0.169409 0.0793683 -138.497
0.423089 -0.0241245 -358.586
0.0505328 0.0126235 -32.8112
0.0502842 0.00231137 -32.5016
0 0.181857 7.04961
0.00483079 0.174254 2.44111
0 -0.134503 11.014
-0.0103204 0.168046 17.4701
-0.0261161 -0.418092 42.3815
-0.0101089 0.163293 17.7823
0 0.165191 7.1186
0 0.181857 7.04961
0.00404547 0.162009 2.65535
-0.00232447 0.164858 9.74568
-0.00695841 0.171683 15.1176
0 0.181857 7.04961
0 0.165191 7.1186
-0.00525034 0.187436 13.4352
0 0.165191 7.1186
0.0360722 0.117943 20.1518
0.0364004 0.121963 20.046
0.0318893 0.131774 20.0036
0.0222602 0.123078 20.9658
0.00347071 0.103308 23.3181
-0.0259164 0.0776502 27.3536
-0.04826 0.0565359 30.868
-0.0677512 0.0341117 34.3683
-0.0854713 0.0223772 37.5201
-0.0367459 0.0103051 28.0397
-0.0164315 0.00127176 24.4973
-0.0258677 -0.0099095 27.3849
-0.0242529 -0.0543849 27.8383
-0.0227708 -0.0769726 29.1903
-0.0681875 -0.0507807 41.7301
-0.0704235 -0.037235 42.2054
-0.0806089 0.00676837 43.7037
-0.0614216 -0.0176151 37.2593
-0.046873 -0.0593027 33.1833
-0.0567529 -0.122314 39.0706
-0.022997 -0.102235 23.0571
-0.0380762 -0.0785808 29.2797
0.329531 -0.0166987 -147.339
-0.00458775 -0.00581598 9.11968
-0.00254099 -0.0201161 7.66876
-0.016461 -0.0241996 16
-0.0714735 0.029687 43.3592
-0.00822632 -0.0419056 11.8744
-0.00140085 -0.04371 8.30119
0 0.244916 -4.44004
0.0514021 -0.0698911 -9.12192
-0.0111062 -0.0296167 13.697
-0.0193687 0.00754634 18.8376
0 -0.0124142 2.07433
-0.00115339 -0.0128199 2.9512
-0.00963894 0.0335542 8.85489
-0.0138735 -0.00275712 15.2015
-0.00314621 -0.00883223 4.48296
-0.0041388 -0.0115665 8.61952
-0.06168 0.0272745 53.4374
0.00909758 -0.0098839 -3.99083
0.00692368 -0.00919825 -1.93857
0.00018775 0.00491114 2.48632
-0.00484024 -0.000939523 7.85944
-0.00431055 -0.012685 8.86039
-0.00833 -0.0109768 12.6651
-0.00561498 -0.0119142 10.0035
-0.00793398 -0.00970211 12.2104
-0.0060368 -0.00832823 10.1466
-0.00402075 -0.0102289 8.1819
-0.00811545 -0.00659074 12.2964
-0.00480812 -0.00690474 8.71304
-0.00630114 -0.00473695 10.2186
-0.00798326 -0.00243797 12.0242
-0.00519242 -0.0027142 8.8073
-0.00725253 -0.00104087 11.1211
-0.00532142 -0.00101468 8.82398
-0.00736539 -0.000419384 11.2353
0 0 -1
0.0175337 -0.487734 66.8246
0.0178472 0.150213 20.0505
0.00817904 0.146978 20.9898
-0.0178209 0.130489 24.2342
-0.0525412 0.105007 29.3882
-0.0831249 0.0734558 35.0121
-0.0963856 0.0540945 37.9195
-0.0981867 0.0486094 38.4518
-0.0561424 0.0357448 30.5489
-0.0178757 0.0144417 23.9804
-0.0229076 0.00962238 24.8944
-0.0439711 0.00236738 31.7356
-0.0565657 -0.0362018 36.7992
-0.0552288 -0.0923934 38.9333
-0.0451807 -0.0739084 35.007
-0.0404273 -0.0566721 33.1089
-0.0552108 -0.00213844 35.1606
-0.0656997 -0.0232015 40.1005
-0.0130098 -0.109512 19.7433
-0.00284961 -0.069393 12.5451
-0.00746525 -0.0713602 14.9023
0.00815584 -0.00127795 3.29399
-0.0192868 0.0115922 16.0989
-0.00972427 -0.00694666 11.549
-0.0155305 0.0152392 13.3519
0.0177367 0.00694879 -5.02948
-0.0112833 -0.0137838 12.6582
-0.00859982 -0.0261695 12.0297
0.00844899 -0.0648811 2.31286
0.0724931 -0.234941 -28.2763
0.0328715 -0.292108 0.0603165
-0.312185 -0.130947 232.158
-0.0117892 -0.00445786 12.8984
-0.00783166 -0.0240994 11.3949
-0.0144655 0.0355444 12.4153
-0.00676818 0.0383611 5.90729
-0.00304566 -0.0113654 6.04663
0.00106952 -0.0136001 3.11568
-0.00921748 0.00390902 11.5013
0.0112995 0.0152863 -8.21504
0.0970482 0.0205926 -82.6102
0.195539 0.0636889 -172.547
0 -0.25702 22.095
-0.00474075 -0.200464 23.3377
0.0742093 -0.188359 -40.7327
0.0983263 -0.190952 -64.5362
-0.0106068 -0.167461 27.7766
-0.00128424 -0.17348 18.6463
-0.0310918 -0.115481 47.5637
-0.00145224 -0.168861 18.633
-0.0117597 -0.153629 29.2873
0.00461781 -0.165833 11.6518
0.0071504 -0.16764 8.69493
0.00470427 -0.17538 11.8893
0.00800111 -0.228168 10.8431
0.14646 0.136439 -154.277
0.0214748 0.13104 -1.06349
0.0415022 1.40029 -91.7547
0.0196671 0.119459 27.5727
0.0213515 0.163042 19.1328
0.000244275 0.170377 20.2038
-0.0409098 0.148 25.5278
-0.081764 0.116493 32.2838
-0.101652 0.0866706 36.8724
-0.106189 0.0690899 38.7088
-0.107132 0.065164 39.4147
-0.0340429 0.0604774 24.4267
-0.0310336 0.0487387 25.0931
-0.0197122 0.032212 23.7399
-0.0521154 0.00285647 34.6879
-0.0813496 0.00836205 41.5727
-0.0866453 -0.0303009 44.6956
-0.0296298 -0.113966 31.5943
-0.0110038 -0.15437 28.6002
-0.0251183 -0.114055 31.0975
-0.035206 -0.0769543 32.4362
-0.00435396 -0.0924446 14.8006
0.00532388 -0.0268596 5.57666
0.0507884 -0.0304358 -14.6752
0.0254714 -0.00887531 -4.33214
-0.022133 -0.00666428 18.752
-0.0370037 -0.0440455 29.9145
0.0721605 0.0573207 -33.9061
5.07305e-05 0.31959 -15.0944
0.142322 0.0846618 -79.9456
0.120235 0.0249068 -70.9427
-0.0678805 0.000223273 52.6636
-0.0508791 -0.158689 56.3458
-0.0539937 -0.218046 63.3467
-0.0596744 -0.165068 61.4658
-0.185829 0.0330801 137.136
0.0236473 0.0106499 -14.1282
0.0022225 -0.00305519 3.24805
-0.0137352 0.0359833 11.6737
-0.0230046 0.0184171 20.4885
-0.00468169 -0.0138889 7.8359
0.0171963 0.0198765 -13.621
-0.0534726 0.0440834 45.9982
0.0104779 -0.0113372 -5.13195
0.00975983 -0.00608196 -4.84554
0.021982 0.274787 -38.6849
-0.00546464 -0.0258879 11.5621
0.0385352 -0.808525 37.1706
0.0941663 -0.814599 -18.8127
0.0559001 0.320697 -75.6687
-0.0114498 0.654223 -35.4703
0 0.455794 -32.0367
-0.00862959 0.658953 -38.3254
0 -0.0343192 23.6487
0 -0.0343192 23.6487
0.0354017 0.559201 -80.8803
0 -0.0343192 23.6487
-0.0114685 0.488117 -20.854
0.211822 -0.0762544 -221.985
0.098047 0.692211 -171.19
0.0827931 0.227617 9.34931
0.085638 0.199374 12.2451
0.0570563 0.170992 16.547
-0.0117948 0.167108 21.8104
-0.0779239 0.129331 31.1257
-0.107944 0.0873207 38.3473
-0.117009 0.0850256 39.4781
-0.124389 0.0862732 40.2895
-0.0836148 0.0658243 34.6169
-0.0677533 0.0820468 29.9741
-0.0598327 0.0369678 33.3107
-0.0232916 0.00558184 27.2244
-0.064211 0.0125376 36.9758
-0.102698 0.00949916 47.9087
-0.114528 0.0109668 50.4842
-0.117596 0.0046838 51.5546
0.0153135 -0.111668 14.9432
-0.0240474 -0.118171 29.7401
-0.00621416 -0.090114 20.7656
-0.000256443 -0.0199737 7.68604
0.0163435 -0.0173873 0.203283
0.0279635 -0.0345792 -3.51148
-0.00110772 -0.0340868 11.1804
-0.0218392 -0.02731 19.5059
-0.0295939 -0.0384976 24.8936
-0.0294248 -0.056496 26.1924
-0.0099433 -0.0246083 12.4441
-0.0104864 -0.0265458 13.2825
0.0163238 -0.0422761 -1.26043
0.00647952 -0.0439577 4.48048
-0.00224608 -0.0573315 13.1795
-0.0347072 -0.0441239 33.1648
-0.0381717 -0.0558652 35.6121
-0.0078904 -0.0297202 12.4347
0.0241418 -0.0201848 -11.3267
-0.00303977 -0.0280458 9.05477
-0.00647066 0.0195134 8.73441
-0.019184 -0.0496288 24.7653
-0.0344024 -0.039283 35.626
-0.0105013 0.0158971 10.926
-0.00946292 0.0162824 11.1435
0.00226768 -0.0074946 2.42619
0.0204224 -0.00392637 -14.498
0.085378 0.00482746 -71.4964
-0.00163741 -0.0454627 10.5364
0.00250487 -0.0489046 6.92285
-0.0564427 -0.344745 97.3087
-0.0344259 0.0101705 58.5107
0 -0.0208409 11.9241
0 -0.0208409 11.9241
0 -0.0208409 11.9241
0 -0.0208409 11.9241
0 -0.0208409 11.9241
0 -0.0208409 11.9241
0 -0.0208409 11.9241
-0.0857723 0.00452895 127.789
-0.0871381 0.00824056 129.156
-0.0883271 0.00415668 130.991
0.035334 -0.553107 100.449
0.035334 -0.553107 100.449
-0.130266 0.025704 47.7125
-0.116516 0.0777188 40.3469
-0.115487 0.0662619 41.727
-0.10735 0.0379877 43.6843
-0.0905776 0.0474106 40.5841
-0.112724 0.0614106 41.5843
-0.0929578 0.032903 40.9027
-0.070347 0.0413308 35.5896
-0.0844478 0.0192816 40.8221
-0.0783028 0.00064403 41.8509
-0.0807222 0.0142394 41.0828
-0.113377 -0.00909463 53.2123
-0.0966975 0.0229575 43.5714
-0.0777124 0.0177669 38.1351
-0.025393 -0.0852217 26.3825
0.0159193 -0.0361326 4.22791
-0.0196227 -0.0463618 19.6107
-0.0249741 0.00319484 16.0109
-0.00635431 -0.0113099 9.47615
0.00966047 -0.0187403 3.08131
0.00913423 -0.0187491 4.2406
-0.0395564 -0.00844898 26.6515
-0.0468814 -0.0388179 34.4803
-0.0338897 -0.0357662 26.6957
0.0107124 -0.0434786 3.06594
0.0118477 -0.0539152 3.29939
-0.00200607 -0.0726381 13.6546
0.0121956 -0.069542 3.23504
-0.00940362 -0.048337 14.8444
-0.0157792 -0.0649472 21.3538
-0.015525 -0.0477185 19.0507
0.00759848 -0.0441976 1.85015
0.0169731 -0.0405418 -4.88278
-0.010766 -0.0356353 15.2735
-0.0153221 -0.0125809 16.9583
0.00532694 0.226807 -27.8641
-0.00239333 0.00300693 3.54669
-0.00232241 -0.00195689 4.64495
0.0528018 -0.212455 -16.6246
0.0106104 -0.0113258 -4.98299
0.00791384 -0.0130643 -2.72392
0.00806371 -0.0421945 1.1231
-0.0151183 -0.00983616 19.9132
-0.00597191 -0.0335264 13.2681
-0.0313715 0.164737 17.0477
0 0.219281 -20.8964
-0.00528603 0.208472 -13.9914
-0.0794425 0.106961 76.7848
0.0159022 0.239445 -40.302
-0.00326815 -0.385822 56.5354
-1.69401 -0.273438 1979.04
0.0322544 -0.110346 -14.872
-0.000615082 0.307976 -29.8732
-0.00645535 -0.728902 112.238
-0.0960961 0.0253404 138.234
-0.00701067 -0.000153656 10.807
-0.0224295 0.00197512 24.757
-0.0191797 0.00365852 24.4152
-0.117413 -0.0095242 51.7813
-0.0849596 0.00133655 48.1194
-0.0986632 0.00923995 47.7318
-0.117527 -0.00850481 52.2341
-0.121947 -0.000868453 50.9532
-0.131326 -0.0073782 53.4105
-0.0853588 -0.00554412 45.0294
-0.0717675 0.0147755 39.3995
-0.106307 -0.00552455 49.2702
-0.0685973 -0.015348 41.0115
-0.0749949 -0.0173835 43.4653
-0.101868 -0.014462 50.1491
-0.0990925 -0.0195449 49.9379
-0.0791014 0.0014358 40.5853
-0.0079851 0.000982658 9.06292
-0.00240945 -0.00298142 7.37012
-0.00280896 0.00784843 6.27412
-0.0218626 0.0113344 13.5859
-0.0293194 0.00263681 17.9236
-0.0219688 -0.000328045 15.215
-0.00523146 -0.0359526 12.4858
-0.0272454 -0.0456782 25.3076
-0.0389181 -0.058166 33.2438
-0.032338 -0.0435696 26.5987
-0.00953615 -0.0359341 13.1415
-0.0191963 -0.0367659 18.6265
-0.0110473 -0.0589136 16.8259
0.00435183 -0.0399582 4.33242
0.00939285 -0.0498204 2.90669
-0.00551344 -0.0447915 12.0297
-0.0126258 -0.0332218 15.0849
0.00574863 -0.0358795 2.46765
0.00574382 -0.043067 3.88657
-0.00174503 -0.0365962 8.57913
0.00467086 -0.0171804 0.910348
0.268044 0.00954797 -212.887
-0.00205233 -0.02984 7.49361
0.00589139 -0.00781927 -1.88839
-0.00329496 0.00179524 4.57699
0.127191 -0.149753 -89.6123
-0.000735048 -0.00497694 3.19171
0.0082142 -0.0317236 -0.654333
0.033789 -0.0939907 -14.4857
0.0425734 -0.0756694 -29.5891
0.00141091 -0.0102869 2.83408
0.100186 -0.380235 -44.5174
0.00238867 -0.142329 20.4574
-0.00275036 -0.00751344 6.50696
-0.0194495 0.00555233 22.392
-0.00220081 -0.00200001 5.20642
-0.123603 0.101332 129.74
-0.00308288 -0.00543603 6.63795
-0.000652394 -0.117122 20.1339
-0.152344 0.25793 171.327
-0.176504 0.115377 207.584
0.0199328 0.197473 -45.7835
-0.0272673 -0.00103887 25.3085
-0.03002 -0.0104778 26.9654
-0.0966049 -0.0442775 55.4142
-0.0858311 -0.0401769 53.6149
-0.102424 -0.0259349 52.4462
-0.126745 -0.0238556 54.6926
-0.127275 -0.0304976 55.8052
-0.0937423 -0.0249338 49.4308
-0.0763744 0.00881967 40.6476
-0.0873066 0.00782991 43.2961
-0.0865989 0.0550856 34.2873
-0.0907433 0.00559383 43.102
-0.0927256 -0.0246525 48.7326
-0.0983436 -0.0208262 49.5999
-0.0735942 -0.000779774 38.9402
-0.0554531 0.0116533 31.2535
-0.00640984 0.0388245 2.71997
-0.010833 0.0407532 4.22477
-0.0254065 0.0562141 8.49414
-0.0219583 -0.00874336 21.8873
-0.018472 0.0341235 8.70192
-0.033959 0.0397696 14.5277
-0.0290493 0.0468636 11.163
-0.0447986 -0.0182785 29.5753
-0.0306324 -0.0418121 25.6857
-0.0149939 0.00516726 9.57935
-0.0175723 0.0355585 6.58231
-0.0220251 -0.0127463 17.0125
-0.0190682 -0.0134463 15.2747
0.000585828 -0.0145853 3.02501
0.0151786 0.0243264 -12.4223
0.00354522 0.034527 -6.82866
0.00512089 -0.00518429 -1.63749
0.00480786 0.00108066 -2.4856
-0.0061201 -0.00241333 8.20297
-0.000939388 -0.0174199 5.24424
-0.000666802 0.00140868 2.14542
-0.00345121 -0.0233999 8.02261
0.000518189 -0.0128835 3.20743
-0.0154319 -0.00201289 16.2151
-0.0105184 -0.00354304 12.3586
-0.00493344 -0.00156848 6.90731
0.01223 -0.0110175 -7.20488
0.0122575 -0.00399545 -7.47726
-0.00184134 -0.0134691 6.01805
-0.00282858 -0.0100403 6.93218
-0.012808 -0.0094385 16.823
-0.00107054 -0.00906454 5.0119
0.00534662 0.0876243 -17.209
-0.000331361 -0.00736289 3.83873
-0.0011711 -0.00551974 4.50063
-0.00102515 -0.00469984 4.20824
-0.00184281 -0.00489488 5.16248
-0.000393106 -0.0026855 3.15007
0.00118999 -0.00474186 1.63706
0.0234375 0.0520833 -8.6237
0.047287 0.244719 -88.2492
-0.0504786 -0.190815 100.292
-0.0409073 -0.00346084 25.8559
-0.0429756 -0.00875854 26.8654
-0.122154 0.0182146 46.6103
-0.135496 0.0224345 46.6277
-0.111078 0.0192055 45.3795
-0.129628 0.0174549 47.6356
-0.116808 0.0104462 46.9605
-0.0874102 0.0210988 40.2268
-0.0515567 0.0349915 31.792
-0.0571204 -0.00912949 42.3005
-0.127608 0.0703658 41.3873
-0.124563 0.0589661 42.3638
-0.0987589 0.0228193 42.108
-0.0870611 0.0174314 39.9171
-0.0803401 0.0252398 36.4468
-0.0831156 2.74719e-05 42.0584
-0.0120711 0.107794 -6.25841
-0.0249256 0.0977451 0.188713
-0.0657654 -0.138547 137.582
-0.0422143 -0.0433585 33.136
-0.00626239 0.052396 0.114107
-0.035767 0.12305 0.862263
-0.00737292 0.131785 -14.4209
-0.0111746 0.241597 -33.2313
-0.0142289 0.282065 -39.1777
-0.0572633 0.0712722 28.5583
0.0333591 0.113102 -31.3581
0.015206 0.0232597 -2.24524
-0.106203 0.244143 27.7568
-0.00544438 0.25463 -38.8796
-0.0395914 0.193802 -4.77209
-0.0233792 0.143594 -6.74008
0.00106154 0.0892768 -14.7094
0.00442276 0.090459 -17.1251
-0.00675361 0.0495884 -1.36298
0.00721885 0.0036644 -4.36792
0.00484106 0.00905559 -3.40296
-0.0126171 0.11638 -10.1387
0.015625 0.121094 -35.7891
-0.0084343 -0.00660919 12.2149
-0.00917312 -0.00264733 10.7296
-0.0027173 -0.00114193 4.85257
0.00350564 -0.00589181 0.125786
0.00110182 -0.0090458 2.51922
-0.0134485 -0.0198428 19.0164
-0.00555095 -0.00703275 9.40579
0.0625659 0.0774143 -65.9469
0.0564792 0.0331708 -51.7485
-0.00186384 -0.00516326 5.18703
-0.000831258 -0.00456636 3.95829
-0.000759338 -0.00479962 3.95525
-0.00140495 -0.00433167 4.52599
0.0918144 -0.196533 -44.4267
0.0435326 0.012968 -40.3979
0 -0.234681 55.9531
0 -0.213073 51.8829
0.204492 -0.108414 -174.691
0 -0.331816 117.264
0 -0.0599629 56.7377
-0.0421537 0.0287932 19.2261
-0.140435 0.0239288 46.744
-0.129721 0.0349135 44.144
-0.12386 0.0234283 46.0746
-0.127002 0.0554656 40.3725
-0.12846 0.0829457 35.0931
-0.0854086 0.0194938 40.2608
-0.0421961 0.018311 33.2037
-0.0659952 0.0256356 36.2073
-0.0758304 0.0217566 40.1789
-0.116533 0.0132698 49.2572
-0.0910485 0.0087035 43.147
-0.0755362 0.0310576 34.1917
-0.0877388 0.05362 33.3227
-0.104241 0.0485508 39.6506
-0.105521 0.073254 34.823
-0.0473433 -0.117185 125.511
-0.0630706 -0.131962 134.989
-0.0702641 -0.0636883 124.125
-0.0803744 0.00225678 115.268
0.0135222 0.22588 -41.772
-0.00765938 0.266075 -39.8317
-0.0128815 0.252105 -34.2597
-0.504995 -0.157927 317.907
-0.0299042 0.139038 -0.162637
0.0178569 0.198441 -39.8239
0.0183662 0.176362 -35.1702
-0.0765192 0.213001 15.1983
-0.00518526 0.29493 -46.485
-0.0552371 0.29867 -15.4324
-0.0341521 0.168726 -3.76422
-0.0424318 0.179975 -0.348364
-0.0432791 0.124289 11.5105
-0.0451644 0.15893 5.68982
-0.0198673 0.0398542 10.5534
-0.0159367 0.0189549 11.9515
0.00527412 0.0207817 -5.21176
-0.0221458 0.0490803 11.1036
-0.0339172 0.215823 -11.7639
-0.0348345 0.0625934 19.7991
-0.00304218 -0.000457972 4.9437
0.236468 0.0657005 -212.708
-0.00148497 -0.00218207 4.00472
-0.0010304 -0.00386426 4.04143
-0.00571017 0.189337 -30.871
-0.054954 0.157026 41.0958
-0.0490535 0.175904 31.2781
0.00871758 0.318859 -57.3091
0.202418 0.312704 -257.966
0.0120055 0.425937 -82.994
0.270315 0.0953688 -104.112
0.00667218 0.599623 -113.946
0.0324717 0.0106753 -27.2015
0.1963 -0.346629 -83.877
0.0951461 -0.082957 -83.5817
0 0.0858632 -4.11322
0 0.0858632 -4.11322
0.0068194 0.131282 -5.40449
-0.00457064 0.116822 -1.7065
-0.311013 0.387838 -46.1584
-0.0221072 0.246995 -32.5947
-0.0093836 0.223529 -28.4093
0.013792 0.239936 -34.2341
-0.0188706 0.21318 -23.6906
-0.0403702 0.172381 -10.7208
-0.0294265 0.228519 -26.4202
-0.00476592 0.203943 -25.633
-0.00921843 0.237874 -33.1934
-0.00783406 0.166866 -16.893
-0.00628181 0.0667169 6.96099
-0.0384985 0.0782415 13.2829
-0.0807704 0.0877784 23.8008
-0.0988023 0.0759073 32.0486
-0.0814154 0.0912612 22.5497
-0.074649 0.0918858 19.9645
-0.0739173 0.0915703 19.7631
0.0254777 0.100481 62.7882
-0.00398699 0.0192496 30.4767
0.00272875 0.310249 -54.1283
-0.0186481 0.324802 -47.5456
-0.0231296 0.309163 -41.6167
0.00457742 0.299571 -53.8325
0.0118667 0.2962 -57.438
0.0077727 0.281291 -52.0456
-0.000445509 0.278269 -46.3902
0.0241789 0.279704 -61.7944
0.0320825 0.286618 -68.2043
0.0175024 0.306433 -63.1367
-0.0251431 0.155001 -6.52863
-0.00864337 0.206816 -29.5235
0.00588924 0.247239 -48.8731
-0.0720269 0.19928 17.3827
-0.00580277 1.39121 -301.785
0.0493669 0.20176 -76.1909
-0.103251 0.186175 53.8742
-0.122179 0.191548 68.087
0.00927983 0.256702 -56.7115
0.0382689 0.259438 -82.1671
0.0382689 0.259438 -82.1671
0.224124 0.104379 -209.738
-0.00217577 -0.003005 4.92185
-0.00202949 0.29079 -53.2651
-0.0178015 0.275774 -34.4578
-0.023544 0.142607 12.3148
0.0289724 0.129158 -38.2166
0.0547498 0.162339 -73.0548
0.0518922 -0.0937761 -10.5272
-0.216979 0.0569981 248.265
0.148768 0.0561863 -154.116
-0.0221953 0.170049 18.6586
0.00417676 0.260759 -44.6213
0.155327 -0.179861 -71.0339
0.0405957 0.0911012 -50.4632
-0.038794 0.0457943 55.428
-0.037726 0.0551804 52.0112
0.0128852 0.145001 -8.86527
0.0179392 0.185658 -19.3586
-0.0285859 0.218835 -25.3108
-0.0262674 0.239893 -30.5101
-0.00841024 0.262815 -38.1329
-0.0192367 0.25577 -34.3951
-0.017667 0.263935 -36.8304
-0.0184205 0.291542 -43.3931
-0.0169931 0.267901 -38.2284
-0.000796059 0.248279 -36.7568
-0.00307265 0.277092 -43.3252
0.0444202 0.0998702 -14.2267
0.00205666 0.110488 -5.36488
-0.0403271 0.103272 8.08507
-0.054724 0.107743 11.1515
0.000180507 -0.00450974 108.905
-0.0539697 0.533473 -19.2099
-0.0748292 0.0905977 20.3268
-0.0739974 0.090849 19.9539
-0.0874931 0.445772 -45.0023
-0.0281814 -0.0135562 49.0262
-0.0345552 0.333281 -41.7252
-0.0246935 0.336161 -46.7298
-0.0452242 0.312347 -30.4872
-0.00619363 0.305613 -50.0769
0.0106867 0.321583 -62.3178
-0.015004 0.318154 -46.4602
0.000796155 0.305211 -53.221
-0.00664448 0.295603 -46.979
0.0329837 0.3033 -73.211
0.0755851 0.2604 -90.0809
0.0569075 0.283721 -83.5784
0.0532959 0.297148 -84.7823
0.213287 -0.106621 -95.8171
-0.00541688 -0.0979589 51.6006
-0.00523961 -0.0983357 51.5559
-0.00466472 -0.100213 51.5756
-0.00424095 -0.10159 51.5799
-0.00402324 -0.102278 51.5732
-0.00402324 -0.102278 51.5732
5.43204e-14 -0.562441 158.943
5.43204e-14 -0.562441 158.943
-0.00293913 -0.00159446 5.18857
0 -0.516255 147.147
0.0219914 -0.109689 28.771
0.0635309 -0.104537 -13.6232
-0.0935139 -0.37626 206.252
0.0337103 0.130741 -43.9027
0.0885096 0.247848 -128.266
0.0985493 0.106114 -105.565
-0.258924 0.0942399 284.944
0.135392 0.0324052 -133.176
-0.084371 -0.339858 208.656
-0.0197481 0.0216394 48.321
0.0589583 -0.143229 -1.1562
0.0825173 -0.125115 -32.0935
0.0278808 -0.135992 36.159
0.19728 0.338804 -298.981
0.0249295 0.181894 -18.519
0.0254724 0.259696 -39.5605
0.0257492 0.277029 -43.7371
0.00812481 0.264813 -39.6688
0.00167418 0.327998 -54.7551
-0.0116243 0.310465 -48.5452
-0.0204918 0.319118 -49.2674
-0.0212599 0.324066 -50.8699
-0.0448217 0.283481 -36.4762
0.00736208 0.310926 -54.9336
-0.0107173 0.34274 -57.8331
-0.0367291 0.349081 -53.568
-0.0528864 0.435441 -73.6498
-0.0438151 0.466282 -84.6134
-0.0373726 0.497878 -95.0709
-0.00287091 -0.00453356 109.886
-0.0481225 0.534309 -21.5432
0.0165756 0.0450551 14.0204
0.0147241 0.0623645 10.2111
0.00764997 0.0496634 16.5129
-0.0326817 0.278502 -27.0116
-0.0582771 0.265576 -11.912
-0.0279419 0.284195 -31.8204
-0.0190244 0.305799 -41.8282
0.000235916 0.301929 -51.3649
0.00764966 0.294302 -52.9257
-0.00129656 0.308511 -51.9762
0.0396491 -0.21258 58.2784
0.00799122 0.33548 -65.0549
-0.0101249 0.319272 -49.4827
0.0668254 0.179526 -62.7548
0.0361324 0.298305 -73.3277
0.0256774 0.295043 -65.315
0.0361248 0.31039 -77.2768
-0.00844965 0.334315 -50.5607
-0.0515772 0.233228 8.7528
-0.0381922 0.168479 15.6988
-0.0177856 0.125378 11.0557
-0.00366117 0.0963688 7.34764
0.00214224 0.0771011 7.68996
0.00339726 0.065118 9.85034
0.00316069 0.0592093 11.6539
0.00316069 0.0592093 11.6539
0.004602 0.0347569 16.7353
0 0.0189126 25.153
0 0.0340786 21.2741
0.0028807 0.0192892 22.1626
-0.0584618 -0.176434 282.738
0 -0.181567 77.7607
0 -0.181567 77.7607
0.00688796 -0.195113 73.8938
0 -0.181567 77.7607
0 0.0596755 14.5233
0.00524138 -0.142067 61.337
0.0342527 0.00206671 -7.82574
0.062583 -0.138786 -4.67763
0.238321 0.343885 -350.235
-0.667091 0.185747 805.803
-0.0118969 0.2004 -16.1517
-0.0118531 0.200363 -16.1427
0.136551 0.987331 -249.649
-0.0169993 0.258964 -34.2853
0.00168135 0.263006 -36.8858
-0.017862 0.273124 -37.1894
0.00619977 0.271794 -40.1539
0.0128684 0.301224 -49.348
0.0154058 0.124137 3.22497
-0.0630994 0.259799 -22.3012
0.00106666 0.298688 -48.0895
-0.00160186 0.345417 -61.1944
-0.013593 0.377623 -67.7014
-0.00743566 0.457136 -92.6423
0.00617229 0.497771 -108.608
0.0229535 0.518176 -119.947
0.0315746 0.535216 -127.843
0.0325724 0.549761 -132.387
0.0250564 0.593212 -142.166
-0.159017 0.0633276 94.6452
-0.240134 0.118023 112.593
-0.0335672 0.211243 -9.01627
0.113406 0.281228 -103.951
0.00176427 0.265175 -41.991
0.0136812 0.266051 -48.1876
-0.00667804 0.279545 -41.6293
0.0135628 0.295106 -57.5924
0.026329 0.32595 -72.8082
0.0199834 0.347093 -75.0531
-0.00673846 0.239504 -25.0757
-0.0199435 0.291682 -32.6444
0.00988705 0.299001 -55.0615
0.0497166 0.295709 -82.3677
0.0684731 0.298217 -96.6566
0.100255 0.278944 -113.582
0.11081 0.24911 -111.434
-0.0222171 0.125619 27.6062
-0.0131066 -0.103708 86.8435
0.007457 -0.129133 77.4764
0.0119018 -0.12929 73.8846
0.0076441 -0.139572 80.5799
0.00202876 -0.147185 87.7631
-0.00341541 -0.149528 93.3553
0 -0.030125 56.3513
0 -0.0142439 51.7256
0.01483 -0.00296584 33.8216
0 -0.0683321 67.5096
-0.00939083 -0.185346 234.97
-0.0071826 -0.186366 233.165
0.00665143 -0.187854 218.957
1.84475e-06 -0.181641 224.33
-0.00724848 -0.186036 233.613
0.0160428 -0.186085 207.398
-0.011011 -0.187026 238.538
0 -0.192384 227.307
-0.00641603 -0.391643 292.3
-0.00582109 -0.190277 233.825
0.0199198 -0.182296 199.897
0 0 -1
-0.00846025 0.199956 -16.1528
-0.0173928 0.205416 -17.4047
-0.00637015 0.235015 -27.6391
-0.0164784 0.198187 -14.6144
0.0110604 0.222675 -25.9773
0.0456466 0.284802 -49.3899
-0.00602758 0.322921 -52.9557
-0.046523 0.129855 13.5396
-0.0376586 0.154119 3.66787
-0.0108648 0.178862 -9.53065
0.0210071 0.341764 -65.7099
0.0096289 0.368309 -71.0976
0.0197979 0.00339007 36.6616
0.0281466 0.00822397 32.6193
0.0359152 0.0225552 25.6678
0.0384193 0.0298476 22.6125
0.028029 0.0317986 25.9403
0.0165658 0.019817 34.1503
-0.187246 0.0431938 112.121
-0.118419 0.0854345 68.9096
-0.05071 0.169119 11.5165
-5.61955e-05 0.213512 -25.8256
0.0166818 0.248143 -44.5214
-0.157668 -0.0481704 143.242
-0.0489519 0.594051 -122.716
-0.294639 -0.377422 312.163
0 -0.0690891 50.3497
0.0275066 0.273899 -57.7693
0.010068 0.240254 -36.2119
-0.00209978 0.264185 -35.9723
-0.00869315 0.291492 -40.4783
0.0302564 0.285428 -65.5846
0.0719875 0.276804 -92.5234
0.0942515 0.242161 -97.6049
0.0362003 0.232697 -50.6551
-0.044012 0.152946 36.201
0.0439236 -0.100796 38.2248
0.00487204 -0.13099 80.0821
0.00423235 0.347595 -63.8229
0.00227106 0.344198 -61.0756
0.00186431 0.343998 -60.6739
0.00519309 0.344279 -63.7805
0.000488815 0.374137 -68.9557
-0.00911824 0.428253 -76.8541
-0.00102679 0.34569 -58.551
-0.000950644 0.373378 -67.3046
0 0.417818 -82.3704
0.0043037 0.384689 -76.3378
0 0.417818 -82.3704
-0.00105668 0.415834 -80.5883
-0.00294439 0.418123 -79.206
0.00279349 0.386203 -75.4922
-0.0247876 0.449902 -63.9886
0.00460133 0.405005 -83.7088
0 0.417818 -82.3704
-0.00131805 0.418867 -81.0892
0.0522165 0.451978 -157.591
0.0184247 0.207072 -19.4262
0.0153319 0.204708 -18.5409
0.0185074 0.214118 -21.9006
-0.0184305 0.214437 -20.1529
-0.0127793 0.143376 1.28861
-0.0119223 0.146223 0.777962
0.047797 -0.454181 198.115
-0.0136863 0.327947 -53.2774
-0.022456 0.129573 8.87431
-0.0278217 0.147178 4.08195
-0.0153095 0.163337 -3.94046
0.0139175 0.306475 -52.058
0.0160331 -0.0248873 51.1349
0 0 -1
0.043747 0.0073488 28.0028
0.0778549 -0.283234 124.246
0.0797649 -0.296012 127.751
0.0180557 0.0327962 29.4833
0.000428896 0.0351647 35.7075
-0.0528038 0.0587953 49.937
-0.0623436 0.130265 30.1512
-0.054098 0.151503 19.1166
-0.0964302 -0.0806844 123.009
-0.123642 -0.0942287 140.943
-0.134447 -0.0729244 139.135
-0.119352 -0.100167 140.223
0.124568 0.266441 -114.787
0.105123 0.265778 -103.062
0.0575601 0.258578 -71.734
0.0229267 0.282112 -58.0703
-0.00210199 0.287364 -43.5269
0.00821548 0.314222 -58.9838
-0.015057 0.333135 -50.2149
0.0469706 0.300558 -82.6858
0.0492735 0.276693 -75.734
0.0466341 0.263437 -68.8019
-0.349472 -0.146029 379.921
-0.0102301 0.196069 -1.30766
0.0402012 0.0625065 5.27217
0.0417443 0.0589457 5.07035
0.0456511 0.0434717 6.98966
0.0307556 0.0426789 20.3529
0 -0.158186 93.2357
0 -0.189732 124.131
0 -0.189732 124.131
0 -0.125276 102.877
0 -0.125276 102.877
0 -0.125276 102.877
0.104508 -0.0959191 -38.3189
0.155051 -0.227534 -47.3616
0 -0.0193729 47.2025
0.0192683 -0.118979 254.386
0.0205381 -0.0112969 217.073
0.00782362 0.00479864 226.363
0.156735 0.0601487 33.3913
0 -0.319982 156.398
-1.89058e-06 0.169922 179.913
-2.02922e-05 0.169922 179.936
0.0197484 0.206528 -19.2605
0.0188617 0.210348 -20.6018
0.0253277 0.231628 -28.5068
0.0526911 0.222436 -26.8742
-0.0121421 0.15711 -3.17307
-0.0209488 0.146208 1.61319
-0.0112097 0.215871 -24.7613
0.00486339 0.174512 -12.3084
0.00219703 0.133628 2.83815
-0.00380635 0.147942 -1.08924
-0.00587515 0.160686 -5.17448
-0.0506601 0.266382 -22.6513
-0.0502019 0.275686 -26.3756
0.0593474 0.00881476 22.5969
0.059176 0.00910918 22.569
0.0586894 0.0161051 20.2854
0.0512729 0.0231411 20.4058
0.0341376 0.0301086 24.2933
0.0141864 0.0396449 28.6901
-0.0106026 0.0606512 31.4439
-0.035921 0.09048 31.8948
-0.0380527 0.138377 16.0717
-0.0520184 -0.0559915 92.3019
-0.145179 -0.61202 329.869
-0.138262 -0.0804644 143.771
-0.137696 -0.0928631 147.826
-0.0264961 0.426038 -94.7484
0.0422192 0.2668 -107.954
0.0440768 0.265673 -108.636
0.0113959 0.428405 -118.112
0.0171253 0.307324 -63.1298
0.00810725 0.315802 -59.7848
0.024189 0.370094 -89.5928
0.0251489 0.310342 -69.3642
0.0492418 0.312441 -87.5846
0.0129468 0.295906 -54.3851
-0.0123214 0.259602 -22.3635
-0.00165518 0.258229 -30.1931
0.189725 -0.0253409 -90.7516
0.0182933 0.119707 2.21366
0.0298417 0.0809458 7.9039
0.0190102 0.073282 20.211
0.028782 0.102005 1.29869
0.0243292 0.0926519 8.80957
0 -0.112737 101.995
-0.00241085 -0.114799 105.101
0.00344476 -0.118382 100.578
0 -0.112737 101.995
0.00451006 -0.116022 98.4284
0.246074 0.0648557 -141.791
0 0.937939 -268.043
-1.26039e-06 -0.0772879 89.3859
0.0261436 0.325587 -83.6522
-0.0211375 0.316243 -26.0353
-0.0442681 0.291853 10.0401
0.333772 -0.508038 -139.705
-0.0547077 -0.503859 328.373
0 0.363459 -66.9381
0.0257991 0.205045 -18.8054
0.0284114 0.215194 -22.6414
0.0356926 0.23352 -29.7457
0.044053 0.223133 -26.4239
0.0455996 0.224382 -26.9875
0.0406793 0.230183 -28.5857
0.0334236 0.236508 -29.9779
0.0246515 0.239241 -29.6546
0.0144209 0.242259 -28.994
0.0029867 0.245202 -27.8585
-0.00954696 0.248085 -26.2123
-0.0230559 0.250927 -24.0571
-0.02213 0.294963 -40.7305
-0.00877999 0.295756 -44.7393
0.000980735 0.296605 -47.975
0.00693876 0.297557 -50.236
0.00991689 0.29865 -51.652
0.0105277 0.299918 -52.3337
0.00957537 0.301379 -52.4973
0.00754071 0.303044 -52.2754
0.0048447 0.304916 -51.801
0.0017342 0.306985 -51.1569
-0.00167066 0.309236 -50.3734
-0.00519228 0.311645 -49.5212
-0.0084911 0.314173 -48.7551
-0.0108711 0.316766 -48.4435
-0.0117288 0.319356 -48.9403
-0.00996296 0.32187 -50.9267
-0.00477373 0.324243 -54.9727
0.00502334 0.326425 -61.9538
0.0197348 0.328385 -72.2535
0.0309817 0.327238 -79.2673
0.0197557 0.323782 -70.1673
0.0186766 0.316257 -66.7398
0.0279967 0.290922 -64.3181
0.00847918 0.301612 -53.1995
0.00330027 0.267545 -37.1184
-0.0362179 0.221066 10.8092
-0.0352529 0.155722 34.0398
0.0372279 0.13974 -19.5687
0.0363868 0.123372 -12.8288
0.0281293 0.124863 -6.17693
0.0186144 0.113828 6.44927
0.0172536 0.0966617 14.017
0.0196275 0.0954879 12.212
-7.24722e-07 -0.0047433 68.0071
-1.26039e-06 -0.0047433 68.0077
1.44944e-06 -0.0047433 68.0049
-1.26039e-06 -0.0047433 68.0077
0.258148 0.052967 -150.401
-0.0033237 -0.247115 241.754
0.0132503 -0.158872 190.468
0 0.145313 91.6914
0 0.145313 91.6914
0 -0.211942 225.023
0.233488 -0.150363 -149.509
0.269325 -0.244202 -158.141
0 -0.211942 225.023
