0 1 3
1 2 3
2 3 3
3 4 3
4 5 3
5 6 3
6 7 3
7 8 3
8 9 3
9 10 3
10 11 3
11 12 3
12 13 3
13 14 3
14 15 3
15 16 3
16 17 3
17 18 1
18 19 2
19 20 3
20 22 0
22 23 2
23 24 3
24 25 3
25 26 3
26 27 3
27 29 3
29 30 3
30 31 3
31 33 3
33 36 3
36 39 3
39 40 3
40 41 3
41 156 3
45 156 3
45 47 3
47 48 1
48 108 0
108 165 3
53 165 0
53 54 3
54 57 3
47 163 3
45 163 3
18 76 0
33 90 3
36 90 3
36 328 3
39 328 3
17 76 0
20 79 3
22 79 1
101 156 3
41 101 3
10 67 3
4 63 3
5 63 3
6 63 3
9 67 3
10 68 3
23 81 2
26 84 3
27 84 3
102 156 3
45 102 3
7 65 3
11 68 3
19 76 3
24 81 1
28 29 3
101 102 3
6 65 3
67 68 3
16 75 3
19 78 3
20 78 3
27 28 3
30 89 3
31 89 3
12 128 3
13 72 3
14 72 3
14 73 3
15 73 3
15 75 3
17 75 3
25 84 3
0 58 3
1 59 3
2 60 3
3 61 3
4 62 3
6 64 3
8 65 3
8 67 3
22 80 1
58 59 3
59 60 3
60 61 3
61 62 3
63 64 3
80 81 3
81 82 3
24 82 3
27 143 3
28 30 3
62 63 3
72 73 3
25 82 3
84 143 3
33 89 3
48 339 0
64 65 3
25 83 3
38 39 3
108 339 3
111 165 0
78 79 3
38 328 3
47 106 1
48 106 2
165 284 3
53 111 3
57 286 0
11 128 3
83 84 3
27 144 3
106 339 0
108 284 3
54 286 0
12 72 3
75 76 0
76 78 2
82 83 3
28 144 3
65 67 3
73 75 3
143 144 3
30 146 3
11 127 3
28 146 3
89 146 3
68 127 3
72 130 3
78 135 3
79 80 3
38 40 3
47 105 3
65 124 3
67 124 3
127 128 3
41 157 3
105 163 3
105 106 2
90 328 3
40 157 3
101 157 3
54 111 3
76 135 2
101 159 3
12 129 3
89 90 3
90 206 3
102 159 3
12 130 3
75 133 3
76 133 1
206 328 3
108 167 3
167 284 3
76 134 3
134 135 3
101 158 3
129 130 3
75 132 3
89 147 3
90 147 3
157 158 3
158 159 3
132 133 3
40 214 3
64 122 3
65 123 3
128 129 3
79 137 3
80 137 3
28 145 3
90 148 3
38 214 3
61 120 1
62 120 1
63 122 3
123 124 3
68 126 3
81 139 3
82 139 3
144 145 3
147 148 3
58 116 1
59 117 1
60 118 1
63 120 1
63 121 1
64 123 3
67 125 3
73 130 3
78 136 3
145 146 3
157 214 3
116 117 3
117 118 3
61 118 1
61 119 1
120 121 3
121 122 0
130 132 3
78 137 3
80 139 3
82 141 3
146 147 3
167 339 3
118 119 2
124 125 3
126 127 3
75 130 3
135 136 3
83 141 3
84 142 3
142 143 3
45 162 3
162 163 3
119 120 2
102 162 3
106 164 1
68 125 3
80 196 3
139 196 3
83 142 3
125 126 3
111 286 0
136 137 3
148 206 3
105 164 1
141 142 3
122 123 3
209 328 3
128 186 3
139 141 3
38 209 3
38 326 3
105 162 3
165 401 3
127 186 3
137 196 3
206 209 3
214 326 3
123 180 3
133 134 3
135 193 3
122 180 3
136 193 3
342 401 3
132 190 3
133 190 3
284 401 3
111 401 0
145 203 3
146 203 3
164 339 0
130 190 3
137 195 3
139 198 3
143 201 3
144 201 3
136 195 3
196 197 3
139 197 3
141 198 3
146 204 3
127 185 3
129 186 3
129 187 3
203 204 3
147 204 3
209 326 3
186 187 3
130 188 3
147 205 3
159 162 3
123 181 3
125 183 3
126 185 3
188 190 3
133 191 3
142 201 3
148 205 3
116 174 0
117 175 0
118 176 0
119 177 2
120 178 0
121 179 0
124 181 3
124 183 3
125 184 3
126 184 3
130 187 2
188 189 3
189 190 3
134 191 3
136 194 3
174 175 3
175 176 3
176 177 1
177 178 0
178 179 3
179 180 3
183 184 3
194 195 3
195 196 3
145 201 3
206 323 3
166 286 3
184 185 3
209 323 3
111 166 0
180 181 3
185 186 3
190 191 3
204 205 3
159 161 3
187 188 3
134 193 0
197 198 3
214 273 3
158 161 3
142 200 3
105 279 3
164 279 0
124 182 3
182 183 3
141 257 3
141 200 3
200 201 3
134 250 3
198 257 3
157 161 3
181 182 3
191 250 2
162 279 3
193 194 3
157 273 3
161 162 3
281 339 3
193 250 1
200 257 3
148 323 3
162 219 3
164 281 0
167 281 3
185 243 3
205 263 3
148 263 3
161 273 3
161 219 3
167 283 3
186 243 3
263 323 3
214 387 3
283 284 3
326 387 3
166 401 3
243 244 3
186 244 3
187 244 3
323 325 3
209 325 3
219 279 3
187 246 3
193 251 3
281 283 3
188 246 3
184 243 3
187 245 3
197 312 3
180 238 3
181 240 3
244 245 3
250 251 0
195 253 3
196 312 3
204 262 3
182 240 3
193 252 3
194 252 3
196 253 3
197 255 3
205 262 3
326 327 3
177 236 0
178 236 3
178 237 3
179 237 3
183 240 3
183 241 3
198 256 3
201 260 3
145 260 3
174 232 1
175 233 1
176 234 1
177 235 1
184 241 3
184 242 3
245 246 3
189 248 3
190 248 3
191 249 3
197 256 3
256 257 3
200 316 3
161 217 3
232 233 3
233 234 3
234 235 3
237 238 3
242 243 3
191 365 3
250 365 3
194 253 3
255 256 3
217 219 3
180 239 3
181 239 3
189 305 3
251 252 3
253 312 3
257 316 3
322 323 3
327 387 3
217 273 3
279 281 3
235 236 0
236 237 3
238 239 3
240 241 3
191 248 2
200 260 3
263 322 3
273 387 3
284 342 3
241 242 3
189 246 3
249 365 2
252 253 3
203 260 3
219 392 3
239 240 3
203 261 3
219 220 3
279 392 3
246 305 3
248 249 2
260 261 3
204 261 3
262 263 3
217 220 3
255 312 3
261 262 3
263 321 3
248 305 1
262 321 3
325 326 3
273 331 3
217 331 3
220 392 3
246 304 3
217 333 3
281 340 3
283 340 3
245 304 3
256 373 3
257 373 3
316 317 3
200 317 3
261 319 3
323 324 3
325 383 3
331 333 3
239 298 3
240 298 3
241 299 3
322 324 3
324 325 3
241 298 3
327 384 3
298 299 3
242 301 3
243 301 3
244 302 3
251 310 3
252 310 3
260 317 3
321 322 3
243 302 3
251 309 3
253 311 3
242 300 3
304 305 3
305 364 0
248 306 3
250 309 0
217 334 3
232 290 0
233 291 3
234 292 0
236 294 3
238 296 3
239 297 3
241 300 3
249 306 3
252 311 3
331 387 3
220 334 3
283 341 3
284 341 3
290 291 1
291 292 3
235 292 0
235 294 0
237 294 3
237 296 3
238 297 3
297 298 3
299 300 3
245 302 3
309 310 3
255 314 3
256 314 3
262 319 3
337 392 3
342 517 2
235 293 0
301 302 3
245 303 3
305 306 0
311 312 3
314 373 3
316 373 3
279 337 3
292 293 3
237 295 3
295 296 3
296 297 3
300 301 3
302 303 3
303 304 3
306 364 3
294 295 3
293 294 3
310 311 3
255 313 3
319 377 3
262 378 3
312 313 3
313 314 3
321 378 3
324 383 3
333 334 3
373 374 3
316 374 3
281 337 3
294 351 3
306 365 3
260 318 3
319 378 3
340 341 3
293 351 3
317 318 3
261 318 3
377 378 3
325 327 3
341 342 3
294 352 3
250 366 3
351 352 3
295 352 3
365 366 2
318 319 3
314 372 3
334 392 3
364 365 3
324 382 3
325 384 3
337 340 3
292 351 3
309 368 3
310 368 3
317 376 3
324 381 3
322 380 3
322 381 3
303 361 3
304 361 3
309 366 1
313 372 3
317 374 3
317 375 3
380 381 3
166 460 3
295 354 3
296 354 3
302 361 3
304 362 3
305 362 3
312 370 3
313 370 3
318 376 3
381 382 3
327 331 3
334 451 3
392 451 3
401 460 3
404 460 0
291 350 3
292 350 3
296 355 3
297 355 3
299 357 3
290 348 1
291 349 3
295 353 3
298 356 3
298 357 3
300 358 3
301 359 3
305 363 3
309 367 3
311 368 3
372 373 3
374 375 3
318 377 3
327 558 3
348 349 3
349 350 3
353 354 3
297 356 3
356 357 3
299 358 3
300 359 3
302 359 3
302 360 3
361 362 3
362 363 3
363 364 0
366 367 0
367 368 3
375 376 3
384 558 3
350 351 3
352 353 3
357 358 3
359 360 3
360 361 3
321 380 3
331 447 3
354 355 3
358 359 3
311 370 3
321 379 3
327 447 3
355 356 3
378 379 3
383 384 3
333 447 3
358 416 3
379 380 3
340 457 3
359 416 3
337 457 3
370 428 3
378 435 3
311 428 3
366 424 3
367 424 1
333 449 3
334 449 3
392 508 3
368 427 3
311 427 3
370 372 3
451 508 3
337 508 3
327 500 3
447 500 3
427 428 3
497 500 3
500 560 3
447 449 3
341 457 3
379 436 3
341 517 3
401 462 1
460 462 1
383 558 3
337 513 2
457 513 3
377 435 3
381 439 3
513 627 0
341 458 3
372 429 3
382 439 3
449 451 3
352 410 3
364 423 3
365 423 3
370 429 3
379 435 3
380 438 3
351 410 3
366 423 2
375 434 3
376 434 3
449 500 3
458 517 3
353 410 3
354 412 3
416 417 3
359 417 3
381 438 3
353 412 3
355 413 3
360 417 3
360 418 3
362 420 3
363 420 3
382 383 3
348 406 3
349 407 3
353 411 3
356 413 3
356 414 3
357 416 3
361 419 3
364 422 3
367 425 3
368 426 3
374 432 3
374 433 3
375 433 3
435 436 3
406 407 3
350 407 3
350 410 3
411 412 3
355 412 3
419 420 3
363 421 3
363 422 0
422 423 3
425 426 3
426 427 3
432 433 3
433 434 3
376 377 3
500 558 3
559 560 3
500 559 3
410 411 3
417 418 3
361 418 3
421 422 0
424 425 0
372 430 3
377 434 3
438 439 3
383 439 3
508 513 3
413 414 3
357 415 3
420 421 3
428 429 3
372 431 3
373 431 3
374 431 3
439 558 3
341 516 2
458 516 3
412 413 3
357 414 3
415 416 3
418 419 3
429 430 3
434 435 3
379 438 3
558 560 3
423 424 2
430 431 3
436 438 3
446 560 3
457 516 3
401 517 2
401 519 1
410 467 3
414 415 3
431 432 3
446 559 3
462 519 3
517 519 1
407 410 3
457 514 3
385 449 3
513 514 3
514 516 3
407 467 3
436 495 3
385 500 3
385 451 3
516 517 3
438 495 2
508 512 2
446 500 3
451 626 2
451 512 2
512 513 3
407 466 3
466 467 3
385 626 1
411 470 3
412 470 3
423 481 3
512 626 3
422 481 3
424 481 2
425 483 3
434 493 2
435 493 2
410 468 3
426 484 3
512 627 0
513 572 3
514 572 3
411 468 3
413 471 3
416 475 3
417 475 3
418 475 3
424 483 0
427 484 3
460 519 1
406 464 3
411 469 3
413 470 3
414 471 3
418 476 3
419 477 3
420 478 3
421 478 3
426 483 3
427 485 3
427 486 3
428 486 3
438 554 2
439 554 2
407 464 3
407 465 3
469 470 3
419 476 3
477 478 3
421 480 3
480 481 3
484 485 3
429 486 3
572 627 0
464 465 3
465 466 3
468 469 3
470 471 3
422 480 3
430 489 1
431 489 1
467 468 3
475 476 3
476 477 3
483 484 3
432 489 1
433 491 1
435 495 3
478 480 3
479 480 3
485 486 3
432 548 2
434 491 1
478 479 3
489 548 2
433 548 1
491 493 0
415 532 1
416 532 1
435 552 1
415 531 2
475 532 1
430 486 3
495 552 3
414 530 3
415 530 3
531 532 0
491 548 3
471 530 3
530 531 3
430 487 3
495 554 3
424 540 1
481 540 1
517 576 3
519 576 0
439 556 3
556 558 3
493 550 1
491 550 3
554 555 3
439 555 3
557 558 3
514 573 3
516 573 3
486 487 3
495 553 3
556 557 3
471 529 3
529 530 3
552 553 3
466 524 3
483 540 1
484 543 3
485 543 3
486 545 1
487 545 1
487 489 1
517 575 3
483 543 3
555 556 3
572 573 3
516 574 3
575 576 3
489 547 2
573 574 3
517 574 3
519 577 2
467 525 3
467 526 3
468 526 3
469 526 3
469 527 2
470 528 3
475 533 0
476 533 0
547 548 3
493 609 3
493 552 3
460 577 1
464 522 3
465 523 3
470 527 2
470 529 3
476 534 0
477 535 1
478 536 1
479 536 1
483 541 1
486 544 1
550 609 2
522 523 3
523 524 3
466 525 3
533 534 3
534 535 1
535 536 1
480 538 1
540 541 3
483 542 3
542 543 3
544 545 2
525 526 3
526 527 0
528 529 3
479 538 1
481 538 1
486 543 3
553 554 3
626 627 2
574 575 3
527 528 3
532 533 0
479 537 2
481 539 1
539 540 0
541 542 0
536 537 0
537 538 1
538 539 0
576 577 1
543 544 2
524 525 3
487 547 1
491 549 3
548 549 3
460 636 1
549 550 3
577 636 0
552 609 3
577 635 2
553 611 3
572 630 3
573 630 3
576 635 1
552 610 3
552 611 3
385 503 3
503 626 1
487 605 1
547 605 3
609 610 3
503 624 1
548 606 3
549 606 3
556 614 3
627 629 1
547 606 3
555 614 3
533 591 1
549 607 3
550 607 2
550 608 2
627 630 1
629 630 3
523 582 0
524 582 0
532 590 2
533 590 1
534 591 1
535 593 1
536 593 1
539 598 0
540 598 0
544 603 2
545 603 3
487 603 1
606 607 3
607 608 3
554 611 3
557 614 3
503 557 2
626 686 3
574 632 3
635 636 0
522 580 0
523 581 0
524 583 0
525 583 0
526 584 0
527 585 2
528 586 0
529 587 0
530 588 0
531 589 0
534 592 1
540 599 0
541 599 0
542 600 1
543 601 1
544 602 1
503 792 1
503 560 2
573 631 3
575 632 3
580 581 3
581 582 2
582 583 1
583 584 2
584 585 3
585 586 0
586 587 3
587 588 3
588 589 3
532 589 2
590 591 3
591 592 3
592 593 1
599 600 1
542 601 1
601 602 3
605 606 3
610 611 0
611 612 1
554 612 1
503 686 1
627 686 1
630 631 3
573 632 3
589 590 3
602 603 3
555 612 1
503 558 3
631 632 3
538 596 0
598 599 3
608 609 3
503 614 3
537 596 1
555 671 1
614 671 1
576 632 3
600 601 0
612 671 3
385 507 3
537 593 1
500 507 3
503 507 3
539 596 1
511 635 1
586 644 2
537 652 1
500 503 3
511 576 1
593 652 0
537 653 1
596 598 0
511 632 1
652 653 1
596 653 0
587 644 2
603 662 3
603 605 3
511 630 1
605 662 3
511 629 1
511 687 1
631 690 3
632 690 3
585 644 1
606 664 3
584 643 2
585 643 1
596 655 0
601 717 3
592 650 2
598 655 0
602 661 3
603 661 3
605 663 3
606 663 3
611 669 1
511 636 1
583 641 2
593 650 0
582 639 2
584 641 2
610 668 3
581 639 3
582 640 3
608 667 3
609 667 3
635 693 3
582 641 1
593 651 3
651 652 0
602 717 3
663 664 3
630 689 3
511 693 1
580 638 3
581 638 3
584 642 2
587 645 2
588 646 2
589 647 2
590 648 2
591 649 2
592 649 2
599 657 3
600 658 0
601 658 3
609 668 3
610 669 3
631 689 3
639 640 3
640 641 3
642 643 3
643 644 3
644 645 3
645 646 3
646 647 3
647 648 3
648 649 3
650 651 1
598 657 3
600 657 0
612 669 3
503 671 1
629 686 2
641 642 3
661 662 3
662 663 3
607 664 3
511 690 1
668 669 3
612 670 3
689 690 3
638 639 3
649 650 3
658 717 3
607 666 3
608 666 3
670 671 3
511 686 1
598 714 0
669 670 3
511 971 3
657 658 0
661 717 3
664 666 3
666 667 3
667 668 3
653 655 0
655 714 3
657 714 0
653 712 3
655 712 1
664 723 1
666 723 1
671 847 3
668 726 3
503 847 1
629 687 3
651 709 0
651 710 0
652 710 1
667 726 3
639 698 3
640 698 3
650 709 3
709 710 3
653 710 0
661 719 3
653 711 0
717 718 3
717 719 3
662 719 3
670 729 3
671 729 3
650 708 3
711 712 1
718 719 3
662 720 3
663 720 3
669 727 3
708 709 3
726 727 3
511 689 1
641 698 3
642 700 3
657 715 0
658 715 3
638 696 3
639 697 3
641 699 3
643 701 1
644 702 1
645 703 1
646 704 3
647 705 3
648 706 3
649 707 3
710 711 3
655 713 0
658 716 3
664 721 3
664 722 1
667 725 1
696 697 3
697 698 3
698 699 3
699 700 3
700 701 2
701 702 1
702 703 3
703 704 0
704 705 3
705 706 3
706 707 3
707 708 3
712 713 0
713 714 2
715 716 3
719 720 3
663 721 3
725 726 0
670 727 3
716 717 3
720 721 3
721 722 3
722 723 3
666 725 1
714 715 0
666 724 1
729 847 3
723 724 3
670 786 3
503 906 1
727 786 3
847 906 3
724 725 3
729 786 3
697 755 3
712 770 0
713 770 2
717 774 3
716 774 3
699 757 0
711 770 2
729 787 3
787 847 3
711 769 2
715 773 1
718 774 3
723 781 3
724 781 3
769 770 3
716 773 1
725 784 3
726 784 1
727 784 1
686 971 0
698 755 3
710 769 2
713 771 3
714 771 2
714 772 3
722 780 3
723 780 3
503 971 3
696 754 3
699 756 1
700 758 2
701 759 0
702 760 3
703 761 3
704 762 2
705 763 2
706 764 2
707 765 2
708 766 2
710 768 2
715 772 1
719 777 3
720 778 1
721 778 3
721 780 2
724 783 3
725 783 3
727 785 3
754 755 3
698 756 2
756 757 0
757 758 0
758 759 3
759 760 1
760 761 3
761 762 0
762 763 3
763 764 3
764 765 3
765 766 3
709 767 2
768 769 3
772 773 3
718 776 3
777 778 1
721 779 3
785 786 3
755 756 2
766 767 3
767 768 3
771 772 2
774 776 3
776 777 3
778 779 3
779 780 3
780 781 3
784 785 0
783 784 3
770 771 2
773 774 3
786 787 3
774 833 3
781 783 3
503 964 1
776 833 3
906 964 3
781 840 3
783 840 3
774 832 3
772 831 3
773 831 3
780 839 3
781 839 3
785 844 3
787 845 3
780 838 3
786 845 3
777 835 3
779 838 3
786 844 3
845 847 3
778 835 3
784 842 3
785 842 1
754 812 1
755 813 1
756 814 1
757 815 1
758 816 1
759 817 1
760 818 1
761 819 1
762 820 0
763 821 1
764 822 0
766 824 0
767 825 1
768 826 1
769 827 1
770 828 1
771 828 1
771 829 1
839 840 3
783 841 3
812 813 3
813 814 3
814 815 3
815 816 3
816 817 3
817 818 3
818 819 3
819 820 0
820 821 1
821 822 0
765 822 0
765 824 0
824 825 1
825 826 3
826 827 1
827 828 3
772 830 2
832 833 3
776 834 3
783 842 3
772 829 2
830 831 3
833 834 3
778 836 3
841 842 3
844 845 3
828 829 0
773 832 3
776 835 3
778 838 3
838 839 3
785 902 3
844 902 3
835 836 3
840 841 3
829 830 3
834 835 3
842 902 0
847 904 3
831 832 3
836 838 3
845 904 3
765 881 1
822 881 1
824 881 1
901 902 3
842 901 0
836 895 3
838 895 3
511 919 1
833 891 2
834 891 2
840 898 0
831 890 2
832 891 2
838 896 3
839 896 3
839 898 0
842 900 2
830 888 2
832 890 2
835 893 3
841 898 0
841 900 2
845 903 3
812 870 0
813 871 0
814 872 0
815 873 0
816 874 0
817 875 3
818 876 0
819 877 2
820 878 1
821 879 0
822 880 1
881 882 3
824 882 1
825 883 0
826 884 0
827 885 0
828 886 0
829 887 2
834 892 3
836 893 3
839 897 3
841 899 1
903 904 3
870 871 3
871 872 3
872 873 3
873 874 3
874 875 1
875 876 0
818 877 2
877 878 0
878 879 3
879 880 3
882 883 3
883 884 3
884 885 3
885 886 3
886 887 1
830 887 3
892 893 3
895 896 3
896 897 3
897 898 0
898 899 1
904 906 3
876 877 1
880 881 3
887 888 3
831 888 3
891 892 1
899 900 0
900 901 0
845 902 2
890 891 3
902 903 3
893 895 3
888 890 0
888 947 0
890 947 3
895 952 3
964 1023 3
503 1023 1
893 952 3
903 961 3
904 963 3
906 963 3
873 931 2
901 959 3
902 959 3
963 964 3
874 931 2
897 955 3
900 959 0
870 928 2
871 929 2
872 930 2
874 932 0
875 933 0
876 934 0
877 935 0
878 936 0
879 937 0
880 938 0
881 939 0
882 940 0
883 941 0
884 942 0
885 943 0
886 944 0
887 945 0
888 946 0
890 949 2
891 949 1
892 950 3
893 951 3
895 953 3
896 954 3
896 955 3
898 956 3
899 957 0
900 958 0
902 960 3
928 929 3
929 930 3
930 931 3
931 932 0
932 933 3
933 934 3
934 935 3
935 936 3
936 937 3
937 938 3
938 939 3
939 940 3
940 941 3
941 942 3
942 943 3
943 944 3
944 945 3
945 946 3
949 950 2
950 951 3
951 952 3
952 953 3
953 954 3
954 955 3
955 956 0
956 957 1
957 958 3
958 959 2
959 960 3
960 961 3
904 961 3
946 947 3
961 963 3
947 949 2
964 1022 3
963 1022 3
947 1006 1
949 1006 1
963 1020 3
511 1030 1
961 1020 3
928 986 0
929 987 0
930 988 0
931 989 0
932 990 1
933 991 1
934 992 1
935 993 1
936 994 1
937 995 1
938 996 1
939 997 1
940 998 1
941 999 1
942 1000 1
943 1001 1
944 1002 1
945 1003 1
946 1004 1
947 1005 1
949 1007 3
950 1008 3
951 1009 3
952 1010 3
953 1011 3
954 1012 3
955 1013 3
956 1014 1
957 1015 1
958 1016 1
959 1017 1
960 1018 3
961 1019 3
986 987 3
987 988 3
988 989 3
989 990 3
990 991 3
991 992 3
992 993 3
993 994 3
994 995 3
995 996 3
996 997 3
997 998 3
998 999 3
999 1000 3
1000 1001 3
1001 1002 3
1002 1003 3
1003 1004 3
1004 1005 3
1005 1006 1
1007 1008 3
1008 1009 3
1009 1010 3
1010 1011 3
1011 1012 3
1012 1013 3
1013 1014 3
1014 1015 3
1015 1016 3
1016 1017 3
1017 1018 3
1018 1019 3
1019 1020 3
1006 1007 2
1022 1023 3
