0 2 3
2 3 3
3 4 3
4 5 3
5 6 3
6 8 1
8 9 3
9 10 3
10 11 3
11 12 3
12 13 3
13 14 3
14 15 3
15 16 0
16 17 2
17 18 3
18 19 3
19 20 3
20 22 0
22 24 1
24 83 0
27 83 0
27 28 3
28 29 3
29 89 1
32 89 1
32 33 3
33 35 3
35 36 3
36 38 3
38 97 3
40 97 3
40 98 3
40 42 3
42 43 3
43 44 3
44 624 3
49 624 3
49 50 1
49 52 3
52 53 1
53 346 0
53 114 0
114 115 3
22 81 1
24 81 3
40 99 3
98 99 3
49 340 3
54 114 0
88 89 1
29 88 0
48 49 0
53 54 3
3 60 3
48 624 0
8 65 0
48 340 0
2 60 3
22 80 1
104 624 3
6 65 3
8 66 0
80 81 3
89 90 0
32 90 3
340 624 3
54 346 0
114 346 3
65 66 3
83 85 1
33 149 3
22 137 1
28 86 3
29 86 3
35 149 3
35 93 3
97 98 3
80 137 3
38 95 3
40 100 3
42 101 3
43 101 3
103 104 3
2 59 2
4 62 3
9 68 3
10 68 3
18 76 3
27 85 3
38 96 3
103 624 3
60 62 3
3 62 3
96 97 3
0 59 3
14 73 3
15 73 3
19 77 3
19 78 3
20 78 3
36 93 3
99 100 3
44 101 3
102 624 3
49 53 1
0 58 3
59 60 3
11 69 3
12 69 3
17 75 3
18 77 3
81 82 3
24 82 3
27 86 3
93 149 3
44 102 3
58 59 3
68 69 3
16 75 1
75 76 3
82 83 0
49 346 3
12 71 3
13 71 3
77 78 1
5 63 3
6 63 3
76 77 3
22 78 1
85 86 3
93 151 3
102 103 3
9 66 0
14 71 3
93 95 3
36 95 3
42 100 3
149 150 3
93 150 3
101 102 3
102 160 3
115 346 3
4 63 3
6 122 3
16 73 1
32 149 3
100 101 3
62 63 3
66 68 1
63 122 3
71 73 3
49 341 3
65 122 3
69 71 3
86 145 0
95 96 3
341 346 3
85 142 0
90 149 3
148 150 3
103 160 3
60 119 3
62 119 3
86 88 0
148 149 3
150 151 3
95 153 3
96 153 3
73 131 3
16 133 1
75 133 3
86 142 0
71 128 3
71 130 3
73 130 3
88 145 3
103 335 3
58 117 2
69 127 1
80 139 3
142 144 3
59 117 2
83 142 3
95 152 3
101 159 3
102 159 3
69 128 3
81 139 3
68 126 0
16 131 1
81 197 2
82 197 2
88 146 3
99 157 3
100 157 3
159 160 3
160 335 3
104 335 3
162 624 3
65 123 3
66 125 3
69 126 0
128 130 3
89 146 2
98 156 3
162 335 3
119 120 3
68 125 0
137 196 0
80 196 0
82 141 3
83 141 3
104 162 3
62 120 3
122 123 3
76 134 3
77 134 3
139 196 0
153 154 3
96 154 3
97 156 3
98 157 3
101 157 3
58 116 2
59 118 2
60 118 2
131 133 3
78 136 3
152 153 3
97 154 3
97 155 3
63 121 3
66 124 3
77 136 1
78 137 3
155 156 3
156 157 3
101 158 3
116 117 3
63 120 3
65 124 3
69 184 0
127 184 0
127 128 0
76 133 3
144 145 3
154 155 3
157 158 3
121 122 3
125 126 3
126 184 3
90 148 3
151 152 3
117 118 3
120 121 3
130 131 3
136 137 3
144 200 3
145 200 3
123 124 3
124 125 3
90 146 3
158 159 3
49 224 3
128 188 3
133 134 3
134 136 3
224 340 3
118 119 3
130 188 3
141 142 3
221 624 3
49 167 1
139 197 2
167 341 0
137 195 0
195 196 3
82 198 3
88 204 3
146 204 3
90 206 3
134 193 3
136 193 0
141 198 3
145 204 3
148 206 3
150 208 3
167 224 0
116 175 3
117 175 3
344 346 3
131 191 3
133 191 3
197 198 2
146 205 3
90 205 3
341 344 3
148 207 3
160 276 3
128 186 3
136 194 0
137 194 0
141 144 2
152 210 3
162 277 3
224 341 3
119 177 3
150 207 3
153 210 3
277 335 3
340 397 3
117 176 3
118 176 3
130 189 3
131 189 3
134 192 3
194 195 3
196 197 3
206 207 3
334 335 3
397 624 3
120 177 3
122 179 3
124 182 3
125 182 3
189 191 3
133 192 3
158 216 3
119 176 3
121 179 3
123 182 3
193 194 3
151 208 3
151 209 3
127 186 0
190 191 3
192 193 3
145 203 3
203 204 3
204 205 3
205 206 3
159 217 3
116 174 3
191 192 3
141 199 3
144 199 3
145 202 2
207 208 3
153 211 3
154 212 3
155 213 3
156 214 3
156 215 3
157 215 3
216 217 3
160 217 3
174 175 3
176 177 3
123 180 3
182 299 0
125 183 3
125 184 3
152 209 3
210 211 3
211 212 3
212 213 3
156 213 3
213 214 3
214 215 3
215 216 3
224 397 0
122 180 3
182 183 3
188 189 3
202 203 2
209 210 3
120 179 3
179 180 3
127 185 3
189 190 3
200 202 1
162 221 3
175 176 3
180 182 3
184 185 1
217 276 3
183 184 3
185 186 0
198 199 3
177 179 3
194 251 3
276 335 3
276 334 3
221 277 3
183 299 0
208 209 3
345 346 3
186 188 3
197 255 1
221 452 3
344 345 3
192 251 3
198 255 1
188 246 2
189 246 2
193 251 3
199 258 3
180 239 3
182 239 3
202 261 2
205 263 3
221 278 3
452 624 3
202 259 3
203 261 3
206 263 3
277 278 3
278 452 3
204 261 3
397 452 3
144 258 3
200 259 3
175 234 3
176 234 3
177 235 0
179 236 0
213 271 3
341 343 3
177 236 0
179 237 0
186 245 2
188 245 2
212 270 3
214 271 3
215 273 3
216 273 3
216 274 3
217 274 3
217 275 3
343 344 3
235 236 3
179 238 0
180 238 0
204 262 3
205 262 3
207 265 3
208 265 3
208 266 3
211 270 3
275 276 3
341 342 3
175 233 3
236 237 3
237 238 3
192 250 3
195 253 3
209 266 3
209 268 3
210 268 3
210 269 3
211 269 3
212 271 3
214 272 3
215 272 3
341 399 3
342 343 3
174 232 3
189 248 3
196 253 3
196 255 1
255 256 0
198 256 3
209 267 3
278 335 3
342 399 3
174 233 3
233 234 3
246 248 3
190 248 3
206 264 3
206 265 3
266 267 3
267 268 3
268 269 3
269 270 3
270 271 3
271 272 3
272 273 3
273 274 3
224 399 0
232 233 3
184 301 0
185 301 0
245 246 3
250 251 3
199 256 3
261 262 3
263 264 3
274 275 3
176 235 0
234 235 0
238 239 3
239 299 0
185 245 0
191 250 3
262 263 3
194 253 3
264 265 3
265 266 3
300 301 3
248 306 0
199 315 3
190 306 0
256 315 0
184 300 0
190 250 3
259 261 3
183 300 0
185 303 0
245 303 2
251 309 0
250 306 0
250 307 0
251 311 0
194 311 3
144 259 3
239 297 3
306 307 3
335 450 3
299 300 3
251 310 0
310 311 3
309 310 3
255 371 0
258 315 3
258 317 3
144 317 3
253 311 3
196 371 3
236 294 3
253 371 3
259 317 3
263 321 3
264 321 3
334 450 3
235 294 3
302 303 3
264 323 3
265 323 3
397 399 3
233 291 3
246 304 2
234 291 3
297 299 0
185 302 0
245 304 2
262 321 3
272 331 3
273 331 3
310 368 1
261 319 3
266 323 3
275 334 3
238 297 3
267 325 3
274 331 3
335 452 3
232 290 3
232 291 3
250 309 0
311 371 3
264 322 3
266 324 3
266 325 3
268 326 3
269 327 3
270 328 3
271 329 3
271 330 3
272 330 3
274 332 3
275 333 3
307 366 1
250 366 3
256 372 0
259 319 3
322 323 3
323 324 3
325 326 3
326 327 3
327 328 3
328 329 3
329 330 3
330 331 3
331 332 3
332 333 3
333 334 3
238 296 3
255 372 0
262 319 3
237 296 3
296 297 3
301 302 3
371 372 3
315 317 3
324 325 3
290 291 3
237 295 3
248 304 3
313 371 3
321 322 3
237 294 3
303 304 3
313 372 3
335 336 3
336 452 3
344 402 3
345 403 3
295 296 3
345 402 3
294 295 3
336 450 3
299 356 1
299 355 1
309 366 1
343 401 3
343 402 3
309 425 1
309 367 1
317 374 3
401 402 3
402 403 3
296 354 1
315 374 3
342 401 3
235 350 2
235 351 3
297 354 1
290 348 3
291 348 3
234 350 0
304 306 2
425 483 0
367 425 3
294 351 3
355 356 0
303 361 3
309 483 3
311 369 3
262 378 3
321 378 3
291 350 2
350 351 0
302 361 3
310 369 3
317 375 3
259 375 3
330 389 3
331 389 3
334 392 3
354 355 3
297 355 1
302 360 3
304 361 3
319 378 3
392 450 3
397 455 3
304 362 3
304 363 3
306 363 3
319 375 3
324 383 3
452 455 3
399 455 3
300 359 3
301 359 3
301 360 3
361 362 3
325 383 3
333 392 3
300 358 3
306 365 3
307 365 3
309 368 1
256 374 0
321 379 3
322 380 3
323 381 3
324 382 3
326 384 3
327 386 3
328 386 3
329 387 3
331 390 3
332 390 3
342 400 3
299 358 3
358 359 3
362 363 3
365 422 3
372 374 3
378 379 3
379 380 3
380 381 3
381 382 3
383 384 3
327 384 3
386 387 3
330 387 3
333 390 3
399 400 3
400 401 3
360 361 3
369 371 3
375 378 3
382 383 3
374 375 3
291 349 2
349 350 3
306 422 3
369 370 3
370 371 3
389 390 3
348 349 1
295 351 3
363 422 3
375 435 3
378 435 1
387 389 3
366 483 0
367 368 2
368 369 0
390 392 3
365 366 1
384 385 3
450 452 3
351 409 1
295 354 1
327 385 3
295 409 1
295 411 1
354 411 3
385 386 3
387 446 3
389 446 3
363 421 3
386 444 3
409 411 3
355 414 3
356 414 3
359 360 3
421 422 3
371 429 1
372 429 1
390 448 3
368 370 0
370 428 1
372 487 1
375 434 3
390 449 3
392 449 3
350 409 2
360 419 3
361 419 3
362 421 3
403 579 3
358 416 3
359 416 3
370 429 1
448 449 3
355 413 3
362 420 3
428 429 3
378 436 3
384 441 3
354 413 3
356 415 2
299 415 1
360 418 3
420 421 3
366 424 3
434 435 3
379 436 3
383 441 3
446 447 3
389 447 3
358 415 1
418 419 3
361 420 3
424 483 0
429 487 3
316 374 3
382 440 3
383 440 3
455 456 3
399 456 3
409 410 0
410 411 1
359 417 3
360 417 3
419 477 1
368 425 2
316 372 3
380 438 3
385 444 3
387 444 3
414 415 3
416 417 3
365 424 1
368 426 3
379 437 3
380 437 3
381 438 3
381 439 3
389 448 3
401 459 3
349 407 2
354 412 3
417 418 3
419 420 3
438 439 3
439 440 3
385 442 3
387 445 3
447 448 3
400 459 3
402 459 3
348 407 1
348 406 1
406 407 3
349 409 2
412 413 3
413 414 3
416 475 1
316 487 1
435 436 0
442 444 3
444 445 3
399 458 3
400 458 3
402 579 3
416 474 1
425 484 0
368 484 0
384 442 3
408 409 2
411 412 3
417 475 1
436 437 3
440 441 3
444 501 3
444 502 3
445 446 3
407 408 0
474 475 3
426 484 0
370 426 1
442 501 3
501 502 3
449 450 3
415 416 0
437 438 3
402 460 3
459 460 3
460 579 3
422 424 1
436 494 3
441 442 3
458 459 3
370 485 1
435 494 0
442 500 3
483 484 2
428 485 3
456 458 3
411 468 0
410 468 3
434 492 0
446 504 3
437 496 3
438 496 3
441 500 3
445 504 3
375 492 0
406 464 3
414 473 3
415 473 3
420 477 1
374 492 0
441 499 3
446 505 3
448 506 3
449 507 3
407 464 3
412 471 3
413 471 3
316 492 0
491 492 0
440 499 3
504 505 3
447 505 3
449 506 3
450 507 3
408 466 2
412 470 3
414 471 3
415 474 3
316 491 1
435 492 0
437 494 3
438 497 3
439 497 3
439 498 3
440 498 3
407 466 0
470 471 3
448 505 3
506 507 3
473 474 3
424 482 3
316 489 1
497 498 3
418 476 1
419 476 1
422 482 1
494 496 3
496 497 3
409 466 0
409 525 3
411 470 3
418 475 1
421 480 3
482 483 0
445 502 3
505 506 3
452 453 3
410 525 1
414 472 3
420 478 1
420 479 1
421 479 3
422 480 3
435 493 3
498 499 3
499 500 3
450 453 3
471 472 3
472 473 3
475 476 3
479 480 3
428 487 3
493 494 3
507 565 3
450 565 3
478 479 2
422 481 3
492 493 1
445 561 3
468 470 1
476 477 3
493 551 0
504 561 3
466 525 3
468 525 1
477 478 0
485 487 3
316 548 1
491 548 3
466 524 1
524 525 3
481 482 1
489 548 3
451 565 3
450 451 3
480 481 3
426 485 1
485 544 3
487 544 3
451 683 3
458 460 3
468 526 1
445 560 3
464 522 3
502 560 3
504 563 3
464 523 3
407 523 3
407 524 3
561 563 3
458 518 3
460 518 3
523 524 3
487 545 3
501 560 3
560 561 3
505 563 3
456 457 3
457 458 3
544 545 3
316 546 1
525 526 3
487 546 3
478 537 2
482 484 0
484 485 1
489 546 3
494 552 3
506 563 3
506 565 3
395 452 3
470 527 3
473 530 3
546 547 0
489 547 0
491 549 3
493 552 2
468 527 1
471 529 3
472 529 3
472 530 3
547 548 2
492 549 1
492 551 3
457 518 3
476 534 3
548 549 3
494 553 3
496 553 3
496 554 3
496 555 3
497 555 2
470 528 3
470 529 3
474 532 3
475 532 3
480 538 3
481 538 3
481 539 1
492 550 3
498 555 2
395 455 3
526 527 3
528 529 3
480 537 3
484 542 1
484 543 1
485 543 3
545 546 3
553 554 3
442 559 3
479 537 3
538 539 1
482 539 1
543 544 3
550 551 3
500 559 3
501 559 3
455 457 3
527 528 3
474 530 3
537 538 3
482 541 1
482 542 1
549 550 0
554 555 3
499 557 2
500 557 2
518 579 3
522 523 3
530 532 3
552 553 3
475 534 3
477 534 3
555 557 3
498 557 3
529 530 3
532 534 2
478 536 1
395 453 3
536 537 0
482 540 1
542 543 2
551 552 3
557 558 3
500 558 3
563 565 3
478 534 1
534 536 1
539 540 3
540 541 3
541 542 2
558 559 3
532 590 1
559 560 3
560 563 3
530 590 1
532 591 1
534 593 1
557 614 3
530 589 3
534 591 1
536 593 3
537 595 1
589 590 3
538 595 1
550 608 3
553 611 3
559 617 3
560 617 3
524 583 3
525 583 3
541 600 0
542 600 0
549 608 3
555 614 3
558 616 3
563 620 3
590 591 1
534 592 1
543 600 0
552 611 3
563 621 3
395 461 3
455 461 3
529 586 2
558 617 3
560 619 3
563 619 3
524 582 2
526 584 3
528 586 2
536 594 3
541 599 0
546 604 2
548 606 3
557 616 3
565 621 3
582 583 0
525 584 3
527 584 3
527 586 2
539 595 3
545 604 0
549 606 3
619 620 3
620 621 3
450 625 3
522 580 3
523 580 3
523 582 2
527 585 3
599 600 3
554 612 3
555 612 3
457 461 3
579 637 1
583 584 3
591 592 0
536 595 1
540 599 0
543 601 0
544 602 0
544 603 3
545 603 3
552 610 3
616 617 3
586 587 1
529 587 1
530 587 1
592 593 1
600 601 3
543 602 0
602 603 3
547 605 2
548 605 3
554 611 3
560 675 3
593 594 3
539 597 0
601 602 3
603 604 3
551 610 3
611 612 3
617 675 3
619 675 3
584 585 3
585 586 3
587 589 0
540 597 0
547 604 2
612 614 3
605 606 3
551 608 2
551 668 3
610 668 3
610 611 3
557 615 3
580 582 1
595 597 0
608 668 2
453 461 3
597 599 3
612 613 3
613 614 3
615 616 3
565 623 3
589 646 1
604 605 3
587 646 2
606 608 3
614 615 3
595 654 0
597 654 3
594 595 1
451 623 3
453 625 3
599 656 3
635 637 1
579 635 3
597 656 3
612 670 3
595 653 0
611 670 3
613 670 3
614 672 3
615 672 3
461 625 3
518 637 1
586 644 2
580 639 3
582 639 0
584 642 1
585 642 1
585 643 1
586 643 2
590 648 3
608 665 2
611 669 3
621 679 3
643 644 3
587 644 3
591 648 0
599 658 3
600 658 3
606 664 3
606 665 3
610 669 3
613 672 3
565 679 3
582 640 2
605 664 3
518 635 3
639 640 1
583 640 1
583 642 1
603 660 2
603 661 2
664 665 3
608 667 2
667 668 3
619 677 3
635 694 1
642 643 3
653 654 3
656 658 3
601 658 3
601 660 3
602 660 3
604 661 0
604 663 0
605 663 0
675 677 3
620 677 3
620 679 3
580 638 3
583 641 1
589 647 1
593 651 3
594 652 3
595 652 0
660 661 3
668 669 3
615 673 3
616 673 3
616 734 3
617 734 1
451 679 1
635 693 1
638 639 3
640 641 1
641 642 0
644 645 3
587 645 3
590 647 1
591 649 0
592 650 3
652 653 3
663 664 0
608 666 3
669 670 3
637 694 1
591 650 0
593 650 2
593 652 3
601 659 3
646 647 2
648 649 3
651 652 3
654 656 3
659 660 3
569 625 3
647 648 0
658 659 3
661 663 1
450 569 3
461 569 3
650 651 3
665 666 3
666 667 3
675 734 1
677 679 3
457 690 1
656 715 3
672 673 3
451 569 3
658 715 3
635 692 1
645 646 2
661 719 1
613 671 3
649 650 3
670 671 3
671 672 3
673 734 2
510 677 1
510 679 1
451 682 1
655 656 3
661 721 1
663 721 2
677 735 1
693 694 3
654 655 3
719 721 3
670 728 3
510 735 1
451 510 3
692 693 0
661 718 3
669 728 3
673 790 1
734 790 1
461 744 1
645 704 3
646 704 0
651 709 3
656 714 3
668 726 3
510 737 1
640 698 3
642 700 3
650 709 3
654 712 3
655 714 3
658 716 3
660 718 3
667 726 3
669 726 3
673 731 1
639 698 1
641 698 0
643 700 3
643 701 1
644 702 3
645 702 3
647 704 0
652 711 3
655 712 3
659 716 3
659 717 3
671 728 3
672 731 1
677 734 1
518 802 3
635 802 3
638 696 3
639 697 3
641 699 2
643 702 3
653 711 3
653 712 3
715 716 3
660 717 3
664 722 1
665 723 1
666 724 3
667 725 3
671 729 3
672 730 1
731 790 3
461 805 3
457 802 3
696 697 3
697 698 1
698 699 1
641 700 0
645 703 3
648 706 3
650 708 3
663 722 2
722 723 3
723 724 3
724 725 3
725 726 3
728 729 3
729 730 3
730 731 3
734 735 3
569 805 3
744 805 0
702 703 3
703 704 3
649 706 3
652 709 3
714 715 3
699 700 0
700 701 1
701 702 0
647 706 2
706 707 3
649 707 3
716 717 3
717 718 3
721 722 3
708 709 3
711 712 3
510 855 1
451 855 1
457 803 1
650 707 3
461 803 1
707 708 3
704 706 3
803 805 0
709 711 3
726 728 3
709 768 3
711 768 3
728 786 3
718 719 3
726 786 3
704 763 3
712 768 3
721 778 3
726 784 3
706 763 3
655 771 3
719 778 3
784 786 3
569 801 3
801 805 3
712 770 3
712 771 3
451 800 3
709 767 3
768 770 3
569 800 3
802 803 1
767 768 3
768 769 3
714 771 3
721 779 3
676 735 1
707 764 3
708 767 3
715 773 3
716 773 3
722 779 3
676 734 1
700 758 3
706 764 3
707 766 3
708 766 3
718 777 3
719 777 3
698 756 3
699 758 0
701 758 0
704 762 3
769 770 3
716 774 3
729 787 3
696 754 3
697 755 3
697 756 1
699 757 3
773 774 3
722 780 3
723 781 1
724 782 1
725 783 2
728 787 3
730 788 3
731 789 3
754 755 3
699 756 0
702 759 3
702 761 3
703 761 3
703 762 3
762 763 3
707 765 3
766 767 3
770 771 3
717 775 3
718 775 3
778 779 3
779 780 3
780 781 1
781 782 3
782 783 0
726 783 0
787 788 3
788 789 3
789 790 3
755 756 1
701 759 0
761 762 3
774 775 3
451 799 3
805 860 1
775 777 3
783 784 1
786 787 3
451 856 1
799 800 3
800 801 3
801 860 1
803 860 1
756 757 1
759 761 3
764 765 3
777 778 3
784 843 0
786 843 2
676 790 1
855 856 3
799 856 1
765 766 3
714 773 3
757 758 0
758 759 3
771 830 3
714 830 3
763 764 3
510 676 3
759 818 3
773 830 3
803 862 1
802 862 1
761 818 3
767 825 3
766 825 3
777 834 3
789 848 0
790 848 0
775 834 3
777 835 3
778 835 3
765 823 3
786 844 3
787 844 3
860 861 3
803 861 1
764 823 3
766 823 3
790 849 0
799 857 1
800 857 1
861 862 3
758 816 3
759 817 3
767 826 3
768 826 3
769 827 3
770 828 1
783 842 2
784 842 0
788 846 3
676 849 1
510 910 1
854 855 3
817 818 3
768 827 3
769 828 1
774 832 3
782 841 0
783 841 2
787 846 3
789 847 0
676 910 1
510 854 1
754 812 1
755 813 1
756 813 3
757 816 2
763 821 3
764 821 3
827 828 1
771 828 1
773 832 3
775 832 3
775 833 3
778 836 3
779 837 3
780 838 3
781 839 2
788 847 0
848 849 3
800 858 1
801 859 1
812 813 3
756 814 3
759 816 3
762 821 3
821 823 3
826 827 3
830 831 3
773 831 3
833 834 3
835 836 3
836 837 3
837 838 3
838 839 3
782 839 2
782 840 2
841 842 1
842 843 0
843 844 2
857 858 3
858 859 3
859 860 3
813 814 3
757 814 2
761 820 3
762 820 3
766 824 3
831 832 3
834 835 3
847 848 3
510 911 1
856 857 3
824 825 3
839 840 3
840 841 0
818 820 3
820 821 3
846 847 0
910 911 3
823 824 3
832 833 3
825 826 3
816 817 3
828 830 2
787 904 3
814 816 3
828 887 2
830 887 2
846 904 3
844 904 3
510 912 1
821 881 2
823 881 3
844 903 3
903 904 3
911 912 1
676 907 1
854 912 1
849 907 3
820 878 3
821 880 2
825 883 2
855 913 0
856 913 0
816 872 3
880 881 3
826 883 3
842 901 2
843 901 1
854 913 0
861 920 0
862 920 0
886 887 2
830 889 3
831 889 3
816 874 3
828 886 2
872 874 3
826 884 3
844 902 3
862 1037 0
802 1037 1
814 872 3
818 876 3
821 878 3
824 882 2
827 884 3
843 902 3
817 874 3
817 876 3
818 878 3
825 882 2
827 885 1
828 885 2
840 899 3
841 899 1
912 913 0
920 1037 1
812 870 3
813 871 3
821 879 3
823 882 2
887 889 3
832 890 3
833 891 3
834 892 3
835 893 3
836 894 3
837 895 3
838 896 3
839 897 3
842 900 2
847 904 1
847 905 1
848 906 3
856 914 0
857 915 0
858 916 0
859 917 0
860 918 0
861 919 0
870 871 3
871 872 3
817 875 3
875 876 3
878 879 3
879 880 3
882 883 3
889 890 3
890 891 3
891 892 3
892 893 3
893 894 3
894 895 3
895 896 3
896 897 3
840 897 3
840 898 3
899 900 0
900 901 1
902 903 3
905 906 0
906 907 3
913 914 3
914 915 3
915 916 3
916 917 3
917 918 3
918 919 3
919 920 3
881 882 3
883 884 3
884 885 1
885 886 2
897 898 3
898 899 3
901 902 2
904 905 3
676 968 1
910 968 3
874 875 3
876 878 3
635 1037 1
879 938 2
905 963 3
880 938 3
904 963 2
889 946 3
676 965 1
879 937 0
887 946 2
907 965 1
937 938 3
881 939 3
882 939 3
902 961 3
903 961 3
903 962 3
904 962 3
886 945 2
887 945 2
911 969 3
912 969 1
902 960 3
912 970 1
874 930 3
875 933 3
876 934 3
878 936 3
879 936 3
894 952 3
901 960 2
910 969 3
913 970 3
920 978 3
872 930 3
874 932 3
874 933 3
876 936 3
885 943 3
886 943 2
895 952 3
961 962 3
905 964 3
906 964 1
907 964 1
919 978 3
978 1037 1
870 928 3
871 929 3
880 939 3
882 941 3
883 941 3
884 942 3
884 943 1
886 944 2
889 947 2
890 948 2
891 949 2
892 950 2
893 951 2
895 953 3
896 954 2
897 955 2
898 956 2
899 957 2
900 958 1
901 959 3
969 970 3
913 971 3
914 972 3
915 973 3
916 974 3
917 975 3
918 976 0
919 977 3
928 929 3
929 930 3
930 932 3
932 933 3
876 933 3
941 942 3
942 943 1
943 944 1
944 945 0
946 947 0
947 948 3
948 949 3
949 950 3
950 951 3
951 952 1
952 953 3
953 954 0
954 955 3
955 956 3
956 957 3
957 958 3
958 959 1
959 960 2
676 1025 1
970 971 3
971 972 3
972 973 3
973 974 3
974 975 3
975 976 0
976 977 1
977 978 3
933 934 3
936 937 0
945 946 3
960 961 3
964 965 0
965 1025 1
968 1025 1
935 936 1
882 998 3
876 935 3
939 998 3
963 964 3
941 998 3
938 939 3
962 963 3
968 969 3
934 935 3
935 937 0
933 991 3
939 997 3
963 1022 3
964 1022 3
938 997 3
930 989 3
934 991 3
935 994 0
969 1026 1
937 994 3
937 995 3
965 1023 1
968 1026 1
938 995 3
964 1023 3
1023 1025 3
932 989 3
935 993 3
942 1001 3
943 1001 0
946 1004 0
960 1018 3
962 1020 3
932 991 3
934 993 3
947 1004 2
959 1018 2
961 1018 3
961 1020 3
978 1036 1
1036 1037 3
932 990 3
945 1004 0
961 1019 3
977 1036 1
928 986 3
929 987 3
930 988 3
990 991 3
934 992 3
941 999 3
942 1000 3
944 1002 0
945 1003 0
947 1005 2
948 1006 2
949 1007 2
950 1008 2
951 1009 2
952 1010 0
953 1011 0
954 1012 0
955 1013 0
956 1014 0
957 1015 0
958 1016 0
959 1017 0
1019 1020 3
969 1027 1
970 1028 1
971 1029 1
972 1030 1
973 1031 1
974 1032 1
975 1033 1
976 1034 1
977 1035 1
986 987 3
987 988 3
988 989 3
989 990 3
991 992 3
992 993 3
995 997 3
998 999 3
999 1000 3
1000 1001 3
1001 1002 3
1002 1003 3
1003 1004 3
1004 1005 3
1005 1006 3
1006 1007 3
1007 1008 3
1008 1009 3
1009 1010 3
1010 1011 3
1011 1012 3
1012 1013 3
1013 1014 3
1014 1015 3
1015 1016 3
1016 1017 3
1017 1018 1
1018 1019 3
1026 1027 3
1027 1028 3
1028 1029 3
1029 1030 3
1030 1031 3
1031 1032 3
1032 1033 3
1033 1034 0
1034 1035 1
1035 1036 1
993 994 0
963 1020 3
994 995 3
1025 1026 3
1022 1023 3
