0.0155418 -0.18685 29.1487
0.0177874 -0.18855 29.13
0.0209134 -0.191201 29.0436
0.0249597 -0.197648 28.8614
0.0299443 -0.205396 28.5006
-0.00986791 -0.0320141 30.2122
-0.0166475 0.0692614 29.4389
-0.0305733 0.104036 30.1526
-0.0232411 0.113189 28.9653
-0.0862853 0.0726504 42.7712
-0.0914475 0.00280685 43.5719
-0.000559232 -0.0536863 23.1715
-0.0124015 -0.0996466 27.3639
-0.0363873 -0.103991 34.102
-0.0409302 -0.084616 35.1362
-0.0789195 -0.0693802 46.9278
-0.0779897 -0.0702988 46.3733
-0.102334 -0.0538958 55.2847
-0.120457 -0.0575634 62.2421
-0.0869289 -0.0836209 48.6147
-0.056851 -0.0637843 35.3301
0.00524084 -0.101891 29.7074
0.0304288 -0.129694 17.8671
0.0464254 -0.063049 -12.4615
0.25304 0.0596476 -110.192
-0.799538 0.0426611 457.953
-0.017309 -0.18632 27.6454
0.0813238 -0.167376 -31.2726
-0.00921561 -0.156521 22.6655
0.00466687 -0.138009 13.7938
-0.0268658 -0.00742061 33.742
-0.845804 -0.771198 611.894
0.217034 -0.777319 -122.002
-0.0311326 -0.114743 39.7665
0 -0.018105 16.2372
-0.0057809 -0.014584 20.6586
0 -0.018105 16.2372
0 -0.018105 16.2372
-0.0489722 0.00915678 55.0359
-0.0493801 0.0085638 55.3857
0.152411 0.0018567 -118.806
0.221245 0.0124386 33.4223
-0.0916629 -0.0771608 104.345
0.0941541 -0.0734442 -67.1834
-0.0406362 -0.0334884 56.7347
-0.0417522 -0.0345093 57.8242
0 0.281825 14.258
0 0.326974 13.2071
0 0.315705 13.6033
0.0264964 0.353305 -15.1327
0 0.318647 13.2529
0.0153548 -0.102958 1.48906
0.0154959 -0.105333 1.38296
0.0140968 -0.107614 3.03966
0.0450606 -0.096968 -34.2804
-0.0253582 0.296344 44.1323
0.00055466 -0.0183657 16.2572
5.49178e-05 -0.0201313 16.8853
0.00752036 0.23632 20.1795
0.00874463 0.223321 20.6021
0.00832499 0.206197 21.2142
0.00620036 0.184269 22.0889
0.0873133 -0.207183 23.0285
0.00649491 0.0370936 27.6097
0.137938 -0.0990416 15.3529
0.146093 -0.150385 16.089
-0.0656002 0.098271 37.3843
-0.127105 -0.0116092 52.0828
-0.0724072 0.00639109 38.8736
-0.0179692 -0.045402 26.7515
-0.0295318 -0.0842927 32.0903
-0.0403608 -0.084222 34.1963
-0.0324439 -0.0892614 32.4193
-0.057774 -0.0670139 39.3384
-0.0646758 -0.057463 41.1346
-0.0826177 -0.0475036 47.5602
-0.137967 -0.0542829 68.3769
-0.0679713 -0.0862843 40.5518
-0.00206372 -0.0641108 10.5397
-7.43179e-05 0.122675 -1.09582
0.0277164 -0.0634158 -3.32831
0.0398481 -0.0631903 -9.25432
0.0438592 -0.070279 -10.7297
0.0281106 -0.115703 -0.255347
0.0358831 -0.169168 -2.92208
-0.477559 -0.738112 313.618
-0.0330727 -0.572372 46.254
-0.0185498 -0.609533 38.5682
0.0327858 0.220173 -14.0409
-0.0214309 -0.0807716 30.34
0.0200049 -0.0340422 0.70505
0.025134 -0.0391126 -2.68581
0 0.0798044 11.1977
-0.0847091 0.116217 74.9098
-0.0765715 0.0800264 71.4078
-0.0486651 0.108945 49.9143
0.00539346 0.0821901 6.57849
-0.0479814 0.00854718 54.213
-0.0105836 0.00513339 12.0957
0.110712 -0.0469227 -80.628
-0.0522171 -0.0158943 67.2189
-0.0488833 -0.0249176 64.3915
-0.0446532 -0.0336519 60.6279
0 -0.24511 22.8319
0.000737199 -0.244195 22.068
0 -0.24511 22.8319
0 -0.25538 23.1754
0 -0.24511 22.8319
0 -0.24511 22.8319
-0.00522238 -0.282761 30.2262
0.0148682 -0.104663 2.06821
0.0140968 -0.107614 3.03966
0.0453008 -0.0953921 -34.599
0 -0.24511 22.8319
-0.00482197 -0.0168298 22.7806
-0.00396537 -0.0190987 21.8166
-0.00607648 0.233063 20.5461
-0.00669518 0.218818 21.3686
-0.0130286 0.200552 22.6906
-0.0272379 0.173676 25.1259
-0.0469894 0.124043 29.5285
-0.0566638 0.0452784 34.7478
0.00203581 -0.0206068 30.5658
-0.0148703 0.0856662 22.9671
-0.0186456 0.0933143 22.6856
-0.053467 0.0173357 34.4713
-0.0577973 0.0315251 34.4375
-0.0861444 0.0180719 42.421
-0.0902365 -0.0209147 45.1424
-0.0638181 -0.0743509 40.4446
-0.0440645 -0.0829852 35.3881
-0.0615614 -0.0760766 41.2872
-0.0223107 -0.0955915 28.3373
-0.0502215 -0.0829578 37.4128
-0.0968142 -0.0270842 51.8821
-0.0284685 -0.0650756 21.6511
-0.0185284 -0.0668631 17.6693
0.0186819 -0.0413249 -0.778578
0.0523711 -0.0510343 -16.1824
0.0561065 -0.0530849 -18.6757
0.0412949 -0.0643946 -9.40336
0.0262025 -0.0860713 -0.638957
0.00359029 -0.075882 11.2047
0.0447291 -0.106912 -10.8722
0.0416926 -0.106721 -8.13707
-0.0116471 -0.167341 30.1982
-0.0452361 -0.0986697 47.5707
-0.0656852 -0.255419 68.3849
-0.0448107 -0.00184841 44.9616
-0.06644 0.0239383 58.841
-0.0694214 0.029499 60.7031
0.136657 -0.0176512 -94.3276
-0.0402728 -0.0530004 48.4861
-0.0456139 -0.100886 56.1949
-0.00853933 -0.0492442 12.8398
0.0051023 -0.0485289 1.38705
-0.00918209 -0.00133838 11.1105
-0.0150248 0.0117126 15.6582
-0.0429631 -0.0367027 59.8277
-0.00814118 0.00803332 10.029
0 0.0108482 2.5808
0.364725 0.0769366 -343.484
0 0.14773 11.5974
-0.0327317 0.0623915 50.3686
0 0.14773 11.5974
0 0.14773 11.5974
0 -0.0173692 21.0318
0 0.14773 11.5974
0 0.0258706 18.946
-0.0144922 0.113395 30.4052
-0.000567732 0.010196 31.9286
0 0.143632 6.89103
0.137314 -0.0170017 -149.143
-0.00661215 -0.0171348 25.0108
-0.0220539 0.221771 21.5534
-0.0242202 0.205105 22.9213
-0.0362517 0.184147 25.1223
-0.0601072 0.157172 28.7881
-0.0881173 0.126108 33.4583
-0.11741 0.103668 38.3513
-0.0907363 0.0163843 40.8466
-0.0455806 0.0842848 27.7349
-0.0303316 0.0868775 25.6783
-0.059138 0.0498882 33.977
-0.0749794 0.0341803 38.8337
-0.0997115 0.032491 44.9463
-0.090308 -0.0181908 45.8116
-0.0784114 -0.0444989 42.9702
-0.0918814 -0.0309416 45.6459
-0.0534898 -0.121119 39.8633
-0.0152495 -0.152016 29.9264
-0.0196947 -0.129165 29.5967
0.0295469 -0.0584767 4.33807
-0.00946474 -0.0160374 10.5751
-0.0147626 -0.0307992 13.6275
0.00535202 0.00474446 1.76709
0.0229126 -0.0121585 -5.21627
0.0448084 -0.0512488 -12.3311
0.0269215 -0.082844 -0.083487
0.0231963 -0.079653 1.44664
0.0186824 -0.0899849 4.14702
0.0447926 -0.103709 -10.3084
0.0441687 -0.124053 -8.78222
0.0361212 -0.103196 -4.46531
-0.0396963 -0.13393 45.2345
-0.061165 -0.113662 57.8392
-0.0373293 0.0230184 38.4936
-0.0456345 0.0964398 39.6973
-0.0795722 -0.144491 78.6438
-0.192168 -0.354507 181.826
-0.0313736 -0.0571399 36.8991
-0.00456854 -0.00299101 7.62944
-0.00641777 -0.00933337 10.8603
0.0328418 -0.0268055 -19.8879
0.00767316 0.0530648 -5.47048
-0.2229 -0.134878 222.909
0.00577144 -0.199317 25.2564
0.0457558 -0.317917 -3.76159
-0.149545 -0.375882 186.581
0.141304 -0.063514 -118.732
0.0247802 0.00240189 -10.0611
0.0237413 -0.0126036 -7.62289
-0.00484857 0.037968 17.9509
0 0.0345724 13.1546
0.00509424 0.0255389 8.32041
-0.00302015 0.0278535 17.0469
0.125255 0.245746 -136.696
0.0238297 0.0131989 -23.9533
0.126944 -0.0727914 -113.323
0.131566 -0.109737 -135.135
0.100185 -0.0235433 -103.662
0.137256 -0.0895016 -144.213
-0.0414258 0.202647 23.4976
-0.0452254 0.181112 25.7575
-0.0623501 0.151698 29.4769
-0.0854481 0.11523 34.5664
-0.1049 0.0957671 38.2412
-0.155261 0.0906566 44.7021
-0.176532 0.425622 11.3179
-0.0667289 0.105127 30.1028
-0.0536599 0.084678 29.8695
-0.103664 0.00596823 47.0725
-0.0785994 0.00396427 41.6911
-0.0816181 0.00163893 43.0198
-0.114507 0.00362229 51.1881
-0.1088 0.000168291 49.0098
-0.0992603 0.00525734 45.5695
0.0353505 -0.0699182 2.7897
-0.0283166 -0.114096 31.1049
-0.0548278 -0.138555 42.3411
0.067935 0.00575521 -15.4591
-0.0110043 0.0026495 9.64974
-0.00768669 -0.00391583 9.03665
0.00941428 0.000128191 0.418145
0.0123805 -0.0155255 0.854504
-0.0173167 -0.00969034 14.6462
-0.0110731 -0.0591778 16.7403
0.00610212 -0.0926631 11.2945
-0.00469305 -0.10741 18.9426
0.00792913 -0.121612 13.2294
0.0542413 -0.149779 -12.547
0.0851591 -0.14086 -32.4544
0.118247 -0.156788 -51.6108
0.0959214 0.0256948 -54.3192
-0.631281 -0.0590627 461.092
-0.142194 -0.0624285 117
-0.0589226 -0.135785 62.7856
0.00038607 0.6069 -50.8585
-0.00913474 -0.0115237 12.0412
-0.00399126 -0.00348449 7.71926
-0.00451509 -0.00427155 9.12616
-0.00582181 -0.000227485 9.67338
-0.0218803 -0.0733281 31.0582
0.0250592 -0.258005 9.27928
-0.00109446 -0.298434 36.8311
0.0328139 -0.306281 6.54944
-0.0436353 0.067304 48.7225
-0.00453556 -0.00250618 7.67693
0.188965 -0.166309 -160.713
0.0597047 -0.277198 -20.3487
-0.0131925 -0.264062 43.9851
0.00315398 0.00968602 2.77599
0 0.011312 5.99786
-0.0203388 0.0148275 28.1785
0.00393971 0.0168665 1.01363
0.0238297 0.0131989 -23.9533
-0.0279669 -0.0258001 49.1891
0.144254 -0.102022 -151.36
0.558748 -0.092978 -654.306
-0.00935921 -0.0212494 28.7018
-0.0661971 0.179462 26.3096
-0.072698 0.14776 30.3256
-0.0913787 0.110368 35.8855
-0.140949 0.0372348 47.3825
-0.121938 0.0261401 47.3493
-0.124956 0.0278605 47.6385
-0.109593 0.0296559 44.3227
-0.0776924 0.0574221 37.0411
-0.104206 0.00390813 47.7242
-0.120128 -0.0142138 52.5529
-0.0821359 -0.0148793 45.0669
-0.087385 -0.00823588 45.7018
-0.123139 -0.0120288 55.2412
-0.10307 0.00357452 47.1108
-0.0817831 0.00505942 40.6522
0.00271078 -0.0695163 14.1878
-0.0220472 -0.105827 26.7917
-0.0243447 -0.0438902 20.3732
0.0534729 0.00409158 -9.21113
-0.0264676 0.0132354 14.9464
-0.0143997 -8.74976e-05 11.3549
0.0119323 -0.00733225 0.395152
-0.00884943 0.0026213 9.72975
-0.0123426 -0.0372544 15.234
-0.0346573 -0.0556471 28.7728
-0.0019743 -0.0541967 10.9454
-0.0117117 -0.0729137 19.2582
-0.0265298 -0.0767777 28.0167
0.00490395 -0.120672 14.9184
0.00975537 -0.0553756 4.16381
0.00707501 -0.0713109 6.61892
0.116683 -0.101551 -62.4717
0.108757 -0.110419 -55.6838
-0.00876875 -0.087744 19.9764
-0.0266765 -0.0630874 31.1257
0.00103576 -0.037325 7.49867
-0.00894494 -0.0131275 12.0295
0.00694811 -0.0101226 -1.93137
0.00490632 -0.0166133 2.23057
-0.0343028 0.023862 32.8753
-0.0254739 -0.0605135 32.8296
-0.00473263 0.00719701 7.10076
0.00659009 0.00586568 -4.02948
-0.0164144 0.0146969 16.8116
-0.00192615 0.0244392 2.12741
-0.00237117 -0.00068377 5.2989
0.00708009 0.0260565 -7.52743
-0.0106927 0.0205424 11.0347
0.011204 0.000888735 -8.90063
0.00937803 0.0274234 -10.2057
0.00714904 -0.00862979 -4.43075
0.0204023 0.0222745 -21.8585
0.0431149 0.0121918 -43.183
-0.0791065 -0.0120161 97.6526
0.140066 -0.104838 -146.172
0.0486109 0.0218164 -54.0215
0.146218 0.0458817 -174.468
-0.0114918 0.0144941 20.6317
-0.0956784 0.165719 28.3537
-0.0992739 0.121971 34.5442
-0.107751 0.0809208 40.5581
-0.164117 -0.00321742 54.8086
-0.133919 -0.0250552 54.8944
-0.132137 -0.0216805 54.3937
-0.0966771 0.000724699 46.1861
-0.0781264 -0.00323332 44.185
-0.125348 -0.0149284 54.3515
-0.127397 -0.0175626 55.0174
-0.0760305 -0.0335515 45.8372
-0.103998 -0.0381235 53.5907
-0.108359 -0.0131429 50.9034
-0.107448 -0.0272554 52.7347
-0.0786589 -0.00447059 40.851
-0.466675 0.0612128 157.552
-0.0180306 -0.000219572 12.3996
0.0047363 0.012294 2.33179
0.00210837 0.0061487 10.7358
-0.0251813 0.0180748 13.7209
-0.0187264 0.0131288 11.5776
-0.0176098 -0.0109837 14.1577
-0.00481167 -0.0110647 8.7287
-0.03006 -0.0322745 24.647
-0.0305372 -0.0373831 24.7457
-0.0198968 -0.0465588 19.8942
-0.0177277 -0.0461854 18.6448
-0.00839186 -0.0519926 14.1695
0.00447977 -0.04817 5.40768
0.000782423 -0.0526985 8.21036
-0.00112733 -0.0354506 7.14607
0.00298824 -0.0389532 5.1768
-0.000200272 -0.0459556 8.02212
0.00747457 -0.0617402 5.01932
-0.00515921 -0.0477621 13.4706
-0.00259881 -0.0290171 9.01061
0.00459429 -0.0517457 6.62404
-0.0160966 -0.0561757 24.0793
0.0169329 -0.0219858 -7.73817
-0.288874 -0.103489 260.965
0.033032 -0.119834 -5.17687
-0.0636471 -0.125253 79.6217
0.0264292 0.0330159 -24.4811
-0.0240041 -0.000929619 25.5206
0.0138642 -0.105591 4.43083
0.0372358 -0.0908198 -20.8566
0.00358549 -0.0416245 5.21628
0.00171981 -0.0907841 13.7315
0.0199089 0.00409922 -19.3354
-0.0701153 -0.133249 97.7992
0.609104 0.00270285 -656.021
0.0251353 -0.0478324 -17.8449
-0.00211351 -0.230168 36.7903
-0.0117381 -0.223011 46.9367
0.00266326 -0.0201628 2.97807
-0.0528474 0.17739 62.2649
0.134396 -0.0846963 -141.427
-0.126617 -0.166891 203.1
-0.00913035 -0.0309641 47.4868
-0.0123253 -0.0287914 47.2704
-0.0221621 -0.0169013 46.0673
-0.121886 -0.0414582 56.3627
-0.122148 -0.0606971 59.3157
-0.107604 -0.0489074 55.4268
-0.0930925 -0.0275897 49.416
-0.10148 -0.0393333 53.1655
-0.111482 -0.035818 54.5877
-0.128572 -0.0219952 55.0162
-0.0859791 -0.0334276 47.9392
-0.0877637 -0.0165867 45.5758
-0.109575 -0.0290289 53.4023
-0.0932101 -0.0195043 47.3454
-0.0715663 -0.001642 38.25
-0.0780411 0.0155173 37.6897
0.0192918 0.0705498 -11.4178
-0.000935084 0.0652993 -3.31586
0.0698006 0.000611407 -15.9499
0.00214337 0.052307 -3.35967
-0.0248295 0.0585395 7.45878
-0.0293462 0.0669751 7.52904
-0.0396791 0.0381716 17.5338
-0.0399336 -0.0307219 28.4144
-0.0395792 0.00706538 22.0679
-0.00830743 -0.00574488 7.38219
-0.0116979 -0.0225729 11.7664
-0.00923978 -0.0216917 10.3799
-0.00833805 -0.00912778 7.69482
0.00677419 -0.0134455 -1.11463
0.00554187 -0.0143968 -0.322218
0.00379493 -0.0122955 0.65805
0.00412816 0.00531199 -2.20214
0.00287908 0.00223388 -0.903452
0.154801 -0.48113 -40.1189
0.00602885 -0.0168634 0.195814
0.00646969 -0.00302198 -2.38348
0.00492677 -0.026311 2.30244
0.0014174 -0.0213556 4.41683
0.00395411 0.0080766 -0.773122
0.00310935 -0.00141259 0.315308
0.0229665 0.0145843 -19.0656
0.015919 0.0260611 -15.3989
0.620722 -0.659561 -478.32
0.00703929 0.0260138 -7.47659
0.00297984 -0.0634261 8.20973
-0.0198722 0.0696208 10.6298
-0.00620971 0.021656 4.96294
0.00333234 0.0248333 -3.59395
0.0119046 0.0213019 -11.6642
0.455354 0.14578 -560.625
0.00291424 0.0304685 -3.72023
0.00141333 0.00057134 2.32753
0.00984607 -0.0211305 -5.3714
0.0272474 0.0147889 -28.8938
-0.00517177 0.191021 3.11937
-0.00153628 -0.0503061 25.7816
-0.161245 -0.197356 250.789
-0.00988132 -0.0294339 47.2867
-0.015278 -0.0367014 48.8649
-0.201842 0.268867 6.99305
-0.12621 -0.0995474 66.0916
-0.0973107 -0.0718737 58.379
-0.101753 -0.0347295 52.0194
-0.0882041 0.00600822 42.8437
-0.0843397 0.0434411 35.6108
-0.0165367 0.0227698 28.6458
-0.0940956 0.0323695 38.4012
-0.0976061 -0.00968583 46.5795
0 0 -1
-0.119417 -0.00533603 52.4909
-0.0873582 -0.522002 133.371
-0.0712059 0.0133005 35.7737
-0.0652265 0.018791 32.8121
-0.0647144 0.0966244 18.1729
0.00985276 0.0729485 -7.08171
-0.0286289 0.0151519 19.9081
-0.0366681 0.089603 6.98707
-0.00704901 0.117965 -10.7076
-0.054487 0.120948 10.1505
-0.0293122 0.165179 -9.71792
-0.0711175 -0.00232587 39.751
-0.0470298 0.0970708 18.252
-0.0780265 0.0421743 46.3322
-0.00143717 0.230535 -35.8268
0.0421147 0.0710598 -27.7696
0.020448 0.0603029 -12.7319
0.0117504 0.257302 -50.9755
-0.00449171 0.244363 -38.021
0.00427403 0.110529 -20.7261
0.0113144 0.0093831 -8.44747
0.0022825 0.0446571 -8.61775
0.00485511 0.0430248 -9.34294
-0.0158814 0.0370927 7.32199
-0.0134429 0.0587164 1.04208
-0.143106 0.317061 54.8112
0.0161992 0.00778952 -12.7158
0.0420469 0.0459528 -41.1255
0.0102105 0.0262191 -10.7016
-0.00323374 0.00478412 5.8738
0.167075 0.0637458 -158.71
0.0930398 -0.223899 -34.4144
0.0253646 0.115949 -41.1037
-0.0051433 0.0226649 5.47231
-0.0424352 0.162347 16.8471
-0.0225937 0.344496 -34.4077
-0.00627425 0.0341783 3.2545
-0.64549 0.838192 539.349
-0.0147419 0.301672 -34.0961
0.0237778 0.0377398 -26.7166
0.0579383 0.0642545 -67.5728
-0.105227 0.0129255 127.804
0.00586883 0.272136 -50.6412
0.0721519 0.00284447 -71.3222
-0.0702537 -0.792857 241.399
-0.0382352 0.120805 44.4491
0 0.360715 156.128
-0.0853419 -0.0490933 53.4479
-0.0968185 -0.0555475 55.1912
-0.0952832 -0.06267 56.4797
-0.087294 -0.0606203 55.3589
-0.0811374 -0.0468383 51.9544
-0.0598409 -0.00624372 41.1272
-0.055764 0.0187775 35.5169
-0.0197984 0.010724 31.1283
-0.0281433 -0.0425561 43.9883
-0.0300801 -0.0554092 46.9242
-0.0843485 -0.0124263 44.2092
0.216905 0.0871438 155.578
0.231221 0.0140881 158.809
0.231138 0.0135626 158.938
0.04949 0.203853 139.199
-0.157962 0.18385 138.306
-0.0512212 0.0376016 23.1139
-0.011626 0.0524467 4.84563
0.0253361 0.134798 -28.0944
0.0358594 0.191064 -44.9039
-0.00123782 0.153929 -20.1291
0.0207785 0.22297 -44.4486
-0.0013007 0.224644 -33.4434
-0.00798975 0.143194 -11.4827
-0.0397814 0.175916 -2.65954
0.0258065 0.207669 -46.6263
0.00514155 0.157351 -23.7053
-0.0578676 0.147002 16.9962
-0.0315923 0.300481 -31.7849
-0.0379857 0.280111 -23.3668
-0.0193842 0.200137 -20.2837
-0.029782 0.122296 1.48586
-0.033436 0.0793099 13.2091
-0.0104871 0.0581224 -0.30993
-0.0177964 0.0719833 2.11266
0.00915565 0.0127428 -6.35786
-0.0035659 0.0115032 5.49374
0.0302408 0.0428097 -31.3721
0.0496652 0.554594 -158.107
0.0553601 0.0622912 -56.5005
0.0143201 0.0370876 -15.2904
0.0160633 0.0649338 -20.5468
-0.314163 0.256858 249.852
-0.00681001 0.0284325 6.42637
-0.0163777 0.0816368 6.43792
-0.00964367 0.173486 -17.8835
-0.623107 -0.910008 847.588
0.124623 0.0976735 -130.69
0.37087 -0.0038911 -379.261
0.169741 0.0640581 -175.273
0 -0.0338556 20.0714
0.0359361 0.0843293 -45.2034
0.048086 0.0791856 -58.096
0.296618 0.0458451 -346.927
0.254127 0.15529 -300.643
-0.187282 -0.277221 302.461
-0.0128304 -0.219628 79.1853
0.0392913 0.061168 82.7964
0.0394264 0.0604534 82.9685
0.0378413 0.0590554 83.3826
0.0320261 0.0563894 84.4085
0.0198879 0.054898 85.8604
-0.00260618 0.0523078 88.9654
-0.0355115 0.0485118 94.1875
-0.0844171 0.0441764 102.664
-0.154586 0.052518 113.064
-0.180057 0.0973263 106.831
-0.177796 0.0980542 106.195
-0.177796 0.0980542 106.195
0.186984 0.0536492 171.528
0.189026 0.040426 174.086
-0.211613 -0.284218 283.848
-0.211613 -0.284218 283.848
-0.2204 -0.289556 288.166
0.0424253 0.111846 -29.1352
0.0291172 0.118894 -25.0474
0.00293167 0.142483 -19.4971
0.0387985 0.2101 -50.226
0.0446574 0.222668 -55.5419
0.0348678 0.252804 -57.7591
0.0176856 0.255227 -49.6337
-0.0235258 0.245654 -26.4292
0.00332897 0.248147 -42.4784
0.00259435 0.252704 -43.1167
0.00790121 0.205997 -35.2533
-0.00474729 0.197304 -26.2752
0.0101635 0.260219 -49.3127
0.0335855 0.293515 -71.5348
-0.00835453 0.573175 -108.043
-0.117816 0.242178 39.0975
-0.171893 -0.0822027 148.924
-0.0236447 0.0556663 10.2929
-0.0148083 0.0202545 11.1374
-0.0306246 0.0421551 19.2808
-0.0210972 0.0822872 2.86609
-0.0153146 0.0297111 10.0005
0.00720944 0.0256922 -7.6469
-0.000106047 0.0642321 -10.1219
0.0168328 0.0375145 -16.7983
0.0552536 0.0622134 -56.19
0.0734941 0.102289 -79.9024
0.00029859 0.108589 -14.2826
-0.0132246 0.0429942 11.1216
0.081527 -0.00641921 -62.3319
0.0738431 -0.00376854 -55.2132
0.102105 0.102885 -108.003
0.194412 -0.0446426 -181.991
0.118578 -0.240316 -54.3306
0.0137389 0.0385836 -10.3021
0.00635774 0.037142 -1.86099
-0.260091 0.0694919 295.032
0.922893 0.0300722 -1068.82
0.0416442 0.288547 -80.183
-0.256258 -0.15447 360.689
0.769923 0.709552 -1104.33
1.15954e-15 -0.0136161 250.632
1.15954e-15 -0.0136161 250.632
0 -0.763672 430.558
-0.000986944 -0.00752985 249.267
-0.000986965 -0.00752985 249.267
-0.000987022 -0.00752985 249.267
-0.000987072 -0.00752985 249.267
-0.000987072 -0.00752985 249.267
0.000280675 -0.00350022 248.112
-0.00174112 -0.00835368 249.59
-0.160499 -0.0528396 299.994
-0.00235899 0.00203849 247.286
0.174705 0.0552146 174.518
0.178946 0.0471014 175.301
-0.343585 0.32781 118.646
-0.33921 0.322615 118.612
-0.341057 0.155262 100.638
0.0553762 0.127295 -37.5224
0.0323513 0.125395 -27.7614
-0.0524928 0.0917062 15.3235
0.00484544 0.25834 -42.2931
0.0710472 0.220513 -67.2762
0.0358718 0.270998 -62.2081
0.0165218 0.258946 -49.6905
-0.0105635 0.28296 -41.9955
0.00994756 0.281246 -53.6432
-0.0150926 0.262606 -34.1442
-0.00987725 0.230223 -30.4233
0.0284248 0.224373 -51.9433
0.0706611 0.243297 -83.7487
0.0794474 0.270044 -96.0613
0.0707585 0.267355 -89.6381
0.0958682 0.208564 -91.4453
-0.0262325 0.0135968 21.5357
0 0.170533 -37.3749
0.008833 0.162852 -42.3135
0.00562845 0.0344692 -8.06245
-0.0102931 0.156166 -25.5553
-0.0117825 0.171629 -27.825
0.0339627 0.038783 -32.7944
0.0566278 0.0321387 -50.2855
0.0756435 0.0148175 -62.7423
0.0727269 0.00318793 -56.9879
0.00716954 -0.0239072 10.2624
-0.0323163 -0.0249087 47.8921
-0.0422458 -0.0397827 60.9443
0.102488 -0.00266376 -84.608
0.0816894 -0.0487042 -62.4385
0.101272 -0.0447929 -83.3174
0.10918 -0.0769853 -82.9168
0.0986358 -0.0649207 -75.1035
0.0957465 -0.215766 -35.1977
0.102216 -0.0570438 -80.695
0.0936419 -0.0491693 -73.2488
0.474891 -0.123516 -515.631
-0.280758 0.0286141 345.692
-0.0754275 0.227463 50.119
-0.105949 0.226293 87.6028
-0.000112508 0.14113 123.724
-0.00011272 0.14113 123.724
-0.000113671 0.14113 123.724
-0.000115145 0.14113 123.724
-0.00011601 0.141129 123.724
-0.00035603 0.14113 123.754
-0.000116241 0.141129 123.724
-0.000116241 0.141129 123.724
0.293571 -0.0674826 122.309
0.293245 -0.0693307 122.857
-0.00712906 0.674886 -2.03949
0.160101 -0.00499328 133.389
0.173041 0.0468971 177.059
0.227293 0.0416414 163.244
-0.354138 0.338534 119.176
-0.339536 0.321473 118.929
-0.145743 0.235649 32.0308
-0.145066 0.235712 31.738
-0.831174 0.115816 346.807
-0.123699 0.0593969 72.8351
-0.106277 0.217561 22.3993
-0.0965928 0.202648 22.8961
-0.147831 0.259254 30.7257
0.0923652 0.258956 -89.2907
0.0357249 0.306867 -72.0632
-0.00938001 0.326603 -53.918
0.00538152 0.18228 -24.8837
-0.0460482 0.197156 0.31902
0.00517246 0.149245 -18.9795
0.0961408 0.2267 -95.7
0.0757872 0.235681 -84.6743
0.0732794 0.255104 -87.9896
0.0669686 0.242821 -80.4303
0.0475933 0.280815 -77.2802
0.0627078 0.229477 -73.2635
0.000306772 0.0228343 -0.938324
0.00884917 0.0226599 -7.48717
0.0115402 0.107689 -29.4893
0.0547763 -0.155185 6.22417
0.0361859 0.0312516 -32.1933
0.023955 -0.000269681 -13.4184
0.0342871 -0.0283096 -14.7568
0.0148184 -0.0604859 11.8941
-0.00128833 -0.075259 30.9612
-0.0211425 -0.074169 49.494
-0.0245035 -0.0607627 48.9739
-0.00928876 -0.063864 34.6195
0.0222801 -0.0619983 1.88736
0.0985497 -0.0607634 -76.1806
0.0944603 -0.0590986 -72.4221
0.0980917 -0.0642392 -74.5867
0.101727 -0.0619752 -79.1069
0.0955279 -0.0596671 -72.693
0.100525 -0.0406417 -83.5628
0.00180627 0.0323995 11.9649
0.133851 0.301007 -215.073
-0.104774 0.22484 86.5309
-0.0816932 0.238561 55.1435
0.00341803 0.0675188 169.976
0.003385 0.0673395 170.034
0.0026606 0.0669893 170.176
0.000662902 0.0664814 170.466
-0.00286244 0.0661322 170.886
-0.00900584 0.0626593 172.569
-0.00614851 0.0835581 166.122
-0.013061 0.0693893 171.219
-0.0136584 0.0512558 176.646
-0.0177289 0.0642954 173.564
-0.0278792 0.030138 185.656
0.038748 -0.0514869 103.16
0.0398264 -0.0518634 102.976
0.113789 -0.0983603 60.533
-0.115874 -0.0369309 108.394
-0.131086 -0.0290648 111.241
-0.131086 -0.0290648 111.241
0.115064 -0.308156 232.366
-0.138819 0.233586 29.8592
-0.08397 0.248589 2.93832
-0.0612117 0.244623 -5.58856
-0.0975588 0.252329 8.90577
-0.080074 0.239786 3.35093
0.0787322 0.285799 -89.5984
0.0631439 0.347539 -98.1554
0.0303815 0.358226 -83.7317
-0.0556459 0.18983 7.76917
-0.0735973 0.178939 21.3722
-0.0697492 0.170332 21.1731
-0.0471669 0.166839 8.08356
0.0709543 0.155302 -50.693
0.0965222 0.207704 -90.7959
0.0702602 0.223237 -76.6378
0.0736393 0.252974 -87.9302
-0.426664 -0.133954 396.773
0.00478064 0.0149614 -2.16339
0.00984174 0.015344 -6.20863
-0.000502927 0.10442 -20.966
-0.0933061 -0.0178445 91.7134
0.0150536 0.0199569 -11.939
0.0140817 -0.0116449 -1.68564
0.016116 -0.0364315 3.75467
0.0315402 -0.0245623 -13.427
-0.00834488 -0.0712476 36.2814
-0.0148703 -0.0760837 43.8563
-0.0152678 -0.0732068 43.3569
-0.00745732 -0.0712389 34.9672
0.00771833 -0.0689046 18.8526
0.0254172 -0.0825358 4.52977
0.0104586 -0.107604 27.8393
0.123113 0.0331773 -123.056
0.0936047 0.0442277 -93.7002
0.084797 0.0286867 -78.9976
0.0552014 0.00921106 -38.3963
0.0433157 0.016733 -26.8488
0.0384676 0.0120362 -19.3774
0.0170203 0.0548983 -6.16612
0.0170203 0.0548983 -6.16612
0 -0.213518 163.453
0 0.456184 -84.3548
-0.00036266 -0.190814 156.4
-0.00036266 -0.190814 156.4
-0.00036266 -0.190814 156.4
-0.00036266 -0.190814 156.4
-0.00036266 -0.190814 156.4
-0.00111431 -0.190724 156.473
-0.00111431 -0.190724 156.473
0.0512964 0.186176 -9.57818
0.0379572 -0.051847 103.473
0.0382227 -0.0518411 103.398
0.116769 0.106533 -5.58534
0.0790664 -0.074855 62.9876
-0.146069 -0.0409108 119.585
-0.057995 -0.147567 247.411
-0.0659184 -0.160805 254.15
-0.184181 0.167105 70.0861
-0.146737 0.2112 40.93
-0.10867 0.232072 18.5307
-0.0442209 0.239049 -11.3137
-0.00385903 0.253057 -33.6132
0.0488418 0.184679 -36.5439
0.0350576 0.121869 -8.94933
0.0515748 -0.0952247 41.619
-0.0091801 -0.174533 99.4918
-0.0688166 0.191104 14.9398
-0.0818253 0.187787 23.5354
-0.08487 0.177331 28.3478
-0.0532911 0.165502 12.252
-0.0414931 0.16867 3.7409
0.119222 0.200098 -105.07
0.113147 0.227819 -108.825
0.0637827 0.241187 -77.6709
-0.0180978 0.384738 -63.5683
-0.308574 0.414211 142.748
0.00955722 0.00121234 -1.7448
0.0205274 0.0477977 -23.1972
-0.00048561 -0.257239 87.0246
-0.00223865 -0.0325393 18.8105
-0.00688294 0.00848203 9.63328
0 -0.257127 86.5344
-0.00486907 -0.0570156 28.8134
-0.0171442 -0.0686716 43.7559
-0.0162786 -0.0778373 45.8431
0.0129964 -0.0529836 6.02512
-0.0109375 -0.0444331 30.2073
-0.0058889 -0.0801476 36.197
0.00346026 -0.0975506 32.0906
0.0320751 0.00910614 -22.4463
-0.00175948 -0.102698 39.4173
0.0059318 0.438182 -132.004
0.0309977 0.010257 -21.7731
0.0317088 0.0130224 -23.1705
-0.0101703 -0.0378291 28.917
0 0.442666 -126.847
-0.0101703 -0.0378291 28.917
-0.00732707 -0.0880863 54.9576
0 -0.18372 228.998
0.00866009 -1.33588 509.342
-0.000770442 -0.179986 227.828
-0.000770442 -0.179986 227.828
-0.000770442 -0.179986 227.828
-0.000770442 -0.179986 227.828
7.38347e-05 -0.447476 207.509
-0.00551299 0.889309 -222.802
0.356356 -0.0589083 121.995
-0.0865581 -0.930977 390.198
-0.0822701 -0.931428 389.402
0.111575 -0.00335037 27.9629
-0.0672535 -0.604383 284.372
-0.0551616 -0.0570397 97.8616
-0.0322004 -0.0497718 87.7731
0.0759435 0.0209097 29.2901
0.0855173 0.0813248 5.53227
-0.155366 0.145045 65.4736
-0.127063 0.145191 53.718
-0.0935151 0.177874 29.256
-0.0423538 0.208844 -2.57687
0.00423722 0.214019 -25.1833
0.0352485 0.210697 -39.1452
0.0538169 0.160503 -31.0882
0.000858881 0.117522 10.7949
-0.00889029 -0.173712 99.0055
-0.028427 -0.165289 107.108
-0.0470264 -0.120795 102.871
0.0336636 0.214965 -43.0046
0.0406229 0.18449 -37.3164
0.0811567 0.148514 -51.8589
0.144869 0.0311833 -54.8208
-0.505593 0.135339 360.023
0.277618 0.179785 -213.018
0.0176334 0.328157 -71.0701
0.0513032 0.29387 -84.8288
0.124633 0.197329 -108.063
0.0432066 0.23767 -57.7989
0.0564617 0.306469 -93.2937
0 -0.0760034 85.0085
-0.00166773 0.152936 8.23482
-0.00374312 0.155657 9.12815
-0.00421163 0.157714 8.84251
-0.00384093 0.159635 7.83649
0 -0.469844 215.8
0 -0.0760034 85.0085
0.093967 -0.143359 25.1193
-0.105415 0.00757118 177.439
0.00070096 0.190179 -7.41604
0.0271691 0.350152 -93.038
0 0.353571 -65.1454
0.031451 0.417598 -121.33
-0.0317249 0.348361 -27.641
-0.0691894 0.0689129 298.761
-0.0161581 0.0178817 30.3043
0 -0.0797171 43.248
0.0124252 -0.126146 43.4204
-0.00915051 -0.087642 57.0413
0.01178 0.165976 16.4593
0.0118542 0.166983 16.0957
0.012495 0.168965 15.3572
0.0143086 0.172459 13.9944
-0.894286 0.760516 -117.374
2.30211e-13 0.0692249 23.7738
2.30211e-13 0.0692249 23.7738
0.355666 -0.0598698 122.436
0.356144 -0.0612209 122.875
-0.03257 -0.0318647 66.3801
-0.0367247 -0.0395172 70.0489
0.153283 -0.047498 27.8373
-0.0173214 -0.0430608 81.8196
0.0917536 0.0296274 25.6287
0.00953702 -0.0746028 83.2773
-0.0300653 0.289284 -27.4293
-0.0350748 0.377259 -57.9212
-0.0977286 0.139319 44.1283
-0.0514473 0.209271 1.16435
-0.0128442 0.22687 -21.7189
-0.00495457 0.237525 -28.823
0.00423023 0.261036 -41.4114
-0.00188554 0.254344 -35.8513
-0.00866366 0.209819 -16.923
-0.0339146 0.155518 15.1692
0.0058694 0.377769 -86.5846
0.0508844 0.354114 -102.931
0.0438337 0.306015 -81.4302
0.0174211 0.225659 -36.8754
0.00529797 0.191497 -17.3548
0.0335441 0.191631 -35.8667
0.0230633 -0.0133529 43.1586
0.0617286 -0.163754 69.8304
-0.023254 0.186804 -1.79402
0.0221385 0.297581 -63.1367
0.0377991 0.301306 -76.6987
0.0431826 0.279875 -73.5499
0.0489877 0.294402 -82.9956
-6.54018e-13 -0.137835 62.6992
0.0530687 0.320302 -95.3088
-6.83092e-13 -0.137835 62.6992
-0.0277904 0.197323 18.0427
-0.0279208 0.197592 18.0731
-0.0279208 0.197592 18.0731
-0.00146152 0.171753 1.28614
-0.00086808 0.173534 0.076675
-0.000402157 0.17497 -0.895329
-7.35129e-05 0.175969 -1.58205
6.73987e-05 0.176434 -1.89192
6.73987e-05 0.176434 -1.89192
0.00461951 -0.131817 55.5757
1.26826e-06 0.200905 -10.4418
1.26826e-06 0.200905 -10.4418
-0.0672312 -0.00450012 321.318
0 -0.170703 74.2578
0.0105551 0.365127 -82.5791
0.0337578 -0.0778281 0.431316
0.0314468 -0.076403 2.75253
-0.000854753 0.358858 -70.4453
-0.000843889 0.358862 -70.4475
-0.000765732 0.35887 -70.4545
-0.000589666 0.359002 -70.5156
-0.000326639 0.358844 -70.4798
-4.46487e-05 0.358822 -70.502
0.00022013 0.358804 -70.5293
0.000448771 0.35879 -70.5583
0.000596824 0.358781 -70.58
0.000661267 0.358777 -70.5905
0.000661267 0.358777 -70.5905
0.130408 -0.0556633 36.3633
0.0789589 0.0389084 26.1426
0.137801 0.171487 -38.897
0.0894499 0.198179 -33.2742
0.0262629 0.387706 -82.6002
-0.00352615 0.397289 -76.1552
-0.0458988 0.14028 23.9649
-0.0451201 0.169766 12.9705
-0.0169053 0.230062 -20.4843
-0.000109475 0.283088 -46.9426
-0.00194012 0.322654 -60.1723
-0.023033 0.284115 -36.3491
-0.0326563 0.219808 -8.32686
-0.00142664 0.22641 -27.0838
0.0291584 0.368488 -96.0234
0.0374257 0.353874 -95.1336
0.022143 0.306927 -68.8819
0.00495299 0.256546 -40.1402
0.0175702 0.236276 -40.9689
0.0709263 0.274893 -89.8653
0.105549 0.25531 -105.884
0.105549 0.25531 -105.884
0.432497 0.282635 -357.645
0.00738977 0.31044 -56.5802
0.0149022 0.306494 -60.8525
0.0483313 0.289077 -80.583
0.0401063 0.304382 -78.9848
0.0545819 0.316651 -95.2076
0.0550356 0.313964 -94.6219
-0.0158095 0.219118 -0.600037
-0.0239111 0.202852 12.5681
-0.0057833 -0.131768 120.188
-0.00284146 -0.193536 140.344
-0.000322788 -0.246451 157.563
-3.86296e-05 -0.398169 213.61
-0.000108259 -0.399967 214.347
-0.000211469 -0.402235 215.292
-0.000434791 -0.404772 216.461
-0.000758848 -0.407331 217.746
-0.000848632 -0.410204 218.902
-0.00120459 -0.418231 222.267
-0.00168927 -0.422219 224.283
-0.00134661 -0.425238 225.005
-0.000991638 -0.429256 226.08
-0.000535154 -0.433367 227.06
-0.000535154 -0.433367 227.06
-0.000535154 -0.433367 227.06
