0 1 3
1 2 3
2 3 3
3 4 3
4 5 3
5 6 3
6 7 3
7 8 3
8 67 0
10 67 2
10 11 2
11 12 3
12 14 3
14 15 3
15 17 3
17 18 3
18 20 3
20 21 3
21 82 3
24 82 3
24 84 3
28 84 0
28 29 3
29 32 3
32 33 0
33 93 3
93 158 3
43 158 3
43 103 3
44 103 3
44 105 3
104 105 3
49 104 3
49 50 3
50 342 3
55 342 3
17 74 3
32 89 0
89 90 3
15 74 3
32 90 0
33 92 3
80 82 3
29 89 0
92 93 3
14 71 3
28 86 0
88 89 3
12 71 3
20 77 0
18 76 3
84 86 3
17 76 3
18 77 0
21 78 3
93 269 3
17 75 3
20 78 3
87 89 0
74 75 3
28 89 0
87 88 0
158 269 3
6 64 3
7 66 3
8 66 3
14 72 3
33 91 3
7 64 3
71 72 3
75 76 3
86 89 0
32 91 0
91 92 3
0 58 3
1 59 3
2 60 3
3 61 3
4 62 3
5 63 3
7 65 3
10 68 1
15 73 3
54 55 3
58 59 3
59 60 3
60 61 3
61 62 3
5 62 3
63 64 3
64 65 3
67 68 1
73 74 3
76 77 2
54 342 3
62 63 3
11 68 3
14 73 3
77 78 1
49 166 3
50 166 3
66 67 3
65 66 3
11 69 3
78 82 3
43 161 3
103 161 3
11 71 3
104 164 1
50 167 3
72 73 3
150 269 1
43 558 3
105 164 1
49 164 1
167 342 3
69 71 2
84 142 3
158 558 3
44 162 3
105 162 3
166 167 3
24 142 3
86 142 3
68 69 3
78 79 3
79 82 3
105 163 1
90 91 3
161 558 3
163 164 3
55 346 3
79 138 3
82 138 3
92 269 3
103 162 3
78 136 3
86 143 3
89 144 1
161 162 3
162 163 1
79 136 3
142 143 3
89 143 1
67 125 3
88 90 3
66 125 3
73 131 3
87 144 0
68 125 0
68 127 0
69 127 3
143 144 3
88 148 3
90 148 3
71 128 3
72 130 3
73 130 3
73 132 3
74 132 3
24 140 3
49 165 3
69 128 3
77 135 1
78 135 3
82 140 3
164 165 0
165 166 3
58 116 3
59 117 3
60 118 3
61 119 3
62 120 3
63 121 3
64 122 3
65 123 3
66 124 3
68 126 0
72 128 3
75 133 3
76 134 3
77 134 2
135 136 3
91 148 3
92 149 3
92 150 2
116 117 3
117 118 3
118 119 3
119 120 3
120 121 3
121 122 3
122 123 3
123 124 3
125 126 3
126 127 3
74 133 3
75 134 3
134 135 0
140 142 3
91 149 3
160 161 3
124 125 3
131 132 3
133 134 3
149 150 3
160 162 3
226 342 3
54 346 3
127 128 3
87 145 3
167 226 3
54 226 3
130 131 3
132 133 3
88 145 1
499 558 3
144 145 1
148 149 3
161 499 3
128 130 3
138 140 3
150 325 0
269 558 3
161 391 3
127 185 3
130 188 3
325 326 3
150 326 0
160 391 3
326 386 3
269 326 3
125 183 3
128 185 3
140 200 1
142 200 1
143 200 1
162 339 3
163 339 0
143 201 1
148 206 3
123 181 3
126 183 3
134 191 3
79 195 3
200 201 3
88 206 3
325 386 3
133 191 3
135 194 3
136 194 3
136 195 3
145 202 3
149 208 1
269 499 3
160 339 3
116 174 3
117 175 3
118 176 3
119 177 3
120 178 3
121 179 0
122 180 3
124 182 3
130 186 2
131 188 0
132 191 3
134 193 0
135 193 3
79 255 3
138 255 3
144 201 1
144 202 1
174 175 3
175 176 3
176 177 3
177 178 3
178 179 0
179 180 1
180 181 3
124 181 3
126 184 3
126 185 3
128 186 3
131 189 3
150 208 2
181 182 3
125 182 3
185 186 3
188 189 3
195 255 3
140 255 3
140 198 3
391 499 3
164 339 0
182 183 3
186 188 3
145 206 0
148 208 3
183 184 3
201 202 1
166 347 3
167 347 3
193 194 3
208 325 0
184 185 3
198 200 3
188 245 3
186 245 3
194 195 3
164 221 0
131 191 3
191 193 0
206 208 3
221 339 3
165 221 3
165 347 3
226 347 3
189 191 3
198 257 3
269 559 3
200 257 3
499 559 3
180 239 3
181 239 3
145 261 0
202 261 0
208 265 0
206 261 0
326 559 3
191 249 3
194 252 3
198 255 3
198 256 3
206 265 0
54 224 3
188 246 3
189 249 3
193 252 3
256 257 3
165 223 3
226 344 3
224 226 3
224 346 3
182 240 3
189 248 3
193 251 3
206 264 0
265 325 3
223 347 3
344 347 3
182 239 3
183 240 3
201 259 3
183 242 3
184 242 3
248 249 3
195 254 3
201 260 3
202 260 0
264 265 3
184 243 3
186 244 3
193 249 3
254 255 3
221 223 3
224 344 3
174 232 3
175 233 3
176 234 3
177 235 3
178 236 3
179 237 2
180 237 2
239 240 3
183 241 3
185 243 3
188 305 0
200 259 3
232 233 3
233 234 3
234 235 3
235 236 3
236 237 0
180 238 3
240 241 3
241 242 3
246 305 0
189 305 3
189 306 3
249 251 3
251 252 3
195 253 3
237 238 3
242 243 3
186 243 3
245 246 3
248 306 3
253 254 3
257 259 3
206 320 0
265 322 3
194 253 3
264 320 3
264 322 3
160 337 3
337 339 3
252 253 3
260 261 3
221 337 3
305 306 3
249 309 3
251 309 3
249 366 1
259 260 3
390 499 3
223 344 3
240 299 3
309 366 1
390 559 3
390 391 3
337 391 3
241 299 3
257 316 3
261 320 3
265 381 3
246 304 3
381 384 3
325 381 3
238 239 2
244 245 3
265 323 3
304 305 0
259 316 3
243 244 3
255 313 3
255 256 3
322 323 3
325 384 3
386 559 3
346 400 3
244 303 3
245 303 3
256 315 3
257 315 3
384 386 3
224 400 3
256 313 3
245 304 3
252 310 3
254 313 3
264 321 3
237 295 1
238 295 1
251 310 3
253 310 3
321 322 3
221 396 3
223 396 3
239 297 3
240 297 3
240 298 3
242 299 3
242 301 3
243 301 3
244 302 3
303 304 3
319 320 3
391 393 3
232 290 1
233 291 1
234 292 1
235 293 1
236 294 1
238 296 1
242 300 3
309 310 3
254 312 3
312 313 3
315 316 3
259 317 3
260 317 3
337 394 3
290 291 3
291 292 3
292 293 3
293 294 3
237 294 1
239 296 3
297 298 3
244 301 3
249 365 3
317 434 3
390 393 3
391 394 3
294 295 0
296 297 3
298 299 3
300 301 3
302 303 3
249 306 3
365 366 1
261 319 3
320 321 3
253 312 3
295 296 3
306 365 3
393 394 3
221 395 3
301 302 3
323 381 3
337 395 3
386 390 3
366 367 0
309 367 3
299 300 3
395 396 3
313 372 3
256 372 3
260 434 2
253 370 3
315 372 3
223 397 3
310 370 3
312 370 3
344 397 3
316 317 3
319 434 3
224 397 3
305 363 3
306 363 3
306 364 3
304 363 0
364 365 3
316 374 3
394 395 3
317 374 3
381 383 3
383 384 3
396 397 3
297 355 3
301 360 3
302 360 3
310 368 3
317 375 3
293 351 3
363 364 3
309 368 3
292 350 3
294 351 3
295 353 3
299 357 3
300 357 3
304 362 3
293 350 3
296 353 3
296 354 3
298 356 3
302 361 3
303 361 3
303 362 3
362 363 0
374 375 3
321 380 3
290 348 3
291 349 3
353 354 3
354 355 3
298 355 3
300 358 3
301 359 3
367 368 3
371 372 3
315 373 3
320 434 3
320 380 3
348 349 3
349 350 3
350 351 3
294 352 3
294 353 3
357 358 3
359 360 3
361 362 3
313 371 3
316 373 3
322 380 3
400 462 1
301 358 3
351 352 3
360 361 3
312 371 3
380 496 3
323 380 3
358 359 3
368 370 3
320 437 3
380 437 3
355 356 3
372 373 3
373 374 3
437 493 3
224 402 3
298 357 3
367 425 3
434 437 3
400 402 3
352 353 3
366 425 0
380 495 3
383 496 3
397 402 3
356 357 3
368 427 3
370 427 3
370 371 3
381 496 3
357 415 3
434 435 3
435 437 3
380 381 3
390 502 3
356 415 3
435 493 3
395 453 3
363 420 1
386 502 3
396 453 3
396 454 3
362 420 3
386 556 3
453 454 3
397 454 3
370 428 3
437 495 3
495 496 3
368 425 3
427 428 3
365 423 3
371 429 3
393 622 3
394 452 3
395 452 3
364 423 3
370 429 3
374 432 3
390 622 3
393 452 3
373 432 3
374 433 3
375 433 3
400 461 1
350 408 3
351 408 3
353 412 3
354 412 3
358 415 3
361 419 3
368 426 3
384 556 3
461 462 3
349 408 3
351 409 3
360 419 3
366 423 0
373 431 3
383 556 3
348 406 3
349 407 3
408 409 3
353 411 3
360 418 3
363 421 3
364 422 3
366 424 3
431 432 3
452 453 3
406 407 3
407 408 3
352 410 3
352 411 3
411 412 3
419 420 3
420 421 0
421 422 3
422 423 3
424 425 0
425 426 3
426 427 3
432 433 3
410 411 3
356 414 3
359 417 3
359 418 3
418 419 3
423 424 1
375 434 3
351 410 3
355 414 3
358 417 3
417 418 3
420 479 3
355 412 3
414 415 3
421 479 1
428 429 3
372 429 3
454 514 3
397 514 3
372 431 3
393 507 3
397 515 3
409 410 3
507 622 3
402 515 3
502 622 3
434 493 2
452 507 3
355 471 3
414 471 3
415 417 3
429 431 3
514 515 3
412 471 3
424 483 0
425 483 3
427 484 3
402 517 1
471 472 3
414 472 3
415 474 3
417 474 3
426 484 3
454 512 3
515 517 1
427 485 3
431 487 3
453 512 3
512 514 3
462 520 2
400 520 1
484 485 3
429 487 3
453 511 3
423 481 1
452 511 3
511 512 3
513 514 3
400 521 1
411 469 3
422 479 1
422 481 1
426 483 3
512 513 3
520 521 3
412 469 3
400 637 3
419 477 3
420 477 3
424 481 3
428 485 3
461 520 2
406 464 3
407 465 3
408 466 3
409 467 3
412 470 3
415 472 3
417 475 3
417 476 3
418 476 3
422 480 1
480 481 3
428 487 3
507 508 3
452 510 1
464 465 3
465 466 3
408 467 3
410 467 3
410 468 3
410 469 3
476 477 3
420 478 3
479 480 3
510 511 0
466 467 3
468 469 3
469 470 3
470 471 3
474 475 3
485 486 3
428 486 3
433 434 3
486 487 3
487 488 1
431 488 1
467 468 3
475 476 3
478 479 3
432 491 1
433 491 1
434 491 1
507 510 1
431 548 1
491 493 0
402 576 1
472 474 3
477 478 3
488 548 3
432 548 1
400 576 1
493 494 3
437 494 3
564 622 3
515 573 3
517 573 0
472 530 3
483 484 3
556 673 3
502 564 3
474 530 3
474 531 3
493 551 3
494 495 3
530 531 3
491 551 3
517 576 2
496 555 3
496 554 3
383 555 3
514 573 3
483 541 3
495 553 3
495 554 3
511 570 3
512 570 3
494 553 3
513 570 3
481 539 3
424 539 2
483 539 3
484 541 3
485 543 3
400 635 1
478 535 3
539 541 3
484 542 3
486 543 1
432 549 1
491 549 3
554 555 3
510 569 0
511 569 0
576 635 1
474 532 3
477 535 3
485 542 3
541 542 3
635 637 0
464 522 0
465 522 0
471 530 3
475 533 3
476 534 3
478 536 3
480 539 3
486 546 1
487 546 1
555 556 3
513 571 3
514 572 3
469 528 3
470 528 3
470 529 3
471 529 3
532 533 3
533 534 3
534 535 3
535 536 3
479 536 3
488 546 3
553 554 3
556 557 3
502 556 3
570 571 3
571 572 3
572 573 3
466 524 3
467 524 3
467 526 3
468 526 3
469 526 3
528 529 3
529 530 3
531 532 3
486 544 1
547 548 3
573 631 1
517 631 1
517 634 1
526 528 3
479 537 3
480 537 3
480 538 3
543 544 3
544 546 3
488 547 3
576 634 1
524 526 3
536 537 3
537 538 3
542 543 3
465 524 3
539 540 3
507 569 0
631 634 3
538 539 3
540 541 3
549 551 3
569 570 1
494 551 3
555 614 3
556 614 3
556 564 3
546 547 3
548 549 3
557 614 3
564 621 3
507 625 1
465 581 1
551 608 3
556 621 3
569 625 1
522 581 1
524 581 1
537 595 3
549 608 3
551 553 3
553 611 3
536 594 3
536 595 3
551 609 3
554 612 3
538 595 3
541 599 3
608 609 3
534 592 1
534 593 3
535 593 3
540 597 3
546 603 2
635 636 0
636 637 3
529 587 1
530 589 1
533 592 1
539 597 3
542 599 3
543 601 3
551 611 3
553 612 3
555 612 3
497 556 3
507 623 3
526 585 1
528 585 1
530 587 1
531 589 1
535 594 3
594 595 3
540 599 3
542 601 3
544 603 3
546 604 2
497 621 3
569 626 1
573 630 1
524 583 1
526 583 1
547 604 3
547 605 3
547 606 3
548 606 3
551 668 2
611 612 3
572 630 1
528 586 1
529 586 1
599 655 3
548 607 3
549 607 3
609 668 3
623 625 3
524 582 1
526 584 1
532 590 1
533 591 1
538 597 3
544 602 3
606 607 3
607 608 3
557 673 3
620 621 0
622 623 3
625 626 1
570 628 1
571 629 3
586 587 3
589 590 3
590 591 3
591 592 2
592 593 0
593 594 3
542 600 3
601 602 3
602 603 3
605 606 3
497 620 1
569 628 1
570 629 3
572 629 3
630 631 3
522 580 1
582 583 3
583 584 3
584 585 3
587 589 3
599 600 3
600 601 3
628 629 0
634 635 3
580 581 3
585 586 3
603 604 3
604 605 3
611 668 1
612 614 3
581 582 3
540 655 3
629 630 1
614 673 3
564 623 3
626 628 1
597 655 3
631 691 3
634 691 3
538 596 3
620 623 1
595 596 3
596 597 3
621 623 3
631 690 2
587 646 0
589 646 0
595 653 1
596 653 1
690 691 0
655 657 3
626 685 1
628 685 3
599 657 3
634 692 3
585 643 0
592 650 1
635 692 3
584 643 0
586 643 0
612 670 3
630 689 2
631 689 2
692 749 0
594 653 1
614 670 3
589 647 0
590 647 0
605 663 3
606 665 3
607 665 3
591 650 1
604 661 3
606 663 3
609 666 3
561 620 0
561 623 2
628 686 3
629 686 1
635 693 3
586 645 0
587 645 0
593 651 1
594 651 1
599 658 3
600 658 3
601 659 3
602 659 3
611 669 1
612 669 1
629 688 3
630 688 2
636 693 1
580 638 0
581 639 0
582 640 0
583 641 0
584 642 0
590 648 0
593 650 1
594 652 1
596 655 3
600 659 3
603 661 3
606 722 3
608 666 3
691 692 3
636 694 1
638 639 3
639 640 3
640 641 3
641 642 3
642 643 3
645 646 1
647 648 0
591 648 0
591 649 0
657 658 3
608 665 3
668 669 3
625 687 3
693 694 3
648 649 0
649 650 1
652 653 3
665 722 3
626 687 1
685 686 3
689 690 3
651 652 3
658 659 3
636 695 1
602 661 3
663 722 3
666 668 3
669 670 0
692 693 3
659 661 3
688 689 3
637 695 1
561 625 3
646 647 1
653 712 3
596 712 3
665 666 3
614 847 1
673 847 1
686 688 0
650 651 0
655 712 3
605 661 3
643 645 2
670 847 1
561 687 3
694 695 3
645 702 1
659 717 3
661 720 3
605 720 3
643 702 1
658 716 3
668 726 3
669 726 3
711 712 3
663 720 3
666 724 3
653 711 3
666 725 3
668 725 3
685 687 3
647 705 0
647 706 0
650 708 0
661 719 3
724 725 3
686 746 1
688 746 1
691 749 1
694 752 3
646 705 3
648 706 0
651 708 3
657 715 3
670 729 1
693 752 3
695 752 3
643 701 1
658 715 3
669 727 3
729 847 3
705 706 3
651 710 3
652 710 3
655 714 3
657 714 3
665 723 3
649 708 3
652 711 3
712 714 3
658 717 3
722 723 3
726 727 3
670 727 1
690 749 2
693 751 2
638 696 0
639 697 1
640 698 1
641 699 1
642 700 1
643 700 1
702 703 3
645 703 1
646 703 0
651 709 3
663 721 3
666 723 3
725 726 3
685 802 1
686 802 1
689 746 1
689 748 1
690 748 1
692 751 2
696 697 1
697 698 3
698 699 3
699 700 3
701 702 0
709 710 3
710 711 3
721 722 3
723 724 3
746 802 0
748 749 0
700 701 1
649 706 1
714 715 3
716 717 3
659 776 2
719 720 3
720 721 3
749 751 1
708 709 3
661 776 2
689 747 1
719 776 2
746 747 3
747 748 3
751 752 3
717 776 0
727 729 3
687 802 1
646 704 0
715 716 1
703 704 0
704 705 1
706 708 0
497 673 3
712 771 1
695 811 1
714 771 1
752 811 1
711 770 3
712 770 3
702 761 1
703 761 1
751 808 1
727 786 3
749 808 1
708 765 1
714 772 1
726 784 3
727 784 3
700 759 1
701 759 0
706 764 0
708 766 1
709 766 1
715 772 1
716 775 3
717 775 3
705 764 0
706 765 0
715 773 1
719 777 3
720 777 3
721 780 3
722 780 3
710 768 1
711 769 3
770 771 1
716 773 3
702 759 1
711 768 1
769 770 3
724 783 3
725 783 3
729 786 3
673 964 1
752 810 1
696 754 1
697 755 1
698 757 1
699 757 1
700 758 1
704 763 1
705 763 0
775 776 0
720 778 3
721 779 2
723 780 3
724 782 3
727 785 3
497 964 1
751 810 1
754 755 3
698 755 1
757 758 3
758 759 3
702 760 1
763 764 0
764 765 1
765 766 1
772 773 3
776 777 1
778 779 0
779 780 1
784 785 3
810 811 3
760 761 1
704 761 1
704 762 1
777 778 3
726 783 3
729 787 3
759 760 3
762 763 3
710 766 1
771 772 3
782 783 3
766 768 1
723 782 3
785 786 3
786 787 3
787 847 3
768 769 0
755 757 3
780 782 3
783 784 3
751 809 1
761 762 3
687 861 1
747 803 0
748 803 0
809 810 3
716 774 3
774 775 3
802 861 1
808 809 3
561 861 1
803 861 1
802 803 0
746 803 0
749 803 0
773 774 3
776 834 1
777 834 3
780 839 3
782 839 3
755 814 1
757 814 1
766 824 0
766 825 0
785 844 3
786 844 3
768 825 0
754 812 1
755 812 1
755 813 1
757 815 1
824 825 0
775 834 3
786 845 3
787 845 3
812 813 3
813 814 3
758 815 1
771 829 3
782 840 3
811 869 1
758 816 1
759 816 1
759 817 1
763 821 3
770 829 1
772 829 3
783 840 3
783 842 3
784 842 3
673 905 1
497 1022 1
810 869 1
760 817 1
762 820 3
763 820 3
768 826 0
773 831 3
774 831 3
780 838 3
905 964 3
964 1022 3
620 1022 1
814 815 3
765 823 1
825 826 3
777 835 3
778 835 3
779 838 1
764 822 3
766 823 1
769 827 1
770 828 1
772 830 3
775 833 3
834 835 3
778 836 3
779 837 1
783 841 3
784 843 3
785 843 3
760 820 1
761 820 3
820 821 0
821 822 0
822 823 1
826 827 3
827 828 3
828 829 3
829 830 3
772 831 3
774 833 3
833 834 3
835 836 3
836 837 3
837 838 3
839 840 3
840 841 3
841 842 3
842 843 3
815 816 3
838 839 3
843 844 3
844 845 3
823 824 1
830 831 3
816 817 3
831 833 3
787 904 3
847 904 3
803 808 1
803 809 1
561 1031 1
847 905 3
620 1031 1
803 919 1
561 975 3
861 975 0
861 919 0
845 904 3
820 877 3
809 869 1
830 889 3
831 889 3
760 876 0
803 920 1
820 876 0
975 1031 1
919 920 3
817 876 0
820 878 0
821 878 3
831 890 3
803 869 1
833 890 3
845 902 3
844 902 3
803 921 1
813 871 3
876 877 1
920 921 3
814 871 3
814 872 3
815 872 3
829 887 3
830 887 3
833 892 3
834 892 3
815 873 3
816 873 3
877 878 0
821 879 3
822 879 1
830 888 3
888 889 3
835 892 3
842 900 3
843 900 3
843 902 3
845 961 2
803 922 1
812 870 3
813 870 3
817 875 3
822 880 1
823 881 0
824 882 0
825 884 3
826 884 3
827 885 3
889 890 3
833 891 3
835 893 3
836 894 3
837 895 3
838 896 1
839 897 1
840 898 3
841 899 3
904 905 3
921 922 3
871 872 3
875 876 0
880 881 3
881 882 0
825 882 3
826 885 3
828 885 3
828 887 3
890 891 3
891 892 3
893 894 3
894 895 3
895 896 1
896 897 3
897 898 0
898 899 3
899 900 3
843 901 3
817 873 3
825 941 3
892 893 3
900 901 3
901 902 3
902 961 0
904 961 2
803 923 1
872 873 3
878 879 3
884 885 3
922 923 3
870 871 3
873 875 3
879 880 3
887 888 3
861 977 0
919 977 0
882 941 3
884 941 3
828 944 3
803 925 1
885 944 3
887 944 3
923 925 3
861 976 0
976 977 3
879 937 3
880 937 3
803 985 1
873 932 0
875 932 0
925 985 0
878 937 3
923 982 0
925 982 0
925 984 0
984 985 0
873 931 0
905 963 3
872 929 0
931 932 3
877 935 3
878 935 1
904 963 3
871 929 0
902 960 0
960 961 1
1022 1031 3
975 976 3
920 978 3
878 936 3
882 940 3
940 941 3
901 960 0
919 978 3
875 934 0
876 934 1
936 937 3
881 940 0
887 945 3
888 945 3
921 978 3
870 928 0
880 938 3
881 939 0
885 943 1
888 946 3
889 947 0
890 948 0
891 949 1
892 950 3
893 951 3
894 952 3
895 953 3
896 954 0
897 955 0
898 956 3
899 957 3
900 958 1
901 959 1
977 978 1
921 979 0
922 980 0
923 981 0
925 983 0
928 929 3
875 933 0
934 935 1
937 938 3
938 939 0
939 940 3
946 947 0
947 948 3
948 949 1
949 950 0
950 951 3
951 952 3
952 953 3
953 954 3
954 955 3
955 956 3
956 957 3
957 958 1
958 959 3
959 960 0
978 979 0
979 980 3
980 981 3
982 983 3
983 984 1
872 931 0
884 942 1
943 944 3
981 982 0
933 934 3
935 936 0
885 942 1
944 945 3
945 946 3
932 933 1
941 942 1
963 964 3
929 931 3
942 943 3
904 1020 3
961 1020 2
963 1020 3
932 990 3
933 990 0
944 1002 3
977 1035 3
978 1035 0
929 988 3
937 995 3
938 996 0
939 996 3
945 1002 3
945 1003 3
946 1003 3
964 1021 3
931 988 3
936 994 3
937 994 3
1021 1022 3
976 1035 3
934 993 3
935 993 0
963 1021 3
933 992 3
934 992 3
938 995 3
943 1001 3
946 1004 3
947 1004 1
960 1018 1
928 986 3
992 993 3
936 993 0
942 1000 3
943 1000 3
944 1001 2
959 1018 3
929 986 3
931 989 3
933 991 3
939 997 3
940 998 3
941 999 3
941 1000 2
947 1005 1
948 1006 1
949 1007 0
950 1008 3
951 1009 3
952 1010 3
953 1011 3
954 1012 3
955 1013 3
956 1014 1
957 1015 1
958 1016 3
959 1017 3
961 1018 1
961 1019 1
975 1034 1
976 1034 1
978 1036 1
979 1037 1
980 1038 1
981 1039 3
982 1040 1
983 1041 1
984 1042 3
985 1043 1
932 989 3
993 994 1
995 996 0
996 997 3
997 998 3
998 999 3
999 1000 3
1002 1003 3
1003 1004 3
1004 1005 3
1005 1006 3
1006 1007 3
1007 1008 3
1008 1009 3
1009 1010 3
1010 1011 3
1011 1012 3
1012 1013 3
1013 1014 3
1014 1015 3
1015 1016 3
1016 1017 3
1017 1018 3
1018 1019 3
1019 1020 3
1034 1035 0
1035 1036 1
1036 1037 3
1037 1038 3
1038 1039 0
1039 1040 1
1040 1041 3
1041 1042 0
1042 1043 1
991 992 3
1000 1001 3
1001 1002 3
988 989 3
990 991 1
994 995 3
986 988 3
989 990 3
