0 1 3
1 2 3
2 3 3
3 4 3
4 5 3
5 6 1
6 7 0
7 8 3
8 9 2
9 10 3
10 12 3
12 13 3
13 14 3
14 15 3
15 16 3
16 18 3
18 19 3
19 20 3
20 21 3
21 138 0
88 138 3
88 323 0
91 323 3
32 91 0
35 91 0
35 151 3
92 151 1
41 92 0
41 42 3
42 43 3
43 44 3
44 45 3
45 46 3
46 47 3
47 48 3
48 49 3
49 50 3
50 51 3
51 52 3
52 53 3
53 54 3
54 55 3
55 56 1
42 496 0
41 496 0
56 405 0
81 88 0
81 138 0
87 323 0
83 88 0
91 321 3
83 323 0
321 323 3
10 69 3
12 69 3
92 496 3
43 101 3
42 101 3
9 67 3
16 75 1
8 67 2
18 76 3
19 76 0
82 88 3
7 65 1
8 65 1
18 75 3
81 82 0
82 83 1
87 321 0
12 70 3
15 73 3
6 64 1
7 64 1
16 73 3
43 102 3
44 102 3
0 58 3
1 59 3
2 60 3
3 61 0
4 62 3
5 63 3
64 65 0
69 70 3
13 71 3
20 78 0
86 323 0
45 103 1
46 104 1
47 105 1
48 106 1
49 107 1
50 108 1
51 109 1
52 110 1
53 111 1
58 59 3
59 60 3
60 61 0
61 62 1
62 63 3
63 64 1
8 66 3
66 67 3
12 71 3
16 74 3
19 78 0
21 78 0
84 323 0
151 496 0
102 103 1
103 104 3
104 105 3
105 106 3
106 107 3
107 108 3
108 109 3
109 110 3
110 111 3
54 111 1
54 112 3
55 112 3
9 68 3
10 68 3
14 71 3
14 73 3
73 74 3
74 75 1
75 76 3
84 86 3
101 496 0
65 66 0
68 69 3
70 71 3
21 79 0
83 84 3
67 68 3
78 79 3
79 138 3
14 72 3
86 87 2
111 112 0
71 72 3
101 102 3
56 112 0
76 78 2
112 405 0
76 135 2
78 135 3
112 113 0
113 405 3
72 73 3
84 142 1
230 405 0
68 127 3
69 127 3
75 133 2
76 133 3
86 142 1
91 151 1
101 159 3
102 159 3
83 141 1
84 141 1
74 133 3
81 139 0
91 207 1
69 186 3
70 186 3
138 139 3
82 139 3
62 119 0
66 125 3
67 125 3
72 189 3
91 382 3
91 208 1
61 119 3
62 121 3
63 121 3
66 124 3
68 125 3
127 186 3
141 142 3
321 382 3
58 116 0
59 117 0
60 118 0
64 121 0
65 124 0
68 126 3
73 189 3
74 132 3
133 191 3
78 136 3
82 141 1
102 160 3
103 161 3
104 162 3
105 163 0
106 164 0
107 165 0
108 166 0
109 167 0
110 168 0
111 169 0
116 117 3
117 118 3
118 119 1
64 122 0
64 123 0
65 123 0
126 127 3
73 131 3
73 132 3
76 191 1
159 160 3
160 161 1
161 162 3
162 163 0
163 164 3
164 165 3
165 166 3
166 167 3
167 168 3
168 169 3
112 169 2
121 122 3
122 123 3
123 124 3
131 189 3
79 136 3
82 140 1
125 126 3
131 132 3
132 133 3
138 196 3
140 141 3
86 321 0
112 227 2
79 196 3
139 140 1
207 382 0
151 208 3
169 227 3
135 136 3
159 496 0
113 230 1
139 196 3
124 125 3
113 227 1
71 189 3
62 120 1
71 188 3
119 120 1
120 121 0
71 186 2
191 193 0
76 193 2
79 194 3
136 194 3
141 199 0
142 199 0
86 320 0
207 208 2
159 217 3
194 196 3
142 320 0
217 496 0
123 182 3
135 193 3
142 202 0
202 320 3
124 182 3
320 321 3
161 220 0
162 220 0
188 189 3
125 183 3
126 183 3
151 209 3
209 496 0
191 249 3
193 249 1
159 218 3
160 218 3
186 188 3
199 202 3
208 209 3
116 174 3
117 175 1
118 176 1
119 177 1
121 179 3
122 179 3
182 183 3
124 183 3
126 184 3
132 191 3
160 219 3
161 219 0
163 221 3
164 222 3
165 223 3
166 224 3
167 225 3
168 226 3
174 175 1
175 176 3
176 177 3
120 177 3
120 179 3
122 180 3
183 184 3
127 184 3
135 194 3
220 221 3
221 222 3
222 223 3
223 224 3
224 225 3
225 226 3
169 226 3
219 220 3
179 180 3
184 186 3
226 227 3
113 287 1
185 186 3
188 246 3
230 287 2
184 185 3
186 246 3
193 194 3
139 197 3
140 197 0
140 199 0
267 496 0
217 218 3
123 180 3
132 189 3
199 255 3
207 496 0
218 219 3
180 239 3
180 182 3
189 248 3
132 248 3
196 197 3
197 199 3
382 496 3
230 288 3
208 496 0
191 248 3
193 250 3
182 239 3
186 244 3
249 250 0
194 254 3
196 254 3
185 244 3
248 249 3
199 317 3
202 317 3
186 245 3
245 246 3
331 496 2
255 317 3
217 331 3
120 237 3
179 237 3
319 320 3
180 238 3
202 319 3
183 240 3
182 240 3
177 235 3
189 247 3
194 252 3
252 254 3
217 276 1
218 277 1
219 277 1
120 235 3
193 252 3
218 276 1
174 232 3
175 233 3
176 234 3
179 238 3
183 241 3
183 242 3
184 242 3
188 247 3
193 251 3
202 318 3
276 331 0
220 278 1
221 279 1
222 280 1
223 281 1
224 282 1
225 282 1
225 283 1
226 283 1
287 288 2
232 233 1
233 234 3
234 235 3
235 236 3
120 236 3
240 241 3
185 242 3
244 245 3
247 248 3
251 252 3
197 254 3
317 318 3
319 321 3
219 278 1
278 279 3
279 280 3
280 281 3
281 282 3
237 238 3
242 244 3
246 247 2
236 237 3
246 363 3
254 311 3
384 496 3
241 242 3
250 251 3
252 311 3
238 239 3
282 283 3
318 319 3
113 226 1
243 244 3
239 240 3
242 243 3
247 363 2
277 278 3
240 299 3
241 299 3
199 315 3
255 315 3
276 277 3
197 315 3
315 317 3
249 307 3
113 283 1
113 344 1
254 312 3
197 312 3
287 344 0
288 347 0
245 303 3
239 297 3
244 302 3
246 303 3
316 317 3
287 345 3
240 297 3
242 300 3
243 300 3
243 301 3
246 304 3
250 307 1
276 334 0
276 335 0
277 335 0
287 346 3
238 296 3
244 301 3
304 363 3
250 308 3
252 310 3
315 316 3
331 334 3
288 346 0
303 304 0
307 308 0
251 308 3
384 443 3
282 340 0
283 340 0
344 345 1
345 518 0
300 301 3
301 302 3
245 302 3
310 311 3
197 371 3
315 371 3
321 377 3
443 556 3
443 496 3
277 336 0
278 336 0
345 346 3
237 295 3
238 295 3
248 306 3
251 310 3
319 377 3
380 382 3
232 290 3
233 291 3
234 292 0
235 293 0
236 294 3
249 306 3
306 307 2
307 364 2
251 309 3
279 337 0
280 338 0
281 339 0
290 291 1
291 292 2
292 293 1
293 294 1
237 294 3
238 297 3
297 298 3
240 298 3
242 299 3
299 300 3
247 306 3
308 309 3
309 310 3
278 337 0
337 338 3
338 339 3
282 339 0
346 347 0
306 363 3
321 380 3
383 496 3
383 384 3
331 501 3
294 295 3
298 299 3
302 303 3
311 312 3
321 436 3
384 499 3
377 436 3
380 436 3
499 556 3
334 335 3
295 296 3
383 499 3
334 501 3
339 340 3
296 297 3
496 501 3
335 336 3
336 337 3
300 359 3
301 359 3
316 318 3
340 401 0
283 401 0
113 401 3
304 362 1
400 401 0
306 364 3
318 377 3
335 393 3
336 393 3
318 432 3
302 360 3
307 365 3
290 348 1
301 360 3
364 365 2
308 423 1
315 373 3
316 432 3
291 349 3
363 364 3
307 423 3
113 400 1
344 400 1
292 349 2
339 398 3
340 398 3
295 353 3
298 356 3
302 361 3
303 362 3
311 370 3
312 370 3
371 373 3
316 373 3
293 352 2
294 352 3
295 354 3
296 354 3
297 355 3
303 361 3
312 371 3
436 437 3
380 437 3
444 496 3
290 349 1
294 353 3
297 354 3
298 355 3
298 357 3
299 357 3
318 374 3
374 377 3
443 444 3
444 501 3
346 404 0
292 350 1
293 350 2
354 355 3
300 358 3
308 366 3
309 367 3
310 368 3
374 432 3
380 496 2
334 392 3
348 349 1
300 357 3
358 359 3
359 360 3
360 361 3
361 362 3
362 363 0
366 423 1
366 367 3
367 368 3
310 370 3
347 404 1
349 350 3
353 354 3
355 356 3
356 357 3
338 396 3
339 396 3
347 463 0
293 351 2
352 353 3
365 423 3
368 370 3
370 371 3
337 396 3
344 402 0
345 402 0
350 351 3
351 352 3
437 496 3
389 444 3
389 501 3
337 395 3
404 463 3
357 358 3
432 433 3
374 433 3
335 392 3
336 395 3
345 462 3
346 462 3
404 462 1
377 437 3
392 501 3
402 518 3
462 518 0
370 427 3
398 401 0
368 427 3
373 432 3
395 396 3
400 402 0
374 437 3
443 499 3
443 558 3
335 507 3
444 558 3
393 507 3
393 395 3
396 398 3
556 558 3
392 507 3
427 428 3
374 496 3
370 428 3
370 429 3
371 429 3
393 394 3
394 395 3
373 429 3
389 558 3
446 501 0
355 414 3
356 414 3
364 422 3
365 422 2
373 431 3
374 493 3
493 496 2
389 446 1
431 432 3
394 507 3
395 397 3
396 397 3
349 407 3
428 429 3
350 407 3
359 418 3
360 418 3
361 419 3
362 419 3
367 425 3
368 426 3
348 406 0
351 409 3
357 414 3
357 415 3
363 421 3
364 421 3
366 425 3
402 459 3
518 688 2
462 463 0
406 407 3
350 408 3
350 409 3
352 409 3
352 411 3
353 411 3
414 415 3
358 416 3
359 417 3
418 419 3
362 420 3
368 425 3
433 493 3
392 446 1
400 459 0
409 410 3
352 410 3
354 411 3
358 415 3
358 417 3
417 418 3
363 420 1
421 422 3
558 559 3
407 408 3
425 426 3
389 559 3
422 423 2
426 427 3
396 401 0
401 515 1
400 515 0
461 462 1
408 409 3
420 421 0
507 508 3
461 518 0
461 688 0
415 416 3
416 417 3
419 420 3
423 425 0
397 401 0
394 397 3
459 515 3
459 518 2
354 412 3
354 413 3
355 413 3
410 411 3
412 413 3
493 553 3
411 412 3
413 414 3
496 553 2
463 521 1
426 484 3
394 508 3
427 484 3
394 569 3
397 569 3
462 521 3
423 481 2
392 563 3
515 516 3
459 516 3
409 467 3
410 467 3
422 480 1
422 481 3
425 483 3
446 563 0
507 563 3
414 472 3
508 563 3
459 517 3
411 469 3
413 472 3
415 473 3
416 473 3
423 483 0
517 518 3
406 464 3
407 465 3
408 465 3
412 469 3
416 474 3
417 475 3
418 476 3
419 476 3
421 480 1
423 540 2
483 540 3
427 485 3
428 485 3
461 521 3
464 465 3
408 466 3
472 473 3
474 475 3
475 476 3
496 499 3
521 688 0
409 466 3
410 469 3
480 481 3
516 517 3
465 466 3
431 487 3
431 488 1
473 474 3
420 478 3
421 479 1
481 540 3
426 483 3
373 487 3
487 488 1
431 548 2
432 548 2
433 491 1
491 493 0
419 478 3
420 479 3
479 480 3
394 568 1
412 472 3
484 485 3
568 569 0
429 485 3
488 548 0
508 568 1
419 535 3
483 484 3
433 548 1
494 553 3
401 572 1
515 572 3
478 535 3
493 494 3
508 567 1
567 568 3
466 467 3
412 529 1
472 529 1
476 535 3
478 479 3
467 469 3
469 527 3
469 528 1
412 528 1
372 485 3
389 563 3
527 528 3
528 529 3
372 429 3
493 551 3
498 499 3
519 688 0
467 527 3
485 544 1
372 544 1
491 551 0
496 498 3
401 569 1
485 543 1
493 552 3
496 554 2
518 519 1
465 524 3
466 524 3
484 543 1
372 373 3
494 552 3
508 566 2
566 567 0
372 487 3
496 555 2
483 541 3
543 544 3
553 554 3
554 555 3
498 555 3
473 531 3
487 544 1
508 565 2
401 571 1
472 531 3
474 533 3
475 533 3
540 541 3
498 556 3
563 565 1
565 566 3
491 549 3
516 575 3
517 575 3
464 522 3
465 523 3
476 534 3
484 541 3
484 542 3
433 549 1
571 572 3
515 573 3
516 574 3
522 523 3
523 524 3
474 531 3
533 534 3
542 543 1
547 548 3
551 552 3
389 621 1
563 621 2
572 573 3
573 574 3
518 575 3
524 525 3
466 525 3
467 525 3
478 537 3
479 537 3
488 547 2
480 537 3
555 556 3
559 621 1
574 575 3
525 527 3
531 533 3
534 535 3
481 539 3
539 540 3
541 542 3
575 688 0
480 539 3
494 611 3
529 531 0
553 611 3
535 537 3
537 594 3
537 596 2
537 539 3
556 557 3
539 596 3
488 603 0
488 604 0
487 603 1
603 604 3
548 549 3
551 609 3
554 611 3
535 594 0
491 609 2
533 590 0
525 584 3
527 584 3
531 590 0
487 543 1
547 604 3
552 611 3
557 558 3
534 592 0
540 599 2
558 615 3
565 567 0
575 634 3
527 585 0
535 592 0
541 599 3
491 607 2
556 613 3
557 613 3
565 621 0
401 568 1
634 688 0
535 593 0
548 607 3
549 607 3
491 608 2
554 612 3
559 615 3
401 628 1
528 585 0
529 587 0
592 593 3
593 594 3
542 599 3
607 608 3
608 609 3
552 609 3
528 587 0
590 591 3
594 595 3
584 585 0
529 588 0
531 588 0
589 590 3
533 592 0
539 598 3
540 598 2
548 606 3
611 612 3
555 613 3
557 615 3
567 623 1
401 626 1
571 628 3
522 580 0
523 581 0
524 582 0
525 582 0
525 583 0
528 586 0
590 592 3
598 599 3
542 600 3
606 607 3
555 612 3
567 625 1
568 626 1
401 627 1
572 630 3
573 631 1
580 581 3
581 582 3
586 587 3
587 588 3
531 589 0
591 592 3
537 595 2
547 606 3
612 613 3
565 623 0
568 625 1
627 628 3
571 630 3
630 631 1
574 631 1
583 584 1
588 589 3
543 600 0
547 605 3
605 606 3
557 616 3
574 632 1
574 634 3
585 586 3
539 597 3
599 600 3
559 616 3
621 623 2
632 634 2
597 598 3
613 616 0
623 625 3
631 632 3
582 583 3
604 605 3
625 626 3
487 600 1
595 596 3
596 597 3
609 669 3
609 611 3
611 669 1
612 616 0
615 616 3
626 627 3
688 692 1
589 648 3
590 648 3
626 684 3
560 623 3
625 684 3
589 646 3
591 649 3
603 661 3
560 684 3
623 684 3
571 629 3
629 630 3
592 649 3
594 653 3
668 669 3
628 629 3
594 652 3
595 653 3
600 658 3
487 658 1
608 665 3
609 668 3
611 670 1
634 691 3
591 648 3
652 653 3
487 661 1
604 662 3
609 667 3
612 670 1
632 691 2
634 692 3
585 643 3
646 648 3
599 657 3
599 658 3
487 660 1
603 662 3
608 667 3
626 685 1
584 643 0
585 644 3
586 644 3
587 645 3
593 651 2
594 651 2
595 655 3
598 657 3
658 659 3
487 659 1
607 665 3
560 621 1
627 685 1
630 689 3
631 689 0
580 638 2
581 639 2
582 640 2
583 641 2
584 642 0
592 650 3
651 652 1
596 655 3
657 658 3
605 664 3
606 664 3
616 670 1
638 639 3
639 640 3
640 641 3
641 642 3
643 644 3
586 645 3
588 646 3
653 655 3
597 655 3
597 656 3
598 656 3
605 662 3
607 664 3
684 685 1
632 689 0
632 690 0
644 645 3
661 662 3
689 690 3
642 643 3
649 650 3
592 651 2
664 665 3
691 692 3
645 703 3
655 656 3
656 657 3
660 661 3
667 668 3
644 703 3
587 646 3
648 649 3
650 651 0
665 667 1
628 685 1
690 691 3
659 660 3
669 670 3
645 646 3
559 560 3
629 689 3
662 664 3
655 712 3
664 721 3
646 705 3
651 709 1
651 710 1
650 709 3
652 710 3
653 712 3
648 705 3
709 710 3
685 743 3
628 743 1
648 706 3
649 706 3
652 711 3
653 711 3
662 721 3
668 726 3
692 749 3
667 726 3
684 743 1
691 749 3
644 702 3
669 728 3
643 702 3
710 711 3
658 716 3
660 662 3
662 719 2
662 720 3
664 722 3
665 723 1
690 748 3
646 703 3
656 714 3
657 714 3
657 716 3
658 717 3
719 720 3
669 726 3
616 729 1
638 696 3
639 697 3
640 698 3
641 699 3
642 700 3
643 701 3
702 703 3
705 706 3
649 707 3
650 707 3
657 715 3
659 717 3
660 718 3
720 721 3
721 722 3
664 723 3
667 725 3
670 729 3
689 748 3
696 697 3
697 698 3
698 699 3
699 700 3
700 701 3
646 704 3
650 708 3
716 717 3
665 725 1
726 728 3
684 800 1
629 743 1
689 747 3
704 705 3
714 715 3
715 716 3
660 717 3
660 719 3
725 726 3
670 728 3
560 800 1
629 747 3
747 748 3
688 749 1
701 702 3
717 718 3
691 748 3
706 707 3
707 708 3
708 709 3
711 712 3
722 723 3
723 725 3
743 800 1
748 749 3
703 704 3
718 719 3
656 712 3
721 779 2
722 779 2
629 801 1
712 714 3
725 782 3
743 801 1
710 768 3
723 782 3
726 785 3
728 785 3
616 848 1
711 768 1
728 729 3
800 914 1
712 769 2
616 788 1
559 561 3
560 914 1
709 825 3
709 768 3
711 769 2
560 561 3
701 759 3
702 759 3
706 764 3
722 780 3
723 780 3
723 781 3
729 788 3
749 866 3
702 761 3
703 761 3
705 764 3
712 772 1
714 772 1
715 773 1
716 773 1
717 775 3
721 778 3
779 780 3
729 786 3
788 848 3
748 866 1
704 762 3
705 763 3
707 764 3
712 770 1
715 772 1
716 774 2
718 775 3
719 777 3
720 778 3
781 782 3
728 786 3
696 754 3
697 755 3
698 756 3
699 756 3
704 763 3
707 765 3
717 774 3
720 777 3
778 779 0
725 783 3
726 784 3
785 786 3
754 755 3
755 756 3
703 762 3
762 763 3
708 765 3
768 825 3
769 770 1
780 781 3
782 783 3
783 784 3
784 785 3
763 764 3
708 766 3
709 766 3
770 772 1
773 774 3
800 801 3
699 814 0
700 814 0
768 769 2
772 773 3
774 775 3
777 778 1
700 759 3
764 765 3
718 777 3
756 814 0
765 766 3
766 825 3
688 866 1
761 762 3
800 858 1
801 858 1
759 814 0
702 818 1
761 818 1
775 777 3
786 788 3
786 845 3
788 845 3
629 748 2
800 857 1
857 914 3
759 818 1
770 829 1
773 831 3
801 976 1
766 824 3
774 831 3
629 976 1
824 825 3
769 828 1
770 828 1
772 829 3
777 834 1
785 843 3
768 826 3
772 831 3
775 834 1
780 838 3
781 839 3
786 843 3
686 688 3
688 927 1
761 820 1
762 820 1
764 822 3
765 822 3
769 826 2
772 830 3
777 835 1
780 839 3
783 841 2
784 843 3
561 616 3
686 866 1
763 879 3
825 826 3
778 835 1
779 838 3
788 846 3
754 812 1
756 813 1
762 879 3
765 824 3
769 827 2
830 831 3
774 832 3
775 833 3
778 836 1
778 837 1
779 837 1
782 839 3
782 840 2
784 841 2
784 842 2
845 846 3
755 812 1
755 813 1
813 814 0
820 879 0
765 881 3
826 827 3
827 828 3
831 832 3
832 833 3
835 836 3
838 839 3
839 840 0
840 841 3
841 842 3
786 844 3
857 858 3
748 976 1
814 816 1
822 881 3
824 881 3
828 829 0
834 835 3
836 837 3
846 848 3
814 818 1
844 845 3
858 976 1
813 872 0
814 872 3
829 830 3
833 834 1
842 843 1
818 820 3
763 822 3
560 971 1
812 813 3
843 844 3
561 971 1
914 971 1
837 838 0
848 906 3
686 748 1
814 873 3
814 875 1
616 906 1
872 873 3
816 873 0
816 875 3
822 879 3
561 906 1
686 976 1
857 915 3
858 915 3
818 875 0
846 906 3
846 905 3
818 876 0
830 889 3
915 976 1
927 1042 3
875 876 0
822 880 3
831 889 3
845 903 3
905 906 3
686 1042 1
688 1042 1
820 877 2
824 883 3
825 883 3
826 883 3
827 885 3
841 899 1
842 899 1
844 903 3
813 871 0
818 877 2
828 885 2
845 963 3
846 963 3
812 871 0
871 872 3
816 874 0
826 885 3
828 886 2
829 886 3
927 984 1
812 870 0
873 874 3
824 882 3
826 884 3
832 889 3
832 891 3
833 891 3
834 891 0
834 892 0
835 893 3
835 894 3
836 894 3
837 895 0
838 896 3
839 897 3
840 898 1
842 900 1
843 900 3
843 901 3
844 902 3
902 903 3
984 1042 0
870 871 3
874 875 1
820 936 2
881 882 3
882 883 3
885 886 3
832 890 3
891 892 3
892 893 1
893 894 3
894 895 0
895 896 1
896 897 3
897 898 3
898 899 3
900 901 3
901 902 3
883 884 3
884 885 3
829 887 3
890 891 3
899 900 3
876 877 1
879 936 3
880 881 3
886 887 3
830 887 3
903 963 3
914 915 3
877 936 3
879 880 3
889 890 3
905 963 3
914 972 1
915 972 1
915 1033 3
976 1033 0
971 972 3
971 1028 1
870 928 1
871 928 1
873 931 1
874 931 1
962 963 3
561 1028 1
889 947 1
890 947 1
876 934 1
872 930 1
873 930 1
877 934 3
885 944 3
886 944 3
903 962 3
871 929 1
885 943 3
890 948 1
903 961 3
961 962 3
906 1022 3
561 1022 1
928 929 3
880 938 3
881 938 3
883 941 3
884 943 3
887 944 3
889 946 1
891 948 1
927 985 1
875 934 3
877 935 3
879 937 3
879 938 3
881 939 3
882 940 3
882 941 3
884 941 3
943 944 3
887 946 3
830 946 1
891 949 1
892 950 1
893 951 3
894 952 3
895 953 1
896 954 2
897 955 1
898 956 1
899 957 1
900 958 3
901 959 3
902 960 3
902 961 3
906 963 3
984 985 3
929 930 3
934 935 3
935 936 3
936 937 3
937 938 3
938 939 3
939 940 3
940 941 3
948 949 3
949 950 0
950 951 1
951 952 3
952 953 3
953 954 0
954 955 1
955 956 3
956 957 3
957 958 0
958 959 3
959 960 3
960 961 3
930 931 3
874 933 1
875 933 3
947 948 3
963 1022 3
933 934 3
946 947 1
887 1003 1
944 1003 1
972 1033 0
931 933 3
884 1000 3
943 1000 3
946 1003 1
971 1029 1
972 1029 1
931 990 3
933 990 3
941 1000 3
944 1002 0
962 1019 1
961 1019 1
962 1020 3
963 1021 3
943 1001 3
944 1001 3
1002 1003 1
1019 1020 3
1021 1022 3
985 1042 0
931 989 3
933 991 3
960 1018 1
961 1018 1
930 989 3
990 991 3
934 991 3
1001 1002 0
959 1017 1
960 1017 1
928 986 3
929 987 3
930 988 3
934 992 2
935 993 2
936 994 3
937 995 3
938 996 3
939 997 3
940 998 3
941 999 3
946 1004 1
947 1005 3
948 1006 3
949 1007 3
950 1008 1
951 1009 3
952 1010 3
953 1011 3
954 1012 2
955 1013 3
956 1014 3
957 1015 3
958 1016 1
958 1017 1
963 1020 3
1028 1029 3
985 1043 0
986 987 3
987 988 3
988 989 3
989 990 3
991 992 1
992 993 3
993 994 0
994 995 3
995 996 3
996 997 3
997 998 3
998 999 3
999 1000 3
1000 1001 3
1004 1005 0
1005 1006 3
1006 1007 3
1007 1008 3
1008 1009 3
1009 1010 3
1010 1011 3
1011 1012 3
1012 1013 3
1013 1014 3
1014 1015 3
1015 1016 3
1016 1017 3
1017 1018 3
1018 1019 3
1042 1043 1
1020 1021 3
1003 1004 3
1029 1033 0
686 1033 1
