0.00984485 -0.0429712 24.6093
0.0065868 -0.0430943 24.6949
0.0158985 -0.0147839 24.0408
0.0139864 0.0514632 23.5563
0.000238769 0.117764 24.1292
-0.00249729 0.089839 24.5945
0.0118157 -0.173179 32.0901
0.185448 -0.00507857 -11.3984
0.159957 0.0438941 -7.05756
-0.0550712 0.00633491 35.3704
-0.0687344 -0.00648292 38.7737
-0.253577 -0.428003 90.9049
-0.0645727 -0.0458547 37.7945
-0.0210078 -0.100831 26.7695
-0.0366044 -0.120772 32.3874
-0.065407 -0.133566 42.345
-0.0431675 -0.134457 34.7482
-0.076995 0.0363503 48.7794
-0.0593922 -0.18911 43.0275
-0.0250356 -0.14213 29.1869
-0.0133849 -0.113202 24.0889
-0.0133849 -0.113202 24.0889
0.00798067 0.0613712 12.1807
0 0.0836775 15.8588
-0.000913268 0.0494773 16.574
0.00173376 0.050646 15.1346
0.00993302 0.0396327 10.4608
0.00286813 0.0513146 14.3863
0 0.0548125 16.086
0.170505 -0.174306 -86.4525
0 -0.193429 17.8407
0.0663041 -0.00070007 -31.442
0.0644939 -0.00150445 -30.1345
0.0417113 0.00335521 -13.9716
0.0215672 0.0222764 0.135462
0.000803265 -0.0347449 15.4386
-0.00669964 -0.0244484 22.0885
0 -0.0150123 16.6911
0 -0.0150123 16.6911
0.00313591 -0.0190986 14.068
0.000984407 -0.0154872 15.8322
-0.00884296 -0.136026 28.3351
-0.00850063 -0.136844 28.0171
-0.00674595 -0.134771 26.3761
-0.0100436 -0.133293 29.494
-0.016622 -0.14771 35.9953
-0.0186286 -0.162212 38.1178
-0.0177089 -0.176726 37.3246
-0.0150718 -0.191162 34.738
-0.0119357 -0.205421 31.5692
-0.00859975 -0.219405 28.1138
-0.00511352 -0.233034 24.4093
-0.000505125 -0.246245 19.3564
0.00709714 -0.258994 10.7578
0.0208118 -0.270935 -5.14289
0.0270653 -0.27231 -12.5258
-0.00938778 0.0807053 47.2299
-0.00540396 -0.0183392 23.3804
0.0190555 -0.0419561 24.4759
0.0223692 -0.0338244 24.1252
0.0236444 -0.0213014 23.7204
0.00809042 0.163305 4.51801
-0.0406735 0.12241 28.1871
-0.0350628 0.115611 27.5908
0.0306879 -0.0568693 36.4033
0.320237 -0.123792 -11.5723
-0.00929911 0.0389247 24.8046
-0.0433235 0.0170102 32.6351
-0.0681639 0.00439715 38.5228
-0.109492 -0.0330242 49.4857
-0.0434725 -0.0374064 31.3535
-0.0470612 -0.106814 34.9687
-0.0556433 -0.135438 39.83
-0.0493551 -0.120688 36.7209
-0.0645131 -0.0891527 40.6704
-0.179172 -0.210727 90.8803
-0.185314 -0.198792 92.1166
0.0200276 -0.0704909 1.09982
-0.00411398 -0.0848553 12.2156
0.00691346 -0.0387229 4.95441
-0.00955346 0.21702 13.942
-0.0207927 -0.187014 29.8602
0.00448792 -0.0167915 5.21494
0.00756306 -0.011394 13.7939
0.000822755 -0.0164134 18.0857
-0.0147518 -0.00669496 26.7521
-0.0182942 0.0388863 27.2455
0.244864 -0.0571372 -135.694
0.00397333 -0.0178712 5.53325
-0.0291721 0.294268 33.4322
0.0302896 0.0251897 -6.2172
0.00478602 -0.0139642 0.542449
0.0164965 0.00409774 -10.4701
0.187953 0.571995 -164.956
0 -0.105256 18.7549
0 0.0248109 15.2557
0 -0.105256 18.7549
0 -0.0565755 17.3756
0 0.0248109 15.2557
-0.00673995 0.031132 21.0843
-0.00883466 -0.135862 28.4154
-0.00473219 -0.138368 24.5595
-0.00104028 -0.134672 20.9805
0.017827 0.0182362 9.85788
0.0133361 0.0137357 14.5805
0.00854666 0.0137128 19.4316
0.00463153 0.0136925 23.482
0.00175588 0.0136748 26.5173
-0.000334134 0.0136599 28.7669
-0.001534 0.013648 30.0835
-0.00203134 0.013639 30.6389
-0.00203134 0.013639 30.6389
0.035941 -0.270638 -23.1265
0.0928801 0.0985126 -115.611
1.83651 0.0629559 -2222.74
-0.318276 -0.00985299 429.946
0 0 -1
0 0 -1
0 0 -1
0.00909038 0.163041 4.4525
-0.132934 -0.0247548 51.1262
-0.0662296 0.122968 31.2047
-0.082135 0.0822092 35.5279
-0.0849166 0.0452109 37.8431
-0.029848 0.0240957 29.5448
-0.0477393 0.0391241 32.8129
-0.0850102 0.0035851 42.2717
-0.115273 0.00260403 49.5285
-0.124008 -0.0285707 52.6082
-0.0908445 -0.061348 45.3853
-0.0473201 -0.135703 36.4984
-0.00721408 -0.105945 22.1514
-0.00989687 -0.112395 22.7183
-0.0567658 -0.0820257 38.0346
-0.445685 -0.136523 195.115
0.0111426 -0.0678083 4.69899
-0.0125419 -0.0919972 16.0779
-0.0170003 -0.0261007 14.2391
0.00514182 -0.0171913 4.96071
0.00700799 -0.0106409 3.62574
0.0766065 -0.104738 -9.81574
0.0678919 -0.123834 -3.90386
0.0678919 -0.123834 -3.90386
0 0.185582 -5.21971
-0.00524494 0.139741 0.911207
0 0.0282685 4.12885
0 0.189269 -5.32133
-0.00386562 -0.0234623 7.26721
0.0267897 0.188548 -23.9905
0.00758639 -0.00284351 -2.26389
0.0054484 -0.0940851 16.0945
0.000558442 -0.0357882 15.6967
-0.0135499 -0.249029 39.2598
0.015428 -0.702158 41.0668
0 -0.718583 54.2413
0.020856 0.267294 -24.6752
0.035507 0.282583 -38.7345
0.06194 -0.700988 -2.14332
-0.0289594 -0.12722 45.4196
0.0102705 -0.13941 10.5287
0.0100133 -0.129732 10.2186
0.0158309 0.0177218 11.8212
0.0158171 0.0126514 12.1328
-0.0212775 0.00966082 31.3963
-0.0212654 0.0284687 30.3234
-0.0197002 0.0492465 27.5114
-0.0178897 0.0687937 24.4779
-0.0164948 0.0847924 22.0614
-0.0155188 0.0947802 20.4114
-0.0146063 0.0956879 19.318
0.00290704 0.145036 -3.76517
0.00253839 0.149837 -3.57693
0.00447863 0.151143 -5.93414
0.0347897 0.131652 -42.4842
0 0 -1
-0.0938334 -0.0011187 45.8956
-0.0944331 -0.0126627 46.8635
-0.104156 -0.0242919 48.4794
-0.108438 -0.0363841 48.9748
-0.130034 0.0584857 43.331
-0.10132 0.0539664 39.4954
-0.100604 0.0529608 39.7366
-0.0555553 0.0277945 33.3112
-0.0587653 0.0114465 36.7845
-0.124906 0.00486537 51.4417
-0.145751 0.0203915 55.4779
-0.125583 0.00715395 50.5621
-0.140114 0.0660059 50.2561
-0.0994858 -0.048498 45.5011
-0.0267187 -0.14406 29.9823
0.0216214 -0.129773 12.8029
0.0278247 -0.0762066 6.89673
-0.026635 -0.0784897 21.6542
0.00806209 -0.0443859 4.93311
0.02188 -0.0261042 -2.80012
0.160098 0.300556 -92.3638
0.0193373 -0.0131556 -2.10269
-0.0227035 -0.0189603 20.0306
0.0553622 -0.159339 -8.39226
-0.0225252 -0.0178818 18.5597
-0.00887166 -0.0103251 10.0949
-0.012485 -0.0255777 13.3844
-0.0160379 -0.0367122 16.6396
-0.012156 0.0414681 16.8884
-0.00630816 0.0100445 6.48864
0.0494992 0.23199 -39.2017
-0.132433 -0.101051 115.884
-0.116963 -0.143439 108.496
0.0207826 -0.0336294 0.272629
0.0218853 -0.0180675 -0.948277
0.00465297 -0.232655 28.3366
-0.00530798 -0.223835 35.4988
0.259324 0.092141 -205.192
-0.236979 0.240234 200.818
-0.054673 0.116552 50.6884
-0.0399757 0.134856 37.2003
0.0285744 -0.0368596 -13.4079
0.027139 -0.13315 -5.65986
0.0167416 -0.132104 3.99132
0.0092972 -0.119805 10.2067
0.00320249 -0.0717371 12.5498
-0.00474605 0.000962195 15.0818
-0.00389817 0.0277394 12.2043
-0.0024671 0.0492552 9.10219
-0.00190258 0.0691382 7.03419
-0.00515655 0.0852187 9.4366
-0.0124626 0.0966999 16.796
-0.0135697 0.104949 17.49
0.00162225 0.148973 -2.43446
0.00275414 0.151006 -3.86551
0.639692 -0.0172399 -752.425
0.0975594 -0.0850067 -81.0804
0 0 -1
-0.10308 0.00313657 45.8425
-0.106564 -0.0119067 47.4628
-0.115844 -0.0270991 49.5756
-0.116781 -0.0222316 48.9557
-0.105573 0.0130071 44.5005
-0.0981729 0.0410505 40.8266
-0.0958695 0.0593407 38.8242
-0.0692678 0.02978 36.7452
-0.0720381 0.00253859 40.0715
-0.1073 0.0144487 46.9557
-0.127676 0.0284512 49.856
-0.109765 0.0152683 46.092
-0.0797805 0.0222208 37.2171
-0.177357 -0.00121957 66.2537
-0.00777868 -0.130614 22.335
0.037011 -0.0935107 3.82202
0.0657524 -0.0343122 -12.8011
-0.0249519 -0.0039028 15.3129
-0.010866 -0.0102835 10.1783
0.00991457 -0.0110275 0.967514
0.0185068 -0.000305932 -3.99986
0.0322694 -0.00615127 -8.60893
-0.0237589 -0.0275859 20.0356
-0.0359519 -0.0693437 31.5246
-0.0284733 -0.039623 24.411
-0.0217368 -0.0395829 20.556
-0.0160748 0.037221 9.57393
-0.00454026 -0.00870442 7.53225
0.0372074 -0.240879 11.721
-0.0176701 0.262464 -2.86103
0.0927629 -0.0990183 -40.6465
-0.114413 -0.161841 107.697
0.0210898 -0.0420715 -6.9364
0.0425928 -0.200168 -3.42541
0.0786799 0.0653329 -52.5834
-0.0474178 -0.277225 72.6084
-0.0142683 -0.0167849 18.3815
0.0125085 -0.132523 9.70197
0.00271332 -0.129405 17.4057
-0.0216004 -0.15317 41.1111
-0.00685076 -0.000156173 133.967
0.0321469 -0.00848371 99.3478
-0.60252 -0.00733506 687.893
-0.00140569 0.0958269 11.78
-0.0013554 0.0958586 11.7278
-0.0010394 0.0960463 11.3973
-0.000100552 0.0964432 10.4097
0.00102545 0.0966379 9.22569
0.00185346 0.0968348 8.33336
0.00220473 0.0968723 7.95165
0.00220473 0.0968723 7.95165
0.0296635 0.108159 -23.513
0.0318813 0.109566 -26.157
-0.00683664 0.134988 15.0414
-0.275148 0.056513 346.447
0.653641 -0.00520081 -770.367
0 0.165738 4.47701
0 0 -1
-0.0965843 0.00916715 45.0516
-0.678786 -0.00506784 71.8159
-0.181462 0.606723 -26.8817
-0.0844624 0.0264505 40.8292
-0.0846092 0.0189822 41.8794
-0.0964648 0.0313299 42.4991
-0.103501 0.0264689 43.7431
-0.0890821 -0.00467814 44.1527
-0.0775716 -0.00211236 42.1651
-0.115221 -0.0270963 53.7696
-0.140468 -0.00651527 57.3855
-0.104313 0.00314114 46.1919
-0.0846503 0.0254346 38.1286
-0.0916515 -0.0780945 45.3739
-0.0240216 -0.0272704 17.0833
0.00454193 -0.0723948 12.5157
0.284656 0.00419558 -98.7788
-0.0200124 -0.0020916 13.2964
-0.015564 0.00669527 10.2883
-0.0066925 -0.00473804 7.81085
0.0263469 -0.0191627 -5.57966
0.0126782 -0.0355332 3.19942
-0.0221512 -0.0684164 24.7356
-0.0277346 -0.058402 25.7425
-0.0226869 -0.0379638 20.5363
-0.0172789 -0.0393989 18.0186
-0.0198244 -0.0328358 18.3866
-0.0148908 -0.0232888 14.3992
-0.0180586 -0.0237436 16.4557
-0.0177143 -0.018169 16.0455
0.00243734 -0.012603 2.19275
0.00790752 -0.0179998 -0.606951
0.00324857 -0.0118338 1.57806
0.0143837 -0.0166875 -6.39977
0.233817 -0.00441468 -175.044
0.0299118 -0.02978 -15.9748
-0.00261977 -0.0102672 7.76286
-0.0162684 0.177726 -4.49344
0 -0.127948 20.2731
0 0.49466 -55.2486
0.064138 -0.0406465 -47.4732
0.0345227 -0.0363834 -19.998
0.0218648 -0.13852 6.97384
0.0411234 -0.0183683 -29.7058
0.0413731 -0.00829739 -31.1635
0.0434871 -0.0113974 -32.7978
0.0442268 -0.0159359 -32.9383
0.0426861 -0.0241693 -30.2699
0.0387976 -0.0205379 -26.6193
0.0386667 -0.0201031 -26.5343
0.100646 0.0571402 -96.6026
0.0512848 0.128884 -50.1194
-7.21767e-15 0.051456 6.13469
-7.21767e-15 0.051456 6.13469
-0.276914 0.0543816 348.873
-0.265403 0.0498156 335.375
0.8125 0.386719 -1046.82
0.470378 1.74277 -223.588
-0.080793 -0.00258166 46.149
-0.0835206 -0.0266166 50.0531
-0.112863 -0.0247138 51.4747
-0.101278 0.0107762 44.9548
-0.081983 -0.000591367 44.2691
-0.0978046 -0.0125056 48.3116
-0.121337 -0.0422016 55.6812
-0.108617 -0.0313448 50.8615
-0.0694966 -0.0344039 44.3899
-0.108859 -0.0440007 54.4366
-0.137252 -0.0116396 56.3884
-0.117496 -0.0252401 53.5218
-0.0845848 -0.00275212 41.4848
-0.087033 0.00833133 40.6685
-0.0647567 -0.0136874 29.1959
0.00329249 -0.0134962 5.98022
0.440877 0.0119272 -159.357
-0.00363667 0.012319 4.72042
-0.0125528 0.0163585 7.78832
-0.0226472 0.0190168 11.7861
-0.0206727 -0.0065058 14.2656
-0.00351988 -0.0257046 9.25978
-0.0276625 -0.0499731 25.1891
-0.0306991 -0.0230978 22.162
-0.0148155 -0.0266752 14.0813
0.00445342 -0.0114566 0.383165
-0.0326799 -0.186275 46.185
0.045525 0.0680437 -35.6018
-0.00922544 -0.0146037 9.8953
0.00763665 -0.00776092 -1.75301
0.00827897 -0.0273623 0.815506
0.0235187 -0.0235928 -10.9975
-0.00450125 -0.0225513 8.65312
0.00497628 -0.0138947 0.406338
0.0197533 0.00238697 -12.9334
0.0199215 -0.00357289 -11.2982
-0.00329931 -0.0188625 8.83242
0.0219672 -0.0489149 -7.82132
0.0333116 0.0324436 -27.1842
0.0158781 0.243183 -45.5287
0.0194925 0.00637859 -14.1364
0.0661166 -0.113205 -38.7912
0.0332186 -0.0183987 -21.9973
0.0372893 -0.00899765 -27.318
0.0417734 -0.00845581 -31.5129
0.0408112 -0.00902258 -30.4575
0.0420791 -0.0111231 -31.408
0.041039 -0.0159588 -29.6229
0.0413358 -0.00956401 -30.8728
0.0393912 -0.0191081 -27.4401
-0.00907914 0.174112 11.0993
0.173456 0.0859608 -181.766
0.0930413 0.098761 -115.829
-0.0683418 0.0494818 78.8005
-0.275614 0.0705578 345.326
-0.135565 -0.00517221 173.231
0.0928801 0.0985126 -115.611
-0.0789088 -0.00452952 46.099
-0.0794124 -0.0176764 48.2614
-0.0881364 -0.0253453 49.6304
-0.117267 -0.0163602 50.3952
-0.114974 -0.0193462 49.8742
-0.0936612 -0.0418397 51.3507
-0.107237 -0.0419736 53.2085
-0.0966025 -0.0575657 53.3588
-0.0995897 -0.0338545 49.5443
-0.0733402 -0.0477358 46.8889
-0.0920666 -0.0294035 47.6831
-0.113519 -0.0311874 53.1099
-0.0824361 -0.0133281 42.164
-0.061854 0.0168199 31.6377
-0.0868297 0.0166966 39.0422
-0.0116162 0.00222338 9.42033
0.0385846 0.060486 -17.4302
0.250637 -0.00679507 -84.2257
-0.0706794 0.137694 12.2378
-0.00850697 0.0491426 1.04482
-0.0361151 0.0504059 13.6197
-0.0412173 0.0358756 17.3437
-0.0128578 -0.00213054 10.2372
-0.0305262 -0.0255517 22.3814
-0.0400187 -0.0169981 25.6483
0.00558136 0.0129085 -3.43987
-0.0106769 -0.00775934 9.43017
0.00849711 0.0129543 -6.11814
0.146542 -0.082428 -74.5787
0.00220696 0.0801813 -12.788
0.00995891 -0.0140104 -2.58722
0.00862665 -0.000676564 -3.54856
0.00273599 -0.000959359 0.0257314
-0.000466852 -0.00908985 3.7454
-0.002903 -0.00883639 5.28327
-0.0699438 -0.411654 119.715
0.0178982 -0.0351905 -6.49511
0.0118928 -0.00485753 -5.89842
0.0140868 -0.000852588 -8.19484
-0.00808748 -0.142886 28.0971
0.0848017 -0.317787 1.7991
-0.81773 -0.0118632 747.194
0.00475181 -0.00961636 1.18446
-0.00629305 0.0851218 -4.95295
-0.0172949 -0.0724744 33.4583
7.27344e-06 -0.0308607 10.0799
-8.20235e-05 -0.031447 10.2634
0.000163074 -0.0331678 10.2874
-0.000408803 -0.0320517 10.705
-0.00037391 -0.0333323 10.8812
0 -0.033449 10.4993
0.0879291 0.078046 -104.68
0.0227473 0.0858761 -31.7873
-0.00826681 0.0849134 3.7288
-0.445853 0.0811706 516.066
-0.12052 0.0854134 148.821
-0.268102 0.0320555 341.604
-0.182945 0.0393393 224.954
-0.0847921 0.000165477 45.3285
-0.0849424 0.00447307 44.499
-0.0840629 0.00381508 44.4153
-0.0912934 0.0213407 41.1864
-0.0670906 0.0486177 34.0765
-0.110753 0.0620137 35.4607
-0.096983 0.407062 -27.6276
-0.110459 -0.0385822 53.4531
-0.103657 0.0158658 41.9878
-0.0944968 0.00437031 42.3405
-0.0903691 0.0129491 39.9073
-0.0871137 0.0144365 38.7878
-0.0655747 0.0239422 31.3341
-0.0528312 0.0309014 26.7168
-0.0720136 0.0317389 32.5824
-0.0841425 0.0429054 34.0596
-0.0651947 0.0722104 21.6697
-0.00968165 0.102212 -5.18391
-0.107449 0.0652678 39.4034
-0.0603306 0.102326 13.9726
-0.053316 0.092312 13.0836
-0.0426348 -0.00849542 25.7055
-0.0534336 0.00832304 28.224
-0.0146994 -0.0127497 11.9493
-0.110915 -0.0109149 75.0423
-0.2555 0.142437 122.43
0.0648621 0.121091 -51.6071
-0.00807892 0.0377426 8.32837
-0.0484851 0.028259 35.1535
0.00844465 0.108272 -21.7489
-0.023008 0.16607 -9.87342
-0.0134765 0.107444 -6.67003
0.0166274 0.00353322 -10.4724
-0.0155714 0.0413351 5.84058
0.00104514 -0.000186728 2.03
0.00918726 -0.00786714 -3.45943
-0.0318132 0.269213 -26.3711
0.0192547 -0.00566548 -11.9637
0.0108381 -0.0278365 -2.10157
0.0158558 -0.00771918 -9.10449
-0.0201815 -0.389363 106.412
0.0280717 -0.399187 65.6897
0.0475055 -0.00734671 -28.143
0.0388067 -0.00518321 -29.1766
0.0353684 -0.00895886 -25.3485
0.11772 -0.236044 -56.7442
-0.139423 0.059134 141.853
-0.106367 -0.0181683 121.88
0.0434707 -0.107266 -6.21683
0.0270771 0.0159398 -21.1773
0.0586477 0.0584087 -67.4656
0.0241547 0.0626791 -29.0418
0.0122544 0.115045 -24.6377
-0.0581924 0.0909903 60.501
-0.116909 0.0543031 135.447
0.0667528 0.102848 -87.439
0.0264962 -0.0674154 -4.58365
-0.165691 0.0130032 218.35
-0.078379 0.00349364 44.639
-0.0784395 0.0103772 43.2518
-0.0879977 0.0109833 43.6681
-0.0599133 0.0015625 42.844
-0.0213279 0.0198934 35.9007
-0.0469808 0.0295628 36.7023
-0.0671362 -0.0406376 53.9328
-0.107806 -0.0232896 56.347
-0.215117 0.0944059 48.8063
-0.09935 0.0174924 41.09
-0.087441 0.0357073 35.0116
-0.0889773 0.03723 35.0457
-0.0790583 0.0397765 32.2242
-0.0688973 0.031259 31.3242
-0.0935636 -0.0160265 48.0126
-0.0667041 0.0365344 28.7756
-0.0400606 0.0361887 19.3983
-0.0211263 0.141087 -9.47314
-0.0594334 0.0424388 26.9166
-0.0549189 0.156987 2.00633
-0.030348 0.205618 -18.491
-0.11759 -0.284938 145.696
-0.0874139 -0.266103 127.284
-0.812176 -0.114679 457.188
-0.0640702 0.0810627 30.7671
-0.0255164 0.227851 -21.4056
-0.00270479 0.244877 -38.3088
0.0531982 0.148425 -50.4168
-0.0829605 0.185051 23.5937
0.030359 0.207629 -53.2583
-0.0222944 0.189057 -15.702
-0.0111894 0.141614 -15.286
-0.0417669 0.169615 0.178535
0.012253 0.0809735 -20.6882
-0.0136911 0.00164892 12.5132
-0.0127219 0.0130767 10.3492
0.00993524 0.00641169 -6.25554
0.0155584 0.0205855 -14.4701
0.027654 0.00665518 -20.7587
0.0156 0.00946995 -11.2166
-0.400987 -0.203665 405.746
0.0251527 -0.008492 -16.1891
0.0803757 0.48414 -162.475
0.0446783 0.45703 -123.277
0.0313525 0.359739 -91.2567
0.0336285 -0.504126 77.4368
0.0323816 -0.513246 80.5541
0.0425126 -0.0114842 -31.6243
-0.0798657 0.0152644 88.6522
0.0256017 0.00705499 -20.5815
0.0545695 0.0367154 -58.0324
0.0710977 0.0684093 -82.2649
0.0544456 0.120822 -74.0074
-0.006235 0.141749 -8.90982
0.0687014 0.156512 -98.2411
-0.421171 0.0733003 488.162
0.107097 -0.0364907 -107.546
0.0937938 0.0437034 -106.41
0.0153381 0.100242 -3.98377
0.0154354 0.10154 -4.27276
0.0147656 0.103808 -4.74701
0.0134178 0.105429 -5.02146
-0.0448631 0.00313108 41.3734
-0.0120454 0.238565 -33.4733
-0.0234874 0.298582 -46.9919
0.0431324 0.231699 -41.5794
0.00197413 0.201311 -26.5268
-0.0162869 0.224802 -29.5584
-0.0184978 0.177467 -17.7769
-0.0154322 0.244637 -34.9009
-0.0288715 0.237445 -29.1236
-0.0218372 0.207605 -24.9355
0.00930811 0.240464 -41.6422
0.0140152 0.261244 -46.9242
-0.00670354 0.25046 -37.7216
-0.0216618 0.250369 -32.3397
-0.0285434 0.273587 -34.8835
0.00924323 0.263495 -47.9875
-0.000383828 0.278155 -47.1362
0.0537357 0.294323 -74.4281
0.0168583 0.350127 -70.9528
-0.0019983 0.320349 -55.6289
-0.00971426 0.26444 -38.5243
-0.0288029 0.286829 -33.2902
-0.0179217 0.259028 -32.542
-0.0208337 0.231803 -24.4283
0.0163283 0.240826 -49.0358
-0.0168252 0.296586 -41.209
0.0313707 0.324966 -78.365
-0.053278 0.182828 6.18852
-0.051274 0.184734 4.15401
-0.0443744 0.0369724 31.1214
-0.0803894 0.1812 26.562
-0.00145922 0.00664708 3.32149
0.000302182 0.0149062 -0.342601
-0.485417 0.128646 375.261
-0.0234965 0.600006 -108.331
-0.017442 0.608475 -115.371
-0.145889 0.264036 81.6817
-0.194019 0.319985 111.318
0.0290361 -0.0699444 2.76422
0.0371482 0.00131297 -27.4279
0.0522112 -0.0226678 -36.4019
0.061428 -0.0417604 -40.3589
0.040554 -0.104866 -4.66146
-0.0694427 -0.0781988 99.9288
0.00157905 -0.00389519 7.63595
0.0440823 0.00587707 -40.2375
0.0432147 0.00678402 -39.5039
-0.278454 -0.0747779 352.177
-0.287942 -0.0642528 360.29
0.119133 0.085536 -140.997
0.0987083 0.0950194 -118.958
0.0803822 -0.00677539 -80.5613
0.0777492 -0.00539315 -77.6726
0.0696363 0.018354 -72.1344
0.0138425 0.312292 -54.3191
0.0139204 0.308529 -53.3738
0.0121989 0.303283 -51.9707
0.00658506 0.295665 -49.6756
-0.00324253 0.283572 -45.8043
-0.0104842 0.264958 -40.4161
-0.010997 0.277886 -43.4457
0.016506 0.275529 -47.4223
-0.00613143 0.276162 -43.0417
-0.0435199 0.293878 -39.9959
-0.0169956 0.253253 -36.1823
-0.0142797 0.316719 -52.5276
-0.0033531 0.299231 -50.0439
-0.192698 -0.529643 201.463
-0.0191274 0.248125 -34.1289
0.0315247 0.23495 -47.3144
0.0309298 0.234116 -47.078
-0.00190796 0.230707 -33.7987
-0.0108028 0.23659 -33.3473
0.0217352 0.283659 -57.7463
0.0210625 0.303473 -62.3355
0.03587 0.284042 -63.4352
0.00250844 0.264501 -42.2164
-0.0387239 0.318176 -36.1207
-0.0264683 0.321655 -42.8322
-0.0296653 0.335703 -44.2833
-0.0244001 0.289956 -36.3253
-0.0555982 0.157803 12.5433
0.0546948 0.243587 -73.6187
0.0169601 0.298733 -62.7572
0.0365496 0.296029 -74.8688
0.0779633 0.272026 -96.2847
0.168489 0.107668 -116.485
-0.200747 -0.12544 184.839
0.0280938 -0.165973 28.516
0.0408718 -0.243459 38.2511
0.032231 -0.319973 64.07
0.00797301 -0.393319 101.772
-0.0098554 -0.388167 115.032
-0.0129023 -0.380353 115.632
-0.161146 0.333201 79.3784
-0.040821 -0.0309134 58.0456
0.00165617 0.0719549 -6.85741
-0.0135073 0.107424 -3.03564
0.0380202 0.0955924 -49.0718
-7.77411 0.0221035 7713.83
0.0358334 -0.0212673 -20.7363
0.0621669 -0.0915308 -22.7259
-0.119838 -0.0273721 152.537
0 -0.0233952 12.7243
-0.11227 -0.0268577 143.644
0.0648301 0.0325046 -69.8046
0.125019 0.0384248 -138.432
0.161529 0.0365095 -178.535
0.165411 0.0362209 -183.127
0.674433 -0.0527421 -765.926
0.0565861 0.0273892 -57.7796
0.0542965 0.0226474 -53.8221
0.0103111 0.311648 -54.1029
0.00961218 0.307717 -53.0163
0.00622274 0.302343 -51.3967
-0.00148081 0.29398 -48.5987
-0.0148125 0.281511 -44.094
-0.0157987 0.279591 -43.5341
-0.00903936 0.290971 -47.577
0.0105541 0.266745 -43.3919
0.00769103 0.289914 -49.375
-0.000308332 0.300024 -49.6962
-0.0308943 0.34376 -54.4747
-0.0101409 0.313709 -51.4935
-0.0290916 0.28898 -40.3019
0.0212787 0.261373 -47.5458
-0.0661245 0.268672 -23.5094
0.000687331 0.221003 -34.0615
0.0145877 0.245515 -44.5608
-0.0282502 0.239141 -26.3427
0.0138265 0.26978 -51.1776
0.0376911 0.270941 -61.096
0.0283287 0.313554 -67.7782
0.00121185 0.260719 -41.5004
-0.0070519 0.212382 -24.2419
0.0261087 0.187132 -34.7074
0.066234 0.310234 -88.5274
-0.00526952 0.355414 -62.2882
-0.0402418 0.345749 -39.9589
-0.0182137 0.33096 -49.3814
-0.0318761 0.323464 -38.6455
-0.00215685 0.309892 -53.9015
0.037612 0.276952 -70.328
0.0343072 0.288059 -70.9087
0.0796126 0.247943 -91.0413
0.123133 0.18727 -105.23
0.12258 -0.0890185 -28.3789
-0.00088464 -0.0426081 25.9409
-0.00112218 -0.0410864 25.721
-0.00252462 -0.0384395 26.1333
-0.00534998 -0.0352198 27.5784
-0.00811131 -0.0320747 29.0297
-0.00771769 -0.0296886 27.9878
-0.00946894 -0.0249686 28.2752
0.00520003 -0.0184572 13.112
-0.0117763 0.0790742 2.68542
0.0116738 0.079533 -19.6087
0.0492819 -0.122125 -2.07041
0.0495767 -0.121771 -2.45803
0.0621669 -0.0915308 -22.7259
-0.00286287 -0.162624 60.8664
-0.00286287 -0.162624 60.8664
0 -0.0472377 26.5033
0.075348 0.0243341 -79.0471
0.124996 0.0322847 -136.49
0.124967 0.0156069 -131.075
0.116047 -0.0197228 -111.584
0.642787 -0.0255241 -735.015
0.0386444 0.0395519 -39.5012
-0.224787 0.279297 220.202
0.0066763 0.310684 -53.7924
0.00600538 0.30723 -52.7667
0.00337299 0.30189 -51.1129
-0.0110666 0.303517 -50.4272
-0.020053 0.2909 -46.0874
-0.0154012 0.28246 -44.3517
-0.00213641 0.293252 -49.1156
0.0195575 0.279962 -48.4745
0.00150377 0.305718 -52.6261
0.0147503 0.300328 -53.4299
0.0146221 0.293881 -51.3342
-0.0258758 0.309081 -46.647
-0.0374195 0.297078 -40.3247
-0.0219382 0.296983 -45.2212
-0.00393592 0.302095 -50.9931
0.112797 0.663494 -194.954
-0.162586 0.122828 65.9446
0.0260619 -0.72138 242.901
-0.144517 0.0641108 85.398
-0.174148 0.0692232 95.5555
-0.153719 0.19997 47.1371
-0.0373982 0.210973 -9.6962
-0.0269407 0.19392 -9.55507
0.000303772 0.156517 -12.6358
0.0197839 0.384681 -83.492
0.0714608 0.169603 -53.9754
-0.0112403 0.270792 -35.7938
-0.01869 0.288742 -36.2175
-0.0164759 0.298295 -41.0981
-0.00394128 0.325292 -56.7561
-0.00374268 0.275606 -42.3695
0.0445425 0.236963 -63.3783
0.0666973 0.244544 -81.048
0.0747504 0.211907 -77.1995
0.0848707 0.22957 -89.7965
0.147941 0.244266 -141.222
3.92378e-05 -0.137602 77.1451
-0.000273258 -0.138403 77.6324
-0.00133515 -0.139491 78.8211
-0.000285608 -0.141012 78.2855
-0.000186371 -0.140994 78.1931
9.37407e-05 -0.141096 77.9744
0.00052556 -0.141082 77.5798
0.000877843 -0.140945 77.2151
0.00087784 -0.140945 77.2151
0.000877828 -0.140945 77.2151
0.000877821 -0.140945 77.2151
0.000877821 -0.140945 77.2151
0.000194642 -0.139647 77.4927
0.00197049 -0.139311 75.5058
0.00197049 -0.139311 75.5058
0.00197049 -0.139311 75.5058
0.268752 -0.263536 -206.003
0.0621544 0.00759261 -56.3968
0.219472 0.029733 -247.997
-0.00673242 -0.1422 86.6943
-0.00673242 -0.1422 86.6943
-0.00673242 -0.1422 86.6943
0.0387401 -1.11924 396.596
0.0387401 -1.11924 396.596
-0.0915788 0.380793 -105.431
-0.0700315 -0.71444 278.51
-0.0260403 0.249993 -26.6971
-0.0165371 -0.254405 135.285
-0.021983 -0.245369 133.095
0 0 -1
-0.0111298 -0.27397 140.135
0.00424627 0.332455 -60.5528
-0.00145181 0.314957 -53.6482
-0.0570418 0.287891 -33.146
-0.0273217 0.352401 -60.652
0.0127962 0.329512 -64.7488
0.0965165 0.34735 -95.4776
0.206152 0.277248 -108.503
0.213455 -0.00244718 -22.3716
-0.042571 0.139786 22.288
-0.135888 0.0890804 74.755
-0.155275 0.0873695 82.5397
-0.113089 0.157616 42.2906
-0.103648 0.186961 28.6475
0.000894548 0.152415 7.52711
-0.0117185 0.193743 1.16274
-0.0223455 0.194731 6.1846
-0.0217892 0.185601 8.70578
0.025542 0.249239 -51.142
-0.00824333 0.262883 -35.3213
0.00418504 -0.315379 131.548
-0.00428434 -0.3356 143.278
0.0205175 -0.373773 138.942
0.0220827 0.25337 -53.3684
0.0747272 0.264974 -93.5981
0.0706903 0.259031 -88.2305
0.094008 0.234391 -97.8764
0.080935 0.181372 -71.1006
0.146787 0.18148 -120.882
0.0353618 0.0106098 19.1935
0.0279016 0.0552416 10.5845
0.017554 -0.122356 74.7417
0.0105422 -0.171705 96.2106
0.0086187 -0.205671 108.533
0.0082718 -0.225748 115.134
-0.0195737 -0.0425593 84.0384
-0.0190203 -0.0395841 82.5919
-0.00364964 -0.0206944 61.6947
-0.00364964 -0.0206944 61.6947
-0.00361573 -0.257459 136.834
0.0193581 -0.156291 80.1808
0.0297273 0.201049 -47.3204
-0.207953 0.439179 107.119
0.285638 -0.184697 -249.661
0.290772 -0.271876 -228.613
-0.170293 0.185225 155.867
-0.108973 -0.0502023 158.23
0.00461753 -0.613407 238.891
0.00461753 -0.613407 238.891
0.00461753 -0.613407 238.891
-0.087703 0.385555 -107.126
-0.087735 0.385723 -107.179
-0.0919421 0.381247 -105.546
-0.0911852 0.380505 -105.382
-0.0911852 0.380505 -105.382
-0.0261892 0.249931 -26.6593
-0.0092485 0.327241 -91.9302
-0.0338059 0.240056 -22.1378
-0.0343326 0.273581 -33.4622
-0.00494539 0.301272 -48.9756
-0.00604655 0.314476 -53.0416
-0.0192012 0.330916 -55.46
0.00480582 0.373765 -76.0149
0.0203155 0.362883 -77.0528
0.0411506 0.363513 -83.4905
0.0779768 0.305056 -75.2386
0.0327659 0.219972 -31.0478
-0.0135515 0.237067 -20.2363
-0.180497 0.11038 85.4212
-0.124562 0.0791858 71.9673
-0.0898993 0.131665 40.2412
-0.0811327 0.156506 28.1565
-0.0618562 0.121949 30.9463
-0.0114177 0.194778 0.638137
-0.0152915 0.200383 0.765186
-0.259419 0.351289 68.3582
0.0114178 0.25428 -44.3534
-0.0107259 0.246697 -28.9184
-0.0148214 0.262546 -31.852
-0.00291164 0.27787 -44.5401
0.0218233 0.290542 -64.8912
0.0359891 0.30349 -78.6489
0.044196 0.294426 -81.2512
0.0678238 0.258594 -85.81
0.0418033 0.273895 -71.4467
0.0431993 0.261437 -68.7423
0.0611288 0.218185 -67.4878
0.0227852 0.0698631 10.4165
0.0088378 0.0615467 24.3372
0.0174439 0.0578117 18.3911
-0.00412243 0.224153 -19.0345
-0.000852945 0.231239 -24.3184
0.00175778 0.23395 -27.5956
0.0024973 0.23136 -27.4148
-0.00364964 -0.0206944 61.6947
-0.00364964 -0.0206944 61.6947
-0.0017643 0.249891 -29.2044
-0.00951453 0.179889 1.98173
0.0288616 0.201135 -46.4411
0.0294202 0.200869 -46.9348
0.0292622 0.200419 -46.6133
0.0292622 0.200419 -46.6133
-0.0577286 -0.130692 339.265
0.0146992 0.33305 -82.2153
0.00021789 0.185945 -10.166
0.00021789 0.185945 -10.166
0.00021789 0.185945 -10.166
3.98735e-14 0.148438 2.55664
-0.020773 0.256059 -29.3069
-0.0208494 0.25514 -28.9729
-0.0219998 0.253356 -28.2767
-0.023558 0.252069 -27.706
-0.00170301 -0.200795 121.075
-0.024892 0.250525 -27.025
-0.0277657 0.249921 -26.4456
-0.0320601 0.252771 -26.8279
-0.0285253 0.268892 -33.1488
-0.00251336 0.298075 -48.251
-0.00189431 0.31756 -55.1056
0.0164751 0.338069 -66.6578
0.0272132 0.371155 -81.1365
0.0259036 0.39907 -90.5858
-0.0142795 0.288031 -37.5333
0.028112 0.349339 -73.7942
0.00732008 0.289777 -45.6657
0.012984 0.249274 -33.9746
-0.0351021 0.295849 -31.2626
-0.00895586 0.20273 -3.71819
-0.00884771 0.202741 -3.77061
-0.00852199 0.202952 -3.99342
0 0.558091 -142.705
-0.00158088 0.196766 -5.05599
0.00228051 0.206161 -10.4318
0.007756 0.212626 -15.6423
0.0186893 0.827924 -246.707
0.0301298 0.0610597 28.1029
0.0319644 0.0568997 28.497
0.0288144 0.0412925 36.094
0.0500101 0.303086 -87.6561
0.0489754 0.316936 -91.7616
0.017376 0.309051 -67.1201
0.0281246 0.281016 -65.2405
0.0569684 0.279771 -85.0224
0.0229131 0.282274 -59.8979
0.0320386 0.20401 -39.5016
-0.469373 0.224723 352.748
0.00894767 -0.192479 118.943
0.00712221 -0.18995 119.614
0.00702094 -0.18989 119.682
0.00685292 -0.189749 119.782
0.00656248 -0.189856 120.081
0.00644316 -0.18987 120.196
0.00644316 -0.18987 120.196
0.00192091 -0.189352 124.238
0.00600916 -0.175555 115.073
0.0244951 0.199448 -41.354
-0.272796 -0.0336412 492.599
-0.0156001 -0.0246801 218.66
-0.0140498 -0.0235137 216.572
-0.0140498 -0.0235137 216.572
0.0146992 0.33305 -82.2153
-3.87291e-05 0.014 188.172
-3.8729e-05 0.014 188.172
-3.8729e-05 0.014 188.172
-3.8729e-05 0.014 188.172
-3.8729e-05 0.014 188.172
-0.0212888 0.256172 -29.3404
-0.0215887 0.255055 -28.919
-0.0222736 0.253437 -28.2907
-0.0231286 0.252934 -28.0542
-0.0243908 0.252152 -27.6609
-0.0256772 0.251529 -27.2977
-0.0293335 1.50098 -484.734
-0.0299048 1.50075 -484.561
0.0115646 0.272388 -41.6863
0.0178595 0.299637 -52.9765
0.024324 0.321052 -62.2776
0.0322961 0.346764 -73.6508
0.0337139 0.366833 -81.355
0.0251466 0.374169 -81.5956
0.0169549 0.371787 -78.2951
-0.00406936 0.307919 -48.3763
0.393862 -1.01144 282.68
0.0472115 -0.0161428 60.434
0.0454239 -0.0135103 60.1697
-0.00880336 0.202442 -3.68149
-0.00853542 0.20245 -3.80636
-0.00712537 0.202829 -4.59681
-0.00378328 0.200841 -5.46062
0.00131515 0.198842 -7.26294
0.00855089 0.207085 -14.0713
0.0174403 0.213484 -21.2363
0.0260306 0.139727 1.32093
0.0291611 0.0642382 27.5203
0.0253197 0.0579883 32.2035
0.0122391 0.0426857 46.1256
-0.011814 0.0803143 47.809
-0.0416891 0.102664 59.6209
-0.0873897 0.0811231 99.7055
-0.127598 0.115285 115.12
-0.0373307 0.320963 -28.2681
0.00462746 0.267867 -41.0689
0.0172781 0.22334 -34.9742
-0.487 0.233337 363.893
0 -0.173047 127.855
0.00715683 0.913624 -284.875
0.00712651 0.913568 -284.827
0.00706614 0.91362 -284.793
1.04769e-12 -0.173047 127.855
1.03777e-12 -0.173047 127.855
5.94956e-13 -0.173047 127.855
0.00479499 0.259009 -42.936
0.0226056 0.199578 -39.4691
-0.00364964 -0.0206944 61.6947
0.0153159 0.208984 -35.4388
0.0153156 0.208984 -35.4383
0.0153156 0.208984 -35.4383
-1.10284e-06 -0.173047 127.857
0.0146992 0.33305 -82.2153
0.0146992 0.33305 -82.2153
1.10284e-06 -0.173047 127.854
1.10284e-06 -0.173047 127.854
1.88915e-13 0.148438 2.55664
0 -0.173047 127.855
