0 1 3
1 2 3
2 3 3
3 4 3
4 5 3
5 6 3
6 7 0
7 8 3
8 9 3
9 10 1
10 12 2
12 13 3
13 14 3
14 15 3
15 16 3
16 17 3
17 18 3
18 19 3
19 20 3
20 21 3
21 80 0
24 80 0
24 25 3
25 26 3
26 27 3
27 28 3
28 29 3
29 30 3
30 31 3
31 32 3
32 33 3
33 34 3
34 35 3
35 36 3
36 38 0
38 39 3
39 41 3
41 43 1
43 45 3
45 280 3
166 280 0
166 230 0
57 230 0
41 42 1
42 43 3
57 229 0
109 230 0
229 230 3
10 68 3
109 166 1
10 70 2
12 70 3
12 71 3
13 71 3
45 220 0
4 62 2
220 280 1
57 231 0
3 62 3
5 62 3
8 66 3
229 231 3
7 66 3
44 45 3
14 73 3
15 73 3
80 82 3
24 82 0
31 90 3
32 90 1
43 44 3
7 65 3
9 67 3
10 67 0
25 83 3
26 83 3
0 58 3
1 59 3
2 60 3
5 63 3
6 64 3
65 66 3
10 69 2
70 71 3
13 72 3
14 72 3
16 73 3
16 74 3
17 74 3
18 77 3
19 77 3
19 78 3
20 78 3
27 85 3
28 87 3
29 87 3
30 87 3
33 90 1
58 59 3
59 60 3
3 60 3
63 64 3
64 65 0
8 67 3
67 68 3
18 74 3
24 83 3
26 85 3
28 85 3
30 88 3
35 94 1
36 94 1
3 61 3
69 70 3
21 78 3
31 88 3
33 92 1
34 92 1
35 92 1
38 94 1
110 230 0
60 61 3
61 62 3
73 74 3
21 79 3
26 84 3
87 88 3
109 110 3
62 63 3
68 69 3
82 83 3
83 84 3
84 85 3
39 40 3
40 41 3
165 166 3
72 73 3
74 77 3
78 79 3
165 280 0
71 72 3
77 78 3
44 220 0
90 92 3
35 151 1
66 67 3
74 133 3
92 151 1
94 151 1
79 80 2
85 87 3
31 147 3
40 42 1
109 165 1
82 140 3
83 140 3
88 147 3
90 147 3
62 120 3
77 133 1
79 82 3
92 149 3
63 120 0
90 149 3
38 211 3
39 211 3
77 134 2
77 135 3
78 135 3
94 211 0
169 230 0
87 145 3
110 169 1
85 145 3
109 167 1
84 142 3
85 142 3
165 167 2
110 167 1
169 229 0
61 120 3
65 123 3
68 127 3
69 127 3
74 132 3
133 134 3
87 146 3
88 146 3
231 288 3
231 289 3
63 121 0
66 123 3
66 124 3
67 124 3
73 131 3
73 132 3
94 152 3
229 288 3
288 289 3
58 116 3
59 117 3
60 118 3
64 122 0
65 122 1
67 125 3
68 126 3
72 131 3
152 211 0
110 168 1
116 117 3
117 118 3
61 118 3
63 122 0
125 126 3
70 127 3
70 187 3
134 135 2
79 139 3
82 139 3
146 147 3
167 168 3
168 169 3
120 121 3
121 122 2
122 123 0
123 124 3
124 125 3
126 127 3
78 136 3
85 144 3
145 146 3
40 211 3
61 119 3
127 187 3
187 188 3
132 133 3
135 136 3
79 136 3
79 138 3
144 145 3
92 150 3
150 151 1
151 152 0
118 119 3
71 187 3
138 139 3
139 140 3
142 144 3
170 229 0
119 120 3
131 132 3
136 138 3
90 148 3
148 149 3
169 170 3
84 140 3
147 148 3
149 150 3
228 229 3
42 44 3
165 224 0
167 224 0
228 288 3
40 272 3
71 131 3
135 192 3
140 142 3
131 187 2
165 223 2
131 188 3
146 205 3
147 205 3
134 192 0
142 201 3
223 224 3
127 186 3
186 187 3
142 199 3
144 201 3
152 210 2
42 272 0
127 185 3
140 199 3
151 209 0
152 209 3
210 211 0
223 280 3
167 225 0
168 225 0
126 185 3
136 195 3
150 209 3
220 223 1
123 181 3
126 184 3
209 210 3
120 178 3
122 181 0
138 195 3
142 200 3
144 202 3
148 205 3
119 178 3
124 181 3
139 198 3
140 198 3
199 200 3
211 272 3
168 226 0
169 226 0
125 183 3
144 203 3
145 203 3
224 225 3
116 174 3
117 175 3
118 176 3
119 177 3
121 179 3
122 180 0
124 183 3
184 185 3
131 189 3
136 194 3
200 201 3
169 227 0
174 175 3
175 176 3
119 176 3
177 178 3
120 179 3
122 179 2
126 183 3
188 189 3
135 194 3
145 204 3
146 204 3
148 150 3
226 227 3
170 227 0
170 228 0
180 181 3
138 196 3
204 205 3
225 226 3
183 184 3
185 186 3
194 195 3
198 199 3
201 202 3
203 204 3
42 396 0
227 228 3
178 179 3
124 182 3
134 249 2
139 196 3
148 206 3
44 396 0
181 182 3
182 183 3
189 248 3
132 189 3
202 203 3
44 223 3
179 180 3
150 206 3
211 268 3
192 194 3
195 196 3
199 257 3
228 287 1
132 248 3
211 558 3
224 281 3
205 206 3
206 209 0
272 558 3
223 396 0
223 281 3
228 286 1
198 257 3
227 286 1
176 177 3
187 245 3
268 558 3
133 248 3
133 249 3
188 245 1
248 249 3
192 249 1
224 282 3
225 282 3
210 268 2
192 252 3
196 198 3
281 282 3
287 288 0
184 242 3
249 250 0
192 250 3
194 252 3
178 236 3
179 236 3
183 242 3
186 245 3
209 267 3
272 396 3
180 238 3
181 238 3
181 239 3
182 239 3
184 243 3
185 243 3
192 251 3
205 263 0
206 322 0
286 287 3
177 236 3
179 237 3
183 241 3
186 244 3
251 252 3
322 380 3
210 267 3
174 232 0
175 233 0
176 234 3
177 235 3
180 237 3
182 240 3
182 241 3
189 247 3
195 252 3
196 254 3
200 258 3
201 259 3
204 263 3
206 267 0
225 283 3
226 284 3
227 285 3
232 233 3
233 234 1
177 234 3
237 238 3
238 239 3
241 242 3
244 245 3
188 247 3
195 254 3
198 254 3
199 258 3
200 259 3
205 322 0
223 338 3
282 283 3
283 284 3
284 285 3
285 286 1
234 235 3
242 243 3
247 304 3
250 251 3
201 261 3
202 261 3
272 504 3
338 396 0
235 236 3
239 240 3
240 241 3
267 322 3
331 504 3
236 237 3
198 313 3
203 261 3
268 326 3
272 445 3
185 244 3
188 304 3
254 313 3
259 261 3
396 445 3
257 313 3
263 322 3
210 326 2
268 327 3
327 558 3
239 298 3
240 298 3
204 261 3
504 558 3
247 248 3
258 259 3
261 263 3
445 504 3
289 347 3
263 321 3
288 347 3
245 304 0
260 261 3
261 321 3
263 380 3
259 260 3
281 338 3
281 339 3
282 339 3
234 292 3
235 292 3
248 306 3
326 327 3
249 306 3
199 315 3
258 315 3
237 296 3
238 296 3
243 244 3
245 303 3
249 307 3
288 346 3
237 295 3
239 296 3
239 297 3
303 304 0
247 306 3
257 315 3
287 346 0
236 295 3
241 299 3
254 312 3
313 314 3
257 314 3
346 347 3
235 293 3
236 293 3
296 297 3
242 299 3
244 303 3
250 307 1
252 254 3
243 300 3
244 302 3
306 364 3
327 504 3
282 340 3
286 345 0
287 345 0
232 290 2
233 291 2
294 295 3
297 298 3
242 300 3
306 307 1
250 308 3
251 309 3
312 313 3
210 322 2
339 340 3
283 340 3
283 341 3
284 342 1
285 343 3
286 344 0
290 291 3
291 292 3
236 294 3
240 299 3
302 303 3
308 309 3
252 310 3
321 380 3
340 341 3
341 342 1
342 343 0
343 344 3
344 345 3
345 346 3
243 301 3
252 309 3
322 326 3
292 293 3
299 300 3
300 301 3
244 301 3
258 317 3
259 317 3
396 507 3
293 294 3
295 296 3
298 299 3
301 302 3
307 308 0
254 310 3
260 321 3
309 310 3
315 317 3
445 507 3
314 315 3
307 364 0
294 352 3
310 312 3
326 383 3
304 363 3
247 363 3
322 383 3
295 354 3
296 354 3
297 413 3
298 413 3
260 373 3
338 339 3
247 364 3
307 365 3
276 396 3
363 364 3
322 381 3
276 507 3
276 338 1
295 352 3
364 365 1
298 356 3
300 358 3
310 368 3
320 321 3
445 448 3
293 351 3
295 353 3
296 413 3
299 356 3
299 358 3
302 361 3
303 361 3
304 361 1
309 368 3
260 320 3
320 380 3
448 504 3
291 350 3
292 350 3
294 351 3
353 354 3
354 413 3
300 359 3
301 359 3
308 365 1
338 397 0
290 348 3
302 360 3
308 366 3
309 367 3
313 371 3
260 375 3
340 398 3
341 399 3
342 399 0
342 401 0
343 401 3
344 401 3
346 403 3
346 404 2
347 405 1
291 348 3
291 349 3
352 353 3
356 413 3
299 357 3
301 360 3
366 367 3
317 375 3
259 375 3
339 398 3
340 399 3
342 400 0
344 403 3
345 403 3
346 405 1
348 349 3
349 350 3
292 351 3
356 357 3
365 366 0
367 368 3
312 371 3
314 371 3
398 399 3
399 400 3
344 402 3
403 404 1
404 405 1
357 358 3
358 359 3
360 361 3
304 421 3
339 397 3
402 403 3
351 352 3
363 421 3
317 432 3
276 397 3
400 401 3
401 402 3
315 372 3
317 372 3
375 432 3
448 507 3
350 351 3
361 421 0
312 427 3
320 373 3
381 383 3
327 440 3
420 421 0
372 432 3
327 383 3
381 440 3
359 360 3
361 420 3
310 427 3
368 427 3
352 410 3
314 372 3
353 410 3
397 398 3
380 381 3
371 372 3
404 463 2
405 463 2
312 428 3
371 428 3
427 428 3
413 414 3
356 414 3
360 417 3
364 422 3
401 459 3
402 459 3
351 409 3
352 409 3
357 415 3
359 417 3
365 422 0
371 429 3
397 455 3
358 415 3
358 417 3
428 429 3
276 455 3
354 412 3
358 416 3
320 495 2
221 507 3
349 407 3
350 407 3
412 413 3
357 414 3
366 424 3
375 435 3
260 435 3
373 495 2
404 462 2
462 463 3
348 406 3
360 418 3
361 419 3
365 423 3
365 424 0
367 425 3
368 426 3
372 429 3
375 433 3
373 435 3
383 440 3
221 276 3
399 457 3
402 460 3
403 461 3
406 407 3
409 410 3
417 418 3
418 419 3
421 422 3
424 425 3
425 426 3
433 435 3
380 495 2
221 448 3
459 460 3
460 461 3
461 462 1
350 408 3
351 408 3
416 417 3
419 420 3
426 427 3
400 457 3
400 459 3
407 408 3
408 409 3
415 416 3
423 424 0
448 566 2
398 513 3
398 457 3
408 467 3
409 467 3
327 557 3
504 557 3
221 566 1
397 513 3
457 513 3
432 433 3
435 495 3
381 495 3
440 557 3
422 423 1
372 431 3
448 557 3
457 459 3
353 411 3
354 411 3
431 432 3
410 411 3
411 412 3
495 552 3
457 516 3
459 516 2
414 415 3
495 554 3
410 467 3
435 552 2
455 513 3
459 517 2
429 431 3
381 554 2
460 517 2
422 481 1
276 513 3
423 481 3
424 482 3
493 552 3
467 468 3
410 468 3
425 482 3
427 485 3
426 485 3
435 493 2
407 465 3
408 465 3
411 468 3
414 472 3
417 475 3
419 477 3
421 479 1
422 479 1
516 517 3
463 521 3
406 464 3
411 470 3
412 470 3
413 472 3
415 473 3
416 474 3
416 475 3
418 476 3
420 477 3
425 483 3
426 483 3
429 488 1
431 488 1
461 519 2
462 520 3
462 521 3
464 465 3
408 466 3
472 473 3
473 474 3
474 475 3
475 476 3
419 476 3
479 481 0
424 481 1
426 484 3
428 485 3
431 489 1
460 518 2
460 519 2
519 520 3
466 467 3
412 471 3
413 471 3
482 483 3
483 484 3
428 486 3
557 566 2
457 573 2
518 519 3
520 521 3
470 471 3
471 472 3
481 482 0
432 489 3
433 493 2
513 573 3
516 573 3
465 466 3
477 478 3
420 478 3
433 491 1
491 493 0
276 571 2
513 571 3
513 514 3
517 518 3
429 486 3
514 573 3
433 549 1
491 549 3
468 470 3
476 477 3
421 478 1
481 537 2
484 485 3
485 486 3
479 537 3
478 479 3
433 489 1
468 526 1
468 527 1
470 527 1
470 528 1
552 553 3
495 553 3
276 570 3
514 571 3
467 526 3
526 527 3
221 570 3
570 571 0
489 548 3
433 548 1
527 528 3
489 546 1
471 529 3
381 555 3
466 526 3
470 529 1
483 598 2
486 544 1
554 555 3
440 615 2
517 575 3
518 575 3
528 529 2
482 539 3
482 598 2
485 543 1
485 544 1
488 489 0
440 555 3
516 575 3
481 539 3
488 546 3
493 549 1
520 579 3
521 579 3
475 533 3
476 533 3
484 543 1
429 544 1
549 609 3
566 621 0
466 524 3
524 526 3
430 544 1
493 609 3
564 621 3
525 526 3
429 430 3
464 522 3
465 523 3
466 523 3
472 531 3
473 531 3
484 598 3
543 544 1
548 549 3
573 574 3
516 574 3
522 523 3
474 531 3
481 538 2
539 598 3
430 546 1
574 575 3
519 578 3
520 578 3
474 532 3
475 532 3
537 538 2
430 488 1
546 548 3
478 536 3
538 539 3
578 579 3
523 524 3
477 533 3
553 554 3
557 615 2
557 621 3
524 525 3
531 532 3
532 533 3
477 536 3
479 536 3
549 608 3
471 531 3
608 609 3
552 609 3
555 618 3
518 578 3
536 537 3
548 605 3
514 630 1
575 576 3
518 576 3
578 695 0
546 605 2
221 628 2
570 628 3
571 630 1
573 630 1
576 578 3
554 618 0
555 615 3
531 589 0
533 592 0
529 531 2
532 589 0
477 592 0
544 602 0
430 604 1
615 618 0
532 590 0
536 592 0
546 604 2
549 607 3
528 586 0
532 591 0
533 591 0
537 595 2
430 602 1
548 607 3
607 608 3
574 576 3
528 585 0
536 595 2
525 583 0
525 584 0
526 584 0
527 585 0
585 586 3
548 606 3
577 630 1
573 576 3
529 588 0
529 589 2
592 593 3
543 602 2
606 607 3
522 580 0
523 581 0
524 581 0
524 583 0
529 586 0
588 589 3
536 594 2
604 605 3
580 581 3
524 582 0
590 591 3
591 592 3
594 595 3
552 611 3
571 628 1
694 695 0
581 582 3
529 587 0
589 590 2
536 593 3
538 595 3
609 611 3
553 611 1
221 511 3
578 694 1
582 583 3
593 594 3
539 597 3
484 599 1
511 566 1
511 628 2
526 585 0
586 587 3
597 598 3
598 599 3
557 616 3
576 692 1
578 692 1
584 585 3
538 597 3
605 606 3
583 584 3
587 588 3
595 655 3
538 655 3
554 611 1
628 630 1
484 602 1
573 577 3
611 618 0
611 668 3
609 668 3
576 577 3
585 644 3
586 644 3
591 649 3
511 621 3
593 651 3
615 616 0
597 655 3
602 660 3
616 618 3
587 646 3
588 646 3
588 647 3
589 647 1
430 660 1
582 641 3
585 643 3
430 661 1
606 663 3
583 641 3
605 663 3
608 667 3
609 667 3
584 641 3
584 643 3
643 644 3
592 649 3
594 652 3
595 652 3
598 656 3
606 664 3
584 642 3
590 647 3
597 656 3
604 661 3
642 643 3
663 664 3
580 638 3
581 638 3
641 642 3
593 652 3
599 656 3
607 664 1
608 666 1
616 621 3
592 650 3
651 652 3
604 720 3
666 667 0
581 639 3
582 639 3
582 640 3
640 641 3
586 645 3
587 645 3
645 646 3
649 650 3
599 658 3
484 658 1
602 659 3
660 661 3
605 720 3
607 666 1
577 692 1
639 640 3
590 649 3
592 651 3
655 712 3
484 659 1
659 660 3
607 665 1
630 748 2
644 645 3
646 647 3
595 712 3
655 656 3
658 659 3
661 720 3
667 668 3
577 748 1
638 639 3
650 651 3
652 712 3
663 720 3
665 666 2
618 670 1
656 658 3
664 665 1
611 670 3
572 628 1
511 572 3
559 618 3
663 721 3
559 616 3
572 630 1
656 715 3
658 715 3
578 753 1
695 753 1
668 670 3
646 703 3
590 707 3
649 707 3
650 707 3
577 578 3
668 727 3
670 727 3
572 748 1
590 706 3
706 707 3
647 705 3
590 705 3
655 713 3
661 719 3
665 724 3
666 724 3
667 725 3
578 751 1
652 711 3
711 712 3
668 725 3
638 696 3
642 701 3
659 717 1
660 719 3
666 725 0
639 696 3
640 698 3
641 700 3
642 700 3
643 701 3
650 708 3
650 709 3
651 709 3
664 722 3
644 701 3
644 702 3
646 704 3
647 704 3
705 706 3
652 709 3
658 716 1
659 716 1
719 720 3
720 721 3
664 721 3
665 722 0
725 726 1
668 726 2
577 751 1
641 698 3
708 709 3
716 717 3
660 717 1
724 725 2
726 727 0
616 967 3
621 967 3
577 749 1
639 697 2
640 697 2
698 700 3
700 701 3
645 702 3
645 703 3
703 704 3
704 705 3
656 713 3
697 698 1
702 703 3
712 713 3
751 753 3
701 702 3
748 749 3
715 716 3
618 786 1
696 697 0
698 699 3
713 715 3
717 719 3
721 722 3
618 727 1
697 755 1
699 700 3
652 768 3
711 768 3
577 869 3
751 869 0
707 708 3
709 768 3
665 781 0
724 781 2
724 782 1
753 869 0
698 755 3
709 767 3
767 768 3
722 781 2
712 770 3
717 775 2
696 755 3
699 757 0
719 775 3
720 777 3
721 780 2
722 780 1
727 786 3
700 758 2
701 758 2
705 764 3
716 775 3
775 776 3
719 777 3
619 621 3
511 619 3
704 763 3
705 763 3
706 764 3
713 773 3
715 773 3
719 776 3
721 779 3
703 761 3
708 767 3
711 770 3
720 779 3
698 757 2
704 761 3
707 765 3
620 748 1
701 759 3
702 761 3
708 765 3
715 774 3
716 774 3
727 785 3
785 786 3
572 620 3
620 804 1
749 807 1
763 764 3
765 767 3
711 769 3
712 771 3
713 771 3
781 782 0
725 782 1
725 784 1
726 784 0
748 807 1
577 808 1
758 759 1
702 759 3
702 760 3
704 762 3
768 769 3
769 770 3
770 771 3
771 773 3
773 774 3
777 779 3
779 780 2
725 783 1
726 785 0
618 788 1
749 808 1
707 764 3
782 783 2
783 784 1
784 785 3
808 869 0
696 754 3
759 760 3
760 761 3
761 762 3
762 763 3
774 775 3
748 806 1
807 808 3
754 755 3
699 758 0
764 765 3
786 788 3
806 807 3
776 777 3
780 781 2
619 967 3
766 767 3
559 788 1
765 766 3
559 967 3
748 922 0
755 757 2
620 922 3
806 922 0
757 758 3
771 830 1
572 619 3
767 825 3
768 825 1
773 830 1
788 845 3
786 845 3
809 869 0
808 809 3
760 818 3
777 836 1
779 836 1
777 835 1
779 837 1
780 837 1
788 847 3
759 818 3
785 844 3
786 844 3
559 847 1
761 819 3
768 826 3
776 835 1
780 838 1
754 812 1
757 814 1
759 817 3
762 820 3
763 820 3
765 823 3
766 823 3
766 825 3
825 826 0
769 826 3
781 838 2
782 840 1
755 812 1
755 814 1
817 818 3
770 828 1
775 833 3
835 836 2
836 837 3
781 840 2
783 840 1
760 819 3
763 821 3
764 823 3
771 828 1
773 831 3
774 832 3
775 832 3
776 833 3
776 834 3
808 866 0
755 813 1
757 815 1
758 816 1
758 817 1
762 819 3
764 821 3
764 822 3
766 824 3
769 827 1
770 827 1
830 831 3
773 832 3
832 833 3
833 834 3
781 839 2
783 841 1
784 842 3
785 843 3
807 866 0
809 866 0
809 868 0
868 869 0
812 813 3
813 814 3
815 816 3
820 821 3
822 823 3
823 824 3
824 825 3
827 828 3
831 832 3
834 835 2
837 838 3
838 839 3
840 841 3
841 842 3
842 843 3
844 845 3
559 617 3
807 865 3
814 815 3
816 817 3
839 840 3
843 844 3
617 967 3
806 865 3
865 866 0
826 827 1
809 867 0
821 822 3
771 887 1
866 867 1
867 868 3
828 887 3
818 819 3
830 887 3
819 820 3
619 620 3
845 847 3
820 879 3
821 879 3
844 902 3
843 902 3
816 874 3
818 876 3
832 890 1
865 922 0
869 927 1
815 874 2
831 890 1
868 927 0
819 876 3
845 904 3
814 872 3
814 873 3
815 873 0
824 882 3
825 882 3
826 884 1
827 886 3
828 886 3
838 896 3
847 904 3
827 884 3
832 891 1
833 891 1
833 892 2
834 892 2
835 892 2
839 896 3
967 1025 3
867 926 3
868 926 3
812 870 3
813 871 3
872 873 3
817 876 3
822 880 3
823 881 3
830 888 3
835 893 3
836 894 3
837 895 3
837 896 3
839 897 3
840 898 0
841 899 1
842 900 3
843 901 3
619 1025 3
865 923 0
866 924 2
867 924 0
870 871 3
871 872 3
873 874 1
817 874 3
821 880 3
880 881 3
881 882 3
831 888 3
893 894 3
894 895 3
895 896 3
897 898 0
898 899 1
899 900 0
900 901 3
922 923 3
923 924 3
825 884 2
887 888 3
892 893 0
901 902 3
926 927 0
896 897 3
879 880 3
891 892 0
886 887 3
890 891 3
847 964 3
559 964 1
817 933 3
819 879 3
827 943 3
844 904 3
874 933 3
876 933 3
884 943 3
886 943 3
888 890 1
904 964 3
922 1038 1
620 1038 1
882 941 3
825 941 2
867 983 1
924 983 1
926 983 1
884 941 3
819 935 3
887 946 3
888 946 3
617 1025 3
874 932 3
876 935 3
932 933 3
876 934 3
879 937 3
880 937 3
890 948 3
891 948 3
902 961 3
844 961 3
617 964 1
933 934 3
819 936 3
879 936 3
890 947 3
904 961 3
904 963 3
922 981 1
923 981 1
888 947 3
935 936 3
981 1038 1
934 935 3
887 945 3
963 964 3
872 930 1
880 938 3
884 942 3
886 945 3
945 946 3
891 949 3
892 949 0
926 984 1
927 984 1
870 928 1
871 929 1
873 930 1
873 931 1
937 938 3
881 939 3
882 940 3
942 943 3
892 950 0
893 951 1
894 952 1
895 953 1
896 954 1
897 955 1
898 956 1
899 957 0
900 958 3
901 959 3
902 960 3
904 962 3
924 982 1
927 985 1
928 929 3
929 930 3
874 931 3
938 939 3
939 940 3
940 941 3
941 942 3
950 951 3
951 952 3
952 953 3
953 954 3
954 955 3
955 956 3
956 957 3
957 958 3
958 959 3
959 960 3
960 961 3
962 963 3
981 982 3
982 983 3
983 984 3
984 985 3
936 937 3
947 948 3
948 949 3
949 950 3
961 962 3
964 1023 3
930 931 3
931 932 3
617 1023 1
946 947 3
943 945 3
931 990 3
945 1002 3
932 990 3
943 1002 3
619 1030 1
931 989 3
964 1022 3
962 1020 3
963 1020 3
963 1022 3
933 990 3
948 1006 3
963 1021 3
930 989 3
946 1004 3
947 1004 3
949 1006 3
961 1020 3
1020 1021 3
945 1004 3
947 1006 3
949 1008 3
950 1008 3
959 1017 3
928 986 0
929 987 0
930 988 3
989 990 3
933 991 0
934 992 0
935 993 0
936 994 0
937 995 0
938 996 0
939 997 0
940 998 0
941 999 0
942 1000 0
943 1001 3
945 1003 3
947 1005 3
949 1007 3
951 1009 3
952 1010 3
953 1011 3
954 1012 3
955 1013 3
956 1014 3
957 1015 3
958 1016 3
958 1017 3
960 1017 3
960 1018 3
961 1019 3
1022 1023 3
981 1039 1
982 1040 1
983 1041 1
984 1042 1
985 1043 1
986 987 3
987 988 1
988 989 3
990 991 0
991 992 1
933 992 0
992 993 3
993 994 3
994 995 3
995 996 3
996 997 3
997 998 3
998 999 3
999 1000 3
1000 1001 1
1002 1003 3
1003 1004 3
1004 1005 3
1005 1006 3
1006 1007 3
1007 1008 3
1008 1009 3
1009 1010 3
1010 1011 3
1011 1012 3
1012 1013 3
1013 1014 3
1014 1015 3
1015 1016 3
1016 1017 3
1018 1019 3
1038 1039 1
1039 1040 3
1040 1041 0
1041 1042 1
1042 1043 0
1001 1002 3
1017 1018 3
1019 1020 3
1021 1022 3
