0.0366078 0.164719 22.7571
0.0419688 0.153734 22.7065
0.0599525 0.145088 21.9393
0.0953953 0.145894 19.5196
0.181735 0.241464 11.0535
0.208919 0.0974894 10.1456
0.197938 0.0871384 11.723
-0.0273299 -0.00669052 30.4739
-0.0640239 0.0406842 35.2976
-0.0667801 0.0432975 35.883
-0.239368 -0.0977261 81.9852
-0.0693242 -0.0396095 38.9303
-0.0783371 -0.0344526 41.4868
-0.0512096 -0.0139837 33.5876
-0.0675609 -0.0151175 38.3403
-0.0500556 0.0153408 31.5758
-0.049574 -0.0305367 32.5618
-0.0730217 -0.0897404 42.5604
-0.0848826 -0.0478513 45.6111
0.000556397 -0.052295 10.0349
0.0353698 -0.0927567 -3.55063
0.0358097 -0.16811 -2.5056
0.0962533 -0.166694 -29.609
0.359003 -0.457626 -156.072
-0.0530776 -0.143313 42.4981
-0.0275088 -0.177013 29.0721
0.0164591 -0.159909 4.3135
0.0110997 -0.0789447 5.61324
0.039146 -0.084163 -10.6726
0.0105538 -0.093024 7.55203
0.0042632 -0.0733067 11.0165
-0.00140213 -0.00135179 13.3818
-0.0815421 -0.06182 68.6431
-0.0741934 -0.0760937 62.6565
0.0120572 -0.0768733 -0.527144
0.05555 -0.121554 -32.5447
0.0544667 -0.126858 -31.5684
-0.0205152 -0.204915 26.1369
0.0253857 -0.0313149 -13.4303
0.0287022 -0.0324889 -16.2178
0.0288105 -0.0384283 -16.1006
0.0345582 -0.0320996 -21.3393
-0.00498976 0.0654211 23.6179
-0.0339544 0.0328779 52.2538
-0.051148 0.0161392 69.463
-0.0377315 0.0143115 56.3098
-0.00111337 0.170198 16.1105
-0.00664007 0.169365 21.7747
-0.00201861 0.174545 16.9175
0.000434313 0.180445 14.2615
0.00111985 0.184508 13.4834
0.00111985 0.184508 13.4834
0.158316 -0.136265 -151.311
0.00906226 -0.178109 18.4941
0.00849993 -0.175299 19.1103
0.00936985 -0.172994 18.0469
0.00864598 -0.172483 18.9098
0.00864598 -0.172483 18.9098
0.0253988 0.16556 22.8588
0.0311506 0.151258 23.1213
0.0497933 0.127782 22.9936
0.0499408 0.0826468 24.6017
0.15693 0.0505121 16.7638
0.19765 0.0829863 11.7463
0.198912 0.086915 11.5743
-0.0304932 0.00242911 31.2066
-0.0370972 0.0299789 31.1231
-0.0482753 0.0624002 32.4672
-0.0928595 -0.0589695 46.5654
-0.0850006 -0.0232464 43.4523
-0.0933913 -0.0524403 45.9223
-0.0498319 -0.0463731 33.1789
-0.0528059 -0.0352473 34.3124
-0.0614718 -0.0234928 36.4234
-0.0658781 -0.0310766 38.3065
-0.0193462 -0.0127195 20.9063
-0.129353 -0.0370517 62.252
-0.0526141 -0.0721476 32.5085
0.0117842 -0.111497 6.68423
-0.0103813 -0.0882746 15.5539
-0.0322398 0.088567 19.6893
0.0693575 -0.0393232 -29.9136
0.0156535 -0.00825892 -1.77608
0.0100788 -0.174157 8.12937
0.018399 -0.140731 2.57223
0.0247619 -0.120472 -1.36664
0.033746 0.00129563 -8.41219
0.0225623 -0.0992275 -0.0812094
0.0290425 -0.0599941 -5.64938
0.0485437 -0.0308838 -19.5057
0.0266177 -0.0458427 -3.25822
0.0253079 -0.110712 0.425936
0.0148739 -0.0933638 6.69475
-0.00848412 -0.034134 21.0408
0.103738 -0.0871547 -63.0972
0.0403311 -0.00394001 -23.3287
0.0174726 -0.0429068 -3.43747
-0.0448155 -0.0260972 48.4846
-0.0279322 -0.0448477 35.4261
0.0156557 -0.0469951 -2.86678
0.0761913 -0.0238997 -58.8813
0.00576901 -0.0738525 21.4903
0.00643299 -0.0718814 20.7533
-0.00106559 -0.0664058 13.6731
-0.00106559 -0.0664058 13.6731
-0.00106559 -0.0664058 13.6731
0 -0.0703086 12.7177
0.345621 -0.135345 -334.736
0.00048939 -0.0708045 12.161
0.000488369 -0.0708045 12.1621
0.000488369 -0.0708045 12.1621
0.000488369 -0.0708045 12.1621
0.000488369 -0.0708045 12.1621
0.0208755 0.44623 -9.04162
0.0149518 -0.0787406 -5.52193
0.0149518 -0.0787406 -5.52193
0.00907535 0.16606 23.0437
0.00930013 0.150635 23.8415
0.0169531 0.113128 25.423
0.00279336 0.07639 28.1101
-0.0251273 0.0245893 33.8024
-0.0749991 0.0984436 33.8369
0.589189 0.0950095 -51.8883
0.00940616 0.0331282 22.8359
-0.0259846 0.0279843 30.004
-0.0882985 0.0206475 42.0827
-0.122048 -0.0148539 51.7158
-0.115781 -0.038599 51.0465
-0.126236 -0.022773 52.2271
-0.00094111 -0.0564907 17.5726
-0.0270951 -0.114452 29.3134
-0.0105808 -0.118266 24.2353
-0.016485 -0.0803306 23.3537
0.00242643 -0.0513312 15.0086
-0.191311 -0.0237888 86.423
-9.10083e-05 -0.0842653 10.7269
0.0108659 -0.0763398 6.25044
0.0823286 -0.0861912 -25.0402
-0.0191839 -0.0555907 18.5207
-0.0119822 -0.0266492 13.7029
0.0309228 -0.0375005 -9.31584
-0.304236 2.08986 41.8297
0.0215142 -0.0664925 -2.23854
-0.252079 -0.0432118 157.993
0.0177663 -0.070109 -0.489369
0.0318336 -0.0867912 -7.23912
0.0539125 -0.100428 -20.7078
0.0600765 -0.0496143 -26.9066
0.0133635 -0.037956 5.64793
-0.003662 -0.0870745 19.8697
-0.0174499 -0.107154 31.4693
-0.109125 0.0188471 189.547
0.0754033 -0.112953 -39.1161
-0.0597741 0.0363077 60.899
0.32578 0.00089604 -254.248
0.0139589 0.00465921 -3.69378
-0.0272371 -0.0319057 33.9071
0.462656 0.111897 -417.441
0.0505022 -0.0351443 -36.126
0.00630456 -0.0319124 18.9208
0.0107794 -0.05155 15.647
0.0317009 0.183039 -17.5545
0.0866832 -0.552046 -43.6957
0.0649156 -0.532009 -22.2689
-0.0960968 -0.549541 149.127
0.249218 -0.509416 -214.022
0.249218 -0.509416 -214.022
0.0392453 -0.241269 -0.192238
0.0278047 -0.211687 10.8999
0.0263298 -0.196578 11.7563
0.0263298 -0.196578 11.7563
0.0299799 -0.220897 9.05653
0.0299914 -0.220234 9.00721
0.0299914 -0.220234 9.00721
-0.00304296 0.164558 23.2929
-0.00736317 0.152581 24.2983
-0.0189611 0.137912 25.9593
-0.0506227 0.109346 30.4087
-0.0346689 0.0659898 32.6078
-0.099078 0.0647564 38.6653
-0.0979904 0.058734 38.7012
-0.0392412 0.06631 29.0622
-0.0519454 0.0203332 35.0479
-0.0906276 0.0226327 42.5906
-0.112467 0.0221733 47.0704
-0.127665 0.0012794 50.8075
-0.100105 0.0211802 42.7358
-0.0941009 -0.0235779 43.5946
-0.0209976 -0.0931487 24.2352
0.00489689 -0.115859 17.5913
0.0155457 -0.146203 16.4817
-0.0237338 0.0787363 14.2039
0.000277718 -0.0188466 6.06877
0.000620043 -0.0242841 6.5417
-0.00502761 -0.0471024 10.626
0.00127258 -0.0259073 6.60001
-0.00601312 -0.0221275 9.17402
-0.0136232 -0.00632476 12.6771
-0.00926114 -0.0145351 10.8678
0.0111036 -0.042737 2.27895
0.0052273 -0.0623911 6.97263
0.00517841 -0.0766222 8.40172
0.0284201 -0.0697934 -6.16066
0.0332601 -0.0573636 -9.32031
0.0202708 -0.091983 0.846167
0.0562936 -0.0555382 -24.2333
0.0247274 -0.0709043 -1.53049
0.0607071 -0.122244 -22.5656
0.0627613 -0.0915673 -33.1979
0.0442191 -0.205794 -9.44759
0.027396 -0.193272 3.04787
0.0203742 -0.0304245 -9.25021
-1.82031 -1.11719 1597.39
0.00328189 -0.0943596 8.66772
-0.0326976 -0.0590755 37.3983
0.046423 -0.0459326 -31.3685
0.0299986 -0.049166 -16.1461
0.000954551 -0.00365845 3.20861
0.0283038 -0.078261 -13.4543
-0.0246482 0.00133188 27.2196
0.0220486 -0.00535992 -13.2766
0.0417203 -0.00315888 -32.3412
0.43431 -0.155959 -427.174
-0.0546681 -0.029096 75.3307
-0.068865 -0.0414676 90.9634
-0.0825907 -0.0362298 105.391
-0.0942951 -0.0195177 116.972
-0.0696419 0.00555341 86.5378
-0.0526115 0.0834104 60.749
-0.044158 0.0839781 50.5265
-0.044158 0.0839781 50.5265
-0.0438521 0.0852143 50.1016
-0.0901387 1.01051 -61.7996
-0.0900019 1.00881 -61.6437
-0.067493 0.131991 29.7718
-0.0964873 0.082524 36.4584
-0.0705298 0.0686614 35.6721
-0.0834958 0.063491 37.0399
-0.100661 0.0612847 39.2237
-0.0796866 0.0340629 38.468
-0.0586012 0.00739533 37.3335
-0.0728529 0.0138035 39.8604
-0.105095 0.0153884 46.489
-0.140161 0.0226305 52.9927
-0.0846779 0.0176076 38.8035
-0.0634668 0.0291347 32.2187
0 0 -1
-0.0101665 -0.0800272 18.5156
0.0449876 -0.078691 -0.00604737
0.133593 -0.038874 -35.2312
-0.00363623 0.00230697 6.01773
-0.0077636 -0.0016903 8.08142
-0.00856678 -0.00639954 8.78496
0.0204174 -0.000382929 -4.78549
-0.0009962 0.00801682 5.44125
-0.0205784 -0.00131903 15.6052
-0.0149929 -0.0311471 15.6088
-0.0145153 -0.0108234 13.3404
0.000960293 -0.0443833 8.17647
0.003962 -0.0706535 9.05516
-0.00532713 -0.0325177 9.76357
-0.00105658 -0.0783647 13.2298
-0.028648 -0.114047 34.9345
-0.00129586 -0.0685055 11.6552
-0.0125397 -0.0621126 18.4917
0.0588874 -0.0598255 -31.5008
0.0658503 -0.074378 -36.8176
0.0104358 -0.107141 7.73729
-0.0131204 -0.0284983 18.92
-0.014554 -0.080103 22.184
-0.0602302 -0.0762965 61.0829
-0.00222801 -0.00329132 5.81328
0.0226027 -0.0257319 -11.6975
0.159853 0.00951503 -139.389
-0.111839 -0.00519811 108.844
0 0.0111629 5.26798
0.0187908 0.00199179 -10.3763
0.000473339 0.00736892 5.15744
0 0.00743413 5.61418
0.000906444 0.00730268 4.70137
-0.0314639 -0.0136374 50.5857
-0.0636567 -0.0405271 85.5568
-0.0719254 -0.0462277 94.6294
-0.0741365 -0.0329022 95.7669
-0.086888 -0.0183008 108.475
-0.0726296 0.00179634 90.0434
-9.67597e-13 -0.179102 35.1572
-9.91704e-13 -0.179102 35.1572
-0.044114 0.0853282 50.3581
-0.0417178 0.0862035 47.4238
-0.0890663 -0.0142296 48.3563
-0.0878266 -0.00888252 47.6824
-0.0942023 0.0438839 41.7331
-0.117958 0.0424016 42.3154
-0.0853132 0.043508 39.8387
-0.107245 0.0241354 45.1163
-0.12351 0.00504123 48.7678
-0.0755279 -0.0303607 45.1792
-0.0638038 -0.0153841 41.2117
-0.0892291 -0.0150424 46.6419
-0.131528 -0.023361 56.0949
-0.122204 0.0114492 49.7707
-0.0845221 0.00269749 40.6185
-0.0581243 0.00528331 33.0102
-0.0367723 -0.0385867 22.4009
0 0 -1
0.0718895 -0.103241 -7.7656
0.140823 0.0276491 -43.7644
-0.0100058 0.0048053 8.42312
-0.0154352 0.00104789 10.984
0.00703077 -0.0170262 3.28095
0.0180702 -0.016432 -1.72178
-0.00701021 -0.0297688 12.2128
-0.0261282 -0.0176698 20.8014
-0.035112 -0.0383843 26.8861
-0.0101808 -0.0412568 13.9398
0.00102257 -0.0479318 8.84463
0.00169423 -0.0421949 7.16631
-0.00221851 -0.0428531 10.1779
-0.0691098 -0.0777856 56.9954
-0.0150274 -0.0462328 18.137
-0.00539059 -0.0311517 9.8327
0.004423 -0.0392347 4.08089
0.00307393 -0.00396309 0.518588
0.0795732 0.0200981 -60.1192
0.0178129 -0.0402015 -5.20893
0.00553645 -0.0252789 2.44546
0.010429 -0.0183946 -2.18583
-0.0393348 -0.031372 40.0137
0 -0.0263474 6.87922
0 -0.0143322 5.4505
0.116044 0.0159385 -100.453
0.150387 0.00729017 -130.615
0.0136686 -0.0688674 2.58468
-0.201374 0.0213562 197.564
0 -0.0298451 9.77043
0 -0.0167398 7.95145
-0.0685156 0.269769 46.4464
-0.0606481 -0.0420067 82.3472
-0.0542608 -0.0677115 77.9446
-0.0484735 -0.0367301 68.0191
-0.0505933 -0.0196099 68.2965
0.0345189 -0.0710686 -9.55583
0.00380288 0.0543287 -4.29056
0.0158797 0.121319 -26.488
0.00223274 0.133687 -11.8119
-0.0109155 0.0994174 8.18292
-0.0302654 0.0876225 33.1728
-0.0901028 -0.0176075 48.8238
-0.0916302 -0.0169504 48.7722
-0.0845456 -0.0108291 47.8889
-0.107418 0.00705304 46.5385
-0.099893 -0.0151339 49.5698
-0.10825 -0.0227171 51.3581
-0.133862 -0.0222441 54.75
-0.121281 -0.0353842 53.796
-0.0620647 -0.0304568 42.9295
-0.0998285 -0.0508562 53.525
-0.109125 -0.02705 51.5744
-0.115946 -0.0192358 51.8085
-0.085321 -0.0121007 42.6866
-0.0768728 0.00115283 38.7931
-0.0711174 0.0117581 35.565
-0.0297416 -0.0178166 17.8893
-0.0174061 -0.015375 13.3037
0.0696937 0.0019533 -13.0527
-0.0128683 0.0056111 9.274
-0.0162525 0.0146944 9.58964
-0.0280406 0.012898 14.9594
-0.0134542 -0.015991 12.2514
-0.0116871 -0.0402487 15.5784
-0.0250695 -0.0465086 23.1481
-0.0139892 -0.0400169 15.51
-0.0247377 -0.0623292 26.7905
0.00438587 0.261117 -35.1251
-0.00436243 -0.0416868 10.2312
0.0107768 0.00500187 -1.54758
0.133887 -0.136683 -60.404
-0.0263768 0.118664 2.60423
-0.032053 -0.0734931 36.0653
0.00163499 -0.0252531 3.46344
0.00715107 -0.00676769 -2.92984
0.00434789 -0.0220273 1.92021
0.0171374 -0.0280833 -6.76032
0.0190024 -0.043432 -5.38373
0.0172976 -0.046274 -3.55829
0.322633 -0.0599803 -251.214
-0.012599 0.116438 -2.807
0.000182203 0.159175 -19.7567
0.177371 -0.585212 -78.0056
-0.0551554 0.112711 36.1316
-7.21431e-05 0.603169 -80.835
-0.00634766 -0.494059 83.6281
0.00936594 -0.0863779 10.4122
-0.0318024 -0.132947 58.0331
-0.013563 -0.144556 41.6558
0.0240046 -0.00563685 -14.7359
0.00771809 -0.052837 9.46592
-0.0080045 -0.0472961 25.4045
-0.0248348 -0.0165112 39.3673
0.0108853 0.0599915 -11.8958
0.0220276 0.113103 -32.7011
0.0318197 0.131864 -46.5792
0.0167628 0.145749 -30.7044
0.192508 0.660498 -313.407
0.084557 0.350092 -133.698
-0.0811867 -0.0253286 49.8665
-0.0849795 -0.0164177 48.5535
-0.105282 -0.0161082 49.4561
-0.10141 -0.0297299 51.2674
-0.113303 -0.0548254 56.0486
-0.116658 -0.0649914 57.9668
-0.113941 -0.0325092 51.9572
-0.113112 -0.0161699 48.9764
-0.0797864 -0.0343282 46.2811
-0.0972534 -0.0379231 50.2326
-0.107491 -0.0192958 49.5925
-0.102543 -0.0219264 48.5781
-0.0695199 0.000892713 36.5073
-0.0614328 0.00727159 33.3347
-0.073578 0.00552744 37.2737
-0.0105068 0.00274973 8.94556
-0.00820763 0.0189473 5.47886
0.153494 -0.0216886 -41.3493
-0.0089819 0.0638315 -1.29657
-0.0167563 0.0606466 2.6586
-0.0407916 0.0555039 13.9189
-0.0284306 0.013383 14.919
-0.0343653 -0.0122898 22.4542
-0.0351493 -0.0166832 23.1124
-0.0351493 -0.0166832 23.1124
-0.0173289 -0.011346 12.8472
-0.0146762 0.000802731 9.88523
-0.0054596 -0.0214469 7.81615
0.00665109 -0.0442648 4.34531
-0.00119956 -0.0287948 6.45383
0.00107215 0.106452 -17.26
-0.0165372 0.0268998 9.75489
-0.0143954 0.0273032 7.35221
-0.00579645 0.0129143 4.12646
0.0147489 -0.0157809 -6.81857
-0.0843422 -0.320966 117.362
0.0511066 0.0859487 -51.4229
0.215005 -0.231351 -130.526
0.0103072 -0.017619 -3.03562
0.0271417 -0.0173715 -16.6828
0.00615082 -0.00686531 -1.11951
0.0498014 -0.0573184 -31.2147
0.0327211 -0.00324772 -23.9536
0.00246495 -0.01593 5.2271
-0.630246 0.0286458 607.35
0.751231 0.0982694 -731.351
-0.417969 0.117188 423.879
-0.0448049 0.0165006 72.601
-0.0386312 0.0607486 40.3819
0.00397959 -0.0156577 7.43606
0 -0.175836 36.3555
0.0145343 -0.00973189 -5.09707
0.0169635 0.0320092 -14.9162
0.0404693 0.115643 -54.0826
0.0452256 0.141749 -63.6686
0.0487028 0.174569 -73.0762
0.0690462 -0.129974 -43.7249
0.0316432 -0.0836772 -5.60117
-0.0689389 -0.0276076 50.0495
-0.0653794 -0.0123392 47.1247
-0.0468894 0.030761 37.7562
-0.0754641 0.059708 33.7254
-0.113991 -0.0343038 52.4588
-0.121318 -0.0106752 49.3186
-0.110041 -0.00440488 46.692
-0.12242 0.0152181 45.2944
-0.111151 0.00905604 44.6812
-0.0931216 -0.00885169 44.5943
-0.0949186 -0.00494476 44.3088
-0.0894838 0.00975713 40.2219
-0.0634133 0.0261118 30.4651
-0.0708084 0.0139105 35.3316
-0.0846192 -0.00349846 43.2429
-0.0648433 0.0176184 32.3872
-0.116514 -0.0110001 54.4092
0.144475 -0.0218817 -38.5737
-0.057977 0.0932631 14.0761
-0.028383 0.0774885 4.60579
-0.0812786 0.11166 20.9353
-0.0507299 0.0541154 18.6825
-0.049885 0.0238864 24.0897
-0.0567029 -0.0192536 34.9968
-0.172612 -0.0655743 118.871
-0.0458559 0.144724 5.58142
-0.200068 -0.0444846 128.787
0.0168126 0.0244983 -4.31158
0.000723533 0.0274053 5.1554
0.0116038 0.249232 -49.9626
-0.0409759 0.135227 7.00008
-0.00409435 0.0990527 -11.9019
-0.0137776 0.0613698 1.21544
-0.0199056 0.151624 -12.2764
-0.0139375 0.0729619 -1.42881
0.00620757 0.00999201 -4.98009
0.0486918 -0.027479 -31.5823
0.00984506 -0.0225983 -1.4584
0.0136412 -0.0180599 -5.76829
-0.00470365 -0.00527954 6.62764
0.02299 -0.0146792 -13.3331
0 -0.00966908 2.53254
0.189098 0.230235 -207.137
0.0343004 -0.00556791 -24.8434
0.00350313 -0.0309619 18.2313
-0.03125 -0.189453 83.9225
0.328125 -0.0507812 -286.324
0.0351943 -0.0131915 -23.5002
-0.0371348 0.0705952 36.9463
0.00475618 -0.0505418 12.2011
-0.0129005 -0.0622224 33.3772
0.0189072 -0.0774253 1.50146
0.056373 -0.0833255 -39.3493
0.0817982 -0.117231 -61.9218
0.0717942 -0.12677 -48.2316
0.0779054 -0.118838 -57.1651
0.0838193 -0.126873 -62.5198
0.0632428 -0.111946 -39.9397
-0.0562126 -0.0252677 49.4147
-0.049641 -0.000190617 44.0768
-0.0193298 0.0309053 36.2681
-0.0134079 0.0394506 34.8116
-0.0277865 0.0367288 36.0174
-0.082662 0.00119229 49.7901
-0.122208 0.00150804 54.1585
-0.352016 0.0771714 72.3724
-0.206074 -0.0939482 82.1
-0.0869672 -0.0324478 48.209
-0.0834319 0.0211743 36.8072
-0.0883477 0.0164211 39.198
-0.0996741 -0.0273597 50.8163
-0.0952713 -0.0743926 58.7074
-0.0941653 -0.0660959 57.5723
-0.0834352 -0.021814 44.6648
0.0332228 0.232846 -49.3022
-0.00679536 0.14126 -14.3817
-0.0111943 -0.141286 44.8325
0.032995 -0.0368816 4.18786
0.0281243 0.120493 6.09035
-0.284848 -0.963342 358.882
0.0597305 0.0858066 -4.21836
0.00567459 0.201579 -32.9343
-0.130789 -0.0869886 100.733
-0.128259 0.136813 53.7004
-0.0406153 0.187959 -6.05324
0.0267606 0.118488 -29.8929
-0.00768413 0.0439903 6.03191
-0.0129107 0.258376 -35.2904
0.0392106 0.22213 -62.1994
-0.0732065 0.121164 32.6189
-0.0457365 0.134164 10.1914
-0.00307939 0.023201 0.481401
-0.0444916 0.12804 10.5762
0.0229283 -0.00336898 -15.1819
0.0135361 -0.0257422 -3.76763
0.0151791 -0.0133464 -5.72789
0.00860824 -0.0105891 -2.91668
0.00300188 -0.01392 2.70767
0.00648035 -0.0113751 -0.71039
0.0117095 -0.0154942 -4.10938
0.0672871 -0.0829706 -34.63
0 -0.263303 63.5786
0.115085 0.109342 -118.466
-0.0453002 0.0885808 40.299
-0.03271 0.0868038 28.0842
-0.00529561 0.0805021 1.52816
0.0608813 0.0274682 -56.8079
-0.0328768 -0.0649391 55.5794
0.0336642 -0.0170174 -21.0438
0.0398791 -0.103309 -16.8419
0.0514026 -0.0984717 -30.842
0.0667872 -0.107412 -46.7952
0.062623 -0.118961 -39.2296
0.0617223 -0.124766 -36.6866
0.0686366 -0.125531 -44.5869
0.0930568 -0.126774 -73.6466
-0.01807 0.111444 -2.32994
-0.0223512 0.114192 -2.81127
-0.0189137 0.169492 -17.0137
-0.025504 0.210339 -25.7069
-0.0157215 0.251082 -36.8085
0.0293284 0.23265 -37.8323
0.00165601 0.22652 -32.5783
-0.0390111 0.208127 -22.504
0.0011114 0.239737 -36.8963
-0.138157 0.0093707 43.194
0.00543342 0.264466 -44.6936
-0.0041716 0.264712 -42.5976
-0.0402674 0.262925 -32.7683
0.0415873 0.198289 -41.2593
-0.0226666 0.263512 -36.0399
0.00461715 0.278801 -48.7774
0.0177862 0.293771 -56.1688
0.0132458 0.271254 -49.811
-0.0282843 0.240259 -26.5984
-0.0244219 0.274446 -35.3458
0.0419874 0.648659 -150.898
-0.25217 -0.0671658 153.952
0.0328777 0.144855 -28.1602
-0.0205389 0.229074 -25.5593
-0.00529629 0.262128 -40.8156
-0.0337242 0.247905 -22.5048
-0.0647706 0.249389 -5.00452
0.00303067 0.135036 -19.8398
0.043258 0.207752 -59.1977
0.0226197 0.262634 -58.6544
0.0359089 0.306287 -76.9697
0.0804521 0.261923 -96.012
-0.0537846 0.0460394 46.8775
0.283954 0.126111 -211.808
0.0281025 0.124989 -40.1485
-0.0238507 0.151678 -8.80206
0.0162828 -0.00619735 -8.61826
0.0198331 -0.0172471 -8.34002
0.0052298 -0.00146199 -0.953901
0.0309312 -0.0166565 -18.5168
0.0350078 -0.017336 -22.33
0.0299093 -0.0151665 -18.0128
-0.100749 -0.145036 142.114
-0.0722263 -0.0951555 104.249
0.0812571 0.151211 -94.8137
-0.0377108 0.11018 25.2552
-0.0400346 0.0918943 34.2637
0.109598 0.0461658 -110.052
0.130858 0.051391 -133.144
0.0597078 0.0839881 -66.1354
-0.340176 -0.0245018 388.82
0.0276365 -0.0378859 -14.8014
0.201954 -0.0606472 -206.988
0.21642 0.31808 -314.667
0.0311479 0.109534 -44.0922
-0.0909256 -0.145783 155.93
-0.0900233 -0.142336 153.994
-0.0810384 -0.169467 149.6
-0.0161859 0.113692 -2.92926
-0.0244758 0.127461 -6.23349
-0.00912009 0.213719 -28.4198
0.0189249 0.249965 -39.3772
-0.00125491 0.29083 -48.1817
0.0126392 0.257521 -41.6883
0.0143523 0.282812 -48.5326
-0.0309967 0.272175 -38.8171
-0.00970746 0.260782 -39.9224
-0.0186697 0.27685 -41.9232
-0.00380773 0.305343 -51.9932
-0.0229105 0.273841 -39.7568
-0.0419441 0.280492 -36.9023
0.00118933 0.23812 -39.6518
0.0360859 0.25922 -53.9524
0.0274964 0.270256 -53.2973
-0.00259332 0.30144 -51.1462
0.00616851 0.267125 -45.6185
-0.0138846 0.29524 -44.4835
-0.0322478 0.298232 -37.4146
-0.0229015 0.256179 -31.4056
0.02248 0.156539 -26.1893
-0.0247254 0.220718 -19.0646
-0.0427359 0.265754 -22.3076
-0.0219372 0.265897 -33.1077
-0.0343824 0.277816 -28.5196
-0.024636 0.26091 -30.2129
-0.171841 0.0268812 122.847
-0.00947744 -0.0623381 46.902
0.0611804 0.230042 -75.3576
0.0970213 0.251816 -104.142
0.0903552 0.262419 -102.274
0.153803 0.247323 -141.273
-0.00162882 0.233688 -37.2699
-0.00162882 0.233688 -37.2699
-0.00163017 0.233688 -37.269
-0.00163017 0.233688 -37.269
0 0.242996 -40.8697
0.00405826 0.271332 -51.0484
-0.0151647 0.269687 -34.3207
0.00424761 0.239601 -43.7687
-0.0188895 0.253124 -26.3494
0.00783773 0.241228 -47.6119
-0.021047 0.266336 -26.7256
-0.00484281 0.0772965 3.71137
0 0.242996 -40.8697
0 0.0812145 -1.88924
0.0144328 0.26841 -61.7703
0.0510043 0.0919936 -58.772
0 0.0709517 -5.90149
0.083084 0.153135 -115.909
-0.0631116 0.119901 51.8874
0.082881 0.103408 -102.262
0.0564603 0.104328 -72.5925
0.0380257 0.0191434 -31.4165
0.118096 -0.113012 -85.7678
-0.0989094 -0.184547 174.788
-0.71224 1.1888 604.72
0.0165968 0.126509 -6.71291
0.0481284 -0.38821 125.773
0.0622805 0.227015 -34.6938
0.0261519 0.417745 -84.2001
0.00896095 0.283554 -47.1916
0.0263838 0.329246 -61.1606
-0.0118267 0.316567 -53.0352
-0.0988758 0.325295 -41.4114
-0.00716811 0.313159 -53.5981
0.00692619 0.313596 -56.2926
0.0113446 0.300969 -53.4337
-0.0171965 0.288115 -44.6434
-0.0264801 0.279992 -40.3159
0.00142761 0.279667 -49.0197
-0.025704 0.311238 -50.2416
0.046788 0.228867 -49.7885
0.0150138 0.268475 -48.2596
0.00898595 0.289427 -51.7811
0.058096 0.234849 -56.1751
0.00144468 0.29369 -49.833
0.026695 0.19503 -33.3886
-0.0390723 0.024503 43.6168
-0.0711799 0.226992 3.06911
-0.0544635 0.236411 -7.66151
-0.0171929 0.266153 -35.0711
-0.0613339 0.2728 -11.6431
-0.0701305 0.288989 -11.5164
-0.244194 0.11141 145.086
-0.0731632 -0.0568688 84.0877
0.0878403 0.199676 -85.4775
-0.0238228 0.726992 -147.301
0.099378 0.253983 -106.453
0.0596803 0.274541 -84.4193
0.0767124 0.318545 -109.673
-0.0180229 0.725757 -158.143
-0.0180229 0.725757 -158.143
-0.0180229 0.725757 -158.143
0.137256 0.787676 -299.887
-0.050285 0.771701 -143.413
0 0.734295 -174.824
0 0.79713 -192.229
0.0775664 0.730721 -243.95
0.0413792 0.799884 -231.364
-0.0331076 0.757161 -150.156
0.0202782 0.682848 -179.947
0.0636848 0.850746 -269.234
0 0.775306 -186.63
-0.0410537 0.806303 -152.492
0.0182042 0.907396 -240.333
0.0487418 0.78883 -242.26
-0.0269759 0.893299 -188.096
-0.0343335 0.894818 -180.412
0.0215571 0.362298 -100.307
0.00985064 0.375751 -91.003
0.0991006 -0.0511635 -80.4861
-0.0345016 -0.315028 150.626
0.0704526 -0.281909 15.7949
-0.0345016 -0.315028 150.626
0.0433775 0.111365 -2.91943
0.0593747 0.100616 -0.376785
0.0629791 0.0970708 0.798278
-0.0306157 -0.13173 72.7853
-0.0510263 -0.172091 85.9735
-0.00367953 0.317942 -54.8264
-0.00853678 0.308959 -51.0453
-0.031773 0.316014 -49.9216
-0.0108015 0.321307 -55.346
-0.013972 0.299894 -47.811
-0.00391184 0.294483 -49.7298
-0.00297186 0.32912 -60.7723
0.00691474 0.414636 -87.4551
-0.00906475 0.416539 -84.8619
0.0118623 0.237128 -40.7837
0.0415353 0.229257 -48.134
0.056028 0.23024 -53.1087
0.0283378 0.263964 -52.2162
0.0393067 0.268475 -57.7427
0.00844028 0.264443 -43.6026
-0.00554861 0.257404 -36.9903
-0.0301706 0.241301 -20.7295
-0.0501289 0.240651 -10.7901
-0.052241 0.241247 -10.5022
0.00936909 -0.0367427 52.5624
-0.012576 0.238309 -29.8924
0.20537 0.279444 -162.17
-0.143378 0.619476 -58.8482
0.221475 0.130055 -141.647
-0.244394 0.104684 157.024
0.0163326 0.292396 -59.1963
0.0282795 0.306172 -71.3772
0.0552845 0.292055 -86.4932
0.0802056 0.276533 -100.194
0.124639 0.246233 -123.613
0.120394 0.21958 -112.947
0.126434 0.234357 -121.9
-0.0116276 0.25308 -23.5396
0 0.248584 -31.4849
0.089263 0.145504 -77.3481
-0.0994158 0.168701 78.9841
-0.0461871 0.200524 24.2888
0 0.0284738 32.1962
0.0170494 0.049378 11.4058
0.017308 0.0452917 12.3711
0.0168104 0.0254305 18.7416
0.0700731 0.210145 -90.3822
0.0608481 0.189033 -75.9592
0 0.284832 -42.3644
-0.000580386 0.0622238 22.9275
-0.0259987 0.151582 24.569
-0.0448552 0.132026 50.7594
-0.0115452 0.168722 5.6591
-0.0115452 0.168722 5.6591
-0.0115452 0.168722 5.6591
-0.0115452 0.168722 5.6591
-0.0115693 0.168757 5.67774
-0.0115462 0.168721 5.66031
-0.118774 -0.100964 88.9914
-0.117013 -0.10605 90.5445
-0.115602 -0.113155 92.7323
-0.13891 0.0985812 29.08
-0.10142 0.239462 -19.1394
-0.0264781 0.299061 -45.6681
-0.000567164 0.303586 -51.0878
0.00652466 0.278969 -44.309
-0.00781043 0.308971 -51.6956
-0.027647 0.31457 -49.3501
-0.00850328 0.335592 -60.3404
0.0113503 0.363984 -73.8917
0.0491794 0.38984 -91.6826
0.0696993 0.435934 -111.735
0.0274621 0.229301 -43.4622
0.00563554 0.202591 -13.5696
-0.025699 0.145822 15.5524
-0.0850666 0.132778 40.7817
-0.115936 0.170415 40.8387
-0.114527 0.257355 11.1915
-0.0459285 0.258036 -18.8065
-0.0261294 0.247939 -24.5664
-0.00638834 0.210966 -22.5897
0.235618 0.0503048 -91.7597
0.00850303 -0.0223542 48.4972
-0.0188101 -0.0190724 62.4238
-0.0428904 0.031119 59.9616
-0.0366178 0.0574127 48.1586
-0.0155818 0.176563 -2.3971
-0.00602929 0.232483 -25.8127
0.00573664 0.297507 -53.7719
0.0144411 0.281806 -54.6347
0.0450091 0.27932 -75.2532
0.0537453 0.295403 -86.3429
0.063724 0.277068 -88.0743
0.0583445 0.274644 -83.3987
0.136121 0.233087 -129.163
0 0.0929032 15.8146
0 0.0929032 15.8146
0 0.0929032 15.8146
0 0.0929032 15.8146
-0.00391876 0.098876 17.4748
0 0.0929032 15.8146
0.0138642 0.0488505 14.5665
0.00991956 0.0419383 20.4475
0.00903331 0.0258875 26.2829
0.0128507 0.0124946 26.6062
0.0189041 -0.00588165 26.1302
0.0186743 0.0366438 13.1226
0.00973238 0.114765 -2.10563
0.0147973 0.168059 -24.388
0.0134674 0.167561 -22.7693
0.0109693 0.162812 -18.4776
-0.0115452 0.168722 5.6591
0.0605657 0.308375 -155.805
-0.053111 -0.0790732 115.903
-0.0501983 -0.078873 112.236
0.0617223 -0.124766 -36.6866
-0.123596 -0.100435 88.891
-0.126284 -0.103249 89.9162
-0.133889 -0.0915412 86.3372
-0.12551 -0.116314 93.8433
-0.0437878 0.285319 -39.4122
-0.0342663 0.295219 -43.2479
0.00317338 0.285513 -45.5386
-0.00385312 0.126231 8.20464
-0.00406152 0.259506 -36.161
0.01451 0.244579 -34.9454
0.024427 0.285793 -51.1779
0.046258 0.336421 -73.1076
0.0516886 0.370829 -85.8983
0.0387009 0.0552093 22.1703
0.0217938 0.263255 -39.5139
-0.00944464 0.223996 -15.1907
-0.0385464 0.191016 5.27517
-0.0820643 0.169354 28.0362
-0.100072 0.201381 24.5311
0.134933 0.101525 -37.8832
0.0459013 0.0500218 18.2387
0.0407596 0.0430795 22.9534
-0.0717429 0.864352 -202.529
0.0547321 0.0288963 6.94304
0.0273726 -0.0253826 39.002
0.00897553 -0.0203876 47.1734
-0.0123075 0.0166751 47.0659
-0.00107236 0.0428872 32.1141
0.027061 0.148791 -43.6476
-0.0348433 0.141707 47.0891
-0.00462842 0.312907 -51.8836
-0.00301001 0.306433 -50.8533
0.0117946 0.311583 -63
0.0505448 0.277288 -78.6128
0.0374329 0.288271 -72.3543
0.078473 0.221165 -80.4274
0.126418 0.186432 -105.766
0.0991826 0.218997 -95.8891
0.0038405 0.023188 31.9612
0 0.024018 34.8961
0.0321107 0.0433323 0.711529
0.0398951 0.0230218 -0.478682
-0.0439645 0.0194545 76.7418
0.00203073 0.0504108 25.2049
-0.00324399 0.039957 33.7183
-0.00752999 0.0252481 42.7552
-0.00917477 0.00885227 49.8215
0.0811945 0.00564744 -42.0419
-0.00755243 -0.0969308 54.5689
-0.00761632 -0.0954784 54.1383
-0.00540771 -0.0925885 50.7646
0.00086779 -0.088137 42.3474
0.0437148 -0.0124619 -33.1015
0.0576093 -0.0198608 -46.267
0.0602957 -0.0172876 -50.1402
-0.0549056 -0.139608 137.39
-0.0542911 -0.0795089 117.473
0 0.156611 -36.7849
-0.0396155 0.176418 -0.826821
-0.0388962 0.17695 -1.06903
-0.0328039 0.17813 -1.81343
-0.0287034 0.272025 -35.2798
-0.0329404 0.225014 -19.1505
-0.0266297 0.259861 -32.47
-0.0579907 0.247406 -23.0578
-0.023885 0.278832 -40.3781
0.00225244 0.246901 -33.4
0.0242979 0.219805 -28.522
0.0641111 0.277809 -57.4055
0.0766897 0.321041 -75.4976
0.0673753 0.344567 -81.329
0.0571319 0.313805 -67.5788
0.0138274 0.269866 -39.0496
-0.0410739 0.211717 -0.401167
-0.0895676 0.188833 24.176
-0.0812385 0.174245 25.829
-0.0421215 0.167663 12.7135
0.0171436 0.104171 11.1216
0.0417747 0.0531918 18.871
0.0364137 0.0533002 21.3192
0.0284028 0.0692868 19.4422
0.0176254 0.0932892 16.2249
0.00734373 0.121816 11.3638
-0.00261298 0.15335 5.46906
-0.0119788 0.186565 -1.15277
-0.0184061 0.22101 -9.72946
-0.0213298 0.255858 -20.4409
-0.0182073 0.28934 -34.399
-0.00732552 0.319249 -52.1927
0.000164536 0.323039 -58.5761
0.00523553 0.334076 -65.9482
0.0378932 0.278954 -69.9962
0.0382317 0.272609 -67.5743
0.04918 0.269644 -75.0016
0.0801127 0.234319 -86.3225
0.00825052 0.248303 -35.0906
0 0.292494 -44.9648
0.0223114 -0.0140048 -11.478
-0.000597889 0.291907 -44.2348
0 0.278119 -39.8866
0.0166361 -0.0472825 77.6297
0.0745432 0.162223 -52.7011
-0.000792575 -0.0637621 100.461
0.00137823 0.259355 -34.7071
0.00126608 0.258627 -34.335
0.000872906 0.257484 -33.5287
0.000369736 0.256232 -32.5625
6.2628e-05 0.25511 -31.84
5.01506e-05 0.254243 -31.5194
0.000254396 0.253665 -31.5387
0.000286407 0.253141 -31.3794
0.000251007 0.253135 -31.3357
0.000251007 0.253135 -31.3357
0.000251007 0.253135 -31.3357
0.000251007 0.253135 -31.3357
0.000251007 0.253135 -31.3357
-7.19026e-15 0.158594 -19.5488
-7.19026e-15 0.158594 -19.5488
-0.0378162 0.169402 1.5005
-0.0381167 0.177093 -1.19279
-0.0463783 0.21404 -13.905
0.196672 -6.73279 2503.39
0.00767973 0.0123556 34.2601
0.00498536 0.0136398 34.1258
0.00312942 0.012708 34.7891
0.00169779 0.0119062 35.361
0.000683108 0.01125 35.8207
2.46614e-05 0.010751 36.1595
-0.000322718 0.0104172 36.3716
-0.000439987 0.0102525 36.4647
-0.000439987 0.0102525 36.4647
-0.0977792 0.204864 21.087
-0.096239 0.196236 23.5824
-0.0900045 0.172364 29.8191
-0.0464258 0.134497 26.595
-0.00956431 0.112213 19.6113
0.0318456 0.0684794 17.8167
0.0368873 0.0583659 19.3005
0.036359 0.0645435 17.3064
0.0330087 0.0911944 9.16403
0.0248119 0.120606 2.5583
0.0159993 0.152695 -4.54603
0.00783983 0.186152 -12.3438
0.00169638 0.220923 -21.63
-0.00112594 0.256375 -33.0482
-0.00111469 0.290521 -45.6923
0.000515779 0.31791 -56.8717
0.000716213 0.323375 -59.0046
-0.00338593 0.319204 -54.5638
0.0144045 0.298399 -59.8405
0.0437298 0.269439 -70.7462
0.0428232 0.282569 -74.5076
0.045925 0.24219 -62.5271
0.030809 0.252158 -54.4292
-0.0160125 -0.226153 161.078
0.0251584 -0.0169298 -13.0097
0 0.00993304 60.7041
0 -0.257394 159.444
-0.0906399 0.0100556 155.544
0.0152329 -0.0425932 77.312
0.0405575 -0.0328345 50.104
-0.00333346 -0.0613003 101.99
-0.00333346 -0.0613003 101.99
1.26826e-06 -0.608984 290.495
-7.40809e-07 -0.0515625 94.9723
-7.40314e-07 -0.0515625 94.9723
-7.39704e-07 -0.0515625 94.9723
-7.39704e-07 -0.0515625 94.9723
3.80479e-06 -0.608984 290.492
1.25453e-12 -0.0515625 94.9715
1.25453e-12 -0.0515625 94.9715
3.30851e-06 -0.608984 290.492
2.20567e-06 -0.0515625 94.9688
0 -0.608984 290.496
