0 1 3
1 2 2
2 3 0
3 4 1
4 5 0
5 6 1
6 7 3
7 8 3
8 9 1
9 10 0
10 11 3
11 12 3
12 13 3
13 14 3
14 15 3
15 16 3
16 18 2
18 19 2
19 20 0
20 21 1
21 22 3
22 23 0
23 24 3
24 25 3
25 26 3
26 27 3
27 88 3
31 88 0
31 32 0
32 33 0
33 34 3
34 35 3
35 36 3
36 94 3
38 94 0
38 93 0
93 216 3
44 216 0
44 45 3
45 46 3
46 397 0
106 397 3
106 107 3
107 167 1
167 230 0
230 289 3
27 87 3
87 88 3
10 68 1
9 68 2
16 75 3
18 75 3
9 67 0
21 79 0
67 68 3
15 74 3
16 74 3
23 81 3
27 86 3
22 81 0
8 67 3
18 76 3
31 90 2
19 76 2
32 90 0
12 70 3
13 71 3
7 66 3
8 66 3
13 70 3
14 71 3
86 87 3
34 92 3
35 92 3
3 61 1
5 63 1
24 82 3
0 58 1
1 59 1
2 60 1
2 61 1
4 62 0
6 63 3
70 71 3
20 79 0
25 82 3
26 84 3
26 86 3
32 91 0
33 91 3
58 59 3
59 60 3
61 62 2
62 63 2
6 64 3
7 64 3
66 67 3
10 69 3
11 69 3
15 73 3
22 79 0
81 82 3
34 91 3
35 151 3
60 61 3
14 73 3
19 135 0
26 85 3
85 86 3
36 151 3
7 123 3
11 70 3
73 74 3
74 75 3
20 135 0
25 84 3
38 155 0
64 123 3
68 69 0
88 90 3
91 92 3
93 155 3
63 64 3
66 123 3
69 70 3
90 91 1
71 73 3
75 76 2
84 85 3
36 152 3
94 152 3
94 153 3
76 135 2
38 153 0
76 134 0
79 135 3
92 151 3
45 220 0
151 152 3
152 153 3
46 220 0
22 138 3
81 138 1
25 258 3
45 216 0
79 138 1
82 258 3
84 258 3
71 129 3
216 220 3
73 129 3
87 146 3
38 154 0
79 137 3
88 146 3
90 148 1
153 154 3
154 155 3
63 122 3
64 122 3
135 137 3
91 148 1
137 138 1
86 201 3
106 399 3
62 120 0
66 124 3
67 124 3
67 125 3
69 127 3
87 201 3
92 150 3
107 399 3
124 125 3
68 125 3
68 127 0
73 131 3
82 139 3
91 150 3
159 216 3
70 129 3
129 131 3
134 135 3
81 139 3
82 140 3
93 159 3
159 220 3
58 116 0
59 117 0
60 118 0
61 119 0
63 121 3
68 126 0
129 187 3
75 133 3
85 201 3
88 206 1
91 149 3
116 117 3
117 118 3
118 119 3
119 120 1
120 121 0
126 127 1
74 133 3
76 133 2
139 140 3
146 206 1
88 148 1
148 149 0
149 150 3
121 122 3
125 126 2
138 139 0
150 151 3
46 221 0
122 123 3
123 124 3
140 258 3
148 206 2
221 397 3
397 399 3
70 127 3
74 131 3
87 204 3
220 221 3
131 132 3
74 132 3
135 194 3
137 194 3
146 204 3
155 214 3
93 214 3
107 230 3
201 204 3
133 134 0
137 195 3
194 195 3
127 129 3
120 178 0
187 188 3
132 133 3
107 398 3
121 178 3
129 188 3
131 188 3
230 398 3
119 178 1
135 193 3
219 220 3
125 183 3
127 186 3
129 186 2
134 193 3
137 196 3
138 196 0
201 203 3
203 204 3
159 219 3
126 183 2
134 192 3
152 209 3
152 210 3
230 347 3
289 347 3
126 185 1
127 185 3
195 196 3
139 197 3
140 197 3
149 207 3
150 207 3
151 209 3
153 210 3
219 221 3
121 179 3
122 179 3
124 183 3
133 191 3
192 193 3
193 194 3
84 259 3
85 259 3
146 262 3
206 262 0
116 174 1
117 175 1
118 176 1
122 180 3
123 180 3
123 181 3
124 182 3
132 188 3
139 196 3
140 256 3
258 259 3
149 206 3
154 213 3
155 213 3
174 175 3
175 176 3
119 176 1
119 177 1
178 179 3
181 182 3
126 184 1
185 186 3
204 262 3
150 209 3
153 211 3
213 214 3
176 177 3
177 178 3
179 180 3
180 181 3
188 247 3
134 191 1
210 211 3
154 211 3
279 397 3
183 184 3
184 185 3
197 256 3
207 209 3
209 210 3
221 279 3
279 399 3
191 250 0
191 192 0
182 183 3
192 250 3
206 207 3
196 197 3
398 399 3
186 187 3
159 214 3
230 401 3
186 245 3
211 213 3
280 399 3
347 401 3
187 245 3
132 191 3
279 280 3
132 248 3
398 401 3
188 248 3
256 258 3
159 275 3
258 315 3
201 259 3
214 275 3
191 248 3
259 315 3
206 264 0
219 278 3
221 278 3
178 236 3
179 236 3
207 264 0
185 244 3
203 259 3
219 275 3
180 238 3
186 244 3
194 252 3
195 252 3
177 236 3
256 315 3
206 263 0
180 239 3
181 239 3
247 248 3
195 254 3
196 254 3
204 261 3
262 263 3
174 232 3
175 233 3
176 234 3
177 235 3
179 237 3
182 240 3
184 242 3
203 261 3
263 264 3
232 233 3
233 234 3
234 235 3
235 236 3
180 237 3
239 240 3
183 240 3
183 241 3
183 242 3
185 242 3
192 251 3
193 251 3
236 237 3
238 239 3
240 241 3
241 242 3
185 243 3
250 251 3
197 254 3
207 266 2
209 266 2
209 267 3
210 267 3
237 238 3
243 244 3
188 245 1
188 304 3
247 304 3
197 255 3
259 260 3
203 260 3
261 262 3
278 279 3
193 252 3
254 255 3
211 269 3
244 245 3
245 303 0
210 268 3
210 269 3
242 243 3
251 252 3
255 256 3
315 317 3
260 261 3
266 267 3
188 303 3
259 317 3
262 379 3
267 268 3
261 379 3
264 266 3
211 212 3
212 213 3
303 304 3
254 370 3
255 370 3
212 269 3
214 445 3
280 339 1
339 399 0
252 311 3
195 311 3
254 311 3
260 375 3
213 445 3
339 398 0
275 445 3
275 334 1
275 278 3
278 334 1
252 310 3
212 445 3
248 306 3
398 400 3
237 295 3
238 297 3
239 297 3
260 317 3
278 336 3
279 336 3
400 401 3
310 311 3
255 314 3
263 379 3
236 294 3
191 306 0
256 314 3
268 269 3
234 292 3
235 294 3
237 294 3
238 296 3
242 300 3
242 301 3
243 301 3
243 302 3
244 302 3
191 366 0
250 366 3
314 315 3
232 290 3
233 291 3
233 292 3
235 292 3
237 296 3
296 297 3
240 299 3
241 299 3
241 300 3
250 308 3
260 376 3
290 291 3
291 292 3
294 295 3
245 361 3
306 366 3
306 307 1
251 308 3
375 376 3
261 376 3
235 293 3
240 298 3
300 301 3
245 302 3
303 361 1
307 366 0
251 309 3
252 309 3
376 377 3
264 379 3
334 445 0
295 296 3
240 297 3
298 299 3
247 306 3
308 366 3
308 309 3
266 379 2
266 324 3
292 293 3
304 306 3
309 310 3
316 317 3
324 381 3
293 294 3
299 300 3
301 302 3
302 361 3
255 371 3
267 324 3
280 336 3
297 298 3
324 379 3
370 371 3
379 382 3
324 382 3
268 324 0
315 316 3
315 373 3
316 373 3
336 339 1
381 382 3
268 383 0
306 364 3
307 364 0
314 371 3
317 375 3
261 378 3
303 362 3
304 362 3
376 378 3
378 379 3
324 383 3
383 440 3
304 363 3
306 363 3
377 378 3
391 445 3
334 391 0
334 336 2
301 359 3
363 364 3
311 370 3
314 372 3
212 447 3
445 447 3
334 393 2
296 354 3
336 393 3
339 454 0
398 454 3
297 354 3
400 454 3
295 353 3
299 357 3
309 368 3
310 368 3
316 375 3
292 350 3
293 350 3
295 352 3
296 353 3
297 356 3
298 356 3
362 363 3
391 447 3
294 352 3
300 358 3
212 444 3
290 348 3
291 349 3
291 350 3
353 354 3
299 356 3
302 359 3
302 360 3
308 367 3
309 367 3
315 372 3
316 374 3
269 444 3
348 349 3
349 350 3
352 353 3
354 356 3
356 357 3
357 358 3
359 360 3
360 361 3
311 368 3
371 372 3
293 352 3
361 362 0
336 394 3
300 359 3
307 365 3
372 373 3
373 374 3
393 394 3
364 365 1
365 366 0
366 367 3
367 368 3
324 495 3
401 402 3
374 375 3
381 495 3
268 325 3
347 402 3
311 427 3
370 427 3
325 383 3
268 444 3
358 359 3
368 427 3
383 495 3
444 447 3
454 514 3
400 514 3
391 393 3
336 453 3
339 453 0
382 495 3
446 447 3
350 352 3
365 424 0
366 424 3
391 446 3
356 413 3
394 453 3
354 413 3
400 402 3
353 412 3
354 412 3
514 572 3
350 410 3
370 428 3
371 428 3
453 454 3
350 408 3
427 428 3
378 382 3
349 408 3
378 495 3
383 558 3
325 558 3
357 414 3
361 419 3
367 425 3
371 429 3
409 410 3
352 410 3
353 411 3
356 414 3
358 416 3
362 419 1
367 424 3
368 425 1
368 426 3
426 427 3
428 429 3
374 433 3
440 558 3
444 499 3
447 499 3
349 407 3
411 412 3
357 416 3
359 416 3
363 422 3
364 422 3
372 429 3
374 432 3
375 433 3
348 406 3
407 408 3
357 415 3
415 416 3
359 417 3
360 418 3
362 420 3
365 422 0
406 407 3
414 415 3
416 417 3
417 418 3
418 419 3
419 420 0
363 420 3
425 426 0
376 433 3
376 434 3
454 513 3
513 514 3
408 410 3
412 413 3
363 421 3
432 433 3
433 434 3
494 495 3
446 499 3
400 517 1
408 409 3
420 421 3
421 422 3
365 423 3
423 424 0
372 431 3
373 431 3
373 432 3
378 494 2
353 410 3
422 423 1
424 425 2
268 499 3
377 494 2
325 499 3
372 430 3
393 503 3
514 517 1
410 411 3
430 431 3
391 503 3
431 432 3
429 430 3
402 517 1
413 414 3
377 434 3
394 503 3
503 628 3
453 503 3
493 494 3
391 507 3
453 512 3
454 512 3
495 555 3
446 507 3
503 507 3
512 513 3
402 519 1
422 480 1
383 555 3
413 472 3
414 472 3
423 481 3
424 481 1
424 482 3
425 483 3
431 548 2
432 548 1
377 493 2
408 466 3
409 466 3
411 470 3
412 470 3
423 480 3
482 483 3
402 518 1
407 466 3
410 470 3
406 464 3
407 465 3
409 469 3
410 469 3
413 471 3
414 473 3
415 473 3
416 474 3
417 475 3
426 485 3
427 485 3
428 486 3
431 489 1
434 493 2
503 512 3
517 518 1
464 465 3
465 466 3
470 471 3
471 472 3
473 474 3
474 475 3
418 475 3
426 484 3
428 485 3
429 486 3
430 488 1
431 488 1
420 479 1
421 479 1
422 479 1
425 484 0
469 470 3
472 473 3
419 477 3
479 480 3
484 485 3
488 489 0
499 507 3
518 519 2
418 476 3
420 477 1
434 491 1
434 492 1
499 559 3
512 628 3
419 476 3
480 481 3
433 491 1
507 559 3
466 469 3
476 477 3
483 484 3
489 548 3
491 492 3
492 493 0
477 479 3
475 476 3
481 482 0
485 486 3
432 491 1
517 575 3
466 525 1
494 553 3
514 574 1
517 574 2
518 575 0
466 524 1
469 525 1
469 526 1
493 552 3
572 574 3
469 527 1
494 552 3
525 526 3
479 536 3
477 536 3
495 554 3
495 553 3
383 556 3
554 555 3
483 541 1
484 541 1
486 544 3
552 553 3
555 556 3
574 575 0
518 577 0
519 577 0
470 527 1
476 534 3
485 543 3
486 543 3
429 544 1
325 559 3
513 572 2
402 578 1
477 534 3
430 544 1
488 546 3
556 558 3
518 576 0
519 578 0
465 523 3
474 532 3
479 538 3
481 539 3
484 542 1
485 542 1
489 546 1
491 548 2
513 629 3
575 576 3
576 577 3
577 578 3
464 522 3
466 523 3
524 525 3
526 527 3
470 529 3
471 529 3
472 529 3
472 530 3
473 530 3
473 532 3
474 533 3
475 533 3
480 538 3
480 539 3
482 540 3
522 523 3
532 533 3
539 540 3
540 541 1
541 542 3
543 544 3
523 524 3
476 533 3
477 535 3
542 543 0
572 629 3
533 534 3
534 535 3
479 537 3
491 549 3
492 549 3
493 609 3
529 530 3
536 537 3
537 538 3
538 539 3
492 609 2
512 629 3
535 536 3
548 549 3
553 554 3
530 532 3
552 609 3
546 548 0
549 608 3
492 608 2
555 558 3
628 629 3
527 529 0
608 609 3
536 593 0
430 546 1
548 605 3
503 559 3
629 686 3
572 631 3
574 631 3
574 632 3
535 593 0
546 605 0
554 558 0
628 686 3
575 632 1
530 589 0
532 589 0
525 583 3
526 583 3
529 586 2
533 591 0
546 603 0
546 604 3
554 612 3
627 628 0
534 592 0
535 592 0
603 604 3
604 605 3
558 612 1
627 686 0
527 586 0
543 602 1
544 602 3
430 602 1
430 603 1
549 607 3
553 610 3
532 591 0
593 594 3
537 595 3
542 601 0
543 601 1
548 606 3
631 632 3
523 581 0
526 584 0
527 585 0
530 588 0
536 594 2
538 595 3
602 603 3
605 606 3
549 606 3
552 610 3
522 580 0
524 581 0
524 582 0
525 582 0
527 584 0
529 588 0
588 589 3
534 591 0
539 597 3
540 598 3
541 599 0
542 600 0
606 607 3
607 608 3
553 612 3
612 670 1
577 635 3
580 581 3
582 583 1
591 592 3
592 593 3
538 597 3
597 598 3
598 599 3
599 600 3
600 601 3
601 602 0
558 670 1
576 634 1
577 634 1
578 635 3
581 582 3
584 585 3
529 587 0
536 595 2
609 610 3
503 627 1
575 634 1
586 587 0
587 588 3
594 595 3
583 584 0
585 586 1
503 626 1
626 627 3
575 633 1
553 669 1
629 631 3
633 634 3
634 635 0
635 693 0
632 633 3
538 596 3
612 669 1
595 596 3
596 597 3
610 669 3
503 562 3
578 694 2
402 694 1
559 562 3
557 562 3
629 688 3
669 670 3
631 688 3
589 591 3
634 693 0
635 694 0
591 649 2
633 691 1
634 691 1
562 626 1
589 648 2
591 648 2
593 651 3
604 662 3
605 662 3
584 642 3
585 642 3
648 649 3
586 644 1
587 644 3
592 651 3
594 652 3
588 646 3
592 649 2
595 652 3
603 662 3
632 690 1
402 695 1
583 641 0
584 641 3
589 646 2
592 650 2
593 652 3
600 658 3
602 660 3
606 664 3
607 664 3
631 690 1
633 690 1
580 638 3
581 639 3
581 640 3
582 640 2
583 640 0
641 642 3
585 643 3
585 644 3
587 645 3
595 653 3
596 654 3
597 655 3
598 656 3
599 656 3
599 657 3
599 658 3
600 659 3
601 659 3
603 660 3
608 666 3
610 668 3
668 669 3
631 689 3
694 695 3
581 638 3
640 641 3
642 643 3
650 651 1
653 654 3
654 655 3
598 655 3
657 658 3
658 659 3
602 659 3
605 664 3
607 723 3
607 666 3
609 668 3
558 560 3
325 562 3
562 676 1
688 689 3
689 690 1
589 647 2
651 652 3
656 657 3
659 660 3
603 719 3
609 666 3
560 670 1
686 687 3
629 687 2
693 694 0
643 644 3
588 645 3
649 650 0
652 653 3
655 656 3
662 719 3
664 723 3
638 639 3
645 646 3
646 647 3
666 723 3
639 640 3
644 645 3
647 648 3
660 719 3
687 688 2
690 691 3
609 725 3
626 686 0
666 725 3
669 727 3
605 721 3
664 721 2
668 727 3
558 562 3
691 693 0
662 721 2
668 725 3
557 558 3
670 729 3
560 729 1
557 560 3
652 710 3
653 710 3
659 717 3
660 717 3
626 687 0
688 747 2
693 750 1
689 747 2
645 704 3
646 704 3
656 715 3
657 715 3
658 715 3
658 716 3
639 698 3
640 698 3
647 706 3
648 706 2
649 706 2
649 707 2
656 714 3
659 716 3
666 724 3
670 728 3
694 752 1
641 699 3
647 704 3
650 707 1
655 714 3
714 715 3
669 728 3
691 750 3
693 752 2
642 699 3
642 700 3
643 700 3
644 702 3
645 702 3
647 705 3
654 712 3
715 716 3
664 722 3
690 748 3
695 752 1
638 696 3
639 697 3
653 712 3
655 713 2
662 720 3
722 723 3
724 725 3
691 749 3
693 751 1
696 697 3
704 705 3
706 707 3
651 710 3
712 713 0
713 714 1
719 720 3
720 721 1
721 722 2
723 724 3
668 726 3
689 748 2
749 750 3
750 751 2
751 752 2
697 698 3
641 698 3
699 700 3
643 702 3
705 706 3
650 708 1
716 717 3
726 727 3
691 748 3
725 726 3
727 728 3
651 708 3
688 805 2
748 749 3
698 699 3
707 708 3
651 709 3
687 805 3
747 805 3
747 748 3
643 701 3
702 703 3
645 703 3
709 710 3
717 719 3
728 729 3
700 701 3
708 709 3
653 769 2
695 753 1
701 702 3
710 769 0
712 769 2
703 704 3
752 753 0
717 776 1
719 776 1
704 762 2
562 687 2
728 787 3
702 759 3
723 781 1
724 781 1
729 787 3
701 759 3
705 762 3
717 775 3
696 754 3
714 773 3
715 773 3
716 775 3
687 864 1
805 864 1
697 754 3
726 785 3
727 785 3
707 765 2
769 770 1
714 772 1
716 774 3
719 777 1
720 778 1
700 758 3
702 760 1
703 760 1
709 767 3
710 768 0
712 770 3
713 772 1
715 774 3
719 778 1
721 778 2
722 781 1
562 796 1
748 806 3
749 806 3
698 756 3
699 756 3
699 757 3
701 758 3
705 763 2
706 763 3
706 765 0
708 767 3
709 768 3
768 769 0
713 770 1
775 776 3
776 777 0
721 779 1
722 780 1
724 782 0
725 783 3
726 784 3
728 785 3
557 793 1
749 807 3
750 808 1
751 809 1
752 810 1
753 811 1
697 756 3
759 760 1
703 761 3
708 765 0
773 774 3
774 775 3
778 779 3
779 780 3
780 781 0
781 782 1
782 783 0
783 784 3
748 805 3
807 808 1
808 809 1
809 810 3
810 811 3
756 757 3
757 758 3
699 758 3
703 762 2
762 763 3
767 768 3
777 778 1
784 785 3
805 806 3
806 807 3
697 755 3
761 762 3
729 846 3
755 756 3
772 773 0
787 846 3
560 846 1
754 755 3
758 759 3
760 761 0
770 772 3
785 787 3
787 844 3
763 765 3
785 844 3
763 822 2
562 864 1
765 822 1
761 819 3
770 829 3
772 829 3
708 824 3
767 824 3
768 827 2
769 827 1
772 830 3
765 824 1
767 825 3
773 830 1
765 823 3
824 825 3
773 831 3
774 831 3
775 833 2
776 834 3
777 834 1
806 865 1
807 865 1
754 812 3
755 812 3
760 818 2
761 818 3
822 823 0
768 825 3
784 842 1
762 819 3
774 833 2
783 842 1
557 854 1
808 865 1
755 813 3
756 814 3
757 815 3
758 816 3
818 819 3
768 826 3
769 828 1
770 828 3
775 834 3
777 835 1
778 836 3
779 837 3
780 838 3
781 839 1
782 840 0
783 841 3
785 842 1
785 843 3
787 845 3
562 860 1
808 866 1
809 867 3
810 868 3
811 869 3
812 813 3
813 814 3
814 815 3
759 816 3
759 817 3
763 819 3
823 824 1
825 826 3
826 827 2
827 828 3
835 836 3
836 837 3
837 838 3
838 839 3
839 840 3
840 841 3
841 842 1
842 843 0
843 844 3
844 845 3
845 846 3
806 864 1
865 866 3
866 867 3
867 868 3
868 869 3
816 817 3
760 817 0
763 821 1
821 822 0
828 829 3
834 835 3
758 815 3
829 830 3
830 831 0
557 967 1
562 970 1
815 816 3
833 834 1
560 1023 1
560 967 1
557 970 1
560 1022 1
967 1022 1
806 923 1
864 1039 0
864 923 0
865 923 0
831 833 2
819 878 3
763 878 1
560 905 1
905 1023 3
817 818 3
831 890 3
833 890 1
923 1039 3
821 878 3
846 904 3
560 904 1
904 905 3
844 902 3
817 875 3
818 876 3
833 891 1
845 904 3
816 875 3
817 876 3
819 877 3
823 881 1
828 886 1
829 886 1
834 891 3
843 902 3
816 874 3
821 879 3
822 879 2
822 880 3
822 881 3
845 902 3
812 870 3
813 871 3
874 875 3
819 876 3
824 882 3
825 883 3
826 884 3
827 885 1
828 885 1
829 888 3
830 888 3
831 889 3
834 892 0
835 893 1
836 894 1
837 895 1
838 896 1
839 897 1
840 898 1
841 899 1
842 900 2
843 901 1
845 903 3
860 918 3
865 924 0
866 924 0
867 925 0
868 926 0
869 927 0
870 871 3
814 871 3
815 873 3
816 873 3
877 878 2
879 880 3
881 882 3
882 883 3
883 884 3
884 885 2
888 889 3
889 890 3
891 892 2
892 893 1
893 894 3
894 895 3
895 896 3
896 897 1
897 898 0
898 899 3
899 900 3
900 901 1
901 902 0
562 918 1
924 925 3
925 926 3
926 927 3
814 873 3
876 877 3
880 881 3
890 891 3
902 903 3
923 924 0
814 872 3
885 886 0
872 873 3
886 888 0
903 904 3
873 874 3
886 945 3
562 1039 1
875 876 3
871 872 3
878 879 3
888 945 3
872 931 3
873 931 3
904 963 3
905 963 3
967 970 0
964 1023 3
905 964 3
890 949 1
891 949 1
885 944 2
886 944 3
560 964 1
873 875 3
875 932 3
875 933 3
890 948 3
891 950 1
892 950 1
893 950 3
876 933 3
889 948 3
948 949 3
963 964 3
871 929 3
873 932 3
932 933 3
876 935 0
877 935 3
884 942 1
903 961 1
904 961 1
964 1022 3
870 928 3
870 929 3
872 929 3
878 936 3
879 937 0
879 938 0
880 938 0
881 939 0
882 940 0
883 941 0
885 942 1
888 946 3
889 947 3
893 951 3
894 952 3
895 953 1
896 954 3
897 954 2
897 955 2
898 956 3
899 957 1
900 958 3
901 958 2
901 959 2
923 981 0
924 981 2
924 982 2
925 983 2
926 983 2
926 984 2
927 985 2
928 929 3
931 932 3
935 936 3
936 937 3
937 938 3
938 939 3
939 940 3
940 941 3
941 942 1
945 946 3
946 947 3
947 948 3
949 950 3
951 952 3
952 953 1
953 954 0
954 955 3
955 956 3
956 957 1
957 958 0
958 959 3
902 959 3
981 1039 1
981 982 3
982 983 3
983 984 3
984 985 3
944 945 3
950 951 3
902 961 1
959 961 1
942 944 0
872 989 3
931 989 3
933 935 0
929 989 3
933 992 3
935 992 1
929 988 3
988 989 3
959 1019 3
961 1019 3
961 1020 3
931 990 3
932 990 3
904 1020 2
944 1001 1
959 1018 3
1018 1019 3
904 1021 3
963 1021 3
942 1001 2
984 1042 3
983 1042 3
945 1002 1
945 1003 1
949 1007 3
950 1007 3
950 1008 3
951 1008 3
944 1002 1
946 1003 1
959 1017 3
981 1040 1
989 990 3
933 990 3
933 991 3
958 1017 3
1020 1021 3
982 1040 1
991 992 3
928 986 3
929 987 3
935 993 1
936 994 1
937 995 1
938 996 1
939 997 1
940 998 1
941 999 1
942 1000 2
1001 1002 3
1002 1003 3
946 1004 3
947 1005 3
948 1006 3
948 1007 3
951 1009 3
952 1010 3
953 1011 0
954 1012 3
955 1013 3
956 1014 3
957 1015 0
958 1016 0
1017 1018 3
983 1041 1
1041 1042 0
985 1043 1
986 987 3
987 988 3
992 993 3
993 994 3
994 995 3
995 996 3
996 997 3
997 998 3
998 999 3
999 1000 3
1003 1004 0
1004 1005 3
1005 1006 3
1006 1007 3
1009 1010 3
1010 1011 3
1011 1012 3
1012 1013 3
1013 1014 3
1014 1015 3
1015 1016 3
1016 1017 1
1040 1041 3
1042 1043 1
990 991 3
1000 1001 3
1007 1008 3
1039 1040 3
1008 1009 3
1019 1020 3
963 1022 3
1021 1022 3
