0 1 3
1 2 3
2 3 3
3 4 3
4 5 1
5 6 2
6 7 3
7 8 0
8 9 3
9 10 3
10 69 3
12 69 3
12 13 3
13 15 3
15 16 3
16 17 3
17 20 0
18 20 3
20 23 3
23 26 3
26 28 3
28 29 3
29 31 3
31 32 3
32 92 0
32 34 0
34 92 3
92 151 1
151 440 0
440 445 3
48 445 0
48 49 3
49 50 3
50 51 3
51 52 3
52 53 3
53 54 3
54 55 3
55 56 3
56 57 3
17 18 0
23 28 3
29 88 3
31 88 3
48 165 0
49 165 0
50 108 0
49 108 0
13 73 3
15 73 3
23 86 3
18 76 1
20 21 1
21 23 0
23 142 3
28 86 3
29 86 3
13 71 3
17 76 3
86 142 3
51 109 0
20 78 1
50 109 0
71 73 3
18 78 1
90 92 0
3 61 1
4 63 1
5 63 0
5 64 2
6 64 3
7 65 3
12 70 3
32 90 3
2 61 1
9 67 3
13 70 3
31 89 3
51 110 0
52 110 0
0 58 1
1 59 1
2 60 1
4 62 1
6 65 3
8 66 3
8 67 3
10 68 3
70 71 3
16 74 3
88 89 3
32 89 3
53 111 0
54 112 0
55 113 0
56 114 0
57 115 1
58 59 3
59 60 3
60 61 1
61 62 1
8 65 1
66 67 3
17 74 3
23 138 3
110 111 3
111 112 3
112 113 3
113 114 3
114 115 1
62 63 0
10 67 3
69 70 3
71 130 3
15 74 3
23 197 3
48 446 0
64 65 3
68 69 3
151 436 0
445 446 3
65 66 0
67 68 3
21 138 0
89 90 3
73 74 3
86 88 3
92 149 1
149 151 3
76 78 3
17 132 2
86 143 3
49 107 0
109 110 3
74 132 3
132 133 2
23 141 3
142 143 3
439 445 3
107 165 3
107 108 3
108 109 3
132 190 3
76 132 3
141 197 3
141 142 3
439 440 3
73 130 3
133 190 2
76 135 3
88 145 3
86 145 3
66 125 3
90 148 0
165 446 3
108 167 3
67 125 3
73 131 3
89 148 3
109 167 3
130 131 3
78 135 3
436 440 3
108 166 3
62 121 0
63 121 3
63 64 3
68 125 3
78 136 3
107 166 3
64 122 3
65 123 3
69 187 3
70 187 3
76 133 2
20 138 3
88 146 3
89 146 3
89 147 3
147 148 3
65 122 3
68 127 3
145 146 3
270 445 3
66 123 3
69 127 3
135 136 3
197 200 3
270 439 3
270 446 3
216 446 3
166 167 3
59 117 3
138 197 3
86 144 3
146 147 3
58 116 3
60 117 3
60 118 3
61 119 2
62 119 2
66 124 3
68 126 3
143 144 3
144 145 3
110 168 1
111 169 1
112 170 1
113 171 1
114 172 1
115 173 3
116 117 3
118 119 1
62 120 2
64 121 3
122 123 3
124 125 3
125 126 3
126 127 3
74 131 3
152 436 0
109 168 1
168 169 0
169 170 3
170 171 3
171 172 3
172 173 3
117 118 3
120 121 3
123 124 3
127 187 3
71 187 3
119 120 2
137 138 0
90 149 0
270 440 3
121 122 3
20 137 1
130 187 3
131 132 3
148 149 3
78 137 1
270 436 3
167 168 1
133 135 2
131 188 3
78 195 2
130 188 3
137 195 0
187 188 3
138 195 3
127 185 3
141 200 3
166 224 3
167 224 3
185 187 3
186 187 2
135 192 3
148 207 3
149 207 3
151 152 3
200 201 3
151 207 3
167 225 3
120 179 3
121 179 3
224 225 3
167 226 1
168 226 0
168 227 0
169 227 3
185 186 3
135 193 3
122 180 3
123 182 3
124 182 3
126 185 3
136 193 3
141 201 3
146 204 3
147 205 3
170 228 1
171 228 1
116 174 3
117 175 3
118 176 3
121 180 3
123 181 3
125 182 3
125 183 3
126 184 3
188 190 2
145 203 3
146 203 3
147 204 3
107 282 3
225 226 1
174 175 3
175 176 3
119 176 0
119 177 0
119 178 2
120 178 3
180 181 3
183 184 3
131 190 2
133 249 0
78 194 2
144 202 3
204 205 3
165 282 3
107 224 3
227 228 1
176 177 3
181 182 3
135 249 3
192 193 3
195 197 3
143 202 3
203 204 3
148 205 3
148 206 3
172 230 1
179 180 3
184 185 3
136 194 3
142 201 3
144 203 3
206 207 3
171 230 1
173 230 1
178 179 3
202 261 3
173 231 1
182 183 3
230 231 3
177 178 3
192 249 3
193 194 3
194 195 3
143 200 3
205 206 3
188 247 3
282 446 3
226 227 3
186 244 3
187 244 1
190 247 3
143 201 3
200 202 3
224 282 3
223 224 3
202 203 3
223 282 3
228 287 0
171 287 0
230 287 0
190 248 3
202 259 3
207 265 0
133 248 2
197 254 3
200 259 3
152 265 0
181 239 3
182 239 3
184 243 3
193 251 3
203 262 2
204 262 2
151 265 0
180 237 3
180 239 3
249 250 3
192 250 3
192 251 3
254 255 3
197 255 1
179 237 3
180 238 3
185 243 3
186 243 3
195 254 3
197 314 3
200 314 3
178 237 3
237 238 3
225 283 3
177 236 3
178 236 3
238 239 3
183 241 3
184 241 3
188 244 1
203 261 3
265 323 3
270 556 3
226 283 0
174 232 3
175 233 3
182 241 3
184 242 3
188 246 3
255 314 3
224 283 3
227 285 0
228 286 3
232 233 3
176 233 3
176 234 3
177 235 3
182 240 3
242 243 3
247 248 2
250 251 3
193 252 3
194 252 3
202 260 3
260 261 3
205 262 2
226 285 0
285 286 1
286 287 0
235 236 3
239 240 3
241 242 3
259 260 3
207 323 0
177 234 3
240 241 3
243 244 3
206 262 0
236 237 3
194 254 3
233 234 3
234 235 3
251 252 3
206 323 0
244 303 0
188 303 2
252 254 3
436 494 3
446 447 3
282 447 3
226 284 0
246 247 3
200 316 3
260 317 3
260 319 3
261 262 3
283 284 3
284 285 3
246 303 3
314 316 3
259 317 3
259 316 3
262 320 2
206 320 0
206 322 0
224 341 3
283 341 3
261 319 3
322 323 3
323 324 3
223 341 3
255 313 3
262 319 2
320 322 3
265 324 3
152 383 0
383 436 3
252 310 3
270 386 3
386 446 3
231 347 0
246 305 3
247 305 3
223 398 3
287 345 3
230 345 0
230 347 0
242 300 3
244 302 3
248 305 2
313 314 3
341 398 3
243 300 3
243 302 3
237 295 3
238 295 3
238 297 3
239 297 3
286 346 0
287 346 3
233 291 3
236 295 3
238 296 3
240 297 3
244 361 3
248 249 0
249 308 3
250 308 3
317 319 3
285 346 3
232 290 3
234 291 3
234 292 3
295 296 3
240 298 3
240 299 3
241 299 3
243 301 3
303 361 1
246 304 3
251 309 3
252 312 3
254 312 3
255 312 3
386 556 3
290 291 3
235 292 3
236 293 3
293 295 3
296 297 3
298 299 3
242 299 3
300 301 3
302 361 3
303 304 3
304 305 3
308 309 3
316 317 3
345 347 3
291 292 3
297 298 3
301 302 3
252 309 3
320 321 3
295 353 3
310 312 3
152 324 0
282 396 3
223 396 3
299 300 3
319 320 3
321 322 3
396 447 3
249 366 3
308 366 3
309 310 3
284 346 3
345 346 3
248 366 0
436 556 3
248 481 3
366 481 1
312 313 3
324 383 3
494 556 3
248 364 0
305 364 3
364 481 1
284 341 3
236 292 3
305 363 3
296 354 3
363 364 3
314 372 3
314 374 3
316 374 3
223 397 3
397 398 3
236 351 3
297 354 3
313 372 3
322 379 3
284 400 3
344 346 3
293 351 3
304 363 3
341 400 3
346 400 3
292 351 3
303 362 3
304 362 3
317 374 3
396 397 3
344 345 3
298 356 3
297 356 3
299 356 3
300 358 3
301 358 3
353 354 3
299 358 3
344 400 3
295 352 3
299 357 3
309 368 3
310 368 3
293 352 3
352 353 3
372 374 3
386 447 3
290 348 3
291 349 3
297 355 3
355 356 3
301 359 3
302 360 3
309 367 3
379 438 3
322 324 3
348 349 3
292 349 3
292 350 3
351 352 3
354 355 3
358 359 3
359 360 3
360 361 3
366 367 3
367 368 3
373 374 3
321 379 3
345 403 3
347 403 3
347 405 3
349 350 3
350 351 3
357 358 3
362 363 3
317 375 3
319 375 3
344 402 3
345 402 3
403 405 3
361 420 0
303 420 3
324 379 3
356 357 3
362 420 3
310 427 3
312 427 3
312 371 3
372 373 3
402 403 3
320 375 3
324 438 3
368 427 3
371 427 3
313 371 3
374 375 3
321 375 3
398 400 3
371 372 3
374 432 3
344 401 3
386 494 3
400 401 3
371 428 3
373 432 3
366 424 3
427 428 3
324 436 3
401 402 3
424 481 1
371 429 3
375 434 3
321 434 3
436 438 3
352 411 3
357 416 3
375 432 3
403 463 1
405 463 1
353 411 3
356 414 3
357 415 3
358 416 3
428 429 3
371 430 3
372 430 3
354 411 3
355 414 3
356 415 3
366 425 2
367 425 3
368 426 3
321 435 3
379 435 3
379 436 3
398 401 3
359 417 3
367 426 3
397 512 3
348 406 3
349 407 3
350 407 3
354 412 3
355 413 3
360 417 3
360 418 3
362 421 3
363 421 3
364 422 3
424 425 2
434 435 3
396 512 3
406 407 3
351 409 3
410 411 3
411 412 3
412 413 3
413 414 3
416 417 3
361 418 3
361 419 3
421 422 3
422 481 1
425 426 0
350 408 3
351 408 3
352 410 3
415 416 3
418 419 3
419 420 0
375 433 3
397 456 3
398 456 3
402 460 1
429 430 3
372 431 3
401 456 3
403 460 1
407 408 3
414 415 3
420 421 3
426 427 3
373 431 3
403 462 1
351 410 3
417 418 3
430 431 3
401 460 1
462 463 3
408 409 3
409 410 3
432 433 3
433 434 3
447 510 1
425 484 0
426 484 3
431 432 3
435 436 3
436 493 2
460 462 1
435 493 2
386 567 1
396 569 3
401 518 1
460 518 1
447 567 1
512 569 3
447 569 1
386 500 3
456 512 3
411 469 3
412 469 3
413 471 3
424 482 3
425 482 2
434 493 2
412 471 3
431 433 3
494 500 3
422 480 1
412 470 3
414 472 3
415 472 3
421 480 1
500 559 3
463 521 3
406 464 3
410 468 3
469 470 3
415 473 3
416 474 3
417 475 3
418 475 3
419 421 0
427 485 3
427 486 3
428 486 3
429 486 3
559 564 1
386 559 3
462 520 3
462 521 3
407 464 3
408 467 3
409 467 3
410 467 3
468 469 3
471 472 3
473 474 3
474 475 3
484 485 3
462 518 2
462 519 0
472 473 3
421 479 1
480 481 2
399 456 1
520 521 3
479 480 3
399 572 1
467 468 3
429 487 1
430 487 1
430 488 1
431 489 1
433 491 1
434 491 1
491 493 0
456 518 1
518 519 0
519 520 1
470 471 3
418 534 3
418 477 3
419 477 3
421 478 1
481 482 0
485 486 3
486 487 1
487 488 3
407 465 3
477 534 3
478 479 3
433 489 1
399 512 1
512 572 3
408 465 3
421 477 1
430 489 1
399 518 1
475 534 3
477 478 3
464 465 3
436 495 1
436 554 2
436 496 2
495 554 3
465 466 3
408 466 2
488 489 0
496 554 3
466 467 0
467 525 1
493 552 3
505 559 0
505 564 3
433 548 1
466 525 2
482 484 3
436 552 1
436 555 3
489 548 3
491 548 3
399 575 1
518 575 0
520 578 2
482 539 1
482 541 1
488 546 3
489 546 1
481 539 1
484 541 1
491 550 3
491 551 0
382 436 3
382 494 3
550 551 3
493 551 3
496 555 3
382 555 3
567 569 3
521 578 2
519 578 3
479 537 3
480 537 3
481 538 1
484 543 2
485 543 2
519 576 3
466 524 2
468 526 1
480 538 1
486 543 2
486 544 1
487 545 3
382 613 3
512 570 3
518 576 2
576 578 3
465 524 3
470 528 3
470 529 3
471 529 3
472 529 3
473 532 3
474 532 3
475 532 3
477 536 3
478 536 3
482 540 1
484 542 1
487 544 0
495 553 3
554 555 3
555 613 3
569 570 3
469 528 3
473 531 3
536 537 3
538 539 3
539 540 3
540 541 0
541 542 2
542 543 0
544 545 1
545 546 3
575 576 2
464 522 3
465 523 3
468 525 1
469 526 1
528 529 3
472 530 3
472 531 3
477 535 3
537 538 1
465 522 3
523 524 3
524 525 2
531 532 3
543 544 1
489 547 3
436 553 1
522 523 3
525 526 3
530 531 3
535 536 3
546 547 0
547 548 3
553 554 3
529 530 3
475 533 3
533 534 3
570 572 3
532 533 3
534 535 3
526 528 0
540 599 0
552 553 3
572 629 3
570 629 3
541 599 0
548 550 3
575 634 3
578 695 2
464 580 0
399 631 1
576 634 1
522 580 0
554 613 3
524 582 3
531 588 0
540 598 0
530 588 0
528 585 0
532 590 0
533 590 0
534 592 0
534 593 0
535 593 0
546 604 0
548 606 3
550 606 2
550 608 2
551 608 3
528 586 0
533 591 0
547 604 3
550 607 2
576 635 1
578 635 1
526 585 0
529 586 0
531 589 0
592 593 3
545 604 0
547 606 3
606 607 3
607 608 3
551 552 3
575 633 3
590 591 3
533 592 0
598 599 3
545 603 0
399 633 1
578 636 1
588 589 3
531 590 0
591 592 3
537 595 3
538 595 0
539 597 3
540 597 3
542 599 0
543 601 3
544 601 2
544 603 2
603 604 3
504 567 1
633 634 3
635 636 3
636 695 0
525 582 2
585 586 3
529 588 0
536 594 3
538 596 0
597 598 0
542 600 0
544 602 2
602 603 3
547 605 3
605 606 3
551 609 3
553 611 1
386 504 3
504 624 1
567 570 3
525 583 0
526 584 0
593 594 3
594 595 3
596 597 1
600 601 0
604 605 3
554 611 1
523 580 0
523 581 0
524 581 0
583 584 0
608 609 3
552 609 3
552 611 2
611 613 0
504 559 3
580 581 3
581 582 1
582 583 0
586 588 3
595 596 3
601 602 3
589 590 3
399 629 1
584 585 1
586 587 3
552 668 3
504 570 1
634 635 3
609 668 3
587 588 3
570 628 3
628 629 3
504 628 1
586 645 3
599 600 0
606 664 3
587 645 3
611 668 3
582 640 0
585 644 3
586 644 3
605 664 3
504 686 1
628 686 1
504 629 1
399 504 3
585 643 3
589 647 3
590 647 3
611 729 2
629 686 2
504 805 1
635 693 3
643 644 3
602 659 3
382 729 1
613 729 1
504 631 1
597 655 1
598 655 1
601 659 3
581 640 3
583 641 2
584 642 3
608 666 3
583 640 2
584 641 3
642 643 3
596 655 1
602 660 3
603 661 3
604 720 3
604 663 3
605 663 3
636 693 3
580 638 3
581 638 3
659 660 3
604 661 3
606 665 3
607 665 3
608 665 3
609 666 3
634 692 3
635 692 3
640 641 3
641 642 3
588 646 2
592 650 3
593 651 3
594 652 3
595 653 3
596 654 1
598 656 0
599 657 0
600 658 3
603 660 3
611 669 3
644 645 3
591 647 3
591 650 3
650 651 3
651 652 3
652 653 3
653 654 1
654 655 3
656 657 2
657 658 2
658 659 0
664 665 3
668 669 3
692 693 0
581 639 3
587 646 3
655 656 0
661 720 3
663 720 3
663 664 3
665 666 3
669 729 3
633 692 3
639 640 3
589 646 3
660 661 3
647 649 3
591 649 3
666 668 3
638 639 3
649 650 3
399 692 1
589 706 2
668 725 3
494 559 3
693 694 2
636 694 0
645 646 3
646 706 3
647 706 3
668 726 3
694 695 3
666 725 3
725 726 3
645 703 3
649 706 2
504 744 1
640 698 3
641 698 3
643 701 3
669 727 3
692 750 0
658 716 3
727 729 3
399 750 1
645 704 1
646 704 2
657 715 3
666 724 3
639 698 3
643 700 3
658 715 2
659 717 3
665 723 2
694 752 1
639 697 3
642 700 3
704 706 1
660 717 3
724 725 2
399 749 1
638 696 3
700 701 3
649 707 1
650 708 3
651 709 3
652 710 3
653 711 3
654 712 0
655 713 0
656 715 2
715 716 2
658 717 2
660 718 3
661 718 3
661 719 3
663 721 3
664 722 2
664 723 2
666 723 2
668 727 3
749 750 3
693 750 3
693 751 3
696 697 3
641 699 3
642 699 3
644 701 3
703 704 0
706 707 1
707 708 0
708 709 3
709 710 3
710 711 3
711 712 3
712 713 3
656 714 3
716 717 3
718 719 3
719 720 3
721 722 3
722 723 3
750 751 3
751 752 3
698 699 3
644 703 3
713 714 3
714 715 2
720 721 3
644 702 3
723 724 1
494 1023 1
697 698 3
699 700 3
702 703 3
559 1023 1
701 702 0
717 718 3
504 749 1
726 727 3
729 787 3
729 786 3
382 787 1
727 786 3
699 757 3
698 757 3
704 763 1
706 763 2
706 764 2
763 764 3
703 761 1
707 764 2
382 1023 1
701 759 3
702 759 1
711 770 3
712 770 3
713 770 3
715 773 1
716 773 3
750 808 3
751 808 3
696 754 2
697 754 3
704 761 1
714 773 1
721 779 3
724 783 2
725 783 3
700 757 3
700 759 1
716 775 1
717 775 1
719 836 3
720 836 3
720 779 3
722 780 2
726 783 3
698 756 2
756 757 1
700 758 2
702 761 1
707 765 2
714 772 1
721 780 3
727 785 3
749 808 3
757 758 0
704 762 1
764 765 3
708 765 3
709 767 1
710 768 3
711 769 3
713 771 3
713 772 1
772 773 3
718 776 3
723 780 2
723 781 1
724 782 1
726 784 3
726 785 3
786 787 3
758 759 1
759 760 3
702 760 1
762 763 3
708 767 1
767 768 0
768 769 3
769 770 3
770 771 3
771 772 1
775 776 0
719 776 3
780 781 1
781 782 0
782 783 0
783 784 3
784 785 3
785 786 3
751 809 1
752 809 1
697 756 2
761 762 3
779 836 3
760 761 3
382 557 3
504 924 1
749 924 1
776 777 3
719 777 3
382 845 1
557 845 1
557 1023 1
808 809 1
777 836 3
779 780 3
787 845 3
808 924 1
752 810 3
694 810 1
773 775 2
809 810 0
697 813 2
754 813 3
756 813 3
924 1039 1
504 1039 1
760 819 3
761 819 3
708 824 1
767 824 1
765 824 1
756 814 2
757 814 1
773 831 3
775 831 2
762 821 3
763 821 3
764 823 0
765 823 2
782 840 1
785 844 3
786 844 3
780 838 3
808 867 1
809 867 1
754 812 2
812 813 0
762 819 3
772 830 3
781 838 2
786 845 3
758 816 1
759 816 3
763 822 3
764 822 2
767 826 1
768 826 1
769 827 1
770 828 1
771 829 1
771 830 1
773 830 3
775 833 0
776 834 3
779 837 3
779 838 3
781 839 1
783 841 3
784 842 3
785 843 3
760 876 2
826 827 3
827 828 3
828 829 3
829 830 3
833 834 3
777 834 3
836 837 3
837 838 3
838 839 1
839 840 0
840 841 2
841 842 3
842 843 3
843 844 3
694 869 1
757 816 1
759 876 2
819 821 3
822 823 0
823 824 1
831 833 3
844 845 3
810 867 1
813 814 2
845 904 3
557 904 1
819 876 3
821 822 1
767 883 1
867 924 3
830 831 3
814 816 2
824 883 3
826 883 3
814 873 2
821 878 3
833 890 3
819 878 3
831 890 3
834 893 1
777 893 1
816 873 3
836 893 1
816 876 0
867 926 3
810 926 1
821 879 1
822 879 1
694 926 1
557 964 1
694 927 1
819 877 2
827 885 3
831 889 3
838 896 1
845 903 3
926 927 3
812 870 2
813 871 1
814 872 1
823 881 1
824 882 3
826 884 3
828 885 3
828 886 3
829 887 3
830 888 3
833 891 3
834 892 1
893 894 3
836 894 1
837 895 1
838 897 1
839 897 3
840 898 0
841 899 3
842 900 1
843 901 1
844 902 3
844 903 3
903 904 3
904 964 3
870 871 3
871 872 3
816 874 0
822 881 1
881 882 3
882 883 3
884 885 3
885 886 3
886 887 3
887 888 3
888 889 3
889 890 3
890 891 3
891 892 1
894 895 3
895 896 3
896 897 3
897 898 0
898 899 3
899 900 1
900 901 3
901 902 0
867 925 3
869 927 3
877 878 0
883 884 3
892 893 3
902 903 3
504 921 1
924 925 3
925 926 3
873 874 0
816 933 2
876 877 1
878 879 1
874 933 3
876 933 1
872 873 3
933 934 3
876 934 1
924 981 3
822 938 1
981 1039 1
879 938 1
881 938 3
906 964 3
557 906 1
877 934 3
963 964 3
504 979 1
904 963 3
979 1039 1
921 979 0
926 984 0
927 984 0
872 930 3
904 962 3
924 982 0
871 930 3
873 930 3
981 982 0
925 982 0
925 984 0
961 962 3
877 936 3
878 936 1
878 937 1
879 937 1
903 962 3
870 928 3
871 929 3
877 935 3
881 939 3
882 940 3
883 941 3
884 942 3
885 943 3
886 944 3
887 945 3
888 946 3
889 947 3
890 948 3
891 949 3
892 950 3
893 951 3
894 952 3
895 953 3
896 954 3
897 955 3
898 956 1
899 957 1
900 958 0
901 959 0
902 960 1
903 961 2
927 985 0
928 929 3
929 930 3
934 935 3
935 936 3
936 937 3
937 938 3
938 939 3
939 940 3
940 941 3
941 942 3
942 943 3
943 944 3
944 945 3
945 946 3
946 947 3
947 948 3
948 949 3
949 950 3
950 951 3
951 952 3
952 953 3
953 954 3
954 955 3
955 956 3
956 957 3
957 958 3
958 959 3
959 960 3
960 961 3
962 963 3
964 1023 3
984 985 3
873 932 3
874 932 2
932 933 3
925 983 0
983 984 3
982 983 3
930 932 3
979 1037 1
1037 1039 3
930 989 1
932 989 1
504 1033 1
962 1020 3
963 1020 3
933 991 1
934 991 1
981 1040 1
982 1040 1
932 991 1
982 1041 1
983 1041 1
984 1041 1
942 1000 1
960 1018 1
961 1018 2
943 1000 1
928 986 1
929 987 1
930 988 1
932 990 1
934 992 1
935 993 1
936 994 1
937 995 1
938 996 1
939 997 1
940 998 1
941 999 1
943 1001 1
944 1002 1
945 1003 1
946 1004 1
947 1005 1
948 1006 1
949 1007 1
950 1008 1
951 1009 1
952 1010 1
953 1011 1
954 1012 1
955 1013 1
956 1014 1
957 1015 1
958 1016 1
959 1017 1
963 1023 3
559 963 1
504 1037 1
984 1042 1
985 1043 1
986 987 3
987 988 3
988 989 3
989 990 3
990 991 3
991 992 3
992 993 3
993 994 3
994 995 3
995 996 3
996 997 3
997 998 3
998 999 3
999 1000 3
1001 1002 3
1002 1003 3
1003 1004 3
1004 1005 3
1005 1006 3
1006 1007 3
1007 1008 3
1008 1009 3
1009 1010 3
1010 1011 3
1011 1012 3
1012 1013 3
1013 1014 3
1014 1015 3
1015 1016 3
1016 1017 3
1017 1018 3
1041 1042 3
1042 1043 3
1000 1001 3
1040 1041 3
961 1020 3
1039 1040 3
