-0.0286623 -0.0189681 18.2411
-0.0286448 -0.0189685 18.2399
-0.0285068 -0.0189691 18.2327
-0.0267105 0.0269456 17.3556
-0.00983252 0.0175022 16.013
-0.226256 0.00662298 60.1985
0.0088141 0.064051 28.0136
0.00287827 0.0809745 28.7193
-0.108402 0.0562587 43.727
-0.103589 0.0231603 43.2554
-0.087315 0.0534432 39.0164
-0.0121796 -0.0697234 23.4031
-0.0263804 -0.104212 28.1049
-0.0317762 -0.174614 30.8788
-0.045784 -0.107181 33.4004
-0.0515089 -0.0977254 35.2526
-0.0197755 -0.155189 25.5747
-0.0556456 -0.248057 40.785
-0.0474778 0.0247827 23.4177
-0.111647 -0.0837063 63.4151
-0.00152145 0.0120572 3.29773
-0.0734165 0.00742296 47.2523
-0.00388146 0.0180089 4.38358
0.0261621 -0.00645829 -9.69895
0.169286 0.00180395 -66.0654
0.0416507 0.00374237 2.17185
0.0402123 -0.00348635 -16.8369
0.0735133 -0.0439563 -36.7199
0.0464872 -0.0042132 -20.2453
0.08364 -0.0361508 -42.3739
0.132227 -0.11589 -71.0702
0.11882 -0.0580549 -64.3829
0.17288 -0.0430491 -101.054
0.181101 -0.029622 -106.654
0.00371245 -0.0190628 2.90923
0.0674843 -0.50171 -28.3389
0.0611617 -0.208338 -25.919
0.0666227 -0.271155 -29.6741
0.0234999 -0.0324279 2.31771
0 -0.0466821 22.0661
0 -0.0420062 22.1985
0 -0.0466821 22.0661
-0.0758368 -0.123076 92.9817
0.0784199 -0.0966495 -50.9039
0.00139019 -0.0471316 20.7409
-0.0182444 -0.0182074 39.5901
-0.0428382 -0.0296401 64.7305
0 -0.0755326 22.6133
-5.09002e-05 -0.0384069 22.1284
-5.41413e-05 -0.0384076 22.1318
-7.3989e-05 -0.0384071 22.1524
-0.000147955 -0.0383264 22.2319
-0.000330426 -0.0383204 22.4355
-0.000556442 -0.0383139 22.6937
-0.000730115 -0.03831 22.8955
-0.000832425 -0.0383075 23.0165
-0.000864704 -0.0383062 23.0552
-0.000864704 -0.0383062 23.0552
-0.0357448 0.203511 25.0906
-0.0309504 0.204819 24.8259
-0.0117204 0.215887 23.9507
-0.469015 0.908323 38.1031
-0.0876897 -0.555702 69.0622
0.0299088 0.0695617 23.9751
0.0203447 0.0528307 26.4008
0.0393646 0.0402687 24.4894
-0.106678 0.0601304 44.126
-0.116783 0.064074 45.4812
-0.127345 0.0181816 49.335
-0.0790258 -0.0552137 39.81
-0.0294757 -0.116571 28.819
-0.0191211 -0.132407 26.1808
-0.0359091 -0.11954 31.4016
-0.0430296 -0.0973289 32.6733
-0.0298753 -0.106434 28.5548
-0.164572 -0.0515729 77.6282
-0.0781188 -0.140156 46.4818
-0.0247333 -0.169335 24.7137
-0.00465466 -0.114141 13.5695
0.0994385 -0.0148258 -33.0453
0.0398211 0.0565459 -7.03963
-0.00831461 -0.00686001 7.81877
-0.00816936 -0.000993621 7.19386
0.24124 0.0346005 -128.33
0.013598 0.148205 -3.73613
0.0818823 -0.0211536 -42.6124
0.0509213 -0.0357493 -22.4548
0 0.145474 2.48952
0.09308 -0.0480314 -47.9884
0.129873 -0.0802959 -71.1807
0.189576 -0.0196213 -113.262
0.0419015 0.128114 -22.7029
0.00371245 -0.0190628 2.90923
0.0262194 0.00491846 -4.06558
0 -0.717357 37.041
-0.698344 -0.0678755 574.814
0.00214901 -0.473653 24.0702
-0.025043 -0.327009 42.2505
0.0231609 -0.401857 3.17315
0.00466586 -0.455699 21.1322
0 -0.360775 21.8403
0.0363269 -0.389705 -10.9153
-0.00229448 -0.304948 22.1496
0.0121732 -0.301127 7.85374
0.00231095 -0.303614 17.6527
0.01213 -0.310189 7.70178
-0.00277171 -0.340588 24.0563
0.0133834 -0.00702185 -5.51529
0.0165976 -0.0191144 -8.19463
0.0169312 -0.0268574 -8.38168
0.0207498 -0.0281536 -12.5668
0.0242103 -0.0283354 -16.4943
0.0264301 -0.0285203 -19.0642
0.0271818 -0.0286127 -19.9482
0.0271818 -0.0286127 -19.9482
0.115688 -0.0588105 -113.508
-0.0223329 0.194926 25.4432
-0.018139 0.207024 24.6663
-0.0124551 0.201696 24.8663
-0.485654 -0.0559318 81.3364
-0.0860125 0.0186862 42.5037
-0.0644139 0.0616565 36.7961
-0.0158785 0.0124294 33.5033
-0.105538 0.0250701 46.7393
-0.118354 0.0594553 46.8082
-0.160565 0.0129936 57.2297
-0.14548 0.0155939 53.4741
-0.13041 -0.0206858 51.0773
-0.140759 0.0445955 50.255
-0.0151428 -0.154223 26.502
-0.0296972 -0.151296 31.0823
-0.0393382 -0.144748 34.3713
-0.0550464 -0.054059 35.7222
-0.33854 -0.0192529 141.514
-0.1063 -0.0433593 50.9452
-0.0191924 -0.0692353 17.9452
-0.0238553 -0.0247478 16.5893
0.127698 0.02515 -48.5982
0.00461223 0.00902353 0.677097
-0.00704447 0.0134685 6.33975
-0.00324866 0.0116303 4.34388
0.0251744 -0.0148544 -9.42652
0.0361135 -0.0455642 -13.9266
0.0344543 -0.0348632 -12.9811
0.0610077 -0.0292491 -28.9023
0.0758105 -0.0255956 -37.9032
0.080036 -0.0411096 -39.6711
0.0735886 -0.0337253 -35.3329
0.0462918 -0.0231098 -16.503
0.0450011 -0.0290395 -16.1119
0.0395062 0.0223718 -15.0946
0.0106764 -0.0708144 12.1465
0.0097196 -0.107581 13.6717
0.143525 0.262429 -117.098
0.172607 -0.0351274 -126.401
0 -0.146787 15.2111
0.0347501 -0.125403 -16.3595
0 -0.108756 12.7074
0.0224522 -0.134024 -6.03287
0.00146899 -0.20701 17.4813
0 -0.107827 12.8388
-0.0162734 -0.146643 31.1648
-0.0142044 -0.130748 28.5212
0.0106 -0.108433 1.87659
0.0116697 -0.129555 1.95364
0.0179365 -0.00223455 -10.2936
0.014899 -0.0198034 -6.44522
0.0117283 -0.0226147 -2.9466
0.3294 0.136521 -359.965
0.0563941 -0.14391 -37.5577
0.061874 -0.111226 -45.7568
0.0727633 -0.0942426 -59.7139
0.0955766 -0.0688517 -88.7572
0.124975 -0.0583813 -125.029
-0.016182 0.163198 27.6041
-0.0140312 0.159221 27.9048
-0.0252484 0.135345 30.5375
-0.101225 0.0336145 43.1097
-0.0903792 0.0188906 42.8542
-0.0772584 0.0339907 41.1309
-0.0501078 0.0155104 38.0889
-0.0719665 0.0128143 41.8565
-0.107835 0.0358642 46.3702
-0.161116 0.0324482 56.6223
-0.143154 0.0357626 52.1078
-0.12438 0.0584657 45.4622
-0.0392369 0.158438 15.4991
-0.0595791 -0.0657335 33.6466
-0.0146432 -0.141478 24.9434
-0.0100251 -0.126936 23.4502
0.110845 -0.0744786 -21.2981
-0.021673 -0.0295678 16.0204
0.0055613 -0.0172375 4.44868
-0.0153744 -0.00967421 12.8225
0.000943422 0.0266352 2.14951
0.0108824 0.0391452 -3.49819
-0.0223019 0.0456471 11.8184
-0.00886887 0.00533805 8.00428
0.013537 -0.00635486 -3.83305
0.0171265 0.00516286 -6.67005
0.0217736 -0.0216359 -6.88645
0.0253971 -0.036267 -8.36241
0.0443066 -0.0494003 -16.6511
0.067488 0.0018306 -33.9439
0.0497007 -0.0558649 -17.8311
0.0649715 -0.0712658 -26.9187
0.049086 -0.0358881 -17.9021
0.0401843 -0.0292535 -12.0823
0.0102359 -0.0688997 12.8268
-0.0732523 -0.0878729 78.141
-0.0945902 -0.160138 99.8312
-0.0685231 -0.16986 80.0514
0.0863671 -0.244276 -42.2459
-0.671852 0.0714906 596.212
0.00355673 0.0317609 0.707772
0.0134569 -0.00749306 -5.48263
0.0355467 -0.0219481 -25.7536
0 -0.0112023 6.82842
0.0264204 -0.0424763 -15.7635
0.0133258 0.0735946 -12.4952
0 -0.00181285 6.06256
0 -0.0612274 10.9761
0.0305954 -0.0129872 -25.0619
-0.0065822 0.0210439 12.6551
0.00487595 -0.0089488 3.35314
0.00638692 -0.0216891 2.7207
0.0826491 -0.13986 -68.2678
0.0826187 -0.139886 -68.2313
-0.019052 0.0602185 49.6233
-0.00235166 0.0580603 30.1751
-0.00226181 0.0579177 30.0779
-0.00226181 0.0579177 30.0779
-0.0312381 0.11332 32.1746
-0.0396579 0.0942729 34.3448
-0.075641 0.0593283 39.258
-0.113027 0.0404252 43.4225
-0.0955793 0.0446549 40.9412
-0.0665528 0.0186598 40.3238
-0.0598729 0.022858 38.3795
-0.0628068 0.00783627 40.866
-0.12096 -0.00311254 51.7718
-0.169031 0.0197654 59.4707
-0.138486 0.00248265 53.9545
-0.0960544 0.0389627 40.0837
-0.0589442 0.0210598 32.4888
-0.00636951 -0.0927408 18.3669
0.0167051 -0.0677372 8.44121
0.0494433 -0.118146 2.77706
0.288816 -0.0194243 -89.5909
0.0157605 -0.00562215 -0.379855
0.00288071 -0.00276962 4.38043
0.00121658 -0.0140356 6.10829
-6.86819e-05 -0.00177846 5.44953
0.038124 0.00124751 -11.7454
-0.0119379 0.0273404 9.30115
-0.0164655 -0.0893183 23.4365
-0.0165618 0.0157266 11.0118
0.0032374 0.0117789 0.872438
0.0333775 -0.00682786 -14.5596
0.027813 -0.0489682 -7.38039
0.0101911 -0.0942927 7.77074
0.0028183 -0.137392 17.578
0.0248376 -0.310742 20.3605
-0.0119733 -0.212336 35.5821
0.0691629 -0.0322004 -32.3513
0.0263166 -0.0217675 -13.9371
0.0147415 -0.0305403 -4.23902
0.0232879 -0.0347806 -10.2543
0.0121054 -0.0117748 -4.70013
-0.0767441 -0.163377 85.5074
0.0011029 -0.0138581 5.29757
0.0332083 0.104802 -11.7358
0.00344938 -0.121658 12.3544
-0.0195499 -0.130259 33.801
0.156603 -0.0688925 -132.711
0 -0.0557908 9.11635
0.00198323 -0.0585228 7.47753
0 -0.0557908 9.11635
0 -0.0621049 9.71409
0 -0.0557908 9.11635
0.00618601 -0.061526 3.18963
0.0720196 0.0505469 -73.5622
0.0124754 0.0105519 -5.83666
-0.000399255 -0.0134701 9.39758
-0.00486888 -0.00929981 13.8417
-0.00295103 -0.00501666 11.1769
-0.0188715 0.0617564 49.2913
0.00519481 0.00496841 0.514391
0 -0.0225141 11.3007
0 0.101357 -1.59233
-0.0527435 0.0604322 38.0988
-0.0668659 0.0479288 40.059
-0.0993287 0.0372139 42.9082
-0.119731 0.0302288 45.8097
-0.109208 0.0336523 43.6619
-0.0910314 0.0144127 43.6103
-0.0669368 0.00126272 41.9131
-0.065743 -0.0131248 43.8196
-0.129052 -0.02006 55.1079
-0.138975 -0.0232223 57.131
-0.139317 -0.00268318 55.2117
-0.0866504 0.0077269 41.0074
-0.0672999 0.00709521 36.2095
-0.016794 -0.00550752 12.4234
-0.00655632 -0.0145623 10.2444
0.0316592 -0.063745 3.27546
0.373693 0.0271403 -126.397
-0.0210456 0.01068 12.3793
-0.0120757 0.0100926 8.96834
-0.0122381 -0.00333769 10.579
-0.00462128 -0.00661912 7.45306
0.00202797 -0.0296407 7.86705
-0.000152852 -0.0277811 8.88003
-0.0419394 -0.00924283 27.4242
-0.020654 0.0030377 14.2776
-0.0211043 -0.0353356 19.183
-0.0028606 -0.0197039 6.83616
-0.00302894 -0.0465232 9.87672
0.0420001 -0.055283 -16.9504
0.00576283 -0.0552336 5.54892
0.0107296 -0.0327352 -0.574382
0.0109098 -0.0320576 -0.790378
0.00573498 -0.0404763 4.56577
-0.0018671 0.00353667 4.14004
0.00427285 -0.0124933 0.675749
0.0326541 -0.017602 -19.1117
-0.0527526 -0.123229 61.3219
0.0885435 0.0884903 -79.8427
-0.0108119 -0.0817584 22.0413
0 -0.000763179 2.89404
0.01138 -0.0182394 -5.14247
-0.0105437 -0.003281 12.5698
0.00139374 -0.00649572 2.42095
-0.00724616 -0.0296263 13.9152
0.00187678 -0.0518689 7.79767
0.00223252 -0.0541163 7.624
0 -0.0529119 9.71484
-0.00445456 -0.0585692 14.976
0.013824 -0.0511792 -5.0348
-0.0438619 -0.0426991 59.9919
0.0115751 -0.0728209 4.95151
-0.00714006 -0.00409241 15.7886
0 -0.0233914 11.9685
0 -0.0233914 11.9685
0.00336526 0.00138141 2.96246
0.00939299 0.0072974 -4.81601
0.000900342 -0.00366666 6.52933
0.0223219 0.0169428 -21.6021
-0.0644283 0.02625 42.4739
-0.0752784 0.021675 43.4468
-0.0730973 0.0169481 43.8321
-0.137305 0.00534031 50.7259
-0.144235 -0.0160488 54.2392
-0.101558 0.0240155 41.8076
-0.0555172 -0.0219244 42.6151
-0.0865898 -0.0471351 51.5315
-0.120214 -0.0295564 54.382
-0.113318 -0.0331316 53.6019
-0.117791 -0.0286385 53.1349
-0.0804533 -0.00591148 41.1357
-0.0667709 -1.89906e-05 36.8757
-0.0689285 0.0124886 35.5972
-0.0153321 -0.00416607 11.9464
-0.0195737 -0.0119899 14.168
-0.00651297 -0.0136676 10.0954
-0.00953145 0.0146119 7.25005
-0.0179839 0.00923129 11.3218
-0.0170258 0.0385893 7.16412
-0.0310805 0.00890215 17.2442
-0.00473979 -0.019424 9.06367
-0.00879989 -0.0234298 12.2869
-0.0302755 -0.0437386 25.1854
-0.029243 -0.0306436 22.727
-0.0249008 -0.04198 21.8337
-0.0136909 -0.0377959 14.9522
0.00166046 -0.0367435 5.63659
0.0865559 -0.622074 29.6579
-0.055919 -0.267745 72.9918
0.0449762 0.0226951 -31.0009
0.00310311 -0.0189118 2.70479
0.00727428 -0.0197451 -0.0404333
-0.000671938 -0.0330042 7.54918
-0.00581774 -0.00431539 7.7081
0.00439921 -0.00650717 1.35436
0.0337519 -0.0897823 -9.90988
0.00327986 -0.0167639 2.53567
0.0149132 -0.016574 -6.89703
0.00826348 -0.226179 30.1802
0 0.184117 -22.6561
-0.000309576 -0.228154 37.6657
10.4609 -0.832031 -9440.41
-0.0210182 -0.199765 53.0916
0.00989415 0.20465 -34.9042
0.0535653 0.234364 -82.7316
0.0449516 0.20887 -71.297
0.000181836 0.196221 -24.3813
0.00244537 0.0517155 -0.206829
-0.0182863 0.0373998 23.0448
-0.0234591 0.0118371 31.4199
0.0136815 -0.00826946 -8.49094
-0.00538327 -0.010135 14.4914
-0.0119924 0.0071847 19.5147
0.00871575 0.00682837 -4.00582
0.0225544 0.0134031 -21.3917
0.031119 -0.0158024 -28.1004
0.0260827 0.0184864 -26.3516
-0.0610563 0.0222718 42.7761
-0.0667401 0.0326093 41.1968
-0.122721 0.00621951 47.8941
-0.158388 -0.0638595 61.4113
-0.132892 -0.0702895 60.3383
-0.120647 -0.0145057 50.0029
-0.100904 -0.00793255 46.3672
-0.0861311 -0.0629425 53.7371
-0.10848 -0.0412909 53.4925
-0.125578 -0.0282386 54.7588
-0.105826 -0.0178275 48.7997
-0.0686808 0.00253956 36.8532
-0.0616954 0.0200469 32.2877
-0.0763955 0.0124458 37.6403
-0.0079335 -0.00600856 10.0056
-0.0135771 0.00143254 10.3758
-0.0128438 -0.00427147 11.0948
0.0154543 0.0732882 -12.0004
-0.00826102 0.0434048 2.04895
0.19779 0.0295403 -80.4519
-0.0341691 0.0227735 16.5832
-0.0198468 0.0158157 10.9221
-0.0302631 0.0085422 17.5189
-0.0714599 -0.00921698 40.2118
-0.0269499 -0.0291763 20.8894
-0.00540561 -0.0205796 7.8864
-0.0117844 -0.0283022 12.4634
-0.0139504 -0.0111214 11.2071
0.0045688 -0.0201071 1.37367
0.00603536 -0.0209056 0.557747
0.00187643 -0.0129299 2.99455
-0.136719 -0.265625 136.648
0.00459114 -0.0117541 0.521138
0.0056484 -0.0102147 1.03814
0.00734332 -0.0197241 -0.177013
0.0133597 -0.0368485 -2.62976
0.0125501 -0.0245238 -4.09738
0.00730308 -0.0198401 -0.633479
0.0034656 -0.00783783 1.09182
0.00825121 -0.00986323 -1.20358
0.0193121 -0.0126572 -11.0727
0.0377739 -0.0100895 -28.5318
0.00617127 -0.00429306 -1.65906
0.0167456 0.0557327 -18.9788
-0.00459539 0.0115461 8.48414
-0.0314159 -0.00653087 37.6651
0.30038 0.23381 -308.081
0.0611373 -0.0221851 -47.3752
0.271095 0.228185 -309.287
-0.0515389 0.105085 46.8301
-0.0390913 0.0476297 43.6713
0 -0.132909 32.168
-0.00489113 0.0756525 -0.166847
0.0205882 0.157504 -43.0327
-0.171234 -0.13112 238.932
0.529701 0.60305 -714.93
-0.0873401 -0.532196 221.938
-0.0845033 -0.516399 215.889
-0.0298627 0.0500111 37.3439
0.000584384 0.103302 26.5574
0.0593532 0.323515 -17.7076
-0.137972 -0.034771 55.1014
-0.116482 -0.0256534 51.5618
-0.0908833 0.000941755 44.0008
-0.103226 0.00915125 43.8995
-0.0920544 -0.00746541 45.0144
-0.106475 -0.00374127 46.8476
-0.0973907 0.00563747 43.3352
-0.092074 0.0148835 40.3801
-0.059684 0.0311589 29.6754
-0.0517999 0.0390427 26.4796
-0.0648171 0.042696 29.5354
-0.0758078 0.0894111 23.6733
-0.0647983 0.105663 16.9585
-0.00396322 0.156511 -14.2284
0.183928 -0.00118236 -52.2923
-0.0340693 0.094539 4.46915
-0.0324478 0.020465 17.3531
-0.0375504 0.0729209 9.30734
-0.0337005 0.0429152 12.8303
-0.0274897 0.0328207 11.9447
-0.0850038 0.094545 45.6394
-0.0966113 0.0420376 61.4905
-0.0492122 0.124172 12.4226
-0.12761 0.264512 28.3238
0.0179203 0.0157996 -3.20858
-0.0326179 0.0592233 18.8848
0.0170692 0.199134 -44.1483
0.0112994 -0.0101033 -5.42451
-0.130898 0.0284483 91.9045
-0.0363901 0.140032 2.18366
-0.0144331 0.0507805 3.40676
-0.0120883 0.0517979 1.22206
-0.00512619 0.00764945 4.43564
0.014521 -0.0149572 -6.96396
0.0132272 -0.00465112 -7.98602
0.0698426 0.0977316 -71.2917
-0.00706488 -0.00811228 10.5829
0.0123125 -0.0140612 -5.15367
0.114138 0.0949699 -111.427
0.0936392 0.106071 -94.8527
-0.0271615 -0.00937658 37.7892
-0.046548 -0.103141 75.4793
-0.0202727 -0.356566 104.323
0.319211 0.229379 -326.121
0.00129864 -0.0188459 14.5181
-0.0265777 0.064569 28.2138
-0.0631568 0.0552843 68.0274
-0.13186 0.0957829 134.215
0.0408265 0.125358 -60.8192
0.00583372 0.116036 -19.3944
0.104349 0.206045 -147.801
-0.228557 -0.749385 428.354
0.0176368 0.154854 -39.0833
-0.094664 -0.579354 239.242
-0.0756579 -0.514254 204.618
-0.000450739 0.0727043 32.6233
0.0329401 0.0902963 28.1766
0.0581595 0.0560937 34.2128
-0.163499 0.0419172 51.1547
-0.137837 -0.054814 69.1233
-0.0705024 -0.0261201 46.6023
-0.100012 0.0224741 41.1219
-0.10581 0.00700547 44.7432
-0.110574 0.0237274 42.499
-0.104652 -0.0176737 49.2861
-0.0845058 0.0300524 35.9783
-0.0556417 0.0325886 28.6386
-0.0481025 0.0198936 29.1678
-0.0472236 0.0273166 27.5759
-0.061128 0.0621842 24.4043
-0.0496085 0.121741 8.51363
-0.307923 0.00393351 195.726
-0.311039 -0.0250247 202.897
-0.30837 -0.0263706 202.1
0.545384 0.265688 -216.021
-0.232066 0.152451 143.232
-0.0760349 0.320094 -21.2081
-0.00759149 -0.101097 37.8756
-0.134417 0.0666963 76.3852
-0.151249 0.0466321 89.3264
-0.0152532 0.200035 -22.1836
0.0366348 0.152094 -42.2968
0.0191744 0.202133 -42.3195
0.0127843 0.0417214 -5.69971
-0.000106759 0.267066 -45.0627
-0.0130578 0.265824 -36.695
-0.0969955 0.0980928 54.0824
-0.0573559 0.117369 21.7088
-0.0180147 -0.00961951 18.5825
0.0112362 -0.0131464 -4.72779
-0.00581774 -0.00431539 7.7081
0.00965863 -0.0129369 -2.98108
0.0134609 -0.0146079 -6.09636
0.121613 0.123756 -118.849
-0.00191383 0.218068 -33.5856
0.0205687 0.167229 -42.9433
0.110952 0.0907742 -107.564
0.0994054 0.100465 -99.0357
0.231708 0.0184493 -205.34
-0.0287796 -0.107546 59.2376
-0.0496624 0.0617419 52.4176
-0.0389951 -0.147755 82.2803
-0.0381721 0.0745622 38.1129
-0.0526341 0.0592532 55.9044
-0.0502202 0.0431444 56.387
-0.0600782 0.0436773 66.8429
0.159418 0.0907873 -183.969
0.119309 0.171736 -158.138
0.121415 0.215932 -169.875
-0.0429274 0.145633 35.8373
-0.0175716 0.0673974 19.5352
-0.00683016 0.123117 -2.61306
-0.0522709 0.104451 55.9645
0.0991919 0.215313 -33.5973
0.104204 0.192161 -28.4779
0.0495612 0.0320272 39.9664
-0.0311311 -0.295652 94.2733
-0.0856351 0.306009 -45.055
0.0147375 0.175524 -22.2259
0.000310104 0.115912 -6.32385
0.00217649 0.134904 -12.2712
-0.0165863 0.0747965 5.49862
0.000489996 0.199483 -27.7861
-0.0269982 0.207918 -23.7859
-0.00363478 0.233617 -35.9391
0.0250615 0.231083 -42.6861
0.0594747 0.174397 -39.0826
0.0343505 0.100017 -14.1572
0.0111937 0.125116 -12.4625
0.0111937 0.125116 -12.4625
-0.322406 -0.0329386 208.829
-0.029524 -0.039823 82.9731
-0.0252032 -0.0322081 79.4851
-0.177199 0.0765531 88.2028
-0.0408659 0.319814 -37.2507
-0.0358968 0.297894 -34.3987
-0.00934537 0.296986 -46.9463
-0.0125587 0.268679 -38.3309
-0.0163256 0.267878 -36.2244
-0.0183147 0.273238 -36.501
0.0109376 0.278907 -54.8515
0.00598414 0.306677 -57.4794
0.0033261 0.308891 -56.2409
0.0398693 0.318056 -82.3312
0.120183 0.367327 -147.744
-0.0478081 -0.00483302 40.7036
-0.0479513 -0.000236352 39.5368
-0.0149099 0.213978 -30.5025
0 0.0967708 -13.9956
-0.0227677 0.0763362 8.66498
0 0.0967708 -13.9956
0 -0.000654157 8.56618
0 0.0901955 -12.1781
0.0707356 0.0701274 -69.5024
-0.0546008 0.0927991 36.1415
0.0671069 0.0970343 -74.9444
0.0111003 0.103278 -25.9534
-0.130015 -0.111675 160.186
-0.0522674 0.0840602 50.7302
0.00629421 0.0119316 4.82449
-0.0123227 0.0559027 14.736
-0.0568655 0.0787995 56.1241
-0.0589822 0.0727237 59.2839
0.015399 0.0990181 -26.4617
0.329877 -0.00113236 -353.62
0.107393 0.146307 -138.881
0.153513 0.1827 -199.961
0.150372 0.167357 -191.907
0.0594089 0.00977423 -49.3564
0.0853032 -0.0618602 -64.4163
0.0674061 -0.0774916 -39.41
0.0956826 0.219329 -34.481
0.0880165 0.220867 -34.7455
0.0685245 0.208469 -30.951
-0.0329481 0.257983 -37.2893
-0.0162709 0.321377 -54.6062
0.000905292 0.248801 -38.5084
-0.0216554 0.19137 -21.4316
-0.00668711 0.162449 -17.2294
-5.68518e-05 0.279656 -45.9517
-0.037178 0.284895 -39.6743
-0.0734483 0.355173 -49.7896
-0.00655576 0.218322 -31.555
0.0110705 0.215141 -35.2246
0.019107 0.175016 -27.4759
0.0189973 0.137677 -18.1547
0.0154996 0.131014 -15.3434
0.0634076 0.170349 23.6289
0.0635525 0.171161 23.3896
-0.0357143 0.117044 6.90227
0.475167 0.10627 -200.082
-0.192767 0.089111 91.6651
-0.0346922 0.289514 -32.7648
-0.0245803 0.293854 -38.6777
0.00136273 0.271502 -46.5303
-0.00612236 0.259877 -39.4562
-0.00677497 0.273166 -42.6908
0.00518552 0.283602 -51.4318
-0.00475827 0.313866 -53.1031
-0.00560768 0.294097 -47.2294
0.0132734 0.288879 -58.6062
0.0472607 0.282682 -79.1153
0.0758584 0.282622 -97.8749
0.081297 0.24843 -93.047
0.124682 -0.205049 -3.94329
-0.0179949 -0.199233 84.7473
0.0346642 -0.033069 3.42424
0 -0.0383724 30.9894
-0.0493868 -0.0249291 68.0026
-0.0138787 -0.0289298 40.4646
0 -0.0346554 30.2216
0 -0.038988 31.3578
0.0264143 -0.105733 24.624
-0.0634435 -0.00490587 81.5353
0 0.0427738 11.6385
-0.0322295 -0.140569 87.7043
-0.029372 0.100491 23.271
-0.0417999 0.105027 34.4928
-0.0532148 0.111524 44.3323
-0.622332 -0.0597862 686.689
-0.0840061 0.0696917 87.0375
0.58816 0.0430442 -630.808
0.102558 0.135313 -130.982
0.112576 0.119213 -138.446
0.127717 0.0349756 -135.242
0.13553 0.135567 -168.083
0.0897645 -0.0776419 -66.1544
-0.446201 -0.106902 588.25
-0.392711 -0.0960955 519.308
0.0713165 0.226496 -35.858
0.0897005 0.151703 -16.0707
0.0468013 0.212401 -30.1055
-0.0184156 0.254655 -37.6863
-0.0240367 0.246096 -35.4185
0.034153 0.327324 -62.0576
0.0212068 0.183805 -26.0037
0.0224661 0.179496 -24.999
-0.082104 -0.557773 186.049
0.0544241 0.670087 -162.959
-0.115866 0.465558 -69.069
-0.0658249 -0.922061 304.339
-0.0340698 0.182261 -14.2266
-0.0121773 0.174507 -18.2188
-0.000270581 0.150546 -15.3446
-0.00107136 0.140505 -12.2857
-0.00885362 0.143241 -10.3473
-0.0165202 0.142416 -7.31547
-0.0255304 0.125022 0.805141
0.438143 0.114839 -186.799
-0.115643 0.190637 30.7909
-0.073277 0.250941 -4.69196
-0.0340946 0.257174 -25.3157
-0.00644584 0.30596 -51.3968
-0.0117496 0.275906 -40.1391
-0.0535886 0.244699 -9.86172
-0.0361066 0.0684685 27.7836
0.00486499 0.0228836 16.2703
-0.231289 0.306748 89.2906
0.0260508 0.27522 -63.2258
0.0560793 0.259364 -78.369
0.0649548 0.278188 -89.2556
0.070874 0.263362 -89.5673
0.0826799 0.250573 -94.2639
-0.00454674 0.108654 -6.04311
-0.00454674 0.108654 -6.04311
-0.00430584 0.10807 -6.07786
-0.00336318 0.107303 -6.62366
0.000412109 0.104459 -8.94613
0.00086585 0.102983 -8.93079
0.00119257 0.101331 -8.772
0.00270957 0.0971868 -9.00586
0.00514946 0.0914145 -9.67531
0.00761196 0.0840201 -9.96644
0.00650421 0.0777379 -7.18867
0.0031346 0.0783251 -4.05327
-0.0411599 0.109203 32.7849
-0.0536071 0.108804 45.5494
-0.0857466 0.110955 79.4875
-0.104574 0.101992 101.197
0.0638267 0.0231068 -65.8003
0.0676291 -0.00952701 -60.7531
0.0882448 -0.0964301 -58.4671
0.0433734 -0.100534 -5.86092
0.054586 -0.136676 -9.30166
0.0727849 -0.140027 -29.7848
0.0646652 -0.105955 -29.4611
-0.665047 0.633498 660.297
0.0214476 0.0334644 18.3168
-0.0100096 -0.111544 61.9548
0.0155593 -0.0909175 55.0356
-0.0361541 0.228675 -28.6853
0.032521 -0.692391 221.517
-0.0552683 0.244956 -26.1644
-0.0393406 0.156938 -1.14803
-0.0497798 0.127138 9.11832
-0.0586042 0.088946 21.9514
-0.0177465 0.145287 -2.13402
-0.110568 0.0896636 33.7701
-0.1519 0.0463552 55.0024
-0.105958 0.127007 19.9403
-0.0805289 -0.10729 90.0699
-0.00274074 0.150091 -14.4305
-0.0043225 0.144351 -12.2463
-0.00870659 0.144919 -10.8835
-0.0118647 0.1444 -9.60262
0.0214914 0.257543 -44.8434
-0.00190158 0.299258 -47.1893
-0.0353669 0.272591 -25.6718
0.346909 0.0331653 -121.874
0.0062546 0.323355 -62.6485
-0.00867961 0.341249 -59.7405
-0.0529721 0.301465 -25.6718
-0.0849485 0.291284 -5.9312
-0.108317 0.30203 4.05571
0.744842 -0.682164 -193.963
0.00900707 -0.247088 105.701
0.0482296 0.277 -77.9574
0.0461406 0.266119 -73.5262
0.0577808 0.246533 -75.6069
0.0744609 0.258549 -90.5632
0.0529009 0.267437 -78.1314
0.0324367 0.304457 -73.9783
-0.00518272 0.108633 -5.54941
-0.00493358 0.108013 -5.5686
-0.00385988 0.107165 -6.18488
-0.00217932 0.104969 -6.92699
-0.00118339 0.103043 -7.20136
-0.001196 0.101368 -6.70502
-0.00179275 0.0972914 -5.00371
-0.00142709 0.0913505 -3.62425
0.000808788 0.0841592 -3.61965
0.00428163 0.0787144 -5.32669
0.00745508 0.0808054 -8.9745
-0.0519002 0.113517 42.4285
-0.0636395 0.106902 56.4093
-0.153307 0.0617957 164.435
-0.191271 0.0469221 208.472
-0.197356 0.0208255 222.03
0.0607888 0.0586969 -72.4046
0.0758335 -0.0594892 -55.3191
0.0306247 -0.15166 23.484
0.0554417 -0.152579 -6.20907
0 0.215848 -19.601
0.0646652 -0.105955 -29.4611
-0.665047 0.633498 660.297
0.0357818 0.662409 -171.439
0.0351623 -0.022313 34.668
0.501355 0.265609 -75.2507
0.0601975 0.271371 -46.5378
-0.0351499 0.166016 -2.94316
-0.0858175 -0.0138258 57.7444
-0.0502988 0.0290111 39.2582
-0.0401214 0.0369995 35.5546
-0.0521899 -0.134059 90.6515
-0.0592427 0.0439284 35.9595
-0.231457 0.29217 0.222237
0.108759 -0.716326 219.968
-0.0293761 0.261981 -29.9881
-0.0418672 0.224698 -14.616
0.000764839 0.280268 -45.5088
0.0198876 0.262045 -45.8573
0.0292089 0.23872 -41.4355
0.00917149 0.212652 -25.6526
0.0110532 0.251992 -39.1205
-0.0165821 0.223333 -18.4893
-0.0191811 0.20966 -13.3928
-0.0351819 0.253927 -20.4187
-0.0309877 0.277865 -30.4867
-0.029886 0.305319 -38.0355
-0.0598306 0.301971 -22.1402
-0.0854518 0.303934 -9.26693
-0.0809236 0.298799 -10.3061
-0.0341678 0.077809 47.0114
-0.314665 0.244474 159.242
0.0344913 0.265738 -65.8224
0.0311947 0.256749 -60.9472
0.0427566 0.237424 -62.8104
0.0872585 0.220499 -88.6719
0.10011 0.249268 -106.219
0.0826806 0.263146 -97.9202
0.0274218 0.269635 -58.6801
0.0448179 0.730832 -220.148
0.0297672 0.747343 -213.279
0.0135918 0.764094 -205.281
0.0017605 0.784566 -201.753
-0.00472884 0.796608 -199.962
-0.00530446 0.802682 -201.384
-0.00284814 0.805017 -204.351
0.00022987 0.804231 -206.959
0.00210198 0.800775 -207.646
0.00248101 0.794782 -206.129
-0.0233215 0.719211 -155.873
-0.0132684 0.732061 -170.027
-0.00509482 0.750466 -184.25
-0.00118827 0.759587 -191.234
0.000891635 0.762588 -194.411
0.00180864 0.763518 -195.707
0.00180864 0.763518 -195.707
-0.0101943 0.145067 44.6154
-0.0114731 0.126823 52.2028
-0.0145176 0.147347 49.0584
-0.0114894 0.132841 50.1903
-0.0138382 0.146727 48.4446
0.0467936 0.178813 -15.1295
0.0505199 0.183182 -16.7056
0.0520787 0.195875 -20.9586
0.0790207 0.225948 -33.199
0.0730872 0.521475 -136.248
0.080684 0.583725 -157.488
0.00210537 -0.0296451 50.4811
-0.0384848 0.530146 -124.976
-0.0504623 0.0166271 42.0292
0.0612153 -0.297263 135.779
-0.139902 0.233005 -1.23263
-0.0296136 0.238686 -21.5581
-0.0430001 0.260233 -25.6038
-0.0356261 0.259143 -27.3902
-0.0119656 0.266163 -36.9324
0.014039 0.247771 -39.1963
0.0156657 0.235549 -35.6404
0.0145082 0.224963 -31.676
0.0206536 0.235886 -37.7873
-0.00961859 0.221142 -20.2261
-0.0294384 0.224614 -13.1593
-0.0276853 0.24396 -20.5486
0.0300785 0.0188933 32.6489
0.0257685 0.0174676 35.237
0.00881425 -0.00541962 51.9701
-0.0205077 -6.37936e-05 65.9998
-0.0448177 0.0562175 60.3817
-0.0341305 0.0787805 46.6641
0.0346425 0.265699 -65.9065
0.0346306 0.265711 -65.9025
-0.119111 0.0415188 127.24
-0.119837 0.0439379 126.961
0.138028 0.250203 -134.314
0.111015 0.265742 -119.65
0.0334113 0.300864 -73.4818
0.0329761 0.25058 -55.6882
0.00192408 0.273865 -39.9233
0.0182563 0.197574 -26.2595
-0.208347 -0.00697077 230.517
0.00471825 0.135142 5.75739
-4.45095e-05 0.13071 11.3424
-0.000814914 0.134281 10.8187
0.00116017 0.141332 6.67413
0.0032249 0.149749 1.9556
0.0037244 0.157907 -1.2344
0.00247139 0.164793 -2.31633
0.0017981 0.191371 -10.5878
0.00176503 0.191374 -10.5549
0.00168586 0.191401 -10.4821
0.00162518 0.191412 -10.4222
0.00162518 0.191412 -10.4222
0.188467 -0.00745706 -53.928
-0.0156792 0.107847 63.527
-0.0158558 0.107826 63.7401
-0.0149172 0.147574 49.4473
-0.0144953 0.14728 49.0528
-0.0141354 0.147209 48.6453
-0.0138635 0.146792 48.4526
0.0499448 0.178913 -15.2051
0.0514713 0.181827 -16.2895
0.0564713 0.185108 -17.7201
0.074595 0.21512 -29.4934
0.0800199 0.228417 -34.5524
0.0925425 0.363816 -83.01
-0.0249205 0.505103 -118.06
-0.0330335 0.51956 -122.158
-0.0101681 0.494474 -117.304
0.00132093 0.356237 -70.234
-0.0141125 0.261326 -33.1397
-0.0296233 0.245818 -24.0373
-0.0364304 0.256052 -25.9708
-0.0316152 0.260834 -29.0951
-0.0183762 0.261476 -33.3304
-0.00379563 0.249057 -33.6491
0.00588566 0.236606 -32.5296
0.0102785 0.229928 -31.7366
0.00582427 0.227532 -29.0646
-0.00943862 0.215264 -18.4323
-0.0143515 0.225625 -20.1494
0.0028256 0.225027 -27.8332
0.0195846 0.0429564 29.2498
0.0159001 0.0164019 40.572
0.00669674 -0.00080982 51.4779
-0.00253052 0.00800098 53.3183
-0.00701296 0.0519472 40.1964
-0.00113805 0.0891512 23.5158
0.014287 0.168075 -13.8816
0.0272965 0.247297 -50.1951
0.0350251 0.326744 -83.4338
0.0361297 0.406346 -112.453
0.0302516 0.489326 -137.857
-0.0233376 0.540287 -117.105
0.030954 0.331932 -82.9463
0.0126489 0.297935 -56.593
0.00772515 0.264644 -41.1882
-0.00838113 0.196066 -4.28255
-0.0802553 -0.0315267 132.862
0.00227068 0.430839 -116.36
0.00295912 0.43049 -116.836
0.00468524 0.429444 -117.989
0.00582436 0.4269 -118.105
0.00520912 0.421826 -115.718
0.00329344 0.413497 -110.931
-0.000884201 0.354062 -85.603
-0.000927316 0.354018 -85.5412
-0.00176154 0.353077 -84.3552
-0.0100749 0.351622 -74.9801
-0.0103092 0.351545 -74.6962
-0.0249217 0.342035 -55.3447
-0.0255593 0.3433 -55.0846
-0.0109866 0.335759 -68.5125
-0.0105634 0.129675 49.8411
-0.0049547 0.214935 -31.8895
-0.0049547 0.214935 -31.8895
-0.0049547 0.214935 -31.8895
-0.0049547 0.214935 -31.8895
-0.000839945 -0.715203 331.951
-0.000817043 -0.714597 331.726
-0.000739691 -0.713348 331.26
-0.000605616 -0.712044 330.77
-0.000676906 -0.710031 330.032
-0.000404467 -0.70652 328.706
-0.000624059 -0.702077 327.092
-0.000580726 -0.693098 323.76
-0.000642465 -0.682765 319.943
-0.000802603 -0.670862 315.564
-0.00101752 -0.657173 310.539
-0.00122248 -0.641484 304.775
-0.00136821 -0.623594 298.184
-0.00144303 -0.60331 290.689
-0.00121081 -0.581297 282.465
-0.00133269 -0.556588 273.351
-0.00108155 -0.527575 262.512
-0.00130548 -0.496008 250.898
-0.00149643 -0.461411 238.152
-0.00143459 -0.423734 224.164
-0.000755653 -0.382965 208.759
0.00087343 -0.339123 191.769
0.00376911 -0.292269 173.027
0.00790037 -0.242506 152.534
0.0129744 -0.189983 130.446
0.0179627 -0.134904 107.356
0.0221213 -0.0775176 83.7808
0.0235929 -0.0181189 60.9471
0.0207503 0.0429624 40.0778
0.0114892 0.105371 22.8097
-0.00503166 0.168734 10.0981
-0.0318566 0.232673 4.42949
-0.06079 0.258987 14.8855
-0.0923054 0.28454 28.2879
0.00517705 0.392573 -84.8826
-0.00123903 0.282336 -40.4517
-0.0215312 0.264287 -17.716
-0.00941014 0.268177 -29.1252
-0.00818129 0.198453 -5.40095
0.00291014 -0.0262599 68.5792
0.00538133 -0.222543 139.204
0.00345134 -0.385931 201.454
0.00113827 -0.51541 251.514
0.000228189 -0.611603 287.99
0.000783682 -0.707188 322.867
0.000783682 -0.707188 322.867
0.000783682 -0.707188 322.867
-0.232066 -0.184218 461.999
0.106795 -0.16295 102.95
0.0464626 0.0444051 82.1225
0.0465201 0.0446392 81.9721
0.0453992 0.0127476 95.0304
0.120912 0.015916 9.91927
0.0281215 0.0168192 113.012
0.013054 0.0255642 127.049
0.00971479 0.0207386 132.748
0.00798718 0.0208022 134.794
0.00798718 0.0208022 134.794
