0 1 3
1 2 3
2 3 0
3 4 1
4 5 3
5 6 3
6 7 3
7 8 1
8 9 3
9 10 0
10 11 3
11 12 3
12 13 3
13 14 3
14 15 3
15 16 3
16 17 3
17 18 3
18 19 3
19 20 3
20 22 3
22 80 3
23 80 3
23 29 3
29 89 2
89 149 0
149 150 2
150 498 0
385 498 3
385 396 3
393 396 3
390 393 3
114 390 0
57 114 3
269 385 3
269 396 3
29 88 1
88 89 0
23 143 3
29 143 3
20 78 3
57 344 0
12 70 3
13 70 3
9 67 0
20 77 3
23 25 3
8 67 0
9 68 0
10 68 1
16 74 3
17 74 3
19 77 3
25 80 3
4 63 3
5 63 3
11 70 3
17 75 3
18 75 3
89 148 0
148 149 3
0 58 1
1 59 1
2 60 1
3 61 1
4 62 3
6 64 3
7 65 1
8 66 0
68 70 0
74 75 3
20 80 3
58 59 3
59 60 3
60 61 3
4 61 1
62 63 3
63 64 3
64 65 1
65 66 2
66 67 3
13 71 3
14 71 3
78 80 3
67 68 0
70 71 3
15 73 3
16 73 3
18 77 3
61 62 0
73 74 3
77 78 3
88 143 0
80 140 3
23 142 3
14 72 3
14 73 3
80 139 3
25 142 3
142 143 3
152 498 0
154 498 0
71 72 3
88 146 0
89 146 0
150 152 3
154 385 0
114 344 0
70 127 3
72 73 3
139 140 3
61 120 0
62 120 3
68 127 0
78 196 3
80 196 3
152 154 3
18 134 3
89 147 0
70 128 3
77 134 3
139 196 3
147 148 3
148 150 2
127 128 3
71 128 3
146 147 3
73 131 3
72 131 3
88 203 0
156 385 0
67 125 0
78 194 3
143 203 3
66 125 0
74 132 3
63 120 3
73 132 3
75 134 0
77 135 3
137 196 3
80 141 3
58 116 2
59 117 2
60 118 2
61 119 2
63 121 3
64 122 3
65 123 0
65 124 2
66 124 3
68 126 3
134 135 3
78 137 3
140 141 3
116 117 3
117 118 3
118 119 3
121 122 3
122 123 3
123 124 3
124 125 0
125 126 3
78 135 3
137 194 3
119 120 3
120 121 3
146 203 3
126 127 0
128 188 3
71 188 3
150 207 2
75 132 3
148 207 2
154 386 0
25 141 3
143 202 3
152 386 0
131 132 3
142 202 3
202 203 3
72 188 0
135 194 3
25 199 3
141 199 3
142 199 3
148 206 3
127 185 1
187 188 3
206 207 2
393 398 3
390 398 3
120 178 3
131 188 0
132 191 0
75 191 0
150 208 3
274 396 3
274 393 3
128 187 3
152 208 3
119 178 3
126 185 3
134 191 3
134 192 3
125 183 1
128 186 1
135 192 3
194 196 3
275 396 3
121 179 3
127 186 1
142 201 3
201 202 3
269 275 3
120 179 3
123 181 3
124 181 3
132 190 3
114 401 0
344 401 3
122 180 3
122 181 3
124 183 3
126 184 3
140 256 3
390 401 3
116 174 3
117 175 3
118 176 3
119 176 3
121 180 3
124 182 3
131 190 3
190 191 0
197 256 3
141 256 3
199 201 3
207 208 3
174 175 3
175 176 3
181 182 3
183 184 3
191 192 3
135 193 3
147 206 3
180 181 3
192 193 3
193 194 3
274 275 3
182 183 3
146 205 3
147 205 3
119 177 3
178 179 3
179 180 3
186 187 0
176 177 3
177 178 3
139 197 1
203 205 3
205 206 3
184 185 3
185 186 3
188 190 1
196 197 1
188 247 3
140 197 1
385 389 3
190 247 0
269 389 3
208 386 3
199 256 3
154 389 0
201 260 3
191 249 3
192 249 3
199 258 3
201 258 3
398 401 3
193 250 3
202 261 1
203 261 1
192 250 3
196 253 1
384 386 3
154 384 0
178 236 3
179 237 3
180 237 3
196 254 1
202 260 2
205 261 2
177 236 3
186 244 3
196 252 3
274 398 3
182 240 3
183 240 3
252 253 3
253 254 3
260 261 3
267 386 3
183 241 3
184 241 3
185 243 3
188 246 3
197 255 3
175 233 3
176 234 3
177 234 3
180 238 3
181 238 3
181 239 3
182 239 3
184 242 3
184 243 3
187 246 3
246 247 3
190 248 3
255 256 3
206 263 0
174 232 3
176 233 3
179 236 3
185 244 3
247 248 1
197 254 3
205 263 0
275 389 3
232 233 3
239 240 3
242 243 3
191 248 1
201 259 3
240 241 3
243 244 3
249 250 3
193 252 3
254 255 3
258 259 3
259 260 3
241 242 3
250 252 3
194 252 3
208 267 3
237 238 3
238 239 3
236 237 3
207 263 0
233 234 3
187 244 1
248 249 0
187 303 3
199 315 3
207 324 0
246 303 3
256 315 3
208 324 0
384 389 3
244 303 0
258 315 3
261 263 3
344 404 1
267 384 3
207 322 0
263 322 3
267 324 3
303 304 3
246 304 3
322 437 3
322 324 3
234 236 3
380 384 3
247 305 3
250 309 3
252 309 3
260 319 3
244 302 3
261 319 2
261 378 2
263 378 3
238 296 3
246 305 3
255 313 3
378 437 3
237 296 3
248 305 0
249 308 3
243 302 3
302 303 0
248 306 3
249 306 1
250 308 3
253 312 3
254 313 3
315 316 3
258 316 3
240 298 3
241 300 3
242 300 3
243 300 3
304 305 3
254 312 3
256 313 3
232 290 3
233 291 3
234 291 3
236 294 3
237 295 3
241 298 3
243 301 3
249 307 3
290 291 3
236 295 3
295 296 3
241 299 3
301 302 3
307 308 3
308 309 3
252 310 3
260 493 3
234 294 3
299 300 3
306 307 0
253 310 3
312 313 3
259 316 3
234 293 3
300 301 3
253 369 3
293 294 2
294 295 3
298 299 3
305 306 1
309 310 3
310 369 3
239 296 3
239 298 3
312 369 3
322 378 3
389 557 3
291 293 3
296 298 3
384 557 3
380 557 3
313 315 3
305 363 3
260 316 3
293 352 3
294 352 3
306 363 0
268 275 3
398 517 3
302 360 3
316 375 3
268 389 3
401 517 3
296 355 3
304 363 3
313 372 3
315 372 3
262 437 3
266 384 3
295 353 3
298 355 3
303 361 3
260 375 3
319 493 3
262 322 3
300 358 3
304 361 3
319 378 3
266 380 3
294 353 3
299 358 3
312 371 3
313 371 3
315 373 3
298 356 3
299 356 3
302 361 0
306 364 3
316 373 3
363 364 1
309 368 3
310 368 3
316 374 3
374 375 3
291 350 3
296 353 3
360 361 0
307 364 1
375 493 3
268 274 3
290 348 3
291 349 3
293 350 3
352 353 3
296 354 3
301 359 3
304 362 3
364 365 0
307 365 3
308 366 3
309 367 3
389 447 3
348 349 3
353 354 3
300 359 3
302 359 3
362 363 3
365 366 3
366 367 3
367 368 3
447 557 3
355 356 3
361 362 3
368 369 3
372 373 3
349 350 3
354 355 3
371 372 3
358 359 3
359 360 3
369 427 3
266 267 3
268 557 3
356 358 3
361 418 1
373 374 3
319 437 3
344 403 1
369 371 3
266 324 3
262 324 3
266 441 3
274 392 3
368 427 3
371 427 3
268 392 3
355 413 3
392 398 3
354 413 3
360 418 3
352 409 3
427 428 3
371 428 3
293 409 0
356 415 3
358 415 3
262 266 3
350 409 3
353 411 3
262 554 3
354 411 3
371 429 3
268 449 1
274 453 1
262 441 3
350 408 3
363 421 3
367 425 3
428 429 3
349 408 3
358 416 3
359 416 3
364 421 0
366 425 3
368 425 3
348 406 3
352 410 3
352 411 3
359 417 3
361 419 3
362 420 3
363 420 3
364 422 3
365 423 3
366 424 3
368 426 3
372 430 3
392 453 1
349 406 3
349 407 3
356 414 3
415 416 3
417 418 3
419 420 3
421 422 1
364 423 0
423 424 3
425 426 3
426 427 3
371 430 3
406 407 3
407 408 3
409 410 3
354 412 3
412 413 3
413 414 3
414 415 3
418 419 0
420 421 3
422 423 0
424 425 3
373 430 3
375 432 3
380 441 3
408 409 3
410 411 3
416 417 3
375 433 3
434 493 3
373 431 3
374 432 3
429 430 3
430 431 3
373 432 3
432 433 3
392 570 3
398 570 3
411 412 3
375 434 3
517 570 3
431 432 3
392 512 1
401 577 1
437 493 3
344 577 1
441 554 3
512 570 0
418 477 3
419 477 1
517 577 1
421 480 2
422 480 3
344 520 1
408 466 3
424 482 3
410 469 3
411 469 3
479 480 2
425 482 3
407 466 3
409 466 3
410 468 3
423 481 3
433 434 3
409 467 3
409 468 3
412 470 3
411 470 3
413 470 3
413 471 3
414 472 3
415 472 3
415 473 3
415 474 3
416 474 3
421 479 1
424 481 3
425 483 3
428 486 3
430 488 1
432 491 1
433 491 1
466 467 3
467 468 3
470 471 3
471 472 3
473 474 3
417 474 3
423 480 1
426 483 3
426 484 3
427 485 3
431 488 1
434 491 1
468 469 3
469 470 3
482 483 3
427 484 3
428 485 3
429 486 3
429 487 1
430 487 1
472 473 3
420 477 1
483 484 3
481 482 3
484 485 3
485 486 3
434 492 1
418 476 3
420 478 1
431 489 1
491 492 3
492 493 0
406 465 3
407 465 3
417 476 3
421 478 1
486 487 1
487 488 3
488 489 0
465 466 3
476 477 3
478 479 2
480 481 0
392 510 1
477 478 3
437 495 1
493 552 2
465 522 1
495 552 2
505 517 3
474 476 3
432 548 1
505 574 1
431 548 1
493 609 2
437 554 3
492 609 0
552 609 2
495 554 3
554 556 3
505 515 1
515 574 0
476 534 3
488 546 3
489 546 1
505 570 3
505 577 1
481 540 1
482 540 1
489 548 3
441 556 3
492 550 3
554 555 3
485 543 3
487 544 2
550 609 2
392 569 3
569 570 3
466 524 1
467 524 1
476 533 3
483 540 1
486 544 1
557 559 3
465 523 1
474 533 3
487 545 3
432 549 1
491 549 3
559 562 3
268 569 3
466 523 1
468 526 3
469 527 3
470 527 3
473 531 3
474 531 3
476 535 1
477 535 1
478 535 1
478 536 1
479 537 1
480 537 1
483 541 3
484 541 3
484 543 3
544 545 2
487 546 3
548 549 3
555 556 3
522 523 3
467 526 3
526 527 3
470 528 3
471 528 3
472 531 3
536 537 0
540 541 0
543 544 1
474 532 3
480 538 1
480 539 1
481 539 1
539 540 3
537 538 3
538 539 2
492 549 3
523 524 2
527 528 3
531 532 3
533 534 3
534 535 1
535 536 2
545 546 3
471 529 3
472 529 3
541 543 3
532 533 3
546 548 0
344 637 1
524 526 0
546 605 0
548 605 3
549 550 3
552 610 3
528 529 3
543 600 3
609 610 3
344 505 3
505 637 1
472 588 3
531 588 3
541 600 3
554 612 3
555 612 3
570 630 1
524 583 3
526 583 1
529 588 3
500 556 3
495 612 3
441 500 3
548 606 3
522 580 0
523 581 0
605 606 3
495 611 2
556 613 3
580 581 3
540 598 3
540 599 3
543 601 3
549 608 3
550 608 2
495 610 2
611 612 0
500 613 3
526 584 0
527 585 0
528 585 0
539 598 3
541 599 1
600 601 3
546 604 0
549 607 3
608 609 3
440 441 3
583 584 0
527 584 0
536 594 3
537 595 2
604 605 3
548 607 3
607 608 3
555 613 3
440 500 3
535 594 2
610 611 3
584 585 3
528 586 0
528 587 3
529 587 3
532 591 3
533 591 3
534 592 3
535 593 0
538 596 2
544 601 0
544 602 0
505 695 1
585 586 3
586 587 1
531 589 3
532 590 3
591 592 3
592 593 1
593 594 1
595 596 3
539 596 2
598 599 3
599 600 0
601 602 3
545 602 0
545 604 0
606 607 3
505 752 1
637 695 0
587 588 3
588 589 3
589 590 3
590 591 3
536 595 0
602 604 3
612 613 3
695 752 1
524 582 0
694 752 1
524 581 0
582 583 1
505 692 1
694 695 3
581 582 0
594 595 0
596 598 2
380 505 3
505 557 3
268 505 3
586 644 2
587 644 0
598 655 0
505 739 1
505 618 3
505 569 3
596 655 0
602 660 3
604 661 3
602 661 3
500 676 3
380 500 3
607 723 3
505 630 1
582 641 3
583 641 0
610 668 3
585 644 2
611 668 3
569 629 3
570 629 3
601 660 3
660 661 3
606 664 3
612 670 1
600 659 3
613 670 1
584 642 2
601 659 3
605 664 3
611 670 3
585 642 2
595 653 2
641 642 3
594 652 0
594 653 0
596 653 2
604 662 3
592 650 1
593 650 1
596 654 0
605 662 3
505 629 3
580 638 3
581 638 3
581 639 3
582 639 1
585 643 2
587 645 1
588 646 1
589 647 1
590 648 1
591 649 1
593 651 1
653 654 0
654 655 3
598 656 0
599 657 1
600 658 3
605 663 3
607 666 3
608 666 3
609 668 3
505 684 1
639 640 0
582 640 3
642 643 3
645 646 3
646 647 3
647 648 3
648 649 3
649 650 1
651 652 0
652 653 2
656 657 1
657 658 0
658 659 3
661 662 3
663 664 3
609 666 3
505 685 1
640 641 3
644 645 1
650 651 2
662 663 3
607 664 3
505 690 1
638 639 3
666 723 3
643 644 3
655 656 3
659 660 3
664 723 3
609 725 3
693 752 1
693 694 1
668 725 3
668 670 3
670 788 3
613 788 1
666 725 3
500 788 1
670 729 3
729 788 3
670 727 3
380 736 1
505 736 1
668 727 3
657 715 3
658 715 1
643 701 3
725 726 3
668 726 3
660 718 3
640 699 3
641 699 3
644 701 3
659 718 3
660 719 3
647 705 3
654 713 3
655 713 3
655 714 3
656 714 3
661 719 3
726 727 3
639 697 2
639 698 2
640 698 3
644 702 3
648 705 3
650 708 0
662 719 3
663 722 3
664 722 3
638 697 2
697 698 3
642 700 3
643 700 3
701 702 3
645 703 3
646 704 1
648 706 3
649 707 3
651 708 0
653 711 0
653 712 0
654 712 3
713 714 3
656 715 1
658 716 1
663 721 3
666 724 3
752 753 2
695 753 0
638 696 2
698 699 3
641 700 3
702 703 1
703 704 2
704 705 0
705 706 3
706 707 3
707 708 3
659 716 1
718 719 3
662 721 3
696 697 3
700 701 3
711 712 3
712 713 3
714 715 1
715 716 0
721 722 3
722 723 3
651 709 0
652 710 0
724 725 3
727 729 3
708 709 3
652 709 0
710 711 3
709 710 3
699 700 3
719 721 3
723 724 3
505 750 1
659 775 1
716 775 3
718 775 1
713 771 3
714 771 3
700 758 3
727 786 3
729 786 3
752 869 1
701 758 3
711 769 3
708 767 1
709 767 1
710 769 3
712 769 3
753 869 1
709 768 3
710 768 3
715 773 0
716 773 3
719 777 3
698 756 3
699 756 3
767 768 0
768 769 3
714 773 0
718 777 3
724 783 1
725 783 1
726 783 1
727 785 3
785 786 3
701 759 3
702 759 3
729 787 3
500 907 1
752 982 1
714 772 3
722 781 3
723 781 3
788 907 3
505 982 1
697 756 3
700 757 3
708 766 1
771 772 3
786 787 3
380 907 1
699 757 3
758 759 3
766 767 3
721 778 1
721 779 3
787 788 3
788 906 3
869 982 1
696 754 3
697 755 3
756 757 3
702 760 3
703 761 2
704 762 0
705 763 3
706 764 3
707 765 1
716 774 3
774 775 3
718 776 1
719 778 1
722 779 3
724 782 1
726 784 3
906 907 3
754 755 3
755 756 3
759 760 3
760 761 3
703 762 2
762 763 3
763 764 3
764 765 1
765 766 3
712 770 3
713 770 3
772 773 0
773 774 3
775 776 3
776 777 3
723 782 1
782 783 3
783 784 3
727 784 3
757 758 3
761 762 3
770 771 3
722 838 3
784 785 3
778 779 0
779 838 3
781 782 1
380 910 1
505 910 1
769 770 3
777 778 1
781 838 3
771 829 2
770 829 2
775 833 3
778 836 0
380 908 1
758 817 1
759 817 1
767 826 0
768 826 0
769 827 3
770 827 3
776 833 3
777 835 3
786 844 3
788 845 3
907 908 3
765 824 0
766 824 0
766 825 3
767 825 3
826 827 1
772 830 3
776 835 3
778 835 0
779 836 3
785 844 3
787 845 3
825 826 0
771 830 3
773 830 1
781 839 3
782 839 0
754 812 3
755 813 3
756 814 1
757 815 1
758 815 1
760 818 3
761 819 3
762 820 3
763 821 3
764 822 3
765 823 0
770 828 3
773 831 1
774 832 1
776 834 2
835 836 1
779 837 1
782 840 3
783 841 3
784 842 3
785 843 3
786 845 3
812 813 3
813 814 1
814 815 3
817 818 3
818 819 3
819 820 3
820 821 3
821 822 3
822 823 3
823 824 3
824 825 1
827 828 3
828 829 1
831 832 3
774 833 3
833 834 1
834 835 0
836 837 1
837 838 0
839 840 1
840 841 3
841 842 3
842 843 3
843 844 3
380 909 1
830 831 3
832 833 0
838 839 3
908 909 3
909 910 3
829 830 0
505 1032 1
505 1039 1
844 845 3
982 1039 1
815 817 3
910 968 3
909 968 3
869 926 1
815 874 3
817 874 3
926 982 3
837 896 1
838 896 1
869 927 1
839 896 1
844 902 3
845 902 3
829 887 2
830 887 1
845 904 3
926 927 3
827 885 1
902 960 3
814 872 3
815 872 2
874 875 3
817 875 3
828 885 1
830 889 1
831 889 1
832 889 1
833 891 1
834 891 2
788 904 3
812 870 3
813 871 3
815 873 1
818 876 3
819 877 3
820 878 3
821 879 0
822 880 1
823 881 1
824 882 2
825 883 0
826 884 3
826 885 1
828 886 1
829 886 2
832 890 1
833 890 1
834 893 2
835 893 1
836 894 1
837 895 1
839 897 1
840 898 3
841 899 1
842 900 3
843 901 3
844 901 3
904 906 3
870 871 3
871 872 3
873 874 0
875 876 3
876 877 3
877 878 3
878 879 0
879 880 1
880 881 3
881 882 1
882 883 3
883 884 0
884 885 1
889 890 3
893 894 0
837 894 1
895 896 2
896 897 3
897 898 3
898 899 1
899 900 0
900 901 3
894 895 3
901 902 3
902 904 3
618 910 1
886 887 3
887 889 3
834 950 2
885 886 0
891 950 3
893 950 3
872 873 3
890 891 1
904 963 3
906 963 3
982 983 3
926 983 3
906 965 3
907 965 3
910 1027 3
618 1027 1
982 1040 1
887 946 3
889 946 2
902 961 3
904 961 3
968 1027 3
1039 1040 3
983 1040 1
890 949 2
891 949 0
886 945 3
887 945 3
889 947 2
895 954 0
896 954 0
904 962 3
908 967 3
909 967 3
945 946 3
946 947 3
894 952 3
897 954 0
901 960 3
962 963 3
967 968 3
871 929 3
873 932 0
874 932 3
875 932 3
875 933 1
876 933 1
876 935 3
877 935 3
895 952 3
908 965 2
870 928 3
872 929 3
878 936 3
879 937 1
880 938 1
881 939 1
882 940 1
883 941 1
884 942 1
885 943 0
886 944 3
889 948 3
890 948 3
893 951 0
893 952 0
895 953 0
897 955 0
898 956 0
899 957 0
900 958 0
901 959 1
960 961 1
961 962 3
906 964 3
926 984 0
927 985 0
928 929 3
932 933 1
935 936 3
936 937 3
937 938 1
938 939 3
939 940 3
940 941 3
941 942 3
942 943 3
886 943 3
944 945 3
948 949 1
950 951 0
951 952 3
952 953 0
953 954 3
954 955 3
955 956 3
956 957 3
957 958 3
958 959 1
959 960 0
964 965 0
908 966 3
983 984 0
984 985 3
872 930 3
949 950 0
965 966 3
966 967 3
873 930 3
943 944 3
876 992 1
929 930 3
930 932 3
933 992 3
947 948 0
963 964 3
935 992 1
932 989 3
930 989 3
968 1026 3
945 1003 3
946 1003 3
961 1020 3
962 1020 3
967 1026 3
1026 1027 3
944 1002 3
963 1022 3
964 1022 3
939 997 3
943 1002 3
945 1002 3
963 1020 3
960 1018 1
928 986 3
929 987 3
930 988 3
932 990 3
933 991 3
935 993 1
936 994 1
937 995 1
938 996 3
938 997 3
940 998 3
941 999 3
942 1000 3
943 1001 3
946 1005 3
947 1005 3
948 1006 1
949 1007 2
950 1008 1
951 1009 1
952 1010 1
953 1011 1
954 1012 1
955 1013 1
956 1014 1
957 1015 1
958 1016 1
959 1017 3
959 1018 0
961 1018 3
965 1023 1
966 1024 3
967 1025 3
983 1041 1
984 1042 1
985 1043 1
986 987 3
987 988 3
988 989 3
989 990 3
990 991 1
991 992 3
992 993 0
993 994 3
994 995 3
995 996 3
996 997 3
997 998 3
998 999 3
999 1000 3
1000 1001 3
1001 1002 3
1005 1006 3
1006 1007 3
1007 1008 3
1008 1009 3
1009 1010 3
1010 1011 3
1011 1012 3
1012 1013 3
1013 1014 3
1014 1015 3
1015 1016 3
1016 1017 3
1017 1018 0
964 1023 3
1023 1024 3
1024 1025 3
1025 1026 3
1040 1041 3
1041 1042 3
1042 1043 3
1003 1005 3
1022 1023 3
1020 1022 3
1002 1003 3
