0 1 3
1 2 3
2 3 3
3 4 3
4 5 3
5 6 0
6 7 3
7 8 1
8 9 0
9 10 3
10 11 3
11 12 3
12 13 3
13 14 3
14 15 3
15 74 3
17 74 3
17 18 3
18 19 3
19 78 3
23 78 3
23 25 3
25 26 3
26 27 3
27 87 3
29 87 3
29 30 3
30 31 3
31 32 3
32 90 3
90 211 3
38 211 3
38 40 3
40 42 3
42 43 3
43 45 3
45 46 3
46 48 3
48 397 3
57 397 3
42 44 3
43 44 3
54 397 3
7 66 0
8 66 0
54 57 3
4 62 3
5 62 1
9 66 0
25 83 3
26 83 3
211 266 0
5 63 1
6 63 1
90 266 0
43 47 3
45 47 3
46 49 3
17 76 3
19 77 3
48 49 3
9 67 3
13 71 3
18 76 3
77 78 3
10 67 3
15 73 3
30 89 1
31 89 1
39 40 3
3 61 3
4 61 3
66 67 1
73 74 3
38 39 3
39 42 3
0 58 3
1 59 3
2 60 3
2 61 3
61 62 3
6 64 1
7 65 1
11 70 3
12 70 3
25 138 3
26 84 3
58 59 3
59 60 3
60 61 3
63 64 3
64 65 3
65 66 0
14 72 3
23 138 3
27 84 3
41 42 3
13 72 3
15 72 3
78 197 3
38 96 1
39 41 3
18 77 3
23 197 3
83 138 3
83 84 3
39 96 1
62 63 3
10 70 3
13 70 3
71 72 3
74 76 0
96 211 0
45 161 3
46 161 3
29 89 1
44 47 3
70 127 3
152 266 0
152 211 0
10 127 0
74 133 0
151 266 0
41 44 3
76 133 3
27 144 3
32 89 1
151 152 3
72 73 3
87 144 3
76 77 3
55 57 3
70 71 3
89 147 0
32 147 3
49 161 3
54 55 3
138 197 3
87 89 1
89 146 0
48 54 3
10 126 2
126 127 3
84 144 3
87 146 3
47 161 3
67 126 3
83 141 3
90 147 3
150 266 0
60 118 3
61 118 3
70 128 3
78 137 3
138 141 3
150 151 2
61 120 3
62 120 3
63 122 3
64 122 3
127 128 3
72 131 3
73 131 3
77 137 3
137 197 3
65 122 3
65 123 3
74 190 3
87 145 3
96 154 3
49 53 3
48 53 3
65 124 3
66 124 2
76 134 3
77 134 3
145 146 3
154 211 0
59 117 3
66 125 2
67 125 3
71 128 3
138 198 3
141 198 3
58 116 3
60 117 3
62 121 3
63 121 3
122 123 3
124 125 3
125 126 3
128 129 3
71 129 3
74 131 3
133 190 1
84 142 3
39 156 3
41 47 3
116 117 3
123 124 3
83 142 3
142 144 3
96 156 0
41 156 3
120 121 3
47 160 3
117 118 3
121 122 3
131 190 3
133 134 3
144 145 3
41 160 3
77 194 3
141 142 3
146 147 3
160 161 3
71 131 3
77 193 3
137 194 3
118 120 3
134 193 3
193 194 3
127 185 3
53 54 3
126 185 3
71 188 3
129 188 3
118 177 3
120 177 3
90 206 2
142 201 3
144 201 3
144 202 3
154 212 3
41 214 3
206 266 0
211 212 1
156 214 3
160 214 3
160 218 3
161 218 3
131 188 3
134 191 3
145 202 3
96 213 3
117 176 3
118 176 3
122 180 3
123 180 3
133 191 3
134 192 3
156 213 1
131 189 3
147 206 3
191 192 3
194 195 1
137 195 1
146 204 3
49 219 3
123 181 3
188 189 3
192 193 3
195 197 0
141 199 3
201 202 3
145 204 3
160 556 3
161 219 3
53 219 3
54 285 1
116 174 3
117 175 3
121 180 3
124 181 3
124 183 3
125 183 3
126 184 3
129 187 3
142 199 3
145 203 3
214 556 3
272 556 3
53 285 1
174 175 3
176 177 3
120 179 3
121 179 3
180 181 3
124 182 3
128 185 1
128 187 3
189 190 1
202 203 3
203 204 3
147 204 3
147 205 2
175 176 3
120 178 3
125 184 3
187 188 3
205 206 0
213 214 3
218 219 3
178 179 3
181 182 3
182 183 3
183 184 3
185 244 1
154 213 3
218 556 3
177 178 3
184 185 3
212 213 3
54 401 3
55 401 3
179 180 3
198 199 3
204 205 3
151 268 2
185 187 0
197 254 3
199 201 3
195 254 0
152 268 0
54 402 3
243 244 0
211 268 3
285 402 0
401 402 3
185 243 3
212 268 3
184 242 3
183 242 3
266 268 2
182 240 0
198 256 3
202 261 1
203 261 1
53 282 1
194 252 3
199 256 3
276 556 3
282 285 2
184 243 3
187 246 3
188 246 3
190 248 3
195 252 2
179 238 3
180 238 3
183 240 2
189 247 3
189 248 1
192 250 3
193 252 3
177 234 3
187 244 1
189 246 3
133 248 1
191 250 3
192 251 3
193 251 3
201 258 3
219 282 1
176 234 3
179 237 3
181 239 3
246 247 3
251 252 3
204 261 1
268 383 3
174 232 0
175 233 3
180 239 3
181 240 0
255 256 3
202 259 3
212 328 3
213 328 3
232 233 1
233 234 3
242 243 3
250 251 3
138 255 3
138 256 3
259 261 1
178 237 3
247 248 1
197 255 3
199 258 3
201 259 3
268 385 3
212 385 3
219 220 3
234 236 3
177 236 3
237 238 3
238 239 3
239 240 0
187 303 3
254 255 3
204 262 2
205 262 0
206 262 3
220 282 1
178 236 3
246 303 3
258 259 3
261 262 0
248 307 0
195 253 3
256 258 3
206 320 3
133 307 3
133 249 3
252 253 3
262 320 3
206 383 3
328 385 3
213 272 3
236 237 3
183 299 3
249 307 3
214 272 3
289 401 0
242 299 3
191 249 3
253 254 3
259 317 3
261 317 0
234 293 1
236 293 1
249 250 3
233 292 3
234 292 3
244 302 2
206 322 3
243 302 0
219 556 3
237 295 3
240 299 3
243 301 3
244 303 2
320 322 3
382 383 3
236 295 3
240 298 1
242 301 3
239 298 3
250 307 3
322 383 3
251 309 3
254 312 3
328 329 3
213 329 3
294 295 3
238 298 3
301 302 0
250 309 3
252 310 3
253 312 3
322 382 3
236 294 3
238 295 3
302 303 3
256 314 3
258 314 3
238 296 3
242 300 3
272 329 3
285 399 0
232 290 3
300 301 3
303 304 3
246 304 3
247 305 3
250 308 3
258 317 3
268 324 3
282 399 0
401 403 3
233 290 0
233 291 0
296 298 3
299 300 3
246 305 3
248 305 0
307 308 3
308 309 3
255 312 3
324 383 3
402 403 3
403 461 2
290 291 1
252 309 3
291 292 1
297 298 3
298 299 3
304 305 3
309 310 3
295 296 3
296 297 3
255 314 3
293 294 0
220 556 3
399 402 3
292 293 3
258 374 3
253 310 3
317 374 3
317 375 3
320 379 3
261 375 2
261 378 2
261 320 2
401 404 1
305 363 3
305 364 1
248 364 3
373 374 3
322 379 3
403 404 1
296 354 3
378 434 3
363 364 1
375 378 3
400 402 3
297 354 3
307 364 1
375 434 3
400 403 3
302 360 1
304 363 3
307 365 3
314 374 3
320 378 3
399 400 3
293 351 0
294 351 3
364 365 0
255 371 3
504 556 3
301 360 3
308 365 3
312 371 3
314 371 3
314 373 3
299 356 3
294 352 3
312 370 3
351 352 3
295 352 3
298 356 3
299 357 3
253 370 3
324 385 3
300 357 3
300 358 3
301 358 3
301 359 3
303 361 3
304 361 3
378 379 3
329 385 3
291 349 2
292 349 3
295 353 3
295 354 3
354 355 3
297 355 3
298 355 3
356 357 3
359 360 3
302 361 3
309 368 3
310 368 3
314 372 3
378 437 3
290 348 1
292 350 3
352 353 3
304 362 3
362 363 3
308 366 3
309 367 3
371 372 3
434 437 3
379 382 3
282 398 0
348 349 3
349 350 3
357 358 3
361 362 3
365 366 3
366 367 3
367 368 3
253 368 3
370 371 3
220 398 3
355 356 3
372 373 3
398 399 3
353 354 3
293 350 3
358 359 3
253 427 3
401 462 1
370 427 3
400 518 1
404 462 3
350 351 3
360 361 0
368 427 3
374 375 3
329 556 3
400 461 1
385 556 3
324 382 3
365 423 3
364 423 0
370 428 3
371 428 3
382 440 3
324 556 3
352 410 3
353 410 3
354 412 3
434 435 3
435 437 3
324 440 3
353 412 3
356 414 3
360 419 0
361 419 3
505 556 3
368 426 3
427 428 3
357 414 3
367 426 3
504 505 3
351 409 3
355 414 3
362 419 3
371 429 3
379 438 3
382 438 3
404 461 0
350 409 3
363 422 1
364 422 3
428 429 3
398 556 3
461 462 1
348 406 3
349 407 0
350 407 2
355 413 3
357 415 3
358 416 3
358 417 3
359 417 3
363 421 3
366 424 3
367 425 3
406 407 0
350 408 3
352 409 3
355 412 3
414 415 3
415 416 3
359 418 3
360 418 3
362 421 3
421 422 1
422 423 0
423 424 3
424 425 3
399 572 3
400 572 3
407 408 2
416 417 3
417 418 3
418 419 0
426 427 3
372 429 3
375 433 3
438 440 3
398 572 3
408 409 3
409 410 3
413 414 3
425 426 3
373 431 3
373 432 3
374 432 3
374 433 3
435 436 3
436 437 3
512 556 0
412 413 3
372 431 2
518 572 1
372 430 3
431 432 3
353 469 3
429 430 3
430 431 3
379 437 3
410 469 3
412 469 3
432 433 3
433 434 3
462 578 0
362 420 3
419 420 3
420 421 3
437 438 3
269 324 3
269 556 3
461 578 1
409 467 3
434 493 2
435 493 2
408 467 3
425 484 3
426 484 3
433 493 2
435 494 2
436 494 2
437 495 2
423 482 3
424 482 3
438 495 2
461 518 1
410 467 3
410 468 3
423 481 3
467 468 3
416 474 3
481 482 3
406 464 3
408 466 3
412 470 3
413 471 3
414 471 3
414 472 3
415 473 3
417 474 3
421 479 1
422 480 3
425 482 3
426 485 3
427 485 3
440 555 3
461 519 0
407 464 1
407 465 1
407 466 2
466 467 3
470 471 3
472 473 3
473 474 3
479 480 1
428 485 3
437 494 2
464 465 3
471 472 3
418 476 3
418 420 0
423 480 1
425 540 3
428 486 1
428 487 1
429 487 1
430 487 1
556 569 3
519 578 1
465 466 3
420 478 1
484 540 3
484 485 3
486 487 3
469 470 3
418 474 3
421 478 1
482 540 3
433 491 1
433 492 1
324 555 2
518 519 0
468 469 3
418 475 3
485 486 1
491 492 3
493 494 3
475 476 3
420 477 1
480 481 0
487 546 3
430 546 1
431 433 3
492 493 0
269 555 2
474 475 3
431 489 1
477 478 3
478 479 3
398 569 3
578 636 0
418 477 3
494 495 3
438 439 3
439 440 3
572 574 3
505 506 1
518 574 1
439 495 3
398 574 3
495 553 3
476 477 3
430 489 1
433 548 1
467 525 3
468 525 3
439 555 3
431 548 3
555 557 3
474 532 3
475 532 3
484 541 3
489 546 1
269 557 3
518 576 0
472 530 3
473 530 3
478 537 3
479 537 3
540 541 3
269 441 3
468 526 3
477 536 3
478 536 3
481 540 3
484 542 3
489 548 2
441 557 3
506 556 0
519 577 2
578 579 2
469 526 3
475 533 3
476 533 3
536 537 3
480 537 0
480 538 0
481 538 3
481 539 3
485 543 3
494 552 3
495 555 3
518 577 0
577 578 3
464 522 0
465 523 0
465 524 3
466 524 3
467 524 3
469 527 3
470 527 3
470 528 3
471 529 3
471 530 3
473 531 3
476 534 1
476 535 3
477 535 3
484 543 3
486 543 0
486 544 0
487 544 0
493 552 3
526 527 3
528 529 3
531 532 3
532 533 3
534 535 0
535 536 3
542 543 3
495 552 3
537 538 3
538 539 3
539 540 3
487 545 0
553 555 3
524 525 3
525 526 3
529 530 3
533 534 1
544 545 3
545 546 1
489 604 3
569 574 3
527 528 3
530 531 3
541 542 3
543 544 1
491 549 3
552 553 3
523 524 1
546 604 0
433 549 1
576 577 3
465 522 0
492 549 3
556 673 3
574 576 1
522 523 3
548 549 3
493 549 3
493 609 3
552 609 3
549 609 3
569 673 3
534 593 0
535 593 1
548 604 3
269 673 3
555 612 3
555 558 2
577 636 2
532 590 1
548 606 3
553 611 3
558 612 1
533 592 1
534 592 0
541 598 3
604 606 3
549 606 3
552 611 3
441 499 3
540 598 3
604 605 3
557 558 3
536 594 1
537 594 1
605 606 3
549 608 3
608 609 3
574 634 3
576 634 3
579 636 2
523 581 1
524 581 1
606 608 3
553 612 3
441 558 3
524 582 1
525 582 1
526 584 1
593 594 1
539 598 3
541 599 3
525 584 1
527 584 1
542 599 3
525 583 1
527 585 1
528 586 1
529 587 1
530 588 1
531 589 1
533 591 1
537 595 1
538 596 3
542 601 3
543 601 3
611 612 3
582 583 3
583 584 3
584 585 3
585 586 3
586 587 3
587 588 3
588 589 3
589 590 3
590 591 1
591 592 0
592 593 0
594 595 1
595 596 0
539 596 3
598 599 3
544 601 2
636 637 2
579 637 3
581 582 3
539 597 3
545 604 2
609 611 3
522 581 1
597 598 3
577 693 2
636 693 2
542 658 3
545 603 2
577 634 3
522 580 1
599 658 3
601 658 3
544 602 2
545 602 2
603 604 3
269 496 3
580 581 3
596 597 3
601 602 3
602 603 3
441 496 3
609 668 3
611 668 3
634 693 1
608 666 3
606 665 3
496 499 3
608 665 3
637 695 2
606 663 3
569 634 3
594 652 0
595 652 0
611 669 3
668 669 3
693 694 0
636 694 3
605 663 3
609 666 3
636 695 3
604 662 3
603 661 3
604 661 3
605 662 3
612 729 1
582 641 1
583 641 1
584 641 1
661 662 3
609 667 3
667 668 3
558 729 1
596 654 3
597 654 3
612 670 1
694 695 3
580 638 1
581 639 0
582 640 1
584 642 1
585 643 1
586 644 1
587 645 0
588 646 1
589 646 1
589 647 0
590 647 0
595 654 0
597 655 3
598 656 3
611 670 1
638 639 0
639 640 1
640 641 3
641 642 3
642 643 3
643 644 3
644 645 0
645 646 1
654 655 3
655 656 3
599 656 3
601 603 3
662 663 3
669 670 3
670 729 3
646 647 0
590 648 1
593 651 1
666 667 3
592 650 1
651 652 0
663 665 3
591 648 0
591 649 0
591 650 2
650 651 3
665 666 3
496 673 3
648 649 0
649 650 1
601 717 3
647 648 1
656 658 3
658 717 3
652 654 0
601 661 3
656 715 3
658 715 3
658 716 2
663 721 3
665 722 3
652 711 3
654 711 1
601 718 3
721 722 3
716 717 3
717 718 3
661 718 3
665 724 3
564 569 3
666 724 3
668 725 3
564 629 3
667 725 3
629 743 1
693 752 0
669 728 3
634 752 1
646 704 0
656 714 1
715 716 0
564 673 3
694 752 3
647 704 1
662 720 3
663 720 3
668 726 3
669 726 3
670 728 3
655 713 1
656 713 1
638 696 0
639 697 1
640 698 0
641 699 0
642 700 0
643 701 0
644 702 0
645 702 1
645 703 1
648 706 3
649 707 0
650 708 0
651 709 0
654 712 1
713 714 3
714 715 0
661 719 3
720 721 3
725 726 3
728 729 3
695 753 3
696 697 3
697 698 3
698 699 3
699 700 3
700 701 3
701 702 3
703 704 3
647 706 1
706 707 0
707 708 0
708 709 1
652 709 3
711 712 3
712 713 1
718 719 3
661 720 3
667 724 2
694 753 3
726 728 3
752 810 1
702 703 3
652 769 3
719 720 3
634 810 1
558 788 1
499 558 3
569 629 3
711 769 3
724 725 3
558 619 3
499 619 3
752 753 3
652 768 3
722 724 2
499 673 3
704 706 1
709 768 3
768 769 3
717 775 2
718 775 2
722 781 2
724 781 3
728 785 3
726 785 3
619 788 1
728 786 3
629 634 3
785 786 3
716 774 3
722 780 3
714 772 3
715 774 0
717 774 3
718 776 2
719 776 2
780 781 2
715 772 1
700 758 1
701 758 1
709 767 3
715 773 3
721 779 1
722 779 1
724 783 3
725 783 3
726 784 3
701 759 1
704 762 1
704 763 1
706 763 2
707 763 1
707 765 1
708 767 1
767 768 3
774 775 3
720 778 2
720 779 1
729 786 3
696 754 1
697 755 1
698 756 1
699 757 1
758 759 3
702 759 1
702 760 1
703 761 1
762 763 3
708 765 1
712 770 0
713 771 0
713 772 3
773 774 0
775 776 3
719 777 2
778 779 1
629 810 1
753 810 1
753 811 1
754 755 3
755 756 3
756 757 3
700 757 1
760 761 3
761 762 3
763 765 2
708 766 1
711 770 0
770 771 3
776 777 3
779 780 0
725 784 3
810 811 3
765 766 3
771 772 1
772 773 0
720 777 2
784 785 3
729 788 3
757 758 3
759 760 3
766 767 0
783 784 3
769 770 0
781 783 3
499 503 3
503 673 3
786 788 3
768 883 3
777 778 3
786 845 3
788 845 3
781 840 3
783 840 3
763 822 0
810 927 3
769 827 3
770 827 1
629 927 1
762 821 0
763 821 0
765 822 0
780 838 3
619 847 1
503 619 3
821 822 3
767 825 3
772 830 0
779 838 0
783 841 3
785 844 2
786 844 2
503 564 3
768 825 3
771 830 3
773 830 0
774 832 3
779 837 3
781 838 2
784 841 3
761 820 0
762 820 0
773 832 0
775 832 3
778 837 1
785 843 2
810 868 3
754 812 0
755 813 0
756 814 0
757 815 0
758 816 0
759 817 0
760 818 0
766 825 0
825 883 3
770 828 3
771 829 3
775 833 3
776 834 3
777 835 1
778 836 1
781 839 1
784 843 2
843 844 3
844 845 3
788 847 3
868 927 3
811 868 3
811 869 3
812 813 3
813 814 3
814 815 0
815 816 1
816 817 3
817 818 0
761 818 0
820 821 3
765 823 0
766 823 0
828 829 3
829 830 3
773 831 0
832 833 3
833 834 3
834 835 1
835 836 3
839 840 2
840 841 3
868 869 3
818 820 3
830 831 3
831 832 3
836 837 3
837 838 0
784 842 1
766 824 0
768 827 3
838 839 1
841 842 1
842 843 0
822 823 3
824 825 3
827 828 0
823 824 3
788 904 3
822 880 3
823 880 3
768 885 3
827 885 3
845 904 3
847 904 3
820 877 3
821 880 3
821 879 3
818 877 3
879 880 3
820 878 3
821 878 3
883 885 3
868 985 1
877 878 3
878 879 3
927 985 1
827 886 0
828 886 1
885 886 0
844 902 2
814 872 0
818 876 0
876 877 1
824 882 3
825 882 3
835 893 0
843 902 2
845 903 3
812 870 0
813 870 0
813 872 0
815 872 1
815 874 2
816 874 0
817 874 0
824 880 3
882 883 3
829 887 1
830 888 1
831 889 1
832 890 1
833 891 0
834 892 3
834 893 3
836 894 0
837 895 1
838 895 1
838 896 1
839 897 1
840 898 1
841 899 1
842 900 3
843 901 2
619 906 1
869 985 1
817 876 0
886 887 3
887 888 3
888 889 3
889 890 1
890 891 0
891 892 1
893 894 3
894 895 1
895 896 3
896 897 3
897 898 3
898 899 3
899 900 3
900 901 3
845 902 3
815 873 2
892 893 3
902 903 3
903 904 3
873 874 3
872 873 1
824 881 3
901 902 3
629 985 1
870 872 0
881 882 3
883 942 3
885 942 3
847 905 3
880 881 3
619 905 1
874 876 3
904 905 3
883 941 3
882 941 3
885 943 3
886 943 2
874 933 1
941 942 3
870 929 1
876 933 1
903 962 3
904 962 3
872 929 1
872 930 1
873 930 1
882 940 3
940 941 3
887 945 2
905 963 3
619 963 1
870 928 1
873 932 1
874 932 1
881 940 3
888 945 2
906 963 3
906 1022 3
928 929 3
873 931 1
881 939 3
886 944 2
888 946 2
889 947 2
890 948 3
891 949 1
892 950 1
893 951 1
894 952 1
895 953 1
896 954 1
897 955 3
898 956 3
899 957 3
900 958 3
901 959 3
902 960 3
903 961 3
904 963 3
619 1022 1
929 930 3
930 931 3
932 933 3
939 940 3
944 945 3
946 947 3
947 948 3
948 949 0
949 950 1
950 951 3
951 952 1
952 953 3
953 954 3
954 955 0
955 956 3
956 957 3
957 958 3
958 959 3
959 960 3
960 961 3
963 1022 3
876 934 1
880 938 3
880 939 3
942 943 3
961 962 3
933 934 1
877 934 1
879 937 3
938 939 3
943 944 3
962 963 3
877 935 3
878 936 3
878 937 3
937 938 3
945 946 3
935 936 3
936 937 3
931 932 0
934 935 0
985 1043 3
629 1043 1
944 1002 1
945 1002 1
961 1020 3
962 1020 3
963 1021 3
941 999 3
943 1001 1
962 1021 3
940 999 3
942 999 3
942 1001 1
944 1001 1
928 986 2
929 987 2
930 988 2
931 989 2
932 990 1
933 991 1
934 992 0
935 993 3
936 994 3
937 995 3
938 996 3
939 997 3
940 998 3
942 1000 1
945 1003 1
946 1004 1
947 1005 1
948 1006 1
949 1007 0
950 1008 2
951 1009 2
952 1010 0
953 1011 0
954 1012 0
955 1013 3
956 1014 3
957 1015 3
958 1016 3
959 1017 3
960 1018 3
961 1019 3
1020 1021 3
986 987 3
987 988 3
988 989 3
989 990 0
990 991 3
991 992 3
992 993 3
993 994 3
994 995 3
995 996 3
996 997 3
997 998 3
998 999 3
999 1000 3
1000 1001 3
1003 1004 3
1004 1005 3
1005 1006 3
1006 1007 3
1007 1008 3
1008 1009 3
1009 1010 3
1010 1011 3
1011 1012 3
1012 1013 3
1013 1014 3
1014 1015 3
1015 1016 3
1016 1017 3
1017 1018 3
1018 1019 3
1019 1020 3
1001 1002 3
1002 1003 3
1021 1022 3
629 1033 1
503 629 3
