0 2 3
2 3 3
3 4 3
4 6 3
6 8 1
8 9 3
9 10 1
10 11 0
11 12 3
12 13 3
13 14 3
14 15 3
15 16 3
16 17 3
17 18 0
18 19 3
19 20 3
20 21 3
21 22 3
22 23 3
23 24 3
24 25 3
25 26 3
26 27 3
27 28 3
28 29 3
29 30 3
30 31 3
31 33 3
33 34 3
34 35 0
35 36 3
36 37 3
37 38 3
38 96 3
96 98 3
98 99 3
41 98 3
41 159 3
159 161 3
47 159 3
47 223 3
107 223 3
53 107 3
53 56 3
56 57 3
103 161 3
41 99 3
47 103 3
96 97 3
97 98 3
33 90 0
4 63 3
6 63 3
46 47 3
53 110 3
8 65 0
107 110 3
6 65 3
31 90 0
19 77 3
26 84 0
41 100 3
0 58 0
2 58 2
3 62 3
37 96 3
46 223 3
53 344 3
56 344 3
6 64 3
163 223 3
8 66 0
22 81 3
23 81 3
28 142 0
34 92 3
36 93 3
107 343 3
57 347 3
2 60 0
4 62 3
63 64 3
65 66 3
14 72 3
15 73 3
20 78 3
25 84 0
27 142 0
28 143 0
35 93 3
36 94 3
99 100 3
110 343 3
56 347 3
64 65 3
11 70 3
12 70 3
14 73 3
16 74 3
17 75 3
33 92 0
37 94 3
47 161 3
110 344 3
9 66 0
16 75 3
20 79 3
21 79 3
25 83 2
27 84 0
142 143 3
30 88 0
30 90 0
103 163 3
62 63 3
13 70 3
15 74 3
18 77 3
20 77 3
24 83 2
29 88 0
88 90 3
84 142 3
93 94 3
46 103 3
58 60 3
73 74 3
74 75 3
77 78 3
22 79 3
29 143 0
34 93 0
100 159 3
103 223 3
10 184 3
78 79 3
24 81 3
83 84 0
3 60 2
11 184 1
72 73 3
18 75 1
344 347 3
9 184 1
13 72 3
81 83 0
92 93 3
60 62 2
9 126 0
70 184 1
70 72 3
90 92 3
66 126 3
88 143 3
88 146 3
62 119 0
79 81 3
60 119 3
66 123 3
83 140 1
94 152 3
37 152 3
37 153 3
96 153 3
65 123 3
70 129 3
72 129 3
81 140 0
152 153 3
126 184 1
81 139 3
90 147 3
90 150 3
92 150 3
73 131 3
81 138 3
88 147 3
72 131 3
79 138 3
84 141 3
146 147 3
60 118 3
66 125 3
125 126 3
139 140 0
83 141 1
96 154 3
99 158 3
100 158 3
77 134 3
97 154 3
105 163 3
62 121 2
63 121 2
75 133 3
18 134 2
97 155 3
98 155 3
343 344 3
118 119 3
62 120 2
75 134 3
77 135 3
127 184 1
70 127 3
74 132 3
75 132 3
78 135 3
141 142 3
98 156 3
58 116 2
66 124 3
72 130 3
73 132 3
132 133 3
134 135 3
78 137 3
79 137 3
99 156 3
99 157 3
120 121 3
64 123 3
123 124 3
124 125 3
129 130 3
131 132 3
150 151 3
92 151 3
93 151 3
93 152 3
153 154 3
154 155 3
155 156 3
156 157 3
157 158 3
119 120 3
64 121 2
130 131 3
137 138 3
126 183 3
183 184 1
127 129 3
90 205 3
161 163 3
150 205 3
158 159 3
60 116 2
125 183 3
151 152 3
344 345 3
345 347 3
166 343 0
60 176 2
147 205 3
105 161 3
118 176 3
205 206 3
60 175 2
131 189 0
138 139 3
140 141 3
150 206 3
150 207 3
116 175 3
175 176 3
121 123 3
133 134 3
143 201 3
88 201 3
206 207 3
150 208 3
163 221 3
221 223 3
123 181 3
141 199 3
88 203 3
161 219 3
201 203 3
223 343 3
124 181 3
129 187 3
140 199 3
146 203 3
157 216 3
158 216 3
159 217 3
161 217 3
127 187 3
142 201 3
105 219 3
105 221 3
121 180 1
124 182 3
127 185 3
130 187 3
138 196 0
139 196 0
151 208 3
151 209 3
344 401 3
123 180 3
132 190 3
135 137 3
152 210 3
156 214 3
343 401 3
140 198 3
157 215 3
137 195 0
138 195 0
198 199 3
157 214 3
159 216 3
161 218 3
218 219 3
342 343 3
116 174 3
119 177 3
125 182 3
184 185 0
131 190 3
190 191 3
132 191 3
134 193 3
135 193 3
135 194 3
137 194 0
207 208 3
152 209 3
152 211 3
153 211 3
153 212 3
154 212 3
155 213 3
155 214 3
214 215 3
217 218 3
223 342 2
120 178 3
181 182 3
182 299 0
182 183 0
183 299 0
199 201 3
141 201 3
209 210 3
210 211 3
211 212 3
212 213 3
215 216 3
216 217 3
118 177 3
120 177 3
121 178 3
180 181 3
133 191 3
194 195 3
195 196 3
139 198 0
213 214 3
105 277 3
221 396 3
223 396 3
345 401 3
174 175 3
193 194 3
201 259 3
147 203 3
221 277 3
177 178 3
130 246 3
200 201 3
203 261 3
176 177 3
187 246 3
131 246 3
199 200 3
178 180 1
185 187 3
189 190 3
221 278 3
343 455 3
134 191 3
208 209 3
342 455 3
191 193 3
203 205 3
277 278 3
187 245 2
185 243 0
191 248 3
191 250 3
193 250 3
201 261 3
184 242 3
189 246 1
196 198 2
259 261 3
203 262 3
213 272 3
214 272 3
223 395 3
401 455 3
183 242 1
185 242 1
395 396 3
185 244 0
190 248 3
205 264 3
206 264 3
180 236 0
205 262 3
187 244 0
193 251 3
194 251 3
196 255 1
200 259 3
208 267 3
209 267 3
178 236 3
223 281 3
190 247 3
216 274 3
219 277 3
281 342 0
243 244 3
189 247 3
259 260 3
215 274 3
175 234 3
176 234 3
236 238 1
180 238 2
181 239 0
182 239 2
245 246 2
250 251 3
198 255 1
210 267 3
215 272 3
218 276 3
281 395 0
174 233 3
175 233 3
181 238 2
242 243 0
208 266 3
219 276 3
174 232 3
236 237 3
200 258 3
207 265 3
208 265 3
266 267 3
210 268 3
211 269 3
212 270 3
213 271 3
215 273 3
216 275 3
217 275 3
221 279 3
279 396 3
282 342 0
346 347 3
232 233 3
244 245 1
246 247 0
198 256 3
199 258 3
264 265 3
267 268 3
268 269 3
269 270 3
270 271 3
271 272 3
273 274 3
218 275 3
279 394 3
345 346 3
177 234 1
177 236 3
237 238 1
248 250 3
255 256 0
260 261 3
272 273 3
274 275 3
281 282 2
238 239 0
275 276 3
233 234 3
195 253 3
196 253 3
258 259 3
278 279 3
194 253 3
265 266 3
242 299 0
262 264 3
282 455 0
234 293 0
177 293 3
247 248 3
276 277 3
261 262 3
278 394 3
239 299 0
248 307 0
251 253 0
248 306 0
250 307 0
253 255 1
394 396 3
236 293 3
242 300 0
198 258 3
262 321 3
264 321 3
255 371 0
253 371 3
299 300 3
245 303 2
248 305 3
306 307 3
260 317 3
260 319 3
264 322 3
265 322 3
244 303 3
245 304 2
246 304 0
247 304 3
247 305 3
305 306 0
250 308 3
253 309 2
253 310 3
256 258 3
317 374 3
239 297 2
297 299 0
251 308 3
251 309 0
253 311 3
261 319 3
274 332 3
233 291 3
236 294 3
243 301 3
303 304 3
307 308 1
311 371 3
255 313 0
259 316 3
261 320 3
262 320 3
273 331 3
276 335 3
277 335 3
281 455 0
345 402 3
232 290 3
234 291 3
237 294 3
238 297 2
309 310 3
313 371 3
258 316 3
260 316 3
265 323 3
266 324 3
267 325 3
268 326 3
269 327 3
270 328 3
271 329 3
272 330 3
272 331 3
274 331 3
274 333 3
275 333 3
276 334 3
401 402 3
290 291 3
243 302 3
244 302 3
256 316 3
316 317 3
319 320 3
320 321 3
322 323 3
323 324 3
324 325 3
325 326 3
326 327 3
327 328 3
328 329 3
329 330 3
330 331 3
333 334 3
278 335 3
304 305 3
321 322 3
331 332 3
332 333 3
334 335 3
395 455 3
293 294 3
243 300 3
256 313 3
335 394 3
237 353 3
300 301 3
302 303 3
308 309 0
345 403 3
294 353 3
238 353 2
317 319 3
394 395 3
402 403 3
346 403 3
301 302 3
256 372 3
313 372 3
316 372 3
310 311 3
346 463 3
305 364 3
304 364 3
306 364 3
353 354 1
238 354 1
299 356 1
299 358 3
300 358 3
309 367 1
297 354 1
299 357 3
321 379 3
293 350 3
297 355 2
297 356 2
356 357 0
357 358 3
303 361 3
320 379 3
323 381 3
324 381 3
354 355 3
302 361 3
311 370 3
370 371 3
455 512 3
401 458 3
395 512 3
455 458 3
293 353 3
304 361 3
310 368 1
319 376 3
322 379 3
330 389 3
309 368 1
368 483 0
372 373 3
326 384 3
331 389 3
334 392 3
290 348 2
291 348 2
304 362 3
308 366 3
325 384 3
327 384 3
332 390 3
333 392 3
346 404 1
234 350 0
301 359 3
302 360 3
361 362 3
362 364 3
306 365 3
307 365 3
316 373 3
317 376 3
322 380 3
322 381 3
324 382 3
325 383 3
327 386 3
328 386 3
329 387 3
330 387 3
333 390 3
404 463 0
350 353 3
300 359 3
359 360 3
360 361 3
364 365 3
309 366 1
367 368 3
379 380 3
380 381 3
381 382 3
325 382 3
383 384 3
386 387 3
332 389 3
335 393 3
403 461 3
382 383 3
402 461 3
403 463 3
310 369 3
311 369 3
320 376 3
389 390 3
291 350 0
371 372 3
317 373 3
334 393 3
393 394 3
392 393 3
368 369 0
348 350 0
355 356 3
358 359 3
308 365 0
387 389 3
401 459 3
369 370 3
376 435 3
402 459 3
461 463 3
348 349 1
320 435 1
458 459 3
350 409 1
353 409 1
353 410 1
354 413 3
364 421 3
364 422 3
365 366 1
384 443 3
327 443 3
390 392 3
349 350 0
353 411 1
355 413 3
370 429 1
371 429 1
387 446 3
389 446 3
409 410 3
362 421 3
421 422 3
365 422 3
369 427 1
370 428 1
372 429 1
386 443 3
386 444 3
390 449 3
410 411 3
361 419 3
370 427 1
443 444 3
392 449 3
402 460 3
360 419 3
320 436 3
379 436 3
392 507 3
455 457 3
459 460 3
393 451 3
394 451 3
457 458 3
350 408 1
379 437 3
380 437 3
449 507 3
455 456 3
460 461 3
349 408 3
354 411 1
309 425 1
376 434 3
387 444 3
456 512 3
456 457 3
359 417 3
360 418 3
418 419 3
367 425 3
434 435 3
435 436 0
355 414 3
356 414 3
356 473 0
357 473 2
358 417 3
362 420 3
384 442 3
408 409 3
354 412 3
361 420 3
368 425 3
382 440 3
383 442 3
442 443 3
387 445 3
392 450 3
412 413 2
365 423 3
366 424 3
425 483 0
368 426 3
381 440 3
444 445 3
450 507 3
357 415 3
358 416 3
360 417 3
365 424 1
426 483 0
369 426 1
380 438 3
381 439 3
383 440 3
389 448 3
390 448 3
461 462 3
462 463 3
357 416 3
416 417 3
437 438 3
438 439 3
383 441 3
445 446 3
448 449 3
450 451 3
348 406 2
349 406 3
411 412 0
413 414 3
414 473 0
417 418 3
420 421 3
309 424 1
436 437 3
439 440 3
389 447 3
394 452 3
440 441 3
446 447 3
395 452 3
373 374 3
444 502 3
447 448 3
451 452 3
406 408 3
423 424 1
441 442 3
443 502 3
415 416 3
419 420 3
422 423 3
428 429 3
373 429 1
408 465 3
406 465 3
434 492 0
410 468 3
427 428 3
373 492 2
317 492 2
317 434 3
438 496 3
448 506 3
449 506 3
411 468 0
435 492 0
446 504 3
512 514 3
456 514 3
461 519 3
423 481 3
437 496 3
445 504 3
506 507 3
457 514 3
460 519 3
422 481 2
369 483 1
435 493 3
443 500 3
458 516 3
462 519 3
442 500 3
445 503 3
457 516 3
459 516 3
409 466 3
413 471 3
414 471 3
429 487 3
446 505 3
447 505 3
408 466 3
410 466 1
414 472 3
421 479 2
373 487 1
492 493 1
436 494 2
437 494 2
504 505 3
450 508 3
406 464 3
472 473 0
420 479 1
309 483 1
435 494 0
439 497 3
440 498 3
441 499 3
503 504 3
451 508 3
464 465 3
465 466 3
412 471 2
416 474 2
424 481 3
427 485 3
493 494 0
497 498 3
442 499 3
502 503 3
448 505 3
507 508 3
462 521 3
471 472 3
415 473 3
415 474 3
417 474 2
369 485 1
428 486 3
438 497 3
499 500 3
502 559 3
452 512 3
521 635 3
419 476 1
429 486 3
496 497 3
441 498 3
443 559 3
459 517 3
418 476 1
419 477 1
420 477 1
422 479 2
451 567 3
516 517 3
460 517 3
519 521 3
417 476 1
494 496 3
498 499 3
508 567 3
452 567 3
457 515 3
474 476 3
477 479 3
424 482 3
428 485 3
486 487 3
505 506 3
514 515 3
479 480 3
422 480 2
481 482 3
309 482 1
492 549 1
515 516 3
480 481 2
482 483 2
373 548 1
373 549 1
476 477 2
548 549 3
369 482 1
473 474 3
460 576 3
412 528 3
471 528 3
485 486 3
504 562 3
507 622 3
519 576 3
465 639 0
466 468 0
468 527 1
472 530 3
473 530 1
476 533 1
512 513 3
464 522 3
468 525 1
474 533 1
481 539 3
373 546 2
502 618 3
505 562 3
513 514 3
516 575 3
517 575 3
517 576 3
465 522 3
466 525 3
525 527 3
471 529 3
503 618 3
411 527 2
472 529 3
482 539 3
369 539 1
373 547 1
500 559 3
515 573 3
516 573 3
412 527 1
373 545 1
545 546 0
546 547 2
547 548 2
503 562 3
506 622 3
514 573 3
575 576 3
522 639 0
369 542 1
485 543 3
486 543 3
494 554 3
496 554 3
505 563 3
506 563 3
466 524 3
473 531 1
479 536 3
481 538 2
486 544 3
487 545 3
494 552 3
497 554 3
506 564 3
508 566 3
452 569 3
465 524 3
528 529 3
474 532 3
476 534 3
480 538 3
538 539 3
369 543 1
487 544 3
493 552 2
494 553 3
553 554 3
499 557 3
562 563 3
563 564 3
507 566 3
512 569 3
512 570 3
465 523 3
544 545 3
549 550 0
492 550 3
498 557 3
524 525 3
473 532 3
477 536 3
498 556 3
556 557 3
500 557 3
566 567 3
523 639 0
523 524 3
530 531 3
567 569 3
527 528 3
531 532 0
532 533 1
369 541 1
543 544 3
492 552 3
552 553 3
529 530 3
533 534 0
539 541 1
541 542 3
497 555 3
573 575 3
521 578 1
479 538 3
498 555 3
569 570 3
513 570 3
521 576 3
479 595 3
542 543 1
554 555 3
555 556 3
536 595 3
538 595 3
567 568 3
564 622 3
507 624 3
568 569 3
622 624 3
513 573 3
477 534 2
536 593 1
557 559 3
559 618 3
575 632 3
534 591 2
477 593 1
557 616 3
573 632 3
575 634 3
576 634 3
533 591 3
534 593 3
567 624 3
538 597 3
539 597 3
550 608 3
550 552 3
566 624 3
549 608 3
576 635 3
527 584 3
546 604 3
635 636 1
525 584 3
530 588 3
545 604 0
559 616 3
503 619 3
562 619 3
562 620 3
568 624 3
527 585 3
593 594 0
536 594 3
545 603 2
552 609 3
559 617 3
618 619 3
562 621 3
563 621 3
568 570 3
528 585 3
532 590 1
533 590 1
541 598 0
542 600 0
549 606 3
550 609 3
620 621 3
522 580 3
525 583 3
528 586 2
531 590 1
591 592 2
534 592 3
539 598 3
603 604 2
548 606 3
549 607 3
616 617 3
619 620 3
580 639 0
585 586 1
528 587 2
529 587 2
531 588 3
531 589 3
541 600 0
547 604 2
607 608 3
552 610 3
553 611 3
590 591 0
594 595 3
541 599 0
606 607 3
610 611 3
555 613 3
563 622 3
524 639 0
588 589 3
592 593 2
597 598 3
599 600 3
543 600 0
543 601 0
544 603 0
554 613 3
555 557 3
557 615 3
621 622 3
524 583 3
529 588 2
589 590 1
600 601 3
544 601 0
617 618 3
573 631 3
583 584 3
584 585 3
587 588 0
615 616 3
621 679 3
622 679 3
513 631 3
554 612 3
612 613 3
555 615 3
631 632 3
583 639 0
586 587 3
598 599 3
608 609 3
554 611 3
601 603 1
609 610 3
611 612 3
632 634 3
547 606 2
555 673 3
513 568 3
634 635 3
595 597 3
604 606 3
613 673 3
615 673 3
623 624 0
513 691 3
611 670 3
612 670 3
568 626 1
568 628 3
631 691 3
617 676 0
618 676 0
624 625 1
568 625 1
626 628 0
627 628 0
513 628 3
632 633 3
633 634 3
620 679 3
622 623 1
626 627 3
632 691 3
601 659 3
609 668 3
595 654 3
610 668 3
623 628 0
625 626 3
597 654 3
606 663 2
613 670 2
616 674 3
599 657 3
604 663 3
617 674 3
583 642 1
584 642 1
585 642 1
598 656 3
598 657 3
600 658 3
603 661 3
607 665 3
615 674 3
617 675 3
628 679 1
622 628 3
623 625 2
626 685 3
593 651 2
594 653 3
595 653 3
600 657 3
601 658 2
603 660 3
604 661 0
606 665 3
620 678 3
628 685 1
627 685 3
583 641 1
587 645 0
587 646 0
588 646 3
591 649 3
592 651 3
594 651 3
601 660 3
606 664 3
608 667 2
609 667 3
611 669 3
675 676 0
619 678 3
623 683 3
625 683 3
626 684 3
583 640 1
641 642 3
585 643 3
586 643 0
586 645 0
589 647 3
589 648 3
590 648 0
592 649 3
659 660 1
663 664 0
664 665 3
610 669 3
673 677 0
674 675 3
619 676 2
619 677 2
678 679 3
628 683 1
628 684 1
642 643 0
646 647 3
647 648 3
592 650 3
653 654 3
597 656 3
660 661 2
667 668 3
668 669 3
669 670 3
670 673 2
677 788 3
673 674 3
676 734 0
619 734 2
677 908 1
683 684 3
639 640 1
650 651 3
594 652 3
657 658 3
658 659 2
674 677 0
677 734 3
677 678 2
608 665 2
640 641 3
645 646 3
590 649 0
649 650 3
651 652 3
665 666 3
608 666 3
639 698 1
652 653 3
654 656 3
661 720 1
604 720 3
666 667 3
656 657 3
670 677 0
672 677 0
648 649 3
678 908 1
663 720 3
633 691 3
643 645 3
633 635 3
642 699 0
658 717 3
659 717 1
661 719 1
674 733 3
675 733 3
678 854 1
679 854 1
635 752 1
641 699 0
643 699 0
628 854 1
643 702 1
645 702 3
652 710 3
656 713 3
656 714 3
669 727 3
670 727 3
651 710 3
654 713 3
657 715 3
659 718 1
660 718 3
677 733 1
854 908 3
635 750 1
645 703 3
646 703 3
647 705 3
653 712 3
654 712 3
657 716 3
658 716 3
633 750 1
646 705 3
650 708 3
712 713 3
713 714 3
668 727 3
670 728 3
670 788 0
675 734 0
640 698 3
640 699 0
651 708 3
651 709 3
653 711 3
660 719 3
719 720 3
663 721 3
664 722 1
665 723 1
666 724 3
667 725 3
668 726 3
670 729 3
649 706 3
649 708 3
709 710 3
652 711 3
656 715 3
715 716 3
718 719 3
720 721 3
721 722 3
722 723 3
723 724 3
724 725 3
725 726 3
635 751 1
639 696 3
699 701 1
643 701 1
702 703 3
648 705 3
648 706 3
711 712 3
714 715 3
716 717 3
726 727 3
728 729 3
729 788 0
750 751 1
751 752 3
733 734 0
639 755 3
698 699 0
708 709 3
701 702 0
727 728 3
698 755 0
703 705 3
706 708 3
696 755 3
648 763 3
710 711 3
705 763 3
706 763 3
715 772 3
763 764 3
706 764 3
699 758 1
701 758 2
705 762 3
714 772 3
703 762 3
717 718 3
521 691 3
628 691 3
706 765 3
727 786 3
728 786 3
691 750 1
764 765 3
708 765 3
709 768 3
710 768 3
718 776 0
719 777 0
711 768 3
712 770 3
718 777 0
708 766 3
714 771 3
698 757 3
699 757 1
701 759 0
765 766 3
711 769 3
713 771 3
715 774 3
716 774 3
720 777 0
721 779 3
724 782 3
691 802 1
698 756 3
757 758 3
703 761 3
713 770 3
776 777 0
720 778 3
722 780 2
723 781 1
725 783 3
726 784 3
728 787 3
729 787 3
756 757 3
702 759 3
768 769 3
717 776 0
777 778 1
778 779 3
779 780 0
780 781 1
781 782 0
782 783 3
783 784 3
727 784 3
854 911 3
521 750 1
762 763 3
717 775 3
786 787 3
908 911 3
758 759 3
761 762 3
712 769 3
775 776 0
628 912 1
770 771 3
628 802 1
709 766 3
772 774 3
787 788 0
768 825 3
769 770 3
717 774 3
755 756 1
702 818 3
702 761 3
709 825 3
854 912 3
628 749 3
766 825 3
771 772 1
759 818 3
774 775 3
521 926 1
521 628 3
521 802 1
761 818 3
784 786 3
788 847 1
770 828 3
772 831 3
749 912 1
521 749 3
774 831 3
786 844 3
769 827 1
770 827 1
770 829 2
764 822 3
771 829 1
786 843 3
768 827 1
772 829 3
774 832 3
788 846 1
827 828 0
775 832 3
776 834 2
787 846 3
758 816 3
759 816 3
761 819 3
775 834 3
777 835 1
846 847 0
756 814 3
756 815 3
759 817 3
762 819 3
763 822 3
765 822 3
768 826 3
828 829 3
829 831 3
776 835 2
778 836 3
779 837 3
780 838 1
781 839 3
782 840 3
783 841 3
784 841 3
843 844 3
677 911 1
755 814 1
757 815 3
757 816 3
817 818 3
766 824 3
826 827 3
835 836 3
836 837 3
837 838 3
838 839 3
839 840 0
840 841 3
784 842 3
786 842 3
787 844 2
814 815 3
825 826 3
841 842 3
696 697 3
697 755 3
816 817 3
842 843 3
815 816 3
766 822 3
834 835 3
788 906 1
677 906 1
824 825 3
844 846 3
847 906 3
844 845 3
845 846 3
818 819 3
832 834 3
831 832 3
763 819 3
822 881 3
766 881 3
819 822 3
822 879 3
819 879 3
824 881 3
834 891 3
825 883 3
832 891 3
697 814 1
816 874 3
817 874 3
826 883 3
814 872 3
815 872 3
818 876 3
819 876 3
824 883 3
829 888 2
831 888 3
831 889 3
817 876 3
827 885 3
832 889 3
834 892 3
835 892 3
841 900 1
842 900 1
845 903 3
828 885 2
828 886 2
829 886 2
844 903 3
819 877 3
824 882 3
826 885 3
815 874 3
876 877 3
819 878 3
829 887 2
887 888 3
843 900 1
843 901 0
846 904 3
911 912 3
826 884 3
832 890 3
835 893 3
836 894 3
837 895 3
838 896 1
839 897 1
840 898 1
841 898 1
844 901 0
847 905 1
697 872 1
878 879 3
884 885 3
886 887 3
889 890 3
890 891 3
892 893 3
893 894 3
894 895 3
895 896 1
896 897 3
897 898 3
841 899 1
900 901 0
845 904 3
904 905 1
905 906 0
872 873 3
815 873 3
885 886 3
888 889 3
891 892 3
898 899 3
899 900 0
903 904 3
877 878 3
882 883 3
883 884 3
844 902 2
902 903 2
873 874 3
874 933 3
817 933 3
901 902 1
876 933 3
879 881 3
881 882 3
677 965 1
906 965 1
874 932 3
677 912 1
904 963 3
905 963 0
903 960 3
873 932 3
902 960 1
677 1024 1
905 964 2
906 964 1
965 1024 0
677 1028 1
873 931 3
1024 1028 3
931 932 3
879 937 3
881 938 3
888 946 3
872 930 3
873 930 3
876 934 3
877 934 3
878 937 3
881 939 3
885 943 3
886 943 3
887 945 3
887 946 3
889 946 3
898 956 3
898 957 2
899 957 2
900 959 0
901 959 3
902 959 0
878 936 3
938 939 3
882 939 3
882 940 3
883 941 3
884 942 3
886 945 3
889 947 3
890 948 3
891 949 3
892 950 3
893 951 3
894 952 3
895 953 2
896 954 3
897 955 3
897 956 3
872 987 3
932 933 3
933 934 3
936 937 3
881 937 3
939 940 3
940 941 3
941 942 3
942 943 3
946 947 3
947 948 3
948 949 3
949 950 3
950 951 3
951 952 3
952 953 3
953 954 3
954 955 3
956 957 1
899 959 0
959 960 1
903 962 3
904 962 3
964 965 3
697 987 1
930 987 3
930 931 3
955 956 3
957 959 0
934 936 3
937 938 3
945 946 3
960 962 3
963 964 3
962 963 3
934 993 3
936 993 3
957 1016 0
959 1016 1
933 992 3
886 1002 3
960 1019 3
912 1028 3
945 1002 3
934 992 3
943 1002 3
962 1019 3
932 991 3
960 1018 3
933 991 3
959 1018 1
991 992 3
962 1021 3
963 1021 3
931 989 3
932 989 3
945 1003 3
964 1022 0
930 989 3
932 990 3
937 995 2
938 995 2
946 1003 3
962 1020 3
963 1022 0
930 988 3
989 990 3
990 991 3
936 994 3
936 995 2
939 997 3
940 998 3
941 999 3
942 1000 3
943 1001 3
946 1004 3
947 1005 3
948 1006 3
949 1007 3
950 1008 3
951 1009 3
952 1010 3
953 1011 3
954 1012 3
955 1013 3
956 1014 3
957 1015 0
959 1017 2
965 1023 0
987 988 3
994 995 3
938 997 3
997 998 3
998 999 3
999 1000 3
1000 1001 3
1001 1002 3
1002 1003 3
1003 1004 3
1004 1005 3
1005 1006 3
1006 1007 3
1007 1008 3
1008 1009 3
1009 1010 3
1010 1011 3
1011 1012 3
1012 1013 3
1013 1014 3
1014 1015 3
1015 1016 3
1016 1017 3
1017 1018 3
1018 1019 3
1020 1021 3
1022 1023 3
1023 1024 3
988 989 3
993 994 3
1021 1022 0
992 993 3
995 997 3
749 1028 1
1019 1020 3
