0.0328657 -0.183618 24.4597
0.00361571 -0.117083 24.8308
-0.0229026 -0.0622801 24.7902
-0.0418117 0.0129997 25.2763
-0.0573668 0.0242052 25.2989
-0.0472193 0.0197884 24.3526
-0.0371589 0.0126706 22.8277
-0.047613 0.00281179 31.9804
-0.0436689 0.00176287 30.8224
-0.0599528 -0.00230601 75.1466
-0.0779037 0.0585416 37.2497
-0.0716933 0.0501255 35.7764
-0.0446068 0.030115 28.8307
-0.05229 -0.0260727 32.4086
-0.0458262 -0.03949 30.001
-0.00249209 -0.00411086 9.31655
0.0231675 0.0293802 0.539776
-0.0591076 0.0331 31.7445
0.353681 -0.0315042 -127.187
0.0682536 0.0786459 -23.2886
0.0386001 -0.0231372 -1.4838
-0.199406 -0.225246 108.064
0.0943778 -0.0400842 -25.1052
0.0485768 0.0101321 -3.53754
-0.0111856 -0.076147 21.0422
0.018712 -0.0574551 5.19923
0.0680105 0.0291751 -23.7666
0.0830444 0.0950663 -32.9133
0.0663364 0.0477474 -22.5401
0.0286113 -0.175288 -10.4677
-0.178429 0.25406 126.493
-0.202442 0.306872 141.378
0.0418464 -0.0382945 -24.7777
0.0283394 -0.0289708 -14.6588
0.0117107 -0.072865 -0.0168919
-0.00753446 -0.116162 14.6519
-0.00949377 -0.120207 16.2685
-0.0574929 -0.129615 54.4048
-0.041775 -0.114489 40.4839
-0.0353956 -0.0566839 33.1939
-0.0196396 -0.0423541 19.6537
0.00655296 -0.0202248 -3.24571
-0.00348224 -0.00109948 5.16619
0.00413934 0.0127119 -2.26992
0.0163285 -0.00764759 -13.6466
0.00988829 -0.0277776 -6.94007
-0.0271419 0.0575983 29.2531
0.0219162 -0.0194854 -19.575
0.0261588 -0.00400681 -23.9389
-0.0130316 -0.0267546 18.7262
0.0109665 -0.00709843 -8.05225
0.0139665 -0.068928 -10.8453
0.0112025 -0.0287546 -7.479
0.0105669 -0.0220784 -7.05719
-0.0133186 -0.0763495 21.5496
-0.00718459 -0.0289674 14.011
-0.00432927 -0.0239113 10.2895
0 -0.772895 9.51097
0.0248681 -0.177721 23.9499
0.0367267 -0.162171 23.7324
0.0177976 -0.162416 24.8657
-0.0401581 -0.0776995 26.6472
-0.0165988 -0.0610203 24.6374
-0.0350249 -0.0256159 24.3555
-0.0109454 -0.0125561 20.3038
-0.0128968 -0.0167877 20.4624
-0.0376618 0.00013897 23.2331
-0.0649641 -0.00386676 76.2406
-0.0804898 0.0285356 38.3811
-0.0639991 -0.0297732 36.1249
-0.0496964 0.011797 30.8927
-0.0704968 -0.0557502 38.5719
-0.0454188 -0.0766882 31.6061
-0.0743197 -0.0761296 41.2569
-0.070263 0.0318015 35.3942
-0.250258 -0.123582 109.966
0.264746 -0.00548738 -91.9439
-0.0943191 -0.126969 58.9634
0.121579 -0.0434384 -38.0314
0.109696 -0.0487207 -32.4848
0.10578 -0.0302552 -30.4028
0.119076 -0.117522 -34.1153
-0.0726967 -0.0749167 54.2097
-0.031095 0.0156075 20.8406
-0.00754397 -0.0540094 9.30877
-0.0298117 -0.00792079 20.7455
0.12402 -0.857318 -37.5543
-0.0271838 -0.115487 24.9858
0.000258536 -0.0355395 3.57753
0.0119312 -0.0342545 -3.85444
0.0178996 -0.0457432 -7.99882
0.0304723 -0.0788212 -15.4092
0.00486928 -0.0610455 2.10532
-0.19117 0.0604691 146.664
0.290903 -0.0648239 -219.68
-0.0260855 -0.110127 28.5151
-0.0366732 -0.0473682 34.183
-0.0100668 -0.0149356 10.5373
0.00609423 -0.0196182 -3.24682
0.0112611 -0.0327223 -6.53047
0.00329667 -0.00290846 -0.988918
-0.00107951 0.00237145 3.0183
-0.00952889 0.00430747 10.9757
0.0131232 -0.00679486 -10.7793
0.0166933 -0.0198705 -14.3936
0.0139629 -0.0202496 -11.1501
0.0163584 -0.0216648 -13.5906
-0.0104482 -0.0120848 14.8175
-0.020292 -0.0479791 29.2248
-0.0459918 -0.0521362 58.7631
-0.0116285 -0.0378137 18.8423
0.00324056 -0.0282505 1.50833
0.00631864 -0.0248595 -2.08127
0.160152 0.0736455 -91.3468
0 0.250036 94.2792
0 0.270788 93.546
0.0527199 -0.0745013 18.4915
0.0295261 -0.144525 23.1565
-0.0316056 -0.0623674 20.1704
0.00552147 -0.159156 25.5932
0.0228047 -0.292803 30.458
-0.0301805 -0.069815 25.3204
0.00129383 -0.0766632 21.0632
-0.0298597 -0.0616567 24.869
-0.0413204 -0.0113157 24.1519
-0.0816193 -0.00337273 79.7428
-0.00887215 0.0417851 11.9469
0.0295164 -0.0585231 9.87625
0.000815373 -0.10214 21.3201
-0.048464 -0.0888997 33.9619
-0.0572891 -0.0757552 35.5542
-0.0559871 -0.084781 35.0479
-0.0439713 -0.0261139 28.4172
-0.0212273 0.00991114 17.7713
0.223226 -0.0611567 -73.2346
-0.187056 -0.0697038 96.3076
0.100608 -0.0433957 -28.5759
0.101277 -0.0599251 -27.8082
0.0813448 -0.0962744 -17.2588
-0.254526 -0.162759 153.414
-0.17892 -0.098668 110.668
-0.0158904 -0.116725 24.9292
-0.0303925 0.0187807 19.734
-0.00474818 -0.0015171 5.44152
-0.00500819 -0.00434912 5.67489
-0.00293442 0.00159379 3.80132
0.00369298 0.0322247 -2.13728
0.00860048 -0.0300094 -2.30654
0.00921824 -0.0402915 -2.13102
-0.000484618 -0.0544144 5.46226
-0.00115243 -0.120077 9.29337
0.00183995 -0.0630043 3.749
0.00356569 -0.0555196 2.08407
-0.0188079 -0.036005 19.1678
-0.0136705 -0.013381 13.8152
-0.00693793 -0.00588951 7.70944
0.0142674 0.00560752 -11.2789
0.0049112 -0.0083305 -2.04369
0.00232405 0.00936846 -0.735026
-0.000716111 -0.00533733 3.09126
-0.00692663 0.0059627 8.56094
0.00238851 -0.010632 -0.0118263
0.0121086 -0.0110227 -9.71407
0.0102442 -0.0260776 -6.80321
0.244796 0.0855005 -258.592
0.479209 0.0689032 -509.235
-0.00482771 0.137758 3.11998
0 0.15997 -3.44561
0 0.12522 -1.41923
0 0.12522 -1.41923
0.00427966 0.117805 -6.09765
0.221523 0.0532287 -164.195
-0.00421333 0.12435 3.795
0 0.12862 -1.60849
-0.0484179 0.0171241 14.2924
-0.0222952 -0.0502457 19.006
-0.0310767 -0.15645 27.8002
-0.055278 -0.168805 30.0489
0.054197 -0.239013 21.5904
0.0443433 -0.151381 14.4635
0.0214463 -0.142295 23.3966
-0.0153229 -0.124627 26.9172
0.0187366 -0.0606662 15.547
-0.100648 -0.00353873 83.7666
-0.00288596 -0.0127808 15.6165
0.0276211 -0.033473 9.36656
0.042394 -0.0741627 7.99863
-0.0296065 -0.117364 30.2568
-0.0302735 -0.140126 32.7791
-0.0146248 -0.0653877 20.1449
-0.00361475 -0.0241921 14.3619
0.0259316 0.0279519 -1.60809
0.0145286 0.0750633 -0.760255
-0.101617 0.154893 39.7408
-0.0631874 0.0801114 29.8536
0.0283353 0.0769554 -12.0365
0.0141319 -0.0286419 3.07416
0.000499315 -0.0615298 12.1728
-0.00209986 -0.0687099 14.3353
0.0535736 -0.0849122 -15.958
-0.0441896 0.0351771 27.245
-0.0283068 0.0359908 17.3623
-0.0139384 0.0313607 8.9766
-0.00357427 0.0556778 1.20569
-0.00988133 0.0243848 7.02771
-0.00134742 0.00458022 2.36174
0.00253716 0.000957766 -0.150061
-0.011986 -0.00462282 10.4907
-0.00583308 -0.00762612 6.35915
-0.00609049 -0.00589641 6.56169
-0.0021093 -0.00417165 3.50728
0.00191105 -0.00262894 0.358799
-0.0109718 0.00343985 10.5373
0.00921675 -0.000327468 -6.41831
0.0293508 0.017203 -24.7608
-4.43933e-06 0.00638907 1.94251
-0.00619498 -0.00688056 8.48966
0.00600003 0.0148136 -4.5638
-0.00351411 -0.00513318 5.58373
0.00898761 -0.0104855 -6.63043
0.0215776 -0.0130508 -19.0504
0.0247271 -0.0148656 -22.0808
0.00697879 -0.0195111 -3.00192
0.0160262 -0.0112337 -12.9998
0.0355851 -0.0886363 -16.4174
0.00409433 0.0537468 -5.75612
0.00778721 -0.065636 -1.04119
0 -0.118046 12.1014
-0.00175541 -0.115229 13.9671
0.002122 -0.113477 9.21156
0.00640217 -0.129406 5.10662
0.00573876 -0.119213 5.11099
-0.0893512 0.0408151 12.7122
-0.0691782 0.00523923 15.9598
-0.189459 -0.0145259 23.0861
-0.27206 -0.0374761 29.6333
0.00748083 -0.110207 14.5412
0.022039 -0.130266 15.5857
0.112947 -0.319233 25.1029
-0.0379668 -0.0961491 28.7349
0.0271081 -0.315031 36.9617
-0.0945364 -0.00777982 82.8088
-0.126191 -0.486707 85.6598
0.017471 0.0146165 -2.83345
0.0870736 -0.0296909 -17.3218
0.0852356 -0.165031 -1.17833
0.0416759 -0.149367 10.7102
0.00683894 -0.112849 17.7185
0.0111961 -0.0882833 13.5216
0.0765672 0.0269072 -20.6975
0.0311977 0.0764123 -7.12537
-0.012206 0.135852 4.45522
0.0520789 -0.0930565 -9.19737
0.00447729 -0.0748432 11.8359
-0.0174463 -0.118018 26.5089
-0.138036 -0.0345595 89.5593
0.00414698 -0.0730058 11.3072
-0.010017 -0.0474227 15.3971
-0.0174319 -0.0473217 19.9728
-0.0204547 0.0105966 16.0693
-0.0388165 0.0231566 25.5724
-0.0228995 0.065908 13.1997
-0.03563 0.00535768 25.6232
-0.013734 0.00545569 10.837
-0.00774905 0.0096721 6.39605
-0.000560934 0.0234566 0.181718
-0.000279329 0.0186218 0.478336
-0.0066656 0.0112659 5.98184
-0.00329822 0.00744826 3.65001
0.0005723 0.00326489 1.19507
-0.0134231 -0.00050204 13.0763
-0.00404563 -0.00108522 4.95808
0.0308988 -0.0165515 -23.557
0.00887686 -0.0161451 -4.25138
-0.00638736 -0.0116062 8.97501
0.000445702 0.00653091 0.989345
-0.0146052 -0.00333474 15.8964
0.00956896 -0.00321747 -7.78364
0.0170934 -0.015858 -14.1943
0.0172647 -0.0150028 -14.4657
0.0276179 -0.0386137 -22.2526
0.00327082 -0.0246196 0.679198
0.0117537 -0.0309426 -8.07147
0.0380498 0.044102 -27.2548
-0.0968553 0.0662632 122.142
-0.00183909 -0.019423 6.76191
-0.00089942 -0.0224521 5.98336
0.000660417 -0.0243769 4.30621
-0.000728397 -0.0297447 6.40912
-0.00260617 -0.016756 7.35933
-0.128665 0.125801 3.81776
-0.0909886 0.0168555 15.1686
-0.212024 -0.00341298 22.0402
-0.202132 -0.0153118 22.3471
0.0221416 -0.0304854 5.03332
-0.00651276 -0.0251727 7.76539
-0.0200685 -0.00683487 7.13759
-0.0461852 0.0713044 15.3207
0.00949973 0.00812354 -0.186609
0.00425706 0.029185 -2.03956
-0.00872905 0.00442228 4.83082
0.000417468 0.0208595 0.71985
0.0227328 0.0219914 -5.54314
0.023129 -0.0484463 2.21992
0.0469708 -0.0744054 0.151649
0.00188458 -0.0928243 17.1498
-0.0614211 0.0457128 19.757
-0.0700677 0.0252245 25.5854
0.0545551 0.0547962 -14.9797
0 0 -1
0.00488831 -0.0277442 4.39405
0.0120628 -0.0432725 3.14061
-0.014014 -0.0476819 16.4623
0.00581534 -0.0532044 6.39841
-0.00725552 -0.038961 11.7246
0.00238226 -0.0690197 11.2531
-0.00453043 -0.0401827 10.4274
0.00508261 -0.0263173 4.51835
-0.0228035 -0.00502978 19.114
-0.0262523 0.00639645 19.3681
-0.0333365 -0.00184022 24.513
-0.00540261 -0.000450259 5.78586
0.0116067 0.0129751 -7.38978
0.00714303 0.00672586 -3.27453
-0.0104873 0.00381403 9.90529
-0.0118923 0.00530243 10.6203
-0.00650192 -0.000731886 7.09087
0.000304817 0.0140752 0.0320394
-0.0151177 -0.000912104 14.4718
-0.0130421 -0.000263079 12.6135
0.0093716 -0.0084449 -5.83875
0.014662 -0.0119696 -9.80663
0.00778215 -0.00405236 -4.58686
-0.0155144 -0.0103366 17.7198
-0.00815354 -0.0069774 9.96274
0.00986599 -0.00415596 -8.08759
0.0147331 -0.00972368 -12.3617
0.0161003 -0.0104132 -13.6476
0.00291953 -0.0178725 0.291232
0 0.0218961 -1.71802
0.00369238 -0.0184428 0.472001
-0.006958 -0.0393458 13.8078
-0.00136075 -0.0188341 6.14706
0.106012 -0.101765 -73.2304
-0.0434853 -0.00373484 89.2946
0.0621195 0.391221 -16.2203
-0.00880547 0.229073 88.4986
7.10227e-06 0.201728 81.1199
0.00134792 0.145482 0.996259
0.00377033 0.0643936 13.8331
-0.00634416 -0.095594 18.4557
-0.0642148 -0.11597 44.5794
0 0 -1
-0.00814138 0.00839638 3.91991
-0.0783912 0.00134567 28.2771
-0.0712945 0.000560297 27.77
0.00882898 0.0369672 -3.93023
0.0216594 0.0281849 -5.16151
-0.000651457 0.0248377 0.440552
-0.00449866 0.0196482 2.17986
0.012965 0.0205218 -2.59945
0.0278875 0.00136536 -4.18983
0.0255807 -0.0279975 0.626353
-0.0297372 -0.0430017 21.3711
-0.0875657 -0.00797943 37.1768
-0.00186628 0.00836662 26.2258
0.168061 0.00390408 -54.2903
0.163358 0.00537444 -51.781
0.0704563 0.00749135 -13.6725
0.00510922 -0.0409926 6.12429
-0.110541 0.0111599 78.9699
-0.00442913 -0.0410456 10.0137
0.010387 -0.0564182 4.72055
0.00917541 -0.0364084 2.93903
0.009953 -0.0368481 1.81693
0.0254187 -0.0235809 -7.65542
-0.00883951 -0.0641422 18.1704
-0.0534422 0.0247329 38.5728
-0.0253669 -0.0183227 21.5978
0.00771076 -0.00874116 -1.96827
0.0188847 0.00927332 -12.0793
0.00275152 -0.00533134 1.5132
-0.00864599 -0.00770191 9.97515
-0.00688698 0.0106824 5.92829
0.001677 0.0198786 -2.03943
-0.019962 0.0137001 17.0824
-0.0263554 0.0167786 21.4383
-0.00883086 -0.00312758 9.35423
0 0 -1
0.00685402 -0.009495 -3.27543
-0.0028557 -0.0186831 6.7027
-0.00462882 -0.0222309 9.03626
-0.0128863 -0.00770404 14.9073
-0.00264734 -0.00665447 4.57779
0.0126615 -0.0104523 -10.1131
0 -0.0033438 1.05539
0 -0.0033438 1.05539
0.00113812 -0.0203044 3.48871
0.0034164 -0.0164759 0.548232
0.000745964 -0.0170516 3.56863
-0.00171561 -0.0160889 6.22388
0.106559 -0.10665 -73.2479
-0.027275 -0.131585 85.5903
0.177856 0.0936669 -121.365
-0.0486393 0.166502 141.284
-0.0250915 0.134072 117.126
-0.00145218 0.0820787 10.9047
-0.0227929 0.0126966 23.0868
-0.04435 -0.0128696 28.0345
-0.117656 -0.106395 46.8625
-0.0519819 -0.0696921 36.8623
-0.0775297 0.00817362 27.5759
-0.0523621 0.00408376 24.5495
-0.0903946 0.00607058 30.2716
-0.104705 0.00316962 32.9757
0.00470931 0.0402734 -3.33855
-0.0014777 0.0142007 2.03522
0.00699316 0.0131102 0.328506
0.003654 0.013782 0.869035
0.0241738 -0.00634889 -2.1126
0.0226291 -0.00942986 -1.19134
-0.018859 0.0115897 9.44287
-0.0549261 0.0322029 18.5914
0.261748 0.0573055 -101.322
0.195945 -0.0128826 -62.8849
0.18442 -0.0132186 -58.1762
-0.131204 0.0183431 87.4459
-0.124207 -0.0491035 94.9749
-0.120471 -0.00415265 86.3208
-0.137633 0.00368008 93.9251
0.140212 -0.0217484 -52.3947
0.0330834 -0.02079 -13.175
-0.000190882 -0.0629034 11.6077
0.0319555 -0.043927 -9.19671
-0.0211726 -0.0675063 25.5689
-0.0498461 -0.000648146 40.2677
0.0122603 -0.0258164 -2.42665
0.0219881 -0.00447042 -12.2367
0.0237068 -0.00254779 -13.7674
0.000704642 -0.00186113 2.3172
0.00736668 0.0215088 -6.6462
-0.005664 0.0236478 2.73257
-0.00988941 0.0192378 6.92663
0.00479347 0.0141798 -2.94677
-0.0267009 0.0141283 21.8619
-0.0142071 0.0050452 12.6556
-0.00666544 0.00608166 6.05385
-0.00470885 -0.00988759 6.98116
-0.000927895 -0.00307847 2.41783
-0.00064126 -0.0117089 3.63469
-0.00464133 -0.00875154 6.89925
0.00564187 0.00155478 -4.82926
0.00802891 -0.000923196 -6.71354
0.00941658 -0.0116139 -6.52104
0.0105624 -0.0150955 -7.27881
0.00555631 -0.0137365 -2.14025
0.00124568 -0.011016 2.08736
0.000769964 -0.0142 3.13398
0.00465486 0.055839 -13.4486
-0.00235874 -0.0167694 7.09488
0.839592 0.402603 -960.723
0.153885 0.0897897 -92.0528
-0.0651833 -0.0525623 191.649
-0.110531 0.189767 210.156
-0.0371429 0.0451739 17.5138
-0.0312843 0.022021 21.5586
-0.0516824 0.0191781 22.749
-0.090546 -0.138342 48.6469
-0.149573 -0.00430557 30.0097
0.201173 0.105196 -28.1749
-0.0548116 0.0266376 20.6903
-0.0818473 0.0388298 22.6069
-0.120547 0.0227886 32.3307
-0.0555966 0.0132162 32.202
0.0330208 0.0826866 -10.8635
0.0108318 0.111311 -11.4206
0.0408958 0.151612 -26.8389
-0.104398 0.0321799 40.0461
-0.106354 0.0817457 30.988
-0.125398 0.0809138 35.7341
-0.0398524 0.0826625 5.18517
0.118213 0.0837543 -52.1521
0.192423 -0.00866216 -62.4457
0.193227 0.00212158 -64.5123
-0.156119 0.0171393 98.8879
-0.108276 -0.00841255 81.0156
-0.117295 -0.00858662 86.3914
-0.136854 -0.000371677 94.154
0.206934 0.114585 -113.6
0.111122 -0.068561 -32.4774
0.00789013 0.0190202 8.65825
0.00846223 0.0259224 6.9675
-0.04262 0.213684 -9.41275
-0.0560058 -0.0229047 47.7898
-0.00211206 0.269913 -46.6544
0.00219011 0.0587444 -9.58452
0.0165619 0.00863116 -10.9772
0.0185466 0.0318996 -16.6989
0.0112333 0.109512 -25.6035
0.0116637 0.0681106 -18.9452
-0.00643411 0.0592512 -3.4479
0.0104137 0.0542461 -14.7791
-0.0334216 0.0693833 17.7124
-0.0181524 0.0210372 13.1798
-0.00714334 0.0256063 2.94118
-0.00621791 0.0210632 2.91525
-0.0113727 0.0269577 6.64155
-0.00291318 0.0133694 1.36246
0.000759321 0.00358405 -0.429083
0.000316234 0.0118844 -1.38437
-0.00484856 0.00458508 5.20172
0.00571759 -0.0027932 -4.13537
-0.00297768 -0.00505582 5.20678
0.00288067 -0.00791679 -0.181629
0.00046451 -0.00618925 2.06319
-0.000721517 -0.0143661 4.87393
2.96829e-05 -0.011477 3.59738
0.222048 -0.0689619 -159.44
0.355245 -0.0390508 -320.416
-2.45075e-07 -0.0624081 100.548
0.00288542 -0.0944161 102.741
-0.00510135 0.0728328 77.7018
-0.0386025 0.0627946 14.1479
-0.0439746 0.0684503 12.9745
-0.0579043 0.0822797 10.8269
-0.0547013 0.101809 6.4085
-0.0683439 0.0997308 7.81109
-0.0435882 0.149014 -5.1068
-0.049255 0.118988 1.99638
-0.0700392 0.0703061 14.7689
-0.077193 0.0806808 14.1456
-0.0556819 0.0462556 25.726
0.0175108 0.126423 -15.6784
0.0360254 0.130279 -21.3153
0.0828604 0.218207 -49.911
-0.133051 -0.0781269 81.8875
-0.111779 0.115532 26.3115
-0.152202 0.536174 -43.7965
-0.0745047 0.242368 -10.605
-0.0059209 0.211553 -29.4712
-0.0199008 0.194398 -20.5503
-0.0283927 -0.0250709 48.1228
-0.00735767 -0.067061 47.9122
-0.0799148 -0.00331436 67.4426
-0.112358 -0.0700619 96.1042
-0.117947 -0.0222621 88.9966
0.107066 0.302738 -109.791
0.357706 0.041933 -190.7
0.0342976 0.0248318 -7.46688
0.00719435 0.0218143 8.49234
-0.0451529 0.290345 -21.8459
-0.0216928 0.266231 -32.0361
-0.0381134 0.255868 -19.2038
0.00562816 0.288301 -55.3873
-0.0150459 0.302472 -44.5073
0.0128328 0.267698 -57.391
-0.0188791 0.198409 -19.6508
-0.0324369 0.191156 -8.33626
-0.0151689 0.179079 -18.8711
-0.030329 0.141445 1.0429
-0.0214645 0.120771 -1.3126
-0.0666391 0.110054 38.2882
-0.0291466 0.0624388 14.939
-0.0276752 0.06572 13.3371
-0.0305829 0.0452077 21.3716
-0.0153488 0.0502471 5.36574
-0.0090262 0.0349477 2.9595
-0.00636236 0.0160478 4.35868
-0.0277219 0.028038 23.1429
-0.00949858 0.0128728 8.28239
-0.000102227 0.000900356 1.20945
-0.00162084 -0.00602538 4.03627
-0.00335855 -0.00148525 5.26914
-0.00182994 -0.00576952 4.51841
-0.00354225 -0.0129138 8.00819
0.247704 0.0119929 -205.673
0.0101931 0.129012 48.2436
0.00395591 0.0956041 62.1949
-0.00510135 0.0728328 77.7018
-0.00510135 0.0728328 77.7018
-0.0312066 0.0613107 14.4009
-0.0298289 0.0547557 15.8651
-0.0428435 0.0870834 9.46565
-0.0493236 0.101231 6.51434
-0.0427045 0.127939 -0.686682
0.00569313 0.169439 -15.1182
-0.0226989 0.252856 -29.186
0.0726253 0.214081 -35.1201
0.06789 0.193563 -29.3546
0.316765 0.106924 -58.1189
-0.078842 0.0690283 30.0132
-0.102201 0.103804 27.9891
-0.11252 0.194868 8.41656
-0.100466 0.203155 3.1881
-0.0717445 0.232672 -12.8345
-0.0173012 0.219468 -27.3498
-0.0104031 0.19711 -24.504
-0.0184851 0.196043 -20.7982
-0.0189204 0.206317 -23.6486
0.00568725 0.0815062 -5.07245
0.00633303 -0.748453 190.409
0.0184606 -0.647698 161.87
0.00951687 -0.0901195 39.5101
-0.003504 0.171068 -22.3291
0.0382296 0.290922 -71.8282
0.0670334 0.208101 -67.8487
0.0169367 0.0437352 -2.0867
-0.0258629 0.154823 -2.11199
-0.0182084 0.2803 -35.9628
-0.0162408 0.315538 -45.49
-0.0433377 0.324686 -30.1494
-0.0374591 0.322407 -33.4637
-0.0346493 0.31134 -32.962
-0.0625259 0.26867 -3.22065
-0.0246915 0.213012 -18.3502
-0.028017 0.167445 -5.32623
-0.0361685 0.131462 8.87769
-0.0376265 0.117087 13.1309
-0.0447766 0.0653683 30.6992
-0.0628862 0.104348 36.5948
-0.0374761 0.101904 15.0245
-0.0513278 0.0906416 30.174
-0.014989 0.0191769 11.7856
-0.0205306 0.0493287 10.921
-0.028865 0.0371841 21.7893
-0.0197842 0.0388644 12.9601
-0.0134139 0.0121731 12.6137
-0.239812 0.105771 244.405
-0.222703 0.103413 227.366
-0.00823531 0.00646465 8.59272
0 -0.260334 59.4251
-0.00361427 -0.237206 58.4223
-0.00465554 -0.00172901 6.73827
-0.00948066 0.00307366 11.014
-0.00381607 -0.00799791 7.28021
-0.00542223 -0.0124935 10.1588
-0.0061444 -0.00293223 8.84404
-0.00596785 -0.00808038 9.94236
0 -0.120876 67.1855
0.53878 0.297045 -59.5651
0.0185047 0.291619 -35.6168
0.200989 0.143285 -15.3061
0.163575 0.211403 -29.3538
0.0249884 0.279183 -26.9641
-0.0585161 -0.00456329 40.5577
0.0281355 0.16609 -15.731
0.0652523 0.156705 -20.0206
0.0804316 0.13063 -15.9351
-0.0521771 0.10352 15.0808
-0.0603161 0.102223 17.0268
-0.0779369 0.141396 12.1116
-0.0603239 0.18358 -3.65315
-0.0601145 0.213729 -11.4908
-0.023551 0.227152 -27.1946
-0.00248854 0.255137 -41.4906
-0.0194135 0.238937 -31.3433
0.0124662 0.249817 -45.9188
0.0318037 0.221471 -46.7782
0.025619 -0.00161663 6.08483
-0.00623318 -0.13049 51.8765
-0.0296853 0.334152 -47.7399
0.154816 -0.1254 -32.9768
-0.00576296 0.322494 -55.3597
0.0186475 0.295982 -61.9979
0.00213324 0.298823 -53.5629
0.00291191 0.261116 -44.3327
0.0102807 0.290162 -55.9134
0.0015504 0.305398 -54.1558
-0.0226627 0.337195 -46.3081
-0.0375216 0.353319 -39.9081
-0.0761202 0.365716 -16.8798
-0.099334 0.360247 0.690548
-0.0688939 0.204769 16.5592
-0.0656416 0.126873 32.6196
-0.0517945 0.106095 26.9386
-0.0545468 0.083126 34.6302
-0.0489269 0.074452 32.125
-0.0641096 0.0770154 44.5645
-0.0424887 0.130079 13.4682
0.080732 -0.134013 -21.8549
0.0928284 -0.172456 -23.6774
0.0024006 -0.128857 53.2613
-0.0268448 -0.400473 146.847
-0.02501 -0.380486 140.284
0.191125 -0.110554 -139.289
-0.0699862 0.136282 61.6361
-0.100743 -0.080936 148.927
0 0.196434 -25.7702
-0.00410928 -0.243208 83.0347
0.00389954 -0.17493 63.9083
-0.00232755 -0.241191 80.731
-0.00373606 -0.243155 82.8933
0 0.372155 -70.9815
-0.00147093 -0.240437 79.6687
0.162446 -0.0560102 -112.808
0.00600449 -0.0932004 40.1514
-0.0010957 -0.54071 189.072
-0.00320975 -0.536764 188.067
-0.00570062 -0.544263 190.167
0.216355 0.114793 -9.46891
0.205881 0.1637 -20.6299
-0.262391 -0.0596692 89.7902
0.0508281 -0.264357 104.227
0.0355261 0.149558 -13.3399
-0.00682043 0.107017 6.44171
-0.040369 0.0657643 24.0924
-0.0441008 0.18283 -7.52716
-0.0645403 0.135214 9.38609
-0.0403948 0.205354 -15.3019
-0.038537 0.228007 -21.8146
-0.0317542 0.252859 -30.9531
-0.0226552 0.251819 -33.6683
-0.00146898 0.27474 -47.35
0.0555581 0.258691 -64.0107
0.141719 0.262982 -99.8101
0.0682554 0.184829 -53.0006
0.0498498 0.21778 -52.7373
-0.00373931 0.311237 -53.4455
0.00760549 0.352901 -70.4151
-0.0295069 0.31272 -40.2413
-0.000355227 0.314806 -56.4786
0.0104803 0.297155 -57.9023
0.00719931 0.303966 -57.7232
0.157846 0.200026 -122.194
0.0125207 0.300993 -60.0409
0.0115779 0.309623 -61.7879
0.00274885 0.307966 -55.3423
0.0318538 0.270261 -64.6945
-0.030881 0.333091 -38.5783
-0.102269 0.413099 -10.0309
-0.178924 0.460963 32.8015
-0.0996914 0.267257 31.4719
-0.0988094 0.252444 34.778
-0.0978504 0.237748 37.9719
-0.0968338 0.220462 41.8087
-0.0968338 0.220462 41.8087
-0.0510588 0.0686546 35.0662
-0.0472143 0.0389502 38.2962
-0.00728377 0.222438 -42.078
0.0113459 0.229753 -61.4256
0.0182063 -0.352399 92.1904
0.000373155 0.213582 -46.6434
0.000968278 -0.326674 101.99
0 0.212975 -46.1112
0.0416808 0.236504 -95.9766
0.0126712 0.123997 -27.5783
-0.0717448 0.163932 53.5857
0 0.174089 -35.0519
0.0198049 0.412638 -111.17
0 0.424397 -91.7179
0.019783 0.414598 -112.465
0 0.424397 -91.7179
0 0.424397 -91.7179
0.0279865 0.422025 -125.755
0.00380364 0.194106 -17.1164
0.00139667 0.197514 -18.0101
-0.00802232 0.222316 -24.7614
0.00388143 0.181379 -13.559
-0.0249088 0.179605 -10.0889
-0.0388977 0.217835 -20.5319
-0.04572 0.198649 -13.8753
-0.0462957 0.14492 2.07948
-0.0198836 0.183565 -13.6406
-0.0273067 0.159407 -5.50669
-0.03208 0.212909 -19.3004
-0.030377 0.219647 -22.3128
-0.0261026 0.232052 -26.2565
-0.0270481 0.238161 -27.3713
-0.0258993 0.308992 -49.2038
-0.0442116 0.301283 -41.0149
-0.0582991 0.277554 -28.6079
0.0238429 0.322404 -70.0824
0.084887 0.283255 -82.8707
0.0884484 0.220295 -64.7636
0.0455043 0.179982 -34.1541
0.0364422 0.178278 -29.2803
-0.0248441 0.139962 11.2996
-0.102696 0.283267 6.35507
-0.0382765 0.292035 -29.831
0.00354299 0.303692 -55.5147
0.000609187 0.299931 -52.6383
0.00821607 0.302883 -57.9833
0.0153409 0.306191 -63.2497
-0.000396508 0.280349 -45.5962
-0.00392463 0.257357 -36.9043
0.0185032 0.273451 -56.3414
0.0546011 0.271578 -81.138
-0.0279942 0.370202 -51.5739
-0.0895233 0.435068 -25.6623
-0.0741499 0.285715 6.45449
0 0 -1
0 -0.0524174 54.2358
-0.0904466 0.218976 36.8478
-1.64153e-13 -0.0524174 54.2358
-1.64153e-13 -0.0524174 54.2358
-2.07303e-13 -0.0524174 54.2358
0 -0.0524174 54.2358
-0.0451573 0.900114 -187.607
-0.000178615 -0.051832 54.2369
-0.000178615 -0.051832 54.2369
-0.000146986 -0.052869 54.5173
0.0786202 -0.292777 46.8608
0.0832442 -0.23424 25.174
0.078125 0.00390625 -35.6875
0.0481928 -0.0343375 32.9827
0.0137385 -0.12707 66.1051
-0.00218626 0.231745 11.0449
0.310853 0.769101 -489.961
-0.458592 0.440689 501.629
0 0.348762 -26.3216
-0.0105527 0.313628 -2.67284
0 0.272653 -3.55549
0.00488249 0.199663 -18.8818
0.00592412 0.188138 -15.3127
0.00698736 0.178059 -11.8179
-0.0115913 0.20102 -17.9895
-0.0212209 0.213539 -21.3826
-0.0451943 0.21724 -19.313
-0.0475877 0.205796 -15.5783
-0.0367132 0.218139 -21.515
-0.00477582 0.219749 -26.6531
-0.0293341 0.226897 -23.9145
-0.0257043 0.223686 -23.4568
-0.0318342 0.239902 -27.4484
-0.0109866 0.27606 -44.4703
-0.0138215 0.268849 -41.0382
0.264324 0.0735708 -57.076
-0.031951 0.363755 -63.1483
-0.0232892 0.372533 -68.4832
-0.00424543 0.27004 -41.2547
0.0255147 0.312933 -66.6438
0.0442579 0.259421 -58.2466
0.0447852 0.215253 -44.6466
0.0164455 0.187856 -23.0509
-0.0205063 0.17092 -0.429091
-0.0601847 0.250272 -5.38379
-0.0800795 0.248265 4.95534
0.0459663 0.0717485 2.49747
0.0307823 0.0694448 11.9053
0.0167254 0.107158 7.83073
-0.419105 0.118153 267.203
-0.0328275 0.257034 -17.9842
-0.0162574 0.250469 -26.9191
0.0113783 0.242995 -43.2867
0.120365 0.214501 -110.026
0.0997738 0.286234 -117.922
0.148823 0.231054 -135.449
0.169642 0.199107 -140.588
0.0232056 0.591162 -185.283
0.0234386 0.585369 -183.647
0.0225989 0.574091 -179.407
0.0291559 0.540595 -174.48
-0.00921455 -0.140416 165.408
-0.00789826 -0.126038 159.837
0 0.823835 -240.607
-0.0272484 0.583928 -138.247
-0.0617875 0.216251 11.0599
-0.0672058 0.233896 11.2725
0.0283203 -0.0188802 -8.38542
0 0.861445 -253.106
0.0367859 -0.738208 207.219
0 -0.791639 262.644
0.0365766 -0.0398335 47.2765
0.0316421 0.874256 -292.131
-0.137202 0.121875 196.357
0 -0.791639 262.644
0 0.861445 -253.106
0 0.861445 -253.106
0 0.0703125 -7.15391
0 0.378451 -98.8949
0.00431223 0.217489 -24.7175
-0.00574064 0.214557 -23.5497
0.00480165 0.195741 -18.0622
0.00676889 0.21648 -24.8673
-0.00390439 0.24543 -33.5091
-0.0336575 0.259022 -34.8662
-0.049225 0.252829 -30.9897
-0.0265406 0.217715 -21.5455
-0.028351 0.20061 -16.0543
-0.000927911 0.157441 -7.15213
-0.0237137 0.204377 -16.8396
0.00249724 0.246879 -37.5887
0.037326 0.284654 -59.6028
0.0434432 0.297401 -65.3223
0.0275631 0.197894 -26.4944
0.00445655 0.283688 -48.453
-0.0241849 0.280389 -37.722
0.0124895 0.26682 -46.9671
0.0143594 0.229053 -35.3606
0.0247278 0.238996 -43.0549
0.022099 0.220435 -35.9507
0.00324712 0.197555 -19.9738
0.00494238 0.204004 -23.0482
0.0416488 0.222345 -47.4873
0.0794262 0.149178 -42.0851
0.0586952 0.0836007 -8.49843
0.0255444 0.0788242 11.8607
0.0508213 0.0618204 2.19493
0.0184336 0.0632872 21.3417
-0.0418981 0.259181 -12.7922
-0.0266607 0.256079 -21.8339
0.0138113 0.26305 -51.5519
0.10714 0.258896 -114.751
0.113012 0.237971 -111.511
0.107163 0.168667 -83.7481
0.0974014 0.160536 -73.5117
0.047899 0.127248 -24.7631
0.0532392 0.114038 -24.8881
-0.00955224 0.224245 -39.499
-0.0145295 0.22327 -34.9286
-0.00421434 0.113005 -6.39934
0.0202335 0.190813 -38.6481
0.0415333 -0.139983 55.7945
0.068972 -0.0864192 12.6198
0.163585 0.0424687 -145.219
-0.410191 0.373905 288.601
-0.0412669 0.223517 -21.7848
0 0.212268 -59.351
0 0.212268 -59.4237
0.0549479 -0.0830729 21.2875
-0.275362 -0.22225 423.171
0.0246759 0.104926 -12.1599
0 0.0958196 18.1208
0.0738186 0.180761 -94.7161
0 0.0807457 23.3681
0.020932 0.112502 -12.4335
0 0.0923517 19.3623
0 0.0958196 18.1208
0.00629127 0.225215 -27.3881
0.00626007 0.236442 -31.3854
0.0140101 0.257516 -38.9757
-0.00522139 0.244265 -32.8296
-0.0060411 0.254779 -36.1747
-0.033955 0.250116 -30.568
-0.208117 0.318508 -34.6494
-0.0452111 0.193533 -10.6955
-0.065607 0.17173 0.511779
-0.0322212 0.144855 2.90546
0.0258924 0.141934 -7.54952
0.0264188 0.178186 -20.0699
0.0471695 0.237728 -46.038
0.0338647 0.257433 -48.9821
-0.0150433 0.200549 -13.42
-0.0783131 0.00126189 77.0208
-0.0206138 0.241114 -26.7391
-0.00431517 0.239458 -31.9992
0.00700781 0.22654 -31.6889
0.0061039 0.218088 -28.2142
-0.00105925 0.207511 -21.3901
-0.00168297 0.200888 -18.8748
0.0109913 0.203574 -25.916
0.0253723 0.195917 -30.2533
0.0339916 0.148696 -17.891
0.032986 0.0980509 0.728331
0.0238887 0.0772449 13.2989
0.0105746 0.0677949 24.4414
-0.0369818 0.0691674 52.629
-0.0523121 0.231783 3.62765
-0.0220578 0.256791 -25.0419
0.0241909 0.269368 -60.5507
0.0768939 0.248413 -89.6091
0.0981708 0.231089 -98.6822
0.09037 0.210909 -85.8173
0.0988431 0.228504 -98.8961
0.0467927 0.156896 -33.9667
0.0465248 0.116587 -20.2124
-0.0124549 -0.670896 272.188
-0.0127182 -0.673472 273.336
-0.0439511 0.155444 48.8209
0.283344 0.013239 -189.527
0.00862178 -0.695459 262.058
0.128129 -0.693238 145.971
0.220174 -0.642002 39.117
0.167878 0.0649788 -156.593
0 -0.79563 306.948
0 -0.817157 314.522
-0.0263897 -0.82205 343.131
-0.0536319 -0.834376 377.608
-0.0417579 -0.849017 371.476
0 -0.713954 277.523
0.0552907 -0.840615 260.232
-0.0224616 -0.786805 329.583
0.0289341 -0.837369 287.06
0.00252659 -0.950577 358.749
5.17659e-12 -0.817157 314.522
5.00693e-12 -0.817157 314.522
0.0159235 0.230744 -29.4512
0.0163983 0.24781 -35.7559
0.0139591 0.260535 -40.2382
-0.000211277 0.261518 -39.1589
-0.00059259 0.234478 -29.4431
-0.0133692 0.226147 -25.1432
-0.0258854 0.151727 -3.47038
0.0445942 0.0907239 9.51838
-0.0341993 0.143027 4.413
-0.00759363 0.167925 -10.0326
0.0365275 0.144346 -10.7555
0.0722133 0.178156 -31.3715
0.0705108 0.220107 -46.1441
0.0421338 0.241053 -45.7274
-0.00436172 0.244067 -32.5816
-0.020907 0.260113 -33.2885
-0.0176088 0.250111 -30.8689
-0.0100538 0.245622 -32.0088
-0.00392315 0.227236 -27.5633
-0.0027559 0.210247 -21.7168
-0.0040149 0.202539 -18.3301
-0.00170985 0.204305 -20.0667
0.00419629 0.20368 -22.6433
0.00787676 0.184256 -17.254
0.00973024 0.147714 -4.71908
0.0115163 0.106011 9.72802
0.0102923 0.0782612 20.7087
0.00412793 0.0652135 29.1559
-0.00384348 0.0864391 26.0997
-0.0078348 0.200944 -13.7548
0.00191157 0.25435 -39.9474
0.0315417 0.276209 -67.9557
0.0711987 0.278041 -96.0623
0.102953 0.292894 -123.973
0.0870933 0.301159 -115.141
0.0544284 0.26399 -77.5713
0.208927 0.200306 -172.551
0.000361222 0.174005 3.80829
-0.0064187 0.168158 11.5825
-0.0156406 0.155225 24.2798
-0.0117978 0.14121 25.6272
-0.0405698 0.107135 63.7994
0 0.759766 -267.245
-0.0364047 1.24555 -363.815
0 0 -1
0.831843 0.0313284 -797.909
0.17557 0.0360839 -129.953
0.0370341 0.0140776 19.027
0.0390228 0.0164947 16.1981
0.0879842 -0.047449 -12.1188
0 0.516079 -125.942
1.76454e-06 0.516079 -125.944
-2.02922e-06 0.516079 -125.94
-0.0412494 0.623081 -118.496
0.0633386 0.61157 -236.313
-0.00932405 0.591238 -141.861
-0.00932405 0.591238 -141.861
-0.00932405 0.591238 -141.861
