0.0159169 -0.162552 24.8054
0.00160357 -0.105472 24.6599
-0.0243597 -0.102635 25.034
-0.0183567 -0.0824445 24.3724
-0.0608461 0.107089 25.9529
-0.0489669 -0.00809261 25.5346
-0.0457347 -0.0388073 25.5678
-0.0426052 -0.0436145 31.8003
-0.0551274 -0.0762622 34.043
-0.0319056 0.00104388 28.5891
-0.066401 0.0392452 34.5527
-0.054125 -0.0309851 32.488
-0.0356033 0.00744299 26.9472
-0.00232152 0.0325277 16.9317
-0.0621411 -0.032185 35.2367
-0.0136705 0.00873256 18.584
-0.0331818 -0.0312631 27.6908
-0.0663564 -0.0421248 39.6997
-0.050905 -0.0200113 33.3753
-0.0550484 -0.00295583 34.7453
-0.0310953 -0.108226 25.2764
0.00443283 -0.147445 9.75415
-0.117769 -0.0599306 79.2117
-0.18277 -0.0609603 111.386
-0.151849 -0.114945 96.7782
-0.15061 -0.13825 96.5184
0.115006 0.050766 -50.4657
0.0400525 -0.041753 -4.8473
0.0268703 -0.125199 3.7149
0.0242645 0.0076471 -12.2163
-0.191691 0.135452 136.665
0.0570153 -0.059387 -32.2677
0.028058 -0.0970587 -10.7285
0.00309689 -0.102206 7.09868
-0.00218223 -0.0277126 5.12178
-0.0174378 -0.089568 20.0568
-0.0025084 -0.0265786 6.23901
-0.00660713 0.0206577 8.32254
-0.0346225 -0.00978309 31.6449
-0.0202061 -0.0234428 19.4616
0.0120441 -0.0148582 -8.62409
0.0323247 -0.0263522 -26.3677
0.00592587 -0.0404666 -1.34499
-0.0183085 -0.0360447 21.6441
-0.0209793 -0.0266585 23.9364
-0.0388134 -0.0397192 41.2727
-0.0221933 -0.00772109 24.202
0.0042371 0.164904 -0.667953
0 0.166564 3.66634
0 0.145796 3.74115
-0.0143777 0.169747 19.347
-0.00279123 0.148597 6.8371
0.121558 -0.123657 -112.348
-0.159287 -0.456847 195.726
0 -0.0322505 3.9316
0.0853749 0.203784 -84.3764
0.0727622 0.226543 -69.1866
0.0517801 0.261161 -44.1236
0.00747268 -0.165804 24.7921
0.0141526 -0.161021 24.4325
-2.02813e-05 -0.163299 25.152
0.00379893 -0.164105 25.1931
-0.00109431 -0.1106 24.242
-0.0447478 -0.0586663 26.5051
-0.0416176 -0.0456356 24.7531
-0.00341163 -0.0425235 17.8338
-0.117609 0.000122904 91.723
-0.0262135 -0.0862244 27.528
-0.0690509 -0.0868841 39.5155
-0.0285948 -0.0357577 26.1399
-0.0436021 -0.0187406 29.8373
-0.039339 -0.0453184 28.9743
-0.0690709 -0.0289191 37.9096
-0.0320657 -0.0294043 24.8264
-0.00850577 -0.0615134 18.6024
-0.0436971 -0.0508699 30.919
-0.0254937 -0.0518647 23.848
0.0154849 -0.0372244 6.90958
0.0961418 -0.106388 -24.0757
0.0726009 -0.110245 -12.366
-0.00507775 -0.16616 26.0416
-0.137611 -0.0719669 89.0398
-0.158161 -0.161884 100.946
-0.0687327 0.0190314 41.1898
-0.0312123 0.0442748 19.5901
-0.0229151 0.0434896 14.7313
-0.00577958 0.0158274 6.3098
-0.0142557 -0.00590904 12.5326
0.0162179 -0.0160658 -6.53641
0.0219572 -0.0560252 -8.83284
0.0176433 -0.113808 -3.85515
-0.026628 -0.071178 25.6357
-0.0137598 -0.0265546 14.1102
0.00794326 -0.0423842 -1.50044
-0.0190315 -0.0463824 20.3813
-0.0206661 -0.0292667 21.9179
-0.0328016 -0.0275936 30.4733
-0.0183336 -0.0164884 17.7132
0.0107217 -0.0128621 -7.55782
0.0395813 -0.0184238 -32.9228
0.00966043 -0.0414217 -4.36853
0.000863902 -0.0316538 3.28151
-0.0209835 -0.0325135 24.2328
-0.013195 -0.0204358 15.8844
-0.0195036 -0.0211515 22.304
-0.0195679 -0.0159207 22.2895
0 -0.253859 11.033
-0.117884 0.0717536 243.897
-0.11698 0.0336282 244.239
-0.0156952 -0.0027653 17.8557
0.0649306 -0.311046 -44.5
-0.0139204 0.00432533 15.7246
-0.540246 -0.315493 684.34
-0.00499059 -0.0126151 103.67
-0.00374551 -0.0177867 102.29
0.0446812 -0.0263747 -29.5358
0.00418983 -0.102637 21.3758
0.014261 -0.162774 24.8941
-0.0279652 -0.151735 25.9664
-0.0417978 -0.180847 28.388
-0.00593013 -0.183129 26.569
0.0179543 -0.167797 23.1511
0.0203942 -0.108389 19.3796
0.0278459 -0.0576797 14.3862
-0.121236 -0.00655852 92.7371
-0.0354048 -0.13839 31.6967
-0.0109312 -0.0886233 23.199
0.00730829 -0.102639 20.1647
-0.0315521 -0.0461003 27.7827
-0.0397959 -0.0772209 31.15
-0.0259012 -0.0668319 26.7385
-0.0607705 -0.0580013 35.8795
-0.0127453 -0.0425635 18.8018
-0.0140552 -0.0497583 19.6123
0.0074099 -0.0251368 9.89119
0.028814 -0.0565822 2.25571
0.041981 -0.0942382 -1.09972
0.0308388 -0.133846 7.22212
0.00812292 -0.201425 21.3843
0.0309667 -0.298272 14.1727
-0.0136815 0.0626928 10.1034
-0.040239 -0.0337497 32.1278
-0.0598864 0.0672673 36.4987
-0.023467 0.0345199 16.1529
-0.0340645 0.189417 14.9713
-0.0212053 0.0165411 15.9708
-0.00834681 0.000518463 8.10395
-0.0148568 -0.0331315 14.7761
-0.015046 -0.0555642 15.937
-0.0130922 -0.053961 14.2384
-0.00209665 -0.0357529 5.1998
-0.0279012 -0.116986 29.3561
0.00544496 -0.0513893 0.266834
-0.0138121 -0.0504499 16.0451
-0.0161244 -0.0204403 16.274
-0.00853842 -0.0034066 8.85763
0.0085115 0.0125229 -6.67737
0.0206394 -0.00491561 -16.5997
0.00711486 -0.0189963 -3.63322
0.00634152 -0.0151806 -2.73944
0.00620925 -0.0201799 -2.50417
-0.0108425 -0.0291253 14.3975
-0.0196884 -0.0112416 21.8388
-0.0162256 -0.0164692 18.8547
-0.010075 -0.0122782 12.3155
-0.0165944 -0.00988721 18.9931
-0.0119666 -0.00432067 13.8046
-0.0118475 -0.00871309 14.1247
-0.0146674 0.00102886 16.6445
-0.0123696 0.00150321 14.039
0.389309 -0.109709 -421.491
-0.0129946 0.009062 14.5006
-0.0196477 -0.0176041 47.3293
0.796121 0.180466 -949.171
-0.0300895 -0.00940729 15.942
-0.0581507 -0.083233 22.9486
-0.0844912 -0.141268 27.4884
0.0167005 -0.201957 24.6336
0.0394771 -0.223586 24.2995
0.0638192 -0.156205 16.5558
0.052641 -0.108958 14.9632
0.114026 -0.033483 -0.418384
-0.110701 0.000947308 90.2822
-0.0558154 -0.224101 42.0114
0.00444235 -0.179615 26.0719
-0.00435021 -0.145039 26.4447
-0.0215331 -0.106136 28.0701
-0.0342128 -0.109172 31.9487
-0.0242473 -0.120318 29.6684
-0.0283439 -0.0749474 25.9931
-0.00659026 -0.0566751 18.7164
0.00465339 -0.0151807 10.7534
-0.0316271 0.0303786 21.4918
-0.0259144 0.00362617 20.3357
-0.0719742 -0.0648735 46.0155
-0.0311143 -0.0401872 24.0954
0.0683622 -0.206068 0.414766
-0.0256436 -0.0769851 26.9479
-0.00201278 -0.0434815 10.8388
0.0043565 -0.0196617 6.77272
-0.0233234 -0.0298233 21.6904
-0.0406289 0.03107 26.8457
-0.108335 0.319845 50.106
-0.0213946 0.0143899 16.8334
-0.028563 -0.0120787 22.8094
-0.0258733 -0.0291248 22.0692
-0.0139471 0.00141172 11.5427
-0.0105184 -0.00840538 9.6987
-0.00438035 0.0139648 3.63101
-0.00247765 -0.0261051 5.28334
-0.00536328 0.00341538 5.21154
0.00822447 -0.0120716 -4.21063
-0.00981849 0.00281927 9.68078
0.00319532 0.000143647 -1.35217
0.0228373 0.00692807 -18.5245
0.00221285 0.00629594 -0.081961
-0.00742587 -0.00761736 9.53797
-0.0122862 -0.0131247 14.5485
-7.95948e-05 -0.021056 3.3849
-0.0168763 -0.0175092 19.2718
-0.0207828 -0.0223037 23.6781
-0.0118549 -0.0142915 14.2269
-0.0111989 -0.00906743 13.2296
-0.00897992 -0.00405429 10.5465
-0.00826349 0.00116736 9.4076
-0.00753953 0.00531499 8.28988
-0.012101 0.000264348 13.7547
-0.0110733 0.00424514 12.3793
-0.00659767 0.0111856 6.706
-0.00820238 0.0128611 8.48424
0.15291 0.0244388 -83.6297
0.0241653 -0.0805478 20.6327
-0.0392889 0.0181708 14.015
-0.141958 -0.0230954 21.0467
-0.148726 -0.0777507 25.5549
-0.168374 -0.0868833 28.2366
0.0850566 -0.16409 13.9165
0.0526818 -0.143989 15.894
0.102185 -0.167151 12.5229
0.230611 -0.0368348 -20.4438
-0.106769 -0.00301474 89.9136
-0.0191859 -0.209398 31.5172
-0.0371792 -0.0837659 21.0518
-0.0250825 -0.00417131 10.2878
0.0107703 -0.175972 24.4691
-0.0173749 -0.123765 27.1236
-0.0542724 -0.146318 41.3733
-0.0114621 -0.0947316 22.2033
0.0233599 -0.0850356 10.2505
0.0371585 0.0063592 -3.02136
0.00629144 0.0259372 7.40196
-0.0329625 -0.0166834 26.2047
0.0364751 -0.191706 7.80637
0.0284835 -0.114834 3.68614
0.0214688 -0.0639131 2.09478
-0.000653566 -0.0826387 15.0724
-0.0231504 -0.0523304 23.1695
-0.00657859 -0.045688 13.3047
-0.00894222 -0.022978 12.3884
0.000405534 -0.00989136 5.14984
-0.00525897 -0.00823071 8.44977
-0.0381826 0.025631 26.9829
-0.048503 -0.0116107 36.0549
0.0058469 -0.0262478 0.541545
-0.0116194 0.000214546 10.1071
-0.00363486 0.0241455 2.44902
-0.00344119 0.0196058 2.82176
-0.00839911 0.0178989 6.66999
-0.00909499 0.0132065 7.57928
0.00872427 0.0096074 -6.15281
-0.00376212 0.00736219 4.27679
-0.00918955 0.00243388 9.11046
0.0161887 -0.0134349 -11.3202
0.00778021 -0.0155446 -3.27877
-0.00370927 -0.0125151 6.64479
-0.00348067 -0.00510621 5.57164
-0.0169022 -0.00242145 18.0295
-0.0152981 -0.00681452 16.9436
-0.00807729 -0.0069917 9.80303
-0.515625 -0.382812 560.117
-0.00660443 -0.00396249 8.00909
-0.00437099 0.00591102 4.76337
-0.00503123 0.0058236 5.49012
-0.00418119 0.000562259 5.03237
-0.00600999 0.00897446 6.21377
-0.00406424 0.0177908 3.13933
-0.000290601 0.0413412 -3.87044
-0.00879292 0.0128239 9.20333
0.193615 0.0683512 -204.285
-0.0352494 0.000145402 89.5904
-0.104487 0.0535182 11.6336
-0.121779 0.0150442 16.348
-0.17599 -0.0575041 26.1652
-0.105918 -0.0869699 23.8157
0.0633005 -0.03909 2.49746
-0.00554498 -0.0754382 14.2698
0.0106908 -0.15437 20.9717
0.239721 0.0721529 -34.2986
-0.71358 0.0201883 136.811
0.0247601 -0.0527875 4.4003
-0.00594234 -0.0143269 6.65978
-0.0132836 0.00771187 5.82094
-0.000311033 0.000895681 3.32417
0.0857568 0.41885 -64.5048
0.00421426 -0.0971503 17.2326
-0.0153142 -0.063446 19.6378
-0.0637335 0.0103068 25.2414
0.183063 -0.00163383 -58.5529
0.0227146 0.0566811 -2.66974
0.0124668 -0.0324847 1.82236
0.0116128 -0.0289861 1.68764
0.0176451 -0.0727826 3.93389
0.0120633 -0.0315063 1.80949
0.00296608 -0.0318242 5.84719
-0.00803371 -0.0307199 11.6722
0.000546046 -0.0318406 7.67643
0.00127543 -0.0323587 7.2467
-0.0122739 -0.0198998 13.5262
0.00581275 0.0342733 -4.42738
-0.0101052 0.00952016 9.4185
-0.0370805 -0.00549536 27.5983
-0.00487992 -0.000928092 5.57799
0.00912292 0.00737081 -4.89092
0.0077812 0.0036192 -3.30526
-0.00949329 -0.000717064 9.74006
-0.0122908 0.00755391 10.6178
-0.00857832 0.0133939 7.08649
0.00487137 0.00814265 -2.96804
-0.0202846 0.00220884 18.5016
-0.0162618 -0.00182553 15.4862
-0.00118967 -0.00678271 3.02802
0.010861 -0.0220537 -5.64387
0.00369831 -0.0178601 0.294141
-0.00501967 -0.00722249 7.39679
-0.00618414 -0.00425596 8.03977
-0.0100158 -0.000539146 11.1461
-0.00277468 0.00910675 2.69351
-0.00155442 0.00838813 1.52291
-0.00221077 0.00974705 2.0849
-0.00293406 0.00376997 3.28722
-0.00412681 0.0115807 3.8674
0.525391 0.134766 -575.811
0.00150175 0.0354241 -5.24684
-1.39062 -0.0507812 1640.23
0.219583 -0.334157 -182.762
-0.0486613 0.231708 60.5192
-0.048169 0.248148 57.742
0.160097 -0.305457 -119.359
-0.0358733 0.36415 -28.8626
-0.0100768 0.116549 7.27635
-0.0349726 0.000903261 25.8591
-0.0302452 -0.021868 9.90859
-0.0177607 -0.05077 12.4923
0.0880436 -0.0465185 12.454
0.0389219 -0.0144943 13.6182
0.0556548 0.0906315 -5.16555
0.302829 0.0703258 -45.0565
0.0205357 0.00567416 -1.87761
0.0261451 0.00238273 -2.30897
0.00298926 0.00804114 1.97755
0.0317138 -0.0137024 -2.44112
0.0388697 -0.021892 -3.93335
0.0240814 -0.0238417 0.680481
-0.0388446 -0.0179188 20.828
-0.0607947 0.00182002 25.0012
0.0280535 0.140064 -17.7137
0.275298 0.0193772 -97.5436
0.185011 0.0155187 -60.8839
-0.102873 0.0428766 74.0255
0.0103845 -0.047453 4.54217
-0.109184 0.0573177 74.6211
-0.12686 -0.00656963 93.367
0.0140902 -0.0292307 -0.487665
0.00296317 -0.0407034 7.60414
0.00107291 -0.0155646 3.43954
0.0368639 -0.0194974 -14.7436
0.0249525 0.0186189 -13.0992
0.0655905 0.0338395 -39.822
-0.0771774 -0.0119227 55.4249
0.00180022 -0.00841178 2.03154
0.00961923 -0.00285028 -4.03185
0.00500868 -0.00389846 -0.499849
-0.00358097 -0.0078115 6.29105
-0.00843133 0.00835706 7.59318
0.0048336 0.0113932 -3.22218
0.00027703 0.0278832 -1.08524
-0.0308617 -0.000128938 27.8629
-0.0112211 -0.00410061 11.4523
0 0 -1
0.0016674 -0.00595273 0.522716
-0.00225975 -0.0138623 5.3058
0.0019924 -0.00842871 0.747793
-3.16448e-05 -0.00520899 2.18665
0.00170325 0.00229627 -0.585191
0.00320527 0.0219968 -5.06662
0.00341129 0.0196447 -4.92414
-0.00757441 0.00532227 7.98198
-0.000307786 0.0227252 -1.59065
0.135959 0.0899614 -147.325
0.700406 -0.0718571 -746.216
0.0120834 -0.198274 44.6366
-0.275714 -0.28104 386.49
0.226086 -0.33251 -190.624
-0.0185356 0.117772 41.9257
-0.472531 -0.182562 631.465
0.0287956 -0.569114 72.182
-0.0762871 0.0637971 17.172
-0.0747623 0.0201299 24.4515
-0.109218 -0.0883785 43.6144
-0.100526 -0.265786 70.8011
0.477392 -0.0197909 -24.912
0.093254 0.000807003 4.34411
0.0376299 0.00830179 11.0241
-0.00835433 0.00829362 17.3414
0.25914 0.04248 -32.842
0.0167588 0.0543115 -8.19596
0.0147172 0.0135903 -1.32245
-0.00155775 0.00457282 3.96
0.310453 -0.0137153 -67.201
0.0338507 -0.00403112 -5.15468
0.0531023 0.0157584 -14.182
-0.0273742 0.0236927 10.2515
-0.0434722 0.059811 9.93817
0.312539 0.00853208 -111.145
0.278064 -0.0151338 -94.2268
-0.134623 0.0687199 84.2844
-0.17612 0.0589733 104.175
-0.116757 0.0231785 83.6612
-0.131367 0.0252704 90.5894
-0.183334 -0.0202462 123.849
-0.0086767 -0.0137054 9.34262
0.0695217 0.00399189 -37.2059
0.0168298 0.0157802 -9.00105
0.0612784 -0.0101019 -30.2695
0.0349026 0.0271977 -21.0153
0.0501119 0.0550654 -33.2585
-0.00763 -0.0360892 12.4363
0.0129307 -0.00228029 -6.56529
0.0119817 0.00901962 -7.72422
0.00995056 0.0145921 -7.16229
0.004561 0.00817992 -2.31374
-0.0104066 0.0108762 8.42286
-0.0164062 0.022832 11.3557
0.0189518 -0.00200248 -12.0861
-0.038282 0.0048179 33.2735
-0.0284388 0.0104121 23.9648
-0.0104349 0.00143229 9.93022
-0.00104491 0.00227076 1.58813
-0.00295234 0.000268624 3.68326
-0.00254176 0.000637519 3.29917
0.00755832 0.000451728 -6.08346
0.0116432 0.0198905 -13.1177
-0.00345669 0.0172742 2.11061
0.00261776 0.0228617 -4.90543
0.000391321 0.0220375 -2.16206
-0.0520515 0.188417 33.9906
-0.0193515 0.0674706 17.6369
0.00444391 0.0296026 -7.74573
0.00387882 0.0352943 -8.02432
0.0047592 0.0368889 -9.25725
0.00390208 0.0460307 -9.65506
0.175839 -0.0035832 -140.607
-0.104424 -0.0856917 249.889
0 0.185328 79.3623
-0.117792 0.0339064 23.0662
-0.0540146 0.011451 25.2952
-0.14965 0.00882184 28.7908
-0.171755 -0.0318086 36.4085
-0.205862 0.0429817 25.7808
0.0839982 0.0899832 -10.1394
0.0393751 0.0352738 5.62077
-0.0124712 0.0504936 10.0989
0.256487 0.018429 -28.9137
-0.0110836 0.59309 -97.8757
0.00722177 0.139685 -15.0974
0.00701016 0.145451 -16.5806
0.0409114 0.0271827 -0.85392
-0.0309731 0.154197 -7.97168
-0.0591469 0.1059 11.0115
-0.0496331 0.129111 1.16162
-0.000950386 0.136329 -17.3733
0.136946 0.0479852 -51.1084
0.188417 0.00878377 -63.342
-0.125933 0.0931949 76.0124
-0.127823 0.064788 82.1306
-0.142095 0.0538244 90.9079
-0.158215 0.0348425 102.299
-0.192642 0.0181604 122.068
0.0105674 0.021821 -6.69129
0.626295 0.199282 -372.498
-0.0977946 -0.0341919 78.9799
0.0193578 0.0209389 1.43471
-0.00642695 0.0288125 15.0908
-0.0304751 0.134174 0.991818
-0.0409301 0.208271 -8.77165
-0.0331195 0.0928376 9.40593
-0.00370675 0.100287 -13.1245
-0.00342684 0.0419707 -2.32582
-0.00801814 0.0450929 0.449368
0.0102135 0.0723966 -18.9377
-0.0187211 0.0484625 8.17286
-0.00105806 0.0521361 -6.46503
-0.0186799 0.0345027 11.4875
-0.0256456 0.0207778 19.5875
-0.00498932 0.0159514 2.66265
-0.00418523 0.0376261 -1.97191
0.00251635 0.018391 -4.74362
0.00731956 0.00986328 -7.49378
0.01245 0.0228693 -14.5192
0.0140055 0.0188685 -15.3426
0.0109457 -0.0638319 3.70656
-0.0334819 0.139429 11.3218
0.00194149 -0.0963259 18.6086
-0.00854141 0.13426 -12.9147
0.00468103 0.0276247 -7.65135
0 0.116631 -18.9087
0.00409769 0.117178 -23.8434
0.00740368 -0.102055 13.1902
0.0034934 0.0872639 -18.9621
-0.0593805 0.361114 75.5756
0 -0.0390352 10.1974
-0.00644286 0.0679692 -2.48777
-0.128381 0.0218914 25.5228
-0.112013 0.0243335 24.6357
-0.123653 0.0673474 16.621
-0.0660002 0.0415381 19.3928
-0.0502527 0.0510687 16.3997
-0.0375647 0.143948 -5.19086
0.00857715 0.0836987 0.635192
0.064225 0.117954 -15.5168
0.148495 0.0849582 -22.404
0.0312393 0.197597 -31.6447
5.69518e-05 0.246804 -34.6907
-0.00739553 0.254084 -34.0904
-0.030563 0.171471 -10.6449
-0.0426739 0.134889 -0.552012
-0.050226 0.130931 2.83058
-0.041689 0.172925 -9.35266
-0.0121052 0.158059 -16.7582
0.10214 0.00225797 -29.1756
0.116058 -0.00820202 -31.7918
-0.111317 0.0215398 83.6098
-0.114728 0.0510582 79.2218
-0.133698 0.0358592 90.762
-0.157826 0.0259536 103.82
-0.196242 0.0183039 123.883
-0.023451 0.230507 -26.4729
0.740015 0.105135 -415.752
0.0044735 0.0283404 8.62096
0.0109702 0.0230295 5.94542
0.0169461 0.0543577 -15.3562
-0.0291294 0.224412 -18.377
-0.0755808 0.21515 13.7472
-0.0250273 0.197646 -15.9729
-0.0309461 0.212653 -15.0441
-0.0395003 0.281344 -22.7892
-0.0607818 0.231992 3.88789
-0.0287371 0.191844 -12.2302
0.00460367 0.15333 -29.9758
-0.00685351 0.142569 -18.7001
-0.0279528 0.14509 -2.03332
-0.0544384 0.129866 23.1379
-0.00773855 0.0830521 -7.47829
-0.00855547 0.0810066 -6.17181
0.00317299 0.0436918 -10.2026
0.00802494 0.0322065 -11.9006
-0.00330353 0.0559115 -6.14764
0.0111779 0.0333257 -15.4043
-0.00392059 0.0267806 0.928151
0.00479349 0.0252222 -7.59589
0.0912286 -0.0421222 -78.1106
0.379053 0.0402158 -410.086
0.414687 0.0191866 -444.403
0.00747206 0.040882 -13.1327
0.0087899 0.0425018 -15.7582
0.00871241 0.0584901 -17.4573
0.0501271 0.0400601 -63.1377
0.0039913 0.10533 -22.6979
-0.000934063 0.0515108 -5.82217
0 0.409684 -77.9453
-0.106433 0.019448 25.6616
-0.0960188 0.0391548 21.2451
-0.0676112 0.0414637 19.3117
-0.0580249 0.0470453 17.8396
-0.0568724 0.0837432 10.1776
0.177352 0.0343259 -10.7626
0.101776 0.0702699 -8.63949
0.047437 0.355534 -63.8674
0.0678677 0.149958 -21.8568
-0.00856182 0.0107214 11.7983
-0.00769574 0.236127 -29.3837
-0.136008 0.710633 -109.118
-0.0997622 0.192568 3.7085
-0.0876721 0.187926 0.776606
-0.0574127 0.155261 -0.547107
-0.00498223 0.268652 -44.2111
-0.16943 -0.0102922 93.6751
-0.170993 -0.0141968 95.1158
-0.0208892 0.285822 -42.0773
0.167074 0.0333771 -42.8237
-0.0936945 0.0457454 70.4745
0.175 0.148047 -77.2867
-0.211065 0.0229618 129.097
-0.0772624 0.18454 11.964
-0.00292045 0.22243 -35.1536
0.0698682 0.152055 -56.763
0.0153623 0.0559455 -3.92415
-0.0214784 0.0549092 17.8338
-0.065837 0.0942866 36.5518
-0.0132975 0.275315 -38.1805
-0.0404292 0.30118 -26.5334
-0.0444613 0.291291 -21.9755
-0.040342 0.27779 -21.7787
-0.033918 0.262618 -22.6159
-0.062587 0.226591 6.69184
-0.0501643 0.191181 4.66247
-0.0186222 0.19549 -20.2839
-0.00758206 0.185793 -26.7676
-0.0132084 0.200276 -25.39
-0.0498835 0.215538 2.30751
-0.0270188 0.139573 -1.74037
-0.0218263 0.10152 2.72663
-0.0286416 0.0595408 18.0994
-0.0107176 0.0908426 -6.72189
0.00585929 0.0385145 -10.8669
0.0101986 0.0348537 -14.9336
-0.00535158 0.0334335 1.20475
-0.0662857 0.655979 -65.0847
0.0169258 -0.0216191 -4.97574
0.541109 -0.120908 -515.421
0.396461 0.0142041 -423.491
0.395752 0.0172924 -423.354
-0.0129711 0.0530094 19.4103
0.0159833 0.065999 -27.4801
0.0102848 0.0652414 -20.5785
0.00439392 0.0721153 -15.1084
0.00515858 0.060512 -13.5108
-0.0231522 0.0509829 33.8195
-0.0687435 0.220342 -22.3537
-0.0717436 0.250949 -29.8728
0.0540844 0.650465 -137.681
0.0550843 0.5989 -124.781
-0.0475316 0.0484729 17.3574
0.214036 0.015623 -10.9151
0.172269 0.0562922 -15.1745
0.0898974 0.112522 -16.7174
-0.0736062 0.0522671 71.5636
-0.0362175 0.151241 -1.86275
-0.0334526 0.182276 -10.5362
-0.0397215 0.1882 -10.2206
-0.0970977 0.159384 12.3149
-0.0761553 0.189643 -2.51229
-0.0410386 0.214389 -18.9374
-0.0135806 0.253211 -36.8849
-0.0143861 0.243915 -34.9646
-0.00466814 0.279703 -46.6415
-0.000749511 0.321814 -59.1155
0.0196815 0.330531 -70.1834
0.0377655 0.339172 -79.3423
0.178142 0.0225942 -69.2421
-0.143105 0.102673 63.9323
-0.109612 0.113439 44.8458
-0.170122 0.172678 59.3732
0.0463249 0.204928 -56.1373
0.0204793 0.131838 -24.126
0.000647685 0.14198 -15.1879
-0.00929621 0.183643 -19.1628
-0.1568 -0.283871 212.521
-0.000795141 0.300608 -51.6014
-0.0363476 0.34924 -40.2072
-0.0801217 0.357803 -12.4408
-0.0812274 0.290371 4.17151
-0.0739194 0.2717 4.00969
-0.0557845 0.225324 1.28701
-0.0300425 0.208572 -14.8958
0.0199793 0.202569 -53.5707
0.10746 0.192446 -122.824
0.157182 0.011154 -119.03
0.00456418 0.697863 -148.982
-0.284146 -0.182372 322.294
0.163876 0.231291 -182.481
0.170373 0.245672 -192.185
0.488604 0.174333 -476.818
-0.211542 0.0460714 223.572
0.604422 0.010261 -582.317
-0.0309317 -0.0209587 60.7073
-0.0285621 0.0104031 50.8103
-0.0108833 -0.354277 136.745
-0.0158554 -0.393407 152.15
-0.0323808 -0.320751 151.848
0.0197637 0.0808469 -35.0287
0.0197394 0.0808255 -34.9943
0.0074558 0.0797561 -20.2538
-0.000466528 0.0788351 -10.7244
0.00320725 0.0730235 -13.768
0.00320725 0.0730235 -13.768
-0.0344699 0.220984 -22.9569
-0.0206362 0.242678 -29.1882
0.00594539 0.1912 -16.3651
0.00789642 0.141494 -3.01087
-0.00950316 0.12887 2.0164
0.245471 0.0208831 -16.1985
0.235631 0.0427275 -20.7063
-0.00461277 -0.172926 84.9244
0.00203421 0.173516 -15.5064
-0.0378078 0.167588 -6.19352
-0.0302778 0.174733 -10.0018
-0.0370771 0.172042 -7.20732
-0.0541949 0.189563 -7.97404
-0.0530734 0.218676 -15.7699
-0.0270195 0.256334 -34.0177
-0.0250247 0.291915 -43.3992
-0.00611491 0.259701 -41.024
0.0272007 0.276744 -58.4473
0.0172061 0.333396 -69.2978
0.0797625 0.35378 -101.85
-0.0504883 0.348936 -41.7973
-0.0525309 0.383083 -50.0905
-0.064697 0.517087 -80.9401
-0.0767814 0.129489 33.9721
0.345659 0.197959 -214.022
-0.0706146 0.152426 23.4382
-0.111301 -0.170006 128.963
0.02447 0.148966 -30.6068
0.0906019 0.191133 -81.8339
0.0416685 0.245284 -64.4735
0.0072566 0.295168 -55.2785
0.0172083 0.30767 -64.9058
-0.0331351 0.384752 -51.077
-0.105342 0.605425 -59.7318
-0.0983667 0.612047 -67.4608
-0.0568172 0.628713 -102.522
-0.00867162 0.699749 -158.741
0.0210185 0.723368 -188.87
0.0399537 0.710028 -200.66
0.156623 0.0109836 -118.513
0.156623 0.0109836 -118.513
-0.0133508 0.677255 -146.47
-0.0120638 0.669778 -145.613
0 0.269223 -52.957
0.444964 0.168065 -433.399
-0.0193705 1.05739 -242.855
-0.0188011 1.05643 -243.168
-0.00964695 0.401818 -68.829
0 0 -1
-0.0200904 0.0281568 47.7033
0.0194301 0.959892 -258.098
0.0334205 0.180381 -66.6821
0.0334205 0.180381 -66.6821
0 0 -1
0 0.266883 -43.1598
0.32661 2.31675 -1035.98
-0.0295533 0.201461 1.59963
0 0.266883 -43.1598
0.0279113 -0.618397 228.124
0.0303648 -0.621542 228.979
0.0323126 -0.60683 224.664
-0.016845 0.141599 -1.22891
-0.0311022 0.175314 -9.23082
-0.0445249 0.165476 -5.25615
-0.0221545 0.191919 -15.7711
-0.0177079 0.179869 -13.5519
-0.0276142 0.191648 -14.8373
-0.0343317 0.217756 -21.733
-0.0384797 0.200383 -16.2893
-0.00581999 0.222469 -29.4014
-0.0199556 0.256837 -35.7808
-0.033155 0.242262 -28.9343
-0.084849 -0.376275 171.824
-0.176034 0.236153 22.039
0.0414998 0.226508 -50.022
0.052665 0.264737 -64.973
0.0654504 0.30448 -80.7677
0.0550937 0.336236 -85.8554
0.0530186 0.349607 -88.7352
-0.0539446 0.360342 -42.8332
0.0213191 0.418409 -106.381
-0.0804934 0.135105 34.8618
-0.0956939 0.124995 45.2873
-0.0971694 0.147868 39.4078
0.0722298 0.102138 -46.2847
0.0686189 0.115274 -47.839
0.0237804 0.0605765 3.01823
-0.0291828 0.117078 20.0634
0.0215386 0.220865 -44.1787
0.062766 0.230352 -74.4006
0.0776206 0.229247 -84.1501
0.0706852 0.293805 -98.4162
-0.0429834 0.563973 -94.6167
-0.00498921 0.657396 -149.878
0.0175801 0.709298 -182.175
0.0248698 0.727241 -193.043
0.0149826 0.716471 -181.723
-0.00286674 0.709 -164.54
-0.0151974 0.695631 -150.048
-0.0198674 0.679135 -141.164
-0.0160122 0.665626 -140.799
-0.0102002 0.669656 -147.322
0 0.895304 -222.328
-0.0201694 0.396755 -56.7483
-0.0160344 0.397957 -61.2369
-0.00849993 0.399835 -69.432
-0.000361305 0.398215 -77.3618
0.0035767 0.39411 -80.2313
0.0692632 -0.0329655 -22.8841
0.0492053 -0.0630294 7.80567
0.0461073 -0.0628828 11.2263
0.0449411 -0.0629047 12.5589
0.0449411 -0.0629047 12.5589
0.32661 2.31675 -1035.98
0.32661 2.31675 -1035.98
0 0 -1
0.020961 0.190488 -16.4798
0.0156637 0.187674 -15.4007
-0.00413664 0.192676 -15.9755
-0.023575 0.190634 -13.8248
-0.052302 0.203401 -15.3219
-0.0480695 0.182656 -9.60638
-0.0185853 0.202928 -20.5115
-0.00766316 0.228041 -29.6253
-0.0225474 0.218259 -24.8512
-0.0263458 0.231436 -27.3387
-0.0290961 0.225046 -25.0338
-0.0018825 0.231924 -33.8137
0.0159951 0.291072 -56.7707
0.0213101 0.300139 -61.0524
0.0362356 0.232088 -43.6848
-0.225421 0.237862 38.5315
0.0939487 0.282566 -85.685
0.0949003 0.312724 -95.0211
0.0897495 0.303979 -90.1842
0.060536 0.314261 -81.6789
0.0488135 0.320845 -78.9143
0.0402231 0.334358 -79.0536
0.0393802 -0.0706393 32.8353
0.193666 0.0357674 -72.8919
0.226615 0.0410126 -91.4826
0.234343 0.0497619 -98.2168
0.0377657 0.0501406 -2.35662
0.07519 0.108351 -49.9751
0.0303182 0.0550516 0.643121
-0.152744 0.0995142 117.012
0.0645269 0.172366 -58.5048
0.0879756 0.184036 -78.1105
0.108887 0.215435 -102.233
0.121621 0.226418 -114.823
0.117517 0.211983 -107.528
0.0852815 0.280169 -104.788
0.0514005 0.296609 -83.7893
0.0283048 0.300056 -66.4679
0.00872351 0.300018 -50.4578
-0.00570711 0.302966 -39.2755
-0.0164497 0.313443 -33.3336
-0.0231592 0.326177 -31.4313
-0.0273259 0.336524 -30.9279
-0.0267947 0.348252 -35.1432
0.0107704 0.461664 -108.479
-0.024651 0.38949 -50.0995
-0.0161517 0.393755 -59.84
-0.00533306 0.396721 -71.7461
-0.00260678 0.232606 -22.1382
0.00227133 0.393568 -78.6979
0.00772766 0.383407 -81.3631
0.020979 0.383947 -96.1552
-0.00592485 0.00948199 169.518
0.0257099 0.541687 -153.371
0.0257099 0.541687 -153.371
0.0257099 0.541687 -153.371
0.0257099 0.541687 -153.371
-0.735423 2.54175 145.904
0.0210174 0.192878 -17.284
0.0197782 0.194666 -17.8559
0.0150184 0.18732 -14.8638
0.00259653 0.222118 -27.0474
-0.0302123 0.221336 -23.6773
-0.043323 0.24713 -31.0638
-0.0105265 0.284596 -48.4051
-0.0109809 0.270442 -43.5875
-0.0072697 0.27848 -45.8909
-0.0206907 0.249349 -33.7188
-0.0266841 0.292688 -47.9425
0.00381343 0.308527 -59.6898
0.0524652 0.325824 -78.5468
0.0301416 0.34576 -78.3293
0.0232347 0.315118 -66.6876
-0.00813406 0.282058 -44.5255
-0.030526 0.245993 -24.5702
0.0583483 0.298745 -76.7043
0.0789035 0.304663 -86.2717
0.0575717 0.317815 -81.8798
0.0509951 0.322133 -80.2204
0.0245007 0.302234 -61.5328
-0.75825 0.192352 346.257
0.242492 0.0238772 -94.2507
0.243656 0.038056 -99.5461
0.243363 0.0451815 -101.737
0.037926 0.0504737 -2.55564
0.0380751 0.0518888 -3.1095
0.0374761 0.0535598 -3.29117
-0.155898 0.0995584 119
0.075093 0.167125 -63.8602
0.0845991 0.172742 -72.1971
0.124664 0.180426 -102.523
0.132107 0.201785 -113.849
0.136128 0.240175 -129.815
0.111706 0.241679 -111.66
0.0657439 0.279194 -89.3098
0.0398931 0.281499 -69.688
0.0112886 0.28828 -48.7159
0.00153849 0.298509 -43.9904
-0.00545613 0.311983 -42.4662
-0.0132403 0.325905 -40.2304
-0.0200614 0.341936 -39.3984
-0.018955 0.346479 -41.9609
0 -0.646534 257.551
0.0106937 -0.270228 248.226
0 0 -1
-0.40761 -0.0658485 485.65
0 0 -1
0.0636662 -0.0756085 -2.39551
0.0636662 -0.0756085 -2.39551
0.120384 0.0430368 68.0011
0.107554 0.0470194 81.0416
0.0998195 0.0434285 91.0266
-0.000350284 0.12776 -0.652477
-0.000350284 0.12776 -0.652477
-0.000350284 0.12776 -0.652477
-0.000350284 0.12776 -0.652477
0.028837 0.198865 -19.4599
0.0296031 0.217695 -26.2252
0.0223156 0.229037 -30.2523
0.0191874 0.249766 -37.493
-0.00807684 0.28004 -45.4142
-0.0470245 0.266469 -36.0664
-0.0537677 0.210637 -16.0188
-0.0164859 0.250511 -34.729
-0.00363908 0.277016 -45.776
-0.0275865 0.279405 -41.9977
-0.00499086 0.315751 -60.0953
0.0412864 0.338382 -79.3201
-0.0398537 0.381485 -70.1735
0.0332519 0.374518 -89.1276
0.0105075 0.328573 -65.9584
-0.0398859 0.247651 -21.9385
-0.0207328 0.259705 -32.9913
0.14541 -0.0777399 33.0555
0.143495 -0.0780429 33.9482
-0.00144753 0.037168 8.19566
-0.00139082 0.0369795 8.23937
-0.00147858 0.0377237 8.01837
-0.00219586 0.0429407 6.48042
-0.00106986 0.035565 8.53858
-0.000668477 0.034351 8.76582
-0.000603888 0.0334557 9.05201
-0.000709719 0.0326802 9.38875
-0.000874217 0.0320742 9.70091
-0.00101518 0.0316703 9.92997
-0.00104214 0.0316038 9.97024
-0.00223252 0.443001 -100.715
-0.0121002 0.429538 -89.341
-6.54256e-13 0.00451031 19.2686
0.186398 0.159083 -139.039
0.13639 0.207085 -118.337
0.0940774 0.184598 -78.5398
0.0607555 0.254742 -76.9934
8.60039 -0.0339844 -6804.07
0.0157785 0.276533 -48.4763
0.0151973 0.29485 -54.4156
0.00851517 0.31082 -54.287
-0.000779986 0.325229 -51.1566
-0.0113843 0.337459 -45.8742
-0.0165074 0.342754 -42.9901
-0.0144706 0.156437 20.9471
-0.0161669 0.344288 -43.8726
-0.014337 0.34354 -45.4073
-0.0127774 0.343628 -47.0136
-0.0121815 0.343408 -47.549
-0.0121815 0.343408 -47.549
0.119068 0.0413551 69.9746
0.121183 0.0451467 66.2793
0.108886 0.0462375 79.8031
0.104608 0.0546773 81.6917
0.0113117 0.0727653 -31.4341
0.00873741 0.110336 12.7832
0.00873741 0.110336 12.7832
0.00873741 0.110336 12.7832
0.0439486 0.203923 -21.419
0.0463137 0.230628 -31.343
0.0450512 0.257369 -41.0648
0.0226733 0.309598 -58.3736
-0.0220312 0.304608 -52.6714
-0.0430598 0.267914 -37.5543
-0.0483036 0.238218 -26.3055
0.0149783 0.238073 -35.5441
0.00321284 0.259739 -41.2206
0.00353551 0.272703 -46.0391
0.00961225 0.319773 -64.8066
0.0184445 0.329187 -70.3557
-0.0635296 0.372195 -60.4298
-0.0275691 0.317299 -50.5079
-0.0514192 0.236805 -14.2562
-0.0386446 0.253191 -24.477
0.0595046 0.227762 -49.6726
0.142506 -0.083797 36.0945
0.146468 -0.0841876 34.9353
-0.00184825 0.037299 8.31838
-0.00205259 0.0366818 8.63772
-0.0026688 0.0352345 9.45492
-0.00118379 0.0340176 9.14709
-0.000920477 0.034696 8.77046
-0.000984873 0.0342451 8.97065
-0.00105658 0.0334419 9.30611
-0.00112597 0.032661 9.63355
-0.00115621 0.0320564 9.87444
-0.00113415 0.0317054 9.99067
-0.0010686 0.0316469 9.97147
-0.0441595 0.463489 -80.3206
-0.0360382 0.422989 -70.7632
-7.88737e-13 0.00451031 19.2686
-7.79267e-13 0.00451031 19.2686
0.103117 0.223562 -99.4008
0.0888765 0.200692 -80.5273
0.0792117 0.178878 -65.3474
-3.70969e-14 0.03125 -3.12578
-4.55137e-14 0.03125 -3.12578
-5.09957e-14 0.03125 -3.12578
-6.51708e-14 0.03125 -3.12578
-9.13214e-14 0.03125 -3.12578
-1.04201e-13 0.03125 -3.12578
-1.15117e-13 0.03125 -3.12578
0 0.03125 -3.12578
0.00600403 0.0402901 -11.8597
0.223398 0.0154009 -210.46
-0.222877 0.0375117 233.612
0.00209347 0.068856 -19.3842
0.00210707 0.0689788 -19.4457
0.00237201 0.0692024 -19.8175
0.00305899 0.0695483 -20.7061
0.0043162 0.0699771 -22.2804
0.00684517 0.0717395 -25.8353
0.00623579 0.0727324 -25.4569
0.00523303 0.0725585 -24.2067
0.00493118 0.0724715 -23.8124
0.00493118 0.0724715 -23.8124
