0.0536527 -0.145465 24.1421
-0.0312109 -0.0872604 26.1523
-0.0492651 -0.081317 26.508
-0.0428845 -0.0461878 25.3505
-0.0547871 -0.017985 25.6826
-0.0224555 0.0241533 20.9879
-0.005848 0.147613 17.2365
-0.106537 -0.00614848 95.9723
-0.0480544 -0.160011 34.169
-0.0528688 -0.0544983 34.2662
-0.0753937 -0.0040101 38.0965
-0.0869399 0.0333263 40.5427
-0.0831004 0.0662413 38.5912
-0.049177 0.00237428 30.9554
-0.059365 0.00491706 33.5665
-0.0708454 -0.00348112 37.5404
-0.093989 0.0210462 43.9739
0.0153548 -0.0121851 10.6459
0.0080979 0.00407051 12.8532
0.0276627 0.0297957 4.28784
0.0359731 0.0351629 1.22485
0.00296683 0.0537872 15.9901
0.0214782 0.088995 6.84695
0.0101634 0.344095 10.4216
-0.108907 0.0272564 73.678
-0.0367556 -0.114263 35.6829
0.0189596 -0.0254159 8.18191
0.00205364 -0.0500324 18.7058
-0.00148075 -0.0420841 20.8487
0.387222 -0.525443 -226.001
0.0138812 -0.107072 0.0235393
-0.0142051 -0.106814 18.7369
-0.00793057 -0.0763214 13.3549
-0.00146879 -0.151517 10.5338
-0.015101 -0.126829 20.2023
-0.0372628 -0.127618 36.6694
-0.0704421 -0.0354418 61.7368
-0.029929 -0.0195537 28.3553
-0.03991 -0.0229113 36.7182
-0.00653945 -0.000651584 7.59887
-0.00245937 -0.00212004 4.20382
0.00402596 -0.0138865 -1.43171
0.00738798 -0.0043317 -4.41048
0.0110095 -0.00431385 -7.7813
0.849097 -0.454408 -800.05
0 -0.266309 11.6007
-0.0109007 -0.245372 22.142
0.00554007 -0.242248 5.52555
-0.0066212 -0.254422 18.2608
0.0235209 -0.220528 -14.2152
0.141681 0.361699 -113.037
0.13107 0.345278 -101.08
0.106686 0.313761 -74.1397
-0.0799588 -0.114646 130.172
0.169857 0.276055 -161.231
0.0016778 0.212073 30.7509
0.229492 -0.0173828 -244.598
-0.0374775 -0.0795965 93.0627
-0.0379062 -0.121532 26.6971
-0.0298486 -0.110864 26.2893
-0.0147084 -0.101812 25.4816
-0.0516278 -0.0522683 26.6154
-0.043063 -0.0414972 24.9745
-0.0217034 0.00734711 21.4961
-0.0238489 0.0407717 21.2107
-0.127863 0.000508634 99.175
0.0340174 -0.0960911 13.1667
0.0628771 -0.237763 13.7331
0.103358 -0.411034 7.53959
-0.0406642 -0.0124763 30.7164
-0.0576711 -0.0191409 34.2862
-0.0725499 -0.00674281 38.498
-0.0743691 0.00222954 38.4581
-0.0773821 -0.0289984 40.1854
-0.00410365 0.00575143 16.9694
0.019071 -0.00287548 8.79209
0.0233202 0.0215078 6.45722
0.0470279 0.0379187 -3.91798
0.0443308 0.0461152 -3.01857
0.00278421 0.0619475 15.9143
-0.00194613 0.0192633 19.412
-0.0189591 0.0831877 25.5748
0.013431 -0.0947949 7.87484
-0.00972643 -0.0936835 19.841
0.00141072 0.0259993 1.88828
0.0194968 -0.00180693 -8.18291
0.0305548 0.0018481 -14.9884
0.0305519 -0.0399887 -13.1952
-0.0109891 -0.0946007 15.5487
-0.0249418 -0.118308 25.7324
-0.00611581 -0.112525 12.6445
-0.0102928 -0.103798 14.9481
-0.0100972 -0.105083 16.1404
-0.0246319 -0.108031 26.9892
0.0132475 -0.0833085 -3.21947
-0.0308386 -0.0487809 30.4237
-0.0280449 -0.033241 26.9578
-0.0104773 -0.0119479 11.1528
-0.00390253 -0.00435577 5.0817
0.00598948 -0.0132276 -3.55678
0.0119154 -0.0234459 -8.00243
0.00198601 -0.00756084 0.246905
-0.00596148 -0.00436069 8.17104
0.00687682 -0.0083554 -4.04382
0.0326527 0.131262 -35.1883
0 -0.150857 8.6533
0 0.131682 -2.57774
-0.00867151 0.117056 7.23971
0.334388 -0.244454 -296.213
0.333677 -0.246679 -295.333
0.00270701 0.169937 10.6651
0.207556 0.0231735 -224.415
0.167242 0.247622 -157.946
0.0746941 0.0724155 -65.5393
0 0.144425 22.5909
0 0.0844351 24.2906
-0.0845175 -0.123508 27.1029
-0.065104 -0.170419 29.7722
-0.0816184 -0.348375 40.0784
-0.0247254 -0.41456 39.8284
0.0382209 -0.402931 33.5188
0.115259 -0.111255 9.98403
-0.26783 -0.0851004 124.873
-0.134372 -0.00056858 100.245
-0.0174342 -0.0238749 20.8009
-0.00853706 -0.00834172 17.7256
-0.00506339 -0.0315656 17.8837
0.001713 -0.0762202 20.3077
-0.0185226 -0.127966 29.0374
-0.0164284 -0.0795649 25.2046
-0.078603 -0.0296517 41.6585
0.120781 -0.104317 -23.6681
-0.0551087 0.0213749 30.4798
-0.0574467 0.00129941 32.9217
-0.0674968 0.0725281 32.0133
-0.0162366 0.0589036 12.8722
-0.00205654 0.0299053 7.59079
0.0317919 -0.0196526 -4.6376
0.0143128 -0.0238238 4.17582
0.0122417 -0.0384837 6.71339
-0.0192631 -0.0436391 22.5996
-0.0453834 -0.0872249 39.111
-0.055649 0.0003787 38.036
-0.0123667 0.0325994 10.6878
-0.0083605 0.0288326 8.02059
-0.0246976 -0.0196519 20.5765
-0.0416598 -0.0451142 32.7073
-0.027275 -0.0545186 24.2335
-0.017704 -0.0500678 17.5751
0 0 -1
0.00940069 -0.0410664 -2.50474
-0.0135601 -0.0795583 16.7077
0.000462913 -0.0541094 4.44737
-0.00147193 -0.0527074 6.17374
-0.0191114 -0.0266351 19.299
-0.0115796 -0.00542826 11.8356
-0.000837525 -0.000611755 2.22113
0.012351 0.00538114 -9.78361
0.0120536 -0.00379198 -9.05147
0.00517952 -0.00135806 -2.6817
-0.00397526 -0.0011593 5.88252
-0.000298188 -0.0259465 3.9449
0.00144508 -0.265141 16.4712
-0.116579 -0.322364 141.39
-0.0920455 0.0892519 96.5048
0.0098289 -0.0114532 -6.40332
0.413549 -0.110606 -434.073
-0.0112939 0.0746287 16.9911
0 0.000655594 9.11464
0.021119 0.0709652 -19.3858
0 0.060852 5.49755
-0.0140099 0.0707699 21.7605
0 0.131675 1.54327
0 0.111058 2.6566
-0.128566 -0.0681225 24.081
-0.144496 -0.0824877 25.866
-0.148641 -0.085344 25.3135
-0.0624293 -0.101064 21.8812
0.00521863 -0.0884158 15.083
0.00120556 -0.111151 17.8917
-0.138914 -0.00947045 101.6
-0.138748 -0.00198279 100.963
-0.0235788 -0.0283174 21.9051
0.0202666 -0.041061 13.5508
0.000421791 -0.0155517 16.7564
-0.0114251 -0.0776773 23.8845
-0.0274409 -0.057173 26.1166
-0.0230652 -0.11279 29.7327
-0.0189533 -0.142097 30.9068
-0.00951835 -0.107793 24.7335
0.00901827 0.0233611 6.64742
-0.0283988 0.0347195 19.3931
-0.0318723 0.048905 20.2169
-0.0195792 0.0845869 12.9281
-0.0334333 0.0407508 21.4702
-0.0110271 -0.025174 16.2095
-0.00656975 -0.0858554 19.0151
-0.0435484 -0.0916062 39.3627
-0.0463703 -0.0685449 38.8679
-0.0621377 -0.0387901 45.7982
-0.0696719 -0.0317972 48.0411
-0.0103481 0.00806865 11.7613
-0.0352992 0.0077614 26.689
-0.0401185 -0.0113719 30.0534
-0.028002 -0.0092675 21.5694
-0.0120669 -0.00458342 10.7005
-0.0059495 -0.0090289 6.80922
-0.00104528 -0.0195514 3.91966
-0.00295921 -0.00664477 4.47715
-0.00256524 0.00339483 3.52529
0.00411152 -0.00544338 -1.35534
0.00572192 -0.00755697 -2.50566
-0.000947737 -0.000831934 2.74012
-0.0104018 -0.00160289 10.5632
0.0135228 -0.000188528 -10.2126
0.00185282 -0.00178184 1.10531
-0.00497345 -0.00467261 6.99719
-0.00438672 -0.00469156 6.51752
-0.0036643 -0.0102647 5.96565
-0.00265377 -0.0195463 5.87707
-0.0113136 -0.0120104 13.7399
0.107606 -0.104336 -97.5372
-0.00998145 0.00815936 12.3201
0.0882288 -0.46459 -58.119
0.180984 -0.137311 -180.067
-0.0290678 -0.032504 41.0798
-0.0398511 0.010309 50.6816
-0.0382671 -0.022915 52.3826
0 -0.0132401 7.48162
0.0932045 -0.10769 -74.9241
0 -0.0255332 8.55818
-0.00657372 -0.00168586 14.7401
-0.11145 -0.028756 20.8145
-0.147275 -0.0765945 26.8115
-0.138741 -0.0856858 25.6985
-0.0610001 -0.077036 19.4985
-0.00660741 -0.102423 17.276
-0.00624601 -0.107109 18.7584
-0.134991 -0.00422257 100.65
-0.216078 -0.0274282 115.472
-0.178804 0.0465396 53.0041
0.0053813 -0.00464265 2.90802
0.00615937 0.00331723 2.04423
0.0114512 -0.0193364 3.23202
0.0208019 0.00599223 -1.96839
-0.000477678 -0.169909 26.8097
-0.0197159 -0.158576 30.9107
-0.00751479 -0.136382 25.611
0.000306509 -0.083511 19.9547
0.00978615 0.00906991 8.02475
-0.0265055 0.0608007 16.8024
-0.0305364 -0.00212136 24.1332
0.0438008 -0.286934 14.7041
-0.0163802 -0.13677 28.0438
0.00588471 -0.0917607 12.9461
-0.0041049 -0.0897453 17.0396
-0.0346668 -0.0903349 34.4512
-0.033873 -0.108015 35.3754
-0.0333123 -0.0490218 28.8857
-0.00866478 -0.0565209 15.6047
-0.023564 -0.0377772 22.669
-0.0146991 -0.00528382 13.559
-0.0426169 -0.0132786 32.3707
-0.0262221 -0.00723455 20.716
-0.00681671 0.00923444 5.93217
-0.000324343 0.0221428 0.436506
-0.00132983 0.0195742 1.37004
-0.00911396 0.0108975 8.1952
-0.00826425 0.00804064 7.62847
0.0109579 0.012 -8.22851
-0.00603278 0.00395564 6.6904
-0.0188442 0.00448866 17.3748
-0.00551547 -0.00679597 6.77102
0.0191533 -0.0245895 -13.1142
0.00962718 -0.00822377 -6.03827
-0.00333732 -0.00481144 5.23206
0.00518267 -0.00233516 -3.28508
-0.00515149 -0.00671362 7.18483
-0.00200514 -0.00438696 3.79949
0.00718018 -0.0117629 -4.29261
-0.00492719 -0.00596324 7.45209
0.0101361 -0.0153687 -7.1705
-0.00400309 0.00323178 6.03239
0.61325 0.0089843 -651.143
-0.129084 0.322984 153.376
0.00390662 0.0863579 -1.98741
0.744859 -0.0601753 -852.958
0.0809584 -0.0985798 -61.1928
-0.87413 -0.0852629 1113.06
0.197287 0.0086472 -137.658
-0.0841057 -0.0102975 18.6133
-0.0745396 -0.191754 35.1502
-0.0797924 -0.0949011 23.5352
-0.0633136 -0.106247 22.9443
-0.014005 -0.0960666 17.5603
-0.0481225 -0.0311597 29.1707
-0.0390272 -0.0165454 26.0819
-0.0302783 -0.00167183 8.86478
-0.00391879 0.0144164 2.34051
0.0138818 0.0149323 -1.04374
0.0113079 0.0131305 -0.433726
0.00825467 0.0107745 0.591173
0.0238721 0.0186806 -4.6181
0.0678127 -0.0415116 -8.83405
0.0274122 -0.0736413 7.09877
-0.0394771 -0.0201978 22.1626
-0.0461483 0.0540367 14.1896
0.0422649 -0.0771662 -2.47164
-0.129382 -0.9403 168.145
0.00779033 0.0159877 -1.27278
0.00258906 0.0270245 -0.847897
0.0385555 -0.0244269 -11.0926
0.00823882 -0.0863833 10.3123
0.0375149 -0.0992647 -2.18407
0.00954726 -0.0482369 4.00366
-0.0291319 -0.105291 32.557
-0.0207597 -0.0555691 21.7627
0.00671369 -0.053308 5.91377
-0.00302749 -0.0412942 10.3372
-0.00386558 -0.0128806 7.46508
-0.03616 0.0188158 24.5357
-0.00819739 0.00554394 7.20528
0.0129719 0.00871346 -7.67312
0.00459992 0.0020603 -0.709464
-0.00865762 0.00560026 8.57033
-0.0246472 0.00687379 20.4633
-0.00336374 0.00376628 4.24139
0.00754798 0.0142228 -5.74581
-0.00888143 0.00354595 9.06922
-0.0241851 0.00142075 22.1199
-0.0141193 0.00491134 12.9996
0.00792733 -0.00527637 -5.23268
0.000194878 -0.0117348 2.74581
0.00362282 -0.0142798 0.0723537
-0.00979492 -0.00734812 11.8171
-0.00178259 0.002794 2.70669
-0.000282687 -0.00290302 1.79395
-0.0140957 0.0134621 13.6828
9.79994e-05 -0.00135752 1.45277
0.0232995 0.0348451 -28.1312
0.00903017 -0.0128373 -6.34949
0.321789 -0.0616013 -317.655
0.457762 0.0198185 -479.196
-0.0262506 0.199853 43.553
-0.617764 0.13738 740.392
0.167792 -0.0692031 -168.215
0.184143 -0.0669251 -187.933
0.065257 -0.236199 -25.7756
0.0664642 -0.22472 34.2731
0.019003 0.103602 10.1946
-0.049282 -0.0481238 34.6745
0 0 -1
-0.0362805 -0.117206 22.9533
-0.0281182 -0.0512296 29.1953
-0.0366521 -0.00102253 23.7561
-0.0778304 0.0431444 23.3702
0.00109897 0.00153762 2.77291
0.0192107 0.0153927 -2.44501
0.0217144 0.00752731 -1.8566
0.00418947 0.0173349 0.7713
0.0203623 0.00598706 -1.96
0.0312498 -0.0165331 -1.68669
0.0358977 0.0100283 -7.16299
-0.00219037 -0.0148102 8.83996
-0.0431275 0.0256207 16.5122
0.00872692 0.0275479 -3.39447
-0.15812 0.0654402 100.806
-0.13953 0.0413574 96.8181
-0.130802 0.0215941 96.3161
-0.122387 0.00860104 94.7215
-0.127366 -0.00590822 99.3226
0.00107138 -0.0445406 8.59456
-0.00322128 -0.027321 7.63024
0.00149887 -0.0444696 7.72265
-0.00269282 -0.0714286 14.0561
0.0360543 -0.0354255 -13.1956
-0.0286272 -0.0160038 23.3481
0.0057973 -0.0463535 5.53841
-0.0913251 0.0199657 61.1472
-0.00604555 0.0108641 4.92406
0.0139313 0.00463277 -7.96084
0.00384956 0.000112972 -0.0481773
-0.00914796 0.00723364 8.47325
-0.0133261 0.00941265 11.2342
0.000327519 0.0104362 0.41664
0.0168686 0.0169804 -13.6816
0.00425964 0.0302596 -4.56963
-0.030679 0.00824772 26.884
-0.00715154 -0.00220086 7.80772
0 0 -1
-0.000196546 -0.01182 3.2334
0.00108042 -0.0107583 1.84673
-0.017264 0.00365051 17.6386
-0.0041071 0.00946491 4.2782
0.00403371 -0.128848 13.4595
0.0015293 -0.00356005 0.176628
0.00216442 -0.00181081 -0.536982
0.00204993 -0.00482465 0.108403
0.00628372 -0.0102921 -3.66558
0.00524764 -0.00838649 -2.76191
0.231328 0.018982 -232.709
-0.103959 -0.281957 196.682
0.461008 -0.0122584 -523.432
0.145873 -0.077827 -141.041
0.156333 -0.023489 -161.144
0.152818 -0.0256472 -156.55
-0.170171 -0.0953779 46.5168
-0.170171 -0.0953776 46.5167
0.607658 0.112124 -39.1426
-0.197613 -0.170181 59.4403
0.0267611 -0.19785 46.8099
0.0137575 -0.0108353 18.7479
-0.0261097 0.0099328 20.7479
-0.0313238 0.0246036 19.1195
-0.00745951 0.0261022 1.35886
-0.00158583 0.0210323 0.909335
0.0154307 0.0196755 -2.11195
-0.00648589 0.0141693 3.91587
0.0201951 0.0139472 -3.15791
0.0143067 -0.00273543 1.18466
0.0348622 0.0306554 -10.195
-0.0322911 0.0371135 11.5651
-0.00775942 0.0691619 -3.37382
-0.0281597 0.0797311 1.87397
-0.160747 0.0734954 100.756
-0.198708 0.0319742 123.431
-0.131435 0.0420107 93.0897
-0.148981 0.0171801 105.52
-0.166841 -0.0218511 121.149
-0.175871 0.0221704 116.694
0.0386598 -0.0408804 -11.8821
-0.0635509 0.145414 11.087
0.00976562 -0.207031 27.1621
0.0192304 -0.000440558 -8.45757
0.0156029 -0.0247188 -2.78219
0.0365884 0.03921 -20.7141
-0.156942 0.0253598 105.475
-0.00798344 0.0123687 5.78907
0.00402437 0.00965609 -1.94253
0.00623206 0.00479579 -2.70687
-0.00825825 -0.00212873 9.32782
-0.0216271 -0.00190281 19.3116
-0.000690743 0.0146874 0.366913
0.0286571 0.00499124 -21.6097
-0.0181346 0.0120737 16.1141
-0.0306018 0.0273209 23.5183
-0.0224798 0.0058913 19.8895
-0.00719916 0.00492314 6.62094
-0.000588007 -0.00671249 2.64691
-0.00444023 -0.00894667 6.67779
-0.000915602 -0.0025905 2.38306
6.72058e-05 0.00772641 0.349718
-0.00267402 0.0150504 1.32617
0.00258064 0.00105917 -1.34049
0.00855653 -0.00622251 -6.80452
0.00738936 -0.007116 -5.38102
0.00350514 -0.00253249 -1.73907
0.00464844 0.00700052 -5.0065
0.210985 -0.0198793 -203.791
-0.00241578 0.00277909 4.16406
-0.00341343 0.00261555 5.36348
-0.00288972 0.00266604 4.74465
-0.00363961 0.0018705 5.75479
-0.0816709 -0.168465 239.56
0.30147 0.00941537 1.77609
-0.0228919 0.0437971 17.9649
-0.152911 -0.109291 46.9676
-0.169047 0.0499922 19.1899
0.160366 0.0215018 -4.14867
0.0238432 -0.0216392 20.3088
-0.0123604 0.00945475 18.7953
-0.0125346 0.022958 16.4813
-0.0404783 0.365034 -49.7818
0.0505192 0.262981 -47.2601
0.0107381 0.149835 -16.7393
0.0317436 0.141791 -20.612
0.0202884 0.0377573 4.03832
0.0254403 0.0911999 -11.7313
-0.0653532 0.089951 16.7797
-0.0437211 0.122229 1.18819
-0.0446628 0.130637 -0.383906
-0.0121854 0.0496767 1.50473
-0.0267339 0.0680838 4.61815
-0.137353 0.0411196 96.3367
-0.140803 0.045911 97.199
-0.138618 0.0341045 98.42
-0.197689 -0.0155226 135.082
-0.185857 0.00928147 124.022
-0.0679932 0.204033 1.66549
-0.0535926 0.236302 -11.8721
0.0338934 0.0119586 -5.08558
0.0302783 0.0119436 -3.16797
0.0299425 -0.00753772 -13.3929
0.0806912 0.0403493 -52.4723
-0.177382 0.0131109 120.829
-0.106408 0.00564287 74.8117
0.000902299 0.05644 -8.23732
-0.0171885 0.0612728 4.22784
-0.0112489 0.0165055 8.10473
-0.016723 -0.000597461 15.3642
-0.0184082 0.0154545 14.2429
0.0158427 0.0535718 -20.3292
0.000920845 0.0710979 -10.8051
-0.0668249 0.105274 40.069
-0.0391635 0.0552893 25.6024
-0.013623 0.0198256 9.75446
0.00248295 0.00265843 -1.78572
0.00269367 0.00285506 -2.02378
3.3188e-05 0.00654739 0.474209
-0.00715907 0.00710501 8.10212
-0.00891855 0.0108052 8.63784
0.00264336 0.00959212 -3.33982
0 0.0167521 -2.34727
0.0070623 0.00197948 -6.56939
0.00343958 -0.00220876 -1.62795
0.00130938 0.00538356 -0.831244
0.612733 0.524855 -774.326
0 -0.0391761 10.7104
0 -0.0391761 10.7104
-0.013901 -0.231573 62.5104
0 -0.304408 59.0377
0.164283 0.0896872 -110.657
-0.0414572 0.0354681 19.9625
-0.0356701 0.0629266 14.446
-0.0516068 0.0440874 18.3262
-0.05392 0.0591851 14.9594
-0.0791322 0.0527352 17.9591
0.00632623 0.0869489 1.45814
0.00513759 0.0192492 14.9019
0.240262 -0.0469458 -7.68901
-0.041307 0.343176 -45.4524
-0.0260356 0.30381 -40.3056
-0.000125714 0.221601 -28.0458
-0.0395963 0.184608 -11.0463
-0.0519274 0.115568 7.15506
-0.0450691 0.105928 7.27069
-0.154849 0.149131 33.5423
-0.0662498 0.10338 13.2655
-0.0713012 0.17633 0.861738
-0.0353669 0.0870568 4.59508
-0.0767046 -0.00670896 79.9732
-0.0913091 -0.000436268 84.8524
-0.117394 0.00137582 95.826
-0.167016 -0.0140465 120.7
-0.186681 0.0290249 120.527
-0.160977 0.0334118 107.279
0.017784 0.230171 -48.3653
0.439537 0.110274 -251.296
0.0266839 0.0183179 -2.28802
0.0257574 0.0142043 -1.04598
-0.0472886 0.313754 -26.1862
-0.0201592 0.249479 -29.8234
-0.0415499 0.298613 -25.601
-0.0401436 0.251514 -17.3394
0.000502177 0.1883 -32.24
-0.00134554 0.194277 -32.3885
-0.0133538 0.257994 -37.0385
-0.0162787 0.232762 -30.1479
-0.0202331 0.0627878 7.01321
-0.00443906 0.148333 -21.5431
0.015451 0.131309 -34.1965
-0.0754352 0.0967209 50.0931
-0.0469033 0.0997398 23.1208
-0.0186581 0.0455695 9.52453
0.00329014 0.0155243 -4.81105
-0.0221551 0.0122797 20.7457
-0.0135532 0.0139697 12.1425
-0.311198 0.509766 194.607
-0.0017424 0.00241058 2.88277
-0.0007128 0.00229532 2.33925
0.00252183 0.0162344 -4.96117
0.00889719 0.010137 -10.403
-0.00249386 0.00452017 3.89999
0.000133511 0.00512551 0.432238
0.046875 -0.205729 6.06901
-0.00396036 0.00199525 6.12317
-0.00477433 0.00230446 7.03956
-0.00423361 0.00175967 6.49813
-0.00470258 0.00205732 6.98289
0.104417 0.0971008 -39.7285
-0.0476179 0.0408226 18.7679
-0.0487742 0.0314452 20.9534
-0.0436323 0.0183048 23.4625
-0.0532943 0.0927625 7.26972
-0.0885647 0.0497374 19.2345
-0.0740038 0.584934 -97.3882
0.115394 0.586579 -123.312
0.121209 0.603653 -127.765
-0.102196 0.17196 4.54303
-0.0251692 0.205045 -18.3926
-0.0363427 0.16342 -6.4213
-0.0580815 0.158251 0.0249613
-0.138533 0.163597 18.9874
0.0912819 0.0632124 -23.2523
0.197231 0.0044241 -42.53
0.051725 0.0677993 -18.6729
0.0327885 0.210173 -43.4922
-0.0608771 0.00710931 70.5065
-0.0651019 -0.00398737 74.6799
-0.106002 -0.00514988 91.888
-0.152227 -0.0166104 114.534
-0.150171 -0.041122 118.42
-0.140605 0.0229205 99.947
-0.0462713 0.217491 -11.2586
-0.0289682 0.20878 -18.4054
0.102619 0.165793 -79.1212
0.0281619 0.0381648 -7.36922
-0.0157529 0.0746516 10.0962
-0.0571262 0.112323 27.1694
-0.0272165 0.301373 -35.3012
-0.0445715 0.298052 -23.3355
-0.0461482 0.318119 -26.8664
-0.0349424 0.23031 -15.7016
-0.0275049 0.21619 -18.0973
0.00432474 0.221571 -41.9875
-0.0163854 0.233759 -29.7341
0.0354558 0.102502 -41.3431
-0.0207557 0.138603 -5.29454
-0.0399377 0.114751 16.0258
-0.0822794 0.0835931 58.225
-0.0646596 0.0931681 41.0227
-0.0759748 0.0595122 58.3776
-0.0332907 0.0572354 21.2323
-0.0100709 0.0312124 5.40383
-0.000467111 0.00548062 1.56658
-0.017749 0.0536857 7.49505
-0.0196996 0.0496741 10.4415
-0.00690192 -0.000628915 9.84218
-0.00516158 0.00581614 6.41983
-0.0273174 0.00888979 27.6563
-0.00640841 0.00455362 8.17002
0.259207 0.725219 -447.504
0.605208 0.198914 -708.486
0 0.522725 -99.1622
-0.00384951 0.516171 -93.1878
-0.014779 0.499583 -76.2517
0 0.513811 -97.1936
0.124316 0.100296 -64.9896
-0.0524125 0.0560334 15.2137
-0.0516291 0.0584943 14.507
-0.100583 0.238695 -14.5986
0.123087 0.232314 -27.3036
-0.00072383 -0.0243246 33.4912
-0.00176471 -0.0277318 34.4774
-0.315018 0.0203848 122.677
-0.0984073 -0.0266552 45.8161
-0.0707943 0.166337 -0.157489
-0.0450274 0.165412 -5.49228
-0.0386069 0.161414 -5.63084
-0.0350331 0.18032 -11.3028
-0.0692437 0.187656 -4.82419
-0.0372631 0.23468 -25.7769
0.00752028 0.210788 -32.8021
0.00499065 0.250514 -42.817
0.0133855 0.218522 -37.7303
-0.00825469 0.182935 -20.3844
-0.0352754 0.176913 -7.93745
-0.0606293 0.154439 8.01317
-0.0697593 0.133786 16.9619
-0.0491334 -1.01986 304.488
-0.00944732 0.0831188 3.7494
-0.0175174 0.234176 -29.6381
0.0549404 -0.0100662 -11.6454
0.137063 0.0858996 -79.7252
0.0562178 0.137001 -46.4117
0.0438116 0.180338 -49.8399
-0.00723096 0.217781 -28.2375
0.0261612 0.268212 -61.3781
-0.00782426 0.310845 -49.5785
0.0165896 0.342444 -73.6514
-0.0671317 0.227366 7.60009
-0.0783465 0.213175 19.1921
-0.717419 0.0626981 525.379
0.0803475 0.107449 -78.0836
0.0312683 0.0796013 -33.0092
-0.00465229 0.0985066 -9.2101
-0.0712551 0.0889349 47.2366
-0.0376157 0.0219844 33.6629
-0.0519737 0.0410242 41.0815
-0.0491083 0.0935097 27.4161
0.0306227 0.124713 -52.942
-0.034444 0.135485 4.23396
-0.0244919 0.0687454 10.7702
0.0216378 0.031052 -19.721
0.0213481 0.0310631 -19.433
0.0206424 0.0309525 -18.6896
0.0201129 0.0307189 -18.0844
0.0201129 0.0307189 -18.0844
-0.0969166 0.0437194 117.608
0.301659 -0.027313 -312.015
0.338549 -0.0155172 -356.619
0 -0.267594 77.2737
0.0283653 -0.287676 48.8115
0.00574366 -0.279051 73.1907
-0.265625 -0.851562 656.25
-0.105482 0.0834854 121.917
-0.0343335 0.0646587 12.8717
-0.0353881 0.0762717 9.84567
-0.0549551 0.00988559 27.9199
-0.0173282 -0.00893877 30.6622
-0.000819425 -0.0219904 32.8732
-0.0711358 0.146712 5.01645
-0.0267783 0.134078 1.8849
-0.0633735 0.152617 2.66353
-0.0664749 0.176606 -3.54074
-0.0394046 0.1896 -12.8401
-0.0116314 0.178265 -16.6069
-0.00756828 0.18433 -18.5206
-0.0376667 0.2385 -25.4713
-0.0588679 0.268883 -28.1608
-0.0315762 0.258353 -33.4176
-0.0168464 0.219623 -27.4859
-0.021419 0.179262 -14.4029
0.00893901 0.192794 -29.5872
-0.0223433 0.180264 -14.1652
-0.0798554 0.147067 17.9872
0.178517 -0.360503 49.8579
0.00163574 0.132311 -15.9859
-0.18281 -0.0205581 113.799
0.315611 0.119178 -172.299
0.313513 0.115608 -170.215
0.0890943 -0.0114512 -30.2591
0.0800757 0.176731 -69.8324
0.0621688 0.202351 -66.3083
0.0384462 0.23376 -60.3102
0.0475957 0.263837 -73.9147
0.0437123 0.282933 -76.5804
0.0521938 0.299876 -86.9048
0.0438579 0.302923 -81.751
0.0587391 0.248294 -77.0223
-0.0563452 0.209633 4.2096
-0.00752369 -0.0427708 51.4853
-0.053932 -0.0920625 101.816
-0.053932 -0.0920625 101.816
0.0385079 -0.00412577 4.48732
0.0186986 0.143828 -19.2166
0.00852998 0.215583 -30.8066
0.00394103 0.193932 -20.7602
-0.00861959 0.19016 -8.30792
-0.0200149 0.208344 -2.66604
-0.0218435 0.255999 -13.9203
0.149737 -0.037176 -82.9108
0.136618 -0.0429139 -68.3807
0.0279845 -0.360715 86.4484
0.0260229 -0.362663 89.0554
0.0154244 -0.365944 101.203
-0.00527086 -0.370249 124.71
0.328805 -0.0323305 -341.322
0.331527 -0.0290197 -345.214
-0.0186857 -0.351525 138.347
-0.0166093 -0.347858 134.944
-0.0166093 -0.347858 134.944
-0.0146443 0.303247 49.3827
0.0312224 0.269622 1.43218
0.419592 2.39958 -724.143
-0.0302234 0.0764368 9.65416
-0.0150319 0.10065 11.8684
-0.0241824 0.130389 3.53177
-0.0322596 0.13921 2.18349
-0.0347213 0.139816 2.35559
-0.034245 0.122762 7.25609
-0.0306682 0.169749 -6.94647
-0.0661378 0.185738 -6.14792
0.0110438 0.218349 -32.3446
0.00540229 0.201416 -26.0022
0.00141275 0.244851 -37.8787
-0.0089978 0.251301 -36.7298
-0.0354773 0.286772 -39.8671
-0.0205289 0.184265 -15.2185
-0.0137364 0.209316 -26.2905
2.82144e-05 0.187222 -24.602
0.023099 0.150665 -22.7317
-0.405219 0.152364 150.382
-0.107491 0.145563 30.1591
-0.08526 0.131446 24.4004
0.170435 0.181974 -92.2424
0.0126418 0.0328813 18.0911
0.313442 0.110011 -168.618
0.290226 0.120628 -159.399
0.3179 0.106194 -169.955
0.0903065 0.186632 -78.3725
0.0874962 0.207572 -82.7619
0.0779612 0.237263 -85.5375
0.056703 0.267849 -80.9777
0.0536853 0.278837 -82.3079
0.0617742 0.267375 -84.7594
0.0575723 0.274724 -83.3687
0.0602454 0.267573 -83.6293
0.0652382 0.277935 -89.83
-0.0506545 0.489744 -63.761
-0.0582384 0.525536 -68.0279
-0.116165 -0.0318656 146.363
-0.117601 -0.0285951 146.751
-0.094802 0.0815316 95.5944
-0.00886647 0.209269 -13.7595
-0.00522374 0.174556 -6.97279
0.000185977 0.175089 -12.084
0.011698 0.186457 -26.0573
0.0128513 0.266746 -50.3106
0.00764157 0.340626 -66.7573
0.00251488 0.378018 -72.6055
0.00288154 0.377282 -72.7811
0.00420339 0.361508 -69.5046
0.00427225 0.315394 -56.0998
0.00251513 0.248521 -34.6848
0.00150596 0.171151 -11.0044
-0.00347677 0.16078 -2.35361
-0.0108925 0.167355 4.21527
-0.0132331 0.161766 8.82255
-0.00493101 0.200424 -12.1595
0.146307 -0.234548 11.7807
0.00423386 0.223936 -31.7856
0.419592 2.39958 -724.143
0.0137516 0.16035 -7.31588
0.00644877 0.171702 -10.3051
-0.0195818 0.172702 -8.96636
-0.0219422 0.174809 -9.55103
-0.0436569 0.179086 -9.08406
-0.0271406 0.182706 -12.8799
-0.0159456 0.1887 -16.1474
-0.038091 0.215732 -20.3123
-0.00544662 0.232684 -31.5684
0.00626796 0.240597 -37.4253
0.00444885 0.245956 -38.5216
0.0236209 0.265496 -49.7137
0.0508029 0.31439 -72.5227
0.201775 0.107174 -62.8256
0.253882 0.0559308 -63.2162
0.0546925 0.39779 -106.435
0.0747052 0.354278 -98.0162
0.0282186 0.353484 -79.6692
0.0239898 0.340891 -74.2291
0.0188842 0.316284 -64.3819
0.0431459 0.1689 -29.5187
0.0126418 0.0328813 18.0911
-0.0424131 0.385237 -60.8991
-0.0410993 0.371446 -57.3068
-0.0312128 0.401164 -72.3803
0.334732 -0.0650237 -154.41
-0.0138527 -0.0670759 49.221
-0.0134836 -0.0665382 48.831
-0.0133232 -0.0662694 48.6474
-0.0133232 -0.0662694 48.6474
0.0596589 0.293767 -90.7544
0.0676549 0.280838 -92.5067
0.0552171 0.275261 -81.9601
0.035959 0.254368 -60.7662
-0.109477 0.161168 80.6884
-0.120845 -0.0233666 147.482
-0.120888 -0.0381724 152.148
0.00821383 0.048332 19.5946
0.0488548 -0.019062 8.52983
-0.000451647 0.0487852 27.6832
0.000778598 0.141188 -2.34708
0.00086137 0.152354 -5.92881
0.00281254 0.0856328 13.0897
0.00573638 -0.00897296 39.9842
0.0162012 -0.0402956 39.7957
0.0154162 5.54523e-05 28.7751
-0.00637284 -0.0165686 55.9236
-0.00501811 -0.0138534 53.6467
-0.0010151 0.0197831 38.9123
0.000444932 0.0809782 18.2118
-0.00144985 0.15374 -2.4671
0.0180267 -0.00268018 25.3019
0.0214232 -0.03273 30.8145
-0.00787402 0.134485 10.7432
-0.00725993 0.0925297 23.1783
0.0945283 -0.259988 82.9913
0.0304834 -0.229945 152.083
0.0314848 0.192807 -18.5863
0.0260026 0.181266 -14.5499
0.0324047 0.222676 -29.1742
-0.00107803 0.232567 -30.5372
-0.018149 0.244079 -33.4221
-0.000671336 0.260461 -41.0555
-0.0299188 0.242503 -31.1986
-0.0189251 0.247148 -33.9958
-0.0315295 0.265534 -37.9527
-0.0334715 0.192957 -13.2319
-0.0165727 0.222873 -27.0809
0.0361524 0.264286 -52.7623
0.0588516 0.295728 -68.9654
0.0767667 0.266056 -63.9658
0.268745 0.0572765 -68.5824
-0.0052942 0.352068 -68.4303
0.0781872 0.414981 -119.29
0.0433413 0.378091 -93.8415
0.0269166 0.359463 -81.28
0.0125563 0.341718 -69.7009
0.00369278 0.329009 -61.7226
0.0458816 -0.719322 256.524
-0.0440694 0.378944 -57.969
-0.0442275 0.383753 -59.525
-0.0340588 0.393993 -68.3962
1.48979e-05 0.427017 -97.6675
0.0319703 0.439826 -119.753
0.044341 0.452932 -131.14
0.0276126 0.465125 -124.856
0.0134971 0.47031 -117.709
0.00410257 0.451537 -105.251
0.0150096 0.377152 -87.4076
0.0320639 0.314881 -78.5697
0.0223901 0.281081 -59.7904
0.0379384 0.260736 -64.7273
0.00591595 0.242167 -33.9762
-0.168604 -0.0505289 194.418
-0.136045 -0.0423161 165.584
0.109751 -0.00239426 -47.0857
0.113422 0.0386201 -64.3812
0.00266909 0.00768191 38.334
0.00219806 -0.0398056 54.8011
-0.00654383 -0.0523011 66.9695
-0.0211647 -0.00505524 64.6628
-0.0126733 -0.00698302 57.1072
0.0371835 -0.016368 12.1702
0.0161774 -0.0324088 38.6899
-0.00238942 -0.0269625 55.4169
-0.0960171 0.0271614 263.783
-0.0538565 0.117381 187.762
0 0 -1
-0.00571644 0.00273187 7.98182
-0.00857388 -0.342396 165.532
-0.0116529 -0.342887 169.275
-0.0185937 -0.309838 166.322
-0.0185937 -0.309838 166.322
0.0418623 -0.00187622 64.6302
0.0440946 0.0305449 51.0004
0.0319667 0.193806 -18.9414
0.0305653 0.201446 -21.6256
0.0585912 0.243077 -37.2713
0.0188731 0.287711 -49.8401
-0.0104951 0.284188 -46.8502
-0.0153899 0.319572 -58.8353
-0.0148893 0.260951 -38.3862
-0.0477351 0.273395 -37.5944
-0.0840996 0.234777 -17.288
-0.0697303 0.160912 5.62008
0.0425679 0.226074 -41.0839
0.0663348 0.293957 -69.9073
0.0522769 0.296016 -67.6798
0.0562254 0.323673 -77.7682
0.0268866 0.294662 -58.5389
0.0275962 0.387936 -92.0503
0.0492319 0.379021 -95.7624
0.018969 0.370817 -81.9264
0.00544187 0.359837 -72.8167
-0.00743947 0.348858 -63.6694
-0.0209509 0.337675 -53.852
-0.0347875 0.356877 -54.5082
-0.0378562 0.376413 -60.0961
-0.030946 0.386756 -67.2719
-0.00542486 0.404389 -86.8332
0.0032962 0.416563 -95.7672
-0.0626873 -0.0110716 101.676
-0.0655018 0.10167 62.8705
-0.0366586 0.253431 -8.76476
-0.010568 0.483828 -106.962
0.072652 0.37293 -124.532
-0.0196563 0.456932 -91.2373
-0.0338805 0.399032 -60.7943
-0.0279449 0.307584 -32.5186
0.0195302 0.304762 -66.1833
0.0571664 0.301841 -93.3162
-0.143907 -0.0538441 175.876
-0.00876297 -0.048581 81.7872
-0.0180458 -0.053801 91.1026
-0.011953 0.0696407 30.2371
-0.00813801 0.0709477 26.4645
-0.0155482 0.0727498 32.3619
-0.00756571 -0.0472857 66.1745
-0.0180398 0.0721236 34.819
-0.0180398 0.0721236 34.819
0.00634532 -0.0128786 40.9672
0.0087133 -0.0409596 48.942
-0.000901621 -0.0357014 56.8133
-0.00395674 -0.0379937 60.7592
-0.00339156 -0.0391398 60.565
-0.00339156 -0.0391398 60.565
5.63674e-07 -0.328125 174.401
5.63674e-07 -0.328125 174.401
-0.00321304 -0.0215938 54.4041
-0.00321304 -0.0215938 54.4041
-0.00321304 -0.0215938 54.4041
0.0968408 -0.0791169 22.7565
0.000947309 -0.036879 54.8324
0.0395228 0.192956 -18.7271
0.042336 0.206158 -23.6942
0.0511162 0.213146 -26.6563
0.035204 0.202602 -21.2704
0.0053305 0.195261 -16.1088
-0.00929614 0.309942 -55.8665
-0.0344156 0.3171 -54.7673
-0.0819353 0.268366 -30.212
-0.129733 0.226182 -6.51529
-0.113297 0.151098 17.4397
-0.121897 0.12273 29.5794
0.0798734 0.32537 -84.3867
0.0710808 0.369472 -98.2089
0.0252945 0.319682 -67.0414
0.0432839 0.30895 -69.443
0.0748647 0.342523 -91.8628
0.0580297 0.349499 -88.8004
0.0339229 0.351267 -80.6492
0.00614077 0.358716 -72.6932
-0.0118871 0.352818 -63.1956
-0.0216337 0.345366 -56.2765
-0.0272925 0.356764 -57.9487
-0.0289981 0.373708 -63.4387
-0.0235059 0.386658 -71.006
-0.00467275 0.398404 -85.0971
0.0158931 0.396824 -95.5025
0.0229888 -0.0361456 61.3162
-0.0637536 0.257184 12.4637
-0.063752 0.295673 -1.75087
-0.0395505 0.555906 -113.466
-0.0265248 0.557606 -122.188
-0.0352183 0.483649 -89.7022
-0.0430168 0.422454 -62.2363
-0.0132038 0.341252 -54.4878
-0.0330419 0.353725 -44.0596
0.0353787 0.311068 -80.0635
0.0522658 0.288673 -84.1439
0.0522658 0.288673 -84.1439
0.0257967 0.270886 -56.017
0.0143557 0.215016 -25.7145
0.00234936 0.185614 -4.52151
-0.000936294 0.168672 4.5884
-0.00370345 0.155236 12.0126
-0.00188594 0.142641 14.9465
-0.00188594 0.142641 14.9465
-0.00124118 0.0494156 48.4535
-0.000239041 0.0345715 52.9623
0.000526107 0.0194259 57.8052
0.000520278 0.00653294 62.5932
-6.99434e-05 0.00382392 64.2172
-0.000105662 0.00288759 64.5988
4.75624e-05 0.00106914 65.1032
0.000271033 -0.000260602 65.3455
0.000350633 -0.000691557 65.4142
0.000381854 -0.00092092 65.463
0.000367365 -0.00112756 65.5568
0.000351359 -0.00122936 65.6138
0.000351359 -0.00122936 65.6138
