-0.0692173 0.0623765 25.2433
-0.0729982 0.0689994 25.2802
-0.0668432 0.0614768 24.7466
-0.0635757 0.0765514 24.3798
-0.0581802 0.0357001 24.546
-0.150548 0.00557512 108.881
-0.0605053 0.0109956 25.9092
-0.043886 -0.082901 33.0089
-0.0508564 -0.0712272 33.6017
-0.0554164 -0.0301042 33.4591
-0.0905972 -0.0222815 41.8252
-0.113259 0.0457457 46.7081
-0.0767981 0.0149841 37.3107
-0.0417266 0.01262 28.2483
-0.0972418 -0.0122466 45.9095
-0.0922098 0.0285352 42.9077
-0.022694 0.0320543 18.8868
0.0349 -0.0353552 -0.650003
0.0449749 0.0689758 -7.73889
0.0904123 0.0416924 -25.0247
0.080766 0.0705874 -21.259
0.0917705 0.085782 -26.7694
0.107521 0.0674044 -33.6944
0.133136 0.0577962 -45.4877
0.0436241 0.353085 -16.821
-0.0582384 0.0359144 35.994
-0.0654777 -0.19956 59.6093
-0.0617895 -0.2349 57.9044
-0.0332335 -0.251628 35.9873
0.179472 -0.260115 -97.3865
-0.353947 -0.166795 246.517
-0.0191105 -0.0923944 20.8452
-0.0422682 -0.0816675 37.0742
-0.0353022 -0.0544928 31.8825
-0.474674 -0.085718 358.871
-0.0263259 0.156044 26.3553
-0.0409919 0.158754 37.489
-0.0577588 -0.0361701 51.841
-0.0382981 -0.0404076 35.7867
-0.0405682 -0.0405999 37.1717
-0.0228018 -0.0176045 21.7257
-0.0124724 0.00019502 12.4077
0.040329 -0.0131822 -34.5325
0.00825384 -0.0582485 -3.76125
0.291006 -0.0662533 -273.276
0.00688552 -0.193872 3.26116
-0.0171469 -0.084107 25.9914
0.00854826 -0.106044 0.279646
0 -0.138848 9.41486
0.0280699 -0.0912574 -21.0579
0 -0.11183 9.12667
-0.153278 -0.0409648 298.648
-0.22177 -0.133598 376.107
0.00572862 -0.0305634 -1.40078
0.00443198 -0.0108525 -0.896815
0.00399251 0.195314 45.6999
0.00516664 0.20299 44.1186
-0.1308 -0.227597 215.974
-0.0609189 -0.416718 35.442
-0.0654902 -0.39389 34.8594
-0.0678772 -0.342278 33.1383
-0.058834 0.0396527 25.1954
-0.052914 0.00922828 25.3736
-0.24746 0.00348852 120.012
-0.0571896 0.0404328 25.5299
-0.0375587 0.0426585 22.3475
-0.0134084 -0.0308985 20.7503
0.0284813 -0.12226 16.7994
0.0192041 -0.104923 18.3217
-0.0385773 -0.0393202 29.8231
-0.0564947 -0.00549571 32.9417
-0.0555725 -0.00231844 33.0956
-0.0774143 -0.018849 39.397
-0.0828326 -0.0164047 40.7161
0.013722 -0.0171896 6.4248
0.0101138 -0.0103914 8.13265
0.0364109 -0.0363511 -1.73724
0.105851 -0.00435478 -30.4696
0.107444 0.051502 -32.2605
0.0687746 0.0273671 -13.6769
0.101376 0.0245643 -29.3328
0.0709248 -0.00168414 -13.4709
-0.0945605 0.0306638 56.1649
-0.0672715 0.0384642 40.8993
-0.034466 0.0276742 22.7036
-0.00866721 0.0120819 6.98461
-0.00964815 -0.0116783 8.71452
-0.012157 0.00700396 9.81805
0.00290437 -0.0162271 0.859463
-0.136485 -0.0538107 94.7828
0.0269959 -0.0887656 -11.807
-0.0208138 -0.0628893 21.3157
-0.0119503 -0.0592286 14.2586
-0.0157893 -0.00621518 16.1318
-0.038841 -0.0751647 36.6761
-0.0257509 -0.064512 26.2971
-0.0288167 -0.0375059 27.4494
-0.01963 -0.0169797 18.8921
-0.000155509 -0.0110614 1.76404
0.0243751 -0.0117006 -20.2296
0.00807005 -0.0310842 -4.6165
0.0143627 -0.00409259 -11.5375
0.00971859 -0.0215243 -6.66435
0.0156631 -0.0143805 -12.1801
-0.0290938 -0.0176823 33.914
-0.00209757 -0.012995 4.06842
0.0113155 -0.0131965 -9.83059
-0.0220952 -0.00534142 25.4215
-0.0277864 -0.00529182 31.9974
-0.00215644 -0.0126025 4.30029
0.0140818 -0.00853249 -11.4297
0.0129269 -0.0230897 -9.60305
0.120374 0.296327 -142.638
0.0059101 0.0474373 -5.2491
0.0275461 0.409853 -42.0441
-0.00542196 0.0360519 8.9492
-0.0561432 -0.0274529 18.3921
-0.0870084 -0.0111432 18.0946
-0.099625 -0.0504841 20.792
0.250677 -0.188874 6.6338
-0.138612 -0.00368125 107.825
-0.142645 -0.00016913 108.11
-0.0625307 0.0142969 27.9251
-0.05935 0.0217028 26.7159
-0.0353765 -0.0638843 26.1744
0.015035 -0.0668356 16.6719
0.00421495 -0.0851522 20.7893
-0.0300448 -0.0699803 28.0859
-0.0257867 -0.0418598 25.6711
-0.0330777 -0.0383941 27.2358
0.00925447 -0.0279617 9.28482
-0.0547074 -0.0425779 32.9548
-0.010106 -0.00491021 15.6669
-0.013002 0.00113933 15.6728
-0.00300236 -0.0334967 14.331
-0.0136001 -0.038556 18.9423
-0.113596 -0.000807463 58.5983
-0.0728492 0.0469368 37.0299
0.000408141 0.0665083 1.30395
0.163554 -0.00173091 -74.8096
-0.0961809 0.01464 57.7265
-0.0596386 0.0285635 37.1354
-0.0423497 0.0341806 27.2885
-0.026396 0.0245792 18.4349
-0.0285941 0.0339693 18.9945
-0.00906282 0.0182114 7.62957
-0.005538 0.0053945 5.74782
0.0119277 -0.00527926 -5.26311
0.00215301 -0.0407137 3.24815
-0.00677943 -0.0424784 9.2705
-0.0148903 -0.0614646 15.9925
-0.0261817 -0.0248025 23.8415
-0.0157035 -0.0483057 16.3789
0.00442211 -0.0367649 0.197281
-0.00628176 -0.013655 7.68747
-0.0115503 -0.00791216 11.8058
0.000168469 -0.00194401 1.17464
0.0149895 0.00894733 -12.6045
0.010796 0.0101019 -8.68682
0.00264372 0.00697446 -0.869002
0.0126988 -0.00690926 -9.43634
0.0157638 -0.0255898 -11.506
-0.0142976 -0.0724174 22.3627
0 -0.144703 11.7488
0 -0.144703 11.7488
0.0521832 -0.158175 -43.154
0 -0.110547 9.55971
0 -0.128001 10.6676
0.00547937 -0.0141172 -1.97698
0.00661527 -0.0159051 -3.25036
-0.0190127 -0.0449204 27.9317
-0.00313018 -0.0461017 9.46955
-0.034568 -0.0572541 48.2995
-0.00974384 0.0973392 13.1989
0.00681961 -0.0742139 20.6314
-0.0787263 0.00755846 16.5307
-0.0920752 -0.107919 23.1799
-0.0139174 -0.16766 24.1964
-0.132415 -0.00072991 106.913
-0.134404 -0.0010088 107.21
-0.0585786 -0.078901 31.4694
-0.0681331 -0.0621213 32.1157
-0.00419577 0.00599362 3.56896
-0.0088647 -0.0402991 20.5844
-0.0107402 -0.0577674 22.2502
-0.0129706 -0.057149 22.439
-0.0201465 -0.0713815 25.9602
-0.00691614 -0.151136 27.8301
0.0767272 -0.0868067 -1.84477
0.0171801 -0.0357407 7.17899
0.00605888 -0.0218965 11.8892
0.000265102 0.0343653 9.00175
-0.0319567 0.0417755 19.9495
0.0224125 0.20829 -14.0013
-0.0972791 0.0135465 50.8701
-0.0374753 -0.0186574 24.7728
0.151184 0.201248 -74.7307
0.0695595 -0.0107219 -26.1023
-0.0353601 -0.0269171 28.8907
-0.0474875 -0.00442597 32.9306
0.443374 0.0281148 -245.259
-0.0266826 0.0136226 19.458
-0.0894701 0.0192596 58.1982
-0.0227394 0.0289021 15.8427
-0.0147419 -0.00444757 12.2087
-0.0144699 -0.0089448 12.7349
-0.00962109 -0.0167355 9.86274
-0.0088659 0.00301529 7.85501
0.000158584 -0.0046527 1.67182
0.00485532 0.00187309 -2.29537
0.000466819 -0.00681391 1.39687
0.00840166 -0.000758278 -5.35305
0.00539952 0.00454135 -3.15571
-0.0167546 -0.00555183 16.2233
0.00612779 -0.00268592 -3.92058
0.0218214 0.00055948 -17.6895
0.0112977 -0.00578953 -7.92535
0.00128825 -0.0113523 1.32554
0.0100521 -0.00767326 -7.51487
0.0211754 -0.00999173 -17.8672
0.0209219 -0.029178 -16.7247
-0.00523206 -0.0286088 9.21372
0.0919859 -0.250231 -72.115
0.0170625 -0.000733627 -13.7423
0.0157863 -0.00542494 -12.4243
0.485483 0.154977 -541.346
-0.0130088 -0.0230365 20.4893
0.22343 0.109333 -260.522
0.300037 0.385184 -372.722
-0.123867 -0.0609219 160.985
0.00334317 0.0327828 -1.43298
0 0.234987 -8.95622
0.0167665 -0.203915 31.0392
0.168296 -0.00593552 12.8428
-0.0491229 -0.112329 22.1195
-0.032243 -0.0933962 18.5827
-0.0433667 -0.0989119 19.5938
-0.119562 -0.000825308 105.416
0.191866 0.0820163 -25.5554
-0.0598303 0.061436 30.741
-0.00717218 -0.00488019 5.16769
0.0146209 -0.0190023 2.47523
-0.260582 -0.566381 123.204
-0.00193885 -0.0679113 20.8339
-0.0232626 -0.0788067 30.4055
0.0501175 -0.186365 12.4093
-0.0890298 -0.0873358 46.1565
0.0720371 -0.0622449 -8.43312
0.0566468 -0.116663 2.07027
0.0307578 0.0695439 -5.62865
0.0457511 0.112967 -15.4422
0.0938387 0.242563 -46.7164
0.0228743 -0.0445959 -1.58874
0.0383672 -0.0420847 -9.2118
0.0129254 -0.0376149 3.20288
0.0108803 -0.0464143 6.42551
-0.0309908 -0.0838114 32.4078
-0.0544995 -0.0395234 39.8242
-0.0416958 -0.00565878 29.5773
0.011138 -0.0246569 -0.17499
-0.0406709 0.0255528 27.403
-0.022057 -0.0104369 18.2534
-0.0364217 0.00491578 26.3013
-0.0185079 -0.00315229 14.9897
-0.00928241 0.00397759 8.07585
0.00440916 0.0246585 -3.22039
-0.00359666 0.0261701 2.29295
-0.0107301 0.0175723 8.71
-0.00945457 0.00804949 8.44092
0.00257533 0.0099012 -1.45024
0.00192033 0.00910526 -0.658197
-0.0171912 0.00474114 15.735
-0.00685824 -0.00122751 7.25589
0.0138023 -0.0148077 -9.6022
-0.00736897 -0.00551209 8.84394
0.00681449 -0.00555508 -4.5346
0.00777459 -0.00889955 -5.36769
0.00748211 0.00111476 -5.37258
0.0115238 -0.0104105 -8.31241
0.0144316 -0.0139516 -10.685
0.246094 -0.0516183 -249.191
0.0249731 -0.0106744 -22.8594
-0.355422 -0.275205 423.784
0.0119403 0.0884673 -12.3606
-0.0133487 0.0958776 15.291
0.0125228 0.0636935 -12.0733
-0.00337215 0.0365573 7.50172
-0.00778019 0.11662 6.89231
0.052549 -0.335001 44.2239
0.273541 -0.0990132 -242.287
0.0533732 -0.111153 17.5898
-0.0112502 -0.163199 26.2569
-0.0580133 -0.0650323 17.9575
-0.0595764 -0.0698727 17.4946
-0.0533963 -0.0505442 15.0956
-0.0719814 0.024032 24.9991
-0.0880031 0.04931 23.4125
-0.00558677 0.000867624 4.39014
0 0 -1
0.0149311 -0.0035807 0.582685
0.00751108 -0.00292772 2.38693
-0.0104408 0.00994898 5.12397
0.0130864 0.000402793 10.8761
0.00643072 0.0315824 -2.06911
0.00300049 0.0616936 -5.33328
1.11598 0.437028 -402.454
-0.014733 0.00145509 7.43006
0.30818 -0.406105 -60.1384
-0.324913 -0.161753 158.815
0.028554 0.0237937 -11.6558
0.0284574 0.0278846 -11.9623
0.0392392 -0.0344487 -10.2125
0.028416 -0.0437128 -3.55739
0.00285224 -0.0654416 11.2956
-0.0474431 -0.113664 43.2672
-0.0215596 -0.0413611 20.6067
-0.0286166 -0.055054 27.8116
-0.0205984 -0.0249319 19.3127
-0.0579929 0.0232245 38.3411
-0.0149912 0.00169756 12.4056
-0.0280783 0.0147533 19.2504
-0.0139351 0.000891827 11.5164
0.0116395 0.0064342 -6.66281
0.0103877 0.00979966 -5.87527
-0.00975266 0.00463251 9.49962
-0.0217545 0.00520143 18.323
-0.00704518 0.00728016 6.42119
0.00169276 0.00556118 -0.358459
0.000130162 0.00682682 1.06053
-0.0259513 0.00853766 22.7093
-0.0141013 -0.00255788 13.7665
-0.00461415 -0.00160201 5.29
-0.0026476 -0.00732342 4.50942
0.00457433 -0.00545413 -2.58313
0.00686292 0.00518068 -5.27738
0.00329949 -0.0220144 -0.0610129
0.0115234 -0.159082 9.63213
0.0140807 -0.00414364 -11.3314
0.0138391 -0.0141278 -10.5498
-0.000995329 0.0124838 4.47172
0.00564096 0.0299335 -3.41761
0.344536 0.0668552 -382.177
-0.0160161 -0.016191 57.5102
0.148184 0.359176 -170.782
0 -0.0108766 38.3233
0 -0.218435 64.1406
0.0504782 0.273391 -17.5308
0.277779 -0.0928618 -248.135
0.0101582 -0.179004 27.5486
0.00383392 -0.184388 28.6177
0 0 -1
-0.056466 -0.0305213 12.8136
-0.14278 -0.112468 51.5351
0.0107768 -0.0119183 19.6363
-0.0735888 0.0160346 26.3854
-0.00874354 0.0073539 3.86295
0.0115571 0.0054056 0.119775
0.0193065 0.00988575 -2.15027
0.0157938 0.018143 -2.1041
-0.00546287 0.0180223 2.9294
-0.0127762 0.0224609 3.93948
0.0071934 0.0299906 -2.27918
0.0145399 0.0409485 -6.0633
0.0207635 0.0787953 -12.7618
0.260316 0.0377953 -61.905
-0.0650762 0.0183754 78.5134
-0.0793585 -0.0416748 92.6176
-0.091017 -0.032721 95.4531
-0.118488 -0.0591949 111.951
-0.107997 -0.0311918 102.772
-0.0932097 -0.0279305 95.3436
-0.0340895 -0.0312916 25.5367
0.000393717 -0.0323834 6.61099
-0.00455698 -0.0443328 11.6283
-0.0151447 -0.0348543 16.1829
0.103354 0.0149819 -58.0453
-0.0119552 0.00345515 9.30575
-0.0580829 0.0939765 29.0236
-0.0900529 0.132489 44.787
-0.030712 0.0174935 20.7315
0.0103011 0.000594562 -4.98211
0.00340244 -0.00358042 0.794731
-0.00267065 -0.00521572 5.30894
-0.0174205 0.00529372 14.9537
-0.00492923 0.00913304 4.54609
0.0183675 0.0171229 -15.3068
-0.00051754 0.0111592 1.71306
-0.0365529 0.0129271 31.144
-0.0201956 0.00470193 18.1501
0 0 -1
0.00314293 0.00395507 -2.41001
0.00856097 0.00986236 -8.41855
-0.00516785 -0.014795 7.86817
0.00379315 0.00670021 -0.865948
0.0168125 -0.00717865 -14.3669
0.0218416 -0.0117084 -18.8069
0.0161206 -0.0135837 -12.3386
0.0108516 -0.00889552 -8.24678
-0.00775057 0.00858235 11.4637
0.154917 0.0430974 -116.49
-0.0726496 0.0148493 93.3347
0.273035 -0.523294 -224.348
-0.287826 0.251888 322.607
-0.609049 0.249023 705.095
-0.134579 -0.294141 281.985
-0.00803052 -0.018581 87.0913
-0.0130346 0.0375989 12.0687
0.0601234 -0.172033 45.9848
-0.0439026 -0.343851 78.8947
-0.00206685 0.0367243 10.6419
0.023148 -0.0794406 28.6889
-0.0272435 0.024451 19.1328
-0.0870635 0.0119413 28.7192
-0.0963461 0.00334015 31.1568
0.00749932 0.0308735 -2.29305
0.0114143 0.0230106 -2.34375
0.0105658 0.0209095 -1.31279
-0.0148678 0.0206966 4.86023
0.00103217 0.0159248 1.36961
0.0106412 0.018849 -1.66405
0.0756809 0.0761496 -30.3094
-0.0227607 0.108409 -2.52121
0.25972 0.0372464 -61.617
-0.0214978 0.0185054 66.2792
-0.0841973 -0.0203102 91.1365
-0.0711085 -0.00388566 82.6781
-0.0980896 -0.00889291 95.6635
-0.115983 -0.00755627 102.328
-0.0776916 -0.033142 88.8325
-0.0486803 0.00842517 28.4831
-0.0163607 -0.0173336 14.6937
0.192885 -0.123637 -87.4968
-0.00796344 -0.0542625 14.822
0.182239 -0.0584248 -93.9087
-0.386878 -0.0668854 251.744
0.0273382 0.00787465 -9.992
-0.18622 0.118146 109.643
-0.0200198 -0.0247227 19.4699
0.00254398 -0.000637341 0.402183
0.00412843 -0.00274858 0.0381448
-0.00319394 0.00255586 4.37778
-0.0144526 0.00577439 12.4872
-0.00248923 0.0205271 0.778433
0.010849 0.00981748 -8.2927
0.0150659 0.0156828 -12.0886
-0.0276732 0.029214 20.8556
-0.00732879 0.0116882 5.75379
0.000969916 0.0210959 -3.39563
0.00925944 0.0116325 -9.38529
0.0100288 0.00896784 -10.0493
0.00797555 -0.000572558 -6.41351
-0.00461153 0.00861202 3.81097
0.0115976 -0.00457433 -8.47666
0.0137108 -0.0038381 -11.167
0.0147555 -0.00736955 -12.6661
0.472935 0.0898903 -510.103
0.107312 -0.0365419 -95.1715
0.0103381 -0.000574911 -8.36495
0.221585 0.886565 -378.37
0 0.764422 -110.677
0 0.971239 -142.796
0 0.907134 -132.259
0.0196787 0.95165 -163.562
0 0.764422 -110.677
-0.0150227 0.0377171 12.0151
-0.0121898 -0.0391899 26.637
-0.0309821 0.0461903 11.6226
0.0264187 0.0576489 4.47397
0.0743252 0.0443853 3.18923
0 0 -1
-0.0619966 0.030016 22.1526
-0.143415 0.000289023 39.1788
-0.0675249 0.514304 -72.8345
0.00268164 0.128528 -11.5444
0.0101476 0.129944 -13.5358
0.00938273 0.115991 -10.7256
-0.0198234 0.0242686 19.4593
0.00304806 0.0877038 -3.24269
-0.0677697 0.0789576 19.6362
-0.0647114 0.0929839 14.2492
-0.0647114 0.0929839 14.2492
-0.0202647 0.594682 -33.5785
0.254021 0.0688975 -58.2681
-0.0794787 -0.0113402 87.3723
-0.110911 0.0371382 93.5139
-0.141947 0.0482073 105.406
-0.116277 0.0555465 86.7671
-0.048506 0.00905857 28.7063
-0.00665222 -0.00567518 6.60139
-0.0469192 0.0653652 18.3908
0.0213489 0.0296581 -1.76111
0.025807 0.0172938 -1.95436
-0.0105023 0.25443 -37.2081
0.00201452 0.286128 -51.7948
0.00226271 0.211147 -35.8387
-0.0247539 0.0724421 6.34575
-0.000496668 0.0559277 -7.62909
0.00320717 0.0191846 -3.18067
-0.00158426 0.024595 -0.898652
-0.00219309 0.0598943 -7.01551
-0.00985663 0.0755945 -3.37152
-0.00145003 0.0597022 -7.72943
0.0417311 0.070647 -44.0516
-0.0684295 0.0654041 49.2637
-0.0321181 0.0423566 21.6333
0.00943328 -0.00648073 -6.58012
0.237865 -0.184479 -187.364
0.00100469 0.011366 -0.103634
-0.00508588 0.0423315 -2.02092
0.0158783 -0.00251447 -13.7002
0.0136462 -0.00350927 -11.1242
0.0120446 0.00757688 -12.4774
0.00422543 -0.00783698 -0.278954
1.08397 -0.0352031 -1135.65
0.0135067 -0.00770911 -11.1796
-0.0167399 0.00819118 22.4012
0.181777 0.0554325 -206.21
0 0.108577 -11.194
0 0.108577 -11.194
0.377327 0.0582433 -441.827
0.357339 0.0202468 -410.916
0.0096303 -0.339736 78.5252
0 0 -1
0.312204 0.000622588 16.4199
0.0297197 0.124825 -7.23254
-0.0359528 0.148673 -5.83121
0.0135889 0.135292 -8.05997
-0.00946313 0.118822 -2.45235
-0.055726 0.103933 6.38794
-0.11992 0.120005 12.2877
-0.0620507 0.216016 -16.669
-0.0119891 0.203008 -23.729
0.0339373 0.168156 -26.8979
-0.0272304 0.0494768 16.035
0.00830238 0.0646256 -1.096
-0.0511423 0.108759 8.37838
-0.0849558 0.105812 18.9288
-0.0733496 0.100836 16.2663
-0.393934 0.224045 120.918
-0.0247883 0.0106303 30.1646
0.229726 0.0713694 -49.1815
-0.0177519 0.172481 31.5594
-0.23414 0.0267836 149.109
0.00343129 -0.0785563 57.2363
-0.0865142 0.0698243 69.1294
-0.0402204 0.254545 -22.9959
-0.0169156 0.213348 -26.7496
0.372098 0.220174 -237.968
0.0288605 0.0180681 -3.84812
0.0164227 0.0228675 2.48245
0.00388382 0.214505 -38.0308
0.0118754 0.258386 -52.4566
-0.00462166 0.248332 -39.7644
-0.0161921 0.212447 -25.5299
-0.0388704 0.280055 -23.5108
-0.0300318 0.296483 -32.816
-0.0348169 0.256797 -21.2851
-0.0168452 0.161462 -15.5921
-0.0277668 0.144889 -2.95578
0.0323597 0.135068 -49.3068
0.00633964 0.11346 -23.0371
-0.0766874 0.083738 54.0637
-0.101565 0.0833439 74.8047
-0.00595738 0.0547083 -3.22501
0.0119978 0.014028 -12.3335
-0.0118142 0.068577 -1.34324
0.00613592 0.0209925 -8.13121
-0.0137696 0.0538922 3.75298
-0.00980083 0.00633416 14.1704
0.00405901 0.0188408 -3.4833
-0.00835225 0.00802207 12.3488
0.0113861 -0.00477856 -9.16677
0.0144688 -0.00368129 -12.7014
0.00939235 -0.0125319 -4.99007
-0.00748461 0.00827192 11.2734
0 -0.0115503 4.71561
0.0110034 -0.0326369 -4.02006
0.00844594 -0.0326477 -1.14632
-0.139748 0.187414 154.724
-0.00955323 0.00653846 13.8405
-0.080815 0.671533 -134.209
0.320105 0.0132949 13.2677
0.30002 0.146087 -26.2424
-0.0580578 0.0598786 15.9634
-0.0328239 0.126258 -1.03772
-0.011918 0.162366 -11.2301
0.0474522 0.165685 -20.7425
0.0435101 -0.0172562 22.1317
-0.00540011 0.0772517 8.9749
0.55722 -0.444857 5.90158
0.04435 0.565825 -115.161
0.0497832 0.157087 -27.3533
-0.0826431 -0.426624 143.976
-0.171177 0.0251547 89.2932
-0.0591868 -0.337282 116.849
-0.046009 -0.23883 90.5833
-0.0184867 -0.27462 89.579
-0.0685385 0.0972732 68.5842
-0.0597276 0.101436 64.3862
0.334508 -0.335519 -9.85396
-0.245751 0.0522351 148.995
0.265426 -0.0493388 -68.0545
-0.0732499 0.152903 45.5252
-0.0593296 0.192692 0.809868
0.0137377 0.164834 -30.6873
0.0528044 0.10208 -37.158
0.0315091 0.00209264 -2.17003
0.00590961 0.0198739 8.97275
-0.0481168 0.0440844 36.1363
-0.0169226 0.280635 -37.5796
-0.0304923 0.31901 -37.5449
-0.024869 0.28123 -33.4266
-0.0412129 0.303714 -27.5537
-0.0479239 0.262974 -13.2995
-0.0170174 0.218302 -25.9988
-0.0440541 0.216521 -5.25343
-0.0605938 0.178065 16.3296
0.00372832 0.148736 -28.06
-0.0354412 0.0825567 19.1194
-0.0596026 0.101776 35.312
-0.0850259 0.117792 53.0748
-0.029182 0.103752 8.03668
-0.00903705 0.0607054 -0.455034
-0.0336116 0.0598096 21.6704
-0.0287197 0.102642 7.6593
-0.0158842 0.0474047 7.52478
-0.00754842 0.00863953 11.2695
0.0617481 0.0922998 -82.5231
-0.00973021 0.00619826 14.149
-0.00915361 0.00700355 13.2926
-0.00967757 0.00638713 14.0421
-0.0270988 0.100228 15.2235
-0.455743 -0.136254 552.534
-0.011252 -0.0768561 38.9066
0.00934884 -0.076816 14.9259
-0.00669407 -0.0771262 34.0017
0 -0.075624 25.5644
0.182031 0.249609 -194.898
-0.080815 0.671533 -134.209
0.305536 0.019466 12.4408
-2.89843 0.457667 103.513
-0.0608143 0.0474872 30.1078
-0.0240296 0.0449438 27.4544
-0.0186325 0.0307118 30.9466
-0.227355 0.0445003 54.2618
0.430853 0.0106493 -36.8837
-0.530457 0.0938683 96.4245
-0.0270708 0.0592758 6.99412
-0.159724 0.210169 12.275
-0.131005 0.208423 5.24277
-0.0824562 0.207562 -7.01545
-0.0101809 0.265476 -41.1147
-0.00820377 0.226147 -30.8392
-0.0263935 0.26179 -34.7046
-0.0134127 0.284888 -44.9893
0 0.0237116 14.0599
0.113945 0.252443 -49.1166
0.0860523 -0.148597 70.253
-0.058959 -2.55886 703.838
-0.305572 0.403802 62.3749
-0.137427 0.0223585 81.2524
-0.0292854 0.0832688 10.984
-0.0213154 0.0253058 21.1536
0.0440477 8.37032e-05 -8.17827
0.0332688 -0.0112882 0.0783725
0.0375758 -0.000792373 -5.0538
0.0469298 0.0312102 -18.5497
0.0657558 0.20787 -73.1123
0.0281182 0.271814 -63.743
-0.0355574 0.356268 -42.9961
-0.0596062 0.366124 -29.2276
-0.0787675 0.314502 -2.82216
-0.0845968 0.25024 17.2596
-0.0718792 0.208555 17.8044
-0.0867216 0.152079 42.8843
-0.0548188 0.0970131 30.9183
-0.0430747 0.0404982 34.9161
-0.00995061 0.016135 13.0707
-0.0466273 0.0402772 37.6068
-0.0578168 0.0967038 34.0978
-0.0149375 0.00906883 19.898
-0.0369055 0.122799 10.7213
0.122834 0.00228257 -96.8708
0.116387 0.0219991 -95.3389
-0.0387811 0.0894813 20.1192
0.00446565 -0.684906 180.212
0.00446565 -0.684906 180.212
0.308132 -0.0596801 -288.752
0.0520264 -0.112045 -6.83255
0.030407 -0.102779 14.6727
0.146974 0.111587 -158.745
0.295802 -0.00170278 -302.959
0.114424 0.00398939 -93.8367
0.0138401 -0.286253 99.6462
0.0156409 -0.354711 81.8145
0.0797285 0.0214054 -15.9986
-0.0329609 -0.0309763 22.5413
-0.0333187 -0.030369 22.39
-0.0724283 0.0469135 31.4411
-0.0723792 0.0119513 40.2961
-0.0185812 0.0468466 26.3429
-0.0379102 0.040986 30.4823
-0.0934419 0.1194 15.6431
-0.0794696 0.18718 -5.57231
-0.0408653 0.236036 -25.4316
-0.0018927 0.244014 -35.2663
-0.0224718 0.14166 -1.84632
-0.105102 0.204612 0.673833
-0.0557236 0.255368 -25.4628
-0.0130059 0.276981 -43.9226
-0.00572314 0.262549 -41.6554
-0.00399281 0.272228 -44.9186
-0.00673913 0.285817 -47.8063
-0.0123807 0.287332 -45.7823
0.410142 0.108615 -163.633
-0.137204 0.143662 50.747
-0.0879054 0.162385 13.2933
-0.143997 0.00115032 90.2456
-0.190801 0.00204313 112.112
0.0170831 0.0544718 -5.87106
0.0518791 0.374538 -108.229
0.0280853 -0.047614 12.1902
-0.424493 0.0198084 247.166
0.0496393 -0.0219679 -6.7496
0.0617199 0.00920839 -22.2089
0.0658799 -0.931083 249.428
0.0361892 0.273712 -69.3604
0.00641462 0.30187 -56.9428
0.00534348 0.345034 -67.921
-0.200767 0.318626 85.059
-0.139737 0.198622 72.2844
-0.13771 0.179288 75.7291
-0.146597 0.144283 92.1971
-0.1398 0.112228 95.276
-0.0848669 0.0324335 71.2544
-0.0533341 0.0922927 31.5503
-0.00616845 0.186816 -35.0173
-0.0459918 0.0933091 24.5908
-0.0643558 0.0472395 53.6912
-0.00872107 0.00733202 12.7672
0.0197017 0.253325 -76.9465
-0.0141922 0.403555 -84.4138
-0.0229005 0.477543 -95.8867
0 0 -1
-0.0803627 0.147041 77.5415
-0.0822538 0.126053 85.299
0.0278065 -0.0966238 15.9341
0.025325 -0.0942578 18.0589
0.255155 -0.0102571 -264.616
-0.0628404 -0.0798576 115.957
0.0180208 -0.0361569 9.6747
0.0223566 -0.0832339 17.8576
-0.233073 0.216797 243.809
0 0.166552 -24.3736
-0.0328708 -0.0309996 22.544
-0.0327339 -0.0304174 22.3674
0.544234 -0.0971615 48.189
-0.0729287 0.0298303 44.6831
0.00740027 0.161437 -9.07324
-0.0276075 0.125713 5.33329
-0.0567696 0.19042 -9.44374
-0.0565142 0.196769 -11.7065
-0.0410012 0.216052 -19.5514
-0.0466426 0.209982 -16.9239
-0.0243115 0.188099 -15.3302
-0.0132218 0.224425 -28.2252
-0.00841009 0.294312 -49.2394
-0.00130001 0.272321 -44.9733
0.0142407 0.278117 -51.5167
-0.0156887 0.265203 -38.1774
-0.0205128 0.286313 -42.0057
-0.0326687 0.293838 -40.3739
0.273924 -0.000170359 -78.0496
-0.123197 0.131756 48.2227
-0.0298321 0.0145105 29.6248
-0.0988775 0.0106354 66.3824
-0.112329 0.0169768 71.0754
0 0.807083 -207.556
0.0302792 0.0869875 -15.1663
0.0453783 -0.0423887 1.17226
0.0476267 -0.0462206 1.11747
0.184114 -0.0912851 -34.4483
0.0422195 0.266078 -71.3298
0.0421993 0.265951 -71.281
0.0467435 0.254285 -70.9069
0.0593726 0.268218 -83.3813
0.050364 0.298429 -85.9527
0.0217971 0.332105 -75.2809
-0.145951 0.197313 76.8623
-0.154956 0.183709 87.6713
-0.163464 0.158258 101.504
-0.183444 0.125193 127.256
-0.213236 0.0933168 160.568
-0.0657208 0.095241 41.2998
-0.0216741 0.0937936 9.52156
0.0174428 0.109639 -30.1678
0.0174428 0.109639 -30.1678
0.0174428 0.109639 -30.1678
0.0564636 0.259707 -113.87
0.0441928 0.225093 -91.6688
0.0321397 0.231973 -81.7752
0.00170512 0.0840551 -8.21236
0.0275488 0.0131025 9.05661
0.121644 0.167241 -133.655
0.0284506 -0.0936901 14.4432
0.0253072 -0.0906178 17.0798
0.0198198 -0.0863232 22.0291
-0.0701608 -0.069188 121.419
-0.0715785 -0.0812263 126.391
0.0257995 -0.00663099 -7.62104
0.839425 -0.0289627 -984.97
-0.0329903 0.152307 13.9614
0.0343316 -0.0217032 5.64496
0.0346186 0.158365 -8.12803
0.0226446 0.159936 -7.89116
-0.000231723 0.190379 -16.5984
0.00698952 0.184807 -15.7655
-0.0263902 0.17389 -8.28749
-0.0322399 0.207411 -18.581
-0.0291503 0.241228 -30.1129
-0.029971 0.24709 -32.2316
-0.0348542 0.247676 -30.7126
-0.0180654 0.25064 -35.5885
-0.0128947 0.266652 -40.8857
-0.124617 0.404897 -56.2825
-0.0222225 0.234731 -27.0758
-0.00815038 0.24421 -34.4033
0.00399 0.207972 -27.1558
0.102219 0.389577 -122.327
-0.0488659 -0.190274 112.014
0.214844 0.244792 -119.495
-0.0569651 -0.245852 151.287
0.0363084 -0.0113974 34.3055
0.0398463 -0.00984616 32.1872
0.00563049 0.601337 -149.421
-0.00424835 0.31595 -57.9386
-0.00412219 0.320955 -59.4358
-0.065518 0.300417 -16.3584
-0.0643781 0.312387 -21.0943
0.237827 -0.0674343 -73.6329
0.184342 -0.091464 -34.5237
0.0217665 0.273477 -60.5975
0.0270447 0.263901 -61.1348
0.0654354 0.258049 -85.4279
0.0977501 0.230636 -98.7104
0.0724219 0.276672 -95.3335
0.0933212 0.218625 -91.6879
0.0717562 0.205143 -71.0103
0 0 -1
-0.212641 0.111166 154.941
0.00534279 0.242551 -30.9199
-0.0228346 0.246081 -8.38198
0.00865604 0.358898 -73.4446
0.00777385 0.356812 -71.9726
0.00779495 0.357068 -72.0713
0.00420861 0.334355 -60.1316
0.00345962 0.337668 -62.1281
0.00432136 0.334101 -61.8371
0.00421149 0.332337 -61.1745
0.0124772 0.392036 -89.7851
0.0137705 0.391999 -91.1228
0.0110868 0.387366 -86.8126
-0.0039867 0.383567 -69.216
-0.0039858 0.383396 -69.1631
-0.00402645 0.383207 -69.058
-0.00406318 0.383095 -68.9808
0.010656 0.0391974 54.6128
0.00985666 0.0352111 56.8522
0 -0.000594429 46.6289
-0.477796 -0.295412 741.569
0.0343316 -0.0217032 5.64496
0.0335474 0.173234 -13.0521
0.0354187 0.173169 -13.1716
0.00593761 0.200812 -21.1824
0.0232655 0.243819 -36.9845
-0.00158487 0.213583 -24.9477
-0.0104798 0.224574 -26.9655
-0.0130446 0.240924 -31.8704
-0.0225354 0.241869 -30.6245
0.0126981 0.225111 -33.7781
0.0153105 0.295434 -57.3761
0.0386435 0.304654 -65.368
-0.11606 -0.342001 184.937
0.0558781 0.0630858 4.53106
0.0655525 0.20207 -44.4873
0.0406689 0.289601 -66.196
0.043247 0.363134 -92.0653
0.0682876 0.332851 -91.6052
-0.258422 -0.102946 187.066
0.195935 -0.0373698 -21.4678
-0.0484069 0.157168 17.6243
0.0344471 -0.166447 90.0502
-0.0732495 0.311448 -22.7511
0 -0.0457135 56.7742
-0.0187176 0.452952 -96.9616
-0.069014 0.302922 -15.3707
-0.0597021 0.308093 -22.3733
-0.0369336 0.300701 -33.2767
-0.0115224 0.291001 -45.3042
0.00662262 0.285241 -54.7289
0.0215563 0.283335 -63.7919
0.0426229 0.285593 -78.7264
0.0710056 0.263297 -91.0533
0.0992425 0.241311 -103.525
0.0714802 0.254744 -87.4378
0.0572895 0.209192 -61.2471
0.0442314 0.209488 -51.0372
0.0176423 0.225462 -35.2799
0.0072141 0.241761 -32.206
0 0.572084 -136.464
0.00538951 0.2425 -30.93
0.00538951 0.2425 -30.93
0.0178003 0.374628 -86.6778
0.0024833 0.337479 -61.1346
0.00197557 0.336878 -60.4536
0.00193698 0.334184 -59.5216
0.00231219 0.332649 -59.3783
0.0120079 0.392257 -89.3703
0.0112889 0.392011 -88.5345
0.00763328 0.388259 -83.4086
-0.00409732 0.383532 -69.084
-0.00413325 0.383382 -68.9944
-0.0041631 0.383216 -68.9059
-0.00414232 0.383121 -68.8979
-0.0743688 -0.0244095 119.003
-0.0837509 0.00223592 120.974
-0.0644336 -0.037411 111.281
-0.170431 0.0354953 217.945
0.0343316 -0.0217032 5.64496
0.0484811 0.203625 -24.0671
0.0355474 0.244949 -38.2618
0.0477192 0.305642 -60.0008
0.0329121 0.299554 -56.3911
-0.00618386 0.264029 -40.3646
-0.0191044 0.282939 -46.2303
-0.0237289 0.249055 -33.2139
-0.0196998 0.229649 -27.8844
0.0113402 0.26255 -45.0706
0.0375985 0.295743 -62.2715
0.0662136 0.304361 -72.0664
0.0838078 0.312847 -79.4458
0.148957 0.127416 -45.9614
-0.0703433 0.177361 13.4652
-0.0017215 0.350597 -72.3252
0.0211332 0.328952 -72.6173
0.0398399 0.328438 -79.1013
0 -0.014818 61.0603
0.00808649 -0.0232299 60.6876
0 -0.014818 61.0603
-0.00637985 -0.0162241 64.5316
0.0170411 -0.018236 53.9308
-0.00588904 -0.014402 63.8702
0 -0.014818 61.0603
-0.00842152 -0.481478 236.861
-0.121853 0.076697 113.434
-0.120912 0.0650228 117.344
-0.0100661 0.286856 -44.7487
0.00536535 0.288016 -54.8297
0.0263 0.29409 -70.559
0.0491941 0.301492 -88.538
0.0725551 0.304152 -105.596
0.0716502 0.297707 -102.275
0.0514141 0.251811 -71.3479
0.047055 0.219468 -57.2383
0.0138983 0.184619 -18.3947
0.0570656 0.20124 -64.37
-0.154848 0.198613 110.476
-0.188854 0.197423 150.399
-0.0058182 0.323542 -84.6434
-0.0058182 0.323542 -84.6434
0 -0.0667411 35.2018
-0.00341644 0.305157 -80.1927
-0.00341644 0.305157 -80.1927
0.112553 0.0898164 -132.054
0.105337 0.103983 -130.022
0.0939813 0.101612 -117.836
0 -0.409269 164.197
0 0.302316 -82.4759
-0.032654 -0.462195 220.265
-0.032654 -0.462195 220.265
-0.032654 -0.462195 220.265
-0.032654 -0.462195 220.265
-0.0801576 0.0227726 109.644
0.0286458 0.077474 -1.95898
-0.0898972 0.00815709 126.175
0.119785 -0.0164578 -86.1335
0.0343316 -0.0217032 5.64496
0.0343316 -0.0217032 5.64496
0.0529207 0.256671 -43.0119
0.0548278 0.284328 -53.0161
0.015626 0.309027 -58.4888
-0.0200391 0.327655 -61.0286
-0.0267375 0.324356 -59.3735
-0.051189 0.292936 -44.1427
-0.0173598 0.262773 -39.2895
0.0318289 0.309566 -65.6609
0.0368191 0.317803 -69.6766
0.0583745 0.318048 -74.7983
0.027561 0.2973 -58.7651
-0.0720803 0.216459 -0.211592
-0.0665989 0.26372 -19.2839
-0.027131 0.263536 -32.5115
0.0148692 0.314622 -65.2799
0.0264823 0.30418 -65.5203
0.0349124 -0.454305 208.043
-0.0250132 -0.481548 242.665
-0.0302105 -0.463852 239.159
-0.00901766 -0.482282 236.698
0 -0.541574 254.337
-0.0274336 -0.47905 245.035
0.0261188 -0.509348 228.915
-0.00842152 -0.481478 236.861
-0.12053 0.0803182 111.396
-0.122693 0.0811173 112.419
0.135858 0.091879 -47.9094
0.0276141 0.284066 -67.6043
0.0358229 0.301989 -79.6161
0.0510964 0.310897 -93.1489
0.0641707 0.307934 -101.04
0.0669313 0.295289 -98.2485
0.0321585 0.263736 -61.2214
0.01364 0.228133 -34.6485
0.0262082 0.200257 -33.9897
0.0192133 0.167524 -16.4881
0.00804905 0.0845938 23.441
0.00384063 0.0683811 32.7845
-0.00565984 0.136909 9.36074
-0.00565984 0.136909 9.36074
-0.00530085 0.213638 -19.0098
-0.00509217 0.214599 -19.5636
-0.00418755 0.217064 -21.3395
-0.00272344 0.218407 -23.2589
-0.00135508 0.218217 -24.5444
0.000138613 0.185389 -13.9499
0.000269331 0.182373 -12.9752
0.000615003 0.175197 -10.6907
0.00107334 0.15625 -4.1681
0.0019845 0.134113 3.02935
0.00300897 0.10893 11.2117
0.00367542 0.0810128 20.796
0.00373872 0.0508373 31.9044
0.00351005 0.0186668 44.0933
0.00242572 -0.00630013 54.6333
0.113131 -0.023914 -75.2199
