2 116 0
2 3 3
3 4 3
4 5 3
5 6 3
6 8 1
8 9 3
9 10 3
10 11 3
11 12 3
12 13 3
13 14 3
14 15 3
15 16 3
16 75 3
18 75 3
18 19 3
19 20 3
20 21 1
21 22 0
22 23 3
23 24 0
24 25 3
25 26 3
26 86 0
85 86 3
29 86 0
29 31 3
31 32 3
32 33 3
33 34 3
34 35 3
35 95 3
38 95 3
38 39 3
39 40 3
40 41 3
41 42 3
42 43 3
43 48 0
48 455 3
450 455 3
55 450 3
48 102 3
43 101 3
95 151 3
48 101 3
26 85 0
18 76 3
31 88 3
29 88 3
11 69 3
84 85 3
41 99 3
42 99 3
42 101 3
26 84 0
55 57 3
75 76 3
25 84 0
6 65 3
450 451 3
2 59 3
14 72 3
57 450 3
31 89 3
32 89 3
6 66 3
8 66 0
10 68 3
11 70 3
12 70 3
12 71 3
13 71 3
18 77 3
19 77 3
21 79 2
22 79 0
35 93 3
93 95 3
38 97 3
39 97 3
42 100 3
101 102 3
57 451 3
59 116 0
3 62 3
4 62 3
9 66 0
10 69 3
13 72 3
15 72 3
20 79 3
23 81 0
24 82 3
25 83 3
86 87 3
29 87 3
38 96 3
40 98 3
40 99 3
100 101 3
5 63 3
65 66 3
9 68 3
71 72 3
15 73 3
81 82 3
82 83 3
87 146 3
88 89 3
32 90 3
33 90 3
96 97 3
40 97 3
98 99 3
99 100 3
3 59 3
5 62 3
6 63 3
66 68 1
70 71 3
72 73 3
19 78 3
20 78 3
33 92 3
34 92 3
69 70 3
76 77 3
83 84 0
97 98 3
6 121 3
68 69 3
78 79 3
22 81 0
35 92 3
77 78 3
89 90 3
90 92 3
93 151 3
170 451 3
62 63 3
65 121 3
16 73 3
86 146 3
79 138 0
79 81 0
81 138 1
92 93 3
63 121 3
87 88 3
16 132 3
84 142 3
3 120 3
62 120 3
73 132 3
75 132 3
85 142 3
57 170 3
95 96 3
57 289 3
59 120 3
121 122 3
59 119 0
119 120 1
65 122 3
66 125 1
68 125 3
86 142 3
65 124 3
66 124 3
95 153 3
48 335 3
59 118 0
151 153 3
48 450 3
118 119 0
141 142 3
142 146 3
92 149 3
96 153 3
102 160 3
59 175 0
72 131 3
138 139 0
81 139 3
84 141 3
90 149 3
116 175 3
65 123 3
68 185 3
69 127 3
70 128 3
71 129 3
72 129 3
78 136 0
82 140 3
83 140 3
97 155 3
335 450 3
122 123 3
124 125 3
125 185 3
68 127 3
70 129 3
83 141 3
142 144 3
90 205 3
96 154 3
98 155 3
98 156 3
99 157 3
63 120 3
128 129 3
73 131 3
96 155 3
156 157 3
100 157 3
102 161 3
70 127 3
76 134 3
77 135 2
78 135 2
82 139 3
89 147 3
90 147 3
149 205 3
153 154 3
155 156 3
101 159 3
160 161 3
127 185 3
76 132 3
77 134 3
79 136 0
136 138 3
88 147 3
48 161 3
123 124 3
131 132 3
132 134 3
134 135 3
154 155 3
100 159 3
170 289 3
140 141 3
147 205 3
93 149 3
120 121 3
134 190 3
135 136 3
205 207 3
149 207 3
161 335 3
127 128 3
132 190 3
139 140 3
93 208 3
101 160 3
149 208 3
93 209 3
157 159 3
159 160 3
118 175 3
146 203 3
208 209 3
88 146 3
207 208 3
157 216 3
141 144 3
142 203 3
146 147 3
151 209 3
159 216 3
72 188 3
131 188 1
134 192 3
125 183 3
136 195 3
138 195 3
228 451 3
183 185 3
129 188 3
132 189 3
190 249 3
144 202 3
142 202 3
146 204 3
147 204 3
151 210 3
153 210 3
170 228 3
123 181 3
131 189 3
134 249 3
138 196 0
159 217 3
160 217 3
120 179 3
121 179 3
144 200 3
228 289 3
120 178 0
124 181 3
124 183 3
195 196 3
139 196 3
202 203 3
155 214 3
156 214 3
119 178 0
121 180 3
122 180 3
189 190 3
200 202 3
203 204 3
153 211 3
154 211 3
160 218 3
178 179 1
123 180 3
128 187 3
129 187 3
135 192 2
141 200 3
210 211 3
154 212 3
154 213 3
155 213 3
157 215 3
216 217 3
161 218 3
179 180 3
183 242 3
139 197 3
140 197 3
212 213 3
214 215 3
217 218 3
185 242 3
128 185 3
187 188 3
136 194 3
141 199 3
211 212 3
213 214 3
215 216 3
188 189 3
135 194 3
196 197 3
199 200 3
204 205 3
209 210 3
180 181 3
181 182 0
124 182 0
182 183 1
192 249 3
140 199 3
161 219 3
218 219 3
175 232 1
128 186 3
194 195 3
228 399 3
175 233 3
118 233 3
186 187 3
199 315 3
185 186 3
189 246 0
205 264 3
207 264 3
227 228 0
399 450 3
229 289 0
188 246 0
194 251 3
197 199 3
227 451 0
192 194 2
197 315 3
219 335 3
228 229 1
233 234 3
118 234 3
192 251 2
204 263 3
227 399 0
205 263 3
229 399 0
189 247 2
190 247 2
209 267 3
210 267 3
227 450 0
208 267 3
211 269 3
212 269 3
217 275 3
218 275 3
186 245 3
197 255 3
203 261 3
219 278 3
232 233 0
187 245 3
213 271 3
278 335 3
118 178 3
179 237 0
246 247 3
204 261 3
212 271 3
214 271 3
215 273 3
216 274 3
180 238 1
181 238 1
190 248 3
255 315 3
199 258 3
202 259 3
207 265 3
208 265 3
208 266 3
210 268 3
212 270 3
214 272 3
214 273 3
215 274 3
216 275 3
218 276 3
219 276 3
178 237 3
237 238 1
196 255 3
200 259 3
202 260 3
264 265 3
266 267 3
267 268 3
268 269 3
270 271 3
275 276 3
178 236 3
247 248 3
200 258 3
259 260 3
203 260 3
269 270 3
271 272 3
272 273 3
273 274 3
274 275 3
219 277 3
183 241 0
262 263 3
263 264 3
276 277 3
277 278 3
289 399 3
182 241 3
188 245 3
248 249 3
194 196 3
258 259 3
265 266 3
186 242 3
236 237 3
255 312 3
118 236 3
241 242 1
260 261 3
251 310 0
194 253 3
196 253 3
196 312 3
232 290 0
249 251 2
258 315 3
204 262 3
238 297 0
181 297 0
245 246 0
238 296 0
182 297 3
241 298 3
245 301 0
251 253 2
242 301 0
186 301 0
289 347 3
253 310 3
347 399 3
234 292 3
241 297 3
263 321 3
264 321 3
118 292 3
275 334 3
276 334 3
246 302 0
232 291 0
245 302 0
253 312 3
261 262 3
343 399 0
233 291 3
118 293 3
297 298 3
241 300 3
242 300 0
248 302 0
265 323 3
275 333 3
277 335 3
290 291 3
236 293 3
302 309 3
249 302 0
264 323 3
266 323 3
273 332 3
274 332 3
333 334 3
301 302 3
247 302 0
262 378 3
264 322 3
266 324 3
267 325 3
268 326 3
269 327 3
270 328 3
271 329 3
272 329 3
272 330 3
273 331 3
301 309 3
310 428 3
259 374 3
262 321 3
322 323 3
323 324 3
324 325 3
325 326 3
326 327 3
327 328 3
328 329 3
330 331 3
331 332 3
332 333 3
334 335 3
237 296 0
251 428 0
258 374 3
321 322 3
233 292 3
258 316 3
316 374 3
259 318 3
260 318 3
329 330 3
237 295 1
296 297 3
315 316 3
300 301 3
261 318 3
291 292 3
236 295 1
295 296 0
261 319 3
450 565 3
296 354 1
318 319 3
253 372 3
318 374 3
345 399 3
262 319 3
345 347 3
301 359 3
249 428 0
335 394 3
309 359 3
302 428 3
253 428 3
399 565 3
309 364 1
302 364 1
297 355 3
255 371 3
321 378 3
293 351 1
236 351 1
295 354 3
298 355 3
241 357 3
309 594 3
302 365 1
394 450 3
298 357 3
300 357 3
309 365 1
372 428 3
319 378 3
118 351 1
295 351 2
369 428 0
291 348 3
298 356 3
312 372 3
290 348 3
315 371 3
378 379 3
321 379 3
329 388 3
330 388 3
565 578 3
365 428 0
333 391 3
334 391 3
399 578 3
345 578 3
296 355 3
356 357 3
300 358 3
301 358 3
322 380 3
325 384 3
326 384 3
327 384 3
332 390 3
334 393 3
335 393 3
347 565 3
355 356 3
368 428 0
368 369 3
321 380 3
323 381 3
324 382 3
325 383 3
327 385 3
331 390 3
333 390 3
345 565 3
292 351 1
380 381 3
381 382 3
382 383 3
328 385 3
328 388 3
351 352 2
295 352 3
358 359 3
316 371 3
374 432 3
318 432 3
318 376 3
319 376 3
379 380 3
383 384 3
393 394 3
357 358 3
312 371 3
384 385 3
328 386 3
331 388 3
292 350 1
350 351 0
376 432 3
352 354 3
386 444 3
386 388 3
390 391 3
371 372 3
385 386 3
424 428 0
319 434 3
348 407 1
291 407 1
426 428 0
376 434 3
378 434 3
378 436 3
385 444 3
391 393 3
292 407 1
354 355 0
355 413 3
365 424 3
386 445 3
388 445 3
388 389 3
331 389 3
389 390 3
350 407 3
352 411 3
354 413 0
368 426 3
354 411 3
359 418 1
459 565 0
348 406 1
459 578 0
406 407 3
309 418 1
309 422 1
393 507 3
356 413 3
365 423 3
316 373 3
378 437 3
379 437 3
391 507 3
371 373 3
373 374 3
354 412 3
434 436 1
436 437 3
445 446 3
411 412 3
359 417 3
309 423 1
423 424 3
372 373 3
388 446 3
413 470 1
358 417 3
424 425 1
434 492 3
381 439 3
382 439 3
384 442 3
385 442 3
412 413 0
357 415 3
358 415 3
436 492 0
389 447 3
358 416 3
425 428 0
379 438 3
380 438 3
380 439 3
382 441 3
383 441 3
385 443 3
443 444 3
390 447 3
352 467 3
441 442 3
351 467 3
411 467 3
416 417 3
417 418 1
418 476 0
309 476 1
373 432 3
442 443 3
389 446 3
412 470 3
390 449 3
391 449 3
356 414 3
382 440 3
400 578 3
350 466 0
357 414 3
437 438 3
438 439 3
439 440 3
440 441 3
446 447 3
413 414 3
428 485 1
313 428 3
313 372 3
407 466 0
351 466 3
415 416 3
313 485 1
466 467 3
422 594 0
372 487 3
390 505 3
447 505 3
449 505 3
426 485 2
437 495 3
394 507 3
436 495 3
415 473 1
313 487 3
414 415 3
416 473 1
432 434 3
443 501 3
444 501 3
449 507 3
423 481 3
424 482 3
309 481 1
423 482 3
445 504 3
446 504 3
406 464 0
407 465 0
425 483 2
445 503 3
446 505 3
407 464 0
411 469 3
492 550 2
438 496 3
444 503 3
386 503 3
507 563 3
394 563 3
465 466 3
467 469 3
412 469 3
422 481 0
432 492 3
437 496 3
495 496 3
439 496 3
439 497 3
440 497 3
442 501 3
464 465 3
481 482 3
441 499 3
442 499 3
442 500 3
505 507 3
469 470 3
417 475 1
422 537 0
424 483 3
426 484 3
496 497 3
440 498 3
440 499 3
503 504 3
466 524 3
414 472 2
416 475 1
476 594 0
537 594 0
499 500 3
504 505 3
413 472 2
415 472 2
418 475 3
475 476 0
436 494 3
497 498 3
501 503 3
425 426 2
484 485 2
313 486 1
492 551 2
492 494 1
494 495 3
517 565 0
422 538 0
425 484 2
494 551 0
498 499 3
535 594 0
481 538 0
372 546 2
500 501 3
472 473 1
416 474 1
537 538 3
467 526 3
469 526 3
470 472 0
473 474 3
474 475 2
482 483 3
546 547 2
485 486 0
432 548 1
432 549 1
492 549 1
505 562 3
372 547 1
373 547 1
504 562 3
492 608 1
450 563 2
432 547 1
501 559 3
464 522 3
464 523 3
467 525 3
483 484 3
487 546 2
549 608 3
550 608 1
500 559 3
522 523 3
465 523 3
503 561 3
563 564 3
466 525 3
481 539 2
484 542 3
494 554 3
495 554 3
505 564 3
507 564 3
466 523 3
472 531 2
473 531 3
538 539 1
482 539 2
485 542 2
562 564 3
523 524 3
469 527 3
470 528 3
472 529 2
485 543 0
563 565 3
524 525 3
526 527 3
470 527 3
470 529 2
550 551 3
527 528 3
476 534 3
536 594 0
483 542 3
496 555 3
497 555 3
500 558 3
474 531 3
475 533 3
482 540 1
542 543 0
498 557 3
499 557 3
499 558 3
472 530 3
476 533 1
534 594 0
536 537 3
539 540 3
483 541 1
313 543 1
547 548 2
525 526 3
540 541 2
541 542 0
548 549 3
496 554 3
501 561 3
565 691 1
524 582 3
528 529 3
533 534 0
554 555 3
557 558 3
529 530 3
313 601 0
487 545 2
498 555 3
504 561 3
561 562 3
530 531 3
543 601 0
313 545 2
545 546 3
508 563 3
474 532 2
475 532 2
552 554 3
554 612 3
494 552 3
555 612 3
558 559 3
532 533 3
555 557 3
554 611 3
611 612 3
550 609 3
523 582 0
551 609 3
551 552 3
531 532 3
552 611 3
555 614 3
557 614 3
501 619 3
528 586 3
531 589 1
534 535 3
537 595 1
538 595 1
601 602 1
561 619 3
527 586 3
529 586 3
313 602 1
613 614 3
559 618 3
501 618 3
530 589 3
539 596 0
555 613 3
558 615 3
529 588 3
538 596 1
539 597 0
540 597 3
545 603 3
557 615 3
530 588 3
532 590 1
533 592 1
534 592 1
534 593 1
593 594 0
542 600 3
543 600 1
548 606 3
618 619 3
535 593 1
547 606 2
549 606 3
549 607 3
607 608 3
551 610 3
525 583 3
532 589 3
532 592 1
608 609 2
552 610 3
612 613 3
522 580 0
524 583 3
526 584 3
527 585 3
529 587 3
588 589 3
590 592 1
594 595 1
540 598 2
541 599 0
313 603 1
545 604 3
547 604 2
614 615 3
558 618 3
562 619 3
562 620 3
523 580 0
583 584 3
584 585 3
586 587 3
587 588 3
592 593 3
595 596 3
596 597 1
597 598 0
598 599 3
541 600 0
546 604 3
606 607 3
564 620 3
585 586 3
600 601 0
602 603 0
580 581 1
523 581 3
581 582 0
599 600 0
603 604 3
610 611 3
619 620 3
582 583 2
589 590 1
563 623 3
604 606 3
564 623 3
508 623 2
508 574 3
574 687 1
609 610 3
508 681 2
589 647 3
508 565 3
590 647 0
586 644 3
587 644 3
618 676 3
623 681 3
590 649 1
592 650 3
594 652 1
603 661 3
606 663 3
610 668 3
618 675 3
508 509 3
585 644 3
590 648 1
593 650 3
593 652 3
595 652 3
602 661 3
604 662 2
606 664 3
558 675 3
675 676 3
592 649 3
604 661 3
604 663 2
607 664 3
608 667 2
558 674 3
585 643 3
587 646 3
588 646 3
647 648 1
663 664 3
609 667 3
609 668 3
611 669 1
615 674 3
574 686 1
581 639 1
584 643 3
599 658 1
600 658 1
601 659 2
610 669 3
619 676 3
574 685 1
565 579 3
582 639 1
583 641 1
584 641 1
600 659 0
661 662 3
607 666 3
608 666 3
674 675 3
619 677 3
685 686 1
580 639 1
582 640 1
584 642 1
589 646 3
593 651 3
595 653 3
596 654 3
597 655 0
598 657 2
599 657 2
662 663 3
607 665 3
666 667 1
612 670 1
613 672 3
614 672 3
620 677 3
513 564 3
564 681 3
580 638 1
639 640 3
640 641 3
641 642 3
642 643 0
649 650 3
650 651 3
651 652 3
652 653 3
653 654 3
654 655 3
598 655 0
664 665 3
665 666 3
667 668 3
669 670 0
613 670 1
613 671 3
615 672 3
615 673 3
676 677 3
513 681 3
686 687 0
638 639 3
646 647 3
598 656 0
658 659 0
602 660 3
672 673 3
513 620 3
574 688 1
565 574 3
579 695 1
643 644 3
655 656 3
656 657 1
657 658 1
601 660 2
660 661 3
670 671 1
671 672 3
509 681 3
574 689 1
673 674 3
688 689 2
620 736 3
691 692 1
643 701 3
648 649 0
668 669 3
565 692 1
642 701 3
513 736 3
659 660 3
677 736 3
509 513 3
644 646 3
644 703 3
646 703 3
565 750 1
579 694 1
694 695 1
643 702 3
644 702 3
648 706 0
692 750 3
676 734 3
513 737 3
695 753 0
649 706 2
677 734 3
736 737 3
694 753 0
579 753 1
647 705 3
661 719 3
675 734 3
579 750 1
660 719 3
669 727 3
673 732 3
674 732 3
571 574 3
565 572 3
646 705 3
659 716 2
659 717 3
660 717 3
662 719 3
668 727 3
675 732 3
572 574 3
638 696 3
639 697 3
640 698 3
641 699 3
642 700 3
646 704 3
647 706 0
650 709 0
651 709 0
652 710 0
660 718 3
662 720 3
663 721 3
664 722 3
665 723 3
666 724 3
667 725 1
668 725 1
669 728 3
670 728 1
671 729 3
672 730 3
673 731 3
675 733 3
572 750 1
696 697 3
697 698 3
698 699 3
699 700 3
700 701 3
702 703 3
704 705 3
650 708 2
709 710 1
653 710 0
653 711 3
717 718 3
718 719 3
719 720 3
720 721 3
721 722 3
722 723 3
723 724 3
724 725 1
728 729 0
729 730 3
730 731 3
731 732 3
733 734 3
701 702 3
703 704 3
649 708 3
708 709 0
710 711 1
658 716 0
732 733 3
677 735 3
694 752 0
705 706 3
657 716 0
716 717 2
734 735 3
735 736 3
579 752 1
654 711 3
656 714 0
657 714 0
657 715 0
654 712 0
655 712 0
655 713 0
655 714 0
714 715 2
715 716 2
752 753 0
711 712 0
713 714 3
706 708 3
712 713 3
725 727 0
727 728 3
725 784 0
727 784 3
705 763 3
717 775 3
718 775 3
732 790 3
706 765 3
708 765 3
731 790 3
702 760 3
699 756 3
700 758 3
703 761 3
706 763 3
706 764 3
716 775 3
698 756 3
703 760 3
705 762 3
764 765 3
701 760 3
760 761 3
704 761 3
704 762 3
762 763 3
710 769 1
711 769 1
696 754 3
697 755 3
699 757 3
700 757 3
701 758 3
709 767 1
710 768 1
712 770 1
713 771 1
714 772 1
716 774 2
718 776 3
720 778 1
721 779 3
722 780 3
723 781 3
724 782 3
725 783 0
728 787 3
729 787 1
730 788 1
731 789 3
733 791 3
734 792 3
735 793 3
736 794 3
737 794 3
737 970 3
509 574 3
754 755 3
755 756 3
757 758 3
708 767 3
767 768 3
768 769 1
769 770 1
770 771 1
771 772 1
715 772 1
715 774 2
774 775 3
719 776 1
719 777 1
778 779 0
779 780 3
780 781 3
781 782 3
782 783 1
727 843 3
727 786 3
787 788 3
788 789 0
789 790 3
790 791 3
791 792 3
792 793 3
793 794 3
513 970 3
756 757 3
763 764 3
720 777 1
783 784 3
728 786 3
761 762 3
776 777 3
513 574 3
775 776 3
784 843 3
758 760 3
708 766 3
777 778 3
794 970 3
765 766 3
766 767 3
786 843 3
786 787 3
579 633 3
772 774 0
512 513 3
633 750 1
772 831 3
512 970 3
774 831 1
512 574 3
760 818 3
761 818 3
764 821 2
763 821 3
772 830 3
830 831 0
572 633 3
786 844 3
758 816 3
760 817 3
818 819 3
761 819 3
843 844 3
787 844 3
794 852 1
852 970 0
760 816 3
769 827 1
757 873 3
758 873 3
816 817 3
817 818 3
762 819 3
764 822 0
765 823 3
767 825 3
770 827 0
776 834 3
784 842 3
633 868 1
755 813 3
762 820 3
762 821 3
821 822 0
764 823 3
766 823 3
766 825 3
768 826 0
770 828 0
770 829 1
771 829 1
771 830 1
775 834 3
777 834 3
777 835 3
778 835 3
783 841 3
842 843 3
579 868 1
754 812 3
756 813 3
819 820 3
768 827 0
829 830 3
774 832 3
775 833 3
778 836 3
779 837 1
780 838 1
781 839 1
782 840 1
782 841 1
784 841 3
788 846 3
789 847 1
790 848 1
791 849 1
792 850 1
793 851 1
812 813 3
825 826 2
826 827 2
828 829 2
832 833 3
833 834 3
835 836 3
836 837 3
837 838 3
838 839 3
839 840 3
840 841 3
841 842 3
844 903 3
787 903 3
787 846 3
846 847 3
847 848 3
848 849 0
849 850 3
850 851 1
851 852 3
820 821 3
827 828 2
831 832 0
816 873 3
822 823 1
846 903 3
756 873 3
817 875 3
818 875 3
766 882 3
825 882 3
834 835 3
823 882 3
813 873 3
816 875 3
818 876 2
819 876 2
813 871 3
816 874 3
830 888 3
831 889 3
832 889 2
844 902 3
829 888 3
888 889 0
843 902 3
847 905 1
812 870 3
871 873 3
873 874 3
819 877 2
820 878 3
821 879 3
822 880 0
823 881 0
825 883 3
826 884 1
827 885 0
828 886 0
829 887 1
832 890 2
833 891 2
834 892 2
835 893 2
836 894 2
837 895 2
838 896 0
839 897 3
840 898 3
841 899 3
842 900 3
843 901 3
902 903 3
846 905 3
847 906 1
848 906 1
849 907 1
850 908 1
851 909 1
512 576 3
574 576 3
633 926 1
868 926 0
870 871 3
876 877 3
877 878 0
878 879 3
879 880 0
880 881 3
881 882 1
883 884 3
884 885 0
885 886 3
886 887 1
887 888 0
890 891 3
891 892 3
892 893 3
893 894 3
894 895 3
895 896 0
896 897 1
897 898 3
898 899 3
899 900 3
900 901 3
906 907 3
907 908 3
908 909 3
852 909 1
579 926 1
875 876 1
882 883 3
889 890 3
901 902 3
852 910 1
512 1028 3
910 970 0
970 1028 3
909 910 3
874 875 3
576 1028 3
905 906 3
871 930 3
873 930 3
572 576 3
903 905 3
903 961 3
876 934 2
903 962 3
579 985 1
873 931 2
874 931 3
875 933 1
876 933 2
877 935 2
961 962 3
905 964 3
633 1038 1
926 985 0
874 933 1
878 935 1
905 962 3
930 931 3
906 964 3
883 941 3
884 941 3
886 944 1
885 944 1
887 944 0
895 953 0
896 953 3
902 961 3
907 965 3
908 966 3
909 966 3
633 983 1
870 928 3
871 929 3
933 934 3
934 935 3
878 936 3
879 937 3
880 938 1
881 939 1
885 943 1
887 945 0
888 946 1
889 947 1
890 948 1
891 949 1
892 950 3
893 951 1
894 952 1
896 954 3
897 955 3
898 956 3
899 957 3
900 958 3
901 959 3
902 960 3
906 965 3
908 965 3
928 929 3
929 930 3
879 936 3
937 938 0
938 939 2
882 939 3
882 941 3
944 945 3
945 946 3
946 947 3
947 948 3
948 949 3
949 950 0
950 951 1
951 952 3
952 953 0
953 954 3
954 955 1
955 956 3
956 957 3
957 958 3
958 959 3
959 960 3
960 961 3
926 984 3
943 944 3
909 1024 3
633 984 1
935 936 0
882 940 3
884 943 3
910 1024 3
936 937 3
940 941 3
965 966 3
984 985 0
874 990 1
933 990 3
939 940 3
964 965 3
576 633 3
905 1021 3
910 1028 0
931 990 3
884 942 3
942 943 3
962 1021 3
964 1021 3
1024 1028 0
633 985 1
966 1024 3
941 942 3
961 1020 3
962 1020 3
929 988 3
930 988 3
943 1001 3
942 1000 3
943 1000 3
944 1001 3
940 998 3
961 1019 3
965 1023 3
931 989 3
939 998 3
941 998 3
960 1019 3
966 1023 3
931 988 3
988 989 3
989 990 3
990 991 3
933 991 3
964 1022 3
985 1043 3
934 991 3
939 997 3
633 1043 1
928 986 3
929 987 3
935 993 1
936 994 1
937 995 1
938 996 1
938 997 2
997 998 3
1000 1001 3
944 1002 3
945 1003 3
946 1004 3
947 1005 3
948 1006 3
949 1007 3
950 1008 1
951 1009 3
952 1010 3
953 1011 1
954 1012 1
955 1013 3
956 1014 3
957 1015 3
958 1016 3
959 1017 3
960 1018 3
1019 1020 3
986 987 3
987 988 3
934 993 1
993 994 0
994 995 3
995 996 3
942 998 3
1001 1002 3
1002 1003 3
1003 1004 3
1004 1005 3
1005 1006 3
1006 1007 3
1007 1008 3
1008 1009 3
1009 1010 3
1010 1011 3
1011 1012 3
1012 1013 3
1013 1014 3
1014 1015 3
1015 1016 3
1016 1017 3
1017 1018 3
1018 1019 3
964 1023 3
1022 1023 3
1021 1022 3
996 997 0
1023 1024 3
