1 58 0
1 2 3
2 3 3
3 5 0
5 6 3
6 8 1
8 10 3
10 11 3
11 12 3
12 14 3
14 15 3
15 16 3
16 18 3
18 19 3
19 20 3
20 21 2
21 22 2
22 26 0
26 85 3
85 86 3
86 87 3
30 87 3
30 31 3
31 32 3
32 34 3
34 35 3
35 36 3
36 37 3
37 38 3
38 40 3
40 41 3
41 42 3
42 101 3
101 455 3
230 455 3
230 516 3
166 230 3
49 166 0
166 341 3
109 341 3
109 113 3
57 113 3
51 166 0
22 84 0
44 455 3
22 80 1
26 84 3
34 90 3
21 80 2
32 90 3
44 101 3
8 65 0
5 62 1
5 63 3
6 65 3
11 69 3
62 63 3
30 146 3
230 341 3
16 75 3
18 75 3
3 62 3
10 69 3
12 71 3
14 71 3
80 84 0
8 66 0
10 67 3
65 66 3
20 78 3
80 82 0
82 84 3
41 99 3
1 59 2
3 61 3
21 78 2
38 98 3
41 98 3
42 99 3
8 67 3
15 72 3
18 76 3
40 98 3
2 61 3
12 70 3
14 72 3
15 74 3
16 74 3
19 76 3
90 91 3
38 97 3
102 455 3
58 59 1
2 59 2
10 68 3
69 70 3
19 77 3
19 78 3
30 89 3
31 89 3
32 89 3
34 91 3
34 93 3
35 93 3
36 93 3
37 95 3
97 98 3
42 100 3
44 102 3
6 63 3
68 69 3
70 71 3
76 77 3
77 78 3
38 95 3
98 99 3
99 100 3
74 75 3
75 76 3
145 146 3
37 93 3
113 172 2
80 139 0
84 141 3
34 150 3
38 153 3
100 101 3
61 62 3
66 67 3
67 68 3
71 72 3
72 74 3
82 139 3
87 146 3
89 146 3
89 90 3
91 150 3
95 153 3
57 114 3
57 115 3
82 141 3
26 86 3
113 114 3
93 150 3
114 172 2
114 115 3
93 95 3
78 137 0
21 137 0
80 137 0
38 154 3
455 626 3
109 172 1
153 154 3
97 154 3
150 151 3
95 152 3
101 159 3
44 159 3
93 152 3
161 455 3
59 61 3
76 135 3
80 138 0
102 159 3
102 161 3
137 138 3
138 139 3
161 626 3
63 122 3
6 122 3
72 131 3
74 131 3
87 145 3
58 116 3
59 116 0
59 117 0
93 151 3
61 118 0
62 120 3
89 147 3
151 152 3
230 626 3
61 117 0
61 120 3
63 120 3
71 130 3
72 130 3
78 135 3
82 140 3
26 142 3
26 201 3
146 147 3
89 148 3
90 148 3
117 118 2
65 122 3
65 123 3
78 136 2
139 140 3
84 142 3
142 201 3
91 148 3
97 155 3
98 155 3
66 123 3
70 130 3
130 131 3
75 133 3
77 135 3
135 136 3
136 137 0
140 141 3
86 201 3
98 156 3
98 157 3
99 157 3
100 157 3
114 173 3
115 173 3
116 117 3
122 123 3
67 125 3
68 126 3
74 133 3
76 134 3
147 148 3
220 455 3
220 626 3
118 122 1
68 125 3
69 126 3
75 134 3
134 135 3
155 156 3
102 160 3
172 173 0
118 120 1
120 122 3
66 125 3
70 126 3
154 155 3
101 157 3
159 160 3
125 126 3
91 207 3
150 207 3
152 153 3
156 157 3
109 230 3
123 125 3
131 133 3
70 185 3
70 187 3
130 187 1
133 134 3
148 207 3
157 159 3
160 161 3
129 130 0
141 142 3
145 201 3
86 145 3
151 209 3
117 176 0
122 180 3
185 187 3
129 187 3
145 202 3
150 208 3
118 176 1
123 180 3
126 185 3
150 209 3
207 208 3
130 189 2
109 459 3
141 199 3
142 199 3
172 459 0
152 210 3
152 211 3
153 211 3
159 216 3
230 459 3
157 216 3
118 178 1
129 189 0
131 189 3
208 209 3
122 178 3
201 202 3
151 210 3
122 179 3
140 198 3
160 218 3
133 190 3
136 195 2
137 195 3
138 256 3
139 256 3
140 256 3
141 198 3
148 206 3
210 211 3
154 212 3
155 212 3
172 227 0
178 179 3
123 182 3
125 182 3
126 184 3
131 190 2
138 195 3
206 207 3
227 459 3
123 181 3
125 184 3
155 213 3
156 214 3
157 215 3
161 218 3
172 228 1
172 287 1
179 180 3
198 256 3
198 199 3
145 203 3
147 205 3
148 205 3
154 211 3
212 213 3
213 214 3
214 215 3
227 228 1
228 287 0
125 183 3
183 184 3
186 187 3
133 191 2
134 191 1
196 256 3
211 212 3
159 217 3
161 277 3
182 183 3
185 186 3
138 196 3
146 203 3
215 216 3
216 217 3
218 277 3
277 626 3
116 175 2
181 182 3
184 185 3
129 246 0
189 246 3
189 190 3
135 194 3
136 194 2
209 210 3
117 175 0
160 217 3
173 287 1
180 181 3
190 191 3
134 193 1
135 193 2
194 195 3
202 203 3
205 206 3
146 205 3
191 193 3
203 205 3
199 201 3
176 178 1
193 194 3
195 196 3
173 288 1
176 235 2
178 235 0
187 245 3
203 261 3
206 264 3
287 288 3
175 176 2
129 245 0
207 264 3
217 218 3
285 459 0
227 285 1
186 245 3
205 261 3
201 258 3
209 267 3
210 267 3
286 287 0
175 234 1
176 234 2
199 258 3
217 275 3
218 275 3
180 238 1
246 247 1
189 247 3
194 253 3
210 269 3
211 269 3
215 273 3
218 276 3
228 286 3
234 235 3
179 238 1
201 260 3
202 260 3
216 273 3
216 275 3
178 237 0
193 250 3
195 253 3
199 257 3
261 263 3
208 266 3
209 266 3
276 277 3
235 237 3
198 257 3
205 263 3
266 267 3
210 268 3
212 270 3
213 271 3
214 272 3
179 237 0
181 238 1
190 247 3
191 250 3
205 264 3
207 266 3
267 268 3
268 269 3
270 271 3
271 272 3
272 273 3
275 276 3
227 286 1
257 258 3
203 260 3
263 264 3
207 265 3
516 626 3
195 312 3
196 312 3
264 265 3
265 266 3
211 270 3
237 238 1
258 317 3
201 317 3
516 634 2
245 246 0
260 317 3
269 270 3
273 275 3
230 634 2
184 243 3
185 243 3
191 247 3
253 312 3
566 626 3
281 516 0
234 291 3
183 243 3
516 566 3
286 459 0
186 243 3
194 310 0
256 257 3
182 243 3
260 261 3
275 332 3
285 286 0
193 310 0
261 320 3
263 320 3
273 332 3
175 232 1
238 296 0
181 296 0
256 314 3
235 294 3
182 240 0
247 250 3
253 310 3
237 294 3
240 357 3
232 291 3
240 243 1
317 374 3
516 623 3
181 240 0
257 314 3
263 321 3
264 321 3
277 335 3
181 357 0
256 312 3
260 318 3
275 334 3
276 334 3
276 335 3
335 626 3
287 344 1
296 297 3
286 344 1
287 345 3
235 293 3
181 297 0
186 240 0
186 304 0
312 314 3
261 318 3
344 459 0
288 345 3
234 293 3
297 357 3
240 304 3
245 304 0
246 304 3
246 305 3
247 305 0
258 316 3
316 317 3
264 322 3
265 323 3
266 324 3
267 325 3
268 326 3
269 327 3
270 328 3
271 329 3
272 330 3
273 331 3
275 333 3
339 516 0
281 339 3
343 459 0
293 294 3
250 305 0
250 306 0
250 310 0
321 322 3
322 323 3
323 324 3
324 325 3
325 326 3
326 327 3
327 328 3
328 329 3
329 330 3
330 331 3
331 332 3
332 333 3
333 334 3
344 345 0
288 346 3
290 291 3
291 293 3
306 308 3
257 316 3
318 320 3
232 290 3
304 305 3
305 306 3
306 310 3
334 335 3
345 346 3
237 295 3
237 296 3
294 295 3
295 296 3
334 450 3
230 344 1
314 316 3
320 321 3
333 450 3
253 429 3
294 352 1
294 353 1
295 353 1
312 429 3
293 351 1
294 351 1
316 374 3
317 318 3
346 463 0
291 350 3
293 350 3
310 429 3
320 378 1
566 623 3
296 355 3
297 355 3
310 368 1
345 463 0
318 378 3
291 349 3
352 353 3
331 390 3
332 390 3
333 391 3
351 352 3
391 450 3
335 450 3
290 349 3
296 354 3
304 420 1
314 372 3
323 381 3
328 386 3
329 386 3
623 634 3
349 350 3
354 355 3
240 358 3
378 434 0
320 379 3
321 379 3
322 381 3
324 381 3
327 386 3
290 348 1
350 351 1
295 354 3
316 372 3
374 431 3
318 434 3
321 380 3
322 380 3
324 382 3
325 383 3
326 384 3
327 385 3
329 388 3
330 388 3
331 388 3
404 463 0
240 420 1
379 380 3
382 383 3
383 384 3
384 385 3
390 391 3
357 358 3
306 368 1
368 429 0
317 376 3
318 376 3
380 381 3
381 382 3
385 386 3
344 634 0
353 354 0
374 376 3
376 434 3
344 463 0
305 420 1
335 393 3
398 516 0
463 634 3
368 425 3
393 450 3
306 425 1
386 387 3
329 387 3
357 414 3
387 388 3
388 390 3
393 567 3
297 414 3
306 423 1
376 493 3
566 567 3
348 349 2
240 298 3
305 421 1
355 414 3
357 415 3
358 415 3
298 358 3
306 421 1
312 372 3
434 493 3
387 446 3
390 447 3
390 448 3
354 413 3
355 413 3
420 421 0
378 437 0
320 437 3
447 448 3
230 400 1
414 471 2
306 422 1
388 446 3
395 626 3
421 422 3
422 423 1
368 426 3
335 395 3
351 410 3
352 410 3
519 634 3
463 519 3
353 410 3
298 420 1
378 436 3
393 395 3
372 429 3
316 431 3
436 437 0
349 408 1
350 408 1
353 411 3
354 411 1
354 412 1
413 414 3
379 437 3
385 443 3
348 406 1
410 411 3
306 424 1
426 429 0
386 443 3
387 445 3
393 566 3
395 566 3
399 634 0
399 623 0
349 406 1
381 439 3
382 439 3
386 445 3
372 431 3
380 437 3
380 439 3
382 440 3
399 516 0
349 407 1
351 408 3
351 409 3
409 410 3
380 438 3
383 440 3
383 441 3
384 442 3
445 446 3
390 446 3
390 449 3
391 449 3
406 407 3
407 408 3
408 409 3
441 442 3
442 443 3
411 412 3
412 413 0
358 416 3
425 426 2
386 502 3
450 567 3
437 438 3
439 440 3
440 441 3
445 503 3
449 450 3
415 416 3
298 416 3
443 502 3
445 502 3
448 449 3
414 415 3
434 436 1
438 439 3
446 447 3
424 425 2
450 507 3
423 424 0
493 550 3
449 507 3
413 471 3
434 550 2
436 495 0
419 420 3
425 483 3
426 483 1
376 550 2
434 495 2
298 419 1
372 488 3
495 553 3
450 566 3
429 484 1
437 553 2
446 504 3
408 466 3
426 484 1
429 488 3
436 553 0
407 466 3
421 479 3
422 479 3
438 496 3
439 496 3
445 504 3
448 507 3
406 465 3
407 465 3
409 466 3
420 479 0
423 481 3
437 496 3
447 504 3
463 577 3
414 472 1
424 482 1
441 499 3
441 500 3
442 500 3
519 577 3
406 464 3
415 472 1
420 478 3
422 481 3
423 482 2
483 484 3
496 553 3
439 497 3
447 505 3
448 505 3
448 506 3
506 507 3
464 465 3
465 466 3
410 468 3
411 468 3
478 479 0
422 480 3
481 482 3
429 485 1
496 497 3
440 497 3
440 499 3
499 500 3
443 501 3
504 505 3
505 506 3
409 468 2
419 478 3
425 482 3
429 545 2
488 545 3
440 498 3
507 566 3
411 527 3
412 527 3
416 472 1
480 481 3
497 498 3
498 499 3
501 502 3
468 527 3
471 472 1
482 483 3
442 501 3
479 480 3
409 526 3
466 526 1
468 526 3
412 471 0
500 501 3
503 504 3
416 532 2
298 532 1
566 570 3
484 542 0
429 542 1
374 490 1
376 490 1
376 549 1
549 550 0
495 552 3
472 532 0
374 488 3
372 374 3
490 549 3
434 552 2
502 503 3
505 563 3
551 552 3
434 551 2
570 623 3
574 623 3
464 522 3
527 528 3
412 528 2
488 546 3
374 546 1
504 562 3
574 634 3
466 525 1
525 526 3
478 536 0
503 561 3
505 562 3
506 563 3
507 564 3
465 523 2
471 529 3
419 536 0
483 542 0
552 553 3
506 564 3
623 628 3
526 527 3
412 529 2
479 536 0
504 561 3
563 564 3
570 628 3
464 523 2
466 523 1
481 539 0
482 539 0
482 540 0
490 548 3
550 551 3
496 498 3
522 523 1
480 539 0
528 529 3
472 529 2
539 540 3
483 540 0
374 548 1
499 558 3
500 558 3
507 508 3
466 524 1
479 537 0
480 538 1
483 541 0
502 561 3
508 566 3
536 537 3
537 538 1
538 539 0
540 541 3
541 542 1
496 554 3
496 555 3
501 558 3
508 564 3
498 555 3
562 563 3
577 695 1
298 594 1
419 594 0
548 549 3
549 609 0
550 609 3
577 634 3
561 562 3
566 628 3
524 525 3
532 647 1
298 647 1
523 524 2
472 588 1
553 554 3
554 555 3
529 588 1
532 588 1
545 546 3
498 558 3
536 594 3
502 617 3
628 687 1
555 558 3
566 687 1
561 619 3
634 693 1
551 609 3
502 619 3
577 693 1
429 601 1
558 614 3
623 687 1
588 589 0
532 589 3
555 614 3
558 615 3
558 616 3
501 616 3
501 617 3
562 619 3
527 585 3
528 585 2
614 615 3
429 660 1
545 660 3
545 604 3
546 604 3
374 606 1
617 619 3
542 601 0
548 606 3
549 607 3
607 609 3
522 580 2
526 584 3
526 585 3
594 647 1
546 606 1
553 611 3
555 612 3
617 618 3
618 619 3
525 584 3
539 597 1
540 597 1
548 607 3
552 611 3
554 612 3
616 617 3
523 580 0
524 582 3
524 583 3
525 583 3
584 585 3
528 586 1
529 586 1
529 587 1
537 595 3
538 596 0
541 599 1
542 600 3
555 613 3
562 621 3
563 621 3
585 586 3
536 595 3
595 596 3
596 597 3
540 599 1
599 600 1
600 601 0
554 611 3
612 613 3
615 616 3
562 620 3
523 582 2
583 584 3
586 587 3
587 588 2
540 598 1
603 604 3
604 606 3
606 607 3
552 610 3
613 614 3
564 621 3
582 583 3
598 599 3
545 603 3
611 612 3
619 620 3
508 622 3
523 581 0
589 647 1
597 598 3
551 610 3
620 621 3
580 581 3
581 582 1
610 611 3
508 684 0
609 610 3
566 684 0
564 622 3
566 686 1
594 595 3
634 809 1
686 687 0
574 809 1
621 622 3
693 695 3
603 660 3
610 668 3
623 748 1
429 600 1
609 668 3
574 748 1
588 646 1
594 710 0
594 652 1
595 652 1
600 659 0
429 659 1
589 646 1
647 710 0
693 809 3
587 646 1
598 656 1
606 663 3
599 656 1
604 663 3
486 606 1
486 607 1
692 693 1
585 643 3
597 655 1
597 656 1
428 429 3
606 664 3
611 668 3
623 688 1
692 809 1
582 640 2
586 643 3
596 655 1
428 659 1
603 662 3
604 662 3
613 671 3
684 686 1
581 640 3
582 641 1
583 641 1
587 645 3
652 710 0
600 658 3
428 660 1
486 664 1
611 669 3
616 675 3
617 675 3
618 676 3
620 678 3
581 639 3
584 642 1
586 644 3
586 645 3
645 646 1
599 657 1
658 659 0
663 664 3
668 669 3
612 670 3
613 672 3
614 672 3
615 672 3
615 673 3
616 673 3
617 676 3
619 678 3
580 638 0
580 639 3
639 640 3
584 643 3
643 644 3
644 645 3
655 656 0
656 657 3
657 658 0
486 609 1
611 670 3
613 670 3
618 678 3
638 639 1
640 641 2
583 642 1
486 604 1
609 784 3
642 643 0
486 662 1
486 663 1
486 784 1
670 671 3
675 676 3
621 678 3
589 705 1
668 784 3
669 670 3
671 672 3
672 673 3
673 675 3
676 678 3
641 642 3
646 705 3
647 705 3
508 624 3
595 654 1
624 684 1
647 822 0
652 654 1
596 654 1
660 662 3
622 678 3
710 822 1
654 655 3
676 679 3
678 679 3
687 745 1
695 752 0
428 662 1
623 745 1
748 809 1
693 752 0
639 696 0
668 726 3
675 732 3
726 784 3
673 732 3
622 624 3
684 685 0
638 696 3
639 698 1
640 698 1
428 486 3
624 678 3
624 685 3
669 726 3
693 751 3
751 752 0
658 717 0
659 717 3
647 764 0
652 711 0
654 711 0
671 730 3
672 730 3
686 745 1
705 764 0
764 822 3
654 712 0
716 717 2
673 730 3
641 698 3
711 712 3
655 712 0
428 717 1
670 728 1
673 731 3
695 753 3
641 699 3
642 701 1
643 701 1
658 716 0
669 728 3
671 728 1
731 732 3
675 679 3
685 686 1
639 697 0
698 699 3
642 699 3
644 702 1
645 703 1
655 713 0
656 714 0
657 715 3
669 727 3
671 729 1
752 753 1
697 698 0
701 702 0
702 703 3
646 703 0
646 704 0
712 713 3
713 714 3
714 715 1
715 716 0
728 729 3
729 730 0
642 700 3
703 704 3
704 705 1
726 727 3
624 679 3
696 697 1
699 700 3
700 701 1
727 728 3
751 809 3
710 711 3
730 731 3
748 863 1
679 732 3
623 863 1
486 778 1
623 679 3
623 795 1
623 624 2
623 686 1
623 1034 1
731 790 3
732 790 3
623 685 3
807 809 3
727 784 3
730 788 1
748 807 1
751 810 3
752 810 1
705 763 3
763 764 0
716 773 2
716 774 3
717 774 3
727 785 3
728 785 3
729 788 0
731 788 1
753 810 3
715 773 0
696 754 0
697 755 0
698 756 3
699 757 3
700 757 3
700 759 3
701 759 0
702 760 3
712 770 3
713 771 3
714 772 1
714 773 3
753 811 3
754 755 1
755 756 2
756 757 3
759 760 3
703 760 3
703 762 3
704 762 3
704 763 1
710 768 3
711 768 3
711 770 3
770 771 3
714 771 3
731 789 3
810 811 3
703 761 3
762 763 1
710 942 1
771 772 1
772 773 0
773 774 2
784 785 3
728 787 3
729 787 3
788 789 0
789 790 3
761 762 3
822 942 1
711 769 3
679 790 3
768 942 1
769 770 3
787 788 0
808 809 3
809 810 3
757 758 3
700 758 3
768 769 3
807 808 3
428 774 1
807 863 1
728 786 3
786 787 3
758 759 3
760 761 3
785 786 3
790 907 1
679 907 1
809 867 0
808 867 0
810 867 0
807 865 0
863 865 0
763 821 3
764 821 1
773 831 1
760 818 3
774 831 1
774 890 3
428 890 1
759 818 3
761 818 3
788 846 1
679 968 1
808 865 0
787 846 3
623 968 1
756 814 3
759 817 3
762 820 1
821 822 0
772 831 1
788 847 1
789 847 1
623 1038 1
754 812 1
755 813 1
755 814 2
757 814 3
758 816 3
759 816 3
817 818 3
761 819 3
761 820 2
768 827 1
769 827 1
770 828 1
771 829 1
772 830 3
784 958 3
863 1038 0
810 868 3
811 869 0
812 813 3
816 817 3
818 819 3
820 821 1
827 828 2
828 829 3
829 830 3
830 831 1
486 958 1
784 902 3
785 902 3
786 902 3
846 847 1
790 847 1
867 868 1
868 869 0
813 814 3
679 850 1
808 866 0
819 820 2
428 949 1
623 1033 1
865 866 0
866 867 3
831 890 0
847 907 0
850 907 3
821 880 0
822 880 3
786 903 3
787 903 3
1033 1034 3
758 814 3
846 903 3
850 968 1
822 881 3
881 942 1
827 942 1
902 903 3
814 872 3
880 881 3
865 1040 1
863 1040 0
758 872 2
758 873 2
902 958 3
872 873 3
816 873 2
827 885 2
817 874 3
817 875 3
828 885 3
816 874 3
874 875 3
623 911 1
866 925 1
867 925 1
813 872 3
873 874 3
818 875 3
942 943 3
827 943 1
812 870 3
813 871 3
818 876 3
819 876 3
819 878 1
820 878 1
821 879 0
828 886 3
829 887 3
830 888 3
831 889 2
428 1010 1
903 904 3
846 904 3
846 905 3
865 924 0
868 926 0
869 927 3
870 871 3
871 872 3
819 877 3
878 879 3
879 880 0
885 886 3
886 887 3
887 888 3
888 889 1
889 890 0
949 1010 2
486 1010 1
863 980 1
866 924 3
867 926 1
926 927 0
876 877 3
877 878 1
847 905 0
980 1038 0
875 876 3
904 905 3
925 926 0
885 943 1
847 965 0
907 965 2
980 1040 0
924 1040 1
924 925 1
890 949 1
905 965 0
940 942 1
850 1025 2
881 940 1
907 1025 2
968 1025 0
890 948 1
965 1025 2
902 959 3
889 948 3
958 1016 3
958 959 3
903 961 3
1027 1033 0
871 930 3
872 930 3
486 1016 1
623 1027 1
948 949 3
902 961 3
873 930 3
873 931 1
874 931 3
881 939 1
885 944 1
886 944 1
904 961 3
874 932 3
880 939 1
931 932 3
875 932 3
924 983 1
925 983 3
926 983 1
870 928 3
875 933 3
876 934 3
877 935 3
878 936 3
879 937 3
880 938 3
887 945 1
888 946 1
889 947 3
902 960 3
904 962 3
926 984 3
927 985 1
871 928 3
930 931 1
932 933 3
933 934 0
877 934 3
935 936 1
936 937 3
937 938 0
938 939 1
939 940 3
944 945 0
945 946 3
946 947 3
947 948 3
959 960 3
960 961 3
984 985 1
871 929 3
929 930 3
905 1022 3
983 984 0
961 962 3
905 962 3
965 1022 2
968 1027 1
1034 1038 3
943 944 3
928 929 3
934 935 3
942 999 0
940 999 3
623 978 1
962 1022 3
980 1039 0
1039 1040 3
1007 1010 2
968 1026 1
943 1001 0
944 1001 0
961 1019 3
962 1019 3
1026 1027 3
962 1021 3
1021 1022 3
1025 1026 3
486 1007 1
965 1023 3
983 1040 0
932 990 3
933 991 3
949 1007 3
932 991 3
943 999 0
943 1000 0
948 1007 3
933 992 3
934 992 1
938 996 1
944 1003 2
945 1003 3
1023 1025 2
931 990 3
935 992 1
939 996 3
999 1000 3
947 1004 3
948 1006 3
960 1018 3
962 1020 3
1022 1023 3
1000 1001 3
945 1004 3
946 1004 3
947 1006 3
1006 1007 3
961 1018 3
1019 1020 3
928 986 1
929 987 1
930 988 1
931 989 3
991 992 3
935 993 1
936 994 3
937 995 3
937 996 3
939 997 3
940 998 3
944 1002 0
1003 1004 3
947 1005 3
958 1017 3
959 1017 3
983 1041 0
984 1042 1
985 1043 0
986 987 3
987 988 3
988 989 3
989 990 3
992 993 3
993 994 3
994 995 3
995 996 3
996 997 3
997 998 3
998 999 3
1001 1002 3
1002 1003 1
1004 1005 3
1005 1006 3
1016 1017 3
1017 1018 3
1020 1021 3
1040 1041 3
1041 1042 3
1042 1043 3
990 991 3
1018 1019 3
1038 1039 3
