-0.0318282 0.0501053 25.5377
-0.0507656 0.0957102 25.9895
-0.032682 -0.041518 27.2866
-0.0519203 -0.0523203 29.2473
-0.0593065 -0.0659941 29.8775
0.0385158 0.0251998 13.5589
-0.00334754 0.0178612 19.2153
-0.100875 0.0372294 40.3928
-0.0869678 0.00714029 38.1193
-0.0230184 -0.149238 27.9517
-0.0465513 -0.109396 32.5596
-0.0718768 -0.034814 36.5859
-0.0645279 -0.023052 34.2544
-0.0324088 -0.0433549 25.3026
-0.0449747 -0.0379724 29.3136
0.00794793 -0.0503027 11.2703
0.0260967 -0.105428 6.60013
0.0085271 -0.132078 13.5006
0.0287846 -0.126194 5.24042
0.126308 -0.075606 -34.2068
0.11284 -0.0538274 -28.4385
-0.190124 0.100576 107.891
0.00944091 0.00345777 10.8901
-0.0071588 0.129314 19.2503
-0.162648 0.0725507 100.882
-0.0609096 0.028109 37.3867
-0.0150678 0.0239454 10.8025
0.191732 -0.386595 -100.632
0.1128 0.335934 -65.5627
0.0186537 -0.0326931 -7.28651
0.00245241 -0.0479873 3.61059
0.00879658 -0.0857941 -0.204446
0.0189025 -0.107698 -6.3561
0.0336543 -0.128593 -16.4424
0.00966668 -0.126404 0.901213
0.00391223 -0.191709 5.98736
-0.0204572 -0.120793 23.5763
-0.0222084 -0.123416 24.7756
-0.0331362 -0.071422 32.5931
-0.0578285 -0.0167778 51.7975
-0.0291741 -0.0274356 27.3414
-0.00803888 -0.005911 8.52041
0.00961456 -0.00121204 -7.54849
0.00941142 -0.0122569 -6.58353
0.0101608 -0.0133127 -7.33578
-0.00302165 -0.0127791 5.19241
-0.00151041 -0.0114977 3.53676
-0.00680628 -0.00861549 8.84707
-0.00658143 -0.00936688 9.84616
0.130833 0.0177358 -42.7772
0 -0.0228516 3.13587
0.152945 0.0484583 -113.973
0.00297185 0.310456 142.844
-0.00937686 -0.205318 21.0668
0.0668477 -0.114712 -70.3835
0.0457215 -0.0130865 -47.1587
-0.0107136 -0.351575 28.7803
0.062888 0.00153046 -67.5224
0.13474 0.0958969 2.90701
-0.0309767 -0.266529 33.2583
-0.0151894 -0.0457058 26.6018
-0.0370951 -0.065062 27.8259
-0.0419173 -0.0425569 27.6271
-0.0219016 0.0179788 22.0806
-0.0493272 0.0159274 25.7636
-0.0372768 0.00650871 23.46
0.00755226 -0.038985 17.5592
-0.0221115 -0.111251 26.8875
-0.0344414 -0.107257 29.1586
-0.0549682 -0.0630357 32.7469
-0.0404668 -0.0295876 27.906
-0.0401346 -0.052053 28.0112
-0.042323 -0.0489788 28.499
-0.0205819 -0.0635557 21.8214
-0.00689989 -0.0762982 17.5039
0.00766945 -0.0931514 12.6482
0.0803006 -0.120544 -14.8553
0.123682 -0.114636 -31.4845
0.150575 -0.128439 -42.9692
-0.190515 -0.149442 114.904
0.352653 0.427082 -157.749
-0.0551837 0.0117538 35.253
-0.0325738 0.00816199 24.2563
-0.0300323 0.0367066 21.7676
-0.060638 0.0458173 37.4537
-0.0131318 -0.00750528 10.6449
-0.0146898 0.00471282 11.8415
0.00713175 -0.0338072 -0.712289
0.0106602 -0.0405847 -2.32403
0.0139394 -0.047873 -4.49218
0.0227454 -0.0773858 -10.1865
0.0240737 -0.0680122 -11.2473
0.00622217 -0.129488 3.48889
-0.00922281 -0.122454 15.002
-0.0156024 -0.102204 19.3687
-0.020925 -0.0914576 22.9736
-0.0214446 -0.0688603 22.7359
-0.0305606 -0.045406 29.5907
-0.0226837 -0.0132898 21.5529
-0.0035543 -0.00442258 4.4158
0.0138363 -0.00284035 -11.42
0.0109696 -0.0165182 -8.05825
0.00365041 -0.0076185 -1.3804
0.00650263 -0.0046317 -4.55024
0.249916 0.0637318 -249.241
-0.00309702 -0.00761492 5.07031
0 -0.0167764 3.48338
0.00592335 -0.00984529 -4.54773
0 -0.113173 7.26034
0.0281227 -0.0187054 -26.7547
0.0261593 -0.0225828 -25.5841
0.00932136 -0.02788 -6.84304
0.0248841 -0.0247804 -24.1114
0.0527462 -0.0232849 -54.8551
0.0683227 0.0132223 -74.2301
0.0750342 0.00974909 -82.5717
0.134781 0.0958596 2.90747
0.126309 0.149406 0.299905
-0.232743 -0.284863 40.4772
-0.0804455 -0.0673305 31.0841
-0.0482604 -0.0697714 28.1533
-0.0183131 -0.0669364 25.1998
-0.0275709 -0.0230609 23.9212
-0.0283218 -0.0274534 23.7312
-0.0104371 -0.0381576 21.4224
-0.0181633 -0.0500188 23.6772
-0.00796426 -0.0366509 20.5851
0.021396 -0.0363917 13.3905
-0.00490205 -0.0356886 19.3511
0.0189522 0.0369664 9.40813
-0.0327854 -0.0984218 27.2263
-0.0016647 -0.0728867 15.4933
0.0131034 2.67102e-05 6.68537
-0.0206573 -0.0273674 19.9426
0.03068 -0.141879 5.6602
0.0514023 -0.174525 0.663234
-0.0451511 -0.358417 52.4922
-0.0387242 -0.0472996 28.2926
-0.0307068 -0.06197 25.3006
-0.0159077 -0.0504662 17.829
-0.00895253 -0.0445888 14.5485
-0.0194324 0.0106121 17.4488
-0.027576 0.0400948 19.6901
-0.0405744 0.0417775 26.5486
-0.0559754 0.0174604 37.3326
-0.0301277 0.00742351 21.2604
-0.00721277 -0.021478 8.39115
0.00714898 -0.0283584 -0.76901
-0.00312009 -0.0372444 6.57432
-0.00739435 -0.0333966 9.29843
0.00214402 -0.0650235 3.98973
0.0185118 -0.0576874 -9.2653
-0.00466208 -0.0462903 7.87181
0.00190039 -0.051995 2.86164
-0.0128492 -0.0392349 14.5103
-0.0226477 -0.0150054 21.6768
-0.00735789 -0.00602531 7.94412
0.00595353 -0.00489626 -4.01729
0.0163686 0.0107563 -14.3322
0.0103036 -0.00240015 -7.90075
-0.000396627 0.00880511 2.0454
-0.000226569 -0.00353013 2.07433
-0.00294474 -0.009638 5.1507
0.00924714 -0.0327221 -5.34287
0.00641494 -0.0324163 -2.52558
-0.00116263 -0.00566898 2.96082
0.0243163 -0.0128011 -22.8518
0.00565252 -0.00647575 -3.32334
0.0235927 -0.0294232 -23.155
0.0321582 -0.0272076 -33.1617
0.0155518 -0.027847 -14.2523
0.0330297 0.257267 -37.4979
0.0525288 0.361732 -67.308
0.0930845 -0.022419 -102.417
0 0 -1
0.0961201 -0.317451 31.3812
-0.100266 -0.33818 41.3268
0.0946802 -0.655456 56.8427
-0.0589907 -0.0998636 31.5401
-0.031049 -0.0721795 27.122
-0.0376074 -0.0338322 25.1943
-0.025783 -0.033225 23.4507
-0.0218961 -0.0476585 24.0734
-0.0324548 -0.0472606 26.0778
-0.0132594 -0.0560063 22.8988
-0.00309588 -0.0451736 19.734
-0.0138693 -0.0744062 24.7888
0.0158418 -0.0777726 17.5128
-0.043247 0.0220171 30.1362
0.0850683 0.00827668 -17.4162
0.0150865 0.109922 -1.38166
0.00992756 0.130093 -0.5052
-0.0377275 0.377721 -1.51043
-0.0786434 0.129793 35.0692
-0.124637 0.000862589 63.7224
-0.0546685 -0.0403691 35.0656
-0.0276672 -0.0412994 20.8489
0.0332669 -0.0661203 -6.96954
0.0109383 -0.0435767 3.50133
-0.0299991 -0.0234755 24.4371
-0.0313802 -0.0103676 24.3253
-0.0190007 0.0117212 14.8189
-0.0416525 -0.000982454 30.4937
-0.029048 0.0125015 20.6784
-0.0244156 0.00167318 18.6713
-0.0208538 -0.00186621 16.6101
-0.00833116 -0.0095092 8.55495
-0.000979315 -0.0124059 3.48952
-0.00768335 -0.0068922 7.79974
-0.0137506 0.000246134 11.9695
-0.0110458 0.00813964 9.59915
0.00595118 -0.0113529 -2.73138
0.00745408 -0.00262613 -4.45594
-0.0195567 0.00434324 17.907
-0.0104647 0.000309968 10.2426
0.0151038 -0.00379208 -12.1142
0.015999 0.00265944 -13.1134
-0.00241353 -0.0190442 5.34869
-0.00144854 -0.0162875 4.17339
-0.00548613 -0.0183487 8.27579
0.00294112 -0.00385635 -1.0013
-0.00474234 -0.00622127 6.58864
-2.28596e-05 -0.00373847 1.67774
0.00509867 -0.0027793 -3.80809
0.0103411 -0.00651397 -9.20188
-0.00183514 -0.00357203 3.23903
0.0207704 -0.0197033 -19.7628
0.0259739 -0.0182735 -24.3537
0.523089 0.0343789 -586.151
0.0595846 -0.0637976 -62.8885
0.020525 -0.00839384 -19.1377
0.299261 -0.108562 -351.587
0.010136 -0.0378853 10.8396
-0.123189 -0.0886978 22.6
-0.0883295 -0.0346473 15.2769
-0.035937 -0.0227094 10.7112
-0.00644601 0.0077439 5.17302
-0.00579624 -0.00247924 6.19145
-0.0661345 -0.0203935 42.1127
-0.12342 -0.0339568 53.0105
0.0199687 -0.00172118 0.128756
0 -0.131557 16.3852
0.00153862 0.404924 -21.3476
-0.0145425 -0.0588775 23.4854
-0.0338023 -0.0995209 32.1724
-0.0196144 -0.0666618 25.3007
0.0251598 -0.073836 7.35216
0.02465 0.114062 -4.7652
0.038264 0.116981 -9.97493
1.01152 0.618674 -414.105
0.00581801 0.153748 -1.27587
-0.0271796 -0.0370598 19.8826
-0.0231352 -0.105793 25.5212
-0.0202101 -0.0371523 18.0677
-0.029031 -0.0569133 23.6006
0.0182751 -0.0453545 -0.909167
0.0163722 -0.0564729 1.05301
0.011034 -0.0408413 2.98032
0.00331519 -0.0210345 5.5607
-0.00105609 -0.0312017 9.14558
-0.0289456 0.0202287 20.8717
-0.0295888 0.00163198 22.5563
0.598318 0.154758 -403.159
-0.0256042 -0.00911392 20.4072
-0.00593844 0.00207431 5.98783
0.0117004 0.0151348 -7.59138
-0.00726124 0.0254437 5.29551
-0.0142099 0.0146067 11.8367
-0.0135108 0.00699093 11.8766
-0.00733425 0.00628597 6.8999
0.0114713 0.0048916 -8.18894
-0.0157971 -0.00105397 15.2932
-0.0168559 0.00211459 15.7528
0.00394765 -0.0106334 -1.51957
0.0124708 -0.0312336 -7.05503
0.00104182 -0.0122007 1.36209
0.00457521 -0.00539868 -2.73053
0.00550572 -0.00364955 -3.8192
-0.0138419 -0.010982 16.5666
0.0150277 0.00157174 -13.3342
0.0007463 0.00832833 -0.136746
0.148006 0.105912 -131.85
0.141827 -0.0070986 -114.142
0 -0.340422 72.438
-0.0320593 0.217383 95.9863
-0.0355143 0.221299 99.6118
0.522528 0.0347411 -585.526
-0.197995 -0.0954557 267.666
-0.19699 -0.098554 266.661
-0.197026 -0.0679601 263.841
0.0184842 0.0217362 2.85907
-0.0104474 -0.0114875 8.93565
-0.0541465 -0.000383924 9.19931
-0.0453436 -0.0260567 11.465
-0.00504278 -0.014477 7.2387
0.00297687 0.00748378 4.09128
-0.00134802 0.000377121 5.86386
-0.00627334 -0.0624666 14.9242
0.0127054 0.00376205 1.19692
-0.000543314 -0.00351733 3.28926
0.00453097 0.0183653 0.117456
0.0025348 0.0218214 0.34128
-0.00882627 0.014819 4.11938
-0.00829971 0.0112626 4.46049
0.0178412 -0.0659147 8.6408
-0.00189473 -0.0644486 14.9488
-0.0254281 -0.0189611 17.4136
0.931803 -0.0303746 -261.924
-0.0254281 -0.0189611 17.4136
-0.178443 0.0884916 155.243
-0.0214564 -0.00816959 14.1663
0.0239148 0.0472268 -12.4927
-0.0214071 -0.0294587 17.4534
0.0136284 -0.0446244 1.52995
-0.00536754 -0.0377503 11.1337
0.00756928 -0.0496315 5.83827
-0.00638843 -0.0387909 11.9285
0.0123656 -0.0173655 -0.575226
-0.00503425 -0.00969275 8.45559
-0.0378167 -0.0251511 30.4294
-0.0288206 0.00469966 20.9645
-0.00557839 0.00166935 5.75375
0.0145655 0.00724704 -8.79265
0.00884605 0.00925784 -4.75666
-0.00655574 -0.00137607 7.80132
-0.0187076 0.000645926 16.7488
-0.0180644 0.00503409 15.5341
-0.00755876 0.0028481 7.37219
0.00426395 -0.00751905 -0.914243
-0.0128784 0.00240695 12.3995
-0.0210312 -0.000186234 19.5733
-0.00746812 0.00137706 7.36165
0.002908 -0.00721341 -0.97946
0.0105898 -0.00166051 -8.80081
0.00500639 0.00268311 -3.98417
0.0127278 0.00570667 -11.9683
0.0142429 0.0153955 -14.3685
0.00677774 0.0138882 -6.39047
0.0026869 0.0107205 -2.49027
0.180186 0.138212 -169.749
0.171768 0.34239 -183.93
0.0255055 -0.0136532 -24.0865
0.0473958 0.19375 7.80599
0.0545789 0.064596 13.1245
0.0837046 -0.732938 22.9346
-0.188926 -0.0997033 257.229
-0.176485 -0.0756298 239.474
-0.162101 -0.0583541 220.26
-0.544437 -0.111391 34.2612
0.0388152 0.0266402 2.50056
-0.0507903 0.012526 7.31171
0.0599727 -0.0244615 19.5435
0.000330484 0.0414255 14.7247
-0.0344038 0.00645748 23.9369
-0.0194363 -0.00512605 8.57268
-0.0127892 -0.0260411 10.1867
-0.0493871 -0.0202789 15.8388
0.0140602 -0.0182919 3.36603
0.0144889 0.00463979 0.612838
-0.00731397 0.0218411 2.76213
0 -0.0248062 8.3757
0.00434855 -0.019071 6.27712
-0.114572 -0.0563831 166.992
-0.225036 -0.031088 180.957
0.33989 -0.403644 41.2037
-0.162738 -0.174599 186.935
-0.199937 -0.227655 201.514
-0.276455 -0.0155349 209.116
-0.328377 -0.0567064 237.196
-0.00474783 -0.0718151 29.5972
-0.0143039 -0.0281248 13.4365
0.00685938 -0.0304532 3.1908
0.00112107 -0.00645091 2.27143
0.00847912 -0.0341969 2.89636
0.00181629 -0.00403857 1.99906
0.0030943 0.0765314 -11.4803
-0.00593893 -0.0185004 8.98256
-0.0175162 -0.0366345 19.4741
0.0635228 0.0820161 -44.8702
-0.00199016 -0.0104307 4.96795
0.0132552 -0.00134252 -6.79648
0.00803333 0.0064424 -3.89438
-0.00646801 0.00271598 6.97851
-0.0116732 -0.000832015 11.4877
-0.015931 0.0106999 13.0024
-0.00654862 0.00302564 6.56985
0.00652197 0.00660435 -4.70699
-0.0136623 -0.0112068 15.266
-0.0200253 -0.000183914 18.813
-0.0115235 -0.00115565 11.3343
-0.00406495 0.00301382 4.00896
0.00738941 0.00597021 -6.92395
-0.0931204 -0.0176296 91.8241
0.0144572 0.0152812 -14.7532
0.29522 0.156269 -319.281
0.0238389 0.0158115 -23.7177
-0.00544201 0.012384 6.29585
0.0990885 -0.433854 -20.3861
-0.250277 0.443043 225.239
-0.176777 0.0506038 200.286
-0.00813726 0.200547 28.0396
-0.00852311 0.102218 42.8032
-0.0481501 -0.176271 88.9627
0.249476 0.00218973 -290.852
0.24859 0.0271373 -293.347
2.20585 -0.134766 -2679.77
-0.0273312 -0.0257096 24.1049
-0.0267949 -0.00966018 21.2159
0.0499868 -0.0374082 21.5675
0.110369 0.0111643 9.76996
-0.0115459 0.0119274 21.1107
-0.058146 0.000700304 27.6656
-0.127761 -0.0215981 39.7068
-0.0305029 0.0541547 0.854617
-0.0425265 -0.0151382 14.1858
0.0166871 0.00589094 -0.101232
0.00782302 0.0120816 1.02868
-0.00620115 0.0395746 -0.125871
0.00172403 -0.00965154 6.03089
-0.220398 -0.00875475 192.15
-0.215721 -0.00939593 190.768
-0.189178 -0.00985716 165.513
-0.155009 0.00129512 151.134
-0.169883 -0.139118 183.665
0.560178 0.162258 -162.824
-0.138074 0.0477842 141.008
-0.476148 -0.0367894 298.936
-0.0364055 0.0466547 11.9893
-0.0190641 0.00305684 10.8341
-0.019535 0.00312632 11.0469
0.000559896 0.0232802 -1.10774
-0.00238745 -0.0122289 4.94
0.00408802 0.0537269 -8.67882
-0.0162548 0.044559 4.89012
0.00426182 0.0050053 -0.646217
0.500098 -0.229077 -277.554
-0.0196732 0.0648936 11.9754
0.0115413 -0.0192054 -2.85912
0.0081975 0.000885953 -3.93985
0.0114334 0.00292033 -6.04133
-0.00492678 0.0130394 4.16904
-0.0209071 0.0115228 16.6795
-0.0106308 0.0191405 7.3686
-0.0122292 0.0207822 8.35089
-0.00706877 -0.00265829 7.92502
-0.0115463 0.0126135 9.36785
-0.0186029 0.000151331 17.4715
-0.0124381 0.00910793 10.502
0.0089394 0.0157627 -9.94562
0.0106848 0.0107922 -10.7155
0.0124177 0.0121261 -12.481
0.0151534 0.0110698 -14.8855
0 0.0112368 -1.13603
0.0135392 0.00230893 -12.0524
0.00310693 0.00480754 -1.63092
0.00480417 -0.00433056 -2.73763
-0.249429 0.573752 203.829
-0.425212 0.297566 439.196
0.115678 0.169493 -147.644
0.025777 -0.0180124 -24.1412
-0.0187033 -0.0331475 31.6764
0.396516 -0.0121093 -464.797
0.03125 0 -26.6875
0.0233045 0.0578249 -30.9807
-0.00826101 -0.0532905 28.6817
-0.0426587 -0.00703034 21.2254
0.0237922 -0.014272 18.8541
0.00116838 0.0818048 6.72263
-0.0332826 0.022777 21.0498
-0.0938139 0.0150058 29.1574
-0.201615 -0.0368259 52.3916
0.0112982 0.217391 -31.8592
0.350582 0.0484832 -56.3498
0.0457745 0.100761 -22.1512
-0.00276789 0.0574332 -3.78987
0 0.398315 -66.5893
-0.00217391 0.00261435 4.77599
-0.160592 0.0125754 170.682
-0.216119 -0.00444691 190.196
-0.198915 -0.0221995 170.744
-0.136287 -0.0112273 146.6
-0.0476345 -0.0687429 125.373
-0.0624854 0.0577592 108.112
0.0175953 0.0383305 78.4108
0.0213287 -0.035847 89.7418
-0.0062488 0.189006 6.23282
-0.0190641 0.00305684 10.8341
0.112854 0.0385009 -60.676
0.0133881 0.0526826 -12.1765
-0.00705732 0.0797244 -6.76747
0.00695677 0.0308681 5.80882
0.0992277 -0.130742 -18.1459
-0.0333108 0.0412521 16.6165
0.0123529 0.0368771 -11.5076
-0.0780982 0.203028 18.6536
-0.052563 0.194273 2.77769
-0.00113844 0.0733332 -10.6308
0.011384 0.0141138 -8.11254
0.000115693 0.0638779 -9.15
-0.0147534 0.031694 8.04024
-0.0239479 0.0382015 14.0134
-0.0420485 0.0714427 22.6859
-0.0125767 0.0510842 3.07222
-0.0114867 -0.00462539 13.3915
-0.0260712 0.0196138 20.6246
-0.0095583 0.0263977 4.71972
0.00886132 0.0382619 -13.9733
0.0139187 0.028565 -16.8307
0.0192091 0.0527335 -27.0282
0.0111989 0.010305 -11.2643
0.0128348 0.0075283 -12.2588
-0.0577553 -0.00383062 61.6726
-0.000978444 0.0147644 1.03147
0.00420112 0.0172117 -4.86522
-0.00451196 0.0185869 5.33391
0.00865856 0.0405282 -12.9826
-0.00225187 0.0166305 2.73106
0.02482 0.0320545 -31.5913
0.0434299 0.0732763 -58.6386
0.0246767 0.0536921 -32.3695
0.296762 0.0831669 -365.013
-0.0314515 0.0739407 34.2542
0.0684125 -0.0860887 34.0726
0.0449199 0.347546 -48.9501
-0.0669797 0.0534986 18.4142
-0.0358046 0.0652195 13.0731
-0.0117686 0.0630569 11.2976
-0.0718139 0.0459596 20.6315
-0.119972 0.16861 2.30417
-0.131476 0.227981 -8.4606
0.0502062 0.17594 -28.2216
0 0.0886422 -1.99408
-0.0217612 0.532631 -86.6214
0.0101205 0.387769 -64.6873
0.0102495 0.385557 -64.2638
0.000964607 0.390123 -62.6544
0.00201601 0.398513 -64.7889
0.0020159 0.398513 -64.7889
0.996745 0.0313524 -263.191
3.14867e-05 0.0917439 -2.74173
3.14867e-05 0.0917439 -2.74173
3.14867e-05 0.0917439 -2.74173
-0.0555597 -0.00241433 98.0302
0.0908153 -0.557063 108.013
0.0507756 0.240856 -68.0115
0.0493379 0.233748 -65.893
0.0319577 0.191566 -48.6508
0.0703338 0.231782 -76.6808
0.00884298 0.00483394 10.1679
0.0118669 0.00424909 8.57475
0.00931032 0.186965 -36.1656
-0.0138413 0.256379 -35.8842
-0.0151676 0.231616 -29.4054
-0.0293218 0.197213 -13.6934
-0.0407165 0.235848 -13.4659
-0.0250914 0.203881 -17.7687
-0.0249251 0.156599 -8.02338
-0.02631 0.14687 -5.32191
-0.0304451 0.137235 -0.237637
-0.0232659 0.120798 -1.34371
-0.0190992 0.128907 -6.20931
-0.0282036 0.0704626 13.3129
-0.0247043 0.092792 4.92972
0.000465675 0.0810716 -14.9622
6.58153e-05 0.0592475 -9.8953
-0.003475 0.0327433 -2.2342
0.00551179 0.0154122 -5.75167
0.0116095 0.0162693 -12.1748
0.0166145 0.00598608 -16.0278
0.0158501 0.00589648 -15.1004
0.00510847 0.0334507 -8.00915
0.0228479 -0.0026177 -20.3317
0.0123569 -0.00585153 -8.42396
0.500486 0.0327966 -554.035
0.00936734 0.0361839 -12.418
0.245169 -0.00550493 -264.64
0.16627 0.154389 -219.408
0.0234454 0.0616967 -31.6299
-0.0248577 0.161397 6.70977
0 0.134017 -18.3264
0.0685193 0.366866 -63.4342
0.0788085 0.392703 -69.8163
-0.0829164 0.0234636 26.6764
-0.0630534 0.0137801 26.4113
-0.00892218 0.0431688 15.3426
0.0173204 0.0740093 5.50406
0.057106 0.0373583 9.74805
0.047077 0.0450271 9.21428
0.260194 -0.0084751 -15.4701
-0.0217612 0.532631 -86.6214
0 -0.380612 114.274
0.00809134 0.38926 -64.4732
0.00667315 0.387461 -63.7005
0.00459318 0.390396 -63.7796
0.00201588 0.398513 -64.7889
0.00201563 0.398514 -64.7889
0.00201378 0.398514 -64.7883
0.00201222 0.398513 -64.7876
0.00201127 0.398513 -64.7872
0.00201127 0.398513 -64.7872
-0.073312 -0.000291248 105.43
-0.133015 0.466386 -9.61387
0.00540685 0.300674 -57.8186
0.00927119 0.274681 -53.1931
0.031111 0.229249 -54.7638
0.0411685 0.188143 -51.458
0.0337319 0.0343212 -11.0759
-0.0113346 0.0228122 18.0437
-0.0233932 0.0290091 23.8072
-0.0119429 0.272518 -39.3054
-0.0247701 0.303181 -38.0496
-0.0547721 0.272172 -11.0884
-0.0360274 0.20526 -9.33405
-0.0659833 0.198628 13.3809
-0.04847 0.155455 10.7496
-0.0491852 0.131008 16.8267
-0.0283801 0.128273 1.47785
-0.0185687 0.127039 -6.25575
-0.0294361 0.120636 5.27804
-0.0326116 0.126881 5.62059
-0.0385368 0.13256 9.31271
-0.0137555 0.138408 -13.7187
-0.0264094 0.0851647 9.48219
-0.00872791 0.0292537 8.26669
-0.0260272 0.0793485 10.7243
-0.0547518 0.378577 -28.2642
0.00417963 0.00810597 -3.33457
0.0104425 0.0341697 -14.8561
0.00440776 0.0336038 -7.21394
0.152933 0.112202 -170.324
0.0153281 0.107892 -25.7069
0 0.190039 -39.3229
-0.000465189 0.0422696 -1.04792
0.0302024 0.053406 -40.3538
0.0271259 0.052246 -34.378
0.0625105 0.0229597 -69.6141
0 0.103128 -11.8433
0 0.328252 -61.0925
0.4696 1.78216 -458.203
0.082195 0.371027 -64.6536
0.091197 0.365126 -63.4748
-0.108931 0.22704 -16.1977
-0.0567452 0.181965 -8.76411
0.0586378 0.0329106 10.4955
0.0515272 0.0313053 12.0494
0.0477378 0.0432064 9.6632
-0.135404 0.00347393 95.4867
-0.129962 -0.00245757 95.8556
-0.0288723 0.00758142 72.8375
-0.00859529 0.0218248 64.5633
0.00144236 0.0249938 61.2242
0.00723005 0.0242767 59.8068
0.00932187 0.0239217 59.2775
0.00932187 0.0239217 59.2775
0.259792 0.248356 -55.0612
0.259918 0.250918 -55.727
0.0289774 0.299008 10.7098
0.0299009 0.280073 14.8998
-0.102433 -0.00227559 118.734
-0.070067 0.0413798 46.6793
-0.0399815 0.278474 -28.9653
-0.0669109 0.171513 10.4886
-0.0113954 0.220329 -29.7042
0.0361399 0.147017 -38.5397
-0.0356785 0.0162751 31.7689
0.0258355 0.0795321 -17.0827
0.0504808 0.171897 -54.758
0.0460891 0.296574 -82.4638
0.00227877 0.291675 -52.3742
-0.0326688 0.346107 -42.5532
-0.0962696 0.261866 20.1947
-0.10813 0.161403 52.9213
-0.0618043 0.135236 25.3015
-0.0437518 0.0962759 21.0577
-0.0344095 0.111923 10.7487
-0.0273932 0.0856235 11.3254
-0.0266663 0.0785369 12.6437
-0.0433167 0.121683 16.1281
-0.0277871 0.0893173 10.5562
-0.0151375 0.0452346 11.6546
0.0244787 0.0432175 -22.9031
0 0.279041 -57.9776
0 0.279041 -57.9776
0.00736942 0.261932 -61.0565
-0.18118 0.946602 -35.2887
-0.00410315 0.0358376 1.73386
0.0532593 -0.107909 -9.2835
0.400427 0.0690817 -424.631
0.0238595 -0.0313616 -1.94857
0.00167673 -0.00296182 15.4189
0.000574544 0.00554244 14.5074
0.000370762 0.022675 10.4099
0.170624 0.0524959 -197.731
-0.0138803 0.245957 -4.21065
0.00654158 0.157738 -7.01991
-0.00686565 0.244422 -12.248
0.4696 1.78216 -458.203
0.382064 0.803283 -191.347
-0.179565 0.140363 11.42
-0.100781 0.178877 -4.19513
-0.0595794 0.187607 -10.0015
-0.028021 -0.040996 97.7614
0.0257437 0.106839 3.37573
0.00918019 0.115905 3.74624
-0.000381109 0.0987895 10.1361
-0.130034 -0.00245674 95.8698
0.399846 0.0355058 -63.4948
-0.00206666 0.022063 62.886
0.0643078 0.183236 54.1197
-0.00225359 0.0208516 18.4944
-0.019325 0.0480949 17.0043
-0.0195287 0.0486373 16.9236
-0.0210657 0.050432 16.9616
-0.0230723 0.0538194 16.7685
-0.0236035 0.0570048 16.1008
0.0299516 0.279794 14.8872
0.210468 0.0204165 -74.9549
0.00286903 0.0115683 20.7149
-0.0778721 0.0623657 44.4676
-0.0558877 0.192764 0.0347022
-0.0395348 0.0185415 34.2609
0.0216638 -0.153562 53.3503
0.0216638 -0.153562 53.3503
0 0 -1
0.10984 0.213725 -101.711
0.0947168 0.264987 -105.655
0.0238041 0.291225 -66.0324
0.0366359 0.288918 -73.9594
0.0764519 0.292671 -102.582
0.0863031 0.292799 -109.447
-0.0775642 0.0994902 46.0949
-0.0533468 0.0824381 31.8417
-0.0250697 0.0657678 14.3488
-0.0120135 0.213485 -16.086
-0.0120135 0.213485 -16.086
-0.0120135 0.213485 -16.086
-0.00314286 0.0342376 25.3424
-0.00125238 0.180748 -16.2509
0.00388928 0.186265 -22.4552
0 0.132593 -4.32501
0.0234387 0.22652 -52.7344
0 0.205068 -24.0947
-0.0145644 0.158931 3.16724
-0.0363545 0.203984 13.4039
0 0.10586 3.02751
0.0280092 0.0637298 -15.3141
-0.00843666 0.0708464 21.8912
0.00369228 0.0798833 5.64787
0.000162469 0.0796203 9.70934
-0.000793253 0.0791741 10.9164
-0.000793253 0.0791741 10.9164
-0.0314936 0.252723 14.6407
0.076091 0.27476 -132.405
0.00423174 0.241145 -24.9842
0 0 -1
0.700061 0.124675 -24.0918
-0.0987913 0.115659 13.3402
-0.0725413 0.17662 -5.93053
-0.0414714 0.203792 -16.4227
-0.0529705 0.181408 -8.62051
0.00407365 0.123488 1.49264
-0.00338534 0.109826 7.23136
0.00403805 0.107095 6.78847
-0.116061 -0.00439249 93.527
-0.043001 -0.0911744 82.9
0.0714546 0.0916127 -4.65255
0.0420466 0.0174153 107.151
-0.00163476 0.020814 18.3197
-0.0193507 0.0483095 16.9562
-0.0190456 0.0488135 16.7161
-0.0197095 0.0502826 16.5283
-0.0215405 0.054831 15.8966
-0.0241617 -0.0566372 64.0104
-0.0372834 0.0751921 16.6236
0.127079 0.029248 -40.4144
0.0644737 0.0107063 -6.99352
0.0475507 0.00394232 2.79605
-0.104561 0.06178 57.9758
-0.234281 0.0510866 126.433
-0.134341 0.103888 59.4322
-0.134341 0.103888 59.4322
-0.130544 0.123199 76.9494
4.51618e-14 -0.00299794 16.3236
4.51618e-14 -0.00299794 16.3236
0.0369987 0.275008 -70.3865
0.0356947 0.265666 -67.2758
0.0822772 0.272368 -100.731
0.0753783 0.281593 -98.2186
0.188384 0.158488 -157.542
-0.0404898 0.0694754 25.4527
-0.0269216 0.0595957 17.6145
-0.028755 0.11409 3.36459
0.0305634 -0.00135946 -12.1768
-0.0376935 0.0733334 23.2192
0 -0.0244137 20.2248
-0.0482423 -0.0658095 107.095
0 -0.012969 48.3918
0.0142039 -0.00424183 32.4461
-0.0033083 -0.0134458 51.6932
0 0.0187026 39.0766
0 -0.012969 48.3918
0.00401086 -0.00794492 42.8081
0 0.0187026 39.0766
0.00869916 0.0517623 20.0812
-0.205968 -0.00821162 285.178
0.133393 0.181411 -143.317
-0.0269152 0.159261 36.6636
-0.0185393 0.239338 3.08917
-0.0189254 0.240882 3.10694
-0.0196312 0.243918 3.08656
-0.0135298 0.242342 -3.73605
-0.00311775 0.23689 -14.8016
-0.0262684 0.0537402 29.7458
-0.0291788 0.0727657 23.8606
-0.0498552 0.139979 3.51634
-0.0156614 0.157315 -4.21848
-0.0392343 0.19826 -14.3058
-0.0465448 0.179827 -8.35505
-0.0322299 0.133463 3.96698
-0.0257493 0.0694916 23.2239
0.411712 0.0690693 -51.9798
-0.113816 -0.00486111 93.1097
-0.043101 -0.0913308 82.9764
-0.0163912 -0.0552631 64.6126
-0.0345879 0.03345 39.634
0 -0.119466 72.6531
0.00120838 -0.834819 309.425
-0.242802 -0.202782 187.786
-0.0957145 -0.020062 80.5447
-0.0876852 -0.0261431 79.4932
-0.0727382 -0.0431624 78.9649
0.00343929 -0.0160603 51.0215
0.0799509 0.00579427 -12.5794
0.00910626 -0.00717569 24.1888
-0.0441239 0.050647 31.5077
0.199597 0.235613 -133.266
0.13904 -0.0728427 -19.8989
-0.012713 -0.0423772 46.0729
-0.012713 -0.0423772 46.0729
-0.0502042 -0.065655 85.5641
0.0883786 0.120701 -46.4563
0 -0.120359 63.0585
0.00658529 0.200935 -28.2014
0.0467574 0.25834 -72.5484
0.089979 0.261877 -103.04
0.0763286 0.254065 -90.754
0.0675528 0.2534 -84.3097
0.112323 0.0982481 -62.0577
0.0516286 0.111132 -34.4655
0.0511497 0.118873 -36.5853
-0.00969232 0.33681 -61.3774
0.000472181 0.0496703 -1.95302
-0.00188512 0.105184 11.7095
-0.0665611 -0.00208659 104.341
0.00286293 -0.0468529 27.8733
0.00447337 -0.0636862 31.564
0.00032225 -0.0515009 31.6593
0 -0.0519716 32.1177
0 -0.0519716 32.1177
0 -0.0519716 32.1177
-0.00670064 -0.0790155 47.5579
0 -0.0519716 32.1177
0 -0.0519716 32.1177
-0.014572 -0.329726 216.845
0.0245556 -0.029165 -2.7532
-0.819397 -0.403259 1114.6
0.0560525 0.070603 -72.4356
0.0560525 0.070603 -72.4356
-0.0120472 0.242883 -5.68491
0 0 -1
-0.0189831 0.0500504 30.8614
-0.0176437 0.0488928 31.2298
-0.0125756 0.0548306 29.1866
0.0267236 0.0582597 24.6334
-0.0307064 0.230736 -26.8033
-0.0599442 0.218285 -19.8355
-0.0759387 0.0789581 27.4649
-0.0701698 0.0454138 37.9342
-0.0227105 -0.0590513 79.8932
-0.031396 -0.0322105 72.4184
-0.0425216 -0.0911338 82.7924
-0.0439185 -0.091812 83.3266
-0.0264075 0.0329667 37.5397
-0.0222987 0.0504688 30.4899
-0.0548176 0.00466956 57.1701
-0.106877 -0.0218588 85.0313
-0.1 -0.0212317 82.4592
-0.0955495 -0.0268215 82.6904
-0.0926097 -0.0381415 85.3055
0.00813659 0.283738 -47.8526
0.0732487 -0.0089212 -4.98152
0.0519845 -0.00346547 2.95434
0.0287758 0.0370562 0.439795
-0.0328504 -0.024751 51.749
0.0626283 -0.303552 119.322
-0.0247144 0.0460449 49.4212
-0.00534599 -0.0380782 66.7278
0.00497569 -0.078247 74.22
0.00540511 -0.0982916 80.7101
0.00137189 -0.111391 87.6167
0.0133045 0.303694 -64.2618
0.0334 0.288969 -72.8118
0.0412618 0.276469 -74.3873
0.0806024 0.259315 -95.376
0.0551262 0.254748 -75.4364
0.0408821 0.233494 -57.4074
0.0531969 0.11376 -36.5795
-0.0197779 0.334731 -52.5305
0.0522492 0.117247 -37.0157
-0.0232539 0.0695923 39.8857
-0.0090443 0.0499264 34.5001
-0.0804539 -0.125844 158.663
-0.0900484 0.766055 -134.1
0 -0.136176 89.9374
-0.00342086 0.00401043 46.9853
0 -0.104977 79.6292
-0.00191181 -0.22238 120.228
0 -0.0947364 76.2813
0.00352956 -0.102368 75.0824
-0.0429688 -0.0546875 116.543
-0.0205877 0.347116 -42.6623
-0.0192798 -0.324827 220.48
-5.94774e-13 0.0453881 37.0637
-5.94774e-13 0.0453881 37.0637
0.0645721 0.0710878 -82.4877
-0.0541915 0.129933 97.8886
-0.0843447 -0.143711 204.08
0 0 -1
-0.0198398 0.0475755 31.7204
-0.0215105 0.0452778 32.5605
-0.0190383 0.0429579 33.2194
-0.0578776 0.287097 -43.1894
-0.0540599 0.254664 -32.523
-0.0200965 0.284719 -46.5188
-0.0822856 0.0278987 45.4709
-0.0707659 0.0176781 47.2919
-0.0239237 -0.0406953 73.5374
-0.00380777 -0.0100523 58.9042
-0.0370629 -0.0898793 81.141
0.0277797 0.174118 -15.9668
0.0163506 0.148191 -3.84017
-0.0588664 -0.940266 421.292
0.000856679 -0.192459 130.781
0.000920386 -0.191001 130.326
-0.00481884 -0.187606 131.107
-0.0346655 0.26467 -23.3871
-0.0211403 0.255291 -25.4368
-0.00549058 0.277934 -39.9773
0.0213216 0.242245 -39.0647
0.0449652 0.20782 -37.9243
0.0104221 0.217048 -25.6483
-0.052864 0.241917 -0.687141
-0.0833185 0.219204 22.5041
-0.0650785 0.249041 1.57935
-0.0256255 0.288781 -34.6048
-0.0068091 0.300313 -49.5868
-0.00280175 0.301511 -52.3866
-0.007844 0.296132 -47.9394
0.0380774 0.269623 -69.767
0.0393345 0.276291 -72.8806
0.0555853 0.276907 -84.25
0.0664981 0.263232 -87.0373
0.0514215 0.247422 -70.1009
0.0517336 0.244799 -69.3916
-0.00551964 0.500969 -118.073
-0.0618276 0.549756 -90.7403
-0.0936996 0.202179 56.2842
-0.0107754 0.457211 -93.1475
0.013328 0.012195 35.4815
0 0.415455 -87.6064
0 -0.103376 101.487
0 0.415455 -87.6064
-0.00267767 -0.113641 107.795
-0.00651962 0.414593 -80.9076
0.00568738 -0.0141782 50.6442
0.0141582 0.444376 -112.304
-0.0198492 0.348166 -43.7579
-0.0194045 0.349832 -44.816
-0.0906217 0.0585172 256.452
-0.00266606 -0.186792 238.224
-0.0126203 -0.193815 251.998
-0.00323007 -0.188218 239.37
-0.00323007 -0.188218 239.37
-0.0486508 0.130149 91.2256
-0.0928528 -0.143691 214.433
-0.0175813 -0.16233 248.321
-0.0491982 0.268973 -37.3733
-0.0493991 0.269037 -37.3824
-0.051206 0.269154 -37.3323
-0.055536 0.269452 -37.1458
-0.0549775 0.27023 -37.4935
-0.0142453 0.238353 -30.6365
-0.0167596 0.250438 -34.7114
-0.0190732 0.145266 4.43404
-0.0107746 0.00314235 55.5616
-0.00126298 0.0124854 50.3821
-0.0165586 0.0829289 27.8781
0.0110141 0.149761 -3.21173
0.013997 0.143187 -1.468
0.0062361 0.144309 0.365765
-0.0128816 0.139159 7.85473
-0.0129455 0.138874 7.9803
-0.0129455 0.138874 7.9803
-0.046041 0.260525 -17.4337
-0.0236691 0.253511 -23.6996
-0.00477092 0.265347 -35.8014
0.00980266 0.250041 -36.5834
0.0188367 0.221666 -30.4422
-0.0022364 0.193664 -9.51809
-0.0345516 0.196454 5.67785
-0.107016 0.229237 31.1932
-0.0474439 0.272838 -16.5081
-0.0192643 0.294678 -40.321
-0.00573373 0.300831 -50.406
-0.0104177 0.294596 -45.8267
-0.00749802 0.292325 -46.7894
0.0428539 0.267804 -72.2441
0.0449802 0.267649 -73.5909
0.0594826 0.265839 -82.9502
0.0608448 0.24259 -75.3015
0.0487802 0.188084 -47.0363
0.0474278 0.229888 -60.9435
0.00738006 0.306041 -57.2396
-0.0481859 0.53792 -97.3757
0.057028 0.119848 -26.7812
0.0782816 0.548214 -205.78
0.0826902 0.544366 -208.148
0.0826902 0.544366 -208.148
0 0.00323661 62.53
0 0.00323661 62.53
0 0.00323661 62.53
0 0.00323661 62.53
0 0.00323661 62.53
0.00368696 0.318313 -58.932
0.0038782 0.318123 -59.0813
-0.0173259 0.349141 -46.7561
-0.00921295 0.325982 -46.906
-0.00428596 0.303934 -44.1467
0.00565814 0.318516 -61.0708
0.00625239 0.318032 -61.5436
0.00507356 0.318204 -60.2457
0.00368018 0.319337 -59.0274
0.00330244 0.319535 -58.6476
0.00330244 0.319535 -58.6476
