-0.00127406 -0.0380979 21.5134
-0.00127406 -0.0380979 21.5134
-0.00127406 -0.0380979 21.5134
-0.00127406 -0.0380979 21.5134
-0.0498842 0.306997 89.7676
0.0145807 -0.234913 21.4563
0.00930438 -0.2297 22.1378
-0.00647353 -0.221779 24.5106
-0.0262189 -0.199221 27.8665
-0.0323845 -0.236143 30.1789
-0.0653378 -0.202602 37.116
-0.0895431 -0.136731 40.639
-0.0272425 -0.149227 24.6013
0.0615273 -0.151564 -1.13372
0.0167489 -0.121882 11.8924
0.00358968 -0.0879197 14.6918
-0.0435493 -0.0795477 31.1743
-0.0694354 -0.058523 40.093
-0.0777511 0.00655953 41.8712
0.0352223 -0.0703621 8.57972
0.041275 -0.083678 6.25363
0.0444152 -0.0374049 3.38359
0.040855 -0.0660963 6.05165
-0.144144 0.478388 95.2589
-0.535463 -0.231807 291.714
-0.0250079 0.0087919 15.8746
-0.0351781 0.039644 21.3286
-0.0120554 0.0113651 9.02067
0.038555 0.0139278 -21.1263
-0.0162728 -0.00615136 14.5915
0.00546532 0.0235205 -1.1674
-0.00433117 0.0227897 5.45645
0.0066708 0.00062081 -1.79821
0.00289457 -0.0271966 1.51254
0.00401359 -0.048178 1.05228
-0.00345416 -0.0133504 5.97143
0.0222496 -0.0669739 -12.9997
0.0180558 -0.0675055 -9.58481
-0.000983693 -0.102917 6.72493
-0.0523701 -0.117697 50.09
-0.0697313 -0.0491175 63.5932
-0.0311385 -0.0199543 29.2609
-0.000974517 -0.00548592 2.12715
0.011862 0.000326011 -9.87702
0.0116907 0.00236436 -9.71001
0.0181855 -0.0212439 -15.6746
0.0684513 0.0966445 -67.3168
-0.00546949 0.110889 6.27179
-0.00551369 0.110517 6.4698
-0.00665443 0.110945 7.80195
0.00351725 0.10913 -3.15277
0 0.110087 0.722439
-0.0983128 -0.0587728 172.677
-0.0492892 0.726934 96.0613
0.00628439 -0.324042 56.0069
0.0214615 -0.0419128 -21.5348
-0.000943671 -0.0499507 6.07853
-0.00154703 -0.0117937 5.43955
0.0310333 -0.276523 20.6669
0.0315722 -0.275967 20.6289
0.033241 -0.273791 20.4776
0.0359708 -0.272262 20.2543
0.0355489 -0.24186 19.3218
0.0239506 -0.233241 20.287
0.0164782 -0.229236 21.122
0.00350231 -0.225149 22.9748
-0.0102799 -0.217921 25.1686
-0.0261728 -0.222891 28.505
-0.0651809 -0.228319 37.0918
-0.100415 -0.195072 44.1073
-0.0518841 -0.183971 31.3405
-0.0117858 -0.176988 21.0102
0.0275306 -0.127392 8.21522
0.0123952 -0.0863374 11.9314
-0.0334368 -0.0860643 28.2422
-0.0610864 -0.0778101 37.5587
-0.0436158 -0.06392 30.3336
0.0262426 -0.0721643 12.4224
0.0363786 -0.0767016 8.25071
-0.195997 -0.128142 115.436
-0.00853822 -0.0273398 13.1481
0.024214 -0.0568839 -2.31694
0.0541334 -0.143162 -13.7381
0.0536017 -0.157427 -12.9969
-0.019475 0.0441254 12.5075
-0.016203 0.03308 10.8017
0.00283695 0.0246186 0.138425
0.133031 -0.368362 -71.2878
-0.00572019 -0.015428 7.78344
-0.0113711 0.00622906 10.9642
0.00364116 0.0108444 0.194514
0.00532776 -0.0269333 0.0642879
0.00120038 -0.0286118 2.39369
0.00533028 -0.0319193 -0.823542
0.0136466 -0.0451727 -7.03998
0.00849609 -0.0668612 -2.14497
-0.00368191 -0.0667472 7.95251
-0.0293822 -0.0580348 28.8863
-0.0278325 -0.0238014 26.3075
-0.0055992 -0.00923749 6.30048
0.107125 -0.0331581 -95.3262
0.289986 -0.0322507 -272.476
-0.000520432 0.00286596 2.03549
0.0109015 -0.00346154 -8.72382
-0.0112523 -0.0132048 13.1526
0.00957745 -0.00667392 -7.36734
0.0525564 0.158 -58.6302
0.00681398 -0.00816282 -4.48456
0.0056045 -0.010731 -3.08679
0.00351813 -0.0135121 -0.572359
-0.0593901 -0.0203395 127.783
-0.0502829 0.661568 98.5285
0.0204915 -0.322113 39.1741
-0.914778 0.0305925 1141.51
-0.49369 -0.123399 617.186
0.0165559 -0.0178373 -16.7242
0.0318352 -0.276272 20.6391
0.0334053 -0.275496 20.5573
0 0 -1
0.0345596 -0.273833 20.4146
0.622311 -0.23903 48.4024
0.0228239 -0.226282 20.1543
0.00958054 -0.223769 21.9236
0 0 -1
-0.00976393 -0.220125 25.0794
0.000440104 -0.275412 24.1289
-0.039173 -0.222262 31.0093
-0.0602856 -0.201022 34.524
-0.00911251 -0.186119 20.2319
0.0401986 -0.175459 5.38075
0.0513067 -0.191015 2.96979
0.0662358 -0.0469987 -7.39598
-0.0181536 0.15737 11.2387
-0.0529978 -0.0980769 35.0818
-0.0220891 -0.0456261 20.1008
-0.0377264 0.124443 17.7982
-0.0617831 0.0201192 33.9342
-0.040326 0.0356724 23.2787
9.99908e-05 -0.0237652 8.48546
-0.0325343 -0.040808 26.1855
-0.0205699 -0.0557868 20.1951
0.0605442 -0.148633 -17.4067
-0.025725 0.0491425 16.3929
-0.00205898 0.0507728 2.01532
0.00586424 0.0756557 -3.29621
-0.00748848 0.0449489 6.27127
-0.0155787 0.023681 12.091
0.0173779 0.0966248 -14.596
-0.00990238 -0.0182198 10.106
-0.011349 -0.019751 11.1962
-0.000808876 -0.0212098 3.31723
0.00168655 0.0107422 -0.866668
-0.000957865 -0.0195608 3.11216
0.00504039 -0.0411202 -0.537084
-0.00593605 -0.029458 8.22874
-0.016796 -0.0230991 16.9407
-0.00936524 -0.00877384 9.70563
0.000593241 -0.0036578 0.530153
0.00700347 -0.00174737 -5.35624
-0.0504983 -0.0207874 50.5382
0.0153451 -0.00352778 -12.787
-0.00712741 -0.00762157 8.91942
-0.00192624 0.0434755 1.36335
0 0.0476768 -0.786698
0 0.0476768 -0.786698
0.262308 0.11669 -280.577
0.235771 0.152609 -252.927
0.00313293 0.0477955 -4.1863
-0.0356841 -0.0434869 61.7425
-0.0176469 -0.115578 45.4247
0.0127561 -0.091985 8.85703
-0.0131084 -0.119104 40.9525
0.00733897 -0.100941 15.4939
0.0439277 -0.0641448 -31.6253
0.00174257 -0.487253 121.274
0 -0.484398 121.089
0 -0.484398 121.089
0.515243 -0.281516 61.2985
0.392226 -0.284352 72.6435
-0.000496871 -0.359532 59.1909
-0.000496695 -0.359532 59.1909
-0.000495606 -0.359532 59.1907
-0.000493867 -0.359532 59.1904
-0.000491997 -0.359532 59.1901
-0.000490501 -0.359532 59.1898
-0.00048985 -0.359532 59.1896
-0.00048985 -0.359532 59.1896
0.0990216 0.022163 186.809
-0.10449 0.00883545 69.5369
-0.105009 0.0108869 69.5428
-0.0899879 -0.00361178 64.899
0.0364238 0.17989 3.18399
-0.051519 0.128166 26.1352
-0.136787 0.0198833 68.1481
-0.0731656 -0.0423101 43.4599
-0.01719 -0.033571 16.7847
0.00546916 -0.0500513 7.80516
-0.0320784 -0.0360347 25.6704
-0.029729 -0.0255439 23.201
-0.0104573 0.0244351 9.37962
-0.0148964 0.0234412 12.1043
-0.0249484 0.0381967 17.854
-0.0222621 0.0391934 16.8316
-0.0266835 0.0631509 17.5151
-0.023191 0.0136453 18.243
-0.0332589 0.0169965 24.0059
-0.014082 0.000722926 11.7798
-0.0117208 0.00674524 9.71631
-0.00532522 -0.00516412 5.8471
-0.00512733 0.00105681 5.22946
-0.00802004 0.0187262 6.55283
-0.00356667 0.00352162 3.88904
-0.000311336 -0.0103119 2.2677
-0.00451314 0.00548266 4.75145
-0.00865881 0.00779406 8.12252
-0.0018139 -0.00138078 2.61827
0.00981598 -0.00183802 -7.83756
0.00861965 0.00118408 -6.75206
0.00188148 -0.0119814 0.447078
-0.145053 -0.417459 170.334
0.00716807 -0.00795053 -4.81771
-0.00623903 -0.00664375 7.71479
0 0.000629058 0.805871
0.00381098 -0.0923549 24.0453
-0.00948596 0.131906 20.0045
0.0738275 -0.0257669 -58.7051
0.00526295 -0.00936552 -2.76202
0.101562 -0.015625 -54.793
-0.195908 -0.226273 308.545
-0.00605076 -0.479219 104.541
0.00653478 -0.588618 97.6612
0 -0.488754 98.0665
-0.00119394 -0.0310941 247.317
-0.00119394 -0.0310941 247.317
-0.00119394 -0.0310941 247.317
-0.00119394 -0.0310941 247.317
0.611481 -0.23507 49.0696
0.00674741 -0.0437241 247.022
0.00671667 -0.0436536 247.02
0.00662262 -0.043589 247.028
0.00648373 -0.0435326 247.047
0.00633954 -0.0434861 247.07
0.00622993 -0.0434507 247.09
0.00617558 -0.0434269 247.1
0.00617558 -0.0434269 247.1
0.100917 0.0225529 186.227
-0.0991477 0.00758188 67.9818
-0.0985183 -0.00208032 68.728
-0.103225 0.00784747 68.7963
-0.0559756 -0.037841 55.463
0.65535 -0.05171 -219.46
-0.296012 -0.242122 158.726
-0.0960112 -0.13597 62.2282
-0.00439251 -0.0586156 12.3648
0.000389838 -0.0598756 11.2428
0.0123614 -0.0534007 4.35463
-0.00344451 -0.0336462 10.1658
-0.00605072 -0.0276618 11.3678
0.011225 -0.0338283 2.59525
-0.004896 -0.0302251 12.2329
-0.0287582 0.0228652 21.8448
-0.026522 0.00915604 21.7914
-0.0538072 -0.0129549 40.6969
-0.0319871 -0.00301206 24.6041
-0.00909134 0.0040402 8.0961
0.00694275 0.0285094 -5.49985
-0.0100471 0.0250267 7.52304
-0.0120204 0.011514 10.3105
-0.0125538 0.00405374 11.5797
-0.0104013 0.00256061 9.80385
0.00461778 0.000898769 -2.4861
-0.010465 0.00361317 10.203
-0.0151263 0.00212286 14.3338
-0.00359624 0.00378838 3.74675
0.00320536 0.000357658 -1.98209
0.000489504 -0.0101326 1.59017
0.00814855 -0.00916889 -5.75292
-0.00578794 -0.00829457 7.34937
0.00840798 -0.00778705 -6.1344
0.00760017 -0.00665312 -5.39881
0.0066411 -0.00503775 -4.53735
0.00614007 -0.00633081 -3.90057
-0.277874 0.222532 305.563
0.243329 0.073271 -236.277
0.00277022 -0.0062071 -0.220502
0.00223553 -0.00840677 0.600572
-0.102626 0.294438 183.864
-0.105258 0.264027 189.912
0.259511 0.00645437 -218.12
0 0.303781 59.7005
-0.00211098 0.0386452 36.8052
-0.00136551 0.0366092 37.0382
-0.000679857 0.0346038 37.2559
-0.000627526 0.0329491 37.4557
0.000243448 0.0306784 37.6604
0.00674741 -0.0437241 247.022
-0.0114791 0.0262182 39.6911
-0.0163815 0.0209414 41.0402
-0.0173755 0.0146179 41.9418
-0.0156517 0.00899962 42.258
-0.0118879 0.00424099 41.999
-0.00938632 0.00394472 41.4467
-0.00790156 0.00435114 41.0155
0.11605 -0.0702597 217.199
6.34131e-07 0.193587 187.98
0 0 -1
0.0264214 0.00531398 200.01
-0.0147048 0.0322877 79.8693
0.00292345 0.00109631 76.4395
0.0418144 -0.00490363 61.1957
-0.016949 -0.0644796 19.984
0.00616761 -0.0605505 8.86604
-0.0181176 -0.0563738 18.507
0.0149261 -0.0618974 3.42957
0.000973818 -0.0306771 7.45775
0.00192649 -0.0466103 8.6749
0.0156187 -0.0415015 -0.247612
0.0120055 -0.0745726 5.97827
0.00394948 -0.0350135 6.49506
-0.0217285 -0.022011 20.6868
-0.0323515 -0.00897209 25.6787
0 0 -1
-0.00461884 0.00488387 4.95733
0.00813027 0.0108797 -4.4082
-0.00765005 0.00299058 8.21884
-0.0185322 0.00156823 16.4541
-0.0133872 0.0051889 11.8088
-0.0174169 -0.00083767 15.7739
-0.00202675 0.00685198 2.21708
0.00281504 -0.000163515 -0.862249
-0.00901098 0.0111558 7.82249
-0.00032543 0.00356137 0.887251
-0.0085547 0.00570217 8.23121
0.000103102 0.0024436 0.649521
0.00443024 -0.0040874 -2.65027
0.00819045 -0.00299281 -6.44977
0.00946896 -0.0035582 -7.61843
0.008038 -0.00395766 -6.093
0.0067175 -0.00313924 -4.8148
0.00493289 -0.00296574 -2.92188
0.00214953 -0.00302345 0.127984
0.0555935 -0.0441759 -38.3528
-0.0120108 0.16221 8.5644
-0.0143055 0.159153 11.8645
0.0140818 0.147178 -19.7106
-0.0112644 0.206536 2.92182
0.0766259 0.0102251 -79.8356
-0.0575409 -0.0268273 89.9035
-0.00385383 0.0381657 36.9001
-0.00443168 0.0356025 37.2847
-0.00241777 0.0332081 37.5399
-0.00280726 0.0309188 37.8877
-0.000119821 0.0289097 37.9289
0.00701646 0.0345406 36.3274
0.0067693 0.298454 -0.535704
0.0126583 -0.0425191 49.449
0.0376523 -0.0567004 47.431
0.0293615 -0.0817492 52.5443
-0.006441 0.288194 3.99345
-0.00247415 -0.0938621 61.0365
-0.00274975 0.305786 0.593828
-0.00207585 0.305971 0.383442
-0.00207585 0.305971 0.383442
0.0282747 -0.00613664 200.834
0.0307976 -0.00717719 200.193
0.029559 -0.0755668 83.7979
0.0853525 0.163145 70.575
0.107804 -0.0187421 34.7916
-0.0350105 -0.0273517 23.3538
-0.0368844 -0.0351013 25.3088
-0.00946688 -0.0229045 9.76751
0.0199085 -0.0409638 -2.11032
0.000223545 -0.0345274 7.33384
-0.0163898 -0.0354048 17.0582
0.00951819 -0.0306192 1.24169
0.0342273 -0.00435984 -16.1505
0.0549958 -0.0106317 -28.6846
0.050009 -0.0112962 -25.548
0.181247 0.0399552 -116.105
-0.0105709 -0.0112396 10.9905
0.0044225 -0.00349464 -0.337385
0.0112262 -0.00494311 -4.59903
-0.0060773 0.00255968 6.923
-0.014567 0.0025776 13.3216
-0.0220834 0.00620024 18.5617
-0.0146646 0.00753293 12.5027
0.00666582 0.0081188 -5.3094
0.0182732 0.0126717 -15.7774
-0.00707511 0.00807248 7.17815
-0.0205065 0.00953399 18.3355
0 0 -1
-7.7066e-05 0.00600921 0.344268
-0.00498222 0.00109284 5.27092
0.00148865 0.0101696 -1.79331
0 0.0787483 -9.41435
0.000525274 0.0103566 -0.888245
0.0151333 0.00295907 -15.1281
-0.203649 0.0733039 223.411
-0.090456 0.0701449 101.412
0.0492302 0.0785208 -47.738
0 0.168939 -12.2301
0 0.168939 -12.2301
0.000444197 0.168434 -12.6779
0 0.168939 -12.2301
0 0.168939 -12.2301
0 0.168939 -12.2301
-0.00534719 0.0361063 37.2311
-0.00715334 0.0332579 37.7302
-0.00527939 0.0311328 38.0017
-0.00603894 0.0253248 38.9789
9.00247e-05 0.0233177 38.7355
0.013201 0.0191653 37.9083
0.0534104 0.0127934 33.6962
0.0355651 -0.0413837 45.2672
0.0435028 0.901859 -98.8605
0.00288747 -0.0858752 58.5675
-0.00103582 -0.0889266 59.904
-0.00250989 -0.0931556 60.9383
-0.00250329 -0.0956279 61.3376
-0.00230299 -0.0962307 61.3811
0.151595 0.254632 132.479
0.0366027 -0.0120112 198.86
0.0386762 -0.00939671 197.775
-0.05957 -0.00751162 130.215
0.123807 -0.0330119 30.7611
0.12381 -0.0330121 30.7598
-0.000380882 0.0415884 -10.0791
-0.0315615 0.0116036 15.5426
-0.0252086 0.0220766 10.4306
-0.00711706 -0.00555283 6.0549
0.0164802 0.0106304 -8.78845
-0.0180633 0.0781559 -0.602099
-0.647035 -0.0282493 369.435
0.0245765 0.0130399 -13.3117
-0.00052448 0.0330034 -2.81066
0.0599571 -0.00788694 -31.2574
0.111191 -0.0184366 -61.6053
-0.00766895 -0.00205625 7.73609
0.00966593 -0.00351605 -4.12503
0.0134977 -0.00528279 -6.29068
-0.00153608 -0.00176657 4.01639
-0.0114998 0.00273876 11.0008
-0.0148063 0.00345835 13.2927
-0.00822437 0.0126242 6.68046
-0.00328006 0.0124134 2.23859
0.00398872 0.024331 -5.60153
-0.021848 0.0031259 21.2648
-0.0101252 0.0097574 8.93769
-0.00597795 0.0138739 4.44882
0.00198611 0.00607718 -1.74205
0.00480388 0.0129522 -5.36135
0.00510875 0.0066557 -4.77611
0.00686562 0.00882982 -6.76676
0.00801752 0.00307164 -7.05714
0.00651097 0.00155994 -5.22981
0.00324332 0.00114544 -1.6773
0.147408 -0.19403 -119.411
0.542203 -0.231134 -543.493
-0.000347888 0.000517238 2.41202
-0.000811951 -0.00350585 3.557
-0.000760184 -0.0080063 4.10034
-0.00428071 -0.0039464 7.72322
-0.0088126 -0.00264628 12.7767
0.109009 0.0500468 -101.49
0.0353545 -0.187749 75.2206
-0.0151866 -0.186173 75.68
-0.00824438 0.0275262 38.7541
-0.0103431 0.0250979 39.4568
-0.00841106 0.0157098 40.8352
-0.00297585 0.000570154 42.9968
0.0128447 -0.0294137 46.3522
0.534759 -0.215692 9.25868
0.0452333 -0.208126 92.3138
0.0416264 -0.208956 93.1597
0 0 -1
0.0406766 -0.207793 93.1558
0.0399842 -0.207658 93.303
0.0399842 -0.207658 93.303
0.147276 0.00997232 176.027
0.0461071 -0.00992086 195.269
0.0411338 -0.0153649 197.883
-0.0402017 0.0328665 90.2544
-0.102708 0.0594622 100.575
0.146968 0.193777 -18.9016
-0.000415883 0.0310882 -2.10635
-0.0162224 0.0594275 0.214481
-0.0114891 0.0982582 -9.81445
-0.00431453 0.119951 -16.6841
-0.0128594 0.108448 -8.52217
0.011076 0.0926037 -18.3017
0.0322161 0.00605269 -4.48947
0.0339386 0.0109504 -6.49638
0.0389184 0.0643609 -31.193
0.0657775 -0.0657241 -25.3443
0.133845 -0.028044 -74.9646
-0.00881604 0.00536686 7.0105
0.00389063 0.00763187 -2.11973
0.00783028 0.0213796 -7.01435
-0.0127751 0.042239 4.31582
-0.0122619 0.0145493 9.07287
-0.00481973 0.0173007 2.75184
-0.00888589 0.0252714 4.69017
-0.0016473 0.0172809 -0.251645
0.0288598 0.05451 -32.0596
-0.0349342 0.0352835 26.6359
-0.0103941 0.0234255 6.65584
-0.00532865 0.0223391 2.44253
0.000960844 0.0195858 -2.89748
-0.00107041 0.017523 -0.481444
0.00256709 0.0122729 -3.07044
0.00490541 0.00837732 -4.68874
0.00350993 0.00778618 -3.14528
0.00268368 0.00448237 -1.6514
0.000755018 0.00318048 0.72519
0.0225747 0.0902295 -40.0489
0.574221 -0.00140281 -618.223
0.0237368 0.0370489 6.50922
0.198372 0.15843 -214.72
0 0.0112444 38.1804
0 0.0112444 38.1804
-0.10507 -0.00190721 131.303
0.114493 0.0578852 -109.64
-1.25419e-05 0.361145 -30.5627
-0.000268274 0.31532 -21.5441
-0.00059414 -0.0813304 57.3047
-0.0054471 -0.0785121 57.0274
-0.0112031 -0.0912484 60.0013
-0.0124472 -0.0963091 61.1083
-0.00245522 -0.0168793 46.1568
-0.00748389 -0.0156972 46.7518
-0.0122187 -0.0207583 48.4682
-0.010056 -0.00886644 45.8395
-0.010056 -0.00886644 45.8395
0.000474797 0.334176 -25.4403
0.00226723 0.333192 -25.7111
0.00226723 0.333192 -25.7111
0.00226723 0.333192 -25.7111
-0.536791 -0.0383723 391.661
0.0982702 -0.011109 177.454
-0.124056 0.00661076 119.157
-0.102057 0.0428207 103.54
0.28643 0.731295 -204.639
-0.536815 0.661621 114.236
0.0300729 0.298048 -67.7369
-0.021429 0.24406 -32.3317
0.0219336 0.180861 -40.7938
0.0246705 0.201255 -46.5473
-0.00394149 0.25561 -42.3977
0.0220835 0.0314891 -3.68363
0.0136872 0.0236599 2.93463
-0.0415971 0.258502 -17.9885
-0.00937622 0.297958 -47.409
-0.0277979 0.3216 -39.9233
-0.0471971 0.355607 -34.037
-0.0417396 0.349789 -36.5057
-0.0306212 0.294023 -32.5984
-0.0592266 0.10306 27.7096
-0.0279322 0.0680994 10.7431
0.0159161 0.0569773 -21.2008
-0.00717944 0.0534211 -2.17423
-0.00190686 0.0492225 -5.67427
-0.00697859 0.0434815 1.51687
-0.0378055 0.0512434 26.1128
-0.0163839 0.0421222 8.97591
-0.00636861 0.0184796 4.73499
-0.00545449 0.0321963 0.610804
-0.0025114 0.0224953 -0.0237095
-0.0115128 0.0189733 9.8517
-0.000442476 0.012199 0.0329694
-0.00343279 0.00123582 5.67814
0.343748 -0.185453 -307.427
0.00140254 0.00487227 -0.348169
-0.000183687 0.00334958 1.67427
0.658035 0.000254859 -711.672
-0.00250493 -0.108244 33.3579
0 -0.120529 33.0037
0.0720596 -0.148509 -45.4059
0.00791542 0.0187843 -5.81155
0.0382813 0.0530901 -50.242
0.00170264 0.0343001 -1.41682
0.000185933 -0.0182715 179.086
0.000165642 -0.0181835 179.061
0 -0.0182346 179.079
-0.00025751 -0.0168671 178.904
-0.000332876 -0.0165885 178.849
-0.000414256 -0.0163973 178.814
1.18667 -0.0359538 -97.5855
-0.000469034 -0.0159173 178.707
-0.000496615 -0.0155143 178.617
-0.00048268 -0.0143224 178.338
0.000649833 -0.0130568 177.788
0.000654678 -0.0130549 177.787
0.00067796 -0.0130468 177.779
0.00067796 -0.0130468 177.779
0.00067796 -0.0130468 177.779
-0.546649 -0.0232367 391.457
0.063534 -0.0223835 191.894
0.189062 -0.084375 -23.9461
0.0281538 0.823239 -155.772
0.243229 0.0391905 -94.1552
0.125737 -0.0504037 33.1485
0.00339766 0.25299 -45.4187
0.000984275 0.246078 -43.5911
0.0141067 0.252189 -51.0882
0.00914805 0.232063 -44.0209
0.0334213 0.197907 -49.0427
0.0251747 0.0726458 -14.6587
-0.0234073 0.0964521 8.56989
-0.0500634 0.0825362 28.1334
-0.000888623 0.285168 -49.069
0.00134829 0.337161 -62.567
-0.0352201 0.383091 -48.4727
-0.0322697 0.354763 -44.5319
-0.0887627 0.0276423 66.445
0.0068796 0.641226 -138.073
-0.0137529 0.115909 -9.77794
-0.0180389 0.0673178 3.69071
-0.00349098 0.0523942 -4.07261
0.00654746 0.0544487 -12.6463
-0.006377 0.0384994 1.91714
-0.0189638 0.0483721 10.2187
-0.0282041 0.0365461 21.705
-0.0113013 -0.000243986 14.8629
-0.00885502 -0.000401786 12.1555
0 0.209913 -43.9857
-0.00155097 0.00554173 2.5971
0.000108622 0.129045 -26.2315
-0.0579235 0.349625 3.93446
0.348718 0.17717 -391.346
0.0199195 0.270592 -72.4673
-0.0248627 0.0123877 46.0795
-0.0232318 0.0051419 45.5526
0 0.034097 0.641414
0 0.034097 0.641414
0.00489097 0.0341502 -5.13946
-0.258851 -0.00467925 333.03
0.000934385 0.0337976 -0.372488
0 0.0420818 -1.1029
0 -0.0280164 181.573
0 -0.0280164 181.573
0 -0.0280164 181.573
0.00491255 0.0983819 -17.5046
0 -0.0280164 181.573
-0.000512782 -0.0160168 178.737
0 -0.0280164 181.573
0.00259063 -0.032692 182.287
0 -0.0280164 181.573
0.00034635 -0.00653567 176.307
0.00231787 -0.0277215 180.977
-0.000405572 -0.0287241 181.844
0.00048887 -0.0131691 177.855
0.000731347 -0.0130232 177.757
0.000799128 -0.0131652 177.772
-0.549527 -0.0152641 390.571
-0.163228 0.029016 111.844
-0.387405 -0.155304 240.639
-0.0683793 -0.0550063 90.5203
-0.0168354 0.00574805 54.7072
0.0308266 0.136571 -28.8963
0.00238602 0.228263 -39.2814
-0.0273498 0.246525 -28.0987
0.00151532 0.246751 -42.9635
-0.0106016 0.191883 -23.886
-0.0155824 0.177792 -17.4241
0.0317878 0.127795 -31.0694
0.0111795 0.145781 -23.5772
0.0287345 0.200074 -47.5172
0.0521148 0.243769 -73.2783
0.053086 0.263621 -78.5005
0.0596657 0.317188 -96.1187
-0.0815276 0.0240971 62.0276
-0.0742106 0.0277918 55.7788
-0.0518824 0.0314278 38.212
-0.0227318 0.0562436 10.0134
-0.00873471 0.0534883 -0.185646
-0.000969775 0.0471288 -4.77865
-0.0101486 0.074885 -3.07745
0.00974392 -0.0415009 10.6019
-0.00360259 0.0329993 0.605925
-0.0115116 0.0201392 11.2495
-0.0390516 0.0239005 35.327
-0.0428231 0.0179264 39.9574
0.0135367 -0.10134 16.5032
-0.0358373 0.221211 15.4282
0.0464355 -0.0477833 -5.40844
-0.102794 0.182463 90.3546
-0.0528773 0.0511211 59.6359
-0.119981 0.547462 17.6721
-0.0145072 -0.00802398 39.1464
0.0151246 0.044831 -7.18687
-0.0288723 -0.105876 78.3449
0 0.161593 -18.3609
-0.00360177 0.159327 -13.5426
0.055301 0.00633496 -43.3103
-0.0102845 0.0283384 29.3123
0.134541 0.0776548 -153.88
0 0.145371 135.394
0.000490749 -0.131942 209.346
0 0.145371 135.394
0.20358 0.0477484 -11.2618
0 -0.130675 209.095
-0.000779291 -0.131563 209.43
0 -0.130675 209.095
0 0.145371 135.394
0 0.145371 135.394
-0.00116711 0.145468 135.602
-0.000138739 0.144539 135.656
-0.0030357 0.140232 137.517
-0.000451265 0.146189 135.295
0 -0.130675 209.095
0 -0.130675 209.095
0.49862 0.0157923 5.18938
0.876698 0.027161 -104.087
-0.278627 0.450538 129.748
-0.0583147 -0.00157205 73.0342
-0.101646 0.206311 15.9652
-0.116155 0.242367 11.9301
-0.208533 -0.0241085 127.878
-0.10975 -0.0285618 80.4541
0.0316135 0.182881 -43.6063
0.0315212 0.20097 -48.0442
-0.0285157 -0.3713 131.395
0.0302957 0.136237 -32.5141
0.0387916 0.316876 -85.8222
0.0390115 0.171581 -46.4902
0.0582077 0.219516 -70.6836
0.0742066 0.252093 -89.4073
0.0755641 0.268005 -94.4329
0.0814269 0.279932 -101.43
-0.0158288 0.0406551 9.03785
-0.0313906 0.039768 20.9235
-0.0160979 0.0462909 7.58772
-0.0310553 0.682637 -129.271
-0.00916202 0.0462106 2.1183
-0.005581 0.0417214 0.409489
-0.0105294 0.0417281 4.57031
-0.0206938 0.0324744 15.8581
-0.0129782 0.0409872 6.7373
0.147495 -0.16945 -82.0968
0.00872629 -0.340334 92.5719
-0.0161178 -0.324475 110.388
-0.0167377 -0.319152 109.591
-0.0131436 0.0111942 13.5428
0.00468685 -0.316273 89.3073
-0.00818331 -0.295157 96.8808
-0.00809768 -0.292289 96.1824
0 -0.325893 96.751
0.00663567 -0.309002 84.7406
0 -0.26324 79.5589
-0.00813234 -0.297993 98.484
0 -0.325893 96.751
0.0367241 0.00741282 -21.3926
0.00750079 -0.286441 76.7781
0.382621 0.426135 -555.779
0 -0.00181362 3.91197
0 -0.00181362 3.91197
0 -0.00181362 3.91197
-0.0043314 0.0255224 -4.43874
0.492878 -0.092071 -7.10162
0.000353053 0.0200412 -3.14833
-0.00245511 0.0307467 -5.91399
0.0887095 0.0176239 146.413
0.339844 0.107422 77.5449
0 0.0431641 -9.94275
-0.00710743 0.0328322 -5.27047
0 0.0431641 -9.94275
-0.00407921 0.0256168 -4.519
-0.00407921 0.0256168 -4.519
-0.036229 0.123813 38.2585
-0.0361276 0.12553 37.71
0.0321107 0.331388 -74.8963
-0.107994 -0.125633 107.113
-0.0694563 -0.242842 126.059
-0.0951313 0.179061 20.9896
-0.0884149 0.195872 13.2785
0.0169554 0.160188 -32.1148
0.0190588 0.0746294 -6.43349
-0.212731 0.0332557 120.7
0.013919 0.171182 -31.2535
-0.171564 -0.188823 167.587
0.0147076 0.338514 -77.2456
0.0178899 0.332717 -77.591
0.0803792 0.28872 -103.858
0.0808512 0.269295 -98.5217
-0.044094 0.249835 -5.6196
-0.00270137 0.294698 -48.0063
0.0742821 0.252853 -89.4351
0.0747465 0.244614 -87.0829
0.11942 0.247046 -120.131
-0.00989149 0.163638 -31.8566
-0.00934061 0.162565 -31.9651
0.485156 -0.00117188 -378.399
-0.00494771 0.132699 -26.6558
0.00141451 0.0964092 -21.2271
0.00483559 0.069585 -16.1848
-0.0334946 0.0143401 32.1973
-0.0202956 0.0322011 14.688
0.00489251 -0.0149027 3.23225
-0.00903039 0.00550415 11.1861
-0.0105157 0.0255417 6.81654
-0.0172243 0.0401701 9.2598
-0.0318975 0.0421911 23.628
-0.00979873 -0.0012619 13.5026
-0.0122361 -0.0166059 21.4534
0.115519 -0.0649667 -60.901
0.013988 0.00130507 -12.2998
-0.161815 -0.11053 256.295
0 0.000993857 3.24649
0.311652 0.0408087 -325.933
0.17815 -0.0521367 -140.116
-0.0366958 0.072422 27.842
0 0.0346819 -6.23795
-0.00436432 0.0255254 -4.43635
-0.00435982 0.0255125 -4.43283
-0.00441609 0.0254156 -4.40044
-0.00421364 0.0254533 -4.43824
-0.000972264 0.0296851 -6.15039
-9.55082e-05 0.0543512 -14.0763
-0.00424947 0.0254923 -4.44277
-0.00419318 0.0254838 -4.45055
0.0625841 0.431661 -38.8069
-0.00414724 0.0255172 -4.47099
-0.00655884 -0.0325814 138.275
-0.0681005 -0.0989448 173.658
0.364365 -0.117819 66.9652
-0.0446153 0.00456007 78.2372
-0.0577625 0.00963962 80.734
-0.0321667 0.130495 34.892
-0.0602639 -0.018228 56.69
-0.115464 0.0451488 57.8932
-0.115805 0.125868 31.932
-0.0147322 0.113496 -4.26304
0.0212046 0.140321 -27.8861
0.0506458 0.197687 -59.0151
0.0500182 0.154811 -45.703
-0.250587 0.0539211 133.726
-0.159707 0.0531319 86.933
0.0224774 -0.187535 62.9965
0.0254374 0.12373 -35.1038
0.0349291 0.13649 -44.6288
0.0397067 0.143176 -49.5805
0.0367132 0.135951 -45.3167
0.0226228 0.127506 -11.3527
-0.0063888 0.248892 -31.5537
0.0148784 0.274799 -54.4694
0.0862912 0.260921 -100.33
0.0915766 0.257798 -102.705
-0.0541626 -0.385969 201.226
-0.0541626 -0.385969 201.226
0.0159479 -0.0377185 30.8263
0.143618 -0.0491138 -71.5801
0.00631247 -0.0285459 35.7399
0.00480116 -0.0208946 34.6971
-0.00145904 -0.0107383 37.088
-0.00245892 -0.00909545 37.4702
0 -0.0178357 37.6365
-4.91541e-05 0.0114375 28.5198
-4.91541e-05 0.0114375 28.5198
-0.000272371 0.00873852 29.5875
-4.91541e-05 0.0114375 28.5198
-0.000231764 0.014577 27.7218
-0.000231764 0.014577 27.7218
0.101645 -0.079744 -41.2887
-0.199905 0.0504668 250.828
-0.199104 0.0630984 246.019
0.00635344 0.186475 -24.0349
-0.0184717 0.177128 7.98739
0.232557 -0.090095 -13.1967
0.385937 -0.475 -78.4836
0.49161 -0.157058 -309.735
-0.00550179 0.0610033 92.2007
-0.00550179 0.0610033 92.2007
-0.149288 0.327118 -81.8754
0.00553788 0.0614331 91.4584
0.000385383 0.0513252 95.2295
-0.00269227 0.0129384 108.372
0.0888703 0.140344 50.3799
0.0890249 0.140322 50.3593
0.0902704 0.140851 49.9603
-0.0452755 -0.020121 135.926
-0.903242 -0.213144 399.056
0.411485 -0.112578 52.5334
0.409658 -0.110666 52.606
0.00489272 -0.0647392 64.7949
0.00504598 -0.0644201 64.6342
0.00489272 -0.0647392 64.7949
0.00488152 -0.0647514 64.803
-0.107358 0.139475 24.5582
-0.116379 0.150143 24.4738
-0.122164 0.147351 27.7523
0.0842527 -0.193519 52.7995
-0.00508602 -0.215004 99.258
-0.0388966 -0.194678 108.648
-0.0857296 -0.100707 100.341
-0.0161027 0.0964672 -3.48866
0.0155966 0.123845 -29.665
0.0346304 0.114274 -36.7613
0.0345234 0.129067 -41.6859
0.0358314 0.134651 -44.3381
0.0360942 0.135452 -44.7652
-0.0121941 0.213188 -16.1437
0.00749704 0.15446 -10.0252
0.0456083 0.272289 -75.6517
0.0939424 0.257992 -104.577
0.107561 0.234859 -107.14
0.0691938 0.246459 -82.2939
-0.791746 0.252016 584.186
-0.0340847 -0.143984 130.191
0.00663691 -0.0348661 37.6754
0.00508453 -0.0283071 36.6903
0 -0.167139 110.358
-0.00213393 -0.00981484 37.4013
-0.0363751 0.0409489 26.9105
0.0113201 -0.156468 96.3234
-0.0011918 -0.164231 110.618
-0.0011918 -0.164231 110.618
-0.0011918 -0.164231 110.618
-0.0011918 -0.164231 110.618
-0.000231764 0.014577 27.7218
0 -0.167139 110.358
-0.0644065 -0.0742453 220.198
0.11125 0.00864659 -1.77812
-0.268263 0.0379819 331.832
0.256109 0.556772 -348.885
0 0.817222 -222.394
-0.0121135 1.14682 -315.523
-0.294991 0.127465 566.863
0.205925 0.0741815 -31.7432
0 0.0563616 89.0253
-0.0224299 -0.102779 61.1763
0.548221 -0.101669 35.9549
-0.151043 0.332126 -83.321
0 0.0563616 89.0253
0 0.0563616 89.0253
0 0.359542 -20.5724
-0.0302665 0.146636 61.848
-0.0303032 0.146871 61.7693
-0.0443334 -0.0198592 135.645
0.0269938 -0.228352 113.007
0.0266486 -0.226794 112.538
0.132296 -0.109604 76.966
0.117077 -0.139515 91.9363
0.00116305 0.734439 -233.42
-0.1012 0.141209 21.6662
-0.101688 0.14163 21.7204
-0.103136 0.144048 21.4257
-0.109693 0.154267 20.4145
-0.128341 0.157496 27.0043
-0.125823 0.146587 29.3025
0.000579581 -0.0364627 43.825
0.000579581 -0.0364627 43.825
0.000579581 -0.0364627 43.825
0.000579581 -0.0364627 43.825
0.126416 -0.132017 -3.09397
0.137504 -0.050597 -37.4602
0.000620514 -0.0262864 40.1034
0.000620514 -0.0262864 40.1034
0.000620514 -0.0262864 40.1034
0.000620514 -0.0262864 40.1034
0.135066 0.133748 -89.815
0 -0.0337831 43.1771
0.191707 -0.271283 4.34229
0.0778501 0.249824 -90.1328
0.0799696 0.249805 -91.6241
0.0813679 0.262823 -97.1781
-0.0312007 0.0236341 28.7379
-0.0312122 0.0236037 28.7585
-0.0332253 0.0289947 28.5514
-0.0360083 0.0335153 29.3501
-0.0385289 0.0370287 30.331
-0.0409561 0.0389719 31.8448
0.0456604 0.303253 -141.389
0.0267746 0.122429 -60.1545
0.0261678 0.123768 -60.0483
0.0261678 0.123768 -60.0483
-0.00464136 0.257051 -76.9972
-0.00464136 0.257051 -76.9972
-0.00430634 0.281682 -86.1616
-0.00430634 0.281682 -86.1616
-0.00055933 0.289369 -92.8898
0.0371084 0.367002 -162.688
-0.0193373 0.203983 90.3683
-0.243282 0.359125 296.47
-6.30193e-07 0.481556 -34.5837
0.00310557 0.404745 -11.698
0 0.406109 -8.37334
3.8134e-13 0.025 49.682
3.87503e-13 0.025 49.682
4.11289e-13 0.025 49.682
4.44877e-13 0.025 49.682
4.82382e-13 0.025 49.682
0 0.025 49.682
0 0.025 49.682
-0.000403632 0.0461133 41.8951
-0.000403632 0.0461133 41.8951
-0.000403632 0.0461133 41.8951
-0.000403632 0.0461133 41.8951
0.02654 -0.226601 112.492
-0.000454623 0.072504 32.1979
-0.000459848 0.0730099 32.0128
-0.000498493 0.0740421 31.6435
-0.000424544 0.0771548 30.4674
-0.000168183 0.0819383 28.6066
0.000103047 0.0871727 26.568
0.000323486 0.0928041 24.3967
0.000445966 0.0987504 22.1448
0.000350784 0.104948 19.8917
0.000107573 0.109043 18.4911
-0.000928044 0.114493 16.9689
-0.00206978 0.121286 15.0205
-0.0037039 0.121961 15.6241
-0.00563892 0.125344 15.4218
-0.00731907 0.129769 14.728
-0.00892587 0.137121 12.9364
-0.00833189 0.146054 9.25778
-0.00544625 0.151245 5.5126
-0.000364895 0.149947 2.68726
0.00857823 0.168129 -10.0635
0.02206 0.186317 -26.1522
0.041847 0.213015 -50.1795
0.0647108 0.228432 -72.7215
0.0814406 0.2255 -84.0211
0.0679962 0.233285 -76.2939
0.0418225 0.220859 -50.8426
0.0203354 0.203494 -26.8313
0.00346034 0.177425 -2.99808
-0.00722724 0.17383 7.5109
-0.0139118 0.158363 19.1398
-0.0166214 0.153258 23.4904
0.000347262 -0.121101 108.271
-0.0175449 0.152567 24.6007
-0.017731 0.150471 25.5552
-0.017731 0.150471 25.5552
0.000279589 -0.0167966 69.6126
0.000279589 -0.0167966 69.6126
0.00102259 -0.080159 92.3467
0.00102259 -0.080159 92.3467
0.00211127 -0.123845 107.341
0.00211127 -0.123845 107.341
0 -0.100632 100.95
-0.00551194 -0.101538 107.745
-0.00822932 -0.106175 112.819
-1.47045e-06 0.0647321 39.9726
-0.0289165 -0.115274 142.047
