0 1 1
1 2 3
2 3 3
3 4 3
4 5 3
5 6 0
6 7 2
7 8 0
8 9 3
9 10 3
10 12 0
12 13 3
13 14 3
14 15 3
15 16 3
16 17 3
17 18 3
18 19 3
19 20 3
20 21 3
21 22 3
22 82 0
26 82 3
26 29 3
29 32 3
32 33 3
33 34 3
34 36 3
36 38 3
38 39 3
39 41 3
41 42 3
42 102 3
43 102 3
43 392 3
228 392 3
53 228 3
53 54 1
54 56 0
56 229 3
42 101 3
101 102 3
26 86 3
29 86 3
36 92 3
34 92 3
36 95 2
39 98 3
29 30 3
95 152 3
30 32 3
36 152 2
38 95 3
9 67 3
95 153 3
8 66 3
8 67 3
39 97 3
41 98 3
22 138 0
82 138 3
82 83 3
97 98 3
7 66 0
80 138 3
26 83 3
392 621 3
7 65 0
27 86 3
29 143 3
621 629 3
6 65 0
10 68 3
12 70 1
14 72 3
82 140 3
26 27 3
38 96 3
9 68 3
13 72 3
15 73 3
20 78 0
21 78 0
22 80 0
138 140 3
83 140 3
32 146 3
95 96 3
10 69 3
14 73 3
16 73 3
21 79 0
22 79 0
30 146 3
42 99 3
68 69 3
27 83 3
39 96 3
41 99 3
0 58 3
0 59 3
1 59 0
2 60 0
3 61 0
4 62 0
5 63 0
6 64 1
16 74 3
17 74 3
17 75 3
18 76 3
19 77 0
54 228 0
59 60 3
60 61 3
61 62 3
62 63 3
63 64 1
64 65 0
65 66 0
66 67 3
67 68 3
13 70 1
73 74 3
74 75 3
75 76 3
76 77 3
77 78 3
30 143 3
33 146 3
99 101 3
56 228 3
115 229 0
58 59 3
12 69 1
72 73 3
43 219 3
69 70 3
70 72 0
79 80 3
96 97 3
102 219 3
43 508 3
66 125 3
78 79 3
98 99 3
392 508 3
67 125 3
33 92 3
92 152 3
83 141 3
86 143 3
92 146 3
27 141 3
101 158 3
219 508 3
150 152 3
99 158 3
228 229 3
138 139 3
36 150 3
152 153 3
70 129 3
69 129 3
86 141 3
139 140 3
128 129 3
69 127 3
69 128 3
146 148 3
68 126 3
92 149 3
96 155 3
141 143 3
146 149 3
97 155 3
66 124 0
72 131 3
74 132 3
102 160 3
173 229 0
115 173 1
59 117 3
65 124 0
124 125 1
67 126 3
68 127 3
73 131 3
75 132 3
76 134 3
77 134 3
99 157 3
101 159 3
160 219 3
58 116 3
58 117 3
60 118 3
61 119 3
62 120 3
63 121 3
64 122 0
65 123 1
70 130 3
72 130 1
74 131 3
78 136 3
79 137 3
148 149 3
98 155 3
98 156 3
98 157 3
158 159 3
102 159 3
163 392 0
116 117 3
117 118 3
118 119 3
119 120 3
120 121 3
121 122 3
122 123 1
123 124 0
75 133 3
75 134 3
79 136 3
83 145 3
95 155 3
155 156 3
163 508 0
126 127 3
132 133 3
133 134 3
80 137 3
156 157 3
125 126 3
129 130 3
77 136 3
136 137 3
157 158 3
127 128 3
130 131 0
77 135 3
152 209 3
131 132 3
137 138 3
92 209 3
141 145 3
92 208 3
160 336 3
134 135 3
135 136 3
149 208 3
336 508 3
219 336 3
159 160 3
146 205 3
148 205 3
140 199 3
83 199 3
145 199 3
130 189 0
131 189 2
143 377 3
30 377 3
208 209 3
128 186 0
127 184 0
127 186 0
126 184 0
139 199 3
146 377 3
152 210 3
153 210 3
130 187 0
137 196 3
89 377 3
153 211 3
155 214 3
156 214 3
508 621 3
129 187 0
131 190 2
132 190 2
135 193 1
136 193 3
138 196 3
158 217 3
119 177 3
120 177 3
130 188 0
189 190 3
205 377 3
148 206 3
149 206 3
95 211 3
158 216 3
159 217 3
228 345 3
188 189 3
195 196 3
141 377 3
157 216 3
116 174 3
117 175 3
118 176 3
120 178 3
121 179 3
122 180 3
123 181 0
124 182 0
125 183 0
127 185 0
129 186 0
187 188 0
133 135 3
137 195 3
149 207 3
155 213 3
157 215 3
174 175 3
118 175 3
176 177 3
177 178 3
178 179 3
179 180 3
180 181 3
181 182 3
182 183 3
183 184 1
184 185 3
185 186 0
186 187 2
207 208 3
213 214 3
214 215 3
216 217 3
163 395 0
392 395 3
345 392 3
175 176 3
139 196 3
206 207 3
210 211 3
215 216 3
135 192 1
136 195 3
199 254 3
89 141 3
160 217 3
199 258 3
141 203 3
205 206 3
209 210 3
95 213 3
345 621 3
132 135 3
89 203 3
139 254 3
135 190 2
217 275 3
135 249 1
145 258 3
145 435 3
160 275 3
190 249 1
192 193 0
435 492 3
192 249 3
193 195 3
258 435 3
141 435 3
211 213 3
196 254 3
211 270 3
160 508 3
189 248 1
190 248 1
209 268 3
210 268 3
213 270 3
203 435 3
248 249 3
275 508 3
216 275 3
193 252 0
195 252 3
203 377 3
209 267 3
175 233 3
176 233 3
188 246 1
377 435 3
208 267 3
267 268 3
184 242 3
187 246 1
213 271 3
214 271 3
229 288 1
174 232 3
174 233 3
176 234 3
177 235 3
178 236 3
179 237 3
180 238 3
181 239 3
182 240 3
183 241 3
185 242 3
187 245 3
189 246 1
189 247 1
193 251 0
199 315 3
258 315 3
206 264 3
207 265 3
208 266 3
211 269 3
214 272 3
214 273 3
215 273 3
216 274 3
282 621 0
229 345 3
232 290 0
232 233 3
233 234 3
234 235 3
235 236 3
236 237 3
237 238 3
238 239 3
239 240 3
240 241 3
241 242 1
185 243 0
186 243 1
245 246 1
246 247 3
247 248 3
192 251 0
264 265 3
266 267 3
268 269 3
269 270 3
270 271 3
271 272 3
273 274 3
274 275 3
243 244 0
186 244 3
187 244 2
207 266 3
272 273 3
242 243 0
244 245 2
205 263 3
206 263 3
265 266 3
254 314 3
199 314 3
263 264 3
314 315 3
283 621 0
288 345 0
263 377 3
254 312 3
249 251 0
251 252 3
196 312 3
254 313 3
377 492 3
252 310 3
313 314 3
249 307 3
251 307 1
312 370 3
315 375 3
315 435 3
245 303 3
195 311 3
195 312 3
312 313 3
374 492 3
244 303 2
245 304 1
246 304 1
252 311 3
311 312 3
374 435 3
374 377 3
263 322 3
251 309 3
252 309 3
264 322 3
248 307 3
309 310 3
268 326 3
269 326 3
233 291 3
234 291 3
310 311 3
274 333 3
275 333 3
242 300 3
243 300 1
303 304 1
263 320 3
266 324 3
267 326 3
333 508 3
282 283 3
234 292 3
235 293 3
236 294 3
237 295 3
238 296 3
239 297 3
240 298 3
241 299 3
247 304 1
247 305 1
248 306 1
265 323 3
265 324 3
267 325 3
269 327 3
270 328 3
271 329 3
272 330 3
273 331 3
291 292 3
292 293 3
293 294 3
294 295 3
295 296 3
296 297 3
297 298 3
298 299 3
299 300 1
304 305 1
305 306 0
306 307 0
322 323 3
324 325 3
325 326 3
327 328 3
328 329 3
329 330 3
330 331 3
274 331 3
323 324 3
326 327 3
274 332 3
233 290 2
331 332 3
332 333 3
320 377 3
290 291 2
244 359 1
243 359 1
320 322 3
333 391 3
391 508 3
300 359 1
321 377 3
320 321 3
229 401 3
375 435 3
345 401 3
229 404 1
342 401 3
322 379 3
401 404 1
290 348 1
374 375 3
320 379 3
291 348 3
307 366 0
311 369 3
374 430 3
300 358 1
251 366 1
310 369 3
358 359 3
309 366 1
306 364 0
321 374 3
332 391 3
304 362 3
305 364 3
309 368 3
310 368 3
303 362 1
312 369 3
292 350 3
293 351 3
294 352 3
295 353 3
296 354 3
297 356 1
298 356 1
299 357 1
300 357 1
303 361 3
304 363 1
305 363 3
307 365 0
309 367 1
322 380 3
323 381 3
324 382 3
325 383 3
326 384 3
327 385 3
328 386 3
329 386 3
329 387 3
330 387 3
291 350 3
350 351 3
351 352 3
352 353 3
353 354 3
297 354 3
298 357 1
244 361 2
361 362 1
362 363 1
363 364 3
364 365 0
365 366 3
367 368 0
368 369 3
380 381 3
381 382 3
382 383 3
383 384 3
384 385 3
385 386 3
379 380 3
386 387 3
297 355 1
361 419 1
330 388 3
331 388 3
362 419 1
321 379 3
387 388 3
331 389 3
563 621 3
401 402 1
354 355 1
355 356 3
356 357 1
357 358 1
366 367 0
313 315 3
379 436 1
388 389 3
508 563 3
404 462 2
369 370 3
401 462 1
244 418 1
375 430 3
321 434 3
331 391 3
359 418 0
361 418 3
313 429 3
374 434 3
321 436 1
312 429 3
387 445 3
331 448 3
391 448 3
398 621 0
315 430 3
348 407 1
291 407 1
315 372 3
458 621 0
370 429 3
313 372 3
372 430 3
315 373 3
373 375 3
359 417 3
373 430 3
358 417 3
389 448 3
398 458 1
391 449 3
372 429 3
386 444 3
388 445 3
448 449 3
358 416 0
417 418 0
387 444 3
383 441 3
356 414 1
357 414 2
357 415 1
358 415 0
382 441 3
384 442 3
385 442 3
391 450 3
450 508 3
345 690 2
342 345 3
291 408 1
350 408 1
354 412 1
355 412 3
355 414 2
415 416 0
419 420 0
362 420 3
367 425 3
370 428 3
514 621 3
342 690 2
402 460 3
348 406 1
407 408 1
351 409 1
352 410 1
353 411 1
363 420 0
363 421 3
364 422 1
365 423 0
366 424 0
368 425 1
369 428 3
379 437 3
380 438 3
381 439 3
382 440 3
401 460 1
408 409 3
409 410 3
410 411 3
411 412 3
420 421 1
421 422 3
422 423 0
423 424 3
424 425 3
368 426 3
436 437 0
437 438 3
438 439 3
439 440 3
440 441 3
441 442 3
385 443 3
385 444 3
389 445 3
406 407 0
355 413 3
414 415 3
369 426 3
412 413 3
413 414 2
369 485 3
442 443 3
444 445 3
416 417 1
418 419 1
369 486 3
374 488 3
443 444 3
449 450 3
428 486 3
485 486 3
428 429 3
425 426 0
426 485 3
434 436 1
445 503 3
621 690 2
444 503 3
426 484 3
445 504 3
425 484 0
430 488 3
503 504 3
409 467 0
410 467 0
415 474 1
416 474 1
416 475 2
372 487 3
444 502 3
514 690 0
417 475 0
439 497 3
440 497 3
502 503 3
389 504 3
374 436 1
436 495 0
437 495 3
514 563 3
516 621 0
418 475 2
429 487 3
516 690 0
407 464 0
408 464 0
411 470 0
412 470 0
418 476 3
438 497 3
440 498 3
448 504 3
449 508 3
406 464 0
410 469 0
411 469 0
413 470 0
413 471 0
414 471 0
419 477 2
420 478 3
422 479 3
422 480 0
423 481 0
424 482 1
425 483 0
483 484 3
441 498 3
441 499 3
442 500 3
409 464 0
475 476 3
476 477 1
419 478 0
421 478 0
421 479 3
480 481 3
481 482 1
425 482 1
483 541 1
486 487 3
374 550 2
438 496 3
497 498 3
498 499 3
499 500 3
443 500 3
443 502 3
415 471 0
478 479 1
479 480 0
484 485 3
429 486 3
449 507 3
467 469 3
474 475 0
482 483 0
437 496 3
496 497 3
443 501 3
401 576 1
464 467 3
469 470 3
501 502 3
477 478 0
495 496 3
500 501 3
471 474 1
413 468 0
507 508 3
468 470 3
468 471 3
430 489 3
372 489 3
430 549 1
374 549 1
549 550 0
453 563 3
690 857 0
464 466 3
453 514 3
342 857 3
466 467 3
374 551 2
550 551 3
487 546 2
372 546 2
503 562 3
511 563 0
484 542 2
548 549 3
502 560 3
504 562 3
449 506 3
506 507 3
483 540 0
487 545 3
430 548 1
495 552 1
501 560 3
476 534 1
477 534 0
483 542 2
485 542 2
436 552 2
545 546 3
489 546 3
495 554 2
448 562 3
464 522 1
464 523 1
466 523 1
474 532 0
475 532 0
482 540 0
486 544 2
495 553 2
496 554 2
401 857 3
466 525 1
467 525 1
467 526 1
469 526 1
471 530 1
471 531 1
475 534 1
479 537 0
480 538 1
481 539 1
482 539 0
541 542 0
485 544 2
487 544 2
497 555 2
499 557 3
500 558 3
469 527 1
468 469 3
468 530 1
474 531 1
475 533 1
478 537 0
537 538 2
538 539 0
539 540 1
540 541 1
485 543 2
430 546 1
374 552 1
553 554 3
554 555 3
498 555 2
498 557 3
557 558 3
501 558 3
501 559 3
448 506 3
468 527 1
532 533 1
533 534 0
551 552 3
552 553 0
498 556 2
503 560 3
506 562 3
506 508 3
522 523 3
466 524 1
530 531 3
543 544 3
544 545 3
555 556 3
556 557 3
559 560 3
560 562 3
524 525 3
525 526 3
468 528 1
478 536 0
542 543 3
523 524 3
526 527 3
527 528 3
477 535 0
478 535 0
558 559 3
531 532 0
534 535 3
536 537 3
506 620 3
468 529 1
529 530 3
562 620 3
535 594 0
535 536 0
536 594 3
430 604 1
528 529 3
546 604 3
562 618 3
430 606 1
560 618 3
548 606 3
544 602 3
557 616 3
538 596 0
539 596 1
604 606 3
550 609 3
551 609 3
553 612 3
554 612 3
558 616 3
506 563 3
533 591 3
537 595 3
538 595 2
543 602 3
557 614 1
537 594 3
559 616 3
523 581 0
524 581 0
524 582 0
530 532 0
535 593 1
540 599 0
541 599 3
542 599 2
545 603 3
549 607 3
550 607 1
559 617 3
560 617 3
525 582 0
525 583 0
532 591 1
595 596 0
546 603 3
604 605 3
548 607 3
552 610 2
556 614 2
401 636 2
401 637 3
522 580 0
526 583 0
527 585 0
528 586 0
534 591 1
539 598 1
540 598 1
544 603 3
605 606 3
553 610 3
553 611 3
555 612 3
555 614 2
580 581 3
526 584 0
526 585 0
585 586 3
529 586 0
534 592 1
594 595 3
539 597 0
551 610 3
611 612 3
617 618 3
636 637 3
581 582 3
582 583 3
584 585 3
534 593 2
596 597 0
597 598 1
603 604 3
606 607 3
610 611 3
612 614 0
614 615 1
557 615 3
615 616 3
616 617 3
583 584 3
592 593 1
593 594 0
542 600 2
607 609 3
609 610 3
599 600 3
602 603 3
529 532 0
532 590 1
591 592 0
542 602 3
453 861 3
590 591 1
562 676 3
598 599 0
600 602 3
576 692 3
401 692 1
618 676 3
599 658 2
600 658 3
620 676 3
529 645 1
689 690 3
532 645 1
453 689 1
514 689 1
401 752 1
586 645 1
532 647 1
689 861 0
532 646 1
590 647 1
620 680 3
645 646 0
646 647 3
606 664 3
607 664 3
607 665 3
612 670 2
614 670 1
598 658 0
605 664 3
664 665 3
609 665 2
617 675 3
688 861 0
609 667 3
610 667 3
616 675 3
617 676 3
506 624 3
636 694 3
603 662 3
604 662 3
611 670 2
563 624 3
637 694 3
593 651 0
594 651 1
609 666 2
611 669 3
401 694 2
580 638 1
581 639 1
582 640 1
583 641 1
584 642 1
585 643 1
586 644 1
590 648 1
591 649 0
592 650 0
594 652 0
595 653 0
596 654 1
597 655 1
598 656 3
665 666 0
614 671 1
506 680 3
506 739 3
638 639 3
639 640 3
640 641 3
641 642 3
642 643 3
643 644 3
648 649 3
649 650 3
650 651 3
651 652 0
652 653 3
653 654 1
654 655 3
655 656 3
656 658 0
670 671 3
614 672 1
675 676 3
453 624 3
688 689 1
644 645 3
647 648 3
605 662 3
610 669 3
669 670 0
671 672 3
615 672 3
637 752 1
662 664 3
600 717 3
666 667 1
667 669 3
694 752 1
658 715 3
602 718 3
624 861 3
658 717 3
602 662 3
656 715 0
602 717 3
615 675 3
717 718 3
674 676 3
676 735 3
620 735 3
624 739 3
662 718 1
667 726 3
674 675 3
680 735 3
669 726 3
715 716 3
658 716 3
662 721 3
674 735 3
718 719 0
680 739 3
662 719 3
669 727 3
615 674 3
671 673 3
664 721 3
726 727 3
670 673 3
672 673 3
624 801 3
801 861 3
688 746 1
689 746 1
646 704 0
670 728 1
645 704 0
647 704 0
656 714 3
669 728 3
673 728 1
746 861 0
714 715 0
662 720 3
664 723 3
665 723 3
666 723 1
615 673 3
680 738 3
738 739 3
624 741 3
638 696 0
639 697 0
640 698 0
641 699 0
642 700 0
643 701 0
644 702 0
645 703 3
647 705 0
648 706 0
649 707 0
650 708 0
653 711 3
653 712 2
654 712 0
655 713 0
720 721 3
664 722 3
666 724 1
667 725 3
727 728 3
739 741 3
401 1043 1
696 697 3
697 698 3
698 699 3
699 700 1
700 701 0
701 702 1
702 703 1
703 704 0
704 705 3
705 706 3
706 707 3
707 708 3
651 708 0
651 709 0
652 710 3
652 711 3
712 713 0
713 714 1
716 717 3
721 722 3
722 723 3
723 724 3
724 725 3
689 745 1
690 745 1
401 690 1
709 710 3
711 712 2
719 720 3
725 726 3
708 709 3
745 861 0
401 745 1
673 674 3
745 746 3
710 711 3
674 734 3
741 801 3
745 801 0
734 735 3
717 775 3
680 796 3
738 796 3
718 775 3
735 796 3
745 1034 0
716 775 3
801 1034 1
735 793 3
710 768 3
716 774 3
734 793 3
735 794 3
711 768 3
714 772 0
715 772 2
715 774 3
718 776 3
673 787 1
738 797 3
739 797 3
741 858 3
709 768 3
713 772 3
775 776 3
725 784 3
726 784 3
728 787 3
801 858 3
706 764 3
709 767 3
711 769 3
712 770 3
715 773 3
719 776 1
727 784 3
727 785 3
739 740 3
696 754 1
697 755 1
698 756 1
699 757 1
700 758 1
701 759 1
702 760 1
703 761 3
704 762 3
705 763 0
707 764 3
708 766 3
713 770 1
713 771 1
774 775 3
719 777 1
720 778 3
721 779 3
722 780 3
723 781 3
724 782 3
728 785 3
740 741 3
754 755 3
755 756 3
756 757 3
757 758 3
758 759 3
759 760 3
760 761 3
761 762 0
762 763 0
763 764 1
709 766 3
769 770 1
770 771 1
771 772 0
772 773 2
773 774 3
776 777 3
777 778 3
778 779 3
779 780 3
780 781 3
781 782 3
725 782 3
784 785 3
793 794 3
740 797 3
707 766 2
674 791 3
796 797 3
725 783 3
673 791 3
734 791 3
735 795 3
768 769 3
794 795 3
795 796 3
782 783 3
783 784 3
766 767 3
401 810 1
728 844 3
764 766 2
785 844 3
787 844 3
767 768 3
673 848 3
791 848 3
766 823 0
785 843 1
764 823 0
796 854 3
797 854 3
401 1034 1
787 845 3
771 829 0
772 829 2
784 843 1
844 845 3
774 832 2
772 830 3
773 830 3
775 832 2
843 844 0
768 826 2
768 827 0
769 827 0
773 832 0
673 847 3
734 850 3
794 852 3
797 855 3
754 812 3
755 813 3
756 814 3
757 815 3
758 816 3
759 817 3
760 818 3
761 819 3
762 820 0
763 821 3
764 822 0
766 824 1
767 824 1
767 826 2
770 828 0
829 830 1
775 833 3
776 834 0
777 835 0
778 836 0
779 837 0
780 838 0
781 839 0
782 840 0
783 841 0
784 841 0
847 848 3
791 849 3
791 850 3
793 852 3
795 853 3
740 855 2
858 1034 1
812 813 3
813 814 3
814 815 3
815 816 3
816 817 3
817 818 3
818 819 3
819 820 0
820 821 3
821 822 3
822 823 3
827 828 3
832 833 3
833 834 3
834 835 3
835 836 0
836 837 1
837 838 3
838 839 3
839 840 3
840 841 3
849 850 3
852 853 3
796 853 3
771 828 0
854 855 1
784 900 1
848 849 3
841 900 1
673 845 1
823 824 1
843 900 0
741 916 1
858 916 1
826 827 0
673 846 1
853 854 3
828 829 3
845 846 3
734 852 3
830 832 0
832 890 3
858 917 1
824 826 0
846 847 0
917 1034 3
830 889 0
832 889 3
889 890 3
734 909 1
852 909 1
740 916 1
826 883 3
820 878 1
824 883 0
829 887 3
853 911 1
854 911 1
850 909 1
855 914 1
740 914 1
401 925 1
822 881 1
823 881 1
828 886 3
854 912 1
824 881 3
827 886 3
830 888 1
844 902 3
855 912 1
916 917 3
812 870 0
813 871 0
814 872 0
815 873 0
816 874 0
817 875 0
818 876 0
819 877 0
822 880 1
824 882 3
829 888 1
888 889 0
833 891 3
834 892 3
836 894 1
837 895 3
837 896 3
838 896 3
839 897 1
840 898 1
841 899 3
843 901 0
843 902 0
844 903 3
845 903 3
847 905 1
848 906 1
849 907 1
850 908 1
855 913 1
870 871 3
871 872 3
872 873 3
873 874 3
874 875 3
875 876 3
876 877 3
877 878 1
821 879 1
822 879 1
880 881 1
887 888 1
890 891 3
891 892 3
835 892 3
835 894 3
836 895 1
896 897 1
897 898 3
898 899 0
900 901 3
901 902 3
902 903 3
846 903 3
846 904 3
846 905 3
905 906 0
906 907 3
907 908 1
908 909 0
852 911 1
911 912 3
912 913 3
879 880 3
881 882 3
829 886 1
835 893 3
894 895 3
899 900 1
820 879 1
892 893 3
903 904 3
913 914 3
882 883 0
826 885 0
827 885 2
886 887 0
893 894 3
904 905 3
885 886 1
852 968 3
909 968 0
911 968 0
895 896 3
883 942 0
826 942 0
740 1031 1
916 1031 3
885 942 1
916 974 3
917 974 3
885 943 2
914 972 3
740 972 1
881 939 0
882 939 0
883 941 0
886 943 0
878 879 1
972 1031 0
880 938 3
941 942 2
888 946 1
900 959 3
901 959 3
904 1021 3
906 964 1
913 971 0
870 928 2
871 929 0
872 930 0
873 931 2
874 932 0
875 933 0
876 934 1
877 935 2
879 938 3
886 944 0
887 945 3
887 946 1
889 947 3
890 948 3
891 949 3
892 950 3
894 952 3
895 952 3
896 954 0
897 955 1
898 956 0
899 957 3
900 958 0
905 964 3
907 965 1
912 970 0
914 971 0
928 929 0
929 930 3
930 931 1
931 932 0
932 933 0
933 934 1
876 935 2
878 935 0
938 939 1
882 940 0
883 940 0
943 944 3
944 945 3
946 947 0
947 948 3
948 949 3
949 950 3
893 950 3
895 954 0
954 955 1
955 956 0
956 957 3
957 958 3
958 959 1
964 965 3
908 965 1
908 966 3
911 970 0
970 971 3
878 936 0
879 936 3
939 940 0
945 946 1
902 959 3
965 966 0
909 966 1
971 972 1
974 1031 3
893 952 3
934 935 0
940 941 3
942 943 0
893 1009 3
959 960 3
902 960 3
1020 1021 3
911 1027 0
952 1009 3
903 961 3
904 1020 3
905 1021 3
968 1027 3
974 1034 3
879 937 3
937 938 3
902 961 3
904 961 3
909 967 3
950 1009 3
895 1011 3
966 967 0
967 968 0
970 1027 3
935 936 0
936 937 3
952 1011 3
954 1011 1
960 961 3
401 984 1
974 1032 3
1032 1034 3
961 1020 3
964 1021 3
936 994 1
937 994 1
934 992 0
964 1022 3
933 992 1
935 992 2
940 998 0
965 1022 3
970 1028 3
1031 1032 3
933 991 0
935 994 1
937 995 3
941 998 0
960 1018 0
961 1019 0
971 1028 3
932 991 0
991 992 1
935 993 2
938 995 3
939 998 0
945 1004 3
946 1004 0
959 1017 3
959 1018 0
960 1019 0
928 986 2
929 987 1
930 988 1
931 989 2
932 990 1
993 994 1
938 996 3
939 997 0
941 999 0
942 1000 0
943 1001 1
944 1002 1
945 1003 3
947 1005 3
948 1006 3
949 1007 3
950 1008 3
952 1010 3
954 1012 1
955 1013 0
956 1014 3
957 1015 1
958 1016 1
1019 1020 1
965 1023 0
966 1024 0
967 1025 0
968 1026 3
971 1029 3
972 1030 0
986 987 3
987 988 3
988 989 3
989 990 3
990 991 0
995 996 3
996 997 3
997 998 0
998 999 1
999 1000 3
1000 1001 3
1001 1002 3
1002 1003 0
1003 1004 3
1004 1005 3
1005 1006 3
1006 1007 3
1007 1008 3
1008 1009 3
1009 1010 3
1010 1011 3
1011 1012 3
1012 1013 3
1013 1014 3
1014 1015 3
1015 1016 3
1016 1017 1
1021 1022 3
1022 1023 0
1023 1024 3
1024 1025 3
1025 1026 3
1026 1027 3
1027 1028 3
1028 1029 3
1029 1030 3
1030 1031 3
994 995 0
1017 1018 0
1018 1019 3
992 993 3
