-0.0117182 -0.0275431 9.63581
0.0023945 -0.139663 64.2832
0.00235891 -0.140006 64.2886
0.00225308 -0.140686 64.3023
0.00215591 -0.141696 64.3197
0.00225068 -0.143026 64.3199
1.45134 0.100565 -156.188
0.127222 0.172612 44.0233
-0.169904 -0.102208 87.2988
-0.185258 -0.0925796 90.692
-0.173111 -0.035808 86.8589
-0.0425559 -0.0019274 27.4605
-0.0408076 -0.0257577 27.0436
-0.0380007 -0.0355828 26.6622
-0.01717 -0.032912 19.8685
0.0357717 -0.0698404 3.48707
0.0620883 -0.131181 -4.05708
0.0101008 -0.181255 15.3268
0.0180548 -0.218591 12.3776
0.0752699 -0.164639 -11.6766
0.111486 -0.186767 -26.7801
0.109901 -0.202829 -25.6898
0.110115 -0.194324 -25.9294
-0.0607986 0.280807 57.2787
-0.0880794 0.51924 47.5241
-0.0200805 -0.00216258 14.906
-0.0157276 -0.00638674 12.4978
-0.00939171 -0.00411162 8.19672
-0.00148075 -0.0300359 3.66982
0.0157694 -0.0183294 -6.99386
0.0167571 -0.00358766 -8.40918
0.036994 -0.0758403 -19.9939
0.0316556 -0.0477315 -16.4527
-0.0100261 -0.0746155 12.9165
0.0180332 -0.114872 -7.13276
-0.00201164 -0.0680623 6.66854
-0.0189452 -0.200417 23.8468
-0.0985169 -0.147502 88.1475
-0.0284966 -0.0997488 30.4588
-0.0542698 -0.0976211 51.9217
-0.0895208 -0.0697364 82.0273
-0.0413836 -0.0187993 38.4847
0.00392427 0.00996435 -2.5233
0.00544867 0.001229 -3.56316
-0.138636 -0.0575602 135.554
0.0183375 0.00286664 -15.7363
-0.280776 0.0801238 300.833
0.014429 -0.00331996 -11.5543
0.00340163 -0.0111984 -0.773459
0.00398669 -0.0106183 -1.44093
0.00534484 -0.0429194 -2.02548
0.00117417 -0.0477732 2.84016
-0.00741693 -0.0766779 13.3564
0.0138974 -0.0419341 -10.9794
0.11303 -0.258192 9.04435
0 0.176693 3.97856
0.00989694 0.00540758 -8.6219
0 0.176693 3.97856
-0.0198462 -0.0205466 9.41041
-0.0183215 -0.024717 9.59517
-0.0154539 -0.0259904 9.48185
-0.0096297 -0.0280268 9.17509
-0.00527594 -0.0271889 8.78303
-0.00350535 -0.0247457 8.52412
-0.119037 0.0199104 78.4359
0.458533 -0.0452194 -13.0666
-0.175207 -0.0211688 85.8883
-0.198032 -0.0413054 91.0474
-0.152873 -0.0607119 82.8475
-0.0860531 -0.0608698 66.505
-0.0634495 -0.052501 59.8536
-0.0429733 -0.108354 55.8905
-0.0258205 -0.0721602 23.6112
0.0109008 -0.110304 12.7536
0.00761348 -0.15851 15.67
-0.0279734 -0.169346 29.094
-0.0531784 -0.187602 39.5091
-0.058138 -0.0888331 37.5416
-0.0950132 -0.0177145 50.732
-0.066739 0.00863336 36.5194
-0.0576925 0.00732795 32.0613
-0.0224423 0.0147078 14.8381
-0.0105158 0.0287367 8.00213
-0.00931558 0.00595535 7.82987
-0.0194282 -0.00573809 14.1612
-0.115277 0.0883536 67.5359
-0.000272019 0.00492202 2.06704
0.0054985 -0.00706339 -0.743867
0.00946493 -0.0179721 -3.13239
-0.00601758 0.00102847 6.07282
-0.000433889 -0.0586497 5.31849
0.0321359 -0.247767 -10.5411
0.00254102 -0.0615765 3.15514
-0.217312 -0.746945 200.419
-0.0143495 -0.0764296 16.9703
-0.00280862 -0.0756579 8.11558
-0.0259694 -0.0794813 27.3701
-0.0277376 -0.0522228 27.5141
-0.0280424 -0.025525 26.9194
-0.00762385 -0.00937713 8.33019
-0.102171 -0.0082203 94.0573
0.00967677 0.0016629 -7.7702
0.0109992 0.00379557 -8.93436
0.0094829 -0.000759503 -6.74875
0.00412269 -0.0712004 2.96991
0.00163112 -0.0590965 5.06527
-0.0131091 -0.0696913 20.8058
0.0113174 0.180413 -11.1535
0 -0.0648393 6.94992
-0.00848068 -0.0708267 16.5357
0 -0.0337391 6.10763
0.122009 0.103285 -6.22552
-0.0963553 0.027992 249.819
-0.0029067 -0.0127033 7.2344
0.540534 -0.267992 -574.143
0.610557 -0.176691 -662.693
-0.0275794 -0.00713054 8.93763
-0.0230038 -0.0180844 9.44806
-0.0223399 -0.0228912 9.67307
-0.0103772 -0.027998 9.21227
-0.00391265 -0.0267733 8.61366
0.000185504 -0.0248513 8.09384
0.00141544 -0.0243323 7.92175
0.957905 -0.0696174 -89.8273
-0.165379 0.268594 62.1923
-0.230318 -0.0203815 97.7314
-0.181679 -0.0306565 88.1558
-0.118054 -0.0780553 74.5509
-0.0628886 -0.0868832 61.4111
-0.0438493 -0.0572976 54.7696
0.00941497 -0.107313 41.4761
-0.00671206 -0.130715 19.4662
-0.0207059 -0.143608 25.1834
-0.0293971 -0.14466 28.3957
-0.0505772 -0.140199 36.4961
-0.0336257 -0.0929349 27.0756
-0.059097 0.000149856 33.4419
-0.0499694 0.0268259 28.3629
-0.0210717 0.0247533 13.6991
-0.0280813 0.020176 17.9523
-0.0234008 0.0111229 15.214
-0.00778064 0.00766098 6.66206
3.34911 -0.00599282 -1886.97
0.00434808 0.00420141 -0.708723
-0.0850017 -0.274675 67.6827
-0.0246496 0.0193415 16.0667
-0.00237136 -0.0256266 5.62391
-0.00630658 0.00541568 6.26038
-0.0139214 -0.0157549 12.5696
-0.00334237 -0.0252204 5.76349
-0.0106169 -0.12458 16.4907
-0.00717763 -0.0150648 7.61424
0.000905775 -0.0532656 3.80724
-0.00322466 -0.0285059 5.53655
-0.0105403 -0.0563057 13.375
-0.0163144 -0.028459 17.0473
-0.0159694 -0.0196071 16.3416
-0.0066149 -0.0119645 7.5566
0.0097458 -0.00307176 -7.75197
0.0211291 0.00231056 -18.5282
0.00320457 0.000690569 -0.892231
-0.00152972 -0.0273834 5.72084
0.00140738 -0.00103947 0.755673
-0.280077 0.00837139 301.543
-0.121652 0.301897 122.26
0 -0.234689 15.4557
0.118307 0.0514345 -125.554
-0.0853169 -0.0807885 112.572
0 -0.173443 22.899
0 0.263453 -4.47791
0 -0.173443 22.899
0.00462494 -0.190361 18.3663
0.0220206 0.259154 103.759
0.0604262 0.171895 61.6107
-0.0414917 -0.00454907 9.04121
-0.0329076 -0.0180726 9.81447
-0.0293993 -0.0212144 9.84883
-0.00892139 -0.0275591 9.05566
-0.00185475 -0.0257346 8.34137
0.00131314 -0.0250926 7.97272
0.00223074 -0.0252227 7.87257
0.00212377 -0.0272027 8.04667
0.00147853 -0.0284857 8.25615
0.00116339 -0.0292712 8.37481
0.0588924 0.0143184 0.947353
0.0665278 0.00675148 -0.193528
0.695801 -0.014775 -175.157
0.289492 -0.0403963 -59.8487
-0.122649 0.173146 40.6381
-0.122627 0.173074 40.6347
-0.122068 0.170498 40.6408
-0.0122998 -0.0996251 23.8918
-0.0246021 0.00259273 133.449
-0.106745 0.0103922 55.3391
0.00895708 -0.0827592 9.42098
-0.0455148 -0.0390414 31.0444
-0.0383366 -0.0122609 25.9967
-0.0304696 -0.0110264 21.4098
-0.00102528 -0.0246644 7.91939
-0.0228236 0.00630954 16.1211
-0.027986 0.012069 18.7668
-0.015131 0.128776 2.31781
-0.00678849 0.00503076 6.34961
-0.00467596 6.75599e-06 5.52889
-0.000231887 0.000505825 3.27307
-0.0156418 -0.00641221 13.817
-0.0132456 -0.00131863 11.3746
-9.46859e-05 0.0074477 1.37102
0.0079556 -0.0133589 -3.25714
0.00434682 -0.0179301 -0.576371
-0.00316791 -0.00793375 4.69662
-0.00664714 -0.0117396 7.68915
-0.00145926 -0.00843379 3.17269
-0.00707355 -0.0167982 8.5914
-0.0146876 -0.00588302 14.5219
-0.00950233 -2.48612e-06 9.44068
0.0110408 -0.00299428 -8.96733
0.0245419 -0.00392701 -21.3438
0.00147874 -0.0124404 1.7787
0.00461169 -0.00177532 -1.97436
0.00239685 -0.00394245 -0.158632
0.383745 0.152509 -393.79
0.0133923 -0.000864676 -10.5601
0.117494 0.0642948 -125.227
0.00164424 -0.0103377 2.98487
-0.000379638 -0.0107914 4.62304
0.0118548 -0.0105152 -9.50698
-0.0114107 -0.00780141 17.0668
0.0104295 -0.00016075 -8.93502
0.0125012 0.00765088 -11.758
-0.134013 0.479799 280.285
-0.0579575 0.203513 204.965
-0.045428 -0.000891342 8.8812
-0.0437719 -0.0152911 9.95166
-0.0282118 -0.01329 8.85759
-0.00971427 -0.0219038 8.604
-0.00178744 -0.0236847 8.14794
0.000892868 -0.0250146 8.01139
0.00127807 -0.0261682 8.08314
0.000897197 -0.027527 8.27214
0.000572299 -0.0286011 8.4314
0.000499557 -0.0292789 8.51025
0.0680336 0.00177037 -0.0600941
0.0020594 -0.194981 26.4725
0.695797 -0.0127393 -175.469
0.290034 -0.0344236 -60.5098
-0.0179393 -0.0192593 132.935
-0.0179641 -0.0192677 132.945
-0.0182388 -0.0193579 133.052
-0.00706781 -0.0125206 128.267
0 0 -1
0.0213662 0.000333156 -4.95299
0.0150012 -0.0453886 2.53936
-0.014721 -0.0573496 17.6345
-0.00937084 -0.0300564 12.5487
-0.0083831 -0.0620667 15.2422
0.00488379 -0.0361854 6.19422
-0.0190608 -0.0405262 19.1923
-0.0350382 -0.00753921 24.8218
-0.0228706 -0.00248651 17.0608
0.0605153 0.169784 -48.7741
-0.0067551 -0.00853338 7.90789
-0.00390322 -0.00733551 6.10788
-0.00867491 -0.00473257 8.57709
-0.00350209 0.00850784 3.77189
0.0116768 0.0197092 -8.04233
0.00286083 0.0302458 -2.5034
-0.0121038 0.0202707 9.62321
-0.0171656 0.0144127 14.106
-0.0173979 0.00664782 14.9966
3.74686e-05 -7.80128e-05 1.23641
-0.00536299 0.00433714 5.59157
-0.00924226 -0.00252911 9.5386
-0.00960924 -0.000151509 9.58832
0.00973812 0.00401577 -8.36191
0.0115294 0.000692986 -9.50439
0.0105247 -0.0104568 -7.42553
0.0134224 -0.0124135 -10.2158
0.0110594 -0.00555973 -8.74407
-0.000268274 -0.0168228 3.36818
0.014333 -0.00178956 -12.9977
0.00667582 -0.000306106 -4.96373
-0.0442941 0.222573 38.253
-0.0402143 0.21712 34.2884
0 0.235167 -11.9594
-0.0225085 0.231396 14.194
0.0215626 0.233681 -37.2905
-0.0175286 0.233163 9.20155
0.0441072 -0.237404 59.6984
0 -0.311762 120.222
0.458017 0.00408676 -3.77712
-0.0486954 -0.0058972 8.79443
-0.0231141 -0.00777361 7.85398
-0.0117467 -0.0171917 8.26435
-0.00464716 -0.0217895 8.22693
-0.0011385 -0.0248601 8.23325
-0.000133282 -0.026738 8.3385
-0.00030663 -0.0275393 8.46241
-0.000167972 -0.0285509 8.56023
-4.20221e-05 -0.0291183 8.60372
0.0772912 -0.00273441 -1.69405
0 0 -1
0.284629 -0.0266816 -59.6994
0.279432 -0.0167482 -59.4109
0.00628087 -0.00705877 223.136
0.0261942 0.107984 223.576
0.676829 -0.00236899 7.71578
-0.0319485 -0.0114669 137.335
0.0206386 -0.000706616 -4.3989
0.00961024 -0.00322758 0.380445
0.00184956 -0.0115127 4.57904
0.0162977 -0.0474128 2.45431
-0.0218859 -0.0498826 20.0197
-0.00352485 -0.0289098 8.65558
-0.00920377 -0.0277496 12.5292
-0.016429 -0.0162421 14.4162
-0.00431033 -0.0253594 8.30225
-0.0153252 -0.0118083 13.45
0.0228327 0.0102135 -12.7545
0.00445204 0.0337527 -4.12863
-0.00517234 -0.00672918 6.79745
-0.000335747 0.00688455 1.9503
0.00051685 0.00685497 1.18912
0.0128491 0.0120033 -8.05461
0.00785898 0.00532278 -3.5501
-0.0145055 0.00147946 13.5852
-0.0253209 0.0110176 20.8394
-0.0220493 0.00324899 19.234
-0.00853495 0.00124932 8.17356
-5.50116e-05 -0.00647642 2.20851
-0.00943564 0.00614506 8.737
0.00152995 0.0114596 -1.76461
0.0104985 0.00575773 -9.23925
0.0103062 0.00541823 -8.97526
0.0112045 -0.00751403 -8.43871
0.00642858 -0.00431921 -4.06842
0.00416284 -0.00167229 -1.87024
0.0195391 0.000305375 -18.7297
0.0057827 -0.00614052 -4.08524
0.0172948 0.00736371 -16.6702
0.180678 -0.152555 -172.953
0.18262 0.171923 -207.673
0.0162711 0.00734219 -15.5688
-0.00523764 -0.00574452 9.84144
-0.0116593 -0.00403774 17.0003
0.0130719 0.00617484 -12.3921
-0.0301713 0.105967 113.026
0.331677 -0.267849 -283.21
-0.0539393 0.0182092 6.34483
-0.0898137 -0.00664847 10.3124
-0.0297176 -0.011797 8.75801
-0.0177651 -0.0161212 8.59685
-0.00891342 -0.0212436 8.57285
-0.00375773 -0.0248976 8.5452
-0.00132791 -0.0274373 8.59597
-0.111868 -0.0780897 85.1811
-0.102852 -0.0745829 83.2561
-0.340105 -0.0054694 127.028
-0.0243572 0.240419 126.162
-0.0242193 0.240086 126.178
0.0636246 -0.0133519 1.41114
0.215828 -0.0346158 -38.7803
-0.00243048 -0.00996593 226.248
0.0501273 0.102237 216.392
0.0285535 0.115641 221.615
0.0108966 0.00373446 31.9359
0.0109067 0.00373461 31.9318
-0.0332541 0.00659326 31.4347
-0.0273294 0.0123543 14.4437
-0.0309545 -0.011231 19.5304
-0.0377129 -0.011668 22.1764
0.200002 -0.00305468 -98.7946
0.00272118 0.0219876 -2.78575
-0.00309044 -0.00680713 4.76387
0.00826373 0.000178378 -2.55854
0.0160215 -0.00495875 -6.07397
0.0421663 0.0137241 -24.9054
0.000483115 -0.00201966 2.44062
0.0732499 -0.02989 -33.8512
-0.00467513 -0.00413322 6.07075
0.00859554 -0.0045889 -3.0032
0.0154773 -0.00658915 -7.48905
-0.005442 -0.0107711 8.4959
-0.0154744 -0.00209193 14.81
-0.024919 0.0119608 20.2909
-0.0198302 0.00716669 16.7352
-0.00451286 0.000300984 4.98198
0.00905786 0.00549658 -7.15295
-0.00239818 0.0124182 2.08707
-0.0166533 0.0204252 13.1883
-0.0889026 0.0145805 78.9642
0.00888171 0.0093021 -8.15245
0.00919051 0.00500051 -7.78832
0.0052437 -0.000277186 -3.42252
0.0167604 -0.00426105 -14.2788
0.00919051 0.00500051 -7.78832
0.00783483 0.00387456 -7.49292
0.00439065 0.0134043 -3.21227
-0.229879 -0.128837 281.039
0.330577 -0.937533 -225.054
0.00105251 0.125882 2.48184
0.0215487 0.00799319 -22.1054
-0.298132 0.06469 357.01
0.00213381 0.326006 -41.1561
-0.113186 -0.0268538 233.803
0.0216734 0.0842179 52.6318
0 -0.165785 86.2709
0.0647938 0.496243 -61.7821
-0.0745136 -0.0743431 79.5929
-0.0747301 -0.0742724 79.6135
-0.0776766 -0.0743216 79.9063
-0.0853198 -0.0731836 80.5867
-0.0989327 -0.074728 82.6361
-0.108812 -0.0718287 83.6355
0.319456 -0.0536944 6.87717
0.325584 0.0137217 -5.34895
-0.41785 -0.257301 154.812
-0.0247857 0.23969 126.388
0.162939 -0.0777533 -17.6514
0.083072 0.011546 228.172
0.00504112 -0.0111217 224.023
0.281793 0.0740624 143.771
0.280671 0.0424431 149.224
-0.0187609 0.00352204 25.8625
-0.0187951 0.00352385 25.8766
-0.0190278 0.00349829 25.9769
0.00661527 -0.0135004 2.62159
-0.0255911 -0.000384078 14.9043
-0.0227069 -0.00241313 13.6252
-0.00372916 -0.00257833 4.85312
-0.0015197 0.00955301 1.50465
-0.00682793 0.00676914 4.83211
-0.00385828 0.0151644 2.06148
0.00542193 0.0205962 -3.51607
0.0185908 0.00894459 -9.5681
-0.0100631 -0.00273378 9.14098
-0.0233093 -0.00686744 26.641
-0.00106964 -0.0107232 4.56357
0.001212 -0.0129407 3.39946
0.0108976 -0.0115567 -3.45355
0.000638323 -0.0178826 5.00168
-0.00151486 -0.00590156 4.50007
-0.0147621 0.00337543 13.4257
-0.012192 0.0114819 9.94577
-0.00358088 0.0117612 2.49703
0.0209272 0.0328438 -21.6321
-0.0101627 0.0134315 8.95369
-0.0195755 0.0109573 17.1353
-0.00347074 0.0178992 1.69787
0.0089816 0.0100098 -8.28876
0.0091139 0.00742291 -8.03967
0.012369 0.00280194 -11.0461
0.0140971 -0.00268241 -11.7651
0.0144461 0.00813381 -13.3869
0.0137355 -0.00463453 -11.0268
0.0764836 0.0196126 -82.1913
0.0909716 0.0322752 -100.427
0.152832 0.00345019 -162.673
0.0242034 0.14854 -27.1335
0 -0.129538 36.6657
-0.296689 0.0447865 358.139
-0.00874256 -0.124777 39.8055
0.121679 -0.151207 -37.8418
-0.00824435 -0.41807 163.461
0.000764237 -0.253591 49.1413
-3.43477 -0.94375 251.522
0.000791605 -0.253412 49.1079
0.000805269 -0.253297 49.0859
0.000853456 -0.252925 49.0133
0.000862679 -0.253037 49.0327
0.000865733 -0.252976 49.0212
0.000853456 -0.252925 49.0133
0.329975 -0.063105 6.36986
0.331476 -0.0540324 4.53425
-0.149247 0.100775 113.687
0.0242271 0.0198493 1.35214
0.055007 -0.0807796 11.8395
0.189456 -0.370545 263.626
-0.0179624 -0.0131363 231.588
0.276348 0.0379044 151.341
1.96924e-14 0.00432478 2.88424
1.96924e-14 0.00432478 2.88424
0.0635957 0.0258893 13.5648
0.01731 0.00378334 -3.88184
-0.0197633 -0.00488603 13.0453
-0.0131365 0.00554958 8.87299
-0.00291701 0.00572729 2.97879
0.0195544 0.0392474 -13.1957
0.00346835 -0.00364146 0.682251
0.0127443 0.105124 -20.9308
0.010801 0.0119362 6.90793
0.00437316 -0.000252605 12.8724
-0.000629799 -0.00121254 3.1153
0.00430601 0.0141352 -2.23961
0.102933 -0.00522368 -57.3825
-0.0153895 0.0177696 9.04865
-0.00152949 0.000696162 2.75175
0.005862 -0.0103539 -0.219508
0.0123669 0.0161264 -9.73804
-0.00948711 0.0307825 4.0371
-0.00625246 0.0137573 4.58245
-0.00246326 0.0413632 -3.58594
-0.00592355 0.0270325 1.54059
0.0190406 0.057252 -24.4376
-0.00382426 0.0469842 -2.75943
-0.411889 -0.013266 369.983
0.00600746 0.0159327 -6.70884
0.00840694 0.00909749 -7.53167
0.0094483 0.00655278 -8.25644
0.000337862 0.0191399 -1.97559
0.00718152 0.00413427 -5.93489
-0.454638 -0.0465989 521.25
0.00471381 -0.0113562 -0.964282
0.0189917 0.151174 -46.1987
0.0490003 0.0226202 -52.2774
0.114667 0.00757015 -121.84
0.0888837 0.0272471 -81.4024
0.129533 -0.0887764 -120.741
0.0996177 -0.0285191 -96.7917
0.291605 -0.000575272 -328.151
0.00044611 0.00141762 15.6594
-0.00516911 0.0021719 22.3229
0.00230709 0.157618 112.398
0.00228971 0.157626 112.398
0.00217147 0.157659 112.396
0.00191855 0.157573 112.431
0.00161031 0.15763 112.446
0.00130476 0.157628 112.478
0.00100293 0.157743 112.493
0.00074599 0.158103 112.455
0.000646903 0.158096 112.474
0.000646903 0.158096 112.474
-0.0151001 -0.0383978 17.3426
0.199197 0.0233012 91.0207
-0.196332 0.0647208 167.507
-0.213013 0.0287641 179.364
0.0709206 -0.071183 106.711
0.0678278 -0.0786853 109.44
-0.869764 0.0464234 407.829
0 0.156808 -22.9637
-1.469 0.824132 442.64
-0.0164643 -0.0162182 27.8843
-0.0858549 0.425333 -39.6702
-0.0376227 0.353987 -47.2963
-0.00263806 0.300489 -53.727
0.0338681 0.196201 -50.3007
0.0254589 0.232235 -53.4216
0.0660982 0.213665 -70.6638
0.00673411 0.0176551 8.12004
0.0105053 0.017367 5.95673
-0.038732 0.267735 -22.4756
-0.00119563 0.294484 -52.059
0.0970983 0.0663199 -68.1445
-0.0365372 0.340626 -38.7062
-0.0258217 0.312022 -40.2341
-0.0189586 0.279472 -38.3664
-0.0243223 0.269376 -32.2071
-0.0252786 0.0989247 2.94947
-0.0108607 0.0702423 -2.64393
0.000193439 0.10217 -17.8195
0.00984865 0.0875873 -23.042
0.102478 0.152312 -114.141
-0.0308111 0.0541594 20.6903
0.00756175 0.00582363 -6.2035
-0.00659972 0.0343498 0.66294
-0.00221784 0.0276292 -2.00277
-0.078125 0.277344 15.3906
0.0019948 0.016383 -3.72124
-0.000435772 0.0105272 0.282759
-0.44865 -0.0106922 507.881
0.115666 -0.101696 -60.7063
0.356979 0.430395 -471.978
0.076645 0.030648 -85.0606
0.139221 0.0372541 -153.977
0.0725832 0.0114428 -76.0571
0.133018 -0.0563008 -131.286
0.271822 -0.00248535 -304.392
-0.000936685 0.00387191 16.8582
-0.00516911 0.0021719 22.3229
-0.00516911 0.0021719 22.3229
1.1007e-05 0.0402714 102.918
1.10073e-05 0.0402714 102.918
1.10087e-05 0.0402714 102.918
1.1011e-05 0.0402714 102.918
1.10131e-05 0.0402714 102.918
1.10142e-05 0.0402714 102.918
1.10142e-05 0.0402714 102.918
7.57802e-06 0.0402776 102.917
4.89759e-06 0.04028 102.917
4.89759e-06 0.04028 102.917
4.89759e-06 0.04028 102.917
0.203485 0.0215202 90.381
-0.11218 -0.0808502 181.317
0.258552 0.69461 -96.7127
0.0409728 -0.113412 125.802
0.0482561 -0.1056 121.776
0.444325 -0.0411069 -41.2179
0 0 -1
-0.008077 -0.109327 150.939
-0.0634721 0.00174526 43.4532
-0.0467965 0.194553 -8.16394
-0.0177017 0.253631 -35.0874
-0.0249644 0.269932 -35.5372
0.0218917 0.259313 -56.65
0.0419063 0.211715 -56.8433
0.0167359 0.141839 -27.115
0.0343552 0.0512202 -15.7535
-0.0094469 0.0387366 12.7706
-0.0573919 0.264541 -9.86168
-0.0132263 0.273337 -39.1871
-0.006394 0.343718 -59.5301
-0.05114 0.348638 -30.8136
-0.0361787 0.312843 -33.4662
-0.0593023 0.298769 -14.0962
-0.0259735 -0.468119 128.232
-0.0265742 0.0834077 7.98702
-0.00133109 0.113718 -19.0619
0.000395428 0.102864 -17.2169
0.0102198 0.105335 -26.0873
0.0130728 0.103004 -27.4585
-0.036073 0.0464005 26.0489
0.0103695 0.00741673 -9.21712
-0.0110042 0.0478982 1.96452
0.0127396 -0.000304515 -10.4927
0.00631723 0.0210691 -7.90013
-0.845597 0.029995 835.282
-0.0017381 0.0331224 -3.54288
2.29871e-05 0.0108558 0.00796962
0.000832424 0.0131654 -0.752891
0.0103695 0.00741673 -9.21712
0.0356943 0.0122055 -36.526
0.0905872 0.0292103 -99.7069
0.0502597 0.0109847 -50.6157
0.0472998 -0.0399247 -35.9264
0.299284 -0.00486247 -336.328
-16.1543 -0.0625 19536.6
0.0327578 -0.0247541 -27.5885
0.0169512 0.00295524 -15.2119
-0.00502687 -0.00158398 153.698
-0.0050125 -0.00163149 153.709
-0.0049016 -0.00172161 153.726
-0.0046571 -0.00184762 153.74
-0.00428956 -0.00200143 153.746
-0.00382318 -0.002174 153.738
-0.0033135 -0.00237585 153.722
-0.00273311 -0.00224503 153.601
-0.000420425 -0.000793455 121.947
-0.000420425 -0.000793455 121.947
-0.000420425 -0.000793455 121.947
-0.000420425 -0.000793455 121.947
-0.000420425 -0.000793455 121.947
-0.000420425 -0.000793455 121.947
-0.245841 -0.0908708 177.794
-0.22569 -0.0933973 171.863
0.00831075 -0.110853 144.893
0.00846891 -0.110858 144.83
0.00963025 -0.110809 144.36
-0.0335709 0.257136 -29.2632
-0.0075498 0.235771 -35.8248
0.00176438 0.285746 -52.2626
-0.0183769 0.256154 -35.1991
-0.043299 0.229153 -15.9154
0.0127094 0.156386 -27.8121
-0.0177579 0.115411 -1.46667
0.017882 0.15312 -31.0356
0.043647 0.134449 -41.125
0.0969506 -0.329424 36.4201
0.030172 0.270952 -65.6227
0.0371447 0.301071 -77.553
0.0501886 0.32722 -92.5646
-0.0892815 0.0289374 70.0497
-0.0864698 0.0434654 63.9591
-0.0720388 0.0515008 50.9057
-0.0510532 0.0370575 39.1222
-0.0261783 0.0367126 19.8438
0.00377211 0.0648129 -10.9961
-0.00513723 0.0435557 1.48533
0.062602 0.120888 -73.3404
-0.018485 -0.0895372 47.1034
-0.00659849 0.0597214 -4.84343
-0.0186166 0.0588663 6.8196
-0.0166615 0.0348374 11.0343
0.170313 -0.347266 -69.6
0.0678385 0.115885 -81.7318
0.0125078 -0.024723 7.68273
-0.0768663 0.144769 81.4907
0.424244 -0.16365 -364.037
0.0455429 -0.07847 -15.0313
-0.270928 -0.0406339 317.488
0.105297 0.285151 -164.706
0.0728988 0.226997 -116.969
0 0.148392 -21.0523
0.270931 -0.00145544 -303.639
-0.046266 0.17596 39.7158
0.00923584 -0.0303964 2.19103
-0.072559 -0.0412778 105.092
-0.0100894 0.845486 -136.747
-0.0100894 0.845486 -136.747
-0.0100894 0.845486 -136.747
-0.0100894 0.845486 -136.747
0 -0.121652 125.345
0 0.836845 -134.041
0.186207 0.00483363 67.3946
-0.000741344 -0.00374317 153.655
-0.148627 -0.0175607 139.248
-0.156969 -0.000600759 136.47
-0.19005 0.0127573 140.223
-0.231544 -0.00451909 154.919
-0.290675 -0.0675203 187.404
-0.312341 -0.103699 202.718
-0.287031 -0.0974944 192.868
-0.230319 -0.0954798 174.157
0.35712 -0.0342386 -44.1889
0.235944 0.276517 -145.091
-0.0389957 -0.115005 164.538
-0.0397871 0.244756 -23.4546
-0.0308483 0.199303 -14.8512
-0.00248445 0.236213 -37.3711
0.0282572 0.236621 -52.3581
0.0308288 0.145894 -35.189
0.0142921 0.19538 -39.0165
-0.00594518 0.18764 -26.8503
0.0323671 0.185209 -47.4197
0.0521458 0.179811 -57.4592
0.0878786 0.226444 -91.3226
0.086285 0.240307 -93.8786
0.0612794 0.258615 -82.5623
0.0820828 0.269509 -99.4733
0.101984 0.259481 -110.541
0.122939 0.202206 -109.237
-0.0123049 -0.0680799 37.7612
-0.0201307 -0.0633452 42.4058
-0.0117385 0.0725138 -2.5908
-0.00370564 0.0310483 2.3088
-0.00981199 0.0682623 -3.46504
-0.0222576 0.0426271 14.8818
0.00546858 0.0286491 -8.04283
0.0124713 0.0159354 -10.8835
-0.0203102 0.0644938 6.86682
-0.00844364 0.0483655 -0.175013
-0.0227666 0.0574366 11.0159
-0.00392249 0.0410842 -2.79476
-0.0282099 0.0342759 25.8044
-0.0252655 0.0653951 14.9576
0.00603629 0.0669899 -19.5661
-0.0156944 -0.137359 196.508
-0.0203796 -0.157478 207.338
0.0429441 0.14052 -56.82
-0.159115 -0.896128 437.85
0 1.06346 -250.59
0.0513537 0.288629 -75.7498
-0.0484256 0.305925 39.1034
-0.0523913 0.195175 42.1989
-0.0624945 0.174925 59.7542
0.0002812 -0.00761276 154.615
0.000271808 -0.00755395 154.598
0.000265346 -0.00744933 154.567
0.000265312 -0.00729958 154.523
0.000256193 -0.00710513 154.467
0.000218547 -0.00685595 154.399
9.73665e-05 -0.0064575 154.299
-0.00031845 -0.0053497 154.041
-0.148627 -0.0175607 139.248
0.0969536 -0.207155 60.0201
-0.215015 0.0183551 144.504
-0.284239 0.0388922 154.677
-0.345451 -0.135195 221.134
-0.320495 -0.138154 214.028
-0.268737 -0.119174 193.221
-0.222623 -0.14975 186.951
0.297916 -0.0201624 -26.8988
0.179168 0.201284 -44.1616
0.235891 0.276495 -145.063
-0.0478701 0.256482 -22.7802
-0.0468773 0.2225 -14.2284
-0.0254359 0.166497 -8.21804
-0.00437198 0.191392 -24.7486
-0.0472704 0.213994 -10.3272
-0.0485168 0.226579 -13.9648
-0.0187471 0.215074 -26.9983
0.0292645 0.202093 -50.211
0.0749629 0.207403 -78.372
0.0986844 0.229567 -98.8262
0.0955943 0.238749 -99.4351
0.0789708 0.253968 -93.0225
0.0811269 0.251581 -93.8284
0.0795827 0.229375 -86.3939
0.0951482 0.230586 -97.9764
-0.0129981 0.0767186 -2.75593
-0.0150775 0.0773291 -1.27272
-0.015835 0.0767222 -0.500386
-0.0382381 0.0352996 29.7865
-0.00634369 -0.0576358 30.9428
-0.00158604 0.0634428 -8.71403
-0.0172856 0.0657648 4.20009
-0.026489 0.066418 12.1674
-0.0282674 0.0711774 12.3794
-0.0356601 0.0811289 16.5523
0 -0.067105 26.0635
-0.0302521 0.059078 17.5339
-0.0038103 0.0159162 2.82128
0.00023545 0.0285674 -3.58326
0.0142386 0.0766395 -30.8408
0.0433511 0.0356399 -50.4584
-0.00949386 0.15 -26.8154
0.00271023 0.215557 -59.5701
-0.0175194 0.0473961 13.1172
0.00595589 0.00292474 -0.618653
0.00339921 0.00869128 0.680704
0.00339921 0.00869128 0.680704
0.157146 0.0829658 -203.032
0.0121002 0.486998 -145.333
0.000320669 -0.00760796 154.613
0.000338042 -0.00754796 154.594
0.000371089 -0.00744273 154.559
0.000406963 -0.00729322 154.511
0.000437562 -0.00710058 154.448
0.000451082 -0.00685932 154.372
0.00048062 -0.00651217 154.259
0.000712312 -0.00583451 154.011
0.0956228 -0.235389 69.1135
0.100596 -0.206589 59.0763
0.107077 -0.212166 59.6373
0.107077 -0.212166 59.6373
-0.561604 0.222712 318.547
-0.206273 0.0328706 129.387
-0.204615 0.138114 95.3875
-0.0915982 0.0706063 41.8572
-0.112628 0.0674822 49.9748
-0.0347288 -0.0935035 70.2672
0.0570935 0.334687 -89.8136
-0.00270072 -0.218825 101.285
-0.0205367 -0.052988 55.8457
-0.0900141 0.0566358 53.0658
-0.135246 0.123973 52.8864
-0.12209 0.169982 31.502
0 0 -1
-0.0201968 0.0759438 10.2756
-0.0110693 0.0579114 10.7374
0.0037929 0.0651685 -0.149203
0.0115068 0.0726755 -7.11778
0.0124209 0.0803731 -10.0783
0.0154827 0.0762262 -10.5279
-0.0879742 -0.0976944 156.752
0.0741807 0.249889 -88.6363
0.0900456 0.224167 -92.6488
0.128315 0.248049 -127.626
-0.0473871 0.0361003 36.6428
-0.0428831 0.0341945 33.7755
-0.0336174 0.0377683 25.336
-0.0318477 0.0503785 20.0301
-0.0366676 0.452198 -97.4941
-0.0131697 0.0952782 -8.41582
-0.0193525 0.0787992 2.12169
-0.0187512 0.0814957 0.813659
-0.197405 0.181968 138.527
0.0460752 0.501527 -188.397
0.0187829 0.00661646 -18.4637
-0.00288842 0.033971 -1.84726
-0.00410642 0.00643747 6.6085
0.00556269 0.512075 -153.471
0.00615234 0.0160135 -6.44041
0.0466177 0.147006 -87.0839
0.0358012 0.208784 -94.3966
0.0208595 0.212279 -78.8415
-0.00331626 0.485707 -135.869
-0.00063339 0.478801 -136.809
0.000774719 -0.113709 61.987
-0.109171 0.672623 -62.8396
0 0.217831 -53.8513
0.00856733 0.039765 64.6708
0.00870995 0.0418234 63.9807
0.00864629 0.0445697 63.0631
0.00883652 0.0479596 61.9118
0.00999305 0.0529628 60.1342
0.0117869 0.058453 58.0961
0.0144146 0.0639396 55.9073
0.0175646 0.0345171 65.2032
-4.83192 -0.0880934 976.437
0.326247 -0.0683574 -7.36593
0.327645 -0.0568003 -11.5391
-0.557724 0.223284 317.364
-0.558629 0.226966 316.31
-0.105318 0.126005 69.3478
-0.131408 0.142266 71.357
-0.0979377 -0.592183 261.387
-0.0977438 0.0785346 41.6268
0.0294206 -0.0285473 25.2962
0.0126373 -0.339799 159.881
0.0497759 0.0304629 -2.07399
0.0298898 0.032302 5.86358
-0.0233508 0.0682596 18.13
-0.0924773 0.143072 25.817
-0.0984087 0.154504 25.1833
-0.0754707 0.156521 12.2328
-0.0467872 0.100145 16.0892
-0.0236782 0.0587878 17.5146
-0.0752521 -0.091652 123.409
-0.0804981 -0.116254 134.643
0.0114692 0.0810344 -9.6772
-0.00482157 0.216597 -20.7655
-0.0097087 0.238026 -24.4909
0.0135695 0.27329 -53.3061
0.09077 0.240377 -98.0568
0.101487 0.258996 -111.423
0.10129 0.234555 -102.371
-0.00358397 0.0982962 -2.34696
-0.00358397 0.0982962 -2.34696
0.118886 -0.211852 21.6039
9.6901e-12 0.125 -11.8018
-0.00580399 0.0818625 5.1826
0.0351831 0.101957 -38.2838
0.0351831 0.101957 -38.2838
0.0351831 0.101957 -38.2838
0.0351831 0.101957 -38.2838
-0.0199691 0.251583 -35.9406
0.0527945 -0.276342 70.4596
0.0499611 -0.273262 72.2692
0.0145108 -0.18404 76.4441
-0.0226294 0.260338 -34.0182
-0.0110934 0.319655 -66.0664
-0.00745917 0.311484 -67.324
-0.00510787 0.307166 -68.5178
-0.000222744 0.266931 -60.3115
-0.000913157 0.251787 -54.4326
0.0355644 0.225077 -89.0985
0.000973017 0.235405 -51.1887
0.000973017 0.235405 -51.1887
0.00667734 0.989923 -263.589
5.20666e-14 -0.360248 162.657
5.20666e-14 -0.360248 162.657
0.00675864 0.972209 -257.26
0 -0.360248 162.657
0 0 -1
0.144141 3.98589 -1319.86
0.0605658 0.920095 -247.89
0.331006 -0.0600181 -11.1575
0.332394 -0.0577187 -12.2334
0.321848 -0.0550861 -10.7844
0.516853 0.00078654 -66.3699
-0.077329 0.192751 13.8294
-0.0892953 0.196356 16.0062
-0.622642 0.196791 177.189
0.0979346 -0.0586836 10.9515
0.0931698 -0.0283535 1.787
0.0877539 0.00327735 -7.50548
-0.0180128 -0.0465548 74.3128
0.0498489 0.0414081 -5.72257
0.0373276 0.0523391 -4.10324
0.00417433 0.0760847 2.66544
-0.0484506 0.125249 10.3923
-0.0832902 0.148271 19.454
-0.0781009 0.138349 20.0674
-0.0630108 0.159371 4.8364
0 0 -1
-0.106312 -0.0393673 159.562
-0.0579246 0.147606 11.4915
-0.0332781 0.106335 10.369
-0.0332781 0.106335 10.369
-0.00423177 0.214576 -20.6894
0.0350917 0.259288 -63.5276
0.0750201 0.271645 -96.3221
0.089681 0.232131 -92.9767
0.0888422 0.220728 -88.559
0.0681202 0.198897 -65.0424
0.0646055 0.191008 -59.5764
0.121408 -0.213289 19.9801
9.6901e-12 0.125 -11.8018
0.00450411 0.117795 -31.0017
0.158352 0.0883702 -157.63
0.00764389 0.0798848 -20.3276
0.0176091 0.0708971 -26.3412
0.0351831 0.101957 -38.2838
0 -0.0458333 48.2461
0.0508334 -0.273802 71.542
-0.000317319 -0.562157 226.998
-0.000194608 -0.020011 39.1774
0.0230694 -0.187629 68.4781
-0.0212174 0.0106625 51.7317
-0.0141455 0.00437618 46.2072
-0.0122437 0.000973405 45.3121
-0.0139944 0.0121461 43.3122
-0.00352128 0.0052751 33.819
0.0220409 0.096802 121.062
0.0847204 0.085371 49.6117
0.016326 0.0892268 130.774
0.004815 0.16181 39.9328
0.00445746 0.162635 39.6329
0.00440221 0.163417 39.343
0.00470925 0.164153 39.0486
0.00470925 0.164153 39.0486
-0.964781 13.8261 -4936.05
0.0310758 0.616715 -132.224
0.033453 0.524588 -98.5439
-0.0916919 0.212755 44.2649
0.329598 -0.0662738 -8.58606
0.327496 -0.0653108 -8.44472
0.327496 -0.0653108 -8.44472
4.65103e-05 0.0690914 2.95713
5.70013e-13 -0.106641 73.9523
5.62077e-13 -0.106641 73.9523
5.50479e-13 -0.106641 73.9523
5.47033e-13 -0.106641 73.9523
0.0880126 0.0128204 -10.9671
0.0838144 0.0176818 -11.1194
0.0699177 0.0429022 -14.7009
0.0501206 0.0633402 -13.6499
0.0188528 0.0810523 -5.91112
-0.0301424 0.119546 3.24954
-0.0731833 0.133248 19.6571
-0.0763136 0.134266 20.6974
-0.0472144 0.132488 5.43522
0.0303339 0.0924891 -22.9141
0.0633223 0.0972298 -43.7768
0.0706782 0.184798 -80.6561
0.0867936 0.144255 -75.5853
0.0867936 0.144255 -75.5853
-0.0269617 0.197988 0.575259
1.49568e-13 -0.106641 73.9523
1.87291e-13 -0.106641 73.9523
0.0699556 0.261198 -88.3964
0.0728322 0.219214 -75.8743
0.0635954 0.201482 -62.4529
-0.00187515 0.121555 -26.7619
-0.00176781 0.121435 -26.8097
-0.000970873 0.121133 -27.3746
0.0006297 0.120427 -28.4982
0.00464338 0.104616 -26.435
0.00758738 0.062919 -14.2708
0.0479808 0.0663437 -53.0466
0.0752997 -0.272154 46.66
0.0594436 -0.276883 64.0332
0.052076 -0.27222 69.689
-0.000312352 -0.909777 352.475
0.0509383 -0.273123 71.196
0.0226627 -0.189432 69.5542
0.0207434 -0.186544 70.6104
-0.0271257 -0.680147 296.921
0 0.228516 -66.2799
8.82195e-05 -0.853151 330.998
8.82195e-05 -0.853151 330.998
8.82195e-05 -0.853151 330.998
8.82195e-05 -0.853151 330.998
0.174545 -0.0424588 -66.7763
