0 1 3
1 2 3
2 3 2
3 4 3
4 5 0
5 6 3
6 7 3
7 8 3
8 9 3
9 11 3
11 12 3
12 13 3
13 15 3
15 16 3
16 18 2
18 20 0
20 78 3
78 313 3
24 313 3
24 25 3
25 26 3
26 27 3
27 29 3
29 31 3
31 33 3
33 34 3
34 35 3
35 36 3
36 38 3
38 96 3
41 96 3
41 43 3
43 48 3
48 49 3
49 446 3
52 446 3
52 55 1
11 68 3
15 73 3
16 74 0
18 74 0
9 68 3
33 147 3
96 98 3
20 77 1
81 313 3
31 89 3
31 147 3
41 98 3
29 89 3
96 97 3
16 73 2
11 69 3
68 69 3
18 76 0
43 159 3
74 76 3
27 84 3
30 89 3
38 95 3
48 159 3
26 84 3
29 30 3
36 95 3
18 77 0
97 98 3
89 147 3
36 93 3
43 101 3
11 70 3
12 70 3
69 70 3
35 93 3
41 101 3
101 159 3
54 55 1
13 72 3
15 72 3
25 83 3
93 95 3
0 58 3
1 59 3
2 60 3
3 60 2
4 62 3
5 63 1
6 64 3
7 65 3
8 66 3
9 67 3
26 83 3
41 99 3
58 59 3
59 60 3
62 63 3
63 64 0
64 65 3
65 66 3
66 67 3
67 68 3
76 77 3
95 96 3
98 99 3
99 101 3
3 62 3
26 145 3
34 92 3
35 92 3
49 507 3
446 507 3
52 54 3
12 72 3
24 83 3
83 145 3
159 339 3
48 339 3
48 507 3
282 446 3
77 78 3
84 145 3
167 282 0
72 73 3
73 74 3
24 81 3
92 93 3
78 136 3
77 136 3
24 140 3
33 92 3
95 153 3
159 160 3
90 147 3
33 148 3
99 158 3
101 158 3
160 339 3
12 129 1
92 148 3
60 119 3
3 119 3
70 129 1
72 129 1
73 132 3
74 132 3
74 133 3
76 133 3
81 140 3
24 141 3
83 141 3
30 147 3
62 119 2
77 134 3
140 141 3
339 507 3
67 126 1
68 126 1
69 126 1
76 134 3
147 148 3
78 137 3
93 152 3
95 152 3
72 130 1
136 137 3
137 313 3
29 145 3
152 153 3
98 156 3
129 130 1
132 133 3
96 154 3
97 156 3
27 145 3
95 154 3
97 154 3
97 155 3
158 159 3
52 282 3
52 283 3
154 155 3
155 156 3
54 283 3
92 150 3
99 157 3
58 116 3
59 117 3
60 118 3
62 120 0
63 121 0
64 122 1
65 123 1
66 124 1
67 125 1
69 127 1
70 128 1
98 157 3
116 117 3
117 118 3
118 119 3
120 121 3
121 122 3
122 123 3
123 124 3
124 125 3
126 127 3
127 128 3
128 129 3
73 130 1
133 134 3
148 150 3
119 120 3
125 126 3
93 209 3
153 154 3
157 158 3
156 157 3
195 313 3
152 209 3
73 189 3
134 136 3
81 195 3
130 189 0
132 189 3
90 148 3
92 209 3
132 190 1
30 146 3
152 210 3
158 217 3
159 217 3
133 190 1
146 147 3
153 210 3
150 209 3
134 307 0
134 193 3
153 211 3
160 217 3
282 283 3
136 193 3
29 146 3
148 207 3
150 207 3
133 307 0
193 307 0
136 194 3
140 195 3
137 194 3
137 195 3
154 211 3
192 307 0
155 213 3
116 174 1
156 213 3
157 216 3
158 216 3
130 188 3
141 145 3
141 199 3
145 199 3
156 214 3
117 175 1
118 176 1
119 177 3
120 178 1
121 179 1
122 180 1
123 181 1
124 182 1
125 183 1
126 184 1
127 185 1
128 186 1
129 187 1
129 188 1
188 189 0
150 208 3
210 211 3
154 212 3
157 214 3
116 175 1
175 176 3
176 177 0
177 178 1
178 179 3
179 180 3
180 181 3
181 182 3
182 183 3
183 184 3
184 185 3
185 186 1
186 187 0
187 188 1
190 307 0
192 193 2
193 194 3
141 198 3
198 199 3
207 208 3
208 209 3
211 212 3
160 277 3
140 198 3
148 206 3
154 213 3
213 214 3
216 217 3
145 201 3
217 277 3
160 507 3
174 175 3
145 146 3
199 201 3
146 495 3
90 146 3
90 206 3
206 207 3
217 275 3
275 277 3
209 210 3
212 213 3
342 446 0
189 190 3
145 431 3
90 495 3
342 507 0
282 342 1
201 431 3
377 431 3
189 305 1
195 314 3
140 314 3
146 431 3
261 495 3
90 261 3
90 263 3
389 507 3
188 305 3
198 314 3
206 263 3
342 389 0
174 232 3
194 195 3
206 264 3
277 390 3
160 390 3
250 307 0
195 253 3
207 264 3
192 250 2
175 232 3
189 307 0
194 252 3
157 273 3
390 507 3
193 252 3
253 314 3
261 263 3
214 273 3
192 252 0
214 272 3
216 275 3
305 307 0
250 252 0
213 272 3
209 267 3
209 268 3
210 268 3
216 274 3
185 244 1
186 244 3
249 307 3
213 271 3
216 273 3
175 233 3
176 234 3
177 235 1
178 236 3
179 237 3
180 238 3
181 239 3
182 240 3
183 241 2
184 242 2
185 243 1
187 245 1
207 265 3
267 268 3
211 269 3
212 270 3
212 271 3
273 274 3
274 275 3
232 233 3
233 234 3
234 235 3
235 236 3
179 236 3
237 238 3
238 239 3
239 240 3
240 241 1
241 242 3
242 243 1
243 244 3
244 245 3
188 245 0
264 265 3
208 265 3
208 266 3
268 269 3
269 270 3
272 273 3
275 390 3
209 266 3
271 272 3
231 283 3
236 237 3
195 252 3
263 264 3
266 267 3
270 271 3
231 344 3
265 266 3
252 253 3
274 332 3
275 332 3
249 250 1
245 420 0
188 420 0
252 310 3
283 342 1
283 285 1
188 246 1
199 315 3
199 431 3
431 495 3
231 285 1
246 420 0
315 430 3
285 344 0
249 308 3
250 308 0
312 314 3
199 314 3
252 309 3
332 390 3
252 311 3
253 311 3
252 308 3
253 312 3
315 431 3
261 378 2
263 322 3
273 332 3
378 495 2
264 322 3
283 401 1
283 344 3
233 291 3
244 420 0
308 309 3
232 290 3
236 295 3
237 295 3
309 310 3
314 315 3
377 378 2
261 321 3
266 324 3
267 324 3
267 325 3
268 325 3
232 291 3
234 292 3
270 329 3
271 329 3
233 292 3
235 293 3
236 294 3
238 296 3
239 297 3
240 298 3
241 299 0
242 300 0
243 420 0
321 378 2
263 321 3
268 326 3
269 327 3
270 328 3
272 329 3
272 330 3
273 331 3
342 401 2
290 291 3
292 293 3
293 294 3
294 295 3
295 296 3
296 297 3
297 298 3
298 299 3
299 300 3
243 300 0
310 311 3
378 431 2
265 322 3
265 323 3
265 324 3
324 325 3
325 326 3
327 328 3
328 329 3
330 331 3
331 332 3
389 390 3
311 312 3
323 324 3
268 327 3
291 292 3
322 323 3
329 330 3
246 362 0
188 362 3
305 362 3
321 322 3
304 420 0
246 304 3
378 435 0
326 327 3
283 338 3
304 362 0
308 365 3
308 366 3
312 429 3
249 365 3
314 429 3
338 401 1
344 637 3
231 637 3
300 477 0
243 477 0
305 421 0
377 435 3
420 477 3
315 429 3
365 366 3
374 431 3
431 435 3
309 366 3
311 369 3
315 374 3
322 379 3
310 369 3
321 379 3
389 401 1
309 368 3
310 368 3
291 349 3
326 384 3
327 384 3
290 349 3
309 367 3
292 350 3
368 369 3
325 384 3
290 348 3
291 350 3
293 351 3
294 352 3
295 353 3
296 354 3
297 355 3
298 419 0
299 419 0
366 367 3
322 380 3
323 381 3
324 381 3
324 382 3
325 383 3
328 386 3
329 387 3
330 387 3
350 351 3
351 352 3
294 353 3
353 354 3
354 355 3
298 355 3
367 368 3
380 381 3
381 382 3
382 383 3
383 384 3
327 385 3
327 386 3
386 387 3
344 402 1
349 350 3
372 429 3
378 379 0
379 380 3
385 386 3
283 402 1
402 637 0
352 353 3
299 477 0
372 430 3
384 385 3
348 349 3
311 370 3
355 419 0
312 370 3
315 372 3
331 390 3
307 421 3
419 477 3
362 420 0
369 370 3
330 388 3
387 388 3
338 402 1
231 463 1
435 493 3
331 388 3
463 637 0
378 493 0
362 421 0
389 516 3
374 430 3
388 390 3
370 429 3
378 437 0
354 419 0
338 389 3
353 411 3
354 411 3
418 420 3
365 481 3
367 425 3
418 477 3
249 481 3
365 423 3
366 423 3
367 426 3
368 426 3
380 438 3
389 458 3
249 422 1
379 437 3
379 438 3
386 444 3
420 478 3
307 422 1
422 481 0
431 493 3
381 439 3
384 442 3
387 444 3
338 637 3
348 406 3
349 407 3
350 407 3
411 419 0
362 478 0
423 481 3
425 426 3
380 439 3
385 442 3
386 443 3
338 458 3
350 408 3
351 409 3
352 410 3
370 428 3
437 438 3
382 440 3
383 441 3
385 443 3
407 408 3
408 409 3
409 410 3
353 410 3
369 426 3
369 427 3
370 427 3
428 429 3
439 440 3
440 441 3
441 442 3
430 488 2
374 488 2
387 445 3
349 406 3
427 428 3
438 439 3
442 443 3
388 445 3
366 425 3
443 444 3
444 445 3
406 407 3
410 411 3
421 478 3
426 427 3
421 422 1
423 424 3
429 487 3
366 424 3
418 478 3
411 412 0
412 419 3
424 425 3
520 637 3
463 520 0
418 476 3
338 520 3
476 478 3
429 430 3
493 552 3
389 445 3
414 419 3
430 487 3
437 493 3
421 479 3
487 488 3
431 494 3
442 501 3
443 501 3
475 477 3
422 479 0
426 484 3
388 389 3
474 477 3
418 475 3
425 484 3
427 484 3
437 552 2
412 414 3
414 477 3
414 473 1
474 475 3
427 486 3
428 486 3
442 500 3
410 468 3
473 477 0
423 482 3
424 482 3
428 487 3
438 497 3
439 497 3
500 501 3
443 502 3
444 502 3
406 464 3
407 465 3
408 466 3
409 468 3
410 412 0
424 483 3
425 483 3
440 498 3
441 498 3
441 499 3
444 503 3
464 465 3
465 466 3
409 466 3
478 479 3
483 541 1
486 487 3
438 552 2
499 500 3
445 503 3
463 521 0
473 474 0
483 484 3
493 551 2
440 497 3
502 503 3
520 521 3
409 467 3
482 483 3
431 488 2
498 499 3
466 467 3
467 468 3
552 554 3
497 498 3
333 389 3
458 516 3
412 468 1
481 482 3
497 552 2
333 510 1
338 516 3
475 476 3
484 486 3
488 489 3
497 554 3
501 502 3
431 489 2
476 535 1
478 535 1
478 536 1
479 536 1
431 548 1
431 549 1
493 549 1
548 549 3
516 633 3
338 633 3
338 576 3
520 576 3
479 538 1
412 527 1
414 472 1
422 538 2
486 543 2
487 545 2
489 548 1
472 473 1
488 545 3
484 543 2
475 534 1
476 534 1
482 540 3
516 573 3
481 538 1
483 540 3
484 542 2
503 561 3
445 562 3
576 633 3
414 529 1
483 542 2
498 556 3
501 559 3
502 559 3
503 562 3
389 505 3
573 633 3
472 529 1
481 540 3
542 543 3
549 551 0
497 556 3
561 562 3
389 567 3
464 522 1
464 523 1
465 523 1
466 524 1
467 526 3
468 526 3
412 529 1
473 531 1
474 532 1
475 533 1
535 536 3
488 546 3
499 557 3
523 524 3
467 524 1
412 526 1
472 530 1
472 531 1
531 532 3
532 533 3
545 546 3
489 546 3
550 551 3
500 559 3
529 530 3
530 531 3
533 534 3
552 553 3
497 555 3
500 557 3
534 535 3
541 542 0
487 543 2
546 548 1
549 550 0
553 554 3
555 556 3
502 560 3
522 523 3
538 540 0
551 552 3
559 560 3
503 560 3
412 528 1
498 557 3
528 529 3
543 545 3
554 555 3
389 562 3
511 567 3
467 525 1
540 598 1
500 558 3
333 505 3
524 525 3
525 526 0
479 595 1
558 559 3
389 573 3
536 595 0
556 557 3
557 558 3
505 562 3
538 595 1
542 545 3
538 598 1
527 528 1
540 599 1
483 599 1
542 599 2
549 608 3
333 567 3
520 867 3
520 636 3
521 636 3
541 599 3
542 602 2
550 609 3
551 609 3
553 612 3
554 612 3
556 615 3
636 867 3
545 602 3
546 605 3
550 608 1
555 612 3
557 616 3
560 618 3
529 587 3
530 587 3
530 588 3
531 588 3
538 596 2
542 601 3
548 605 0
549 607 3
607 608 3
551 610 3
552 610 2
553 610 3
557 615 3
558 616 3
559 736 3
560 561 3
587 588 3
546 604 3
548 606 3
548 607 3
615 616 3
560 736 3
618 736 3
561 623 3
562 623 3
522 580 0
528 586 0
529 586 0
532 590 2
533 591 2
534 592 2
535 593 1
536 594 0
595 596 0
538 597 1
597 598 3
598 599 0
545 604 3
605 606 3
523 580 0
527 586 1
531 590 2
590 591 3
591 592 3
592 593 2
593 594 0
594 595 0
545 603 3
606 607 3
561 618 3
586 587 1
531 589 0
603 604 3
608 609 3
520 633 3
526 527 0
589 590 1
596 597 1
602 603 3
604 605 3
559 616 3
505 623 3
520 692 1
527 585 1
585 586 0
588 589 0
610 612 3
618 623 3
692 867 0
609 610 3
555 615 3
559 675 1
601 602 3
675 736 0
333 748 3
526 585 1
612 615 3
628 748 3
524 582 3
525 584 3
526 584 1
599 601 2
636 695 3
521 695 3
523 582 3
525 582 3
584 585 3
610 669 3
612 669 3
616 675 1
567 748 3
520 573 3
582 584 3
573 748 3
523 638 0
585 643 0
586 643 2
599 658 2
601 658 3
612 670 1
580 638 1
587 645 0
588 645 0
567 573 3
582 638 0
586 645 0
598 656 0
599 656 3
615 670 1
573 689 1
585 642 0
606 664 3
607 664 3
607 665 3
584 642 0
642 643 3
605 664 2
664 665 3
608 665 3
610 667 3
589 647 0
590 647 0
595 653 0
596 653 2
597 656 0
604 662 3
605 662 3
609 667 3
584 641 0
586 644 0
588 647 0
594 653 0
596 655 2
597 655 0
603 719 3
641 642 3
643 644 3
655 656 3
663 664 0
665 666 1
573 692 1
588 646 0
590 648 0
591 649 0
592 650 0
593 652 0
594 652 3
596 654 2
656 658 3
605 663 3
608 667 2
582 640 0
582 641 0
645 646 3
646 647 3
647 648 3
648 649 3
649 650 3
650 710 0
653 654 3
654 655 3
640 641 3
593 650 0
652 653 0
601 659 3
662 663 3
615 672 3
616 672 3
573 691 1
593 710 0
604 719 3
667 669 3
669 670 1
670 672 0
573 690 1
691 692 2
652 710 0
658 659 3
608 666 1
689 748 0
636 809 3
638 697 3
582 697 0
644 645 0
666 667 0
695 809 3
640 697 3
601 603 3
809 867 3
638 696 3
696 697 3
689 690 3
601 718 3
603 718 3
718 719 3
665 667 3
653 711 1
616 736 3
690 691 2
652 711 1
659 718 3
672 736 3
662 719 3
665 724 1
667 724 3
667 725 3
667 726 3
709 710 3
656 716 3
669 726 3
623 736 3
650 709 0
710 711 1
658 716 3
669 727 3
695 752 3
659 716 3
724 725 3
690 806 0
752 809 3
654 711 1
725 726 3
726 727 3
689 806 0
691 806 0
662 720 3
670 728 2
691 867 0
640 698 3
641 699 3
642 700 3
643 701 3
644 702 3
645 702 1
645 703 3
646 704 0
647 705 0
648 706 0
649 707 0
650 708 0
659 717 3
719 720 3
662 721 3
663 721 3
663 722 3
664 722 1
665 723 1
672 728 1
697 698 3
698 699 3
699 700 3
700 701 3
701 702 3
702 703 0
703 704 0
704 705 3
705 706 3
706 707 0
707 708 1
708 709 3
715 716 3
722 723 3
723 724 3
721 722 3
669 728 3
806 867 0
655 713 3
656 713 3
656 715 3
716 717 2
720 721 3
654 770 1
654 713 3
717 718 3
713 770 3
713 715 3
727 728 3
748 806 1
711 770 0
672 905 1
728 905 3
736 905 1
695 811 1
713 772 3
715 772 3
752 811 1
718 777 3
719 777 3
809 810 1
752 810 1
715 774 2
716 774 0
716 775 0
717 775 2
715 773 3
720 777 3
702 760 3
707 765 0
773 774 0
717 776 2
718 776 2
721 779 3
727 785 3
728 785 3
701 760 3
708 765 3
772 773 3
720 779 3
722 779 3
696 754 3
697 755 3
698 756 3
699 757 3
700 758 3
703 761 3
704 762 1
705 763 1
706 764 1
708 766 1
709 767 1
710 768 1
710 769 1
711 769 3
776 777 1
722 780 3
723 781 3
724 782 3
725 783 3
726 784 3
754 755 3
755 756 3
756 757 3
757 758 3
701 758 3
702 761 0
761 762 3
762 763 0
763 764 2
764 765 3
765 766 1
766 767 3
767 768 3
769 770 0
774 775 3
775 776 3
720 778 3
779 780 3
780 781 3
781 782 3
782 783 3
783 784 3
784 785 3
728 786 3
777 778 3
778 779 3
785 786 3
736 740 3
623 740 3
810 811 3
768 769 1
740 792 1
808 809 0
760 761 0
748 750 3
786 905 3
505 740 3
750 806 1
806 923 1
867 923 1
736 1021 1
758 760 3
905 1021 3
740 1021 1
760 817 3
770 827 3
740 744 3
758 817 3
770 829 1
770 772 1
809 868 3
772 829 3
772 830 2
810 868 0
769 827 0
829 830 3
774 832 1
775 832 1
760 818 3
786 845 3
845 905 3
811 868 0
761 818 3
827 828 3
827 829 1
828 829 1
767 825 1
768 827 1
773 832 2
754 812 3
755 813 3
756 814 3
757 815 3
758 816 3
761 819 3
762 820 3
763 821 0
764 822 3
765 823 1
766 824 1
768 825 1
775 833 1
776 834 1
777 835 0
778 836 2
779 837 0
780 838 2
781 839 2
782 840 2
783 841 0
784 842 0
785 843 1
809 866 1
866 868 0
811 869 0
812 813 3
813 814 3
814 815 3
815 816 3
816 817 3
762 819 3
762 821 0
821 822 0
822 823 1
823 824 2
824 825 0
768 826 1
773 830 2
832 833 3
833 834 3
834 835 0
835 836 1
836 837 0
837 838 1
838 839 3
839 840 3
840 841 0
841 842 3
842 843 1
786 843 1
333 740 3
333 750 3
866 867 0
868 869 3
826 827 3
740 856 1
818 819 3
819 820 3
820 821 1
773 889 2
830 889 3
832 889 3
817 818 2
825 826 3
749 866 1
749 868 3
817 875 3
749 867 3
749 923 1
818 875 2
819 878 3
843 845 0
820 878 3
843 902 0
845 902 0
750 923 1
830 888 2
845 903 3
903 905 3
816 875 3
818 876 3
819 877 3
877 878 3
829 887 0
835 893 1
819 876 3
825 884 3
826 884 3
836 893 3
868 927 1
869 927 3
812 870 3
813 871 3
814 872 3
815 873 3
816 874 3
821 879 0
822 880 1
823 881 3
824 882 3
825 883 3
827 885 1
888 889 0
832 890 3
833 891 3
834 892 3
836 894 2
837 895 1
838 896 0
839 897 3
840 898 3
841 899 1
842 900 1
843 901 0
856 914 3
868 926 1
870 871 3
871 872 3
872 873 3
873 874 3
874 875 3
878 879 1
879 880 0
880 881 1
823 882 2
882 883 0
884 885 0
829 888 0
889 890 3
890 891 3
891 892 3
892 893 3
893 894 1
894 895 0
895 896 1
896 897 0
897 898 3
898 899 0
899 900 3
900 901 1
740 914 1
749 926 1
926 927 3
881 882 2
883 884 3
828 887 2
887 888 2
901 902 0
333 744 3
875 876 2
902 903 1
744 750 3
876 877 3
740 910 1
923 980 0
750 980 1
828 885 2
923 924 3
749 924 1
876 934 2
885 887 2
886 887 3
903 962 0
879 937 0
905 962 2
887 944 1
888 945 2
903 961 3
883 941 3
885 944 1
902 961 1
740 970 1
926 985 3
927 985 3
875 934 2
884 941 3
886 944 1
887 945 1
888 947 2
889 947 1
961 962 0
878 936 0
890 947 1
877 936 0
879 936 0
905 963 3
740 969 1
740 972 1
750 978 1
870 928 3
871 929 3
872 930 3
873 931 3
874 932 3
875 933 3
877 934 2
880 937 0
880 938 0
881 939 3
882 940 0
883 940 3
885 943 1
890 948 1
891 949 1
892 950 1
893 951 1
894 952 2
895 953 1
896 954 1
897 955 1
898 956 1
899 957 1
900 958 1
901 959 2
902 960 1
962 963 2
963 1021 3
928 929 3
929 930 3
930 931 3
931 932 3
932 933 3
934 935 0
877 935 0
938 939 1
939 940 0
943 944 3
947 948 3
948 949 3
949 950 3
950 951 3
951 952 3
952 953 3
953 954 3
954 955 3
955 956 3
956 957 3
957 958 1
958 959 3
959 960 3
960 961 3
749 985 1
935 936 3
884 942 3
885 942 1
941 942 3
945 947 3
940 941 3
944 945 3
933 934 3
937 938 3
942 943 3
749 980 1
936 937 1
985 1043 0
935 992 3
749 1043 0
945 1004 0
947 1004 0
936 995 1
937 995 3
934 992 2
933 992 3
944 1003 0
945 1003 0
962 1020 3
938 996 1
939 997 0
961 1020 0
963 1020 2
936 994 3
937 996 1
939 996 2
952 1010 0
959 1018 3
960 1018 3
961 1019 3
744 1032 1
992 993 3
935 993 3
935 994 3
994 995 1
996 997 3
951 1010 0
960 1019 3
928 986 3
929 987 3
930 988 3
931 989 3
932 990 3
933 991 3
940 998 0
941 999 0
942 1000 0
943 1001 0
944 1002 0
947 1005 0
948 1006 0
949 1007 0
950 1008 0
951 1009 0
953 1011 0
954 1012 0
955 1013 0
956 1014 0
957 1015 0
958 1016 3
959 1017 3
1019 1020 0
986 987 3
987 988 3
988 989 3
989 990 3
990 991 3
991 992 3
993 994 3
997 998 0
998 999 3
999 1000 3
1000 1001 3
1001 1002 3
1002 1003 3
1003 1004 3
1004 1005 3
1005 1006 3
1006 1007 3
1007 1008 3
1008 1009 3
1009 1010 3
1010 1011 3
1011 1012 3
1012 1013 3
1013 1014 3
1014 1015 3
1015 1016 1
1016 1017 3
1018 1019 3
740 1025 1
740 1026 1
1025 1026 3
995 996 1
1017 1018 3
