0.0158251 0.0243326 19.5838
0.0135981 0.0289121 19.5904
0.00774485 0.0269261 19.88
0.297561 0.00682907 0.440959
0.335239 -0.0117616 -2.12904
0.00519504 -0.0724726 14.8657
0.00521449 -0.0721282 14.8614
0.00450732 -0.0707126 14.9614
0.00196304 -0.0680802 15.389
-0.00348227 -0.0632504 16.4252
-0.00506818 -0.111366 17.3899
-0.0089285 -0.0581879 17.6424
-0.0336599 -0.0447692 24.1269
-0.03284 -0.031951 23.7599
-0.0246752 -0.0457825 20.7464
-0.00894943 -0.0762146 16.3366
0.0195192 -0.234091 8.72285
-0.0224945 0.0262114 16.2005
0.00468943 0.0305047 13.8905
0.00664042 -0.0151346 13.3757
0.0348456 -0.0209501 -11.4793
-0.0228331 -0.00303391 15.4236
-0.145852 -0.228817 99.5244
0.147835 -0.0269339 -65.2989
-0.0386387 0.00947446 26.1448
-0.057133 0.0427385 35.0338
-0.034239 0.0406177 21.5954
-0.0177253 0.00331159 12.8577
0.0235518 -0.0338002 -11.9713
0.00616405 -0.0180222 -0.376207
0.00541886 -0.00407894 -0.587333
0.00794428 -0.0418956 -0.244637
-0.00827345 -0.0457375 10.3961
-0.00587179 -0.0832062 10.4988
-0.031248 -0.0406266 26.7709
-0.0174776 -0.0642585 17.4247
-0.00915649 -0.0378103 11.4707
-0.0254785 -0.0070485 24.1354
-0.00759457 -0.00693201 9.17249
-0.0648258 -0.124118 61.1937
-0.0350386 -0.0366182 33.113
-0.00983107 -0.00216792 10.2867
0.00962069 0.04957 -8.06855
0.00325207 0.0102942 -1.90405
0.0877928 0.108463 -83.9205
0.0188303 0.00454577 -16.5372
0.00250032 -0.00619769 0.0431748
-0.0140638 -0.00668331 16.6465
0.00705563 0.00922337 -5.51344
0.00895744 0.00833023 -7.4528
0.011111 0.00721541 -9.33258
0.0109514 0.00777173 -9.18334
0.0132423 0.012851 -12.3411
0.0810076 -0.280384 -4.79449
0.0139618 0.0131525 -13.1967
0.135041 0.433434 -85.6993
0.0827347 0.249587 -18.3648
0.022021 0.343033 53.8991
0.0218755 0.023979 19.5019
0.0232009 0.0309631 19.2184
0.0290868 0.0529587 18.1885
0.088486 0.0197435 15.7032
0.397745 -0.0314394 -7.52445
0.408994 0.0170478 -9.56055
0.00605807 -0.0717203 14.7363
0.0061067 -0.070365 14.6965
0.00470458 -0.0678324 14.8789
0.00120033 -0.0631638 15.4383
-0.00354042 -0.0607526 16.4124
-0.00718956 -0.0572579 17.2107
-0.0117105 -0.0531519 18.2805
-0.0292991 -0.056106 23.0166
-0.0427684 -0.0424159 26.6375
-0.0641731 0.028316 31.418
-0.0435392 0.0200099 23.918
-0.0287762 0.00939779 18.6475
-0.00659729 0.00413501 10.5775
-0.0204577 0.0162278 16.025
0.0233943 0.0447146 -5.17182
0.0250486 0.0551233 -6.63835
0.0102518 0.0188598 1.62091
-0.0151277 -0.00248374 15.0182
-0.0249605 -0.0245914 19.8936
-0.0607312 0.0295894 37.814
-0.0217208 0.0153316 14.5803
-0.183257 0.0516383 109.986
0.0657162 0.0743592 -41.0611
0.0342162 -0.330547 -13.5529
0.301371 -0.505512 -182.395
0.00991843 -0.0316853 -2.01617
-0.00601566 -0.00924398 6.89188
-0.0275588 -0.0951366 26.7421
-0.0134036 -0.0517353 14.3198
-0.00552753 -0.0338246 7.7025
0.00786233 -0.0654025 -1.33373
-0.00863894 -0.0386035 10.9798
-0.0202327 -0.0456283 20.8751
-0.0151452 -0.0263763 15.623
-0.0155574 -0.00991923 15.3093
-0.00640932 -0.00100197 7.06051
-0.051665 0.0933866 44.3914
0.00212775 0.000170613 -0.687874
-0.00367464 -0.0411342 7.63376
-0.169242 -0.163281 176.365
0.0148964 -0.0306456 -10.7692
-0.00420339 0.0933664 7.81299
-0.00505861 0.238997 8.83485
0.0208401 0.688213 -36.2749
-0.0186086 0.715572 5.19771
-0.161136 0.114622 187.806
0.136415 0.226215 -150.649
0.0732141 0.110346 -3.94829
-0.00370158 0.0204543 16.5858
-0.0260777 0.011377 43.6758
0 0.0226266 11.9327
0.036135 0.0187886 -32.4055
0.0285942 0.0237945 19.4141
0.0321512 0.030562 18.934
0.0442121 0.0390831 17.8999
0.0716663 0.0136936 17.3254
0.0409025 0.0163797 19.6951
0.0193068 0.0155411 22.0285
0.00476674 0.014878 23.9088
-0.00506166 0.0142935 25.3941
-0.0105685 0.0138125 26.3511
-0.0132037 0.0135211 26.8645
-0.0139774 0.0128102 27.063
-0.0139039 0.0124017 27.0652
-0.013688 0.0120902 27.0266
-0.013688 0.0120902 27.0266
0.348931 0.040586 118.444
-0.0773427 0.0844866 33.3102
-0.0817164 0.0328512 37.1085
-0.0294949 0.00182658 19.0538
-0.00598334 0.0173858 9.82871
-0.0249408 0.0704375 15.3579
-0.0135408 0.00813654 13.1774
-0.0082492 0.0203379 10.3198
-0.0039246 0.0356255 7.70025
-0.0236607 -0.0174706 20.5851
-0.00190541 -0.0121929 8.46993
-0.0357852 0.0159066 23.7472
-0.0410767 0.018223 26.2697
-0.0297713 0.0274282 19.0877
-0.0199206 0.00916731 14.245
-0.0309138 0.00544299 20.9483
-0.00498395 -0.00726233 6.19227
-0.0111425 -0.0354847 11.7089
-0.0120456 -0.0461441 13.1989
-0.00950439 -0.058374 12.0649
-0.0109856 -0.0130261 10.5177
-0.011476 -0.0213073 11.1579
0.00659001 -0.0164491 -2.85099
-0.00112377 -0.0171741 3.23604
-0.00443586 -0.0274672 6.63061
-0.00292921 -0.0126188 4.42666
-0.00919528 -0.00861324 9.76935
-0.0012842 -0.00239591 2.38189
0.00885721 0.00337076 -7.12534
0.00902402 0.00706773 -7.32121
0.00838379 0.00226612 -6.37339
0.0153423 0.0148891 -13.6625
0.165718 0.0273593 -164.21
-0.0273819 -0.0197937 31.6111
0.0192645 0.15718 -25.4833
-0.404903 0.029039 441.637
0 -0.319787 25.0787
-0.123652 0.112399 146.428
0 -0.109418 22.0119
0.0228187 -0.15853 -2.06148
-0.0117574 -0.0765541 33.4453
0.0114174 -0.148742 10.1043
0.000603377 -0.128568 22.0586
0 0.112071 8.99953
0.0174908 -0.0202675 40.4158
0.0180006 -0.0215407 40.5011
0.0186087 -0.023838 40.6946
0.0631822 0.0126871 17.9866
0.0157532 -0.00445643 39.0485
0.0181524 -0.00242379 38.6735
0.00643793 -0.00616025 40.4589
-0.00168121 -0.00613028 41.6562
-0.00721684 -0.00322454 42.3823
-0.0116468 -0.00662099 43.4745
-0.0128848 -0.0078922 43.8271
-0.0128848 -0.0078922 43.8271
0.0400051 -0.139672 183.688
0 0.0227292 38.3718
0.347563 -0.000840593 121.49
-0.0100465 0.0885008 10.5975
0.111355 0.0290231 -26.0416
0.0157756 0.0188561 -4.40926
-0.378718 0.0241165 166.311
-0.0643433 -0.0256743 38.332
-0.0220794 -0.0524649 20.5314
-0.00183494 -0.0266524 9.36957
-0.0735001 -0.16985 56.2991
0.00405269 -0.0883642 11.4491
0.0125545 -0.0216763 1.7096
-0.0162094 -0.0167023 15.2002
-0.0539711 0.00570371 37.969
-0.0279596 -0.00334554 20.1633
-0.0079408 -0.0085607 7.92106
-0.0251748 -0.0194765 20.4653
-0.00421855 -0.00730749 5.65378
-0.109955 -0.0482817 81.803
-0.00848929 -0.00753791 8.55404
-0.0108851 0.00274269 9.33654
-0.0075367 0.0144638 6.07847
-0.0067052 0.00130585 6.49584
-0.00363631 0.0130613 3.53288
-0.00721072 0.00335498 6.94328
0.00164927 -0.00364501 0.0784042
1.00685e-05 -0.000183368 1.27016
-0.00711754 -0.00215189 7.59065
0.00387236 -0.000680414 -2.27754
0.0107292 0.00330225 -8.78943
0.0133536 0.00745392 -11.4343
0.035304 -0.0247546 -29.6757
-0.130445 -0.483761 166.856
-0.0218155 -0.222037 42.0194
0 -0.169383 16.5464
-0.00202553 -0.242559 23.6491
0 -0.285667 24.5266
0.00759524 -0.292374 16.8788
-0.00280376 -0.327231 30.766
0.0654181 0.135606 -64.2755
-0.6875 0.209635 795.766
-0.00605859 0.00857361 8.49736
-0.0042864 0.00445438 7.93889
-0.0230594 -0.128991 41.4794
0.00489423 0.0127697 -2.07928
0.0156165 -0.0191113 40.3234
0.015373 -0.0215276 40.5483
0.0178647 -0.0241917 40.7086
0.0195996 -0.0232059 40.4927
0.01783 -0.0111442 39.5292
0.0007372 -0.00985698 41.6358
0.00127457 -0.00811339 41.3699
0.000269114 -0.00610505 41.3297
-0.000744765 -0.00260828 41.1613
-0.0129266 0.390542 9.37953
-0.0129915 0.390931 9.3544
0.0479512 -0.133322 180.844
0.0470556 -0.140856 181.848
0.0470556 -0.140856 181.848
0.185346 0.00747248 181.914
0.0999929 0.0374882 -23.0069
0.0837012 0.0389666 -17.1844
0.021542 0.047833 -11.2362
-0.0231764 -0.273426 45.5942
0.0141401 -0.105374 9.83565
-0.00737173 -0.0745251 15.4105
-0.0131139 -0.0677936 17.4513
-0.0372314 -0.088448 30.9162
0.0153594 -0.0997872 5.97005
-0.00544786 -0.0846022 16.0372
-0.0308599 -0.0773904 29.0075
-0.0266209 -0.0431871 23.1215
-0.0195481 -0.0290049 17.5752
0.758227 -0.0113079 -462.247
-0.00328715 -0.00935567 4.98825
-0.0125612 -0.0158714 11.7406
-0.00615438 -0.00275508 6.35909
-0.00294891 0.00277357 3.82057
0.00641273 0.0222125 -4.70476
-0.00667407 0.0335596 4.22759
-0.0133741 0.022239 10.5272
-0.0193177 0.00937119 16.2216
-0.0171154 0.00529568 14.8614
-0.00266314 -0.00218758 3.57519
0.00179681 0.000159925 -0.259755
-0.00422429 -0.00201591 5.2136
0.00235912 0.00426546 -1.31956
0.0131084 0.00159681 -10.8625
0.0138865 0.00283937 -11.6246
0.00596076 -0.00399927 -3.827
0.0143449 -0.000669128 -11.5041
-0.00102353 0.0157743 2.41212
0.107405 -0.12087 -69.2969
0.104973 -0.119317 -66.9155
0.00864577 0.00650753 -7.157
0.0134599 0.012188 -12.5587
0.0145608 0.0130362 -13.8981
-0.551908 0.200512 619.495
0.0656572 0.0899074 -52.8414
0.0015647 -0.00582805 3.36804
0 0.234075 -17.6711
0.00583839 0.232377 -24.6588
-0.0107065 0.232446 -4.31298
0.0125444 -0.014916 39.9295
0.01153 -0.0156427 40.0152
0.0160864 -0.0187671 40.1523
0.0205748 -0.021438 40.1652
0.0255017 -0.0189637 39.4843
0.018927 -0.015305 39.8459
0.00912316 -0.0106832 40.5365
0.00425184 -0.0060112 40.6802
0.00323541 -0.00358111 40.5574
0.00195163 -0.00333035 40.7684
0.00195163 -0.00333035 40.7684
-0.00434046 -0.00361392 41.843
-0.0064123 -0.00313534 42.178
-0.00367622 -0.00537195 41.674
0.214421 0.00885602 172.404
0.33464 -0.0096202 126.271
0.0982839 -0.0492675 -1.54379
0.0182874 0.0556526 -10.6704
0.0293231 -0.00152031 -8.20212
0.0193145 -0.0101329 -2.97912
-0.00686371 -0.0140522 8.75798
-0.0193676 -0.0376314 17.235
-0.018299 -0.0531361 17.6726
-0.0120753 -0.00531426 12.635
0.00262275 -0.056315 8.55343
-0.00351576 -0.0290323 8.4217
0.283346 -0.015935 -154.963
-0.0045904 -0.0229986 7.98967
-0.0126033 -0.00952644 11.099
-0.0725036 -0.226763 76.2331
0.0189092 0.0230822 -12.392
-0.0247427 0.0281982 15.8156
0.00292728 0.00889914 -0.939502
0.0168714 0.0229734 -12.4622
0.00684976 0.008451 -3.27984
-0.0180485 0.00129603 16.2969
-0.0258771 0.00108365 22.5321
-0.0217087 0.00483406 18.6511
-0.0109836 0.00458394 9.69757
0.00797586 -0.00182475 -5.37567
0.00762533 0.00780934 -6.25874
0.00425252 0.0281797 -5.74554
0.0100004 0.00645927 -8.51148
0.00470762 0.0095611 -4.05414
0.00139782 -0.00466359 0.543325
0.00915726 0.00108727 -6.90474
0.00988294 0.00132798 -7.82596
0.0126941 0.00160981 -10.6193
0.0152955 0.010966 -14.5605
0.00686942 0.0118437 -5.32803
0.010107 -0.00155628 -7.59142
0.218099 0.0261328 -211.882
-0.254336 -0.0430617 325.501
0.177944 0.133098 -191.674
-0.00805622 0.0122775 13.6758
0.0158458 -0.0344511 -8.67389
0.0149079 -0.0355732 -7.41599
0.0149079 -0.0355732 -7.41599
0.0119249 -0.0118397 39.54
0.010881 -0.0112265 39.4726
0.0104864 -0.0100467 39.3114
0.0159185 -0.00905854 38.7964
0.0228417 -0.0183054 39.4812
0.0243931 -0.00929683 38.3314
0.0157439 -0.0130042 39.9076
0.00761965 -0.00422744 39.8955
-0.00178062 -0.00740442 41.4148
-0.00103064 -0.00589367 41.0587
-0.000408883 -0.00482175 40.7771
-8.30737e-05 -0.00405635 40.5952
-3.11132e-05 -0.00354691 40.5117
-8.77717e-05 -0.00331441 40.4949
0.328354 -0.00776558 128.162
0.184764 -0.0204436 176.594
0.0538896 -0.00683021 9.74559
0.00833501 0.0467742 -6.49506
0.00794927 0.0269078 -3.86219
0.0156651 -0.0087416 -1.70128
-0.00425982 -0.00738413 6.90705
-0.0269359 -0.0133742 17.9708
-0.038036 -0.0180438 23.4214
0.00463057 -0.0124371 1.61645
-0.0250179 -0.0385518 20.8219
-0.00321573 -0.0209378 6.67094
-0.00089697 -0.0115523 4.0558
0.0385199 0.0521872 -28.471
-0.00423357 0.0806427 -7.12302
-0.0191129 0.00851503 12.7001
-0.00514722 0.183143 -14.4639
-0.00352016 -0.00617667 5.48152
0.0106295 -0.00232656 -4.78087
0.015797 0.00174784 -9.02633
-0.0105448 -0.00508585 11.2742
-0.0137019 -0.00278715 13.3198
-0.023007 0.00762122 19.1813
-0.0176321 0.00515154 15.2765
-0.0174492 0.00736576 14.6792
0.0070477 0.00942412 -6.18959
0.0104074 0.0133537 -9.60455
0.00861722 0.0078079 -7.23826
0.0101787 0.00675463 -8.64162
0 0 -1
0.00772658 0.000530081 -5.59336
0.00776568 -0.000649285 -5.41813
0.00875914 3.49496e-05 -6.78907
0.0133464 -0.00128946 -10.9721
-0.00335573 0.0655444 -4.76488
0.0200879 -0.000695145 -19.7512
0.0346713 0.00206825 -35.7434
0.00575152 -0.003403 -1.95937
0.0581223 -0.0101913 -59.5016
0.103751 0.0789065 -98.948
0.0710715 0.188717 -93.7305
0.00976542 -0.0501916 11.8292
0.00976542 -0.0501916 11.8292
0.0790825 0.0262741 -72.2162
0.01373 -0.00932726 39.1354
0.0139132 -0.00504401 38.4344
0.0160702 0.00379121 36.8861
0.0230496 0.0209812 33.5552
0.0250652 0.00353754 35.9432
0.0247782 -0.0111791 38.4033
0.0302885 0.0897948 -19.0951
-1.0622e-14 -0.0209258 7.77479
0.0303118 0.0901527 -19.1585
0.316176 -0.0554621 52.0891
0.0284355 0.105277 -21.1909
0.00569606 0.0647266 -8.1576
0.029934 0.0915712 -19.2852
0.0302682 0.0900264 -19.1308
0.0297757 0.0918551 -19.2879
0.0102882 0.056472 -7.54785
0.171829 -0.0319003 -41.316
0.00825353 0.0457733 -6.37149
-0.0172359 0.0534243 2.28346
-0.0233994 0.0359325 7.54921
-0.0095976 -0.0130809 9.86759
-0.0289726 -0.00297201 16.8904
0.000312419 0.0250015 -2.13394
-0.00804723 -0.0204242 9.12572
-0.00671698 -0.00243369 5.89052
-0.0208723 -0.00190005 15.4248
0.0127499 -0.202553 24.8474
0.00707282 0.00486324 -2.99817
-0.0607354 0.035619 32.9409
-0.00922156 0.00614768 6.79133
-0.174493 0.010068 125.217
-0.00541453 -0.0164403 8.1521
0.020249 -0.0130254 -9.90817
0.0191898 0.000553397 -11.3532
0.000255416 0.00315519 1.88629
-0.0103237 0.00623207 9.18832
-0.0122483 0.00309321 11.3001
-0.0110891 0.0177275 7.95462
0.00270002 0.0132468 -3.22091
0.0104741 0.0133115 -9.96265
0.0111165 0.0107495 -9.88255
0.00114657 -0.00729336 2.23041
-0.805076 -0.140004 755.512
0.0127229 0.00581157 -11.1387
0.00349051 0.000937257 -1.55853
-0.0305758 0.0500297 23.3669
0.0142861 0.00487251 -12.6025
0.00886378 -0.00494304 -5.79015
0.0137832 -0.00128838 -12.0761
0.0164954 -0.000241082 -15.9494
-0.0218122 0.0120061 23.419
0.0501641 -0.00574011 -51.1233
0.0171648 0.00809919 -15.8307
-7.91766 1.52411 8962.79
-0.00300903 -0.101062 27.4691
-0.0151194 -0.129769 46.4579
0.0834797 0.0254027 -77.5098
0.0714427 0.0204294 -61.8794
0.0207253 -0.00781594 38.7881
0.0232901 -6.7836e-05 37.2936
0.0288401 0.018524 33.651
0.0394788 0.0366817 29.6483
0.0410304 0.0494526 27.2233
-0.175807 -0.273911 114.248
0.0211271 0.0487936 29.5194
0.0157945 0.0494054 30.1862
0.0157945 0.0494054 30.1862
0.180973 -0.0482874 77.6695
0.0302038 0.0910048 -19.2636
0.030228 0.0912314 -19.3046
0.0300338 0.0921427 -19.4095
0.0300957 0.0911402 -19.2632
0.0288285 0.0934279 -19.2635
0.0283915 0.122109 -23.8831
-0.089662 -0.0470223 55.3642
0.01021 0.0640818 -9.56429
-0.0293763 0.0986075 -0.925685
-0.0466681 0.083121 9.07875
-0.0158277 0.0392421 3.3305
-0.0265515 0.00710042 14.2423
-0.00794238 0.0294824 1.01195
0.000689613 0.0469792 -4.91365
0.017079 0.162918 -34.6799
-0.0136422 0.179438 -20.5214
0.0183758 0.0110666 2.54161
0.0216304 0.0155343 -0.355866
-0.01432 0.184021 -21.6141
-0.0193221 0.0267212 9.80574
-0.0160322 -0.00396217 12.7707
-0.0094974 -0.00564676 8.76446
0.00314496 0.0332091 -6.13658
0.0202444 0.0550964 -22.263
0.000374278 0.0482116 -6.30477
-0.0199267 0.0473671 8.82079
-0.0172819 0.0393623 8.2072
-0.00344302 0.0236622 0.46229
-0.0268477 0.0285136 18.6878
0.00698973 0.0275265 -9.63243
1.3923 0.059501 -1208.47
0.00821469 0.0190608 -9.58042
0.015342 0.0876017 -28.5126
0.0087995 0.00632753 -7.14232
-0.0381376 0.0901317 21.8592
0.00456885 -0.00100708 -2.29224
0.042023 0.104256 -52.5658
-0.0898214 0.0474762 89.1774
0.0462717 0.0555336 -56.4575
-0.0388247 0.0575365 32.7878
0.0239729 -0.000254206 -23.808
0.0118421 0.00236847 -9.91639
0.0156447 -3.62267e-05 -13.2012
1.20059 -0.0539062 -1368.27
1.11654 0.0371094 -1289.15
-0.0350461 -0.101328 65.526
0.00762315 0.0014844 -3.93867
-0.0194009 -0.0107787 30.8273
0.0267389 0.232062 192.255
0.0267389 0.232062 192.255
0.0267389 0.232062 192.255
0.0267389 0.232062 192.255
0.0493826 0.0441843 27.4825
-0.108524 -0.21441 95.3538
0.00887612 0.442254 148.671
0.00875349 0.442067 148.734
0.00805362 0.441447 148.99
0.0053031 0.439733 149.894
-0.00134124 0.441099 151.073
-0.0113393 0.438101 154.054
-0.0209714 0.436307 156.915
-0.0300305 0.428974 160.928
-0.0345648 0.423927 163.304
0.0386635 0.206221 -43.8467
-0.11543 0.425318 -26.7116
-0.0115104 0.132976 -14.0537
-0.0220835 0.155913 -14.0912
-0.12715 -0.0109101 73.8583
-0.00363439 0.377904 -66.6027
-0.0240223 0.33246 -48.5326
-0.0282734 0.302938 -40.3577
0.00737622 0.223978 -41.1876
0.0240694 0.201072 -45.6472
0.0245812 0.229047 -51.3578
0.0154638 0.0160749 3.24465
0.00614716 0.0117927 9.61378
0.00175786 0.27684 -49.9205
0.00191781 0.241489 -43.1724
-0.00615245 0.20968 -31.0758
-0.0510515 0.249309 -9.40388
-0.0205559 0.227559 -26.3409
-0.0321778 0.195087 -11.2748
-0.0140107 0.129921 -11.1857
-0.0374928 0.100743 12.3042
-0.0336105 0.0798482 13.4485
-0.0204319 0.0512635 8.98114
-0.0145807 0.0491834 4.68254
-0.0104357 0.033486 4.77529
0.00194388 0.00742328 -0.248909
-0.00357912 0.00226643 6.08682
-0.0144867 0.00227148 15.5534
0.334375 0.408333 -402.041
-0.0645364 0.340924 -9.96185
0.00769283 0.0045286 -5.58051
-0.0211097 0.0903159 13.7512
-0.0336512 0.0987693 24.782
0.168205 -0.269485 -83.0427
0.291976 -0.196859 -231.033
0.000877807 0.291662 -55.8628
0.0131445 0.00619492 -12.0279
0.0784322 -0.00744209 -83.0086
0.0741507 0.0485137 -89.7249
0.0233434 0.0389625 -28.857
0.0634403 0.00461652 -67.9526
-0.0133219 -0.0160762 27.9687
-0.0225551 -0.0343544 43.3911
0.0368813 0.671247 -134.726
0 0 -1
0.0267389 0.232062 192.255
0.0242906 0.22934 193.06
0.0267389 0.232062 192.255
0.0267389 0.232062 192.255
0.263599 -0.0197644 89.3913
0.008339 0.441962 148.828
0.00761955 0.441527 149.054
-0.00140256 1.47681 -86.4778
-0.0178939 0.168869 213.633
-0.0165721 0.165437 214.104
-0.0167069 0.164176 214.424
0.23571 0.163087 143.897
0.146881 -0.00276897 192.911
-0.211011 0.0484844 98.0339
0.0170903 -0.154217 50.4763
-0.222599 -0.0364021 121.25
-0.170239 -0.000337982 92.9355
-0.109047 0.0577501 50.5164
-0.0432536 0.253192 -22.1026
-0.0253163 0.265839 -33.7371
-0.0297489 0.194422 -15.9517
-0.000785077 0.257566 -43.4973
-0.0098188 0.247351 -37.0517
0.0220828 0.219539 -47.846
0.0310401 0.00685952 -4.01788
0.0208591 0.00206611 2.91978
-0.00685558 0.0183459 15.5313
0.00460381 0.270387 -49.948
-0.0260315 0.305999 -38.522
-0.0273065 0.349895 -47.6143
-0.0495524 0.281805 -17.7195
-0.0509107 0.267311 -13.2174
-0.0488593 0.180595 4.61291
-0.0407783 0.0714167 22.5939
-0.0521532 0.0419326 37.2481
0.0180156 0.463508 -105.913
-0.0238984 0.0245716 18.6076
-0.011254 0.0187578 9.54296
-0.0215098 0.0076776 20.3948
-0.04085 0.0342488 31.7392
-0.0285431 0.0161826 24.7385
-0.0185586 0.00195778 19.7832
-0.013704 -0.00951498 17.8177
-0.00817327 1.12144 -240.255
0.0460818 0.100026 -40.6765
0.049301 0.111219 -46.5495
0.00787314 0.00361315 -5.71508
0.644941 0.0883286 -684.573
-0.0234375 -0.0507812 45.3477
0.742611 0.155188 -853.795
0.0801547 0.121084 -101.324
0.0160106 0.00398754 -14.2359
-0.0579763 -0.0159519 78.2709
0.0531955 -0.00731679 -53.1857
-0.0247161 -0.00728298 36.4817
0.00735339 0.00238735 -3.72828
0.00650274 -0.0547129 135.345
-0.00104848 0.00476649 118.605
-0.00444418 -0.0483978 134.168
-0.0169649 -0.0333657 131.253
-0.0335131 -0.0198244 129.353
-0.051947 -0.00574391 127.918
-0.0807157 0.0308763 122.401
-0.0416374 -0.00311574 119.533
-0.0208706 -0.0095601 117.626
-0.00763683 -0.00604146 114.222
-0.000594636 -0.00658919 112.876
0.00168091 -0.00606444 112.225
0.00168091 -0.00606444 112.225
0.0142835 -0.00817735 110.313
0.156515 0.00270655 188.709
-0.0689566 0.219508 -7.06754
-0.0377017 0.253414 -27.037
-0.0179872 0.216382 -25.1806
0.00951136 0.250289 -44.2288
0.00307094 0.354415 -68.2113
0.000646728 0.31462 -57.1044
-0.0159559 0.285846 -41.989
-0.0163903 0.273575 -39.7558
-0.023084 0.243011 -28.5269
-0.0200001 0.21505 -24.0526
0.0153418 0.179374 -33.6371
0.0163561 -0.0295098 12.7932
0.0540903 0.011473 -19.1766
0.147402 0.218248 -119.777
0.0524206 0.290763 -85.5649
0.0437282 0.298895 -82.1526
-0.00153615 0.355263 -65.7994
-0.014072 0.0905785 12.1779
-0.0509107 0.267311 -13.2174
-0.0531749 0.0247221 42.4851
-0.000127428 -0.111261 32.6922
-0.0284838 -0.596489 182.894
-0.0325803 -0.598636 186.767
0 -0.419196 132.556
0 -0.864425 227.436
-0.0148103 -0.011868 19.2918
-0.00380835 -0.259269 76.9766
0.00452657 -0.274786 73.0681
0.00749157 -0.271732 69.3767
0.0052933 0.122518 -22.1927
0.0052933 0.122518 -22.1927
0.0535837 0.136537 -35.414
0.0695951 0.148141 -54.5531
-0.242481 -0.150895 330.099
-0.000409116 0.172163 -29.3199
-0.356287 0.53666 269.773
0.0650808 0.230781 -111.98
0.0895913 0.159999 -121.46
-0.139864 -0.0788677 201.555
-0.437515 0.0469682 516.837
0.0172899 -0.00402666 -11.1361
0.0916908 -0.0352758 -83.7916
-0.0226285 -0.00442802 33.3439
0.00702001 -0.0560645 135.687
0.00435949 -0.0522763 134.787
0.00191978 -0.0461928 133.299
-0.00555536 -0.0350565 130.84
-0.0175097 -0.0221986 128.427
-0.0275779 -0.014688 127.487
-0.0327589 0.00178292 123.608
-0.143844 0.00324785 134.399
-4.52125e-14 -0.0732422 29.2642
-4.73054e-14 -0.0732422 29.2642
-4.106e-14 -0.0732422 29.2642
-0.0821713 15.8639 -4377.86
-0.0520284 0.281178 -53.6314
-0.0517488 0.281158 -53.7033
-0.0517488 0.281158 -53.7033
0.255825 0.0240072 159.754
-0.0731936 0.0193148 51.2921
0.00344979 0.238495 -37.8893
0.00820403 0.314298 -60.1393
0.00640134 0.244422 -40.5709
0.0367256 0.325672 -76.0487
-0.0656916 0.181261 8.21197
-0.0395457 0.233427 -18.1375
-0.0496494 0.220476 -9.34825
-0.0425141 0.213384 -12.5555
0.0217018 0.176137 -37.4204
0.0278577 0.181057 -41.6718
0.0430235 0.234748 -64.9701
0.0501156 0.275019 -80.0475
0.0536119 0.292494 -86.8173
0.0440265 0.31813 -87.4888
0.0258226 0.321459 -75.8802
0.00611568 0.312728 -59.7102
-0.017253 -0.0705272 36.8987
-1.8508e-05 -0.110135 32.2467
0 -0.0961812 29.4191
-0.0196108 -0.0670121 37.8078
-0.00770538 -0.134065 44.2398
-0.0171573 -0.0577764 33.4186
-0.0107495 0.00154188 12.64
-0.0281974 0.00164977 28.317
0.204632 -0.2644 -105.976
0.00724451 -0.116492 28.2491
-0.0186989 -0.0174095 24.2922
-0.00824121 0.00464606 9.89326
0.0084319 -0.233148 58.0682
0.0171468 0.00107082 -15.8179
0.183903 -0.220758 -74.715
-0.00168011 0.00772608 2.82295
0 -0.339174 95.5546
0.00387863 -0.0349325 7.17218
0 -0.339174 95.5546
0.00791033 0.00390572 -5.80235
0.0134888 0.00348457 -11.6038
0.00276349 0.00689338 -1.32297
0.0195641 -0.00330853 -19.219
-0.0152543 0.00301384 22.5151
-0.00627111 -0.0132714 14.9744
0.0122103 -0.0576961 136.059
0.0124241 -0.0540079 134.991
0.0113588 -0.0489402 133.59
0.00362599 -0.0415265 132.019
-0.0179595 -0.0286583 130.339
-0.019413 -0.0149061 126.318
-0.0373692 -0.0439143 137.153
-0.235695 -0.00669021 152.078
-0.247593 -0.0326871 161.57
-0.276372 0.186435 21.9256
-0.0398145 0.187229 -29.4296
-0.0469824 0.284627 -55.888
0.00286753 -0.0626636 36.1126
0.00286753 -0.0626636 36.1126
0.00286753 -0.0626636 36.1126
0.223085 0.00737811 175.289
-0.116749 -0.0660507 90.6787
-0.0144332 -0.146222 76.9045
-0.0245045 0.279565 -37.7329
-0.01182 0.229516 -29.6517
-0.0296977 -0.30974 126.963
-0.00615481 -0.34683 127.321
-0.0199872 -0.339073 131.412
-0.0670876 0.209321 1.85357
-0.0511153 0.204495 -5.38445
0.00674625 0.185104 -31.1758
0.0554105 0.198782 -62.2738
0.0770015 0.236191 -85.5602
0.0816423 0.269026 -97.8178
0.075333 0.293789 -100.977
0.0581604 0.315525 -96.0605
0.0261765 0.322645 -76.579
-0.000890756 0.310538 -53.908
0.042846 0.258562 -69.0993
0.115625 0.092234 -102.907
0.115955 0.0995036 -105.295
0.116262 0.112884 -109.458
0.115654 0.131638 -114.461
0.0773148 0.565557 -209.644
0.000560099 -0.0136306 12.2321
-0.0105249 0.0201196 11.7794
-0.00287129 -0.0667074 31.5096
-0.0193345 0.0766867 2.71598
-0.0377607 0.119153 6.9259
-0.00269249 -0.0149399 15.7017
-0.0033248 -0.0392651 23.6608
-0.00700475 -0.0493873 30.3537
-0.0130466 -0.0533304 37.6141
0 -0.143473 54.4141
6.03411e-05 -0.0218578 19.1773
0.000686228 -0.0249691 19.3562
0.0910113 0.0209159 -95.8966
-0.0236892 -0.0229949 46.7794
0.0966124 0.00894888 -98.5471
0.408178 -0.819633 -216.659
-0.00467944 0.00871031 8.39777
-0.0626066 0.106642 100.01
-0.0627342 0.1074 99.9323
0.0153809 -0.0572541 135.877
0.0158224 -0.0549177 135.145
0.0153083 -0.0531236 134.628
0.0118302 -0.0525429 134.716
0.00264688 -0.0486169 134.369
-0.018559 -0.0322661 131.52
-0.247785 -0.0059399 153.828
-0.257079 -0.0218724 159.776
-0.239628 -0.0493951 165.064
0.021875 7.59105 -2284.23
-0.042752 0.185517 -28.3878
0.525331 -0.000209904 6.74558
-0.0612358 -0.00557998 159.99
-0.0782191 0.181158 1.95916
-0.0993735 0.140601 21.2175
-0.0830714 -0.0376093 71.4252
-0.0341268 -0.0049657 44.7282
-0.0444131 0.234545 -16.3969
-0.101684 0.0310696 69.0961
-0.107837 -0.041506 93.675
-0.0860546 -0.0877185 98.6069
-0.0629018 -0.111541 95.7626
-0.0693521 -0.126442 103.746
0 0 -1
-0.0716424 -0.170851 118.907
0 0 -1
0.0850993 -0.26255 60.3413
0.0892298 -0.274603 61.7352
0.0906245 -0.283646 63.7858
0 0 -1
0 0 -1
0.0145033 0.140865 20.2051
0.00248186 0.31002 -56.1442
-0.00826963 0.309802 -48.2252
-0.0125898 0.297325 -40.996
0.0108601 -0.0401627 11.5573
0.0108601 -0.0401627 11.5573
0.0106181 -0.0418544 12.2786
0.0113267 -0.0426779 11.9513
0.0125736 -0.0312669 7.35396
0.00603547 0.00464346 1.94925
-0.00324891 0.0502282 -3.78163
-0.0139448 0.112555 -13.2626
-0.0332457 0.127602 0.0141655
0.15974 0.0367348 -157.331
-0.0240551 0.148373 -15.4664
-0.0107688 0.152006 -29.8295
0.0100498 0.148647 -49.8865
0.0333401 0.13349 -69.2407
0.059523 0.0939744 -84.5079
0.0782035 0.0406203 -87.9471
0.0465754 0.0069157 -42.2192
0.0462641 -0.0087618 -36.7654
0.100877 0.00837285 -103.257
0.286268 0.103803 -349.225
-0.00166339 0.00161472 6.88715
0.0228289 0.00972177 -24.7034
0.0128157 0.115734 -45.0463
0.0168856 -0.0549359 135.11
0.0166507 -0.0537759 134.747
0.0137062 -0.0542511 135.066
0.00846208 -0.0598554 137.298
0.00948872 -0.0764644 142.719
0.023596 -0.0873053 144.801
-0.248766 0.00266613 150.514
-0.239782 0.0286078 140.948
-0.262761 -0.0202863 159.834
0.359943 -0.0575074 64.1
0 -0.345805 233.712
0.513754 -0.0249612 17.9625
-0.070025 -0.00839126 163.313
-0.0666339 0.183563 -2.28025
-0.0711279 0.19131 -3.56435
-0.230622 -0.366697 234.816
0.368009 0.273172 -194.044
0.370219 0.274559 -195.296
0.115364 0.422918 -145.585
-0.108815 -0.0759913 104.77
-0.0879441 -0.0903994 100.053
-0.0732454 -0.109601 99.861
-0.0888774 -0.140167 117.696
-0.094905 -0.17427 131.957
-0.0381352 1.08391 -304.735
0.00667811 1.04519 -334.482
0.0894047 0.435651 -175.872
0.0867056 -0.276809 63.9377
0.0870597 -0.281855 65.4047
0.00912507 0.968155 -311.188
0.00912507 0.968155 -311.188
0.0140371 1.34562 -422.74
0 -0.307177 124.845
-0.0278888 0.298799 -30.3471
-0.0107978 0.270836 -34.6501
-0.017145 0.312922 -42.4656
-0.0271859 0.347385 -46.7731
0 0.101516 6.01149
0.0138679 -0.0421366 9.66414
0.0170753 -0.0369925 5.30708
-0.0220169 0.0222989 52.1867
-0.0253613 0.0154883 57.4784
-0.0132367 0.151523 -26.3853
-0.024761 0.153146 -16.1387
0.161625 0.0248283 -155.41
-0.0260018 0.149626 -13.955
-0.00652979 0.155393 -35.1221
0.000744423 0.127348 -33.0039
0.00752611 0.112449 -35.0054
0.0163288 0.086496 -35.6357
0.0322596 0.0248245 -32.3709
0.116271 0.188384 -181.455
-0.000490416 -0.10799 57.4601
-0.0812685 0.109023 79.0709
-0.145859 0.0595795 168.866
-0.0430571 0.0312435 59.4138
-0.326852 0.0986773 380.561
-0.305607 0.110726 350.275
0.0173934 -0.0522672 134.199
0.0163631 -0.0518753 134.118
0.00913664 -0.0537177 135.154
-0.0101424 -0.0632032 139.894
-0.0495444 -0.0940069 154.415
-0.109781 -0.168051 187.375
-0.117663 -0.290232 232.48
-0.199524 0.0771658 108.485
-0.190179 0.0938248 100.675
-0.000189321 0.046061 92.2642
-0.000189321 0.046061 92.2642
0.566787 -0.0688473 19.475
-0.0588871 0.187328 -5.80131
-0.0541628 0.19291 -9.21027
-0.0121351 0.203543 -25.8616
0.037055 0.155768 -24.6052
0.0612287 0.128082 -23.0435
0.0668655 0.0963568 -13.7897
0.0622472 -0.0601219 43.1755
0.0554752 0.0792614 -2.74848
0.0338669 0.0792911 6.41307
0.0160276 0.0731465 16.6319
0.00513101 0.0676808 23.7249
-0.00213985 0.062907 29.0184
-0.00783454 0.0588692 33.4034
-0.00557987 0.0557035 33.3163
-0.00381811 0.053462 33.1307
-0.00280152 0.0519732 33.0723
-0.00240146 0.0512288 33.0982
-0.00240146 0.0512288 33.0982
0.00923901 0.3162 -63.6663
0.0101496 0.319842 -65.6125
0.00814847 0.307534 -59.8817
0.0142188 0.290362 -58.0703
0.261653 0.30096 -248.032
-0.011917 0.321163 -48.8991
0.00171468 0.117675 -29.0068
0.00176592 0.117911 -29.1411
0.00310681 0.117682 -30.1686
0.00932839 0.138086 -42.8269
0.0184692 0.147713 -54.2282
-0.0222258 0.0426277 18.9393
0.263377 0.139987 -276.349
-0.0302742 0.1797 -19.8821
-0.0623955 0.087435 43.5453
-0.0231337 0.151872 -17.5078
0.0588796 -0.103796 21.7975
-0.00423513 0.124018 -26.7532
-0.00488517 0.112411 -21.9905
-0.00391375 0.0944716 -16.6909
0.234055 0.0619773 -184.583
0.24121 0.0967619 -204.758
0.109362 0.192139 -174.827
0.277171 0.171153 -364.023
-0.0089285 0.0133386 24.9362
-0.0148814 0.0336535 24.7993
-0.0866451 0.123737 80.5355
-0.297652 0.0912942 347.162
0.0170229 -0.0486034 132.909
0.0150236 -0.048921 133.119
0.0039042 -0.052276 134.932
-0.0227984 -0.0644204 141.287
-0.0693249 -0.0909014 155.227
-0.139684 -0.0984903 165.779
-0.203326 0.0304316 127.348
-0.230195 0.0808565 112.302
-0.207558 0.0611397 115.445
-0.00164968 0.0267392 99.4029
0.0935208 0.0239351 98.1674
0.0918279 0.081228 77.3614
0.00747976 -0.0210387 32.0635
0.00749185 -0.0212181 32.1258
0.00762802 -0.0215738 32.2151
0.00797181 -0.0221009 32.2975
0.00515358 -0.0175011 31.5954
-0.00185085 -0.0208673 35.397
-0.00528041 -0.0245044 38.0541
-0.00664583 -0.0247651 38.6903
-0.0053109 -0.0235437 37.6469
-0.0020737 -0.0224847 35.776
0.00286507 -0.0215782 33.0835
0.00948428 -0.0210647 29.6181
0.010561 -0.00791068 24.2937
0.0113688 -0.00766041 23.7685
0.0118924 -0.00722004 23.3136
0.0121365 -0.00692576 23.0636
0.0122146 -0.00677862 22.9624
0.0122146 -0.00677862 22.9624
0.00161271 0.305767 -54.9317
0.00288886 0.292527 -50.9807
0.00934545 0.298127 -57.3893
0.0109308 0.29633 -57.8369
0.299778 0.26802 -264.742
-0.01896 0.322557 -43.871
0.034032 -0.057945 29.3356
0.0343284 -0.0570384 28.7449
0.0374222 -0.0551349 25.4729
0.116895 0.00977496 -66.9962
0.113188 0.0367095 -73.6408
0.0256702 -0.0827188 46.5283
0.0209093 -0.0823957 50.6572
0.0257494 -0.0816963 45.8631
0.035061 -0.0855999 38.4465
0.0472382 -0.0985661 31.4343
0.106829 -0.103357 -26.6894
0.0604641 -0.121784 26.9431
0 5.17552 -1878.02
-9.11984e-11 7.20785 -2631.31
-9.22909e-11 7.20785 -2631.31
-9.59379e-11 7.20785 -2631.31
0 -0.765625 326.868
0 0 -1
4.106e-12 -0.765625 326.868
3.79181e-12 -0.765625 326.868
4.13495e-12 -0.765625 326.868
0 22.7266 -8341.88
