0.00102465 -0.0103123 14.9464
0.00102465 -0.0103123 14.9464
0.00102465 -0.0103123 14.9464
0.00102465 -0.0103123 14.9464
0.00321391 -0.0193733 14.9258
0.0037313 -0.0235898 14.9106
0.00655175 -0.0306178 14.6086
0.0130864 -0.0415504 13.7567
-6.71853 -0.0496754 1309.95
0.0706076 0.0371961 0.110188
-0.314803 0.0254497 83.1827
-0.0875048 -0.11799 37.2407
-0.0653074 -0.105131 30.8254
-0.0402244 -0.0940346 23.7691
-0.0161158 -0.0537119 15.2226
-0.036468 0.000332698 20.7619
-0.0341615 0.0114136 19.7383
0.00196652 0.0177854 6.64055
0.00786416 0.00412462 4.94264
-0.00836308 -0.0142078 11.9591
-0.0157359 -0.0180815 15.2298
-0.0224289 -0.0247485 18.5798
-0.0372763 -0.0301766 25.412
-0.0372726 -0.0325518 25.4487
-0.280786 0.0116974 157.081
-0.0212663 -0.0216119 17.1865
-0.00615579 -0.00916372 7.79259
-0.0120418 -0.015264 11.7426
0 -0.185686 5.59388
0 -0.185686 5.59388
0.000475538 -0.186049 5.28251
-0.00738651 -0.0284786 9.12073
-0.0186428 -0.0064148 18.2505
0.0178563 0.212349 -7.36787
-0.0238353 -0.0508369 22.0771
-0.0146484 0.0136719 19.1768
-0.0124846 -0.0435048 13.2677
0.000530172 -0.0380165 3.30733
0.0181954 -0.0544959 -10.4764
0.0169136 -0.0924933 -8.86303
0.0179224 -0.0986575 -8.93799
0.00447221 -0.0460875 0.0623946
0.00397751 0.00188067 -1.61155
0.135983 0.124223 -124.159
0.106452 0.113044 -95.9719
0.0375787 0.160768 -29.8665
0.0129281 0.177617 -5.71143
0.0051817 0.184216 1.98114
0.00590346 0.185149 1.22015
-0.0358279 0.391037 40.6325
0.144935 0.0581267 -143.535
0.0375738 0.00132063 -25.8112
-0.0901593 -0.0620692 119.528
0.00158604 -0.0645366 21.4858
0.0169407 -0.0797066 4.01456
-0.000333659 -0.116232 24.8186
-0.047661 -0.237396 144.26
-0.328912 0.0704895 490.438
0.00102465 -0.0103123 14.9464
0.00102465 -0.0103123 14.9464
0.00102465 -0.0103123 14.9464
-0.000729835 -0.0156302 15.188
-0.000724073 -0.0196162 15.3152
-0.00130528 -0.0234628 15.4997
-0.00103388 -0.0293664 15.6233
0.00818245 -0.0479614 14.7361
0.0294841 -0.0506327 11.0888
0.0590017 -0.029252 4.73365
0.052035 -0.0900542 8.13316
-0.0118287 -0.160695 15.6489
-0.0175943 -0.160984 18.9167
-0.00909735 -0.0882644 14.6391
0.00464701 -0.0210683 7.93754
-0.0304778 0.00994696 18.5982
-0.0342099 0.0152346 19.1239
-0.00345796 0.00830589 8.58019
0.00541709 0.00576225 5.65584
-0.0190703 -0.00451675 16.3767
-0.0108657 0.0290444 11.8047
-0.018819 -0.0254321 16.8436
-0.0075125 -0.0285918 11.3695
-0.0279143 -0.0229631 20.0136
-0.0141405 -0.00803624 12.1726
-0.0215693 -0.0137111 16.2167
0.650917 0.102952 -363.044
0.441146 0.216406 -263.669
0 0.0822775 -1.34403
-0.0144054 -0.0135955 13.1521
0.0399025 0.0976011 -27.9905
-0.0765029 0.0527669 51.813
0.347656 -0.170573 -237.911
-0.00580218 -0.0299424 7.60161
0.0433716 -0.198857 -21.8999
-0.119416 -0.182175 101.452
-0.00165158 -0.0322217 4.46654
-0.106708 -0.175006 95.8092
0.00355763 -0.0366743 0.237552
0.00572071 -0.0748898 -0.124698
0.00088875 -0.045233 2.76523
0.0113035 -0.00931526 -8.03167
0.0370907 -0.0395781 -28.9925
0.128717 0.0941432 -116.763
0.155194 -0.0978551 -135.753
-0.101169 -0.00674866 113.1
0.00812961 0.00025875 4.98369
0.00929873 0.182377 -2.16002
0.00657088 0.185624 0.531753
0.0507722 0.0652992 -41.3205
0.152602 0.0584089 -151.888
-0.0271378 -0.0225714 46.4756
-0.115056 -0.0130871 146.182
-0.00615138 -0.055538 30.0506
-0.000295396 -0.108835 24.6097
-0.00943524 -0.11849 35.7583
-0.0170142 -0.129449 45.2563
-0.0211984 -0.135833 50.566
0.00102465 -0.0103123 14.9464
0.00102465 -0.0103123 14.9464
0.437202 -0.0165428 -12.9692
-0.0043782 -0.0164659 15.4994
-0.00414473 -0.019761 15.652
-0.00453945 -0.023279 15.8759
-0.00524955 -0.0267053 16.1271
0.054905 -1.99415 279.495
0.0155166 -0.109344 16.8392
0.0413309 -0.0986598 11.2071
0.00423868 -0.147509 21.7526
0.00650913 -0.204905 24.076
0.0167064 -0.161023 18.2476
-0.0575969 -0.141822 38.1817
0.131104 0.266276 -45.7786
-0.0578158 0.100616 24.0942
-0.0344005 0.0376078 18.2144
-0.00467188 0.0781398 5.90623
0.000553151 0.0443474 5.5516
-0.0206711 0.0277614 15.6568
-0.0578744 -0.00799035 33.3387
-0.0296636 -0.0317795 22.7159
-0.0479699 -0.0102391 29.8754
0.493777 0.0154284 -247.536
0.101004 0.492746 -77.8002
-0.0360883 -0.0213427 25.071
-0.0229957 0.0250962 15.8217
0.455078 -0.31901 -249.238
-0.00757421 -0.0122277 8.90208
-0.00792764 0.00767961 7.66751
-0.183336 -0.00922284 129.978
-0.00757621 -0.00739019 8.69357
-0.0135697 -0.0117279 12.5668
-0.0474139 -0.0287652 37.9463
-0.0102629 -0.0279591 10.7554
-0.00457675 -0.0133651 5.43493
-0.0061047 -0.0288847 7.84761
-0.00629842 -0.0369227 8.57865
-0.00311315 -0.015898 4.77173
0.00457893 -0.018863 -1.43937
-0.000621197 -0.0238871 3.45599
0.00843487 -0.0136015 -5.22171
0.0449103 -0.0292099 -36.9859
0.00552824 0.0054007 -2.36004
-0.00493318 -0.0286732 9.38855
-0.0113437 -0.150936 22.8689
-0.0519015 0.0555232 67.4293
0.0088118 0.150887 -0.26832
0.0114108 -0.00315745 -8.65014
-0.00843528 -0.2204 23.6497
0.00109364 0.0502595 13.2043
-0.142187 0.0152095 175.899
-0.159198 -0.00806917 196.243
0.292966 0.339958 -336.627
-0.0188568 0.0967555 37.5479
-0.0247438 0.0844588 45.2141
-0.0296029 0.0651255 52.1155
-0.031783 0.054045 55.3688
0 -0.0668772 164.492
0.00333031 0.0408943 155.884
0.00495133 0.0384688 155.994
0.00845616 0.0361012 155.958
0.010482 0.029749 156.319
0.00232537 0.0246769 157.649
-0.0153075 0.0241041 159.998
-0.00509906 0.0546517 155.056
-0.0157051 -0.109854 22.7517
-0.00825844 -0.142663 23.6165
-0.0250835 -0.163262 28.8027
-0.0216466 -0.199662 30.1436
0.0304147 -0.150288 12.9412
0.00072241 -0.105714 18.3489
0.0695444 -0.0351272 -7.48691
-0.0371608 0.0104178 24.4229
-0.0336564 0.0544985 18.8439
0.0041946 0.0225769 7.81635
-0.0114922 0.0412558 12.1567
-0.0480363 -0.0208113 30.6445
-0.0739167 -0.0226325 41.5648
-0.0355251 -0.0235482 24.4715
0.148593 -0.00178294 -65.2953
-0.0236358 -0.00752853 17.4052
-0.00696264 -0.0243997 10.2794
-0.0170756 -0.00144741 13.5156
0.139456 -0.0216307 -71.1999
-0.00833265 -0.0149758 9.71256
-0.00558665 -0.00755343 7.36612
-0.0115457 -0.0193401 11.5628
-0.0216903 0.0206503 16.3873
-0.016953 -0.0211932 15.2451
-0.0116529 -0.0311874 12.0676
-0.00939548 -0.0161358 9.59123
-0.0102765 -0.00964888 9.8238
-0.00859224 -0.002975 8.27562
-0.018737 -0.00356734 16.7321
-0.0101094 -0.00772235 10.2066
-0.00483925 -0.0121209 6.16204
0.00265192 -0.00723036 -0.50558
0.00130434 -0.0120572 1.04631
0.0105219 -0.00596265 -7.66111
0.0462783 -0.0161037 -38.828
0.0307385 -0.544922 7.91181
0.00686707 -0.0582242 0.00407321
0.0106272 -0.055252 -4.04525
-0.015785 0.0879083 28.5542
0.146252 0.157738 -140.577
0 -0.0921905 9.3656
0 -0.0921905 9.3656
0 0.105895 -7.15348
0 -0.0921905 9.3656
0 -0.0921905 9.3656
0.00170607 0.0059121 2.06752
0.240214 -0.11449 -251.776
-0.192011 -0.00309098 251.945
-0.0430678 0.0691119 68.2964
-0.0427619 0.0569409 68.7742
0 0.11099 149.28
0.00175305 0.105756 149.696
-0.010985 0.111642 149.832
0.00473655 0.0354813 156.298
0.00456871 0.030198 156.851
-0.000385142 0.0265249 157.775
-0.00788968 0.0297198 158.432
0.026404 0.0524982 150.086
-0.00966647 -0.00661634 66.2656
-0.0188932 0.00722802 67.1038
-0.0188932 0.00722802 67.1038
0.0437479 -0.160257 10.0384
0.0571101 -0.164261 7.06098
0.0800879 -0.0948807 -5.72161
0.0738124 -0.0594174 -6.82129
0.0501429 -0.0407934 -1.14283
-0.0413337 -0.0199757 27.6909
-0.000135969 -0.154695 23.0583
-0.00730237 -0.187852 29.5119
-0.0620275 -0.12989 44.9855
-0.0162042 -0.0562587 17.537
-0.0079706 -0.0486218 12.9568
-0.0211698 -0.0526002 19.6175
0.827069 -0.0173437 -416.926
-0.0199949 -0.0329965 17.7724
-0.0248396 -0.016411 19.7541
-0.0216659 -0.0401162 20.0316
0.495568 0.0534433 -296.237
-0.00262244 -0.00571258 5.66962
-0.00189083 0.000103749 4.70218
-0.0170981 0.00634261 14.3302
-0.0210967 -0.00693419 17.32
-0.0146704 -0.00506164 12.7268
-0.0015696 0.00655655 2.26356
0.00483623 0.0240311 -3.71125
-0.0128637 0.0184171 10.4638
-0.0110622 0.00469016 10.1651
-0.0158239 0.00386426 13.8146
-0.00825312 -0.00443291 8.34853
0.00277486 -0.00896924 -0.475309
0.00707111 -0.00463628 -4.67176
0.00959395 0.000748693 -7.41257
0.0238405 -0.0190938 -18.8162
-0.0297854 -0.0256017 31.5402
0.00986932 -0.0429382 -4.25412
0.0208942 -0.0261348 -16.8143
-0.0204199 -0.0428118 25.8171
0.0169234 -0.0221211 -13.8111
0.0129116 -0.000112515 -12.1423
-0.0135477 -0.0347264 19.348
0.177741 -0.0892089 -110.472
0.169479 -0.0658731 -103.588
0.257273 0.414765 -331.153
0.0114315 0.00162491 -10.6211
0.0130808 0.00963004 -13.846
-0.00587787 -0.000532677 11.8298
0.0093474 0.116484 -18.7003
-0.00153305 0.0044087 5.9726
-9.4202e-05 -0.0162056 162.692
0.00218783 -0.0198416 163.038
3.80854e-05 -0.0332922 164.619
0.00239501 0.03458 156.563
0.002788 0.0311157 156.922
-0.000568923 0.0280961 157.63
0.0277727 0.0573179 149.509
0.0720012 0.0556726 142.287
0.0399306 0.027996 -7.71732
0.0191443 0.0372061 -4.60663
-0.00215205 0.026536 0.956823
0.00929067 0.0215246 -1.34406
0.0629794 -0.0994533 -1.22529
0.125168 -0.0116412 -28.5375
0.0947764 -0.015904 -18.4211
0.0480296 0.0543822 -11.025
2.73795e-05 0.0698701 3.60797
0.063415 -0.0679274 -12.2429
0.0259376 -0.0285526 -3.11526
0.00249243 -0.0133831 4.65615
-0.00353169 -0.0132227 7.2953
-0.00872436 -0.0333214 11.9963
-0.0451998 -0.0337413 29.8233
-0.00542153 -0.0346244 9.14612
-0.00256152 -0.0440492 9.40803
-0.00787385 -0.0358824 11.3502
0.00405647 -0.0279404 3.76377
0.00545738 -0.0226011 2.0905
0.00594488 -0.0135171 1.08628
-8.12523e-05 -0.0111733 4.31412
-0.0079712 -0.00288243 8.87994
-0.0209989 0.0013489 16.5873
-0.00245663 0.00550053 3.15453
0.00752413 0.0136081 -4.71846
-0.00656034 -0.00433002 8.05252
-0.0148574 -0.00446408 14.2106
-0.0215969 -0.00431255 19.5252
-0.021113 0.000314144 18.601
-0.0152231 0.000378815 13.5962
0.00279064 -0.00419379 -1.02752
0.00811981 -0.00311758 -5.75084
0.00607334 -0.00790705 -3.24502
0.00318472 0.00585584 -2.20975
0.00444816 0.0129254 -2.23365
0.00236 -0.012496 0.903364
-0.000281233 -0.01339 3.76687
0.00338481 -0.0115702 -0.166475
0.00202448 -0.00511617 0.947872
0.0121288 -0.00277403 -9.39358
0.00906739 0.00380327 -7.13719
0.0140304 0.0058807 -12.4033
-0.000564001 0.00464227 4.80671
0.0402695 -0.0728779 -27.679
0.0673691 0.201997 -95.1575
-0.569473 -0.122458 713.043
0.00846064 -0.135358 32.7188
0.00997511 -0.145724 32.0732
0.00997511 -0.145724 32.0732
0 -0.0780905 14.5166
0.0297264 0.0212453 -5.15969
0.0296666 0.0210838 -5.12567
-0.0062348 0.0843805 -7.73042
0 0.0985895 -10.1134
0.0299826 0.0211665 -5.17747
0.0296769 0.0210946 -5.1297
0.0120817 0.0456929 -7.69005
0.0314187 0.0213894 -5.43191
0.0484913 0.0336336 -10.0072
-0.000367057 0.0360505 -0.42835
0.0110148 0.0237754 -1.62013
0.058243 0.0212543 -14.1879
0.107751 -0.00448432 -23.8266
-0.0316398 -0.0487356 23.5233
0.0497703 0.0874068 -14.9808
-0.0368675 -0.0463808 24.0138
0.00187821 0.0153049 0.604262
0.0113639 0.00734086 -1.7426
0.00494098 0.00509253 1.26377
-0.0120885 -0.0137695 11.2678
-0.0340568 -0.0226275 22.5015
-0.0212652 -0.0301927 17.1862
-0.00134329 -0.0251987 6.288
-0.00393156 -0.0311279 8.44307
-0.00122766 -0.0302117 6.89739
0.00824501 -0.0213853 0.0587332
0.474932 -0.0115308 -280.538
-0.00500304 -0.0107252 6.86494
-0.00757968 -0.0205281 10.7369
-0.0616222 -0.00543115 52.8548
-0.312836 0.132444 197.468
-0.00831707 -0.00832206 9.24197
0.00140082 -0.00716029 2.31918
-0.00717007 -0.0114997 9.48577
-0.00940052 -0.00663158 10.295
-0.00735924 0.00421147 7.10657
-0.0131287 0.0100706 10.7982
-0.0171034 0.00614053 14.4314
0.00539333 0.00828512 -4.82416
0.0103538 -0.000290201 -8.0177
0.00409844 -0.00589232 -1.22633
-0.0100904 0.0290095 7.70321
-0.209756 0.0139533 193.8
0.00252905 -0.00273542 -0.601556
0.000652781 -0.00901855 2.11163
-0.0011204 -0.0114176 4.13272
0.00436639 -0.00647665 -2.11997
0.0140812 0.0139724 -13.8791
0.0102406 0.00107995 -10.0926
0.0160062 0.0131115 -15.7836
0.062693 0.0186701 -70.1383
0.136864 -0.0128384 -148.425
-0.0128389 0.0119789 18.9459
-0.0120214 -0.123017 42.2597
0.591642 0.144919 -714.948
-0.0266604 0.0497542 45.2806
-0.0473264 0.0785053 66.4014
-0.0113514 0.0433964 -4.7068
0 0.0728454 -7.95582
0.0297324 0.0211584 -5.14852
0.0299084 0.0212065 -5.17979
-0.00799344 0.257198 -38.2418
0.0301924 0.0211934 -5.21487
0 0.0728454 -7.95582
-0.0141072 0.0724823 -5.61894
0.0298323 0.0211497 -5.15984
-0.005752 0.0429272 -0.327168
-0.0322065 -0.00463248 72.2553
0.0150594 0.0263511 -3.15084
0.0369561 0.00556851 -5.56042
0.114689 -0.00156728 -26.0631
-0.02731 0.0132171 12.3265
-0.0336578 -0.0135628 18.3444
0.0678042 0.0672409 -17.9555
0.00654084 0.0373083 -4.2279
-0.0108643 0.0286451 4.1019
-0.0304312 -0.0184406 20.1938
-0.0253506 -0.0261179 18.9198
-0.018737 0.013288 9.69061
-0.00143872 0.00942531 1.26767
0.0689691 0.131776 -53.4872
-0.0050187 -0.0138637 6.2323
-0.00123172 -0.0216866 5.74263
0.0104138 0.00130302 -4.4599
-0.000191664 -0.00520344 3.58966
-0.00637991 -0.0141976 8.98745
-0.00613755 -0.0172941 9.23803
-0.0145246 -0.0579271 29.1535
-0.00456107 -0.0123711 7.17601
-0.00207687 -0.0150506 5.88473
-0.00474968 -0.00865872 6.90135
-0.00452143 -0.00618174 6.28358
-0.00653284 -0.00399142 7.52663
-4.42763e-05 0.00495321 1.10391
-0.00653471 0.00632073 5.9702
-0.02065 0.0144909 16.1732
0.00230171 0.00275466 -1.34292
0.0113247 0.00320806 -9.28084
0.0227378 -0.00203426 -18.427
0.00465258 -0.00744863 -1.09226
0.00368153 0.0391666 -9.1
-0.133068 0.0635426 116.753
-0.00490791 0.0222957 4.64447
0.0031569 -0.00256009 -1.42568
0.00781028 0.0240567 -8.77598
0.0128458 0.0149117 -12.6923
0.014309 0.0125463 -13.689
0.0149957 0.00388915 -13.1501
0.0557317 -0.0270147 -55.7507
0.0747832 -0.0832171 -67.2067
0.0387395 -0.108449 -21.9244
0.0175018 -0.109758 5.44112
0.0307717 -0.138204 -5.92723
0.0117704 -0.182359 24.2682
-0.0507196 0.0866515 69.4515
-0.00183451 0.00178296 5.56205
-0.00819397 0.0172045 3.0133
0.0103751 0.093593 -11.5709
-0.0245619 0.125416 -14.8741
0 0.200326 -29.8304
-0.0413388 0.140828 -14.6738
0.00407426 -0.0075368 6.65412
-0.00898393 0.0594584 -3.39984
-0.02186 0.0813051 23.4061
-0.0257063 0.064189 10.4739
-0.100238 -0.00647809 88.199
0.0825353 0.00703322 -16.5211
-0.0729438 0.0232159 29.4723
-0.164061 0.171268 27.6888
-0.111174 0.175237 11.3198
0.410263 0.0474346 -132.712
0.0140294 0.0969514 -4.66932
-0.014411 0.0899167 -4.96915
-0.0470027 0.0384216 16.8961
-0.0330519 0.0164717 15.1329
-0.0164421 -0.0019267 11.0629
-0.00467358 0.0238609 2.01416
0.0156339 0.0976157 -22.0844
0.0656082 0.0390384 -35.4801
0.02428 0.119482 -28.582
0.0243141 0.163495 -37.2599
0.00758838 0.0053587 9.6848
0.0178754 0.0146309 1.86605
-0.0417309 0.284186 -24.2424
-0.0052407 0.184874 -28.9232
0.112085 0.295131 -128.326
-0.0239922 0.0103196 16.6714
0.00424469 -0.0280253 3.36569
0.01086 0.0300312 -11.4217
0.00688117 0.0563667 -13.2971
0.00293837 0.0243518 -4.65161
-0.0132958 0.0330936 6.17643
-0.011472 0.0361614 4.30999
-0.0221462 0.0360959 13.4784
7.28679e-05 0.0160562 -1.82417
0.001079 0.0164678 -2.67307
0.0075102 0.00823583 -6.1881
-0.0200367 -0.0196424 24.0332
0.00237822 0.00543861 -0.132964
-0.0262937 -0.179267 56.358
0.000577479 0.0823805 -14.1929
0.0022477 0.121188 -22.821
0.00595675 0.0838338 -19.9907
0.00148096 0.106701 -19.5148
0.0052279 0.012855 -3.69001
0.0044633 0.114188 -24.1684
-0.00525127 0.00601221 10.2275
1.17884 0.0942752 -1354.03
-0.00113215 0.00371587 5.47469
0.564881 -0.0327009 -649.72
-0.00841296 0.0132722 10.5051
-0.00587586 0.0120283 8.16505
-0.0124453 0.0114211 17.7895
0 0.0150302 83.4399
0.0224608 -0.00934071 87.8276
0 0.0042239 85.7633
0.0161692 0.0106787 83.1227
-0.0427436 0.0124696 88.2315
-0.0199241 0.0156768 85.7834
0.0141708 0.0140346 81.8439
0.200918 0.0460178 42.5866
0.183987 0.0459091 45.5888
-0.013165 0.0623169 8.27619
-0.167545 0.000881711 102.323
-0.162986 0.0209578 58.6365
-0.188764 0.0908154 51.228
-0.127703 0.0963684 31.054
-0.0931344 0.102066 20.0148
0.368679 0.0501494 -119.67
0.303693 0.126682 -113.148
0.133307 -0.0686283 -7.91097
0.440113 0.324159 -227.013
-0.0273979 0.502332 -80.2852
-0.0250657 0.462011 -73.3976
-0.0473241 0.419444 -53.9639
-0.0432147 0.279356 -26.5276
-0.0262406 0.26585 -32.2563
-0.0091774 0.240767 -35.393
0.00187667 0.255187 -44.1303
0.00563369 0.0255614 6.71797
0.00505526 0.0315643 6.06817
0.0124518 0.222686 -45.3541
-0.0232794 0.257189 -30.6278
-0.0412744 0.280069 -23.6076
-0.0321019 0.295325 -32.176
-0.0388576 0.308027 -30.4093
-0.0262174 0.282199 -33.9283
-0.0156412 0.184832 -21.5253
-0.0357361 0.209333 -11.2876
-0.023364 0.110669 -0.906565
-0.0254044 0.123566 -1.55585
-0.0189944 0.0864999 0.94948
-0.00495522 0.0633218 -6.65383
-0.0924695 0.118861 64.9243
0.00921121 0.00369236 -7.24511
-0.0183504 0.048894 8.46036
-0.00594025 0.031296 1.30237
-0.00167698 0.0191441 -0.468465
0.032487 0.0583338 -43.0871
-0.000440097 0.0174051 1.40322
-0.000605893 0.0152724 2.37816
0.00624318 -0.00280799 -3.69693
0.0729558 -0.0836801 -22.5175
0.0466856 -0.086533 6.31251
-0.00835052 -0.00663283 17.0696
0.0121887 0.0100004 -10.7267
-0.000390615 0.0141458 2.31636
0.011665 -0.0148293 -6.80377
-0.0107715 0.0126726 16.5546
-0.00196849 0.01189 5.36671
-0.000160061 0.0132951 2.9832
0 0.175084 49.1812
0 0.175084 49.1812
0 0.175084 49.1812
0 0.175084 49.1812
0 0.175084 49.1812
-0.000308586 0.174197 49.4133
0 0.175084 49.1812
-0.0438756 0.103725 144.586
-0.136196 0.00828132 66.9253
-0.111554 -0.0105199 66.1445
-0.0929016 -0.0147007 63.4614
-0.115785 -0.00677925 67.0068
-0.129834 -0.0414202 78.2128
-0.0973339 -0.0118418 61.9767
-0.11796 -0.0121216 67.8809
-0.209233 0.0351416 100.563
-0.0387819 0.0858496 17.8859
-0.164984 -0.00337981 92.0026
-0.252372 -0.0549066 136.027
-0.100338 0.0209279 56.6051
-0.00875503 0.219269 -28.4658
-0.0171665 0.219448 -25.0192
-0.0393227 0.268912 -25.6823
-0.0227391 0.258722 -31.1282
-0.0367311 0.237275 -19.5498
-0.0127703 0.222033 -28.3719
-0.000847694 0.0898338 -4.28856
-0.0127895 0.0573284 10.6895
-0.0314141 0.228942 -17.839
-0.00630148 0.271995 -43.4979
-0.0296191 0.327815 -41.015
-0.0298843 0.348774 -45.2829
-0.0536889 0.357632 -31.4837
-0.0512661 0.325481 -25.5774
-0.0551518 0.302509 -17.4997
-0.0286824 0.209837 -16.45
-0.0401315 0.181246 -1.45635
-0.0280579 0.116767 3.80971
-0.0531484 0.128132 21.2219
-0.0192721 0.142986 -11.0066
0.00935391 0.0885706 -23.8963
0.00705851 0.027939 -8.70046
0.0114195 0.0262103 -12.8063
-0.164425 0.367245 75.036
-0.300862 0.0696848 308.611
0.0630366 0.152017 -63.9379
-0.273061 0.151266 274.744
-0.265254 0.153698 266.174
0.774841 0.466398 -884.861
0.000805255 -0.0540739 48.7574
0.0467589 -0.0795481 4.53419
0.0104504 -0.0663487 41.0153
0.956433 0.125271 -1108.73
-0.403457 0.415095 379.644
0.00682187 -0.00655522 -3.33436
-0.616701 -0.0130413 752.144
0.00178895 0.0121525 0.864311
0.342088 -0.00885866 -402.681
0 -0.0422145 54.9195
-0.00331966 -0.0239983 50.6896
0 -0.0422145 54.9195
0 -0.0203049 49.6939
0.0293591 -0.0264385 48.1121
-0.000800487 -0.0370001 53.7876
0 -0.0422145 54.9195
-0.0347277 0.0250366 159.46
-0.129778 0.004774 66.5385
-0.12284 -0.0206659 70.7009
-0.0775955 -0.0261496 62.5878
-0.119143 -0.00759575 67.9699
-0.0884374 0.00948521 54.3086
-0.0806128 0.0197064 49.3509
-0.090263 0.0100438 54.2157
-0.058915 0.123833 15.6316
-0.0462612 0.124156 10.4325
-0.0413915 0.116211 11.2956
-0.00996817 0.224794 -28.6693
-0.0157409 0.26054 -35.3487
-0.0113047 0.249259 -34.2546
-0.0292325 0.232627 -21.7432
-0.012358 0.228787 -29.5213
-0.051257 0.215165 -6.65306
-0.0262379 0.223714 -22.2872
-0.0353252 0.19519 -9.7017
-0.0267229 0.135415 -0.508691
0.0142454 0.156831 -28.198
0.0387985 0.223051 -60.4566
0.0501438 0.269429 -78.5059
0.0216014 0.299698 -67.6652
-0.0189719 0.370163 -57.4724
-0.0572226 0.388218 -35.6134
-0.0709098 0.382834 -24.67
-0.0754575 0.362623 -16.4262
0 0 -1
-0.132394 0.945318 -110.096
-0.125188 0.91164 -106.246
-0.0722334 0.107601 41.7087
-0.0278621 0.0627408 14.5534
0.243764 0.175761 -247.144
-0.060034 -0.0394556 78.2236
0.148685 0.434567 -239.193
-0.00263797 0.0445525 -3.60447
-0.00694401 0.0323441 3.79905
0.0203509 -0.0189805 18.1329
0.051021 -0.0229199 -34.6372
0.0434456 -0.0224706 -27.0149
0.0032861 -0.0254567 14.8413
0 -0.0423486 22.5591
-0.00981866 -0.0304202 30.2301
-0.0889805 0.408211 12.9572
0.13248 0.200813 -183.851
0.119345 0.167007 -160.253
0.0847479 0.231436 -136.025
0.0603943 0.221753 -105.262
-0.0155697 0.106862 15.7961
0.249109 -0.0189772 -285.129
-0.012798 -0.0152238 164.586
0 0.0014778 160.007
0.00308026 0.00518569 158.826
-0.000342868 0.00138038 160.06
0 0.0014778 160.007
0.00201363 -0.00110723 160.455
0 0.0014778 160.007
0.001549 0.0338675 151.053
-0.140138 -0.505147 206.782
-0.0174004 0.206683 -16.8259
-0.0265513 0.175309 -6.15212
-0.0484229 0.131379 10.7443
-0.0596585 0.105157 20.8365
-0.0687547 0.098012 25.2336
-0.0417334 0.133292 7.68428
-0.0854609 0.294645 -20.296
-0.0433665 0.222693 -14.6369
-0.0557708 0.249229 -16.7324
-0.0663874 0.241114 -10.3728
-0.00753787 0.226999 -30.05
-0.0521176 0.262032 -19.2247
-0.0468495 0.203446 -5.62538
-0.0437337 0.199723 -6.37304
-0.0540608 0.206085 -2.814
-0.0372458 0.183416 -5.27132
-0.0406679 0.184602 -3.7513
-0.0301141 0.203041 -14.9604
0.0233036 0.195062 -43.8744
0.0611817 0.245401 -80.0854
0.0619302 0.261302 -84.5161
0.067275 0.266476 -89.1029
0.0397487 0.302281 -80.1545
-0.0109352 0.349405 -57.7442
-0.0606487 0.395854 -35.1763
0.0624922 0.242849 -83.2392
-0.124305 0.912355 -108.005
0.010879 0.313946 -73.2612
-0.130888 0.334529 48.0688
-0.130888 0.334529 48.0688
0.0623369 -0.0422286 -24.5008
-0.100633 -0.0400529 113.934
0.243482 0.0480452 -213.55
-0.00888185 0.0430609 2.19227
-0.0264359 0.0410858 18.8731
-0.00353526 -0.0285481 15.5646
-0.00509898 0.0197307 5.71529
-0.0113266 0.0347541 8.82185
0.0351562 0.15625 -64.6849
0.013565 0.125688 -40.9166
-0.383805 0.0203519 455.749
0 0.183912 -24.1513
0 0.183912 -24.1513
0 0.191352 -26.0237
0 0.183912 -24.1513
-0.087664 0.180104 84.3213
0.0942364 0.229842 -146.904
-0.122669 0.17881 128.455
0.301954 0.381028 -453.823
-0.00693423 0.0020526 160.985
-0.00655929 0.00344283 160.604
-0.00662747 0.00415636 160.409
-0.000799836 0.0429198 149.027
-0.000908787 0.0429428 149.038
-0.000790793 0.0429192 149.026
-0.000785234 0.0429105 149.027
-0.000737382 0.0429089 149.02
-0.0215011 0.221631 -20.3392
-0.0280687 0.208237 -14.9382
-0.0486124 0.188141 -4.92901
-0.0830242 0.181155 5.36274
-0.0599216 0.158862 6.38468
-0.0478017 0.124096 12.9327
-0.0399594 0.10961 14.0332
0.172086 0.0586594 -38.6645
-0.0798261 0.189225 9.8758
-0.0979874 0.258788 -3.12562
-0.118218 0.27728 -0.930172
-0.079873 0.235881 -4.52211
-0.0439008 0.268669 -28.8195
-0.0315367 0.172983 -5.13591
-0.0156396 0.176834 -14.3058
-0.0321584 0.180411 -7.05191
-0.031138 0.177837 -6.91244
-0.0220495 0.193464 -16.4622
0.00102439 0.222174 -37.9318
0.0410271 0.239275 -66.3124
0.0735547 0.252227 -89.5458
0.080013 0.260674 -95.856
0.0774526 0.264734 -95.2986
0.0631405 0.273516 -88.179
0.0410456 0.294393 -79.044
0.0215188 0.33507 -76.8227
-0.0177006 0.0757392 10.22
-0.0177006 0.0757392 10.22
-0.0171774 0.0782869 9.06713
-0.00543198 0.0893307 -3.77063
-0.00941326 0.0901516 -0.726874
-0.0779964 -0.0491623 97.0088
-0.367033 -0.0237551 343.736
-0.092792 0.0763376 73.9362
-0.0798454 0.0782818 60.441
0.0232883 0.059452 -25.4283
0 -0.798881 251.124
0.0196552 -0.241096 65.905
-0.0684084 -0.047344 96.3049
0.00400054 0.0467284 -3.87652
0 0.0399093 2.20654
0 0.0399093 2.20654
0 0.0399093 2.20654
0 0.0399093 2.20654
0 0.0399093 2.20654
0 0.0399093 2.20654
0.327679 0.12061 -389.168
0.0364474 0.248621 -83.5164
0.0175591 0.463023 -123.938
0 0.473531 -105.618
-0.000175526 0.52602 -120.505
0.000482509 0.517076 -117.707
-0.0129853 0.32146 -54.6918
-0.00923394 0.254362 -32.609
-0.0086506 0.248632 -30.8826
-0.00807855 0.245327 -29.9094
-0.00776798 0.240833 -28.5347
-0.0126025 0.230705 -24.6161
-0.022933 0.226571 -21.6193
-0.00357415 0.268915 -39.1123
-0.0513957 0.205654 -9.006
-0.0751159 0.236878 -12.8917
-0.101224 0.142789 22.824
-0.144763 0.0909232 50.522
0.0366056 0.018118 18.3163
0.135068 0.047552 -22.0096
0.0396955 0.0937033 -2.87118
0.0558574 0.00668688 19.4109
-0.103285 0.293162 -11.025
-0.0888989 0.266879 -9.04246
-0.0725483 0.242657 -8.41071
-0.0537075 0.161089 8.56219
-0.0306366 0.170194 -5.11273
-0.0259322 0.166351 -6.18939
-0.0130566 0.163374 -12.0879
0.00466188 0.193185 -31.0224
0.026849 0.223346 -52.9619
0.0546046 0.24334 -75.4341
0.0787681 0.253435 -93.0814
0.086515 0.257944 -99.2078
0.0803447 0.262496 -96.544
0.0677864 0.261149 -87.6852
0.0562038 0.257904 -78.6829
0.0572266 0.266763 -82.2501
0.0899398 0.239987 -97.7231
0.0860746 0.189326 -78.3893
0.0890542 0.173574 -75.5734
0.0815838 0.1459 -60.9048
-0.0516896 0.653344 -137.248
-0.0345996 0.256907 -5.28467
-0.0357565 0.255859 -3.8987
-0.0347589 0.245019 -1.41357
-0.0263267 0.236335 -6.37557
-0.0121692 0.229316 -17.3537
0.00112806 0.22847 -29.6337
0.00423234 0.230235 -33.1632
0.0166147 0.234003 -46.3419
-0.0283365 0.249371 -6.94905
0 0.256299 -38.1112
-0.00750204 0.26187 -31.8374
-0.00547607 0.270206 -36.3746
-0.0284275 0.271148 -10.9863
0.0076567 0.350969 -76.8331
0 0.26965 -42.1966
-0.0153463 0.262849 -22.0553
-0.00686609 0.260201 -31.0831
-0.0336404 0.0931337 33.9507
0.036153 0.225976 -93.4815
-0.0165889 0.317628 -53.2726
-0.016149 0.318725 -53.6599
-0.00755354 0.256746 -33.4679
0 0 -1
-0.0107874 0.248162 -30.5291
-0.0111784 0.245543 -29.6136
-0.0122029 0.241087 -27.9921
-0.0143378 0.237007 -26.3048
-0.0203402 0.247071 -28.5818
-0.0288009 0.269688 -34.1775
-0.117111 0.166485 18.7984
-0.122178 0.1686 19.5021
-0.166961 0.0752566 62.1877
-0.159267 0.107321 49.1967
-0.144908 -0.00587505 80.8922
0.119467 0.0110295 -5.9443
0.0249198 0.70849 -200.025
-0.0319283 -0.0262415 64.1009
-0.0752178 0.0189409 65.455
-0.0886102 -0.0267442 86.1006
-0.105901 -0.0220651 91.9697
-0.133257 -0.0275529 106.164
-0.162145 -0.0201316 117.191
-0.174924 -0.0248412 124.984
0.0338111 0.148905 -32.3058
0.0396559 0.18491 -47.5674
0.0512811 0.216028 -64.5175
0.0600679 0.237559 -76.8009
0.0513042 -0.243558 125.905
0.0506436 -0.243806 126.465
0.0719125 0.260212 -90.2091
0.062109 0.257949 -82.8167
0.0522283 0.249764 -73.2444
0.0579196 0.236233 -72.822
0.0764193 0.230055 -84.4867
0.079355 0.186791 -72.0293
0.0754721 0.17398 -65.0707
-0.000818262 0.0240634 -0.691134
-0.0347147 0.05477 67.4602
-0.0448715 0.0683295 71.3712
-0.0495609 0.249156 10.4853
-0.0449324 0.241973 8.73207
-0.126956 0.246551 82.7722
-0.0879039 0.29808 28.6935
0 0 -1
0.00508062 0.228086 -33.2921
0.0289918 0.207089 -49.5887
-0.0169986 0.545657 -112.653
-0.113281 -0.367188 304.562
-0.000747974 0.127752 12.8337
-0.0259581 0.358101 -38.318
-0.0251186 0.526729 -95.9774
0.178659 -0.0494601 49.4817
0.021073 0.148579 -66.9846
-0.0248764 0.138779 -9.6832
0.00230741 0.0165989 -1.20805
0.00133694 0.0127835 1.12831
0.208612 0.0650112 -250.475
6.05285e-13 -0.162679 98.4758
6.49722e-13 -0.162679 98.4758
-0.00594429 -0.884441 360.726
-0.00594429 -0.884441 360.726
-9.92727e-13 -0.162679 98.4758
-1.01439e-12 -0.162679 98.4758
-1.02583e-12 -0.162679 98.4758
0 0 -1
0.0159254 0.0557701 18.6818
0.0371564 -0.217104 243.393
0.0944366 6.50887 -2232.87
-0.137451 0.150463 29.0404
-0.152716 0.120087 43.4172
-0.118245 0.106655 38.319
0.098206 0.0411504 -9.68963
0.128597 0.0403945 -19.0866
0.106438 0.0282056 -6.41155
-0.0333438 -0.0156962 61.0432
-0.0796949 -0.034101 84.9848
-0.0867383 -0.0259044 84.994
-0.100553 -0.0189952 88.5466
-0.1372 0.00257747 97.5143
-0.167393 -0.014748 117.821
-0.178558 -0.0189763 124.737
0.0716127 0.140423 -49.4589
0.0741337 0.177064 -63.8713
0.079876 0.209757 -78.7351
0.0886746 0.234785 -92.7774
0.0980094 0.242702 -101.165
0.0958985 0.250103 -102.392
0.0803015 0.258227 -95.0766
0.0526429 0.256993 -76.0159
0.130275 0.694494 -295.301
0.0403742 0.233054 -59.0559
0.0444855 0.189548 -46.787
0.0584378 0.156635 -45.9644
0.0770347 0.152752 -59.2355
0.0785482 0.165814 -65.1535
0.0755291 0.171972 -64.5456
-0.0490785 0.0819276 70.1162
-0.061338 0.219149 31.372
-0.0483898 0.234363 14.4642
-0.117349 0.260959 68.9124
-0.0224917 0.238848 -11.0379
-0.00220565 0.236364 -29.2801
0.00451943 0.227582 -32.6021
0.00532444 0.22624 -32.9101
0.0458296 0.157112 -49.0592
0.123354 -0.355808 47.2558
-0.0473669 -0.0359433 117.101
-0.0169954 0.112735 33.8921
0 0.140341 5.66645
0 0.140341 5.66645
-0.0015736 0.0521276 38.3344
0.00143388 0.0709638 28.085
0.00143388 0.0709638 28.085
0.00143388 0.0709638 28.085
0.00143388 0.0709638 28.085
-0.00586267 -0.210793 247.768
-0.00589626 -0.210981 247.836
-0.00567741 -0.211345 247.957
-0.00479099 -0.211871 248.086
-0.00278309 -0.21254 248.149
0.000972994 -0.213329 248.019
0.00674655 -0.214216 247.58
0.0156253 -0.215178 246.573
0.0278718 -0.216191 244.804
0.0436552 -0.217234 242.102
0.0620328 -0.233143 244.089
-0.17833 0.128366 46.9909
-0.178334 0.101193 56.9268
-0.156825 0.0703745 61.9847
-0.0569826 0.188324 -12.7884
0.0602344 0.0792603 -10.1171
0.0889353 0.00583239 7.72401
0.0297711 0.00354431 30.5864
-0.0833593 -0.0019391 75.1838
-0.0888339 -0.0150906 81.9797
-0.0736351 -0.0145608 75.0493
-0.0248167 0.0629565 24.0231
0.0462992 0.0833743 -17.105
0.0878519 0.103979 -45.1415
0.0999294 0.124915 -58.9566
0.100329 0.169592 -75.6476
0.100253 0.205943 -89.0379
0.101794 0.232499 -99.7485
0.103719 0.243966 -105.121
0.100611 0.250916 -105.68
0.0888417 0.259502 -101.148
0.0611018 0.267572 -85.5243
0.0284543 0.264259 -61.7727
0.0146713 0.181086 -21.9876
0.0195007 0.120061 -3.8451
0.0677519 0.121492 -40.9676
0.0795545 0.15142 -60.9
0.0796312 0.166439 -66.2958
0.0782882 0.168132 -65.6948
-0.00970593 0.0919553 32.9792
-0.0243458 0.190698 9.12515
-0.0331689 0.226952 3.4652
-0.0311147 0.237393 -2.32366
-0.0198502 0.247109 -16.4178
-0.00768087 0.239197 -25.0207
-0.000899683 0.228387 -27.5684
0.00145673 0.224548 -28.4579
-0.00732282 0.145352 9.6232
0.0099867 0.0720849 18.3167
-0.00469658 0.0127587 55.3174
0.00409521 0.0162219 44.5563
0.00683813 0.0226952 39.268
0.00440484 0.0253741 41.0917
0.0015224 0.0704749 28.1555
0.00143388 0.0709638 28.085
0.00143388 0.0709638 28.085
0.00143388 0.0709638 28.085
0.00143388 0.0709638 28.085
