1 174 0
1 2 3
2 3 3
3 4 3
4 5 3
5 6 3
6 7 3
7 8 3
8 67 3
10 67 3
10 11 3
11 12 3
12 14 3
14 15 3
15 16 3
16 17 3
17 18 2
18 77 0
77 78 3
21 78 3
21 25 3
25 29 3
29 32 1
32 33 3
33 35 3
35 94 3
94 95 3
38 95 3
38 39 2
39 159 3
159 450 3
339 450 3
339 342 3
342 343 3
57 343 0
38 157 3
159 504 3
450 504 3
39 157 3
21 24 3
29 85 3
24 25 3
38 98 3
98 157 3
78 79 3
21 79 3
33 86 3
14 71 2
32 86 3
38 97 3
39 331 3
157 331 3
215 331 3
164 450 3
12 71 3
33 92 3
164 339 3
25 82 3
164 564 3
24 82 3
339 564 3
24 79 3
29 86 3
25 85 3
97 98 3
12 70 3
14 72 3
164 504 3
18 76 0
39 101 3
159 161 3
70 71 3
17 76 2
79 138 3
24 138 3
33 93 3
35 93 3
161 504 3
7 66 3
8 66 3
15 72 3
25 89 3
92 93 3
101 159 3
112 342 0
112 343 0
71 72 1
17 75 3
85 89 3
5 63 3
10 68 1
15 73 3
86 92 3
4 63 3
6 63 3
67 68 3
11 68 1
72 73 3
16 73 3
16 75 3
76 77 3
93 94 3
163 504 3
16 74 3
95 97 3
163 164 3
1 3 3
73 74 3
75 76 3
1 59 2
3 62 2
4 62 2
66 67 3
86 148 3
101 331 3
6 65 3
7 65 3
11 70 3
74 75 3
62 63 3
82 89 3
92 148 3
339 398 3
342 398 3
59 174 0
1 60 2
3 60 2
29 87 3
86 87 3
60 62 3
63 65 3
78 136 1
85 87 3
97 155 3
157 215 3
101 391 0
59 60 3
65 66 3
11 127 1
70 127 1
86 144 3
94 152 3
98 155 3
391 563 3
159 391 0
74 133 3
77 135 3
87 144 3
93 152 3
68 127 3
76 135 3
82 138 3
95 154 3
97 154 3
70 128 1
75 133 3
78 135 3
127 128 3
76 192 3
135 136 0
144 148 3
95 152 3
331 391 3
62 175 0
92 150 3
161 391 3
63 175 0
215 391 3
112 398 0
1 232 0
67 125 3
93 151 3
220 504 3
174 232 1
68 125 3
98 156 3
161 220 3
163 220 3
68 126 3
71 128 1
93 150 3
66 125 3
89 319 3
156 157 3
343 398 3
66 124 3
72 130 3
73 130 3
80 138 3
80 82 3
151 152 3
124 125 3
125 126 3
126 127 3
71 130 1
78 137 3
79 137 3
152 154 3
65 124 3
74 191 3
137 138 3
161 336 3
65 413 0
82 319 3
336 511 3
133 191 3
152 211 3
154 155 3
63 64 3
64 65 3
128 130 3
75 192 3
150 207 3
154 211 3
398 564 3
124 413 0
87 89 3
150 151 3
154 212 3
155 156 3
64 175 0
74 130 3
74 189 1
133 192 3
164 279 1
128 187 3
130 187 2
189 191 0
135 192 3
135 193 3
163 279 1
279 564 0
128 186 3
92 207 3
391 511 3
161 511 3
127 186 3
136 137 0
80 319 3
130 189 3
80 137 3
220 336 3
516 564 3
398 516 3
192 193 3
148 207 3
130 188 3
137 195 3
211 212 3
60 175 0
279 516 0
136 195 0
155 214 3
156 214 3
163 336 3
228 343 0
151 209 3
156 215 3
89 204 3
87 204 3
150 209 3
152 210 3
127 185 3
188 189 3
204 205 3
210 211 3
155 212 3
175 177 1
64 413 0
126 184 3
126 185 3
187 188 3
136 194 1
150 208 3
279 336 0
60 177 1
125 184 3
185 186 3
186 187 3
207 208 3
208 209 3
155 213 3
214 215 3
148 264 3
124 356 0
204 319 3
213 214 3
125 356 0
191 192 3
136 193 1
194 195 3
151 210 3
279 511 0
59 234 2
60 234 2
356 413 3
184 356 0
184 185 3
273 391 3
174 234 1
64 177 1
80 195 3
148 263 3
209 210 3
215 273 3
177 297 0
64 297 0
64 298 0
263 264 3
297 298 3
313 319 3
207 264 3
298 413 3
191 249 2
80 313 3
204 316 3
340 343 3
298 356 3
189 249 0
316 319 3
240 356 0
184 240 1
212 213 3
186 244 3
209 267 3
187 244 3
177 234 0
193 194 3
195 254 3
254 313 3
207 265 3
80 254 3
208 265 3
212 270 3
340 398 3
211 270 3
187 303 3
189 247 2
144 204 3
188 247 2
247 363 0
192 251 3
193 251 3
195 253 3
203 204 3
210 268 3
211 268 3
213 270 3
214 272 3
286 343 0
184 243 3
185 243 3
186 243 3
148 204 3
208 266 3
209 266 3
209 268 3
211 269 3
269 270 3
213 271 3
215 272 3
188 303 2
246 303 1
188 246 2
192 250 2
194 251 3
319 375 3
316 375 3
268 269 3
270 271 3
214 271 3
286 340 0
240 299 0
184 242 3
191 250 2
194 253 3
313 375 3
264 265 3
266 267 3
271 272 3
240 242 0
243 244 3
253 254 3
242 243 3
362 363 3
249 250 3
250 251 3
254 312 3
203 316 3
247 249 0
253 312 3
267 268 3
398 401 3
244 303 2
251 310 3
251 253 3
265 266 3
401 516 3
246 247 3
251 309 3
272 273 3
309 310 3
312 313 3
340 401 3
244 302 2
263 322 3
264 322 3
242 299 3
253 310 3
391 448 3
234 292 3
177 292 0
299 356 3
249 363 2
273 448 3
511 516 3
174 290 1
292 297 3
243 302 2
204 263 3
265 323 3
266 323 3
234 290 3
264 323 3
242 300 3
249 307 2
253 311 3
322 323 3
269 327 3
272 330 3
273 330 3
242 301 3
243 301 2
311 312 3
268 326 3
268 327 3
271 330 3
249 365 2
250 307 2
250 309 2
266 324 3
267 324 3
267 325 3
326 327 3
270 328 3
271 329 3
294 297 3
300 301 3
301 302 3
307 365 3
310 311 3
263 377 3
263 321 3
325 326 3
327 328 3
328 329 3
302 303 2
250 308 2
203 377 3
323 324 3
324 325 3
232 290 3
363 365 3
307 308 3
290 292 3
299 300 3
329 330 3
203 263 3
321 322 3
297 353 3
511 512 1
294 353 3
316 377 3
512 516 0
340 345 1
343 463 3
330 389 3
273 389 3
343 345 1
298 354 3
354 356 3
372 375 3
316 374 3
374 377 3
292 350 1
297 354 3
308 309 3
313 372 3
376 377 3
299 357 1
353 354 3
311 369 3
297 350 1
310 369 3
321 380 3
322 380 3
297 351 3
294 351 3
308 365 3
374 375 3
290 350 1
350 351 0
301 359 3
303 361 3
374 376 3
299 358 3
300 358 3
300 359 3
273 447 3
302 360 3
323 380 3
389 447 3
447 448 3
302 361 2
246 361 1
246 362 1
321 437 1
325 383 3
343 404 1
294 352 3
301 360 3
360 361 2
361 362 0
247 362 1
309 367 3
310 368 3
263 437 1
323 381 3
324 382 3
324 383 3
326 384 3
327 385 3
328 386 3
329 386 3
345 403 0
352 353 3
358 359 3
308 367 3
367 368 3
368 369 3
312 372 3
380 381 3
381 382 3
383 384 3
384 385 3
385 386 3
340 403 1
340 404 1
356 414 1
357 358 0
382 383 3
329 445 3
330 445 3
391 512 1
351 352 3
308 366 1
366 367 0
377 437 1
356 357 1
312 430 3
386 445 3
290 406 1
350 406 3
372 430 3
445 446 3
330 446 3
356 471 3
357 414 0
363 422 3
365 422 3
312 369 3
389 446 3
354 471 3
380 437 1
340 463 3
404 463 0
406 408 3
350 408 3
359 360 3
312 428 3
340 460 3
369 428 3
401 460 3
377 492 3
437 492 0
351 409 1
352 410 3
351 410 3
340 521 3
359 418 3
362 421 3
365 423 3
308 423 3
375 431 3
460 521 3
463 521 3
352 411 3
353 411 3
358 416 3
360 418 3
363 421 3
372 431 3
350 409 3
409 410 0
354 411 3
357 416 0
362 420 3
381 439 3
383 442 3
384 442 3
359 417 3
361 418 2
380 439 3
408 409 3
357 415 3
361 419 3
422 480 3
366 424 3
367 425 3
368 425 3
368 426 3
369 426 3
428 430 3
380 438 3
382 440 3
383 441 3
385 443 3
415 416 0
358 417 3
417 418 3
365 480 2
367 424 1
437 438 0
382 439 3
440 441 3
385 442 3
386 443 3
516 981 3
463 520 3
410 411 3
362 419 1
421 422 3
376 492 3
438 439 3
441 442 3
446 447 3
520 521 3
414 415 1
416 417 3
419 420 0
423 480 3
308 424 1
425 426 3
369 427 3
430 487 3
442 443 3
401 981 3
418 419 2
426 427 3
427 428 3
428 487 3
439 440 3
414 471 0
424 425 0
420 421 3
428 486 3
430 432 3
374 431 3
437 496 0
372 432 3
438 496 3
516 630 1
512 630 1
424 482 0
443 445 3
308 482 3
438 497 3
439 497 3
423 482 3
425 484 3
426 484 3
427 486 3
443 502 3
445 502 3
486 487 3
354 528 2
471 528 2
439 498 3
440 498 3
516 573 1
421 479 1
448 449 3
573 630 3
419 477 2
422 479 1
497 498 3
447 449 3
431 432 3
442 501 3
443 501 3
460 981 3
445 503 3
391 449 3
460 507 3
507 521 3
411 469 2
354 469 2
415 473 3
432 487 1
502 503 3
446 503 3
406 465 3
408 467 3
414 472 3
416 473 1
416 474 3
417 474 3
420 479 1
440 499 3
441 499 3
442 500 3
406 464 3
408 465 3
409 467 3
471 472 1
472 473 1
420 478 3
482 540 1
425 482 3
427 484 3
496 497 3
499 500 3
501 502 3
464 465 3
473 474 0
418 477 1
425 483 3
410 467 1
410 468 2
411 468 2
479 480 0
482 483 3
483 484 3
492 494 2
500 501 3
408 466 3
467 468 0
374 492 3
498 499 3
465 466 3
466 467 3
437 554 0
496 554 2
469 528 3
474 532 1
474 475 1
417 475 1
418 475 1
418 533 1
423 481 3
437 494 0
507 981 3
468 469 3
475 533 3
481 482 3
484 486 3
492 551 2
494 551 3
420 477 3
432 488 1
477 478 3
487 488 3
431 548 1
477 533 1
432 548 1
431 549 1
374 549 1
374 607 1
492 607 1
475 532 3
478 479 2
548 549 3
549 607 3
480 481 3
484 543 2
446 449 3
486 543 2
486 545 3
487 545 2
488 545 3
502 561 3
503 561 3
471 529 1
464 523 3
465 523 3
466 523 3
469 527 3
528 529 3
472 529 0
473 532 0
483 540 1
486 544 2
446 562 1
464 522 3
468 527 2
477 535 3
478 535 3
478 536 3
484 542 2
467 525 3
542 543 3
543 544 3
551 552 3
522 523 3
468 526 2
479 536 2
544 545 3
494 552 3
502 560 3
526 527 3
472 530 3
473 531 3
483 542 2
499 557 3
501 560 3
560 561 3
631 981 0
530 531 1
535 536 3
540 542 0
545 546 3
488 546 3
437 552 0
498 557 3
500 557 3
503 562 1
449 562 1
521 637 1
466 525 3
468 525 2
531 532 0
480 538 1
481 540 1
497 554 2
561 562 1
507 637 1
525 526 3
529 530 1
497 555 3
500 559 3
501 559 3
479 538 1
481 538 1
498 555 3
391 568 3
512 568 0
523 525 3
559 560 3
449 506 3
568 627 1
479 537 1
607 609 0
391 506 3
516 631 1
573 631 3
536 537 1
492 609 1
551 609 3
552 553 3
537 538 2
432 546 1
437 553 2
553 554 3
554 555 3
498 614 3
557 614 3
481 597 1
546 604 3
432 604 1
525 582 3
532 533 3
555 614 3
500 615 3
523 582 2
533 535 0
557 615 3
568 630 1
527 528 3
538 597 1
540 597 1
559 615 3
526 584 1
527 584 1
529 587 1
554 614 3
614 615 3
528 587 1
536 594 1
542 600 2
533 593 1
537 594 1
540 600 0
535 593 1
544 602 3
449 620 3
522 581 3
523 581 3
525 583 3
526 583 3
527 585 2
528 585 2
533 592 1
536 593 1
545 602 3
548 607 3
562 620 3
529 588 1
530 588 1
592 593 3
593 594 1
540 598 3
545 603 3
546 603 3
522 580 3
581 582 3
597 598 0
548 606 3
615 616 3
559 617 3
391 510 3
580 581 3
582 583 3
531 589 0
532 590 1
533 590 1
432 606 1
608 609 3
552 609 3
554 612 3
612 614 3
559 616 3
559 561 3
510 568 3
531 588 0
532 589 1
543 601 2
543 602 3
603 604 3
607 608 3
553 612 3
616 617 3
561 617 3
583 584 2
585 587 1
587 588 3
590 592 2
598 600 3
542 601 2
604 605 3
432 605 1
606 607 3
561 620 3
584 585 0
589 590 3
601 602 3
588 589 3
602 603 3
605 606 3
552 612 3
631 691 0
507 631 1
537 597 1
630 631 3
507 691 3
617 675 3
507 694 1
600 601 3
609 668 3
552 668 3
616 675 3
561 618 3
618 620 3
637 694 3
617 618 3
449 567 3
568 631 1
507 692 1
587 645 3
567 620 3
691 692 1
567 739 1
590 649 0
612 669 3
614 671 3
506 567 3
391 625 1
552 669 3
391 969 3
507 693 1
606 664 3
606 665 3
607 665 3
612 670 3
510 625 1
692 693 3
693 694 3
592 649 2
537 654 0
598 657 2
506 969 3
625 969 0
585 644 3
587 644 0
588 645 3
594 653 0
537 653 0
597 654 0
598 656 3
605 664 3
664 665 3
608 665 3
668 669 3
669 670 3
612 671 2
583 641 1
644 645 1
656 657 3
600 657 3
609 667 3
614 672 3
584 641 1
585 643 3
603 661 3
604 661 3
608 667 2
670 671 3
671 672 3
615 672 3
582 640 1
583 640 1
584 643 2
653 654 3
667 668 3
640 641 1
584 642 1
592 708 2
593 651 3
594 651 0
594 652 0
597 656 0
602 660 3
510 969 3
581 639 3
582 639 2
642 643 3
588 646 3
589 647 3
652 653 3
601 660 3
602 661 3
615 673 3
616 673 3
637 695 1
580 638 1
581 638 1
639 640 1
641 642 0
645 646 3
588 647 3
590 647 3
651 652 3
660 661 3
608 666 3
694 695 1
643 644 3
592 651 3
604 720 3
605 663 3
663 664 3
665 666 3
666 667 3
638 639 0
646 647 3
597 713 0
605 720 3
672 673 3
649 708 3
654 713 3
656 713 3
673 675 3
618 675 3
590 706 0
651 708 3
647 706 0
600 716 3
620 622 3
649 706 1
618 622 3
567 622 3
647 705 0
657 716 3
601 716 3
663 720 3
645 702 3
661 720 3
568 691 1
644 702 2
642 700 1
649 707 1
652 709 3
567 623 3
645 703 3
646 703 3
707 708 3
651 709 2
712 713 3
661 719 3
669 728 3
706 707 3
654 712 3
601 717 3
660 717 3
670 728 1
691 750 1
641 700 3
643 700 2
660 719 3
643 701 2
644 701 2
702 703 3
692 750 3
641 699 3
656 714 3
716 717 3
660 718 3
640 699 1
657 714 3
718 719 3
663 721 3
663 722 3
664 722 3
667 725 2
668 725 2
568 743 1
693 750 3
693 752 3
694 752 3
638 696 3
639 697 1
640 698 3
699 700 3
700 701 3
653 709 3
657 715 3
665 723 3
666 723 3
669 727 3
727 728 3
671 729 1
672 729 1
695 753 0
696 697 3
697 698 3
701 702 3
653 712 3
713 714 3
714 715 3
715 716 3
664 723 3
666 725 3
668 726 2
728 729 3
672 730 3
673 730 3
752 753 1
653 711 3
719 720 3
720 721 3
721 722 3
722 723 3
666 724 3
725 726 3
668 727 3
698 699 1
709 711 3
717 718 3
724 725 3
729 730 0
673 731 3
675 731 3
726 727 1
568 969 3
750 752 3
647 703 3
723 724 3
705 706 3
708 709 3
675 850 1
618 850 1
703 705 3
622 850 1
750 868 1
752 868 1
730 731 3
691 922 1
750 922 1
731 850 1
711 712 3
701 759 0
568 922 1
702 760 0
703 762 3
701 760 0
705 762 3
713 771 3
715 773 3
706 763 3
707 765 3
708 765 3
714 771 3
717 774 2
729 788 3
730 788 1
702 761 0
703 761 3
705 763 3
709 768 3
711 768 3
716 774 3
718 776 3
706 765 3
714 772 3
714 773 3
717 775 3
719 776 3
696 754 3
697 755 0
698 755 0
706 764 3
719 777 3
720 778 3
721 779 3
722 780 3
723 781 0
724 782 2
725 783 3
726 784 3
729 787 3
731 788 1
623 795 1
752 811 1
754 755 0
699 757 3
700 757 3
759 760 3
763 764 3
764 765 3
712 770 3
712 771 3
772 773 1
717 776 3
777 778 3
778 779 3
779 780 3
780 781 0
781 782 1
782 783 0
783 784 3
727 784 0
727 785 3
787 788 3
753 811 1
698 756 0
698 757 1
700 758 0
701 758 0
762 763 3
774 775 2
784 785 1
728 787 3
731 790 1
750 979 0
756 757 1
758 759 3
760 761 3
708 768 3
711 770 3
771 772 3
775 776 3
776 777 3
790 850 3
922 979 0
761 762 3
770 771 3
868 979 0
757 758 0
708 825 3
716 773 3
755 756 3
765 825 3
768 825 3
811 868 3
768 770 3
567 795 1
728 785 3
773 774 0
728 844 3
785 844 3
787 844 3
771 829 3
768 826 3
770 829 3
765 823 3
788 847 0
731 847 3
567 850 1
759 817 3
764 823 3
770 827 3
790 847 0
756 758 1
763 821 3
770 826 3
811 869 0
761 819 3
762 821 3
825 826 3
773 831 0
787 845 3
868 869 0
762 819 3
823 825 3
774 831 2
844 845 3
760 817 3
760 819 3
764 822 1
822 823 0
824 825 3
772 829 3
754 812 0
755 813 3
756 813 3
826 827 3
772 831 2
775 833 3
776 834 3
777 835 2
778 836 0
779 837 0
780 838 0
781 839 3
782 840 3
783 841 1
784 842 1
785 843 3
812 813 1
762 820 3
770 828 3
828 829 3
772 830 2
774 832 2
774 833 3
833 834 0
834 835 1
835 836 0
836 837 3
837 838 3
838 839 3
839 840 1
840 841 3
784 841 1
842 843 3
843 844 3
788 845 3
819 820 3
829 830 3
841 842 3
756 872 1
758 816 3
759 816 3
763 822 1
823 824 3
830 831 3
831 832 3
832 833 3
816 817 3
820 821 3
827 828 3
758 872 3
821 822 3
790 964 1
813 872 1
758 874 3
760 876 2
847 964 1
850 964 1
816 874 3
817 876 3
819 876 2
845 847 0
868 984 0
979 984 3
872 874 3
850 967 0
868 926 3
869 926 1
845 904 3
847 904 1
567 967 3
829 887 3
822 881 0
823 881 3
830 887 3
567 969 3
817 875 3
872 873 3
816 875 3
824 881 3
926 984 0
873 874 3
827 884 3
831 889 3
820 878 1
821 880 1
822 880 1
824 883 3
825 883 2
826 884 3
830 889 3
832 889 3
568 982 3
869 927 1
812 870 1
813 870 0
813 871 1
821 879 1
825 884 3
827 885 3
828 885 3
828 887 3
830 888 3
832 890 3
833 891 3
834 892 1
835 893 3
836 894 1
837 895 3
838 896 1
839 897 3
840 898 3
841 899 3
842 900 3
843 901 3
844 902 3
845 903 3
969 982 3
922 982 0
926 927 3
871 872 3
875 876 3
819 877 1
821 878 1
879 880 0
828 886 3
887 888 3
889 890 3
890 891 3
891 892 3
892 893 3
893 894 0
894 895 0
895 896 1
896 897 0
897 898 1
898 899 3
899 900 3
900 901 3
901 902 3
902 903 3
878 879 3
880 881 0
881 883 3
886 887 3
888 889 3
903 904 3
876 877 3
820 877 1
870 871 1
874 875 3
883 940 3
883 884 1
884 885 3
873 931 3
877 878 3
885 886 3
872 931 3
881 940 3
904 964 3
964 967 0
922 980 0
874 932 3
873 932 3
871 930 3
872 930 3
886 945 3
887 945 2
980 982 3
888 945 2
904 962 3
962 964 3
979 980 3
926 985 0
927 985 0
879 937 3
884 942 3
885 942 3
885 943 3
886 943 3
902 961 3
903 961 3
930 931 3
875 933 2
880 937 1
886 944 3
870 928 0
871 929 3
931 932 3
874 933 2
875 934 3
876 934 3
877 934 3
880 938 1
881 939 1
943 944 3
888 946 2
889 947 2
890 948 2
891 949 2
892 950 2
893 951 2
894 952 0
895 953 1
896 954 0
897 955 1
898 956 3
899 957 3
900 958 3
901 959 3
902 960 3
903 962 3
928 929 1
932 933 1
878 936 3
937 938 3
938 939 3
883 941 3
883 942 1
944 945 3
945 946 3
946 947 3
947 948 3
948 949 3
949 950 3
950 951 3
951 952 3
952 953 0
953 954 1
954 955 0
955 956 1
956 957 3
957 958 3
958 959 3
959 960 3
960 961 3
984 985 3
877 936 3
879 936 3
984 1042 1
929 930 3
934 936 3
939 940 0
941 942 1
961 962 3
979 1042 1
985 1042 1
933 934 3
936 937 3
940 941 3
942 943 3
962 1021 3
964 1021 3
936 994 3
932 990 1
940 998 3
941 998 3
931 989 1
932 989 1
964 1022 3
934 992 3
936 995 3
937 995 3
941 1000 2
967 1022 1
930 988 3
931 988 3
933 990 3
936 992 3
942 1000 0
961 1019 3
980 1042 1
985 1043 1
988 989 1
933 992 3
941 999 3
999 1000 2
945 1003 3
946 1003 3
962 1019 3
1042 1043 3
928 986 3
929 987 3
929 988 3
936 993 3
993 994 3
938 996 0
939 997 0
998 999 3
943 1000 2
943 1002 3
944 1002 3
944 1003 3
946 1004 3
947 1005 3
948 1006 3
949 1007 3
950 1008 3
951 1009 3
952 1010 3
953 1011 0
954 1012 3
955 1013 0
956 1014 3
957 1015 3
958 1016 3
959 1017 3
960 1018 3
986 987 1
987 988 3
995 996 0
996 997 3
997 998 3
1003 1004 3
1004 1005 3
1005 1006 3
1006 1007 3
1007 1008 3
1008 1009 3
1009 1010 3
1010 1011 3
1011 1012 3
1012 1013 3
1013 1014 3
1014 1015 3
1015 1016 3
1016 1017 3
1017 1018 3
1018 1019 3
1021 1022 3
994 995 3
989 990 3
1002 1003 3
992 993 3
1000 1002 2
1019 1021 3
