-0.0212144 0.0552001 17.8763
-0.043649 0.0296395 18.7315
-0.0413811 0.154896 17.1165
-0.0278302 0.0526069 17.6986
-0.0282607 0.0214317 18.1421
-0.00894925 -0.00291776 16.1283
-0.0229074 0.00654971 17.5916
0.0305617 0.0050163 9.46262
0.0365648 -0.0361195 9.57288
-0.034242 -0.0199215 22.3814
-0.0725215 -0.0612572 30.8444
-0.0492984 -0.170595 26.304
-0.0494955 -0.136034 26.7343
-0.0460495 -0.00750718 24.2016
-0.0453587 -0.00614682 23.7425
-0.0258031 -0.00787021 18.2214
-0.0361939 -0.0262587 22.1246
-0.086656 -0.0571837 41.4003
0.365139 -0.04282 -134.301
0.00960779 -0.208973 26.0558
0.018755 -0.210762 22.2004
-0.0168993 -0.0147585 14.0934
-0.0319986 -0.0528087 21.7242
0.0781056 0.110222 -9.22823
-0.00997965 -0.0461003 11.2831
-0.0195928 -0.0176175 15.5639
-0.0302856 -0.00620258 21.4555
-0.0301241 -0.0161208 21.659
0.0316608 0.267059 -22.9688
-0.0049412 -0.00531706 5.74502
0.0238221 -0.03729 -12.0883
0.126806 -0.0254697 -79.163
0.00618175 -0.137849 4.28907
-0.0252057 -0.134625 26.5771
-0.0570367 -0.1345 49.9158
-0.0461504 -0.0915454 41.0777
-0.043579 -0.0894855 38.4853
0.00116904 -0.0605228 2.81075
0.00410298 -0.0331356 -0.302895
0.0549365 -0.00824012 -45.0755
0.00212648 -0.0835631 3.314
-0.0769474 -0.0653022 84.4382
-0.0774986 -0.0917746 85.2095
0 0.544873 5.92374
0.0307012 0.515906 -23.4146
0.0280455 0.540816 -21.4161
0.0213206 0.64158 -16.9971
-0.0139797 0.547933 20.3403
0.0741127 0.603838 -72.7319
-0.000242746 -0.0698813 6.70493
0.000635732 0.221094 10.3248
0.00411666 0.227137 6.35041
0 0.524652 6.22405
0.000952428 -0.577276 65.6437
-0.0640147 0.184418 132.231
-4.9015e-07 0.19043 57.4645
0.814134 -0.241969 -790.98
0.118328 0.00829691 61.7004
-0.050542 -0.0240825 19.5784
-0.0394609 -0.17766 24.1869
-0.0309129 -0.192467 24.8453
-0.0158586 -0.163598 22.9492
-0.0252535 -0.158792 23.1839
-0.0145284 -0.00572735 17.108
-0.0158502 -0.00809306 17.3112
-0.0124911 -0.00689392 16.7121
-0.00307068 -0.0322383 16.8598
-0.0172426 -0.0268388 19.5021
0.0114569 -0.126735 17.506
0.00726428 -0.188277 21.076
-0.0251303 -0.222438 20.7457
-0.0197418 -0.189293 18.7369
-0.0184291 0.0305358 15.0019
-0.0580189 0.00506564 28.2442
-0.055202 0.0271802 26.3304
-0.01073 0.00705226 10.546
0.00883191 0.0467857 1.62126
0.00122665 0.0430107 5.30683
-0.0187647 0.00664519 14.4529
-0.0276672 -0.035033 19.5649
-0.00862694 -0.0181359 9.29081
0.0429065 -0.0616586 -14.8572
-0.00324484 -0.0288335 7.30306
-0.0163363 -0.0168825 14.0442
-0.0347151 -0.00575686 24.2846
-0.0137714 -0.0248078 12.0391
0.0148522 -0.045841 -5.22113
-0.00441916 -0.0112937 5.62189
0.0162764 -0.0151983 -7.93948
-0.0177609 -0.00904955 14.382
0.0210163 -0.0801414 -8.35796
-0.0169901 -0.114856 19.9361
-0.0286004 -0.0639977 26.2743
-0.0298782 -0.0756384 27.6488
-0.0189357 -0.0352949 17.7255
-0.0137781 -0.0474675 15.0666
-0.0391971 -0.000572019 34.6957
-0.00676833 -0.0284525 8.46648
0.0122233 -0.0285979 -7.83116
-0.00342271 -0.0162432 5.61274
-0.726811 0.012032 661.024
0.0489709 0.0445504 -40.1334
0.117547 0.147377 -107.395
-0.736761 -0.0337278 744.245
-0.0116189 -0.530008 40.3004
0.032872 0.130869 -34.0899
0.0419698 -0.621987 -13.1439
0 0 -1
-0.008996 0.125342 8.58028
0.050743 -0.606845 -25.705
0.0309455 -0.640857 -3.72481
0 -0.632708 31.1194
0.115574 0.275656 -101.479
0.216265 0.0915429 -214.751
0 0.333984 36.0016
0.00241696 0.333018 33.051
-0.0164544 -0.0334121 16.5442
0 -0.0425145 16.8728
-0.047136 -0.193305 27.3297
0.00621333 -0.227961 26.3117
0.224609 -0.061849 -11.1553
-0.017693 -0.124492 23.4064
-0.201993 -0.095034 47.9575
0.00358644 -0.0253454 15.043
-0.0240585 -0.0361334 20.3308
-0.0234661 -0.105765 23.3358
-0.00156373 -0.162917 21.2971
0.0210835 -0.192141 17.5294
0.00181658 -0.144814 20.0592
-0.0327926 -0.0160876 22.2462
-0.00180564 0.117612 6.11102
0.125995 0.209951 -39.5088
-0.160478 0.0762031 61.6885
0.0117378 0.043205 0.671624
-0.0467102 0.00727716 28.1244
-0.0123526 0.0490195 10.7551
0.700614 0.0208125 -303.822
-0.0248026 -0.0228258 17.4474
0.00543271 -0.0388037 2.68949
0.0275034 -0.0218505 -9.07386
-5.51639e-05 -0.0196533 5.09069
-0.021851 -0.0104578 16.8238
0.321115 -0.0688961 -163.941
-0.0192054 -0.0150034 15.6473
0.000437089 -0.0124197 2.73344
-0.000837558 -0.00223089 3.06731
0.298549 0.137835 -196.522
0.0136819 -0.0343928 -5.22993
-0.01393 -0.0171788 12.8903
0 0 -1
-0.0157348 -0.0199574 14.5068
-0.00493447 -0.00543402 5.51418
0.000257468 -0.016428 2.20958
0.00215471 -0.00783842 0.216933
-0.00391365 -0.0193513 5.70896
0.00127517 -0.0131511 0.928996
0.0146736 -0.0243091 -9.87111
0.0388581 -0.0471362 -30.4365
0.0603966 -0.111338 -46.815
0.0115392 0.0388285 -3.52265
0.162959 -0.0437496 -149.766
0.00165476 -0.0329094 7.53404
0.0225589 -0.0343814 -14.5967
-0.00151883 -0.0283374 10.2557
-0.013141 -0.0311733 21.9427
-0.0057524 -0.0130562 10.4692
7.17297e-05 -0.017868 6.47118
0.0244855 -0.119379 -16.2217
0.0062321 0.123909 -7.71492
0 0.120452 -0.431207
0.109482 0.0894145 -83.5131
-0.0266711 0.502685 11.8553
0 0.500351 -20.0042
-0.0754661 0.506172 73.1219
-0.220822 0.0221215 3.97469
-0.0183321 0.0188446 5.03009
-0.0242834 0.148577 -2.86923
0.167854 -0.197402 81.7535
0.0639253 -0.214412 92.7339
0 -0.0926847 80.9719
0 -0.0926847 80.9719
0.000259358 0.395429 -19.457
0 0 -1
-0.0700531 -0.0199393 87.966
-0.0134568 -0.16051 23.9861
-0.0019871 -0.166521 21.6567
0.0123593 -0.154803 17.2596
0.0780441 -0.0906319 -6.09655
0.133126 -0.0263026 -26.8487
0.153647 0.000950032 -35.5424
0.00885034 0.0694258 -0.0563879
0.011103 0.0313083 1.84418
0.00515402 0.0300729 5.02336
-0.0526309 -0.0538426 35.8116
-0.0612053 -0.0729328 39.9603
-0.0457004 -0.0220715 28.6172
-0.0822762 -0.0285222 45.9336
0.737918 -0.0298901 -376.614
-0.00394969 -0.0165666 7.69819
-0.00835928 -0.00719167 8.92577
-0.0102633 -0.00886101 10.3159
-0.0200587 -0.00192714 15.0761
-0.0164765 -0.00689503 13.375
-0.0135663 0.00933194 10.0671
-0.0134787 -0.00650536 11.6944
-0.0134787 -0.00650536 11.6944
-0.131021 0.0185627 93.1349
-0.00569624 -0.0263557 7.91951
-0.00706 0.00628804 6.40726
-0.00575525 0.0188476 4.64135
0.0037767 0.0209869 -2.48748
-0.00829691 0.0102241 7.53879
-0.00088781 0.00327565 2.00727
0.00136006 -0.00457854 0.498766
0.0104083 -0.0080358 -7.1378
0.0317973 -0.0155334 -25.903
0.0101637 -0.011257 -6.92516
0.00729467 -0.0232271 -2.1181
0.00547133 -0.0155883 -2.10111
0.000514715 -0.0306807 3.86785
-0.00246606 -0.0343074 11.649
0.146737 -0.0977378 -113.385
0.00822539 -0.545953 33.9865
0 -0.233276 18.9534
-0.0222118 -0.184299 39.2693
0.00940106 -0.526524 30.5918
0 -0.186484 15.1929
0.00661545 -0.305099 16.7485
0.113115 0.100046 -88.5353
0.0128073 -0.229153 52.0717
0 -0.224451 67.1378
0 -0.261393 69.853
-0.0334869 -0.0697952 18.5596
0.119666 -0.133517 37.1633
-0.0794162 -0.0568441 17.0583
-0.903399 -1.15195 259.704
0.250345 -0.473588 94.5047
0 0.136905 60.6638
0 0.136905 60.6638
0.00425296 -0.036531 75.7593
-0.0577375 -0.0112632 84.7716
-0.0893419 -0.00507811 90.6099
0.0051344 -0.0754186 11.4651
-0.00514334 -0.169398 22.687
0.0334725 -0.18311 13.9181
0.149334 -0.0459308 -30.7115
0.0930348 -0.32429 11.328
0.133203 -0.353172 1.84481
0.00076735 -0.282043 33.2171
0.0362928 -0.26065 18.2334
0.00490199 -0.214607 26.3148
-0.037809 -0.0897707 30.7302
-0.032861 -0.0764466 27.1281
-0.0319337 -0.039469 23.1104
-0.0166047 -0.0340569 14.5681
0.00284367 -0.0255857 4.12833
-0.000315367 -0.0242511 5.88022
-0.00283955 -0.0231747 7.45799
-0.0071523 -0.0246333 10.1187
-0.0142697 -0.00196669 11.8181
-0.0183699 0.0043965 13.5096
-0.00312115 0.0152849 2.76579
-0.0808315 0.506378 0.782334
-0.0151916 0.000238471 12.4602
-0.0130674 -0.0083547 12.1855
-0.00135911 0.0113606 1.86008
0.00881851 0.0233221 -6.42017
0.000328259 0.0112096 1.44068
-0.0160424 0.00941353 13.939
-0.0165317 -0.00245424 15.2793
-0.00815529 -0.00579657 8.49575
0.004106 -0.00626921 -1.82072
0.0130494 -0.00960831 -9.38153
0.0203891 -0.00554778 -16.4514
0.015467 -0.012317 -11.1995
-0.0125619 -0.0210986 14.7108
-0.00267698 -0.020949 5.5485
0 -0.0223214 3.12314
0 -0.00483127 1.51531
0.160757 -0.0772866 -129.699
-0.0118213 -0.0423762 17.5631
0 -0.0603822 7.09539
0 -0.0603822 7.09539
0 -0.0366018 4.64528
-0.00353478 -0.0421521 9.21906
0 -0.0603822 7.09539
-0.0973477 0.011027 152.653
-0.0458961 0.186458 72.8497
-0.00241791 0.0256919 6.9566
0 0.0236359 4.21209
-0.0783765 -0.0674434 18.3071
-0.271088 0.851929 -72.5209
-0.0562524 -0.0610826 16.4563
-0.00255752 -0.0098005 7.39375
-0.0210438 -0.000597495 8.01718
-0.0277558 0.0268972 4.90628
0.257232 0.177629 -48.8374
-0.022688 0.0151661 5.93384
-0.0285397 0.0248446 5.28473
0.0241295 0.0143642 -2.48302
0.000866171 0.00459153 3.5557
-0.0264411 0.0314493 6.73924
0.0233666 0.0321765 -6.28965
0.326378 -0.0221715 -85.1573
-0.214844 -1.23438 231.461
0.122501 -0.0309928 -24.7308
0.000465314 0.00706073 2.21206
0.0403706 -0.00890287 -10.9679
0.0293274 0.0338746 -12.5138
0.00277726 -0.00487793 3.58827
-0.0165436 -0.0167755 13.5394
-0.0305228 -0.0302076 21.699
-0.00430357 -0.0209892 6.75053
0.00482004 -0.0241033 3.04413
0.0034655 -0.0192753 3.1608
0.00364426 -0.0302131 4.68852
-0.0131578 -0.00378592 11.5064
0.00456194 -0.0336284 4.54569
0.00196819 -0.0126016 3.24922
-0.00482544 -0.0201849 7.97325
0.06767 0.0787375 -49.2872
-0.0488999 -0.00101948 36.3977
-0.00437712 -0.00104115 5.37231
0.00523716 0.00647146 -2.31535
-0.00173203 -0.00383348 4.45481
-0.0178166 -0.0156755 18.173
-0.0147961 -0.0153296 15.7879
-0.0240099 0.000458916 21.1591
-0.0201073 0.00530468 17.2641
-0.000467817 0.00252864 1.06877
0.00702697 -0.00142083 -4.92799
0.0564533 -0.0334874 -46.2933
-0.00260929 0.00516239 2.99512
0.0179802 -0.0221785 -12.0658
0.0109166 -0.0241303 -5.74124
0.00943616 -0.0291637 -3.76256
-0.00608987 -0.0313805 14.8613
0.0147732 -0.0221567 -8.69503
-0.00128535 -0.0233437 6.11609
-0.0024476 -0.0177929 10.0321
0.032166 -0.00879533 -30.2653
0.00980894 0.00264115 -8.67263
0.0141367 -0.00964833 -8.89775
0.0252346 -0.00742445 -22.1298
-0.0629169 -0.315891 295.095
0.0618895 -0.00878672 105.041
-0.165761 -0.141014 395.998
0 -0.149154 196.03
0 0 -1
-0.0887948 0.00262263 31.3618
-0.0881857 -0.00201018 31.7106
-0.00169893 0.00323174 5.5869
-0.0225768 0.0111889 6.4842
-0.0238415 0.0205903 5.33749
-0.026834 0.0304701 4.38172
-0.0145556 0.125936 -11.4158
-0.0204349 0.020474 4.20383
-0.000226001 0.002352 73.4405
-0.0197947 0.0468342 2.64753
0.00199768 0.0304984 -0.04605
0.0119852 0.0411209 -4.1139
0.285735 0.0121178 -76.9995
-0.0710377 0.0395262 21.9387
-0.0163529 0.0256018 5.76824
-0.00624459 0.0277662 1.69505
0.00600407 0.0197137 -1.67741
-0.0772112 0.0136868 50.5863
0.000718424 0.00951592 2.65681
-0.0145821 -0.00552709 11.2558
-0.0363964 -0.00534231 21.2399
-0.0201185 -0.00234759 12.6763
0.121305 0.0160585 -62.0673
-0.00547123 -0.0213221 8.26399
0.00786861 -0.0778897 9.50882
-0.00348514 -0.0132298 6.62285
-0.000575098 -0.0198208 5.48544
-0.00405216 -0.00539816 5.55432
0.00572702 -0.00895434 0.582881
0.159177 0.0515843 -105.225
0 0 -1
-0.00210639 -0.00318485 4.23014
0.00327305 0.00116662 -0.176616
-0.00780222 -0.0134393 10.2785
-0.00527373 -0.0138893 8.2462
-0.00698071 -0.00575456 8.38045
-0.0117523 0.00579188 10.4261
-0.0194385 0.00030961 17.3724
-0.00304837 -0.00267598 3.98731
0.00747497 0.00178857 -5.85806
0.0270111 0.000880932 -23.0212
-0.0495066 -0.0427701 53.2675
0.0115674 -0.00690391 -7.31107
0.00214997 0.0598165 -9.38554
0.0286288 0.0467834 -33.4745
-0.00211546 0.0634201 -5.68757
-0.00566074 -0.0247257 10.8977
-0.00148881 -0.0151498 5.26447
0.0113633 -0.0239552 -5.21658
0.0206328 -0.0196454 -15.9595
0.0192648 0.00131867 -18.0263
0.547923 -0.215348 -588.068
0.0246911 -0.0234509 -20.0975
0.086503 -0.0454848 -79.741
0.174216 -0.0821225 -178.388
-0.278553 0.0936878 352.932
-0.151231 -0.0083627 198.404
-0.0851319 0.0238268 27.6999
0 0 -1
-0.0896207 0.00599965 30.8402
-0.0898566 0.00343516 30.0876
-0.017326 0.0252413 3.50401
-0.0173086 0.0360143 2.10513
0 -0.0490306 12.9952
-0.0282816 0.0213364 5.52133
0.0338731 -0.0124314 24.7706
-0.0195189 -0.0104634 79.3003
-0.0133206 0.0354922 2.83263
-0.000420814 0.0393723 -0.857621
0.00944415 0.0207797 -0.286829
0.267349 0.0178818 -72.3993
-0.0686602 0.0787558 14.774
-0.0506201 0.0393931 15.3343
-0.0167269 0.0332872 4.71838
0.00796576 0.0488212 -6.79012
-0.0523243 0.00833187 41.4303
-0.0267927 0.00525446 14.8095
-0.0183601 -0.00753628 13.1141
-0.0210702 0.00741699 12.2067
-0.00226814 0.0209216 0.502213
0.0597875 0.0555813 -35.5996
-0.0116789 0.00911276 6.74871
0.00683167 -0.0182484 0.965728
0.0105449 -0.0192143 -0.97505
-0.00202925 -0.00464715 4.28121
0.0802728 0.156153 -72.8264
0.116069 -0.104406 -53.6087
0.171198 0.0372599 -111.347
-0.00163525 -0.0136012 14.0488
0.00185717 -0.0110965 2.73195
0.00221542 0.00752435 -0.549326
-0.00865022 0.0133841 6.41546
-0.0185078 0.00168083 15.7933
-0.00695819 0.00177442 7.00683
-0.0133078 0.00336152 12.0692
-0.0200121 0.00968192 16.6107
-0.0070471 0.00429991 6.31498
0.0107462 0.00487739 -9.16975
0.0177517 0.00326525 -15.222
0.00609219 0.00240748 -4.52668
0.00713357 0.0183467 -8.30914
-0.0104847 -0.0216017 19.1315
0.0175794 -0.0221059 -11.755
0.014831 -0.0217167 -8.91023
-0.00214912 -0.00918723 4.92601
0.0658546 0.0103187 -52.2031
0.0070663 0.00507393 -7.46525
0.0118379 0.00639019 -12.1263
0.0135756 0.00952634 -14.9259
0.0558399 -0.00779467 -59.7539
0.0656935 0.0538875 -80.6783
0.0392304 -0.00682615 -38.7493
-0.0235991 -0.0106745 35.4397
0.677673 0.87622 -961.471
0.0455935 0.000336311 -47.1071
-0.0890355 0.0354298 25.7741
-0.0848672 0.0277528 27.216
-0.114275 0.0268626 28.41
-0.130053 0.0310429 28.3961
-0.0601767 0.690824 -109.415
-0.0240366 0.524038 -82.1949
-0.113405 0.229874 -12.1244
-0.0104125 0.0521332 -1.02618
0.0260688 -0.0104343 25.8439
-0.0550456 0.00823635 83.0416
-0.00625893 0.0347518 1.37388
-0.0854148 0.0482741 34.2172
0.0305757 0.375609 -68.002
-0.0811326 0.14419 8.29862
-0.0212997 0.188529 -17.6452
0.23258 0.0721391 -75.87
-0.026043 0.105601 -3.28127
-0.00257732 0.117552 -14.2492
-0.0186142 0.0495491 3.74777
-0.0269409 0.0417552 8.38039
-0.0115459 0.0445543 0.802601
-0.00510412 0.078653 -7.76398
0.0125561 0.0938831 -19.7767
0.0313445 0.0830344 -25.3899
0.0173162 0.143787 -29.4411
0.0364596 0.136753 -38.362
-0.00733514 0.0144063 16.4076
0.00014884 0.0326362 8.5059
-0.0266547 -0.00564306 20.0321
-0.0187093 0.267989 -36.1836
-0.0173844 0.237266 -30.2962
-0.0170941 0.0380104 6.66021
0.00109105 0.0045285 0.0750951
-0.0113351 0.0543399 0.331363
-0.0245235 0.0865095 4.78928
-0.0226621 0.050917 10.4034
-0.034151 0.0633991 17.2303
-0.0103338 0.0256923 5.33819
-0.00790642 0.0196509 4.68956
-0.00324368 0.0188926 0.465164
-0.00870493 -0.0222891 17.4813
0.0244545 -0.0139487 -18.0937
-0.00537215 0.011363 4.78111
0.0196816 0.0104254 -19.3281
0.0150351 -0.00173199 -11.6912
0.00850818 -0.00172852 -5.98575
0.00178053 -0.000457631 1.13254
-0.00348256 -0.0251572 11.1253
-0.0912509 0.00150116 112.88
-0.0043185 -0.0201171 11.2113
0.0108925 0.0147173 -13.5932
0.0122591 0.00800852 -13.0153
0.00456568 -0.0304497 2.69375
0.0493191 -0.0120075 -51.4481
0.117976 -0.0416391 -125.327
0.148438 0.0664062 -177.023
0.0493189 -0.00825122 -50.5834
0.0443147 -0.00808191 -44.7071
-0.0910638 0.0845378 16.1066
-0.110875 0.0576557 21.9732
-0.100572 0.0574627 21.5148
-0.126225 0.144236 5.49166
-0.10005 0.299933 -29.2242
-0.0662611 0.393114 -51.7593
-0.0404546 0.413819 -59.4979
0.00358963 0.405447 -64.3723
0.0297971 0.00256895 22.8972
-0.0576448 0.00744573 83.8568
-0.0894354 0.0905416 26.354
-0.127805 0.0629098 41.948
-0.0545182 0.0875634 11.717
-0.045168 0.124386 1.48881
-0.00275247 0.208681 -27.1307
-0.0800204 0.127071 25.7961
0.352655 -0.0842236 -80.4143
0.0327543 0.214009 -45.9921
0.0757761 -0.0143943 -7.42261
-0.052055 0.560442 -81.5252
-0.000642743 0.452685 -81.9065
-0.0281152 0.394662 -57.4229
-0.0259406 0.346454 -48.2282
-0.0173186 0.252531 -33.4144
-0.0276241 0.24724 -26.7227
-0.0161492 0.240111 -30.6222
0.00667425 0.0255192 6.0705
0.0103571 0.039044 1.42371
-0.0677825 0.130385 27.4576
-0.00692946 0.284565 -46.6875
-0.0193539 0.288871 -39.3379
-0.0511103 0.247133 -8.37204
-0.0542043 0.2567 -8.70222
-0.0124647 0.147756 -15.805
-0.0378618 0.134698 5.61758
-0.037609 0.113008 9.90313
-0.0218785 0.12163 -3.74726
-0.0284898 0.103259 4.99979
-0.020959 0.0350015 12.556
-0.0187475 0.087263 0.416492
0.0194457 -0.0644466 3.49954
0.0245942 -0.0142894 -19.3033
0.0127908 -0.0314022 -6.2585
0.210349 0.914919 -391.089
0 0.139391 -27.7323
-0.0240605 0.0117402 22.8357
0.00227926 -0.00014988 0.572149
-0.0772757 0.221105 50.7464
0.190659 -0.00402381 -179.102
0.125282 -0.080831 -79.9331
0.12455 -0.105443 -73.8754
0.118103 -0.0693908 -74.6318
-0.132661 0.0981574 132.433
0.30295 -0.124789 -326.883
0.0273102 -0.0183695 -23.7241
-9.39375e-14 0.015065 40.9726
-9.39375e-14 0.015065 40.9726
-0.0099269 0.0168269 52.9003
-0.0786989 0.0949884 13.7744
-0.0793044 0.124029 7.24021
-0.0651985 0.247212 -20.4351
-0.0856889 0.242518 -18.0139
0.463156 0.169243 -49.6673
-0.026882 0.644202 -111.177
-0.0637683 0.0189599 52.151
-0.0665226 0.0014591 56.6688
-0.0879037 -0.0116472 63.3816
-0.116761 0.00167172 66.1132
-0.153662 -0.0180973 78.7998
-0.155233 -0.0603864 88.8069
-0.0465507 -0.119521 72.7892
-0.0779782 -0.043125 64.7043
-0.193726 0.796876 -82.1693
-0.0786047 0.0492994 40.8196
-0.233167 -0.0294091 124.01
-0.227773 -0.0325656 122.682
-0.0662901 0.0630803 33.3434
-0.0765111 0.161806 15.2272
-0.0479798 0.202012 -6.81068
-0.0282884 0.216969 -18.5789
-0.0152992 0.29627 -43.1045
-0.0303293 0.294842 -35.0838
-0.0364077 0.253012 -22.5472
-0.0346189 0.219053 -14.5101
0.00135726 0.0820369 -3.44354
-0.00746233 0.0470488 9.75881
-0.0427346 0.148154 7.95926
-0.0142405 0.302794 -45.4405
-0.0140661 0.331642 -52.4573
-0.0250035 0.318927 -42.1239
-0.0496797 0.279958 -17.1025
-0.0865107 0.0953489 49.5872
-0.0442316 0.148391 7.71538
-0.0438724 0.0840875 21.4069
-0.0367891 0.045976 25.7085
-0.0280652 0.0598699 15.8417
-0.033819 0.0520124 22.6853
-0.024312 0.110711 1.03298
-0.0311673 0.0151145 28.5555
-0.0344441 0.000251171 34.1876
-0.0431867 0.0116838 40.2903
-0.0240605 0.0117402 22.8357
0.0487847 0.113456 -50.4325
-0.185238 0.219333 168.347
-0.16726 0.211998 152.062
-0.0763058 0.0416228 89.0788
0.112187 -0.0398554 -89.6798
-0.191512 0.569585 115.12
0.111057 -0.0624948 -68.4433
0.104575 -0.0461674 -64.6136
-0.000394314 0.143038 -24.0098
-0.0262416 0.0268279 31.9807
0.00322702 -0.0113924 1.65564
0.0759518 0.195822 -121.449
0.0779329 0.159112 -114.556
0.0798492 0.15378 -115.253
-0.00966886 0.0139559 48.3604
0.0421545 0.11878 5.1634
-0.0228441 0.0227286 46.6068
-0.202541 0.0879296 52.4668
-0.0433451 0.554318 -86.2192
-0.0646216 0.679228 -114.657
-0.0678351 0.602512 -95.349
-0.132296 -0.00263355 68.6891
-0.0995952 -0.031468 70.0365
-0.097906 -0.00693585 64.1515
0.0663164 0.292604 -60.9993
0.170077 -0.0216106 -6.73061
-0.0803071 -0.00190825 54.5173
-0.0956129 -0.0412723 68.7758
-0.0812694 0.113315 25.6021
-0.061292 0.165798 5.38868
-0.0357679 0.187779 -8.92497
-0.0317955 0.106457 9.85027
-0.0426306 0.202896 -9.97655
-0.0115282 0.240785 -31.638
-0.0205605 0.255479 -30.8115
-0.0446276 0.24882 -18.4029
-0.0109283 0.237371 -31.4351
-0.026492 0.255595 -28.1355
-0.0195302 0.252396 -30.3269
-0.0756566 0.171416 19.7561
-0.0472917 0.12555 14.6692
0.00293649 0.11019 -10.7286
-0.00300722 0.127812 -10.1263
0.0466402 0.281583 -79.1163
0.00914922 0.304803 -60.8917
-0.0290995 0.348772 -45.4285
-0.153399 0.282278 55.2099
-0.144352 0.130053 84.3701
-0.0687166 0.074348 42.1753
-0.0217525 0.0619088 9.11546
-0.013608 -0.0198077 21.7068
-0.00176191 0.0942275 -15.2463
0.0158237 0.144377 -39.8304
0.083964 -0.0202401 -50.6919
0.378762 -0.00893587 -309.433
0.0408107 -0.0062346 -18.9511
0.135797 0.205193 -166.924
-0.0541062 -0.217011 117.926
-0.0193543 -0.0353487 38.7039
-0.0179705 -0.0356086 37.4386
0.238534 -0.281394 -155.11
-0.101593 0.30196 52.0897
0.0931722 0.214013 -128.775
0.0141484 0.312793 -70.4442
-0.0111762 0.169054 6.41832
0.0131612 -0.00844436 28.1879
0.0184636 0.050692 -26.6532
0.00155525 0.037241 -2.94669
0.0639096 0.144859 -93.8056
0.0743601 0.146547 -107.027
0.0799481 0.153594 -115.324
1.03826 -0.135863 -1212.73
-0.00970125 0.0139763 48.3567
-0.00994214 0.0142886 48.2816
-0.0109457 0.0147576 48.2021
-0.210361 0.0757194 56.526
-0.189926 0.0851537 51.772
-0.142306 0.0813376 48.5079
-0.160509 0.0104722 70.429
-0.126303 -0.0298361 74.2428
-0.120802 -0.0311626 73.5596
-0.135291 0.0680693 47.8087
-0.0633885 0.109059 20.9046
-0.0501505 0.15088 6.19325
-0.00207822 0.123868 0.707294
-0.0267962 0.19209 -11.6916
-0.0422628 0.221261 -14.3543
-0.0415851 0.26058 -25.1936
-0.0575547 0.232279 -12.8653
-0.0252758 0.234177 -24.4643
0.00926939 0.240781 -39.7134
0.00443445 0.28067 -48.2733
-0.000478069 0.233549 -33.7859
-0.0488055 0.221066 -8.96227
-0.0241384 0.18923 -12.2386
-0.00547938 0.195554 -22.8505
-0.0360171 0.214236 -12.0314
-0.0944675 0.194796 23.6327
-0.0754555 0.169475 19.5219
0.0061035 0.117368 -13.9096
0.0244057 0.0879908 -16.8893
0.0549202 -0.0286223 -4.92637
0.0400462 -0.12284 29.9971
0.0284981 0.312046 -75.1755
0.0497852 0.292872 -84.3802
0.0569529 0.284748 -87.2284
-0.0441405 0.0572197 27.8025
-0.0284294 0.0673424 12.9349
-0.00126053 -0.403195 131.198
0 0.243327 -42.6341
0 -0.40132 129.692
0.0859375 0.472656 -180.129
0 -0.40132 129.692
0 -0.40132 129.692
-0.00756556 0.444959 -96.5829
-0.0171509 -0.088311 50.2873
0 -0.40132 129.692
0 -0.40132 129.692
-0.0487131 -0.201599 124.958
-0.00805784 -0.227602 90.3424
0.00711238 -0.217168 71.8982
-0.0624748 -0.0875722 109.309
-0.00526647 -0.0932159 50.3067
0.107773 0.273472 -41.7912
0.0549532 0.204546 36.6776
-0.141658 -0.246633 249.262
0.0728596 0.148278 -105.361
0.068336 0.161768 -103.498
0.0711349 0.147385 -102.959
-0.00556132 0.101113 10.5624
-0.00970125 0.0139763 48.3567
-0.16828 -0.0131553 52.222
-0.168721 -0.0121489 51.9829
-0.21526 0.0398531 66.3722
-0.038058 0.133224 10.3141
-0.0457128 0.155227 4.07391
-0.0471761 0.0834969 25.6432
-0.040426 0.0134859 46.2888
-0.0658963 0.0495888 40.2056
-0.0767329 0.094774 28.5157
-0.0374851 0.0798497 23.3359
-0.016405 0.132888 3.03458
-0.000572273 0.0970049 8.28346
0.00427526 0.187267 -18.4057
0.00231546 0.20144 -20.9706
-0.0548984 0.261279 -20.9649
-0.0510932 0.247925 -18.5169
-0.0521033 0.218953 -9.94784
-0.106416 0.164967 26.0246
0.0405995 0.298452 -67.7674
0.108409 0.161844 -63.3244
-0.082351 0.20927 9.55297
-0.0307579 0.125831 8.36914
-0.00399894 0.162093 -14.67
-0.0488874 0.179513 3.7646
-0.0911462 0.193328 22.2682
-0.100704 0.186124 29.5135
0 0 -1
0.0547786 0.368361 -114.018
-0.0103769 -0.0725296 48.5736
-0.00113387 -0.134156 60.1924
0.049375 0.27872 -80.1889
0.0531196 0.276221 -82.0923
0.06277 0.279562 -89.9244
0.0614336 0.278017 -88.593
-0.00353711 0.192373 -16.189
0.005898 0.306608 -58.8396
0 0.0854725 -15.3138
0.00998359 0.0605593 10.479
-0.00553422 0.0412613 28.9633
0.005898 0.306608 -58.8396
-0.0378402 -0.0185589 49.6867
-0.00271293 -0.129769 50.0186
0.00295226 0.262257 -42.8563
0.00295219 0.262257 -42.8562
0 0.0788288 13.5951
0 -0.0259487 17.1971
-0.0119685 0.046871 34.9167
0 0.0401042 24.5799
0 0.191559 -18.6789
0 -0.0259487 17.1971
0.252947 0.498473 -268.135
0.109708 0.278282 -45.2932
0 0.563899 -127.524
0 0.563899 -127.524
0 0.563899 -127.524
0.180785 -0.0233262 -37.7774
0.177 -0.00363692 -38.7884
0 0 -1
-0.168224 -0.0124055 52
-0.0265676 0.0918917 24.7389
-0.0469346 0.141517 8.81016
-0.0489275 0.171926 0.19499
-0.0500725 0.176847 -1.04776
-0.0807261 0.174225 3.58791
-0.0401786 0.064273 31.2226
-0.0129442 0.0251416 37.9446
0.00674128 0.0962524 12.6022
0.0337969 0.0431474 24.4131
0.0109647 0.0844562 9.86656
0.0172573 0.09704 4.13042
0.0516674 0.155384 -23.1594
0.000841346 0.261488 -39.1073
-0.0449246 0.246597 -18.8738
-0.0662417 0.28654 -24.3807
-0.0781761 0.275279 -17.81
-0.0595111 0.379398 -57.5791
-0.00149776 0.390464 -85.0578
0.0167929 0.354044 -81.2868
0.019742 0.267719 -55.3324
-0.0132103 0.110317 3.83609
-0.00195322 0.370287 -78.658
0 0 -1
0 0 -1
0 0 -1
0 0 -1
0.0853955 0.341024 -124.428
0.0864324 0.297349 -111.265
0.0781885 0.272788 -98.1645
0.0642093 0.263714 -85.9097
0.0547033 0.275348 -82.9675
0.0563955 0.272699 -83.3394
0.144568 0.419808 -195.069
-0.0284294 0.0673424 12.9349
0.00556895 0.314063 -60.5397
0.0108759 0.365126 -80.6164
0.005898 0.306608 -58.8396
0.005898 0.306608 -58.8396
-0.0032124 -0.0566216 26.5453
0.0192881 -0.105338 22.1194
0.00142927 -0.111565 40.4315
0.002952 0.262257 -42.8561
0.00295204 0.262257 -42.856
0 0.307811 -54.2088
0 -0.334391 113.309
0 -0.391032 131.377
0 0.307811 -54.2088
-0.00650788 0.265571 -34.3344
0.00282747 0.310161 -58.0283
0.0102801 0.332858 -73.3219
0.000925375 0.292231 -50.4808
0.343332 0.245159 -299.475
0 0.283659 -46.8042
0.00197134 0.288669 -50.7113
0.162367 0.00655078 -24.3594
0.0675753 0.0180134 -0.85716
0.69827 1.39915 -441.558
-0.0924797 0.0522906 41.4792
-0.0859939 0.0801397 32.1067
-0.0545755 0.0408634 42.1006
-0.0482247 0.0924771 25.3331
-0.0159758 0.174277 -4.91104
-0.0307745 0.242276 -25.2913
-0.00770505 0.200561 -13.8464
0.0522988 0.131844 -1.1831
0.0542543 0.0800221 17.1813
0.207107 -0.177289 64.5607
0.0289349 0.0865048 4.29645
0.0269761 0.0408235 20.407
0.019032 0.00787221 34.0749
0.0238067 0.259346 -45.9844
-0.0235672 0.234202 -21.9079
-0.038131 0.197827 -3.99747
-0.0731038 0.34934 -42.3925
-0.0481647 0.377056 -61.4327
-0.0190665 0.363812 -69.0042
-0.00989449 0.344677 -66.5311
-0.00343371 0.314382 -59.4036
0.000297215 0.343396 -70.8369
-0.000139876 0.36554 -78.0301
-0.00808567 2.36431 -747.856
0 0 -1
0.027773 2.34687 -762.807
0 0 -1
0.0630234 0.313434 -101.77
0.062478 0.290226 -93.6894
0.0611557 0.269317 -85.8337
0.0584191 0.255824 -79.4802
0.0573341 0.251317 -77.2382
0.0667968 0.247592 -82.7774
0.0900682 0.233331 -95.2869
0.13731 0.173754 -110.447
0.104063 0.126632 -68.9685
0 0.0948864 -2.46271
0 0.0948864 -2.46271
0 0.0948864 -2.46271
0 0.0948864 -2.46271
0 0.0948864 -2.46271
0 0.0948864 -2.46271
4.60385e-13 0.0948864 -2.46271
4.80432e-13 0.0948864 -2.46271
4.73306e-13 0.0948864 -2.46271
0 0.0948864 -2.46271
0.000289795 0.0950796 -2.82447
0 0.0948864 -2.46271
0 0.0948864 -2.46271
0 0.0948864 -2.46271
0 0.0948864 -2.46271
0.17468 0.136365 -71.5088
0.21293 0.154565 -120.962
-0.0160569 0.101345 14.2527
0 0.0735795 4.86491
0.125537 0.0288938 12.9869
0.103939 0.0453844 33.7835
0 0 -1
-0.0902665 0.047607 42.9709
-0.0911672 0.0487034 42.6139
-0.0863913 0.0489744 42.419
-0.0612702 0.0465292 40.9138
0.00406098 0.357701 -71.6982
-0.00690942 0.234686 -26.1063
-0.0441495 0.142977 11.5928
0.0284319 0.123782 6.79126
0.0443832 0.0811807 18.7724
0.0908826 0.0358774 25.2568
0.0990293 0.0055164 34.3707
0.0423598 -0.00788337 32.3351
0.0398801 -0.0286816 40.1655
-0.0180213 0.249005 -28.9882
-0.0425 0.182988 2.3331
-0.0192308 0.138857 9.22725
-0.02909 0.164934 4.13537
-0.0304321 0.128936 17.2299
-0.0302095 0.139465 13.2732
-0.0226685 0.136027 11.2029
-0.0116335 0.135022 6.50085
-0.00211797 0.109464 11.1515
0.000680887 0.0915986 16.1694
0.00102186 0.0881574 17.2144
0.00779248 1.69522 -566.405
0.0251461 0.146658 -17.6862
-0.00677272 1.662 -546.306
0.0453717 0.29827 -85.7413
0.0448703 0.283208 -80.0934
0.0456623 0.266398 -74.6459
0.0481378 0.252875 -71.5072
0.0540484 0.245156 -72.8598
0.0644908 0.238624 -77.9972
0.0790163 0.223095 -83.2577
0.09993 0.167471 -79.4955
0.0714571 0.212352 -73.1609
0.00556174 -0.022869 6.59782
-0.00284991 -0.0479229 23.3643
-0.0240605 0.0117402 22.8357
-0.00328812 -0.0358539 19.5936
-0.00336084 0.00286819 5.22395
-0.00870054 -0.0332787 23.5489
-0.011285 -0.0168115 20.1641
-0.0203699 -0.00530698 24.9104
0.00169932 0.0568133 -17.5113
0 0.0586475 -16.5024
0.0129617 0.118638 -51.5033
0.00332667 0.052695 -17.8363
0 0.0586475 -16.5024
0 0.0586475 -16.5024
0.0600285 0.0321423 -74.997
0.0202578 0.00605113 -21.1281
0.0371607 -0.0304912 -33.1055
0.00397718 0.00137 -1.6496
0.0111405 0.0298425 -18.0668
0.0540051 0.0316019 -67.8158
0.0540051 0.0316019 -67.8158
0 0 -1
-0.088119 0.0451774 43.7638
-0.086731 0.0448938 43.7946
0.0015286 0.37525 -77.4485
-0.00662068 0.363153 -71.8402
-0.0520807 0.295925 -43.0287
-0.014522 0.166473 -1.09648
-0.0162592 0.103349 21.8496
0.0451204 0.109962 8.0584
0.037935 0.0951799 15.2506
0.0210187 -0.0161326 40.943
0.0210924 -0.0161224 40.9192
0.0216192 -0.0156942 40.6194
0.00523937 -0.0625001 62.1646
0.512075 -0.229194 -26.7488
-0.0446076 0.0334405 55.9278
-0.0294427 0.0692339 37.8839
-0.0158172 0.119714 14.8205
-0.0232801 0.124509 15.9345
-0.0273427 0.136916 12.9736
-0.0256928 0.136713 12.3019
-0.0206239 0.131079 12.0744
-0.0136737 0.109165 16.8662
-0.00582994 0.0917663 19.405
0.00331033 0.0888242 15.7545
0.0141165 0.117741 -0.786991
0.0250156 0.148665 -18.3385
0.0331091 0.216638 -48.2112
0.0370584 0.285803 -76.1843
0.0368044 0.277018 -72.7696
0.0371946 0.26364 -68.0955
0.0408142 0.250692 -65.7573
0.0495694 0.241052 -68.2696
0.0608525 0.221088 -69.0253
0.0779398 0.203937 -75.8818
0.0592314 0.186628 -55.1371
0.0619338 0.181856 -55.5873
0.012687 0.0757 22.1403
0.000532607 0.0564746 39.171
-0.00361226 0.0432615 47.5273
-0.00434521 0.0367074 50.5793
-0.00434521 0.0367074 50.5793
0 -0.0589291 82.1098
0 -0.0589291 82.1098
0 -0.0589291 82.1098
0 -0.0589291 82.1098
3.10991e-08 -0.0589292 82.1098
2.37865e-08 -0.0589292 82.1098
2.3783e-08 -0.0589292 82.1098
2.37698e-08 -0.0589292 82.1098
2.37697e-08 -0.0589292 82.1098
2.20567e-06 -0.0589291 82.1073
-2.53653e-06 -0.0589291 82.1127
2.20567e-06 -0.0589291 82.1072
0 -0.0589291 82.1098
-2.20567e-06 -0.0589291 82.1124
-2.76676e-12 -0.0589291 82.1098
-2.76676e-12 -0.0589291 82.1098
