0 59 3
2 59 1
2 3 3
3 4 3
4 5 3
5 7 3
7 8 2
8 9 0
9 10 1
10 11 3
11 13 3
13 14 3
14 15 1
15 16 2
16 17 0
17 18 1
18 19 3
19 20 3
20 21 0
21 23 0
23 26 3
26 27 3
27 29 3
29 87 3
29 31 3
31 32 3
32 90 3
34 90 3
34 36 3
36 37 3
37 38 3
38 39 3
39 41 3
41 42 1
42 159 0
159 161 3
47 161 0
47 48 1
48 161 0
48 51 3
51 223 0
223 286 3
57 286 0
41 159 3
87 145 3
23 84 3
26 84 3
48 223 0
39 98 3
41 98 3
223 281 3
223 284 3
23 81 3
48 281 0
284 286 3
5 64 3
5 65 3
81 84 3
37 94 3
7 65 0
23 80 3
29 145 3
34 148 3
36 94 3
161 281 3
8 66 0
11 70 3
41 157 3
157 159 3
3 61 3
4 61 3
4 62 3
64 65 3
13 71 2
14 72 3
15 72 0
21 80 0
9 67 1
80 81 3
102 161 0
8 67 2
13 70 2
19 78 0
20 78 0
20 79 0
21 79 0
83 84 0
37 95 3
38 97 3
2 61 2
10 67 1
39 97 3
0 58 3
2 60 3
61 62 3
7 66 0
70 71 3
14 71 2
15 17 0
81 83 1
27 85 3
29 85 3
34 92 3
94 95 3
38 95 3
97 98 3
101 159 0
102 159 0
109 223 0
110 223 0
59 60 0
17 72 1
17 73 1
17 19 1
92 148 3
36 92 3
38 96 3
101 102 0
109 284 0
109 110 3
110 284 0
5 62 3
66 67 3
71 72 1
72 73 3
17 75 1
17 76 1
26 85 3
85 87 3
29 147 3
31 147 3
98 157 3
58 59 3
60 61 0
65 66 3
17 78 1
79 80 3
84 142 3
96 97 3
62 64 3
73 75 2
75 76 3
76 78 3
84 85 3
31 90 3
112 286 0
78 79 3
95 96 3
112 284 0
11 67 1
147 205 3
67 127 3
11 127 1
85 145 3
90 148 3
90 147 3
67 126 3
145 146 3
92 94 3
75 132 2
29 146 3
160 161 3
70 127 1
78 135 3
102 160 0
81 139 3
159 160 3
62 121 3
64 121 3
85 142 3
85 201 3
146 147 3
76 135 3
80 139 3
142 201 3
97 155 3
161 162 1
73 132 2
81 141 1
92 150 3
98 155 3
224 281 3
223 224 3
126 127 3
83 141 2
109 224 0
78 136 3
79 136 3
94 151 3
157 158 3
158 159 3
121 296 0
64 296 0
64 123 3
65 123 3
139 141 3
110 168 0
58 116 1
59 116 2
60 117 0
65 124 3
66 124 3
66 125 3
67 125 3
70 128 1
71 130 1
76 134 3
79 138 3
92 151 3
96 155 3
168 284 0
59 117 0
127 128 3
72 130 3
80 138 3
112 403 0
286 403 3
71 128 1
72 131 1
73 131 1
134 135 3
79 137 3
148 149 3
92 149 3
98 156 3
116 117 3
123 124 3
95 153 3
96 154 3
154 155 3
155 156 3
284 403 3
61 120 3
62 120 3
124 125 3
132 133 1
75 134 1
135 136 3
136 137 3
137 138 3
138 139 3
149 150 3
224 284 3
60 120 0
85 202 3
145 202 3
147 148 3
156 157 3
125 126 3
131 132 0
75 133 1
146 205 3
96 153 3
128 130 2
130 131 3
133 134 0
117 120 3
123 296 0
150 151 3
120 121 3
130 189 3
84 141 1
153 154 3
124 296 0
204 205 3
149 207 3
161 219 3
161 221 3
221 281 3
150 207 3
160 219 3
145 203 3
146 204 3
95 151 3
159 217 3
160 217 3
141 198 3
141 142 0
146 203 3
95 210 3
158 217 3
130 187 3
139 198 3
201 202 3
148 205 3
151 210 3
157 274 3
158 274 3
117 175 0
128 187 3
134 192 3
156 215 3
157 215 3
116 175 0
117 176 1
135 193 3
141 201 0
153 210 3
120 176 1
120 177 1
127 186 3
128 186 3
134 193 3
138 196 3
139 197 3
153 211 3
176 177 3
120 178 1
120 296 0
131 189 3
138 197 3
149 205 3
210 211 3
177 178 3
178 296 0
127 185 3
132 189 2
192 193 3
197 198 3
141 199 0
150 209 3
151 209 3
215 274 3
160 218 3
161 220 3
222 281 3
175 176 1
181 296 0
185 186 3
186 187 3
132 190 0
133 190 0
199 201 2
153 212 3
154 212 3
217 218 3
218 219 3
219 220 3
220 221 3
221 222 3
116 174 1
124 182 3
125 182 3
126 185 3
137 196 3
202 203 3
150 208 3
156 214 3
174 175 0
189 190 0
133 192 0
207 208 3
208 209 3
155 214 3
217 274 3
126 184 3
136 195 3
137 195 3
184 185 3
196 197 3
211 212 3
181 239 3
239 296 0
182 296 0
189 304 0
195 196 3
205 321 3
209 210 3
182 239 1
136 193 3
199 258 3
149 265 3
198 199 2
207 265 3
154 214 3
214 215 3
201 259 3
202 260 3
286 289 3
187 189 1
193 195 3
201 258 3
202 259 3
205 265 3
187 304 0
203 260 3
190 192 3
289 403 3
179 296 0
203 204 3
125 184 3
281 282 3
224 282 3
283 284 3
195 252 3
224 283 3
178 179 3
193 252 3
212 214 3
220 279 3
221 279 3
288 403 3
288 289 3
185 244 0
187 245 3
245 304 0
192 251 3
258 259 3
265 321 3
210 268 3
211 268 3
214 271 3
283 403 3
193 251 3
259 260 3
203 261 3
204 261 3
212 270 3
212 271 3
217 276 3
218 276 3
186 244 0
190 248 3
195 254 3
199 257 3
219 278 3
220 278 3
222 280 3
280 281 3
182 184 3
189 248 0
192 250 3
197 256 3
208 266 3
214 272 3
215 272 3
190 250 3
198 256 3
263 321 3
209 266 3
212 269 3
222 279 3
280 282 3
175 233 1
210 267 3
211 269 3
269 270 3
219 277 3
174 232 0
176 233 0
176 235 0
177 235 0
178 236 0
187 244 0
199 256 2
205 263 3
207 266 3
209 267 3
215 273 3
218 277 3
232 233 3
177 236 0
179 236 0
185 243 0
244 245 1
268 269 3
270 271 3
272 273 3
273 274 3
239 240 0
184 243 0
260 261 3
204 263 3
271 272 3
277 278 3
182 240 0
184 242 0
248 250 3
256 257 3
265 266 3
267 268 3
276 277 3
282 283 3
233 235 0
182 242 0
266 267 3
179 237 0
237 296 3
240 242 3
251 252 3
257 258 3
278 279 3
279 280 3
235 236 3
236 237 3
195 311 3
196 254 3
197 254 3
252 310 3
254 311 3
254 312 3
197 371 3
261 263 3
321 322 3
265 322 3
233 292 0
235 292 3
242 243 3
252 311 3
256 371 3
282 449 3
283 449 3
252 309 3
274 276 3
243 244 3
250 251 3
254 371 3
260 319 0
248 306 3
261 319 0
270 329 3
271 329 3
274 275 3
275 276 3
280 449 3
248 307 3
279 338 3
280 338 3
244 302 3
250 307 3
311 312 3
237 295 3
295 296 3
243 302 3
306 307 3
309 310 3
278 395 3
279 395 3
403 449 3
240 356 3
242 300 3
243 300 3
251 309 3
345 403 0
288 345 1
233 291 1
239 356 0
189 363 3
273 331 3
274 331 3
338 449 3
291 292 0
235 293 3
236 295 3
304 363 1
248 363 1
257 315 3
266 323 3
268 326 3
269 326 3
292 293 3
236 293 3
242 299 3
256 315 3
260 316 3
265 323 3
272 330 3
232 290 0
236 294 3
245 303 3
303 304 3
266 324 3
267 325 3
269 327 3
270 328 3
271 330 3
233 290 0
293 294 3
294 295 3
243 301 3
301 302 3
314 371 3
259 316 3
260 318 3
318 319 0
323 324 3
324 325 3
325 326 3
327 328 3
273 330 3
290 291 1
251 307 3
310 311 3
256 314 3
316 318 3
261 320 0
263 320 3
322 323 3
326 327 3
328 329 3
276 334 3
299 300 3
258 316 3
329 330 3
330 331 3
275 334 3
277 334 3
300 301 3
320 321 3
257 316 3
244 303 1
315 316 3
277 393 3
288 404 1
289 404 1
291 350 3
292 350 1
296 356 3
314 372 3
319 320 3
334 393 3
278 393 3
338 395 3
331 389 3
274 389 3
240 299 3
275 389 3
393 395 3
306 363 1
307 309 3
316 317 3
317 318 3
401 403 3
314 315 3
316 373 3
401 449 3
395 449 3
345 404 0
311 369 3
329 387 3
330 387 3
275 391 3
296 413 1
299 356 3
310 369 3
319 377 3
321 380 3
322 380 3
389 391 3
403 404 1
295 353 3
356 413 1
334 391 3
294 353 3
300 359 3
301 359 3
244 361 1
303 361 3
320 378 3
322 381 3
291 349 3
302 361 1
309 367 3
323 381 3
290 349 1
293 351 3
294 351 3
307 367 3
310 367 3
315 373 3
324 382 3
324 383 3
325 383 3
330 389 3
391 393 3
292 351 3
299 357 3
310 368 3
319 378 3
323 382 3
326 384 3
290 348 1
294 352 3
296 353 3
356 357 3
302 360 3
306 364 3
307 364 3
368 369 3
318 377 0
377 378 3
321 378 1
380 381 3
327 384 3
327 385 3
328 386 3
328 387 3
350 351 0
351 352 3
352 353 3
301 360 3
360 361 1
307 366 1
367 368 3
383 384 3
385 386 3
386 387 3
349 350 3
300 357 3
366 367 0
317 373 3
381 382 3
382 383 3
384 385 3
314 373 3
348 349 3
296 412 1
372 373 3
378 380 0
330 446 3
356 471 1
373 431 3
389 446 3
393 451 3
403 520 3
353 412 1
363 364 0
254 369 3
391 451 3
357 359 3
371 372 3
378 437 3
387 446 3
404 520 0
413 471 3
303 420 3
254 486 3
380 437 1
304 420 3
369 486 3
389 451 3
395 450 3
401 520 3
393 450 3
359 360 3
317 431 3
389 447 3
428 486 3
387 445 3
447 451 3
351 409 1
369 428 3
445 446 3
350 409 3
363 420 0
363 421 3
450 451 3
360 418 3
361 420 3
364 421 1
462 520 3
361 418 0
380 438 3
381 438 3
382 440 3
383 440 3
449 450 3
404 462 0
348 407 3
359 417 3
360 417 3
367 425 3
254 372 3
349 407 3
359 416 3
366 425 0
431 489 3
404 463 0
352 410 3
357 416 3
385 444 3
386 444 3
451 506 3
351 410 3
353 410 3
420 421 1
364 422 3
368 425 3
317 377 2
384 442 3
385 442 3
447 506 3
350 408 3
353 411 3
357 415 3
307 422 3
368 426 3
372 431 3
372 489 3
380 496 3
381 439 3
383 441 3
386 445 3
446 447 3
349 408 3
408 409 3
356 414 3
361 419 3
421 422 0
425 426 3
369 426 3
369 427 3
437 496 0
439 440 3
440 441 3
441 442 3
462 463 3
410 411 3
411 412 1
357 414 3
415 416 3
418 419 1
419 420 3
426 427 3
438 439 3
399 449 3
407 408 3
409 410 0
414 471 1
416 417 3
438 496 3
417 418 3
444 445 3
427 428 3
378 433 0
385 501 3
429 486 3
377 433 2
433 437 1
444 501 3
414 415 3
317 489 3
317 433 3
399 401 3
366 424 0
307 424 3
442 501 3
409 468 0
410 468 3
425 483 3
426 483 3
426 484 3
483 484 3
424 425 3
424 540 1
439 497 3
348 464 3
438 497 3
407 464 3
372 486 3
407 466 3
408 466 3
421 479 3
424 483 3
440 499 3
441 499 3
409 466 3
420 479 1
427 484 3
411 468 3
439 498 3
440 498 3
445 503 3
412 470 3
412 413 1
420 478 3
422 480 2
422 481 2
307 481 1
442 500 3
444 502 3
444 503 3
446 503 3
409 467 0
467 468 2
411 469 2
412 469 0
413 470 0
421 480 0
427 486 3
372 429 3
496 497 3
497 498 3
498 499 3
499 500 3
470 471 1
419 478 3
433 493 2
478 479 1
479 480 0
480 481 3
484 486 3
500 501 3
501 502 3
450 627 3
449 627 3
464 465 3
407 465 3
465 466 3
466 467 2
417 476 1
418 476 1
486 544 2
416 473 1
416 533 1
417 533 1
476 533 1
429 544 0
433 551 2
401 635 3
471 529 3
414 529 1
415 473 1
419 476 3
493 551 3
520 635 3
468 469 1
469 470 1
473 533 2
483 540 1
372 547 1
502 503 3
414 530 1
414 473 1
429 547 3
429 545 3
545 547 3
489 547 3
433 494 2
399 573 1
529 530 0
473 530 3
317 548 1
433 549 1
549 551 0
493 494 3
437 494 0
399 574 3
401 574 3
473 532 3
433 548 1
532 533 3
478 536 3
548 549 3
473 531 3
496 554 2
574 635 3
476 535 3
419 535 3
424 481 3
424 539 2
437 554 0
531 532 3
481 539 3
437 553 3
447 503 3
484 544 2
494 553 1
553 554 0
449 573 1
478 535 3
544 545 3
317 547 1
476 534 3
479 536 0
484 542 2
467 525 1
468 525 1
533 534 0
483 542 2
503 561 3
447 562 1
506 564 3
450 564 3
464 522 3
480 538 3
447 561 3
564 622 3
573 574 0
462 579 3
465 522 3
479 537 3
481 538 3
483 541 3
542 544 3
501 560 3
502 560 3
450 506 3
520 579 3
466 525 2
469 528 2
470 528 3
471 528 0
480 537 1
541 542 3
447 564 3
449 571 3
466 524 3
468 526 1
536 537 1
494 552 3
497 554 2
561 562 3
571 627 3
571 573 1
465 524 3
525 526 1
528 529 1
535 536 3
540 541 0
547 548 1
493 552 3
500 558 3
501 558 3
503 560 3
564 625 1
534 535 3
537 538 0
539 540 1
545 546 3
497 556 2
499 558 3
622 625 1
522 524 3
524 525 3
530 531 3
546 547 3
497 555 2
498 556 2
562 564 0
468 528 1
538 539 3
547 606 3
551 552 3
554 555 3
555 556 3
499 556 2
548 606 3
549 609 0
551 609 3
579 635 3
499 615 2
538 597 1
544 600 3
552 553 2
556 615 3
558 615 3
564 627 2
542 600 3
558 560 3
468 585 1
528 585 1
549 608 2
608 609 3
560 561 3
526 585 3
539 597 1
600 602 3
544 602 3
526 583 3
535 593 1
536 593 1
536 594 1
524 582 3
525 583 1
545 602 3
547 605 3
573 633 0
525 582 3
537 594 3
541 599 1
542 599 1
546 605 3
605 606 3
574 633 3
522 581 3
633 635 3
522 580 3
531 589 1
593 594 3
540 599 3
599 600 3
549 606 3
580 581 3
524 581 3
528 586 1
532 589 1
534 593 1
555 614 3
556 614 3
545 603 3
552 609 3
554 612 3
555 612 3
526 584 3
528 587 1
529 587 0
533 591 1
534 592 1
592 593 3
538 596 1
598 599 3
546 604 3
571 630 1
573 630 3
585 586 3
530 587 1
530 589 1
532 591 1
537 596 1
596 597 2
540 598 3
552 611 3
553 611 2
561 620 3
583 584 3
584 585 3
533 592 1
540 597 1
603 604 3
604 605 3
555 613 3
614 615 3
558 616 3
558 618 3
560 618 3
562 620 3
581 582 3
587 589 2
591 592 3
602 603 3
554 611 3
612 613 3
586 587 0
616 618 3
561 618 3
564 620 1
579 636 3
582 583 1
589 591 3
597 598 0
609 611 3
611 612 3
615 616 3
635 636 3
601 602 3
620 622 0
579 637 3
600 601 3
613 614 3
636 637 3
594 596 1
606 608 3
589 648 3
565 622 3
589 647 3
591 648 3
603 660 3
609 668 3
611 668 3
618 797 3
587 646 1
587 647 0
602 660 3
606 665 3
608 665 3
618 620 2
624 627 3
571 633 3
646 647 3
594 653 3
622 797 3
618 622 3
571 624 3
647 648 3
596 653 0
605 664 3
606 664 3
612 669 3
676 797 0
564 624 3
593 651 3
601 658 3
664 665 3
611 669 3
565 625 1
594 651 3
599 658 2
600 658 3
612 670 3
584 642 0
585 642 3
592 651 3
663 664 3
614 673 2
615 673 2
616 673 3
618 676 1
635 693 3
582 640 1
585 644 2
586 644 2
591 649 3
594 652 3
598 655 3
599 657 2
603 661 3
604 663 3
605 663 3
669 670 3
613 670 3
636 693 3
581 640 1
583 640 3
583 641 3
587 644 1
648 649 3
652 653 3
598 657 2
660 661 3
580 638 1
581 639 2
584 641 3
585 643 3
651 652 3
596 654 0
564 571 3
636 694 3
636 695 3
637 695 3
638 639 0
639 640 1
640 641 3
642 643 3
597 655 0
657 658 3
601 659 3
633 798 3
635 798 3
641 642 0
643 644 1
597 654 0
658 659 3
604 661 3
608 667 3
609 667 3
668 669 3
694 695 3
592 649 3
655 657 3
601 660 3
693 798 3
665 667 3
667 668 3
618 673 3
571 687 1
693 694 3
653 654 3
654 655 3
659 660 3
613 729 1
614 729 1
670 729 3
673 729 1
661 663 3
646 703 3
592 708 0
651 708 3
571 688 3
587 703 1
663 721 1
564 688 3
661 720 1
661 721 1
571 798 3
592 707 2
564 565 3
644 703 2
693 753 3
694 753 3
660 718 3
720 721 3
565 797 3
642 700 0
648 706 2
649 706 2
661 718 3
643 700 0
647 706 2
719 720 3
649 707 2
654 712 2
658 716 3
659 718 3
661 719 3
669 727 3
640 698 0
707 708 3
653 712 2
655 715 3
659 716 3
668 727 3
670 727 2
565 566 3
688 798 3
638 696 0
639 697 0
641 698 0
641 700 0
647 705 3
651 768 2
652 768 2
653 711 2
654 713 2
655 713 3
657 715 3
564 566 3
695 753 3
696 697 3
697 698 3
641 699 3
643 701 1
644 701 2
646 705 3
705 706 3
652 711 2
670 728 3
703 704 3
646 704 3
711 712 3
657 716 3
664 721 2
727 728 3
673 790 3
618 790 3
699 700 0
700 701 1
644 702 2
704 705 3
706 707 3
711 768 3
712 713 3
565 618 3
753 798 3
708 768 3
715 716 3
728 729 3
698 699 1
701 702 1
702 703 3
713 715 3
718 719 3
688 920 1
659 775 3
664 778 3
665 778 0
667 727 3
564 801 3
798 920 1
716 775 3
718 775 3
729 790 0
721 778 2
667 778 0
565 790 3
715 771 2
688 803 1
713 771 2
564 803 1
727 786 3
564 920 1
706 765 3
707 765 3
708 767 3
767 768 3
703 761 3
704 761 3
705 763 3
706 763 3
708 766 3
716 774 3
719 777 0
720 777 3
728 786 3
707 766 3
774 775 3
718 776 3
697 755 1
763 765 3
718 777 0
696 754 1
698 755 1
699 758 0
700 758 2
701 759 3
765 766 3
712 771 2
715 773 3
716 773 2
754 755 3
701 758 0
702 761 3
712 770 1
775 776 3
721 777 3
753 927 1
698 756 1
702 759 0
704 763 3
711 769 3
711 770 1
773 774 3
776 777 0
798 927 1
761 763 2
766 767 3
769 770 3
729 786 3
699 756 3
768 769 3
770 771 0
755 756 3
758 759 1
771 773 1
768 826 2
777 778 3
767 826 3
667 792 0
727 792 0
756 758 0
729 845 3
761 820 2
778 792 0
786 845 3
790 845 1
763 820 3
765 823 3
771 830 0
773 830 0
786 792 0
702 818 2
761 818 3
769 826 3
777 835 1
763 823 3
778 835 1
759 818 3
769 827 0
775 833 3
756 815 1
774 833 3
776 833 3
755 814 3
758 815 2
759 817 3
798 865 1
756 814 1
761 819 3
766 823 3
770 827 2
776 834 3
754 812 3
755 813 3
817 818 3
763 821 3
770 828 3
771 829 3
773 831 0
774 831 3
774 832 3
777 834 1
792 845 1
798 925 1
812 813 3
758 816 2
758 817 2
818 819 3
819 820 3
821 823 3
826 827 0
827 828 3
828 829 0
829 830 1
831 832 3
832 833 3
564 799 3
925 927 3
816 817 3
833 834 3
565 799 3
813 814 3
814 815 3
767 825 3
830 831 0
835 1011 3
778 1011 1
820 821 3
798 922 1
834 835 3
845 904 3
564 858 1
920 922 0
767 823 3
792 904 1
801 917 1
564 917 1
815 816 3
825 826 3
792 1011 1
564 796 3
565 794 3
796 858 1
826 884 3
790 904 1
790 794 3
801 858 1
817 876 3
818 876 3
821 880 3
823 825 3
827 884 1
564 922 1
816 874 3
823 882 3
823 880 3
858 917 0
815 874 3
835 893 1
796 917 1
816 875 3
820 878 3
825 882 3
893 1011 0
817 875 3
798 924 1
819 876 3
823 881 3
834 893 1
922 924 1
924 925 3
820 879 3
881 882 3
814 872 3
819 878 3
821 879 3
880 881 3
829 887 1
813 872 3
815 872 3
878 879 3
825 884 3
827 885 2
830 887 0
834 892 1
812 870 3
813 870 3
813 871 3
828 885 2
828 886 2
830 888 0
831 889 3
832 890 3
833 891 3
871 872 3
819 877 3
884 885 2
886 887 3
887 888 3
888 889 3
889 890 3
890 891 3
891 892 1
892 893 2
815 873 3
875 876 3
876 877 3
885 886 3
870 871 3
872 873 3
879 880 3
877 878 3
873 874 3
874 875 3
792 963 1
917 1035 1
564 1035 1
790 792 3
882 941 3
882 884 3
796 1035 1
884 942 1
926 927 3
927 985 3
925 926 3
926 985 3
884 941 1
794 799 3
796 799 3
881 939 3
882 939 2
796 912 1
925 983 3
926 983 3
924 983 3
924 981 0
871 929 3
872 929 3
876 934 1
877 934 1
878 937 2
879 937 2
880 938 2
892 950 0
893 950 0
922 980 3
922 981 0
879 938 2
941 942 3
885 942 1
872 930 3
874 932 3
875 932 3
886 944 2
564 980 1
873 930 3
873 932 3
877 937 0
886 943 3
887 944 2
893 1009 0
870 928 3
870 929 3
875 933 3
875 934 1
877 935 3
937 938 3
882 998 2
885 1000 1
885 943 2
887 945 2
888 946 3
889 947 3
890 948 0
891 949 3
924 982 3
926 984 3
928 929 3
929 930 3
932 933 3
933 934 3
935 937 0
881 938 2
941 998 3
943 944 0
944 945 3
945 946 3
946 947 3
947 948 0
948 949 1
949 950 3
950 1009 0
980 981 0
981 982 1
982 983 3
983 984 3
984 985 3
942 1000 1
1009 1011 2
934 935 0
939 998 3
943 1000 2
792 794 3
564 1037 1
930 989 3
873 989 3
980 1037 1
932 989 3
983 1041 0
932 990 3
984 1041 0
933 990 3
941 999 3
942 999 3
982 1041 0
938 997 3
881 997 0
939 997 3
943 1001 2
984 1042 0
937 995 3
1000 1001 2
985 1042 0
930 988 3
934 992 3
934 993 3
937 994 1
938 995 3
929 988 3
933 992 2
935 993 2
935 994 3
1041 1042 3
928 986 3
929 987 3
988 989 3
990 992 3
994 995 0
995 996 3
938 996 3
997 998 3
944 1002 0
945 1003 0
946 1004 0
947 1005 0
948 1006 3
949 1007 0
950 1008 0
794 796 3
980 1038 1
981 1039 1
982 1040 0
985 1043 0
986 987 3
987 988 3
992 993 3
996 997 3
1001 1002 0
1002 1003 3
1003 1004 3
1004 1005 3
1005 1006 3
1006 1007 3
1007 1008 3
1008 1009 3
1037 1038 3
1038 1039 3
1039 1040 3
1040 1041 3
1042 1043 3
999 1000 1
998 999 3
993 994 3
989 990 3
