0.318076 -0.00904294 12.5414
0.268611 0.0148868 13.4018
-0.0148238 0.168456 16.9646
-0.0145272 0.0281735 18.5338
-0.0233838 0.033098 19.0245
0.00550698 0.0340711 15.0512
0.0155114 0.0062881 14.0946
0.0822949 0.292282 1.70475
-0.107025 0.360106 33.631
0.0166954 -0.0820575 4.50571
0.0302501 -0.373338 9.07653
0.00693783 -0.300228 13.3134
0.00097457 -0.231805 13.9463
0.0118123 -0.128113 9.68973
0.00693321 -0.0380958 10.0399
0.177639 -0.00152621 -41.4967
-0.0479977 0.0116035 36.2393
0.0078125 -1.14844 25.0684
0.149848 0.0438129 -35.5974
0.147402 0.0474761 -34.5497
0.150814 0.0664101 -36.3589
0.184355 -0.170849 -65.5167
-0.0264331 -0.0289307 21.0458
-0.0400813 -0.0170873 27.092
-0.100769 0.00167859 57.2286
-0.0226533 0.0177215 15.266
-0.0362496 0.0407882 24.0714
-0.0133231 0.0448186 11.0217
-0.0105912 0.0829497 8.73268
-0.0132396 0.0472869 10.9354
-0.086618 -0.0401365 60.2886
-0.00536877 0.0250848 5.99462
-0.0239839 -0.0362574 20.542
-0.0101494 -0.0269432 10.8329
-0.0102164 -0.0358169 11.6268
-0.11867 -0.0292226 93.566
0.0095294 -0.0547216 -3.32963
0.0137215 -0.0877174 -5.39373
-0.0166945 -0.074039 19.0323
-0.0262677 -0.0361157 25.6306
-0.0286598 -0.0455722 28.0525
-0.0167962 -0.0190594 17.1178
0.0106119 0.0936514 3.36346
-7.04471 0.0857078 6547.56
0.235128 -0.0877207 -214.998
-2.7677 -0.0611147 2728.64
0.265633 -0.022646 -208.201
0.080299 0.0326852 -20.4245
0.074357 -0.079088 -7.85836
-0.136625 -0.251572 217.655
0.0337014 0.116842 36.096
0.0719041 -0.0706962 -5.18464
-0.142448 -0.0952148 234.596
0 -0.203915 11.224
-0.0160813 -0.214255 30.1719
0.0060637 -0.286842 4.63696
-0.077239 -0.0386326 103.329
-0.0424551 -0.0146775 60.2642
0.306741 0.00559023 12.4032
0.302596 0.0241755 12.0559
0.106404 0.168867 11.056
-0.0500098 -0.0255262 22.929
-0.047633 -0.0402796 23.2286
-0.00986266 -0.0528245 19.0502
-0.0173599 0.00654223 18.0707
0.00473911 -0.0618761 17.0502
0.0266681 -0.151026 16.2221
0.0081096 -0.196278 22.9055
-0.00661243 -0.164086 24.6131
0.0256314 -0.280969 8.77495
0.0327875 -0.296753 7.44716
0.0421979 -0.353578 6.03814
-0.0754017 0.0292412 34.3696
-0.0880097 0.0828709 36.1345
-0.0118661 -0.0181441 13.019
0.0513788 -0.0726901 -8.40847
-0.00348107 -0.0310264 13.0283
-0.0729105 0.00453338 39.786
-0.0345819 -0.0234507 24.4909
-0.0384223 -0.011098 25.9762
-0.00974904 -0.00707252 11.6073
-0.0387771 0.0105526 26.2373
0.166555 -0.124975 -71.5825
-0.411559 -0.0547865 238.273
-0.0298823 0.00389223 21.1266
-0.0131828 0.0399698 11.2448
-0.0163197 0.0681065 12.2171
-0.0113794 0.043755 9.59093
-0.00193303 0.0786305 3.56484
0.0438615 0.0236791 -22.1528
-0.00955974 -0.00676701 9.71955
-0.0294003 -0.0187004 24.5739
-0.0198344 -0.0451001 18.6671
-0.00480725 -0.0457108 7.32626
0.00693809 -0.0627601 -1.26031
-0.00644024 -0.0542991 9.40416
-0.00771824 -0.0535331 10.5433
-0.0336744 -0.0504887 32.4321
-0.0120771 -0.0308865 13.0268
-0.00255382 -0.013354 4.19968
0.325288 0.0270102 -283.262
0.0746306 -0.060532 -59.5028
0.232343 -0.104376 -211.938
0.234723 -0.069817 -215.183
-0.0875529 -0.0652789 98.2953
0.0039506 -0.0127481 -2.14043
0 -0.454586 24.3501
-0.00957335 -0.425948 33.7076
0.0124261 0.0225786 -4.46113
0.0966058 0.088428 -100.501
0.116297 0.123922 -123.51
0.00734094 -0.0901709 9.24055
0.0187031 -0.0721299 -4.69047
0 0.333182 -0.0536874
0.00483695 0.507713 -12.7622
0 0.341097 -0.373386
-0.0207598 -0.192766 29.0224
-0.0260923 -0.150206 27.0901
0.00751101 -0.206578 23.887
0.635837 0.0572077 -25.3896
-0.0478804 -0.0634455 23.9579
-0.0641885 -0.104998 27.088
-0.0259884 -0.0372193 21.1031
-0.0217597 -0.0318836 20.1831
-0.0180913 -0.0916589 22.1272
0.0264818 -0.139035 15.8104
0.00652467 -0.123154 19.1716
-0.0138379 -0.130194 25.0164
-0.0402661 -0.106787 30.4397
-0.00234095 -0.0282357 14.4097
0.105616 0.0556863 -21.9332
0.145518 0.0370117 -32.7639
-0.0713021 0.440796 15.5036
0.0264449 0.0265195 11.5628
-0.0605486 -0.0341246 37.2253
-0.0548348 -0.0126952 32.495
-0.023963 -0.0114183 19.2019
-0.0329088 -0.0112659 23.5877
-0.00644847 -0.0165858 10.7022
0.0531197 -0.0217551 -18.6865
0.124759 -0.0574855 -52.931
0.120146 -0.0528316 -50.8762
0.00390464 -0.0210591 2.16413
-0.0404435 0.106155 25.8946
-0.0237379 0.0938265 16.0257
-0.0094702 0.0423611 8.22611
-0.0167975 0.053297 13.4031
-0.0215153 0.0272414 17.3409
-0.0283477 -0.0305262 24.1502
-0.0370617 -0.0267723 30.3701
-0.0137198 -0.00447319 11.9329
-0.00217654 -0.0250116 4.47832
0.00517991 -0.0255874 -1.24198
-0.00187604 -0.0168179 3.92517
0.00076703 -0.019784 1.78197
-0.0104318 -0.0227251 11.4048
-5.86056e-06 -0.0125339 1.84819
-0.00904491 -0.00955626 9.8293
-0.00704057 -0.00244192 7.67949
-0.00972257 -0.00216302 10.1737
-0.0071799 0.00308146 7.56255
-0.00460887 0.00983652 4.77019
-0.0062772 -0.16024 21.7398
0.66849 0.197656 -678.642
0.000840797 -0.00557473 0.237683
0 -0.41216 26.1334
0.0711395 -0.386243 -52.1866
-0.023439 -0.262543 45.0113
-0.0749922 0.033276 89.4129
0.00831982 0.176468 -13.0538
-0.0260293 0.120371 30.4722
-0.00141243 0.114971 1.89332
0 0.113981 0.248137
-0.019547 0.120102 23.9846
0 -0.126953 93.7812
0 0 -1
-0.00790364 0.0142739 83.909
-0.00791433 0.014542 83.8892
-0.00787266 0.0151195 83.8412
-0.00877773 0.0168355 83.7892
0.152085 -0.0537928 65.8417
-0.0336591 0.0284194 87.2106
-0.0123467 -0.0833227 20.7108
0.0446473 -0.11891 10.8458
0.00041048 -0.0888031 18.442
-0.0085342 -0.111114 21.9994
0.00440515 -0.11858 18.5551
-0.00117334 -0.0542607 15.6773
0.150545 0.0207849 -33.2747
0.0904089 0.0286984 -13.8424
0.0165946 -0.113496 12.3836
0.00614495 -0.163554 20.8556
-0.0166138 -0.0824248 23.3191
-0.0518556 -0.0441681 34.1552
-0.0264968 -0.0517373 22.9534
-0.0214071 -0.0603005 21.4057
-0.0267944 -0.0473078 23.3596
0.035959 -0.0532513 -8.35268
0.0752789 -0.049067 -28.2823
-0.141234 0.0188327 82.5468
0.0671516 0.00730464 -36.3801
0.0447416 0.00305499 -22.2051
0.0326115 0.0462205 -16.8886
0.0131738 0.0654183 -6.01924
-0.0109919 0.020126 13.0821
-0.0629537 -0.011756 48.2791
-0.0721601 -0.00882759 54.0349
-0.000828183 0.00211402 2.02691
-0.00301747 0.00831331 3.11941
-0.00228095 0.0155956 2.09385
0.00800468 0.00612495 -5.17235
-0.0132215 0.00440057 12.0157
-0.0086775 0.000648026 8.45346
0.0404903 -0.0660773 -27.6901
-0.0015994 -0.00585296 2.94519
-0.00021953 -0.00551222 1.6316
-0.002287 -0.0263796 4.95168
-0.00448905 -0.00014984 5.18601
-0.00202913 0.00555179 2.43735
-0.00257726 0.00841908 2.76839
6.11745e-05 0.0106657 0.0374846
-0.00122687 0.0123712 1.26524
0.00485606 0.0178191 -5.42174
0.00910225 0.0245781 -10.3374
0.00734408 0.0221421 -8.30665
0.022751 -0.0347611 -21.7385
-0.0729892 0.0324245 87.2002
-0.024952 -0.399433 62.8256
0.0734183 -0.421045 -50.3314
-0.0569432 -0.425661 104.338
0.161501 0.393622 -216.039
0.122233 0.132975 -146.161
0.199972 0.0609688 12.0666
0.199972 0.0609688 12.0666
-0.0114515 0.0511309 0.27828
-0.0167901 0.0172102 4.66885
-0.02404 0.0229087 4.73267
-0.0315255 0.0328383 4.45009
0 0.0662264 -1.78264
-0.0536652 0.0433321 88.933
0.0173757 0.00762154 -0.382556
0.0606583 -0.0834307 1.149
-0.000902321 -0.011034 5.82226
-0.0143516 0.0283118 4.222
0.000489197 0.0615127 -3.23722
0.00843236 -0.0570922 13.5595
0.149515 0.0978118 -40.0831
0.104563 0.0307187 -18.5709
0.0198977 -0.0926399 8.21711
0.0131351 -0.16048 18.1446
-0.00981953 -0.0995122 21.1482
-0.0414695 -0.100492 33.2532
-0.0205133 -0.0713146 20.963
-0.0261126 -0.0372545 20.3065
-0.0101584 -0.0392249 12.6865
0.01365 -0.0368394 1.27471
0.00969929 -0.0544139 6.09121
-0.015539 -0.019071 15.4704
0.00411708 -0.0232313 3.58721
0.0672586 -0.00299578 -34.1155
0.0539592 -0.00126603 -25.3826
-0.0175767 0.027039 16.9398
-0.0927267 -0.0254787 70.3224
-0.0612779 -0.00824681 47.5937
-0.0525251 -0.0129012 40.3345
-0.0315947 -0.0114466 25.6274
0.00924434 0.0192474 -6.56841
-0.000211519 0.0262287 0.201724
-0.0216766 0.00775405 18.5464
-0.0191505 -0.00198372 17.3388
-0.0227434 -0.0108952 21.2796
-0.004502 -0.00473172 5.34383
-0.00269487 -0.00351604 3.69366
0.000268681 -0.00211581 0.906302
-0.00136472 -0.0012856 2.34852
0.00191495 0.00466906 -1.1854
-0.000432992 0.00444361 1.00465
0.00101181 0.00832586 -0.761027
0.00592262 0.012279 -5.99603
0.00701741 0.0155191 -7.45724
0.0103777 0.0215464 -11.5079
0.00149463 0.0172871 -1.83432
0.00881711 0.0221033 -9.87794
0.0105829 0.0239443 -12.0021
0.0102771 0.0243664 -11.6858
0.0179112 0.0171576 -20.0808
0.0109055 0.0252884 -12.4572
-0.276109 -0.402956 440.848
0.022725 0.0202257 -25.8404
0.0149443 0.0262 -17.3044
0.00147169 -0.0841731 16.827
-0.139056 -0.0134163 36.4245
-0.0104057 0.0124712 4.72725
-0.0160938 0.0229406 4.05194
-0.019743 0.0244852 4.12805
-0.0379219 0.0325934 5.38511
-0.01463 0.0253608 2.52835
-0.371992 -0.31008 99.3105
0.0465839 0.00255017 -5.21358
0.0176258 0.0173101 -1.3823
-0.00676776 0.0127906 4.30286
-0.0190566 0.0404317 3.70677
0.00154022 0.0468793 -2.12744
-0.159072 0.00729713 54.1375
-0.135325 0.0264099 43.0225
0.0945632 0.0221619 -14.5849
-0.0194369 -0.00710697 10.9516
-0.000417589 -0.0235958 6.64164
-0.00489931 -0.0209533 9.20271
-0.00303407 -0.0320143 9.20282
-0.007305 -0.0122165 8.82364
-0.0287565 -0.0310989 20.9298
-0.0851426 0.0147233 43.5551
0.0238039 -0.0681049 -0.365202
-0.00731331 -0.0551226 14.5409
-0.00895589 -0.06516 16.5639
0.0282936 -0.0411868 -7.63443
0.00428225 -0.0281426 4.35262
0.0555039 -0.0410951 -23.1315
0.114959 0.0485629 -76.1383
0.066667 0.0797721 -48.9982
-0.0553779 -0.00901131 41.752
-0.00856689 0.00371868 7.71529
0.00579523 0.00475775 -2.60773
0.0021263 -0.00247327 1.30113
-0.00821569 -0.0135893 10.5496
-0.0230747 -0.010542 21.6884
-0.0236068 -0.00453422 21.2916
-0.0139754 -0.00312499 13.0908
-0.00505366 -0.00470889 5.71101
0.00161988 0.00110099 -0.656494
0.00238467 0.00148509 -1.36649
-0.119252 -0.0349794 116.42
0.157658 0.0979289 -159.464
0.00128913 0.00844852 -1.03024
-0.00383187 0.00107102 4.3923
0.0186846 0.0845823 -27.6683
0.0189234 0.0887785 -28.7714
0.0121693 0.021521 -13.3913
0.00207268 0.00360116 -2.16863
0.00765937 0.00414116 -8.28043
0.013889 0.0131423 -15.1402
0.0148001 0.00182987 -15.8322
0.0550405 -0.0638114 3.51967
-0.0620847 0.355451 92.7111
0.128301 -0.107693 -76.6672
-0.386248 -2.81175 854.261
0.65625 -0.324219 -727.086
-0.130858 -0.00951071 35.296
-0.137429 -0.0170631 36.7197
-0.14859 -0.0173552 37.1093
-0.0116716 0.0236021 3.53399
-0.0154184 0.0211699 4.1385
-0.0198454 0.0322462 3.14687
-0.0643832 -0.0147189 30.4137
-0.156795 -0.00422194 111.629
0.0138669 0.0169342 -0.844577
0.0139377 0.0311408 -2.16705
-0.00703576 0.0302086 2.22048
-0.00457623 0.0281564 1.86108
0.0109201 0.0428381 -4.04077
-0.172782 0.0421427 53.8816
-0.205145 0.0546012 61.4074
0.0930832 0.0230523 -14.3009
-0.0109195 0.00447402 6.81293
0.0117715 0.0155754 -3.26538
-0.0502168 -0.00287856 42.9795
0.00446631 -0.00678094 3.36004
-0.0140332 -0.00658527 11.1608
-0.0343231 -0.0137375 21.4522
-0.0245821 -0.0292245 18.7067
0.0228085 -0.0552618 -1.28196
-0.00696985 -0.00837844 7.09706
-0.00771727 -0.0302028 10.9822
-0.0181166 0.0264877 8.57334
0.0210579 -0.0534711 -2.42288
-0.507036 -0.00190006 317.717
0.115082 0.0162349 -72.4796
0.159114 0.0423338 -103.041
0.145065 0.0170929 -89.7818
-0.0113225 -0.00668104 11.1712
-0.00516895 -0.00094425 6.05619
0.00693911 -0.00842382 -1.40014
-0.00794315 -0.00812259 9.50353
-0.00977224 -0.00268691 10.1539
-0.018599 0.00611893 15.7934
-0.0131688 0.00919207 10.8113
-0.0021354 0.00345872 2.20707
5.6519e-05 0.00278353 0.415113
0.00359286 0.00508648 -2.84891
0.0410793 -0.245231 -2.64907
-0.00199064 -0.00227728 3.54421
-0.0423207 -0.20863 68.772
0.00879462 0.0117907 -8.77429
0.00499074 0.0107729 -5.46891
0.0124414 0.01743 -13.1771
0.0147223 0.0199191 -15.8787
0.0155202 0.0205184 -16.7981
0.152485 -0.103759 -108.573
0.0158851 0.0331076 -18.9091
0.0163703 0.0167064 -18.3311
0.0147951 0.0310501 -17.4576
0.0620153 0.171613 -94.7724
0.0111951 0.024855 -12.7966
-0.366349 -0.0824638 476.52
16.3554 -0.0406979 -20113.5
0 0 -1
-0.137359 -0.00605564 34.8201
-0.145688 -0.024347 37.5984
-0.143554 -0.0147739 36.4892
-0.0161819 0.0133479 5.36961
-0.00691364 0.020894 3.10449
0.0383161 0.0183779 10.6783
-0.103058 -0.00128861 102.45
0.0283269 0.0342868 -5.69259
0.0112432 0.0226912 -0.251034
-0.0109198 0.0250045 3.95087
0.0079593 0.024306 -0.45305
0.0175437 0.0232293 -2.97314
-0.120747 0.0655882 34.694
-0.173089 0.0446488 53.2657
0.0668627 0.0381495 -8.0709
-0.00962986 -0.00364432 7.80967
0.0434177 0.0347631 -17.8615
-0.0121179 0.0417798 2.37033
-0.0277882 -0.00103502 16.1907
-0.0232371 -0.00198757 14.2883
-0.0331045 -0.00418039 19.49
-0.0224287 -0.0233285 16.7088
0.0116772 0.0976254 -17.7636
0.0016649 0.0506079 -6.60746
-0.00271513 0.00599383 2.48324
-0.00757932 -0.0307527 11.1498
-0.010545 -0.146481 33.7738
-0.311666 -0.108344 213.387
0.218134 -0.0296516 -131.005
0.197577 -0.0093099 -120.854
0.126829 -0.00476165 -74.2046
0.00190396 -0.0139981 3.09731
-0.000454943 -0.00432913 3.17556
-0.00227666 0.000778109 3.54852
-0.0045267 0.00309732 5.29202
-0.015428 0.00214996 13.8921
-0.0167379 -0.00145597 15.3347
-0.00256409 0.0103852 1.93551
-0.00503559 0.0136407 3.16282
0.00202421 0.0116316 -2.51012
0.00153994 0.020854 -3.43892
0.184632 0.0445254 -177.022
0.013173 0.0242337 -14.8427
0.0123805 0.0159199 -12.9026
0.00862862 0.00861263 -8.3573
0.0133185 0.0218243 -14.6925
0.0135874 0.0232952 -15.1803
0.00306823 0.0113859 -4.30822
0.0164499 0.0231897 -18.1517
0.32727 -0.103231 -300.825
0.292401 0.156676 -302.925
0 0.288383 -41.3183
0 0.119656 -13.8593
-0.00584059 0.273788 -31.9608
0.0464689 0.02471 -55.3114
-0.00531778 0.0622665 1.26202
-0.0536932 0.0517375 61.9162
-0.127115 0.000580106 33.473
-0.133782 0.0148437 30.9816
-0.168076 0.00265277 34.6028
-0.782466 0.115814 54.1103
-0.0282457 0.00157193 8.5924
0.217337 0.617108 -129.14
0.0513268 0.0293756 6.64315
-0.202734 0.00715339 116.978
0.00716454 0.10163 -1.44831
0.11683 0.143822 -31.638
-0.00656625 0.0302442 2.14387
-0.0814243 0.00572118 41.7012
-0.0760666 0.0697895 21.562
0.0318505 0.0240211 -2.69077
-0.107451 0.109025 23.0862
-0.0158372 0.0861271 11.091
-0.0185162 0.249438 -33.2181
0.0141713 0.229459 -41.5842
-0.0170294 0.11373 -8.62069
-0.0251563 0.0606975 4.03826
-0.00882595 0.0426775 -0.13691
-0.0398397 0.0900567 6.16298
-0.0170733 0.00656751 9.65417
-0.0171807 0.10816 -5.24121
0.0152815 0.181098 -35.8677
-0.00820369 0.0892819 -6.99401
0.0168692 0.0271331 -0.327625
0.0217438 0.0302945 -3.91072
-0.0435359 0.238737 -13.9692
-0.0330302 0.247602 -22.7179
-0.028293 0.280509 -32.0925
0.118077 -0.0163093 -66.6246
0.0160018 -0.0160192 -6.69217
0.00651093 0.0244385 -7.22045
-0.000733462 0.0109244 0.502464
-0.00380789 0.0364579 -1.48555
-0.0149503 0.0369284 7.02194
-0.0149813 0.0191909 10.1631
-0.0035341 0.0246051 -0.020554
0.00198623 0.0228012 -4.49953
0 0 -1
-0.747089 1.22725 430.862
0.00994579 0.016417 -10.7506
0.00894807 0.0197178 -9.87274
0.00508501 0.0205509 -6.51637
0.0093187 0.0222852 -10.5628
1.06725 -0.053776 -1042.55
0.268186 -0.0519613 -231.949
-0.000116538 0.625907 -107.789
-0.000215131 0.625951 -107.687
-0.000805626 0.625631 -106.983
0.00119182 0.625606 -109.182
-0.157949 0.28244 135.273
0 -0.12753 54.5409
0 0.0161723 6.9646
0 -0.12753 54.5409
0.0182537 0.0324472 -21.7965
0 0.0108503 7.88844
-0.12194 0.0492397 23.8086
-0.0808549 0.0624042 19.3273
-0.130174 0.0942813 14.9067
-0.134243 0.197442 -6.12015
-0.0656946 -0.0731396 61.3139
6.39971e-05 0.092811 0.551698
0.0760411 0.0895605 -8.5023
-0.232775 -0.0139997 125.806
0.0491538 0.10904 -10.7914
0.106895 0.0886595 -18.489
0.103593 0.0961507 -18.4326
-0.0382598 0.063844 19.9415
-0.075013 0.056548 23.457
-0.0789264 0.0911914 17.9818
-0.0553457 0.115624 6.14276
-0.0788202 0.13557 23.0847
-0.000595055 0.258116 -41.6061
-0.0316228 0.33679 -45.3308
-0.101439 -0.00891093 64.0115
-0.026398 0.181422 -17.1543
-0.000532943 0.355786 -62.9692
-0.00875946 0.361674 -59.9995
0.00150299 0.334716 -59.8649
0.0022608 0.208282 -34.61
0.0108634 0.177331 -33.0692
0.0193437 0.158643 -32.9136
0.0135623 0.0370867 -0.498756
-0.0103892 0.0155739 18.0927
-0.29591 0.295442 131.825
-0.0279866 0.254171 -26.6429
-0.0247728 0.290283 -36.0373
0.170579 -0.00952981 -103.271
-0.037916 0.306477 -30.5351
-0.0436414 0.277981 -20.6249
-0.0255301 0.231252 -24.0108
-0.0212959 0.124429 -5.01668
-0.0292184 0.083054 9.59797
-0.0247808 0.132805 -4.09791
-0.00928537 0.055539 -1.23969
0.0398433 0.0862055 -48.1941
0.0442338 -0.00519499 -30.9414
0.0329046 0.00696069 -23.6421
0.00837675 0.0124364 -7.77863
-0.00119649 0.00767295 2.89688
0.00245475 0.0124167 -1.68394
0.0146645 0.0213111 -16.6647
-0.0121639 -0.00382544 14.6508
0.0158051 0.0312006 -20.8521
0.0160937 0.0243312 -17.9565
0.0176174 0.0177334 -18.3665
0.137192 -0.111222 -88.9058
0.0908842 -0.0583235 -48.7093
0.00843577 0.023451 -8.4475
0.000886389 -0.279385 62.7499
0.0256952 -0.350869 48.7725
-0.0311364 -0.261554 97.1584
0.045653 0.0467406 -58.3909
0.0267905 0.0423206 -33.8113
-0.102249 0.0712768 18.928
-0.0966082 0.100562 12.3054
-0.0978069 0.16583 -1.26992
-0.0359285 -0.0601065 56.3473
-0.0745623 -0.0621253 60.0042
-0.0243009 -0.136952 70.2906
-0.0359491 -0.0228701 45.7086
0.313574 0.153539 -51.8715
-0.0721646 -0.136613 85.3122
-0.0693756 -0.168485 92.3015
-0.0551606 -0.185309 93.386
-0.0813872 -0.129373 86.4144
-0.0999845 -0.0860781 81.8329
-0.127938 -0.0438141 78.7646
-0.119373 -0.0206569 70.7879
-0.257339 -0.0188353 130.167
-0.280967 -0.0506801 145.645
-0.0709011 -0.0487754 68.3774
-0.0956175 0.00556065 57.4815
-0.108257 0.0445338 54.7671
-0.053796 0.249697 -14.7701
-0.0369329 0.244248 -22.6558
-0.0199578 0.274718 -37.2082
-0.0374519 0.247347 -21.7101
-0.0477531 0.187779 -3.23209
0.0292966 0.146745 -35.9766
0.0612526 0.0991009 -42.4136
0.0329283 0.0687159 -18.5657
0.0021428 0.206622 -32.4792
-0.00133345 0.279512 -48.2552
-0.0273467 0.325822 -41.9919
-0.022989 0.321789 -44.3503
-0.0326377 0.340299 -42.1407
-0.0736975 0.331099 -11.1012
-0.0365187 0.190539 -6.90563
-0.0305353 0.17657 -8.53095
-0.0400114 0.0465807 27.9325
-0.028995 0.17632 -9.55732
-0.02114 -0.012255 25.7718
-0.035418 0.107496 10.8214
0.0689966 0.00225576 -54.8366
0.0472174 0.0533515 -47.2944
-0.00574176 0.0332593 -0.20155
-0.0382074 -0.0070769 39.8406
0.010748 0.00895991 -9.00111
0.268778 0.058811 -263.152
0.261719 0.0976562 -258.548
0.0146888 0.0319863 -17.6962
0.159231 0.0692509 -174.015
-0.00776601 -0.0167289 20.1124
0.0790816 -0.0241221 -42.4491
0.0702524 -0.0357164 -30.7487
0.0254274 0.00320122 -25.88
0.0147621 0.0267859 -17.4646
0.398882 0.139963 -494.307
0.0269162 0.0255674 -30.7056
0.0355194 0.0427285 -44.2726
0.0308203 0.0478264 -39.7631
0.0424521 -0.0656729 53.8741
-0.0889389 -0.523783 160.253
-0.00961652 -0.0684578 56.1335
-0.0156531 -0.0323221 47.8256
0.0536075 -0.124822 57.85
0.042658 -0.138413 62.5285
0.07499 0.369829 -62.533
0.409774 0.0761518 -48.7288
-0.109225 0.00930471 56.0566
-0.08181 -0.0794934 72.6375
-0.060285 -0.16212 88.5994
-0.0519623 -0.126586 78.6614
-0.0891274 -0.150876 94.0171
-0.136365 -0.064299 86.1692
-0.108222 -0.0422898 71.6779
-0.0772377 -0.0152724 54.9119
-0.0374167 0.0807363 17.1923
-0.0166176 0.258282 -35.6124
-0.00479193 0.337401 -59.7728
-0.0103846 0.304504 -49.0642
-0.0108532 0.246427 -34.6489
-0.0220035 0.256448 -31.8294
-0.0249734 0.265476 -31.6915
-0.0750452 0.234556 0.283025
-0.0671599 0.143811 20.2776
-0.0329262 0.18548 -11.4908
0.036881 0.0824144 -24.226
0.0438495 0.165762 -47.2346
0.00607405 0.166039 -25.0574
0.0316803 0.256499 -63.4613
0.0242323 0.291536 -67.1041
0.000919521 0.334796 -63.1474
-0.0101464 0.400868 -71.4366
0.0479854 0.375602 -105.871
-0.0217026 0.214922 -23.1429
-0.0651409 -0.0642648 74.2217
-0.0491169 0.0366815 28.4351
-0.00584433 0.0786759 15.9424
-0.00775803 0.0738084 18.6282
-0.00553754 0.0762451 16.254
-0.0205555 -0.103119 59.4291
-0.0210411 -0.0974888 58.4181
-0.0163548 -0.0870541 51.4944
0.00066703 -0.0807001 33.9701
0.0146242 -0.0840724 21.5258
0.0385588 -0.0718592 -4.71935
0.587176 -0.0851092 -544.813
-0.253032 -0.24521 345.031
0.0110535 0.186734 -57.4427
0.197661 0.0287942 -195.577
0.0196941 0.0137063 -19.5539
0.125651 -0.162646 -66.7427
0.124332 0.412151 -242.073
-0.534453 0.326719 552.096
0.0467869 0.0564918 -61.9121
0.0429759 0.0306356 -50.5824
0.0373539 0.0434865 -46.9815
0.0282556 0.0388601 -34.6623
-0.0340272 -0.0117318 19.3715
-0.034061 -0.0116263 19.3443
-0.0341961 -0.0114291 19.2974
0.00434652 -0.0184738 42.8377
0.0657408 0.117057 -15.5239
0.0602664 0.000697046 35.0318
-0.181709 -0.022763 77.516
-0.16068 -0.00600134 69.0234
-0.0697554 0.019218 46.1007
-0.0839449 0.0254216 46.8315
-0.0579371 0.107667 18.7707
-0.0319616 0.0995791 15.0224
-0.00670657 0.160409 -9.45558
-0.0343029 0.293875 -37.9493
-0.0383888 0.295618 -37.4199
-0.0149088 0.366283 -64.3368
-0.000988647 0.384877 -74.5723
0.00232526 0.348992 -65.6467
-0.0153511 0.346989 -57.8234
-0.0424663 0.322921 -40.9033
-0.0203052 0.279445 -37.7761
-0.0464881 0.244371 -16.6901
-0.0333396 0.246185 -23.0092
-0.0616366 0.210567 0.211619
-0.090939 -0.0306908 80.0067
-0.139788 -0.0747469 118.173
0.0441439 0.0671414 -24.798
0.11199 1.30926 -384.002
0.0443219 0.120505 -37.558
0.137082 0.199959 -117.029
0.085882 0.294259 -109.476
0.0444067 0.29397 -81.0825
0.0420546 0.33576 -90.8882
0.0511302 0.316207 -92.2264
0 0.00300481 31.2478
-0.00543792 0.0721151 17.3235
-0.00583633 0.0733474 17.3062
-0.00659508 0.0747949 17.5204
-0.00637977 0.0742948 17.4678
-0.00428737 0.0717315 16.3801
-0.000555896 0.0552131 17.6192
0.00191444 0.0436809 18.5528
0.00292832 0.0384113 19.0594
0.00292832 0.0384113 19.0594
0.0202791 -0.0861108 16.6591
0.0388157 -0.0676548 -6.31745
0.0604607 0.0613425 -44.7508
0.0582614 0.0636615 -43.0918
0.172626 0.0878012 -170.729
1.34266 -0.00352853 -1382.54
-0.104107 0.555066 29.7135
0.0352764 0.127825 -38.9026
-0.181386 -0.00827951 213.906
0.042179 0.0779343 -61.8247
0.0460821 0.072977 -65.1991
0.0563255 0.0717854 -77.0424
0.0240102 0.126928 -51.9399
0.0488986 0.0371449 -59.1817
0.00379077 0.233028 -30.0055
-0.00126337 0.247598 -34.1282
0.0165368 0.00291765 35.7161
0.0401996 0.00617998 33.2355
0.0735205 0.829131 -216.016
-0.0115383 0.0844716 19.7448
-0.0383553 0.0863597 23.1357
-0.117285 0.0072047 57.3397
-0.0432095 0.106044 16.1953
-0.0332434 0.111791 12.7906
-0.0703352 0.135998 13.9358
-0.040443 0.134591 7.28073
0.00647893 0.17144 -15.5088
0.0251517 0.207211 -30.2186
-0.0241154 0.280516 -37.5815
0.056071 0.274736 -61.5282
0.0401193 0.0373396 13.6109
-0.0337225 0.0288599 38.1737
-0.0430864 -0.00742749 52.2351
-0.114262 0.392037 -28.9941
-0.0683583 0.22693 -1.97602
-0.0512623 0.237658 -12.5867
-0.0488724 0.198124 -2.49116
-0.048694 0.00745966 46.6552
-0.0214553 0.0843441 8.64228
-0.0201116 -0.363034 132.295
0.0258631 0.0813986 -17.8936
0.0724741 0.0856633 -46.0767
0.0908531 0.0922623 -58.6919
0.0185683 0.441363 -77.328
0 0.186095 -34.9653
0.0756089 0.249131 -90.449
0.0437389 0.300841 -82.8944
0.0563256 0.289061 -88.2979
-0.0261185 0.00751029 24.3271
-0.0027182 -0.116493 38.1464
0.00151886 -0.0160148 7.93547
-0.00117108 -0.00571825 6.23001
0.00299912 -0.0095289 4.85041
-0.0011066 -0.0224481 8.72086
0.00253622 -0.00134603 2.43647
0.00224395 -0.00865646 2.6606
0.00493918 0.00967436 -3.4948
-0.0219902 0.00388789 22.0548
0.0288684 0.0217122 -32.0365
0.00395212 0.00734662 -1.69794
0.110937 -0.146875 -45.4812
0.00837675 0.0124364 -7.77863
0.531663 -0.0499587 -507.901
0.0700327 0.0916292 -63.4254
0.00635386 0.10807 -0.937554
0.00831215 0.126039 -8.38949
0.00831215 0.126039 -8.38949
-0.0381348 0.0242235 119.844
2.42562e-14 0.0437672 24.4242
4.2365e-14 0.0437672 24.4242
5.79987e-14 0.0437672 24.4242
1.2848e-13 0.0437672 24.4242
0.0255076 0.230122 -29.369
0.0337612 0.241976 -33.3096
0.0413687 0.246097 -34.83
0.00059189 0.207565 -19.6897
0.00539298 0.199776 -17.5651
0.0313891 0.158569 -7.04211
-0.0663531 0.152605 7.59909
-0.0544528 0.184584 -5.56339
-0.0240877 0.162468 -4.24198
-0.0357222 0.154794 1.04644
-0.0565641 0.173419 -0.63173
-0.00879772 0.142182 -3.04318
0.0206199 0.160205 -15.4097
0.00139859 0.138656 -3.85709
-0.0181869 0.109336 11.3164
0.229435 -0.0387915 -29.8215
0.175237 -0.013718 -19.211
0.0256367 -0.00343093 24.6361
0.150441 1.161 -383.968
-0.0444835 0.224004 -11.9366
-0.0541114 0.22032 -6.3465
-0.0702089 0.207014 4.78806
-0.0445574 0.172892 2.59035
-0.0585961 0.103866 31.1458
0.00779013 0.188682 -27.5948
0.00930031 0.184009 -26.9218
0.00786956 0.180803 -25.1115
0.00650326 0.1792 -23.8183
0.00650326 0.1792 -23.8183
0.0211261 0.418785 -72.1357
0.0258883 0.34554 -52.8829
-0.00234578 -0.474016 186.583
0.047439 0.287829 -81.669
0.0419103 0.286933 -77.5609
0.0849826 0.279353 -106.768
0.0192608 -0.0327623 19.2831
0.0192608 -0.0327623 19.2831
0 -0.0513971 40.1632
0 -0.0513971 40.1632
0 0.107561 -22.5926
0.00481954 -0.00606077 21.4226
0.00489967 -0.00045546 19.5663
0.00469049 0.00811635 17.0312
0.00520399 0.0174424 13.5866
0.00788938 0.027485 7.84011
0.014351 0.0341014 -0.568917
0.0670437 0.0291934 -51.5674
-0.00018471 0.0165097 7.37652
0.0157998 0.0920862 -6.39732
0.0746497 -0.027504 -60.2701
0.0750202 -0.032378 -59.1438
0.075159 -0.0394203 -57.0857
0.0800761 -0.043248 -61.5203
-0.0293783 0.0398853 104.986
0.000259695 -0.206461 80.0277
0.000259709 -0.206461 80.0277
0.000259721 -0.206461 80.0277
0.000259721 -0.206461 80.0277
0.0279665 0.222653 -26.943
0.0362871 0.223305 -27.317
0.0407602 0.226511 -28.4857
0.0072586 0.211926 -20.7895
-0.00561139 0.235273 -28.5671
0.0204779 0.259709 -39.264
-0.0268165 0.235119 -24.9999
-0.0811045 0.263584 -25.9623
-0.0640974 0.147255 8.35994
-0.0227338 0.136994 3.64876
-0.037591 0.141597 5.36413
-0.0154946 0.143715 -0.551007
-0.0302639 0.163183 -2.89047
-0.0457088 0.194007 -8.18835
-0.05209 0.123731 16.1459
0.0937819 0.577099 -182.664
0.0604428 0.478037 -137.486
0.014157 0.379707 -87.472
-0.010284 0.261563 -38.4843
-0.0358563 0.239102 -20.4614
-0.0591344 0.220323 -4.19985
-0.0683096 0.220972 -0.414529
0.133988 -0.0924666 95.3664
-0.365315 0.0499925 296.454
0.00298316 -0.0413357 58.4393
-0.0596344 0.0138206 153.584
-0.151791 0.0144589 205.06
-0.0225029 0.176203 5.04503
-0.0259718 0.136972 20.2254
-0.0290605 0.157185 15.3172
-0.0269223 0.192047 2.14768
-0.0143387 0.23233 -19.9048
0.0151809 0.275088 -54.7918
0.0495042 0.273203 -78.7818
0.0361287 0.298836 -77.3827
0.142283 0.209075 -125.958
-0.00954329 -0.0605521 82.8969
0.0315309 0.209316 -41.4415
0.0110278 0.186521 -17.0964
-0.00530542 0.165141 3.91768
-0.00402089 0.137336 12.1108
-0.019307 0.151883 20.5215
-0.0424359 0.120611 154.022
-0.045794 0.130089 153.853
-0.0015699 -0.124425 54.6592
-0.0170477 0.230593 93.7222
-0.0170477 0.230593 93.7222
0.0026353 0.0137337 5.36116
4.82379e-05 0.261734 65.9939
4.82376e-05 0.261734 65.9939
4.82376e-05 0.261734 65.9939
4.82376e-05 0.261734 65.9939
0.0291812 -0.0395338 -4.95908
2.75709e-06 0.25698 67.6046
0.0260674 -0.0416487 181.621
0.0261485 -0.0399983 180.979
0.0259416 -0.0394957 181.069
0.0260234 -0.0396754 181.027
0.0310178 0.212275 -23.4441
0.0340311 0.206086 -21.3192
0.0430099 0.195777 -17.9811
-0.458009 -0.104698 137.87
0.0310764 0.271562 -43.5996
0.088659 0.279705 -52.4977
0.0507661 -0.034282 65.4289
-0.099461 0.286101 -30.4757
-0.0425215 -0.186717 118.026
-0.0253956 -0.196659 118.154
0.0424632 -0.152478 88.9556
0.0246273 -0.000986681 39.5415
0.0211096 -0.100274 74.9806
0.169401 -0.00798626 -0.137454
0.222909 0.0141414 -23.4522
-0.0426961 0.414741 -79.1156
0.022321 0.108018 3.48676
0.00709344 0.142696 -3.12087
-0.0130469 0.237886 -29.2482
-0.0233858 0.244821 -27.5813
-0.0562801 0.13622 10.1395
-0.0593145 0.221903 -4.89595
-0.0593145 0.221903 -4.89595
0.0320411 0.273766 -63.7643
-0.00171407 -0.00780758 40.1295
-0.0165541 0.0120674 41.1315
-0.0450045 -0.0695162 86.7153
-0.0190808 0.08196 35.4347
-0.0133401 0.130521 14.6766
-0.0054086 0.157568 0.117165
0.00400037 0.192502 -18.3756
0.0169544 0.231651 -40.9387
0.0307135 0.264978 -62.2576
0.0451682 0.273133 -75.4578
0.117115 0.183932 -97.7862
0.103452 0.177738 -85.1667
0.0356682 0.2204 -48.547
0.0145674 0.208049 -27.3869
-0.00370925 0.187977 -5.36047
-0.0100164 0.171886 5.6063
-0.0108696 0.167768 7.80064
-0.0108696 0.167768 7.80064
-0.0425547 0.116705 155.477
-0.034261 0.119739 146.709
0 0.117374 16.54
0 -0.382682 147.942
0 0.117374 16.54
0.535394 -0.199517 -465.105
0.0272593 -0.401555 126.212
0 0.117374 16.54
0.0714734 -0.0413537 -52.3597
0.0712665 -0.0413503 -52.1259
0.0325204 -0.0406104 -8.3843
0 0 -1
0.0259997 -0.0434597 182.312
0.0262032 -0.0392658 180.683
0.0257375 -0.0393818 181.279
0.0258978 -0.0395531 181.142
0.0215629 0.204007 -20.416
0.0224818 0.189136 -14.9747
0.035576 0.164641 -6.63907
0.0618563 0.186489 -15.9756
0.0396567 0.203192 -19.6278
-0.020698 0.157397 3.70226
-0.0183923 -0.0836703 92.4647
-0.0408256 -0.0895161 97.5783
-0.0462624 0.218247 -15.16
0.0347745 -0.166968 95.7968
0.0504778 -0.142006 83.3889
0.0350222 -0.0903283 68.2432
0.0486251 -0.0529228 50.7631
0.145249 -0.0399287 18.7827
-0.158221 -0.100428 143.249
0.216044 -0.116978 28.3818
-0.116072 0.127751 38.7445
-0.116084 0.127889 38.698
-0.109493 0.118085 39.61
-0.086227 0.130266 25.4753
-0.0511422 0.142648 5.64882
-0.00589308 0.0806583 8.20057
0.0226425 0.0188131 17.6008
0.0291485 0.0252427 11.987
-0.0449864 0.103646 0.314834
-0.0590002 0.101887 32.0035
-0.0180451 0.0067628 43.6939
-0.0154892 -0.000947993 45.0527
-0.0118126 -0.00810572 45.4806
-0.00771045 -0.0145823 45.3142
-0.00414445 -0.0202938 45.1273
-0.0013507 -0.0251883 45.0796
0.000247232 -0.0292333 45.4814
0.000809732 -0.0324022 46.2603
0.000611992 -0.034667 47.2472
8.50755e-05 -0.0356691 48.0156
-0.000375198 -0.0350256 48.1305
-0.000576125 -0.0358621 48.602
-0.000576125 -0.0358621 48.602
-0.000268771 -0.0418506 50.5746
-9.57084e-05 -0.0411269 50.1576
8.90399e-06 -0.0404096 49.7997
5.18043e-05 -0.0397353 49.5113
5.24738e-05 -0.0391257 49.285
3.61741e-05 -0.0385911 49.1024
1.7381e-05 -0.038134 48.9512
4.40694e-06 -0.0377512 48.8223
-2.01648e-06 -0.0374366 48.7122
-1.2339e-06 -0.0366951 48.4366
-7.68323e-07 -0.036586 48.3956
-7.66077e-07 -0.036586 48.3956
-6.22844e-07 -0.0365851 48.3951
-6.19889e-07 -0.0365851 48.3951
-5.99438e-07 -0.036585 48.3951
-5.72521e-07 -0.0365849 48.395
-5.39065e-07 -0.0365848 48.3949
-5.29067e-07 -0.0365848 48.3949
-5.29068e-07 -0.0365848 48.3949
