0 1 3
1 3 3
3 4 3
4 5 2
5 6 2
6 7 3
7 8 0
8 9 1
9 10 0
10 11 3
11 12 3
12 13 3
13 15 3
15 16 3
16 17 1
17 18 3
18 19 0
19 20 2
20 22 3
22 23 3
23 28 2
28 33 3
33 34 1
33 93 3
34 93 0
36 93 3
36 95 3
38 95 3
38 39 3
39 41 3
41 160 3
160 275 3
44 160 0
44 225 0
225 391 3
336 391 3
289 336 3
56 289 0
275 331 3
20 23 3
28 85 3
41 98 3
28 86 3
28 203 3
20 83 3
86 203 3
28 30 3
41 99 3
98 99 3
20 21 3
30 203 3
30 33 3
23 84 3
28 84 3
39 98 3
30 90 3
99 160 3
45 225 0
47 225 0
47 391 0
38 97 3
44 45 3
20 84 1
39 97 3
16 74 3
17 74 0
94 95 3
3 60 3
6 64 3
7 64 3
13 72 3
15 72 3
21 83 3
45 163 0
1 60 3
3 62 3
4 62 3
19 21 3
21 77 3
85 86 3
36 94 3
163 225 3
47 163 0
11 70 3
17 76 0
18 76 0
19 77 3
33 90 3
92 93 3
163 391 3
115 289 0
0 58 0
5 63 3
10 70 3
12 70 3
18 77 0
33 91 3
34 91 0
34 92 0
45 219 0
114 289 0
1 58 0
1 59 0
3 61 3
62 63 3
7 66 3
8 66 2
9 66 3
9 68 3
10 68 1
15 73 3
15 74 3
21 80 3
90 91 3
111 336 0
58 59 3
60 61 3
61 62 3
6 63 3
73 74 3
76 77 3
91 92 3
93 94 3
21 136 3
45 160 0
59 60 3
63 64 3
13 70 3
72 73 3
84 85 3
95 97 3
97 98 3
160 331 3
70 72 3
77 136 3
160 219 3
66 68 3
80 83 3
145 203 3
158 160 3
7 123 3
68 70 0
45 391 0
64 123 3
74 76 1
99 158 3
66 123 3
158 275 3
391 451 3
68 127 3
70 127 1
45 451 0
331 451 3
80 141 3
20 143 2
70 128 1
83 141 3
20 85 1
219 451 3
73 131 3
92 150 3
127 128 3
76 133 1
98 157 3
160 451 3
66 125 3
68 125 3
74 133 1
85 143 0
99 157 3
66 124 3
68 126 3
70 129 1
72 129 1
76 134 3
83 143 2
90 146 3
123 124 3
72 245 0
91 146 3
93 151 3
94 152 3
73 245 0
90 203 3
92 151 3
93 152 3
63 122 3
64 122 3
125 126 3
128 129 3
74 132 1
86 145 3
92 149 3
95 154 3
158 331 3
131 245 0
73 132 2
21 196 3
86 143 2
91 149 3
149 150 3
150 151 3
97 154 3
129 245 0
76 135 3
77 135 3
136 196 0
80 196 3
141 143 2
151 152 3
98 156 3
122 123 3
126 127 3
132 133 2
143 145 0
95 153 3
156 157 3
143 199 2
146 203 3
133 134 0
134 135 3
135 136 3
141 199 3
146 149 3
58 116 1
59 117 1
131 132 2
116 117 3
60 117 1
124 125 3
157 158 3
60 176 1
61 176 1
61 177 1
63 179 1
95 152 3
226 336 0
287 289 0
117 176 3
176 177 3
62 177 1
62 178 1
62 179 1
122 179 1
136 195 1
143 201 0
153 154 3
287 336 0
177 178 3
195 196 0
141 198 1
199 201 3
178 179 3
198 199 0
122 180 1
188 245 0
135 194 2
136 194 2
141 196 3
150 207 3
152 153 3
179 180 3
194 195 3
146 206 3
149 206 3
149 207 3
143 203 0
146 205 3
152 210 3
98 154 3
151 210 3
154 212 3
98 212 3
98 214 3
128 186 3
189 245 0
156 214 3
126 185 3
127 185 3
129 186 3
188 189 3
131 189 1
200 201 3
124 183 3
125 183 3
133 191 2
199 200 3
206 207 3
153 211 3
157 215 3
158 215 3
116 174 3
117 175 3
175 176 3
122 181 3
123 181 3
128 185 3
132 190 0
132 191 2
135 193 2
141 197 3
203 205 3
150 208 3
151 209 3
211 212 3
174 175 3
134 193 3
196 197 3
197 198 1
207 208 3
208 209 3
210 211 3
156 215 3
185 186 3
131 190 3
190 191 1
134 191 1
201 203 3
124 181 3
209 210 3
214 215 3
181 183 3
98 213 3
126 183 3
201 260 3
203 260 3
212 213 3
213 214 3
203 261 3
205 261 3
205 206 3
186 245 0
191 193 0
215 331 3
183 185 3
245 304 3
189 364 0
193 194 3
201 259 3
259 260 3
205 263 3
180 181 0
189 190 0
289 344 3
336 458 1
287 344 0
216 391 3
391 458 1
228 336 0
196 254 3
216 451 3
195 254 2
209 267 3
180 239 0
181 239 0
190 364 0
198 256 2
210 267 3
214 273 3
215 273 3
191 250 2
193 250 3
199 256 3
199 257 3
200 257 3
206 263 3
206 265 3
207 265 3
179 238 3
194 252 2
200 259 3
210 268 3
214 272 3
273 331 3
180 238 3
188 246 0
189 246 0
190 249 3
191 249 2
195 252 2
195 253 2
208 265 3
211 268 3
213 272 3
272 273 3
174 232 3
175 233 3
176 234 3
177 235 0
178 235 0
178 237 3
179 237 3
181 241 0
185 242 0
185 243 0
186 243 0
249 364 0
253 254 3
197 254 3
200 258 3
260 261 3
208 266 3
211 269 3
212 270 3
213 271 3
232 233 3
233 234 3
234 235 0
178 236 0
237 238 3
238 239 0
183 241 0
183 242 0
252 253 3
256 257 3
257 258 3
265 266 3
266 267 3
268 269 3
269 270 3
270 271 3
271 272 3
235 236 3
236 237 1
239 241 3
242 243 3
249 250 3
197 256 3
258 259 3
261 262 3
205 262 3
267 268 3
193 252 0
263 265 3
245 246 2
241 242 3
254 256 3
263 322 3
241 298 3
364 480 3
262 263 3
265 322 3
243 245 3
189 480 0
250 252 0
252 310 3
252 309 3
287 458 1
250 308 0
243 302 3
249 308 0
252 308 3
238 297 0
239 298 3
309 310 3
263 321 3
272 330 3
273 330 3
239 297 3
242 300 3
308 309 3
253 310 3
236 295 3
237 295 0
307 308 3
260 319 3
261 319 3
321 322 3
296 297 3
297 298 3
306 308 3
254 312 3
271 330 3
238 296 0
241 299 3
242 299 3
249 306 0
262 319 3
234 292 0
245 302 3
302 304 3
253 312 3
260 318 3
232 290 0
233 291 0
235 292 3
235 293 3
236 294 3
242 301 3
243 301 3
262 321 3
265 323 3
266 324 3
267 325 3
269 327 3
270 328 3
271 329 3
290 291 3
291 292 3
236 293 3
294 295 3
300 301 3
301 302 3
259 318 3
323 324 3
324 325 3
268 325 3
268 327 3
327 328 3
328 329 3
329 330 3
330 331 3
299 300 3
312 313 3
254 313 3
322 323 3
268 326 3
292 293 3
293 294 3
306 364 3
326 327 3
331 390 3
216 458 1
287 403 0
246 304 3
306 307 3
325 326 3
390 451 3
403 458 1
344 403 3
246 363 1
310 312 3
189 363 3
363 480 0
237 296 0
297 356 3
298 356 3
257 316 3
258 316 3
256 313 3
259 316 3
259 375 3
262 320 3
291 349 3
304 363 1
307 480 3
257 313 3
316 375 3
318 319 3
298 299 3
306 480 3
318 375 3
320 321 3
319 320 3
312 369 3
330 387 3
308 367 3
310 369 3
329 387 3
292 349 3
309 367 3
307 367 3
290 349 3
302 361 3
304 361 3
313 372 3
313 316 3
344 405 3
292 350 3
293 350 3
403 405 3
349 350 3
295 296 3
294 352 3
295 352 3
304 362 3
307 365 1
322 380 3
299 358 3
300 358 3
302 360 3
362 363 1
321 379 1
321 380 3
323 380 3
348 349 3
296 411 1
293 351 3
293 352 3
295 411 1
299 357 3
301 359 3
301 360 3
310 368 3
379 380 0
323 381 3
324 382 3
325 383 3
325 384 3
326 384 3
327 385 3
328 386 3
350 351 3
351 352 3
298 357 3
357 358 3
358 359 3
360 361 3
367 368 3
368 369 3
312 370 3
313 370 3
316 372 3
319 377 3
381 382 3
382 383 3
384 385 3
385 386 3
386 387 3
330 447 3
331 447 3
297 355 3
320 379 1
296 355 3
355 356 3
369 370 3
320 377 3
380 381 3
383 384 3
361 362 3
318 377 3
356 357 3
352 411 1
313 429 3
390 447 3
359 360 3
364 422 3
370 429 3
372 429 3
387 447 3
352 410 3
296 412 3
422 480 3
410 411 1
355 412 3
373 375 3
318 373 3
216 392 3
349 408 3
350 408 3
411 412 0
365 367 0
392 454 1
401 458 1
365 480 0
379 438 0
216 401 3
380 438 3
387 446 3
446 447 3
348 406 1
349 406 1
318 374 3
390 448 3
355 413 3
356 413 3
448 451 3
406 408 0
361 420 3
362 420 3
373 374 3
374 377 3
405 462 3
367 424 3
369 427 3
370 428 3
403 462 3
351 409 3
360 418 3
365 424 0
367 425 3
368 425 3
384 442 3
386 444 3
352 409 3
361 418 3
369 428 3
428 429 3
381 440 3
382 440 3
383 442 3
387 444 3
350 409 3
357 415 3
358 416 3
359 417 3
361 419 3
363 479 3
368 426 3
372 431 3
316 431 3
381 439 3
383 440 3
385 443 3
415 416 3
416 417 3
417 418 3
419 477 1
420 479 1
425 426 3
369 426 3
438 439 3
442 443 3
443 444 3
409 410 3
418 419 3
424 425 3
427 428 3
429 486 3
320 433 3
383 441 3
408 409 3
428 486 3
375 431 3
377 433 3
379 433 0
440 441 3
441 442 3
419 420 3
426 427 3
372 430 3
439 440 3
430 431 3
387 445 3
357 413 3
444 445 3
445 446 3
486 487 1
429 487 1
429 430 3
479 480 0
345 462 3
413 415 3
480 481 3
365 481 0
425 483 3
426 483 3
374 433 3
445 503 3
446 503 3
447 448 3
424 481 3
430 487 1
406 465 3
411 469 3
410 469 1
413 473 3
415 473 3
430 488 1
408 465 1
412 413 3
418 477 1
420 478 1
426 484 3
487 488 2
412 469 1
483 484 3
401 403 3
412 471 3
413 471 3
406 464 3
420 477 1
462 521 3
416 473 3
478 479 2
424 598 1
379 495 3
440 498 3
441 498 3
408 466 2
409 466 2
410 468 2
471 473 3
424 483 3
427 484 3
486 544 3
433 495 1
438 495 1
438 496 3
439 497 3
440 497 3
441 499 3
442 500 3
443 502 3
444 502 3
445 502 3
345 521 3
468 469 1
469 471 0
487 544 0
373 433 3
433 494 2
495 496 0
496 497 3
499 500 3
443 500 3
447 503 3
464 465 3
409 468 2
481 598 1
427 485 3
427 486 3
443 501 3
465 466 0
409 467 2
477 478 1
484 485 3
373 431 3
500 501 3
501 502 3
466 467 3
467 468 3
497 498 3
417 532 1
417 476 1
418 476 1
494 495 1
471 528 1
416 474 1
416 532 1
417 534 1
483 598 1
485 486 3
431 488 1
498 499 3
469 528 3
473 474 1
474 532 3
532 534 0
476 534 3
476 477 3
431 433 3
471 472 1
472 473 0
473 531 1
433 549 1
445 561 3
502 561 3
503 561 3
471 529 1
472 531 2
474 531 2
480 538 3
472 529 3
479 538 0
469 527 3
540 598 1
278 448 3
527 528 3
483 540 3
278 624 1
278 451 3
481 538 3
488 545 3
549 550 2
433 550 1
494 550 2
531 532 2
481 539 3
487 545 2
548 549 3
216 394 3
394 401 3
468 526 2
477 536 2
478 536 3
431 548 1
550 551 2
464 522 2
465 522 2
494 551 3
467 525 2
469 526 0
392 394 3
345 403 3
530 531 2
539 598 1
483 541 3
447 563 3
525 526 3
477 535 3
484 541 3
484 543 2
496 554 2
484 542 3
485 543 2
431 604 1
497 554 2
448 563 3
465 523 2
466 524 3
526 527 1
540 541 3
541 542 3
488 604 3
494 552 3
495 552 0
495 553 3
495 554 0
500 558 3
503 562 3
447 562 3
562 563 1
522 523 3
523 524 3
524 525 3
472 530 3
477 534 3
535 536 2
544 545 3
433 548 1
553 554 0
497 555 2
501 558 3
501 560 3
502 560 3
394 631 1
528 529 0
529 530 3
534 535 3
542 543 3
486 543 2
551 552 3
552 553 3
554 555 3
560 561 3
538 539 3
543 544 3
498 555 2
499 558 3
345 401 3
498 557 3
499 557 3
278 563 1
498 556 3
278 392 3
545 546 3
488 546 3
546 604 3
561 562 3
392 451 3
550 608 2
555 556 3
556 557 3
557 558 3
479 595 2
538 595 3
558 560 3
479 536 2
548 604 3
534 592 1
535 592 1
558 617 3
560 617 3
535 593 1
536 593 1
545 603 3
530 588 3
532 589 3
544 602 3
545 602 3
546 603 3
550 609 2
551 609 3
525 583 3
528 587 0
529 587 3
531 589 3
479 593 1
538 596 1
549 607 3
552 609 3
522 580 3
530 589 3
604 606 3
548 606 3
558 616 3
401 402 3
523 580 3
525 584 3
526 584 3
530 587 3
593 595 0
539 596 1
539 597 3
549 606 3
549 608 3
554 612 3
562 620 1
394 630 1
345 402 3
527 585 3
528 586 3
588 589 3
532 591 1
534 591 1
592 593 2
543 602 3
606 607 3
607 608 3
555 613 3
556 613 3
556 614 3
524 582 3
528 585 3
586 587 0
532 590 2
591 592 0
593 594 3
595 596 1
608 609 3
553 611 3
553 612 3
555 612 3
557 614 3
557 615 3
523 582 3
582 583 3
583 584 3
527 584 0
585 586 3
589 590 3
594 595 0
596 597 0
542 600 3
543 601 3
557 616 3
584 585 1
587 588 3
590 591 1
541 599 1
542 601 3
601 602 3
603 604 3
609 611 3
611 612 3
612 613 3
614 615 3
616 617 3
560 676 3
560 562 3
562 619 1
523 581 3
540 599 1
542 599 1
552 611 2
613 614 3
563 678 1
598 656 0
599 600 0
600 601 3
615 616 3
617 676 3
562 676 1
619 620 3
278 678 1
394 402 3
580 581 3
581 582 3
597 598 1
602 603 3
563 620 3
598 599 3
619 676 3
609 668 3
394 688 1
394 691 1
620 678 3
606 663 3
611 668 1
599 656 2
604 663 3
606 665 3
607 665 3
606 664 3
664 665 3
615 673 3
588 646 3
589 646 3
663 664 3
616 673 3
587 646 3
600 658 3
601 660 3
602 660 3
612 670 2
613 670 2
614 673 3
278 684 1
586 644 0
587 644 1
591 650 2
592 650 1
601 659 3
616 675 3
617 675 3
585 643 0
589 647 1
590 647 1
590 649 3
591 649 3
593 651 3
597 655 3
600 659 3
607 666 3
608 666 3
609 666 3
609 667 3
583 641 2
584 642 2
584 643 3
586 643 0
595 653 3
598 655 2
659 660 3
604 662 3
667 668 3
611 669 1
580 638 0
581 638 0
581 639 0
582 640 3
583 642 2
587 645 3
593 650 1
594 652 0
596 653 0
599 658 2
603 660 3
603 719 3
611 670 1
613 672 3
614 672 3
675 676 3
619 677 3
620 677 3
639 640 1
583 640 3
641 642 2
643 644 2
644 645 0
645 646 3
646 647 1
649 650 2
651 652 3
656 657 3
599 657 2
278 394 3
345 753 3
638 639 3
642 643 3
650 651 0
662 719 3
603 662 3
662 663 3
665 666 3
668 669 3
673 674 3
616 674 3
677 678 3
402 753 3
640 641 2
655 656 3
666 667 3
669 670 3
278 795 3
676 677 1
678 795 0
670 672 0
597 653 3
657 658 3
660 719 3
672 673 3
674 675 3
595 652 3
658 659 3
394 980 1
402 980 1
647 649 0
652 653 3
663 721 3
647 706 0
649 706 2
597 712 3
662 721 3
649 651 0
653 712 3
655 712 3
672 729 1
643 701 0
665 724 3
666 724 3
670 729 1
676 734 3
642 701 2
655 713 3
656 714 3
657 714 3
672 730 1
675 734 3
677 734 0
645 703 3
647 705 0
673 730 1
675 732 3
639 697 2
644 702 0
646 703 3
646 705 3
651 709 2
652 709 3
656 713 3
662 720 3
664 723 3
667 724 3
668 727 3
669 727 3
674 732 3
640 697 0
640 698 0
645 702 3
652 710 3
653 710 3
712 713 3
720 721 3
665 723 3
638 696 2
697 698 3
641 698 3
641 700 2
642 700 3
643 702 0
649 707 0
651 708 2
709 710 3
653 711 3
657 715 3
658 660 3
663 722 3
664 722 3
696 697 3
711 712 3
713 714 3
658 715 3
701 702 3
702 703 3
646 704 3
706 707 3
651 707 3
708 709 3
710 711 3
660 776 3
719 720 3
721 722 0
722 723 3
723 724 3
678 736 0
700 701 2
704 705 3
705 706 3
714 715 3
667 725 3
670 786 2
675 733 3
677 736 0
736 795 3
703 704 3
724 725 3
668 725 3
727 786 3
729 730 0
674 730 1
732 733 3
707 708 3
658 775 3
719 776 3
733 734 3
658 774 3
660 775 3
725 727 3
775 776 3
715 774 3
278 980 1
729 786 2
774 775 3
725 784 3
727 784 3
641 757 1
698 757 1
710 767 3
701 760 1
702 760 1
709 767 3
677 793 0
736 793 3
402 811 3
753 811 3
701 759 1
759 760 3
806 980 1
722 780 1
727 785 3
734 793 3
278 806 3
698 756 1
700 757 1
700 758 1
707 766 3
708 766 3
723 780 1
784 785 3
729 787 0
730 787 1
702 761 3
703 761 3
707 764 3
712 770 3
719 777 3
720 777 3
756 757 3
700 759 1
706 764 3
709 766 3
711 770 3
713 770 3
776 777 3
720 778 3
721 778 3
730 789 0
674 789 3
696 754 3
697 755 3
698 755 3
760 761 3
704 761 3
707 765 3
721 779 3
723 781 1
724 782 3
725 783 3
732 789 3
754 755 3
755 756 1
758 759 3
764 765 3
713 772 3
714 772 3
715 772 3
779 780 3
781 782 3
782 783 3
783 784 3
785 786 3
766 767 3
710 769 3
711 769 3
777 778 3
705 764 3
778 779 3
786 787 3
734 792 3
765 766 3
787 789 0
733 792 3
792 793 3
767 768 3
710 768 3
769 770 3
772 774 3
780 781 3
705 822 3
704 822 3
764 822 3
770 772 3
767 825 3
766 825 3
768 769 3
759 817 2
793 795 3
761 820 3
704 820 3
732 791 3
733 791 3
791 792 3
757 758 3
774 831 3
775 831 3
761 819 3
820 822 3
781 840 3
782 840 3
765 822 3
772 831 3
758 816 3
772 829 1
779 838 3
780 838 3
783 840 3
787 845 3
732 905 1
759 816 3
819 820 3
766 823 1
770 829 3
784 842 3
786 845 3
789 905 1
816 817 3
760 819 2
768 825 3
769 827 2
829 847 0
775 847 0
783 842 3
791 905 1
765 823 1
831 847 0
785 842 3
754 812 0
757 815 3
821 822 3
768 827 3
785 844 3
786 844 3
755 812 0
755 813 2
756 813 0
758 815 3
820 821 3
829 831 0
777 835 0
781 838 3
789 845 1
402 1042 1
811 1042 1
815 816 3
770 827 2
776 835 0
778 835 0
785 843 3
794 795 3
278 794 3
980 1042 2
822 823 1
770 828 0
778 838 3
842 843 3
843 844 3
844 845 3
828 847 0
828 829 1
793 794 3
766 824 2
776 847 0
778 839 3
838 839 3
783 841 3
756 815 2
823 824 0
835 847 0
840 841 3
812 813 1
824 825 2
827 847 0
835 839 1
841 842 3
813 815 1
770 847 0
815 872 3
760 817 2
825 827 3
781 839 3
795 912 1
813 872 2
817 819 3
794 912 1
817 876 3
819 876 3
825 883 3
827 883 3
839 840 3
792 794 3
789 904 1
845 904 3
822 880 2
823 880 0
904 905 3
876 877 3
819 877 3
821 880 2
823 881 0
791 794 3
823 882 0
824 882 0
827 885 2
790 839 1
790 840 1
872 873 3
815 874 3
816 874 3
820 877 3
880 881 0
881 882 0
847 885 1
844 904 3
815 873 3
821 878 3
883 884 3
827 884 2
980 981 3
812 870 1
813 871 2
820 878 3
790 835 1
841 843 3
806 981 1
981 1042 2
813 870 2
873 874 3
825 882 3
817 934 3
870 871 3
876 934 3
871 872 3
877 878 3
882 883 3
790 847 3
790 841 1
817 874 3
874 934 3
811 927 1
884 885 3
843 904 3
821 937 1
878 937 3
904 963 3
806 1042 1
874 933 3
933 934 3
847 884 1
905 963 3
806 924 1
880 937 2
790 843 1
847 889 1
811 984 1
874 932 3
984 1042 3
927 984 0
873 932 3
878 936 1
880 882 0
847 943 1
882 940 1
883 941 3
884 943 3
883 940 3
884 941 3
870 928 3
871 929 3
872 930 3
873 930 3
936 937 0
880 938 2
880 939 0
880 940 0
927 985 0
928 929 3
929 930 3
932 933 3
937 938 3
940 941 2
847 952 1
791 963 1
984 985 3
877 935 1
939 940 3
878 935 2
935 936 2
884 1000 3
876 935 1
938 939 0
943 1000 3
934 935 1
941 1000 3
984 1043 3
985 1043 3
790 904 1
932 989 3
790 963 1
873 989 3
934 992 3
936 995 2
937 995 1
930 989 3
933 992 3
941 999 3
936 994 3
939 997 1
941 998 1
1042 1043 3
932 990 3
935 992 0
938 997 3
940 997 1
940 998 1
933 990 3
935 993 1
937 996 3
938 996 3
999 1000 3
928 986 3
929 987 3
930 988 3
989 990 3
933 991 3
935 994 2
994 995 2
996 997 3
998 999 2
986 987 3
987 988 3
988 989 3
991 992 3
992 993 1
993 994 2
995 996 2
847 1000 1
990 991 3
997 998 2
