-0.047912 -0.0310682 24.6133
-0.0479123 -0.0310672 24.6133
-0.00824782 -0.0844152 22.7795
-0.0369136 -0.0425204 24.0994
0.00713662 -0.0649794 21.3703
-0.192006 -0.0336359 42.7292
0.0230238 0.0174771 14.6606
0.0462509 -0.0722806 13.3119
-0.0610376 0.46539 22.1692
-0.0149576 -0.173183 28.0661
-0.0296851 -0.0567687 16.9462
0.0503444 -0.115843 -0.897804
0.041426 -0.167374 2.63286
-0.0101069 -0.128365 17.2566
-0.0474556 -0.0854823 27.4983
-0.0383486 -0.0485553 23.6746
-0.0517341 -0.0176523 27.4775
0.0903701 0.0462044 -10.9139
0.0728344 -0.0112438 -3.09221
-0.0876446 0.139956 41.8754
-0.00380201 -0.00562449 5.39619
-0.0434911 0.0401446 24.0105
0.016908 -0.0165546 -5.7473
0.0245781 0.134707 -9.98614
0.0115432 0.0246298 -3.48381
-0.117442 0.0553015 75.2227
-0.102022 0.0596449 66.1898
-0.0857582 0.0783026 56.4086
-0.0366048 0.0262777 27.2336
-0.0498884 0.0104605 35.6504
-0.0266535 -0.00486243 21.0712
-0.0130273 -0.0154207 11.9387
-0.0192567 -0.0150229 16.0488
-0.0192849 -0.0218818 16.2579
0.0180389 0.0568225 -6.26649
-0.02489 -0.02447 21.6719
-0.0167803 -0.0122718 15.0804
0.0368502 -0.0497518 -26.434
-0.0216888 -0.062699 22.1858
-0.014701 -0.0680784 16.4546
0.0158465 -0.0895641 -9.55953
0.00523696 -0.0854208 0.403924
0.161462 0.112319 -148.439
0.0985027 0.0527969 -86.8843
0.0936456 0.0794239 -82.4423
0.11021 0.0794096 -98.0042
0.0975076 0.0820071 -85.5862
-0.0413273 -0.16431 58.6357
-0.00091112 -0.00776099 3.67376
0 0.0213401 6.445
0 0.0122938 6.58152
0.00653789 0.00886608 -0.684837
0.0126046 0.000652424 -7.69106
0.00185857 0.0134254 4.41872
0.00367774 -0.0169347 2.34196
-0.0183749 -0.00833087 28.6024
-0.0496527 0.123482 121.293
-0.155189 0.186581 251.349
0.0689457 0.026445 14.75
0.0675166 0.00573215 15.6755
0.000791684 -0.056701 21.6614
-0.0190404 -0.0289003 22.7116
-0.0354725 -0.0417932 24.0274
-0.0387473 -0.0164718 24.0316
-0.0190791 -0.0265748 21.5494
0.00558992 -0.113785 21.5054
0.00759069 -0.15551 23.1417
-0.00589291 -0.1924 26.883
0.000710972 -0.179367 24.6536
-0.0185865 -0.141103 28.2777
0.0257735 -0.139401 6.077
0.0287584 -0.11901 4.7296
-0.00204891 -0.0944985 13.0722
-0.0254973 0.0240407 17.4635
-0.0284779 -0.0274076 19.7094
0.311065 -0.0184913 -106.426
-0.0800785 0.0735402 41.7837
-0.085303 0.119631 42.2621
-0.0506032 0.0602973 25.1014
-0.0302566 0.0310258 16.8645
-0.030361 -0.00406317 19.1174
-0.00612978 0.002587 6.35253
0.152568 0.117678 -68.9949
-0.0211522 0.0158818 13.8318
-0.034439 0.12453 25.4254
-0.0528646 0.0406345 38.1618
-0.0610464 -0.0293437 44.1197
-0.0485749 -0.034918 36.1246
0.100632 0.168034 -68.1851
-0.0138297 -0.00079903 11.4824
-0.0193604 -0.012046 15.9261
-0.0158418 -0.00552076 13.2799
-0.00971341 -0.0170516 9.67107
-0.00457219 -0.0191493 5.68257
-0.00173656 -0.0204903 3.35402
0.00413439 -0.0308018 -0.685772
0.0176213 -0.0260158 -11.5979
-0.0110054 -0.0433818 12.2719
-0.00410914 -0.0272112 5.98648
0.00905036 -0.0434923 -4.81783
0.0130422 -0.0742865 -7.0734
0.0953421 0.0534331 -83.7342
0.0649248 0.152193 -57.3456
0.0971954 0.0430376 -85.1548
-0.118661 -0.213887 137.995
0.053125 -7.225 116.622
-0.0257593 -0.033585 30.855
0 -0.226397 13.9409
0.0480801 -0.0135993 -47.1712
0.00870426 -0.238134 4.67088
-0.00585938 0.105078 21.384
0.0163702 -0.010149 -0.362577
0 -6.59497e-05 18.0835
0.00129775 0.00196457 16.4698
-0.0257523 -0.262907 73.6911
0.216765 -0.154212 -225.439
0.0175177 -0.0217553 102.235
0.016838 -0.0196325 102.141
0.0120677 -0.0228025 102.318
0 -0.0741914 105.118
0.0408653 -0.131751 104.332
-0.0705769 0.00225084 107.971
-0.0648183 -0.0326606 28.4029
-0.0115573 -0.0892587 23.2977
-0.027657 -0.115668 26.5096
-0.00131226 -0.13675 22.274
0.0386076 -0.12057 12.464
-0.00764401 -0.156922 26.3148
-0.039465 -0.128493 33.0256
-0.0925875 -0.111916 46.1214
0 0 -1
-0.0802143 0.0701213 34.7234
0.537494 0.0970435 -178.773
0.00732548 0.101955 14.8742
-0.0970405 -0.0137577 53.4094
-0.0761967 0.0621392 40.8138
-0.0593524 0.162493 28.6935
-0.0330946 -0.220938 45.0276
0.016745 0.255936 -11.0727
-0.0213898 0.269658 7.04342
-0.0167312 0.270102 5.85941
0.00216851 0.0112115 2.11816
0.136578 -0.0812296 -58.931
0.028052 0.418218 -29.5904
-0.0245774 0.335751 2.20805
-0.0273003 -0.0304409 21.3468
-0.0209487 0.0049741 16.458
0.0444853 0.0614679 -30.3505
-0.0252573 0.000957692 19.7933
-0.0111618 -0.00305668 9.95828
-0.0161071 -0.00146306 13.5829
-0.00662625 -0.00362954 6.50761
-0.000422402 -0.0102999 2.08121
0.00123156 -0.00581194 0.556934
-0.00186928 -0.0151559 3.54544
-0.00336486 -0.0125764 4.75945
0.00135374 -0.0149965 0.89122
0.00844006 -0.022977 -5.10891
0.0102111 -0.0165848 -6.90403
0.0194607 -0.0454957 -14.2032
0.00674323 -0.0133213 -3.15289
0.133789 0.0683594 -129.188
0.000529359 -0.0213279 2.6624
0.0156609 -0.00938418 -12.5875
0.0035062 0.0316022 -4.47529
-0.00536718 -0.255205 22.3902
-0.00977978 0.0346456 9.74407
0.0213925 0.0293029 -24.5159
-0.0464179 0.0092701 67.0712
-0.0646925 -0.16872 97.5723
0 -0.0759748 18.6021
0.0104613 -0.18145 12.4342
0.498047 0.330078 -592.669
-0.00260575 -0.0753145 21.7793
0.0186313 -0.0216061 102.217
0.0176046 -0.0198125 102.126
0.0116538 -0.0166875 102.218
-0.00867097 -0.00552242 102.857
-0.0399507 0.00958546 104.628
-0.080229 0.0103501 108.728
-0.0930381 0.00377419 111.065
-0.0447935 -0.0790339 27.5485
-0.0581387 -0.0915669 30.7495
-0.0178212 -0.128429 24.7622
0.0367246 -0.124859 13.4677
0.0197889 -0.107741 16.5165
-0.0188606 -0.0903867 25.1508
-0.107522 -0.0900716 48.9858
0.121728 0.00876127 -19.7509
0.133908 -0.0141427 -21.7245
-0.0130244 -0.0350659 18.1386
0.015026 -0.634059 59.503
-0.0438768 -0.113219 37.5248
-0.0212765 -0.147213 31.0506
-0.053503 -0.217393 49.0827
-0.0303442 -0.415903 53.9732
-0.0218939 -0.0159173 15.4296
-0.0111869 -0.014116 10.2536
0.262737 -0.198367 -113.777
0.0175021 -0.00971263 -3.82547
0.00730827 -0.020791 2.62856
-0.0195809 -0.00159648 16.5387
-0.015613 0.0260587 11.037
-0.0261113 -0.00683602 20.5652
0.000352705 0.0104874 2.32947
-0.0291061 0.0208273 21.4903
-0.0293504 0.0102528 22.0258
-0.00780757 0.00639383 6.97474
-0.00160077 0.015205 1.81101
-0.0014304 0.0357177 0.0274382
0.0036775 0.0264746 -3.27457
-0.0113445 0.00698762 10.3258
-0.0114471 -0.0150926 12.0057
-0.00109125 -0.0111881 2.81361
0.00485835 -0.00907503 -2.48547
0.00790571 -0.00660141 -5.53386
0.015132 0.00503438 -13.3489
0.015468 -0.0278266 -11.0003
0.00904871 -0.00586791 -6.43023
0.00570307 -0.00822395 -2.36676
0.00930286 -0.0105997 -6.73017
0.0100535 -0.00923956 -7.59213
0.0103852 0.00224404 -8.38232
0.0121859 -0.00253577 -10.2553
0.00826023 -0.00215315 -5.56544
0.0107952 -0.00377157 -7.96249
-0.145286 0.0867084 174.697
-0.0678476 0.0741694 87.1849
-0.136228 -0.00649306 205.109
0.0124273 0.159396 -11.5606
0 0.176876 2.01874
-0.0567701 0.153854 73.7977
0.0195325 -0.0212946 102.182
0.0195739 -0.0201886 102.086
0.0188082 -0.0180945 101.93
0.00114446 0.00613931 5.14803
-0.00816659 0.00686302 5.86942
-0.0824728 0.0384395 106.759
-0.107894 0.00453398 112.673
-0.0158519 -0.00452013 7.8907
-0.0110262 -0.00274815 6.33792
0.0140603 -0.0003497 1.72452
-0.00843027 0.00612059 5.8102
-0.0122184 -0.00213506 7.48799
-0.0121359 0.0177512 5.2401
0.010698 0.0177067 -0.834852
0.179853 0.01152 -50.7826
0.0369508 -0.00623383 9.7423
0.0041555 -0.0448788 12.3769
0.0079347 -0.056243 12.2462
-0.021086 -0.127099 30.3391
0.0206789 -0.0211623 -2.20648
0.00674606 -0.0216896 3.6474
-0.0150245 -0.0143499 12.7975
-0.0214245 -0.0288905 16.7304
0.00166792 -0.0281142 4.92163
0.0102672 -0.0366714 1.64656
0.0159023 -0.0382792 -0.328734
0.0191638 -0.0608502 -0.383545
0.0293629 -0.0451563 -7.81531
-0.0253666 -0.00347807 20.2033
0.00124531 -0.000704873 2.63442
-0.0153855 -0.00454443 14.4939
-0.0324683 0.00604634 24.4084
-0.0217231 0.000185466 17.4271
-0.00910824 0.00748879 7.8653
0.0148391 0.0189933 -10.5926
-0.0025261 0.0187567 2.77371
-0.0210937 0.00776228 18.1321
-0.023747 -0.00535678 21.3067
-0.0180236 -0.00602343 16.7628
-0.00389479 0.000348103 4.19138
0.00219092 -0.00555514 -0.382939
0.00745226 -0.00435398 -5.27472
-0.0941354 0.0199838 83.9697
0.00864975 -0.0158503 -5.29059
0.00937958 -0.00265723 -7.01193
0.00631628 -0.00414812 -4.2761
0.000932433 0.00875075 0.370229
0.0108339 -0.00306272 -8.92296
0.0116843 -0.00395476 -9.69381
0.0140978 -0.00238698 -12.3417
0.0175597 -0.0020196 -16.0725
0.0111421 0.00425739 -10.5658
0.0116383 0.00543746 -10.0336
-0.0376065 0.260988 67.182
-0.122917 -0.349219 219.052
0.021039 0.139006 -5.04734
0.0671759 0.132454 -60.5015
0.0171861 0.0082278 -15.6396
0.00825163 0.0189161 3.09672
0.00840086 0.0175209 3.25746
0.00982862 0.00633822 4.48792
-0.000473626 0.00989585 4.91303
-0.0129339 0.0101445 5.99973
-0.0166081 0.0135293 5.8875
-0.0409006 0.0144772 9.64667
-0.0115715 0.00440365 5.54506
0.00790645 0.0122946 1.32617
0.00733893 0.0231502 0.497808
-0.0077975 0.0195505 4.08556
-0.00630226 0.0212183 3.35492
0.0284918 0.0324509 -7.18143
0.0381765 0.0373666 -10.7326
0.0844198 0.0318253 -23.9453
0.00182597 -0.0153964 22.4655
0.00381279 0.0328409 -2.19086
0.00418702 0.0433736 -4.03928
0.0175052 0.00368197 -3.7422
0.0164638 0.0112571 -3.89869
-0.0089641 -0.00224476 8.6003
-0.0334314 -0.0264406 22.6769
-0.0280778 -0.0307557 20.8409
0.0073885 -0.044953 4.09421
0.0193007 -0.0518444 -1.08487
0.00825185 -0.0645985 7.01298
0.0101273 -0.0499002 3.52226
0.0308056 -0.0478786 -8.51347
0.0034072 -0.0481205 8.23685
-0.0124362 -0.0171298 13.367
-0.00432927 -0.0222823 9.0024
-0.0262026 0.00154853 20.4004
-0.0103612 0.0110108 8.34588
-0.000437872 0.00644773 1.84358
0.00768589 0.00570262 -3.71004
-0.011102 -0.0080798 12.0528
-0.0174213 -0.0028411 16.2828
-0.0227328 0.00483868 19.5231
-0.0159243 0.0047597 13.9048
-0.00548451 0.00411952 5.11021
0.0148432 0.00849421 -13.0384
0.0130817 -0.000231804 -10.7162
-0.0386719 -0.0764323 44.047
0.00394884 0.00569897 -3.44942
0 0 -1
0.0105022 0.00273208 -8.72043
0.0149359 0.00386096 -12.8401
0.0138214 0.00633906 -13.0687
0.0159404 0.00196678 -14.7568
0.0155758 0.00242356 -14.4192
0.0174902 0.00258159 -16.4987
0.0150675 0.0142181 -16.5174
0.0180431 0.0034722 -17.1455
0.014863 0.00925829 -13.7968
0.0222532 0.00802696 -21.7109
0.023622 -0.00165002 -21.6812
0.363083 0.265239 -435.593
0.383992 -0.0510024 -461.889
0.007471 0.0202465 2.94329
0.00750057 0.0202415 2.94209
0.00487324 0.0139453 3.90647
5.80534e-05 0.000526432 6.24522
-0.0138244 0.00587249 6.70278
-0.083012 -0.00870836 15.3842
-0.0420457 0.0027043 10.7518
-0.0271406 0.00311656 8.36007
0.0111982 0.0178446 -0.275431
0.0228718 0.0302903 -3.46608
-0.00844907 0.0295869 3.13896
0.00216256 0.031518 0.196226
0.00950248 0.035335 -2.27614
0.0373845 0.0315662 -9.7276
0.0714178 0.0271472 -19.4083
-0.0696924 -0.0130407 45.8288
-0.00942943 0.0385554 1.44573
-0.0215611 -0.00553749 33.3346
0.0219048 0.0422615 -10.5953
0.0123098 0.0114237 -2.27105
-0.0128152 -0.0100935 11.3021
-0.0413403 -0.0150547 24.9929
-0.0387143 -0.0239422 24.5643
-0.0200588 -0.0212023 14.8936
-0.00676107 -0.0549986 13.4328
0.0125569 -0.0416061 1.27602
5.04417e-05 -0.0416625 8.99524
0.0287605 -0.0324731 -9.97094
0.00836179 -0.0255201 1.8971
-0.00715637 -0.0389857 13.3505
0.0842393 0.169472 -68.0688
-0.0387683 -0.00704062 38.8806
-0.0246764 0.000286685 20.0275
-0.00259207 -0.00647287 5.16877
0.000519524 -0.0100566 3.66968
-0.00853529 -0.00297788 9.19205
-0.015004 -0.000142876 13.9716
-0.0163805 0.00506712 14.3996
-0.0178637 0.00676827 15.2498
0.00722351 0.0155498 -7.40014
0.0134011 0.0204299 -13.5806
-0.0633878 -0.0804332 68.2431
0.00375513 0.00830047 -2.62321
0.013602 0.000253685 -11.1935
0.0112477 0.00946663 -10.072
0.00167973 0.016782 -2.68524
0.0110811 0.00736644 -9.45182
0.0582668 0.0769832 -37.6756
0.275591 -0.0208458 -245.867
0.015574 0.00683052 -14.976
0.000417164 -0.084289 11.6814
0.0165471 0.00582918 -15.8237
-0.0963968 -0.082603 163.174
0.0175377 0.00294379 -15.5409
0.0153729 -0.00309078 -11.7182
0.0212852 0.00383064 -19.9346
0.0643825 0.0472292 -79.1283
0.0238927 0.00809669 -23.6614
-0.0932816 -0.0631632 39.6559
-0.00786516 0.0115174 24.7312
-0.00284927 0.0263903 2.53193
-0.00985266 0.0196987 4.00018
-0.0503676 0.00500282 10.0794
-0.258566 -0.0375646 138.149
-0.0126181 0.0286571 2.71793
0.00791116 0.0435063 -3.11921
0.00943886 0.032068 -1.25611
0.010176 0.0237789 0.045005
-0.00346103 0.0164332 4.055
0.00380064 0.0220731 1.28269
0.00906425 0.0196536 0.172936
0.0237497 0.00311142 -1.59193
0.0515882 0.00879062 -10.7007
-0.288205 -0.0192382 119.052
-0.00504019 0.0360678 0.160518
0.00990317 0.054903 -8.0926
-0.0245052 0.0200473 11.3595
-0.0183411 0.0060056 11.1703
-0.0309201 -0.00372946 18.0646
-0.0454268 0.0140538 21.9963
-0.0399447 -0.0029355 22.0416
-0.0219542 -0.00716349 13.9064
-0.00771637 -0.027261 9.73445
0.0111807 -0.0393287 1.47886
-0.15029 -0.218344 119.981
0.00128356 -0.0242958 5.485
0.0149555 0.0183654 -9.86071
0.389544 -0.00460843 -248.512
0.353985 0.114111 -244.178
-0.0324254 -0.0126475 35.4004
-0.0122678 -0.0129082 12.977
0.00147942 -0.00854306 2.30579
0.000332095 -0.00105705 2.18233
-0.00370507 0.0183842 1.97874
-0.00723834 0.0019086 7.44038
-0.0127712 0.00221581 11.7927
-0.0106713 0.00508649 9.46177
-0.00925041 0.0162593 6.5633
0.0137626 0.0123634 -12.6965
0.0273873 0.0216687 -25.8968
-0.0113665 0.0160143 10.699
-0.0120728 0.060829 3.69083
-0.00223444 0.042743 -3.36781
0.0138499 0.00674484 -12.3919
0.0121157 0.00131956 -10.127
0.243375 0.00198809 -215.902
0.294863 0.0670721 -279.122
-0.00376866 -0.134015 60.9964
-0.000919697 -0.0444929 43.4192
-0.0028605 -0.122648 58.2991
-0.121319 -0.0706711 189.65
-0.119486 -0.059831 185.783
0.0166223 0.0148743 -15.0378
0.017434 0.0144733 -15.922
0.0272847 0.00237753 -26.8129
0.0153309 -0.00413423 -10.0573
-0.0973419 -0.0642365 39.8876
-0.085493 -0.0716108 40.9621
-0.0548055 0.563896 -87.7437
-0.0143898 0.688726 -113.209
-0.00235182 0.664959 -109.731
-0.28191 -0.0155504 137.76
0.00390429 0.0356728 -0.704388
0.00342321 0.0428714 -1.86757
-0.0467742 0.151263 -0.263565
0.00403331 0.0394199 -1.51487
0.0147099 0.0349217 13.943
-0.0808978 0.0715311 22.7129
-0.0732498 0.0733487 20.7381
-0.0629653 0.0788339 16.4569
0.506704 0.0088872 -143.677
-0.333301 -0.0369048 136.883
-0.0273148 0.0635216 4.31143
-0.0558001 0.0993441 9.35749
-0.0449787 0.0963069 6.16485
-0.0347239 0.0621836 7.98992
-0.0163091 0.0874588 -4.55465
-0.0339347 0.0577926 9.11532
-0.036517 0.0609348 9.43832
-0.136093 -0.017929 79.4102
0.0573681 0.145136 -50.3084
0.125334 0.0907962 -76.3924
0.0960154 0.0887711 -59.2522
0.0687838 0.0260881 -31.0149
0.00882661 -0.0125896 -0.966726
-0.0496761 0.295933 -21.0212
-0.0212373 0.209432 -22.846
0.02477 -0.0141887 -3.26724
0.00871722 0.00761317 -5.80104
0.0191871 0.0276464 -16.948
0.0149657 0.0451681 -16.9222
-0.0121159 0.0467116 3.08926
-0.00660481 0.0279817 2.21818
-0.0165192 0.0314757 9.22827
-0.00808603 0.0201966 4.56001
0.020254 0.0156185 -19.0259
0.0226485 0.0320763 -23.8549
-0.0673202 0.135563 38.7924
0.00667999 0.0555529 -13.3801
-0.0162726 0.035967 12.1272
-0.00109882 -0.0999259 22.0621
-0.0178939 0.0293486 14.664
0.0116071 0.0176676 -12.0424
0.210586 -0.00771524 -183.27
0.0256122 -0.00287355 -21.9179
0.0211899 0.00606508 -18.5834
0.01899 0.00981478 -16.8232
0.013539 0.070794 -20.419
0.00386051 0.0740315 -10.3715
0.0178534 0.00972885 -15.5296
0.0178527 0.0136637 -16.2637
0.0179425 0.0134258 -16.3303
-0.0465365 0.00392573 64.4088
0.0349803 -0.00238648 -35.164
-0.107898 0.312597 -32.2768
-0.116587 0.342146 -38.3972
-0.0811903 0.452242 -63.6468
-0.0142763 0.378171 -52.8445
0.00665086 0.400715 -59.0949
-0.262087 0.00613599 131.199
-0.280082 0.00400671 133.539
-0.0299664 0.196936 -12.2708
-0.0212988 0.218534 -18.5493
0.188113 0.142001 -43.6945
-0.0522498 0.0784258 20.3362
-0.0602491 0.0661052 18.0866
-0.077092 0.0761415 20.7669
-0.0752812 0.0569776 23.9105
0.430119 0.023284 -122.718
-0.365125 -0.0522496 150.112
-0.107133 0.122871 23.8323
-0.126159 0.173726 21.5178
-0.0758356 0.0519897 28.2056
0.00155779 0.0996995 -14.3067
0.0149765 0.214946 -42.4864
-0.00996578 0.300987 -49.1068
0.00280682 0.236416 -42.2514
0.0440945 0.216728 -58.4858
0.0240242 0.178849 -40.472
0.0793723 0.143317 -61.6353
0.0703721 0.0886837 -44.206
0.0141044 0.0454728 -2.42856
-0.461944 0.107118 274.529
-0.00889156 0.28099 -43.9043
0.00965193 0.26851 -53.4947
0.0387225 0.0686803 -30.1193
-0.0357866 0.293921 -29.1728
-0.0407219 0.258053 -18.2308
-0.0452114 0.15886 6.33154
-0.0387956 0.127783 8.24828
-0.0210927 0.0898429 1.84274
-0.0237885 0.0877651 4.26483
-0.0153877 0.0838225 -1.88014
-0.0175235 0.011478 14.6229
-0.00610438 0.00709698 5.95778
-0.0390042 0.0910338 22.962
-0.0357019 0.101078 17.054
-0.151968 -0.0083562 153.226
-0.055092 0.22008 17.9701
0.00129991 0.010055 -0.411956
-0.00249979 0.0235199 0.251249
0.206851 0.237897 -226.94
0.0181087 0.00284788 -14.4685
0.018465 0.00478446 -15.2695
0.018465 0.00478446 -15.2695
0.11676 -0.297163 -27.4589
0.188038 -0.34285 -97.7833
0.0181885 -0.00102976 -13.8162
0.0180595 -0.00121691 -13.6505
0.0176439 -0.00339356 -12.7522
0.0572299 0.00596681 -64.8627
0.0575172 0.00584579 -65.2272
-0.113775 0.32543 -34.9046
-0.105121 0.320806 -34.0436
-0.0898832 0.328106 -36.5337
-0.0190966 0.33405 -42.5311
0.0513352 0.393615 -61.6828
-0.273695 0.0134287 130.883
-0.27898 0.00924127 132.259
-0.0593072 0.205586 -8.04367
0.00568727 0.154101 -8.68051
0.0419557 0.1641 -18.2113
0.014445 0.244676 -30.5185
0.241555 0.00538366 -27.0134
0.458549 0.170555 -139.355
-0.0111511 -0.00931321 33.3637
-0.0119777 0.00966951 30.0881
-0.152493 0.156533 34.6027
-0.0266972 0.0176743 39.9937
-0.0423663 0.279016 -32.2355
-0.0299355 -0.081069 51.1372
-0.00205004 -0.125592 48.6052
0.00539739 0.279583 -52.0989
-0.00620985 0.282786 -47.227
0.01027 0.263202 -51.3757
0.0072592 0.266826 -50.446
0.0267774 0.174365 -40.3443
0.0509533 0.12274 -41.5482
0.0377744 0.0796483 -24.1464
0.0060613 0.0661592 -2.67805
-0.0607017 0.112211 27.8472
-0.00756651 0.265588 -40.8217
-0.0472791 0.313118 -25.5445
-0.0261038 0.0852603 10.5457
-0.0631745 0.225838 4.98464
-0.0901422 0.172437 36.5954
-0.0791144 0.0908317 47.6282
-0.0568841 0.0572528 37.7765
-0.0111761 0.025093 9.59598
-0.0125132 0.0747322 -1.41497
0.0939148 0.08368 -89.7122
0.120096 0.225898 -144.332
0.0933084 0.28267 -134.676
-0.0254393 0.159723 -3.594
-0.028086 0.149728 0.930951
-0.00150337 0.177726 -24.0436
0.00285677 0.201172 -33.5085
-0.0465297 0.202989 13.4968
-0.00289203 0.184476 -25.1651
-0.0115092 0.152401 -7.27083
-0.0115092 0.152401 -7.27083
-0.0115092 0.152401 -7.27083
0.337191 0.0525545 -342.697
0.126846 -0.0796545 -85.1534
0.100676 -0.0105114 -71.0882
0.193443 -0.00871208 -196.787
0.0137145 -0.00894162 -6.82304
0.00959582 -0.0220776 1.02736
0.0320657 0.00921585 -35.0448
0.0061049 -0.041463 9.61562
0.0497062 0.269927 -35.2393
0.061895 0.246669 -29.8265
-0.10094 0.241398 -15.712
-0.0786595 -0.0446084 52.8827
0.206169 0.00333757 16.1417
0.26496 0.190533 -36.3459
-0.0851843 0.11474 28.0868
-0.0469543 0.114381 11.3315
-0.0265276 0.131159 2.97326
-0.00955657 0.024686 35.8066
-0.0300921 0.00853085 44.1875
0.260417 0.0145685 -33.9589
-0.177995 -0.00178315 83.7085
-0.10177 -0.0477957 69.0844
-0.0764455 0.170874 5.91986
-0.0455098 0.232077 -19.5265
-0.0631155 0.243805 -15.8546
0.00729776 0.263025 -46.6823
0.0218133 0.286552 -58.9141
-0.0173506 0.315582 -50.7668
-0.00173696 0.285038 -49.9323
0.00900168 0.302223 -59.1679
0.00108106 0.293489 -52.7786
-0.0222984 0.285648 -39.6614
-0.00837436 0.249711 -38.3198
-0.0341797 0.165595 -4.09914
0.034752 0.0788525 -22.5414
0.0329925 0.0889406 -23.5983
-0.0118202 0.150526 -11.7778
0.0662125 0.216696 -76.4008
0.0593985 0.269235 -84.3631
0.00214073 0.335057 -62.6565
-0.155673 0.488931 9.17019
-0.118528 0.115035 70.161
-0.100132 0.0810817 64.873
-0.099847 0.00805963 81.8517
-0.0171135 -0.0328978 28.2178
0.00325897 -0.00390323 4.68604
0.0597565 0.027778 -49.414
0.10886 0.260058 -142.568
0.0923469 0.241872 -123.295
0.13217 0.312704 -175.23
-0.0172733 -0.0326362 30.0393
-0.0117976 -0.0231213 22.3006
-0.0193281 0.202838 -12.5002
-0.0188969 0.0129135 19.3554
0.0835759 0.30129 -139.288
0 0.0432963 -4.72036
0.0584704 -0.0324076 -47.2114
0.0497022 -0.0605351 -30.8777
0.155001 0.061042 -148.495
-0.000126071 0.0122656 21.69
0.000221754 0.011407 21.5008
0.184585 -0.00825179 -186.67
-0.00056251 -0.0329961 15.733
-8.11001e-05 -0.0425925 17.4875
0.0234385 -0.00569661 -21.1269
0.0153644 -0.0634423 3.69676
0.0174387 0.00518782 33.605
0.007331 -0.0103707 38.0875
-0.0066942 -0.0147215 40.0257
-0.0545834 -0.0430589 50.5461
0.224403 -0.00254507 16.0486
-0.0828757 0.00889063 45.2281
-0.0712686 0.124135 12.4077
-0.0354693 0.123813 5.93612
-0.0334847 0.171974 -7.10301
-0.0321516 0.147947 -0.459257
-0.0400184 0.15114 -0.153067
-0.00317448 0.194133 -20.747
-0.0343853 0.218513 -19.4352
-0.0358771 0.211556 -17.4409
-0.00900475 0.234955 -32.291
-0.0234322 0.297412 -44.4117
-0.0027268 0.306165 -53.7231
0.0110655 0.309238 -60.7108
0.0309968 0.308067 -68.2414
-0.0137407 0.32751 -55.5458
-0.0040324 0.31971 -57.4391
0.00301561 0.303294 -56.3175
-0.0108708 0.281031 -43.6687
-0.0289986 0.261978 -30.0059
-0.0155077 0.244805 -31.9833
-0.030825 0.241919 -23.8275
0.0579235 0.0468571 -27.3859
0.0679934 0.090397 -44.5838
0.057952 0.176034 -60.9864
0.10532 0.245784 -109.668
0.109045 0.23955 -109.49
0.0984337 0.247857 -104.839
0.103694 0.253447 -110.18
0.229369 0.103565 -158.014
-0.0174404 -0.0539596 53.4076
0 -0.0202776 11.4633
0.00852968 -0.0208225 4.83411
0.000898657 -0.0173952 10.0659
-0.00155476 -0.0159651 11.7999
0.00222708 -0.0970358 30.6284
-0.0164531 -0.00051568 19.5738
-0.012138 -0.0345097 25.81
-0.0111812 -0.0311291 23.973
-0.0699959 -0.037018 81.3104
-0.0173858 -0.00882827 23.6044
-0.0154056 0.00225849 18.5532
-0.00993952 0.00723757 11.7326
0 -0.0624632 22.3545
0.00485989 0.00667326 -3.38623
0.00774228 -0.0799181 18.9275
0.355305 0.0684707 -370.186
0.00101753 -0.0972486 31.2925
-8.40072e-05 -0.0980885 32.7692
-0.00640759 -0.0929023 38.5628
-0.00862994 -0.0675183 34.1999
-0.0081206 -0.0558028 30.445
0.0197482 -0.00890012 -16.0687
0.0137924 -0.0105177 -7.96158
0.00744101 0.00426626 33.9654
0.00534019 0.0023442 34.5701
-0.0988017 -0.0925862 81.6478
-0.0887194 0.00211522 53.229
-0.0719382 -0.0056511 53.763
-0.128208 -0.0991883 88.296
-0.143868 -0.0251985 69.3681
-0.0734466 0.164466 2.21339
-0.0372898 0.194811 -12.6839
-0.038587 0.185795 -9.74367
-0.0242893 0.201395 -17.1405
-0.000484884 0.279374 -44.7562
-0.0366466 0.210869 -16.6117
-0.0220619 0.189186 -14.7653
0.0193382 0.189853 -27.4293
0.0262041 0.274539 -54.1633
0.0346186 0.312858 -68.6512
-0.0269376 0.343188 -54.5538
-0.00987878 0.312169 -52.4569
-0.0099857 0.3001 -49.5011
-0.0134999 0.295388 -46.4228
-0.0105375 0.287388 -45.8166
-0.0175422 0.278103 -39.3058
-0.0386803 0.257502 -23.767
-0.0380902 0.237056 -18.2275
-0.0356797 0.245397 -22.0722
-0.0285983 0.249502 -27.2865
-0.0128368 0.263192 -40.5754
0.0269861 0.280966 -70.1197
0.0695671 0.275595 -94.9882
0.104946 0.25571 -111.845
0.0861439 0.248818 -97.1732
0.0685642 0.23943 -81.993
0.0591657 0.287056 -89.8599
-0.663319 0.146073 482.327
-0.00867386 -0.0516541 26.5904
0.00662234 -0.0222582 6.22825
-0.00379417 -0.0142947 12.8619
-0.00586683 -0.0155361 15.0921
-0.0164261 -0.00412965 20.6726
-0.00793537 -0.00193416 12.2666
-0.00916483 0.00121948 12.4554
0.000559039 0.00399232 1.67691
-0.00508879 -0.0197808 15.0272
-0.000386563 -0.0970132 32.8269
-8.39091e-05 -0.0911708 30.7855
-0.00862037 -0.000555295 12.5864
-0.00254382 0.00569143 4.6386
0.00882046 0.00497297 -6.75755
0.00290665 -0.0850191 25.5875
0.00371186 -0.0898261 26.1308
-0.00629582 -0.0133413 14.0992
0.000932433 0.00875075 0.370229
0.0105977 -0.00899737 -5.74194
-0.00251418 -0.0860893 32.0989
0 -0.0251874 34.2061
0.00198369 -0.0758047 23.4845
0.0140723 -0.00655447 -9.34699
0 0 -1
0.168747 0.587364 -149.606
-0.0180347 -0.054018 64.6778
-0.0331992 0.0704812 27.1033
-0.055549 0.0349822 39.4979
-0.0328749 0.159549 -2.25007
-0.0292656 0.155477 -1.68006
-0.0327473 0.162252 -2.98117
-0.0276841 0.176872 -8.38783
-0.0506602 0.128024 10.4547
-0.0175989 0.160063 -5.78244
0.0462693 0.163736 -15.9212
-0.367599 0.0457041 125.962
0.0129828 0.11196 -2.17848
0.0382861 0.178627 -31.0717
0.0472429 0.0973153 -8.30351
0.0704164 0.67625 -207.406
0.165764 0.27044 -103.019
-0.0200507 0.235237 -25.3453
-0.0223998 0.279625 -37.5607
-0.0353919 0.216104 -12.6854
-0.0306607 0.273407 -32.2994
-0.0213658 0.275155 -37.3117
-0.0910873 0.0944499 37.2064
-0.0412449 0.256691 -21.7123
-0.0404552 0.26495 -24.7672
-0.0304027 0.239317 -23.1739
-0.0186509 0.232963 -27.7852
0.00982682 0.266871 -55.2602
0.0713174 0.265249 -92.8068
0.086789 0.260323 -101.252
0.0804105 0.257057 -95.9025
0.0787182 0.251059 -92.6762
0.0731015 0.264595 -92.7873
0.0572733 0.270521 -83.3065
0.00662234 -0.0222582 6.22825
0 0.250236 -33.6051
-0.00412669 0.231537 -24.4581
0.00871286 0.0478766 22.7834
0.0289626 0.190165 -39.6224
0.0138778 0.199671 -29.9684
0.00403597 0.0481601 26.3535
0.00647598 0.0715079 16.6146
-0.00815263 0.174332 -2.18132
0.0356472 0.0746089 -12.8487
0.00364776 0.225718 -29.5461
0 0.19791 -17.1902
0 0.226193 -26.1279
0.0204472 0.212071 -43.1425
0 0.226193 -26.1279
0.00617801 0.0578717 20.103
0.0148263 0.213864 -38.7643
0 0.250236 -33.6051
0.0110928 0.12323 -6.62162
0.00320831 0.211987 -25.3506
-0.00356123 0.0789042 24.5
0.00572026 0.19914 -24.681
-0.00236465 0.0312467 38.3281
0.0266825 0.245981 -35.3898
0.0350844 0.197571 -19.0185
-0.00464273 0.173495 -9.09963
-0.0226989 0.141774 3.62489
-0.0436114 0.141776 4.99719
-0.0323889 0.148808 1.33764
-0.0340407 0.127301 8.53794
0.00375094 0.145741 -4.11177
-0.0120705 0.161732 -6.8456
0.0399508 0.244807 -44.4383
0.181483 0.477005 -152.887
0.0190297 -0.121501 77.6128
0.0681909 0.113057 -19.073
0.0695958 0.236096 -60.1302
0.0909877 0.319526 -94.0601
0.0435498 0.312035 -77.0164
0.00789745 0.372527 -85.4133
-0.280857 0.419476 4.39501
-0.0275838 0.227888 -20.0642
-0.107204 0.149016 39.1508
-0.0111953 0.236487 -29.8234
-0.0112121 0.248844 -33.9473
-0.005441 0.254345 -38.4853
-0.00313853 0.251721 -38.7291
-0.027547 0.279175 -35.4818
-0.0334908 0.284187 -33.9813
-0.0271306 0.29759 -41.4066
-0.003446 0.302912 -56.4055
0.00901675 0.304903 -64.6611
0.0293257 0.296216 -74.5184
0.0506578 0.278873 -82.52
0.0655195 0.263879 -87.3771
0.0711573 0.258955 -89.5518
0.0488739 0.285904 -82.1317
0.0728196 0.273394 -95.9252
0.0786166 0.27547 -100.825
0.0585046 0.244456 -74.6423
0 0.00476816 53.06
0.0147873 0.216661 -29.7916
0.000606065 0.206412 -14.4304
0.00333625 0.574753 -143.73
0.000245556 0.201392 -12.3896
-0.14069 -0.0348385 260.296
-0.0287925 -0.0225189 153.828
-0.0273621 -0.0242137 153.049
-0.0273621 -0.0242137 153.049
0.099459 0.309758 -180.132
-0.0295349 0.260604 -33.4129
7.09853e-13 -0.14182 166.392
6.91923e-13 -0.14182 166.392
0.0141359 0.254849 -76.8407
1.85644e-13 -0.14182 166.392
1.85644e-13 -0.14182 166.392
0.00984974 0.246889 -70.1586
0.295319 -0.472212 -89.083
0.3265 -0.341777 -170.369
0.016467 -0.145264 147.121
0.016467 -0.145264 147.121
0.00413316 0.234231 -31.09
0.00122375 0.19608 -17.4056
-0.0109506 0.156717 -2.78094
-0.0227696 0.13039 7.41374
-0.0330744 0.13848 5.06169
-0.0263152 0.0868539 22.8073
-0.0212598 0.12443 8.56297
-0.432684 0.158019 65.9218
0.206546 -0.0589707 34.636
0.178653 -0.0496379 28.5418
0.231703 -0.0783835 27.5096
-0.11165 -0.0636703 97.8035
-0.099776 0.123774 27.1623
0.139832 0.325425 -110.943
0.0783513 0.361859 -104.767
0.0824976 0.325384 -93.0701
0.0152362 0.359701 -83.529
0.00115341 0.298781 -56.6244
-0.0170425 0.240456 -28.7171
-0.0269883 0.233673 -22.3216
-0.00856251 0.234908 -30.5057
-0.000757994 0.244673 -37.4136
-0.00176945 0.250292 -38.908
0.000989097 0.265008 -45.2913
0.0921159 0.208827 7.00325
0.0924268 0.202576 9.10556
-0.00474843 0.299263 -54.3444
-0.00252792 0.301406 -56.4323
0.00491845 0.300374 -60.6005
0.0186864 0.293312 -66.7494
0.0362874 0.280068 -73.454
0.0547265 0.266333 -80.8784
0.0682912 0.258323 -87.3419
0.0739674 0.258626 -91.4059
0.0653547 0.267953 -88.2636
0.0700056 0.260342 -89.0643
0.0742319 0.27853 -98.6976
0.0305331 0.242492 -51.5536
0.0199415 0.195488 -26.0646
0.00477003 0.237471 -28.2097
-0.0158579 0.27248 -22.9011
-0.0195959 0.180816 13.1827
-0.0160069 0.188908 7.04087
0.00168617 0.18559 -8.09431
0.00208502 0.182194 -7.26222
0.00214554 0.180143 -6.58757
0.00170311 0.178955 -5.72094
0.000600711 0.178273 -4.35716
-0.000611775 0.177928 -2.9808
-0.00164147 0.176676 -1.45198
-0.00201961 0.174968 -0.443214
0.0610772 -0.0965695 50.9011
0.0718366 -0.141378 55.2038
0.0557535 -0.139354 72.336
0.00302462 0.18499 -10.1299
0.00300108 0.184997 -10.1045
-0.231892 -0.302046 456.665
-0.231849 -0.303773 457.214
-0.0169987 0.228543 -28.8402
-0.0210316 0.19265 -15.4692
-0.0277081 0.154376 -1.0346
-0.0343617 0.133918 6.91634
-0.0434267 0.104241 18.4256
-0.0618481 0.0724337 31.9575
-0.0380463 0.0417189 39.7024
-0.791111 -0.0123314 189.189
0.230261 -0.0648983 32.5166
-0.223424 -0.164484 157.75
0.222622 -0.0739019 27.959
0.232444 -0.0833098 29.022
-0.215049 -0.131838 163.467
0.0969968 0.462327 -146.222
0.0996792 0.371793 -114.808
0.019987 0.362716 -86.2628
-0.00491233 0.345697 -71.4227
-0.0233574 0.29816 -47.1536
-0.0319006 0.25365 -27.4593
-0.0334491 0.241587 -22.4005
-0.00798946 0.244583 -34.1741
-0.000629826 0.243596 -37.0928
-0.000248091 0.245381 -37.9092
0.00717784 0.262245 -47.4475
0.00949636 0.267762 -50.4613
-0.000172291 0.290032 -53.4861
-0.00327569 0.299032 -55.1015
-0.00284567 0.300307 -55.8537
0.00221607 0.298246 -58.1846
0.0132398 0.292165 -62.8748
0.0287878 0.281408 -68.9876
0.0469255 0.26877 -76.4355
0.0614721 0.257756 -82.3587
0.0678469 0.248959 -83.5695
0 0.411318 -99.5592
0.0650389 0.273385 -90.0191
0.0747359 0.266257 -94.8947
0.000745494 -0.964266 414.829
-0.00673242 -0.940686 412.271
-0.00439395 -0.787599 353.513
-0.00421609 -0.811131 362.129
3.20023e-05 -0.930036 402.522
-0.00316751 -0.924443 403.337
-0.000586086 -1.0331 440.69
7.3914e-05 -1.03659 441.357
0.000466494 -1.04169 442.865
0.000452116 -1.04677 444.762
-4.96889e-05 -1.05004 446.484
-0.000828884 -1.05015 447.335
-0.00149263 -1.04584 446.439
-0.00176339 -1.03739 443.599
-0.00114749 -1.02139 436.985
0.000216519 -1.00518 429.45
0.0031324 -0.966908 411.914
0.0031144 -0.966778 411.887
0.00307539 -0.966374 411.784
-0.235601 -0.293654 458.184
-0.234607 -0.297391 458.301
