-0.0619304 -0.0319666 24.6084
-0.0659135 -0.0139941 24.5212
-0.0572295 -0.00224195 23.7422
-0.031891 -0.0090841 22.4869
-0.024417 -0.0233078 22.2464
0.00541542 -0.106471 20.3521
0.000252483 -0.139578 22.2003
0.0410747 -0.267627 17.7465
0.0146162 0.168763 5.54745
0.0516726 0.143761 -1.2727
0.346682 -0.127656 -68.2758
-0.0589385 -0.06123 22.954
-0.0396927 -0.158401 26.9678
-0.0515808 -0.110114 28.9704
-0.0778575 -0.0486303 37.0861
-0.0845457 0.0356525 36.8326
-0.0717355 0.0425426 32.4614
0.0700826 0.0229218 -0.544386
0.035392 -0.0339996 0.129115
0.0701534 -0.0201908 -14.2474
0.0851648 -0.0407352 -20.1694
-0.0191574 0.0166145 27.2698
-0.143652 -0.119219 86.8713
-0.0205873 -0.00359662 13.7766
-0.0549676 -0.00723622 40.7291
0.308092 0.0319683 -164.856
0.00390625 -0.121094 9.92188
-0.0269433 -0.0662363 27.6134
0.0821331 0.189149 -42.5482
-0.00246295 0.0487936 4.12096
-0.0126247 0.0373831 11.6251
-0.0750942 0.00127756 54.7177
-0.0133103 -0.0591253 14.7467
-0.00892766 -0.0461485 11.2117
-0.0013788 -0.0588235 5.70595
-0.00664922 -0.0341418 8.45617
-0.00374724 -0.0469316 6.62601
0.0115542 -0.0706689 -4.75058
0.00842101 -0.0513813 -2.66699
-0.00706367 -0.0597628 10.008
0.0081911 -0.0440441 -3.93891
0.0436508 -0.0878094 -34.3526
0.0602121 -0.0820663 -49.6597
0.0787367 -0.0652648 -56.7642
0 -0.380491 17.2638
0.153398 0.0280169 -140.312
0.166955 0.0658919 -154.486
0.0616967 -0.0833053 -48.7872
0.0868325 -0.096709 -84.3317
0.00283909 0.0604183 5.70835
0.101503 -0.0294809 -89.3286
0.0901163 0.117367 -78.9355
-0.117231 -0.273711 163.568
-0.111401 -0.247987 156.732
0.044727 -0.0440914 -46.4844
0.0236857 -0.161616 -18.2673
0 -0.176141 10.4631
-0.112019 0.010199 147.226
-0.0588514 -0.0390071 24.6688
-0.085463 -0.0672154 26.5573
-0.0485831 -0.0339142 24.0458
-0.0251454 -0.0472662 23.1457
-0.0217882 -0.0643891 22.946
-0.0229422 -0.0992612 24.4622
-0.0250961 -0.0914712 24.1109
-0.0547451 -0.0777715 27.887
-0.0511299 0.0737405 21.1521
-0.0261547 0.0873525 15.3492
-0.0666341 -0.115915 38.314
-0.0312532 -0.166908 31.7879
-0.0591218 -0.141519 38.1532
0.0489939 0.0361956 -4.9164
-0.0660839 0.0487221 30.5551
-0.0379388 0.035999 21.0301
-0.0322599 0.0392651 18.924
0.199415 0.0935684 -67.3549
0.0860527 0.0206297 -22.0989
0.0253631 -0.0127283 4.41588
-0.0256368 -0.0412192 20.1559
-0.042661 -0.0159146 26.6941
-0.0574044 0.00872787 33.0495
-0.0453889 0.00294309 27.5522
-0.0182689 0.0171696 20.88
-0.0127294 0.00185966 8.79286
0.0264519 -0.0394035 -4.37131
-0.000137048 -0.0475183 11.2069
0.0388193 -0.0648279 -10.6083
-0.0251728 0.030021 19.6349
-0.00996699 0.0421809 9.60446
-0.0288355 0.0109045 23.4189
-0.0400829 -0.0124173 32.1038
-0.0242793 -0.0294453 21.3561
-0.0152129 -0.0397987 15.0846
-0.00425206 -0.0544135 7.70046
-0.0342995 -0.0299972 30.1314
-0.00716589 -0.0311821 8.63079
-0.0118818 -0.0564662 13.9068
-0.00174296 -0.0321034 4.28361
-0.027704 0.0236125 24.6284
0.025774 -0.0317016 -20.4829
-0.0429665 0.0268288 40.1793
0.00699664 -0.0334435 -3.72254
0.20847 -0.0394737 -172.928
-0.0195383 -0.164608 50.6391
0.0160118 -0.0114855 -12.0256
0.00966576 0.00148058 -7.79862
0.0129718 -0.0486969 -8.96059
0.00575599 0.0582064 -7.2969
0 -0.446417 19.9976
0.0194081 -0.0023136 -15.9416
0.173658 0.18245 -139.737
-0.0273738 -0.0415171 41.0019
-0.0667605 -0.2831 103.228
-0.119271 -0.0576298 157.228
-0.173942 0.267886 223.319
-0.114556 -0.0347146 150.891
-0.0597702 -0.0443278 24.9005
-0.0571425 -0.0437693 24.8024
-0.0533162 -0.0472897 24.8082
-0.0456928 -0.0556344 24.7409
-0.0271107 -0.0702059 23.5134
-0.00963898 -0.0916862 22.9488
-0.0399254 -0.10903 27.1439
-0.0209509 -0.0878768 23.2223
-0.0481563 0.028894 22.3159
-0.0192699 0.0648738 14.9389
0.0154856 -0.154778 20.2247
-0.0338 -0.157548 31.967
-0.0361378 -0.144862 32.158
-0.0700919 -0.130838 40.0208
0.126931 -0.00789616 -22.8202
-0.193425 0.0072224 84.5465
0.230084 0.130499 -67.1563
-0.244229 -0.23841 129.045
-0.0373733 -0.0471545 31.0058
-0.0430928 -0.0579756 33.9125
-0.0344561 0.370537 6.79858
0.081991 0.14555 -33.0198
0.117241 -0.0706417 -37.4034
-0.0335078 -0.00649479 21.1654
-0.174817 -0.0116505 103.795
0.0505342 -0.0275023 -20.8911
-0.0212993 -0.0966101 26.9548
0.00477407 -0.0599272 9.80129
-0.0354099 -0.0243338 32.5743
-0.0437489 0.0241292 33.0679
-0.0122355 0.0389167 11.9212
-0.0368447 0.00229661 29.4029
-0.0608049 0.000678626 45.6445
-0.0374427 -0.0129693 29.67
-0.0239889 -0.0196218 20.6486
-0.0143609 -0.0169676 13.3434
-0.00899805 -0.00378375 8.75999
-0.00200616 -0.00376075 3.192
-0.00171308 -0.0128199 3.36696
-0.181221 0.0513129 151.233
-0.0786459 0.0838048 66.4581
0.00967095 -0.0139092 -6.52339
0.0102014 -0.0154806 -6.84399
-0.0063749 0.000287648 7.305
0.00344413 -0.0148547 -0.53182
-0.0010479 -0.0143839 3.68047
0.0177728 -0.0145954 -13.5339
0.0171141 -0.00751708 -13.2194
0.00583269 -0.0179559 -3.12477
0.0210554 -0.00260306 -17.5807
-0.00188854 0.00478029 2.16959
0.0142221 0.00926783 -13.632
0.168106 -0.0874277 -120.075
-0.0106082 0.348773 7.72663
0.0421654 0.269221 -50.4376
-0.135844 0.135884 168.429
-0.158381 0.0363851 200.851
-0.124739 -0.0374306 163.043
-0.0603185 -0.0464302 25.0314
-0.059539 -0.0466586 25.0346
-0.0598195 -0.0522725 25.4508
-0.0537834 -0.0586982 25.4698
1.18776 -0.221341 -75.7136
0.00495331 -0.104097 31.385
-0.047775 -0.217618 34.2755
0.0651949 0.101661 -1.53556
-0.039649 -0.0566027 17.5329
0.0975844 -0.12534 -0.954309
0.000633862 -0.133618 22.4144
0.0149963 -0.166337 21.3652
-0.0824836 0.0433002 31.7697
-0.315607 0.00208041 100.658
-0.0684105 0.196532 26.198
-0.588758 -0.0184569 217.073
0.0388901 -0.22775 15.1477
0.03233 -0.260302 21.1529
-0.0829637 -0.141585 56.444
-0.0933428 -0.052292 53.8145
-0.080992 -0.047889 46.2513
-0.0367916 -0.00680678 23.0401
-0.0375966 -0.0143494 23.6647
-0.0266854 -0.00839908 17.2151
-0.0334632 -0.164779 38.7915
0.0939908 -0.0622574 -41.5574
0.0402512 -0.0795093 -10.14
0.0198776 -0.0670312 0.443719
-0.0450737 -0.0204811 38.3235
-0.0657896 -0.00521573 49.0839
-0.0140493 -0.0016466 15.3026
-0.0571517 0.00737455 43.3955
-0.0706896 -0.0104494 53.0325
-0.0269732 -0.00793249 21.9506
-0.00845033 -0.00508213 8.16014
0.0018956 0.0169476 -1.20908
-0.00287393 0.0199803 2.74214
-0.0120398 -0.000411744 11.4784
-0.0133505 -0.000656463 12.5811
-0.00365352 -0.00253478 4.52428
0.00518954 -0.00378546 -3.00001
0.0126817 -0.00739201 -9.22351
0.02165 -0.0122263 -17.0361
-0.0168119 0.00245446 17.4046
0 -0.0936965 9.83653
-0.0518877 -0.114949 62.6067
-0.0692273 -0.0995542 79.3466
0 0.101098 -3.43536
-0.00384323 -0.165246 19.8525
0 0.101098 -3.43536
0 -0.15005 14.5217
-0.0241349 -0.152588 41.4787
0.185334 0.21862 -159.976
0.00213052 0.136177 -12.4612
0 -0.17339 16.426
0 -0.17339 16.426
0.292445 0.00571562 -344.326
-0.100586 -0.0904297 145.241
0.000790431 -0.0125827 22.5981
-0.0602237 -0.048704 25.209
-0.0575094 -0.0435293 24.9272
-0.0583173 -0.0567278 25.6906
-0.0373422 0.0198947 7.10986
-0.019136 -0.107485 34.388
0.0635828 -0.0166039 -3.68028
0.0428271 -0.0571313 3.07059
0.0706014 -0.094588 0.842156
0.0142859 -0.0920856 11.7256
0.00092358 -0.0128118 5.94871
-0.0250144 0.0231967 8.24367
-0.0103832 -0.421476 49.3579
0.0195111 0.00231882 36.1985
0.0195547 0.00317276 36.0957
-0.0766695 -0.320278 67.4023
-0.00418388 -0.272105 35.095
0.0415321 -0.236811 15.0511
0.0102903 -0.264929 30.0949
0.00934844 0.00507836 -0.174589
0.00233725 -0.02973 6.4688
-0.0245733 -0.0205753 18.3008
-0.0500884 -0.0270131 31.6778
-0.0234266 -0.10982 27.1364
0.021524 0.103931 -12.7794
0.106359 0.0166177 -57.8197
0.0265088 -0.0757153 -2.14732
-0.00936824 -0.0610454 17.3271
-0.0701467 0.0118359 51.5753
-0.0360393 -0.0113467 30.764
-0.0196067 0.0582929 14.3623
-0.0314191 -0.0269326 30.0152
-0.0738241 -0.00956663 55.3969
-0.0112823 0.00233303 9.90678
0.0089264 0.0174992 -6.28909
6.48033e-05 0.0120466 1.27624
-0.0252777 0.00379021 21.9101
-0.016243 0.00164534 14.5877
-0.0110876 -0.00442429 10.9321
-0.0060894 -0.00757659 6.99103
-0.000364331 -0.00166083 1.50365
0.00974041 -0.00667942 -6.88017
0.0180957 -0.00835036 -14.2252
0.0201377 -0.00528322 -16.3279
0.0169491 -0.00781444 -13.0472
0.017178 -0.00574508 -13.4284
0.0176551 -0.00440226 -13.978
0.0143212 0.00518353 -12.9394
0.012449 -0.00925865 -7.48411
0.0223498 0.00429255 -22.1773
0.0162082 -0.0115404 -12.1991
0.129215 0.20181 -122.141
0 0.0146197 -0.659639
0.00286042 0.0114859 -3.65077
0.0199404 0.0234544 -23.9407
0.0209624 -0.00280035 -17.4338
0.0142414 -0.0134724 -8.51557
-0.010773 -0.0233221 22.4072
0.326865 -0.0512724 7.20782
0.00706216 0.0295594 2.16111
0.00261597 0.0248896 2.89706
0.00226857 0.0247311 3.00997
-0.038542 0.0199459 7.20288
-0.0537887 0.108523 -2.07588
0.00447467 0.0295035 0.0431515
0.0199853 0.0120168 -1.02291
0.0300438 -0.0293446 1.91545
0.0125766 0.00381045 1.63321
0.0123237 0.0114857 0.482865
0.0105131 0.0188335 0.0856454
0.902344 0.136719 -260.289
-0.0225247 0.0530735 5.2016
-0.0366244 0.0447262 9.952
-0.0190246 0.021765 7.27352
0.00358611 0.00230825 1.88716
0.0078744 0.00489916 0.0440067
0.0272248 0.0207208 -9.05457
0.00123907 0.00472867 3.31018
-0.0114962 -0.00201586 9.703
-0.0162576 -0.0344048 15.6658
-0.0480532 -0.0597648 34.1587
-0.000622648 -0.0272267 5.91146
0.0145563 -0.0334875 -1.54422
0.0186728 -0.076321 1.78649
0.0165328 -0.046227 -0.450136
0.0527363 -0.0210845 -25.937
-0.115065 0.055986 74.8187
0.000816534 -0.037264 8.71466
-0.00212733 0.00690367 3.21076
-0.127521 0.0084345 90.2757
-0.0359233 0.000804531 27.5154
-0.000239321 0.00680265 1.49533
0.0101178 0.0102509 -6.29776
-0.0106307 -0.00275023 10.9983
-0.0133271 -0.0095371 13.6815
-0.0214534 0.00117467 18.8589
-0.0151594 -0.00113137 14.0061
-0.00154482 -0.00222529 2.50737
0.00484175 -0.000183681 -3.19067
0.0120945 0.00115983 -9.79595
0.019165 -0.00124766 -15.8715
0.0201887 0.00167286 -17.1318
-0.000796901 -0.00123683 1.50011
0.0187471 0.00293489 -15.9005
0.0185308 -0.000441577 -15.2407
0.0194559 -0.00246856 -15.9534
0.0217956 0.00485251 -21.6356
0.0220292 0.00431045 -21.8201
0.0269436 0.0103569 -27.6699
0.113145 0.172323 -100.991
0.0122976 0.121068 17.2669
0.0132146 -0.0156977 -7.08068
0 0.171046 25.7217
0.0746287 0.0880565 -95.7676
0.0163465 0.0781241 -24.0535
0.00245363 0.125692 -12.7499
0.321802 -0.0426591 5.89257
0.000841171 0.0346862 1.76871
-0.00202235 0.0267736 2.93752
-0.00710678 0.0148968 4.90806
-0.0067253 0.0117937 5.23635
0.963947 -0.0183409 -88.3225
-0.0306214 -0.0109776 41.2921
0.0233462 0.0275524 -3.86413
0.0259026 0.037574 -5.45821
0.023863 0.0324313 -3.89387
0.00636684 0.0288129 -0.11198
0.0381513 0.0404412 -9.67306
-0.0099166 0.0353691 3.06221
-0.00695989 0.0337937 2.23294
-0.0390271 0.0408158 10.8948
-0.021071 0.0387866 5.5006
0.00506118 0.0237969 -0.452781
-0.0680117 0.0326098 47.1593
-0.0050206 0.0220366 3.66884
-0.0193913 -0.00306046 13.0681
-0.0125097 -0.013461 11.5934
-0.0384624 -0.0136942 23.5645
-0.0454879 -0.0172176 26.8187
-0.019362 -0.0193074 14.5784
-0.0151861 -0.0369027 15.2971
0.0131691 -0.029486 -1.12308
0.0380144 -0.0299537 -14.9067
0.0210938 -0.0360079 -4.39089
-0.168794 -0.16184 135.945
0.145518 0.140062 -104.371
-0.0216527 0.0515085 16.5422
0.0404156 0.0732854 -26.4429
0.00233569 -0.00581628 1.49485
0.00580775 0.004408 -2.49763
0.00818821 -0.00241886 -3.08106
-0.0191985 -0.00504003 17.7311
-0.00657431 -0.0124789 8.85041
-0.0171496 0.00122109 15.3947
-0.0151161 0.00353101 13.3852
-0.00228953 0.00799455 1.86022
0.00633865 0.00447385 -5.11257
0.0138966 0.00794024 -12.2519
0.0179813 0.00704792 -15.8176
0.00602453 -0.00535531 -4.3045
0.0180384 0.00553535 -15.5652
0.0190106 0.00408819 -16.3144
0.0182397 0.0028615 -15.3414
-0.00749514 -0.00968423 9.70328
0.0156086 0.00727124 -14.4475
0.0180265 -0.00125112 -14.449
0.0281508 0.00777775 -30.3854
0.0315666 0.0113737 -34.5555
0.0336934 0.0101237 -36.7029
0.00560121 -0.00156952 1.14563
0.0145271 0.0062192 -11.862
0.0188494 0.00563149 -15.6464
-0.00231978 -0.00212167 10.8738
0.00581306 -0.0169848 2.1998
-0.0980689 0.254269 -32.8502
-0.0438795 -0.0128811 31.0909
0.000901663 0.0238462 3.12043
-0.0127156 0.0114285 5.81999
-0.003409 0.0111485 4.95119
-0.0933391 0.128152 11.6873
-0.0106185 0.0241721 3.1519
-0.00575866 0.0447059 -1.03408
0.0204492 0.0479714 -5.82886
0.000730052 0.0201837 2.60247
0.0068526 0.0176213 1.45955
0.05354 0.036634 -13.1986
0.10731 0.0771221 -32.741
-0.0104027 0.03534 3.1744
-0.0212688 0.0474282 4.56124
-0.0106712 0.0934941 -6.38479
0.00954168 0.0275718 -3.80307
0.00352335 0.0625433 -6.5186
-0.0094421 0.0435607 1.44836
-0.0247533 0.0167565 12.0934
-0.0181838 -0.0102725 13.3633
-0.0434199 -7.07365e-05 23.4526
-0.0208275 0.0365757 6.17542
0.00121309 0.0297953 -3.45407
0.00374174 -0.0171268 2.24721
0.00475585 -0.0135503 1.2964
-0.0093949 -0.43149 72.8508
0.0141749 -0.0300373 -1.02108
-0.00450123 -0.0113682 7.78027
0 0.0846936 -9.61672
0.0399898 0.0392824 -21.65
-0.00886514 -0.00533095 18.5892
0.0152161 -0.00978129 -7.01979
0.000151746 -0.00622698 3.25465
-0.0161116 0.00366805 13.8657
-0.00919506 -0.00323618 9.91268
-0.0194296 -0.0014669 17.2944
-0.0121149 -0.00177124 11.5389
-0.00924984 -0.00442461 9.76954
-0.00109022 0.0074327 1.04446
-0.112413 0.0375378 91.6505
0.0155592 0.00993191 -14.0381
-3.64438e-05 0.0137624 -1.51729
0.0180897 0.00624334 -15.7753
0.0110492 0.0109492 -10.9596
0.301172 -0.166406 -251.382
0.0239064 0.00812366 -23.9966
0.0150189 -0.000621638 -11.4692
0.021058 0.0107494 -21.4566
0.0212794 0.00815679 -21.2207
0.024928 0.00446793 -26.3565
0.033308 0.00220156 -35.2055
0.0078125 0.53125 -83.375
-0.0151595 0.032381 19.8217
0.130378 -0.0332698 -130.402
-0.0580048 -0.0213837 82.0541
-0.034667 -0.0146214 52.0556
-0.0337209 -0.0165031 50.4235
-0.104009 0.356323 -49.6797
-0.214267 -0.0330423 40.0011
-0.0274228 0.374591 -55.7651
-0.101656 0.19059 11.3415
0.0194903 0.458133 -74.4784
0.646508 -0.00141845 -48.41
0.00891682 -0.010034 35.7359
-0.031002 0.0691046 13.2343
0.00955917 0.0453667 10.1259
-0.0263578 -0.0169563 14.5439
-0.0526051 0.0460693 28.334
-0.0520125 0.0936665 11.1316
-0.0622376 0.121746 7.9713
-0.0271703 0.120437 -1.15828
0.0501713 -0.00337126 27.2569
-0.0534163 0.157099 -2.8186
-0.0162836 0.156775 -16.4305
0.00983647 0.148538 -24.3649
-0.01325 0.117782 -10.835
-0.0340705 0.0707978 6.22332
-0.0240005 0.0236477 10.1978
-0.0173802 0.074336 -1.5435
0.0358886 0.127466 -37.1565
0.041194 0.203836 -54.0555
0.0680771 0.169767 -61.0055
-0.000348388 0.13629 -17.1225
0.0855564 0.0096832 -37.0662
0.0220537 0.0229192 -2.8577
0.0152791 -0.00522242 -5.35422
-0.0217018 0.240646 -28.427
0.00996227 0.220807 -45.5752
0.0507805 -0.0044368 -22.6036
0.0143079 -0.00183238 -7.97684
0.00875079 0.0288022 -9.65803
-0.00114809 -0.0140488 5.61138
-0.00570812 0.00892864 4.91423
-0.00677167 0.034831 0.709024
-0.0131249 0.0261905 7.29532
-0.00166423 0.0106218 0.675168
-0.000354136 0.00881141 0.267325
0.012344 0.00877928 -11.0278
-0.154464 0.294818 84.2565
0.0126507 0.00937593 -11.232
0.014623 0.00761704 -12.6505
0.239862 0.144824 -246.958
-0.0766352 -0.0237801 92.6241
0.00242481 0.149832 -19.7077
-0.00245669 0.160825 -16.7733
0.00047365 0.394721 -61.5518
0.000709387 0.15551 -19.0702
0.000725516 0.153671 -18.7757
0 0.154547 -18.141
0 0.154547 -18.141
0.0254412 0.00962561 -23.7143
0.172283 0.322814 -165.841
0.173996 -0.126073 -83.1768
0.020122 -0.0142667 -16.8272
0.00917197 -0.0146607 -3.74007
-0.21157 0.338546 -32.3199
-0.208607 0.378943 -40.7583
-0.218067 0.377915 -40.0988
-0.0879217 0.187978 10.947
-0.150185 0.19617 -1.44239
0.391809 0.264699 -74.0718
-0.0137634 0.118317 0.857326
-0.0527677 0.0514188 20.1708
0.141129 0.11261 -25.8548
0.00921656 0.0769179 9.35023
-0.0790111 0.0989975 23.0708
-0.0732713 0.0965505 15.6967
-0.0600526 0.0918686 13.142
-0.0175028 0.114955 -3.01457
-0.0114297 0.121301 -10.3296
-0.029275 0.137095 -6.96101
0.0104475 0.123415 -18.8139
0.0224319 -0.0237586 21.307
-0.0350975 0.214676 -20.2477
0.0237746 0.18972 -40.2905
0.0065416 0.303404 -56.3163
-0.0202295 0.349918 -53.2424
-0.00543906 0.256885 -41.5713
0.0358656 0.221673 -54.7564
0.0612257 0.153456 -53.8522
0.0721336 0.128162 -54.8699
0.0585566 0.0769582 -35.1996
0.0219479 0.0342352 -5.21857
-0.107464 0.0316084 74.1213
0.0104953 0.217132 -43.5997
-0.00730497 0.283634 -46.0078
0.0840788 0.115377 -71.0486
-0.0283061 0.310517 -38.1897
-0.0159031 0.327426 -51.0637
-0.0277933 0.264419 -29.0902
-0.0320032 0.2 -12.3263
-0.0491813 0.105932 20.6298
-0.034754 0.0647115 17.4991
-0.00684482 0.0198781 3.47843
-0.000730094 0.0121136 -0.154468
0.00645748 0.00667258 -5.12281
0.0559515 -0.0125281 -39.3207
-0.00730745 0.346085 -58.0031
-0.0196709 0.362976 -49.8484
-0.0190268 0.348719 -47.0352
-0.117186 0.0114802 122.146
0.0197291 0.00242881 -16.4775
0.0240215 0.00328731 -25.0915
0.0160683 0.00521926 -13.3995
0.0143562 0.00622969 -11.9387
0.0151431 0.00616205 -12.6133
0.00510136 0.000588956 0.838035
0.265251 -0.045361 -251.982
-0.423758 0.039306 490.772
0.0077791 0.178539 -39.1009
0.173052 0.366888 -176.064
0.432885 0.0937874 -540.071
0.743229 -0.175071 -858.987
0 0 -1
-0.134826 0.182983 15.5805
-0.109678 0.199666 9.72192
-0.138164 0.185043 15.3209
-0.189387 0.241226 6.47682
0.378799 0.271949 -73.5822
-0.545257 0.14655 75.5061
-0.0438989 0.743231 -128.484
0.0388997 -0.0687799 55.1638
-0.0568312 0.142344 9.3498
-0.0935911 0.152901 14.8671
-0.0368139 0.146906 2.27114
0.0787577 0.191569 -36.7267
0.0867514 0.0588794 -9.06034
-0.142416 0.047723 63.1807
-0.066052 0.0414155 50.6936
-0.08232 0.0491254 54.4813
0.0186354 -0.00765454 19.0765
-0.0155549 0.264542 -38.1959
0.0194369 0.302332 -54.8885
0.0101388 0.298091 -56.7732
-0.0193698 0.294687 -42.5858
0.00897477 0.280164 -53.7581
-0.00700698 0.260169 -40.8663
0.0196189 0.200463 -41.7106
0.0167602 0.166121 -32.0262
0.00835098 0.101801 -12.2429
0.0091298 0.0770649 -6.70265
-0.0511302 0.0982736 24.782
-0.00182236 0.251974 -41.7859
-0.0335781 0.314554 -35.0554
-0.0203137 0.296884 -40.7296
-0.0466558 0.334075 -30.8254
-0.0471055 0.312303 -25.6885
-0.0509357 0.208701 0.124394
-0.0591141 0.168502 15.9485
-0.0456952 0.174035 4.15828
-0.0455565 0.166386 5.57562
-0.00741104 0.14095 -20.4592
0.106331 0.179597 -121.573
0.130915 0.157239 -144.493
0.124894 -0.0262665 -98.1809
0 0.0294541 2.74538
0 0.0294541 2.74538
0 0.0294541 2.74538
0.0028529 0.097649 -20.5516
0.187184 0.251854 -210.697
0 0.0956622 -17.2972
-0.00652393 0.106663 -12.8672
0.0363995 0.412523 -125.49
0.0154205 0.00636469 -12.953
0.000981709 0.447222 -94.8592
0.0026065 0.143686 5.37488
0.0832099 0.325128 -126.786
0.246094 0.113281 -303.754
-0.024084 -0.0383666 41.1373
1.42578 -0.941406 -1529.21
0.00129452 0.0226821 -2.14462
-0.134268 0.182773 15.6056
-0.133717 0.182881 15.564
-0.132427 0.182856 15.5134
-0.122845 0.16627 18.535
-0.110007 0.168804 17.1104
-0.0960439 -0.00308698 58.4041
-0.106638 -0.016051 63.243
0.0871673 0.0617533 6.18264
0.0388814 -0.0634768 53.863
-0.0714919 0.13426 15.2558
-0.0790816 0.149667 12.2609
-0.0868951 0.135271 17.9523
-0.144108 -0.306186 147.201
-0.0303771 0.180812 -10.6347
-0.0289947 0.186038 -12.453
-0.0163772 0.164903 -10.8995
0.00165722 0.0942405 0.0620102
-0.0221161 0.215364 -22.9688
-0.00378442 0.271383 -44.6358
0.00496817 0.288653 -52.147
-0.00353367 0.286826 -48.422
-0.0115159 0.311285 -49.3772
-0.0318209 0.274414 -31.4388
-0.0308108 0.264844 -29.7985
-0.0253935 0.254194 -30.3078
-0.0215567 0.214609 -23.0609
-0.0275102 0.157344 -4.66229
-0.00246969 0.128348 -11.5946
0.0220227 0.181686 -40.395
0.0486992 0.236218 -70.0682
0.0256522 0.301515 -70.7665
-0.0206417 0.361714 -54.9821
-0.0206336 0.42202 -69.7655
-0.12261 0.359645 16.8653
-0.145409 0.255624 59.4793
-0.0608488 0.157599 19.5935
-0.039688 0.167857 0.609735
-0.0382281 0.189365 -5.56126
0.0600786 0.231491 -95.2479
0.0859799 0.211743 -112.064
-0.0190577 0.0250238 22.6146
0 0.154814 -25.6629
0 0.154814 -25.6629
0.000838017 0.0290267 4.27082
0 0.154814 -25.6629
0 0.0293286 4.98555
0.179382 0.297593 -213.714
-0.0205966 0.0126319 56.894
-0.0168436 -0.683875 204.955
0 -0.262528 79.3958
0.0609358 -0.173449 -5.81615
0.0618489 -0.14509 -13.7894
0 0.430176 -88.7285
0.526504 -0.40956 -496.571
0.447396 0.178557 -556.449
0.0367655 0.138589 -61.0206
-1.31866 0.136974 1576.89
0.156788 0.0401118 -187.696
-0.0272413 0.098658 19.0869
-0.0233583 0.0758015 25.2083
-0.0330079 0.0412254 35.0757
-0.102963 0.145396 22.4076
-0.100809 0.0623615 32.3088
-0.0472978 0.128791 8.20056
-0.0136502 0.123175 5.04445
-0.0110934 0.0947478 13.0196
-0.0415704 0.0906458 19.625
-0.0846142 0.0834098 31.2564
-0.0724257 0.123358 16.0308
-0.0575205 0.152677 4.60295
-0.0791838 0.144384 12.5761
-0.030748 0.180896 -10.5285
-0.0341191 0.200259 -14.7703
-0.0220749 0.181945 -13.5247
-0.0265476 0.149698 -3.85681
-0.00997264 0.191093 -20.9493
-0.000463869 0.218882 -32.7095
0.00930973 0.286608 -53.7531
-0.0123579 0.292892 -46.9832
-0.00760548 0.266297 -40.9527
-0.0180403 0.254749 -33.0427
-0.027857 0.2504 -27.1049
-0.0493873 0.238632 -11.3568
-0.0652717 0.222313 0.363512
-0.0121556 0.163018 -15.3146
-0.0311921 0.152042 -0.235238
0.0686995 0.159708 -63.2589
0.0796895 0.248951 -93.0498
0.0812864 0.299109 -106.364
-0.0108126 0.377691 -65.4151
-0.037052 0.404095 -54.4169
0.179342 0.304801 -180.918
-0.0954085 0.0913229 78.9912
-0.0515936 0.159555 12.0093
-0.0501556 0.176335 7.17181
-0.0182502 0.171663 -17.1599
0.0130657 -0.274652 87.7455
0.0132994 -0.26587 85.2142
0.173688 0.0408912 -132.384
-0.0792023 -0.045306 114.334
0.00639241 0.877373 -228.767
0.0143562 0.00622969 -11.9387
0.755151 -0.0946592 -689.71
-3.79529e-12 0.92605 -233.568
-3.97527e-12 0.92605 -233.568
-0.0869789 0.90918 -141.926
0 0.703087 -173.658
0 0.797387 -199.771
0 0.855354 -215.659
0 1.1918 -306.17
-0.0601683 0.969889 -177.385
0.325109 0.0545424 -381.997
-0.121271 0.290671 77.7729
0.0371003 0.145943 -63.7974
-0.289465 -0.225069 435.688
0.0128314 -0.0763552 16.7376
-0.0467217 0.10563 17.3243
-0.0533853 0.0916473 21.5803
-0.0643632 0.0773997 26.109
-0.120185 -0.418256 183.049
-0.063271 0.128926 9.76316
-0.0408359 0.135024 6.73389
-0.030621 0.151594 -0.741281
-0.0467496 0.152591 1.75824
-0.0539903 0.129467 10.2961
-0.0430981 0.171685 -3.83099
-0.0482284 0.171038 -2.38084
-0.0612986 0.186813 -3.76648
-0.0678287 0.19447 -4.38247
-0.033178 0.195455 -13.446
-0.045011 0.183302 -5.60392
-0.0456818 0.173175 -3.52489
-0.0200196 0.151597 -6.57588
0.172194 0.191031 -88.5473
0.141285 0.136122 -59.3622
0.00273898 0.279166 -48.1963
-0.0282255 0.288445 -37.914
-0.0382243 0.242686 -20.0545
-0.0112688 0.258751 -37.6361
-0.0407782 0.25803 -21.9065
-0.0695325 0.23597 -0.833082
-0.0743754 0.220674 5.75314
-0.0352387 0.193489 -9.30164
0.0103522 0.187028 -34.0963
0.0552284 0.209296 -67.6317
0.0860965 0.205387 -85.6886
0.114295 0.186526 -98.2692
-0.0164939 0.298347 -39.032
0.00852174 0.321823 -63.5032
0.0299102 0.277194 -65.3266
0.0180796 0.207141 -35.0978
-0.0117826 0.284515 -37.5097
-0.0347246 0.167422 -3.17201
0.0235673 0.263109 -73.4208
0.0225185 0.162655 -43.0191
0.0112285 0.138363 -26.4517
0.0112285 0.138363 -26.4517
0.0615298 0.374194 -138.242
0.074375 0.320589 -134.619
0 0.121962 -12.3028
-0.0156116 0.108921 6.48043
0.0104977 0.114382 -20.2485
0 0.117467 -10.8612
0 0.117467 -10.8612
0.0141116 0.115969 -25.1772
0 0.115227 -10.1756
-0.00582107 0.118194 -4.80009
-0.0115231 0.119461 1.34673
-0.0136971 0.113977 5.6578
-0.00532938 0.116927 -4.58873
-0.0279999 0.117242 22.2774
0.0382288 0.147036 -65.5662
0.0230823 0.148722 -47.7396
-0.063836 0.211816 40.6045
-0.05216 0.120358 12.8981
-0.0489617 0.11759 13.6308
-0.0400862 0.110243 15.7856
-0.0520814 0.135914 7.54905
-0.0294293 0.165495 -4.50582
-0.0362276 0.163638 -2.67176
-0.0234121 0.174159 -7.36148
-0.0133649 0.178534 -10.9058
-0.00388421 0.186501 -15.7985
0.0737139 0.271971 -56.9604
0.0936736 0.527325 -140.791
-0.043514 0.243172 -24.4924
-0.059308 0.159746 4.74241
-0.0542127 0.0948721 23.7826
-0.0259699 0.143298 -0.44494
0.042685 0.327935 -70.5361
0.0513251 0.321646 -70.9381
-0.108594 0.24388 13.7306
0.0487975 0.234625 -52.2956
-0.0403515 0.245497 -19.3179
-0.0463057 0.0741462 37.0792
-0.0305016 0.207719 -12.0699
-0.0273596 -0.143109 92.0338
-0.045828 -0.178706 112.541
-0.0856933 -0.144371 122.545
-0.0885792 -0.0740616 102.186
-0.0385318 -0.0407997 63.6425
0.00722381 -0.0228429 31.3476
0.0504156 -0.046153 12.5808
0.0803834 -0.0573134 -2.64768
0.106926 -0.0507497 -21.9214
0.257357 -0.0557079 -124.649
0.0975108 -0.107575 112.627
0.00383322 0.300832 -54.0705
0.00686876 0.277382 -48.7944
0.00981789 0.287609 -54.2723
-0.0413474 -0.0430782 55.4877
0.155918 -0.0908075 -86.6296
-0.000465381 0.00299192 43.2731
-0.000553604 0.00177839 43.7284
-0.00087347 -0.000129669 44.6019
-0.00143928 -0.00189481 45.6524
-0.00179339 -0.00329757 46.4082
-0.00216382 -0.00463402 47.1675
-0.00233209 -0.00553283 47.6071
-0.00246838 -0.00605974 47.9034
-0.00246838 -0.00605974 47.9034
0 0.0407831 31.0299
-0.00157318 -0.0411267 58.0923
-0.0072497 -0.0102496 54.6134
0 0.0407831 31.0299
0 0.0407831 31.0299
0 0.0407831 31.0299
0 0.0407831 31.0299
0 -0.0391276 55.8289
-4.53906 0.410156 5377.6
0.0484684 0.174887 -17.2889
0 -0.0391276 55.8289
-0.0520585 0.135555 8.0182
-0.0525128 0.136846 7.59763
-0.0664239 0.132137 10.4855
-0.0393892 0.158652 0.0429927
-0.0515202 0.100135 19.6298
-0.0242625 0.093424 19.6318
-0.0301868 0.106075 15.1458
0.00359789 0.112702 7.88767
0.0322685 0.12403 -1.69768
0.00248911 -0.0914469 81.6544
-0.0142694 -0.0512134 71.3433
-0.0700117 -0.08237 94.3703
-0.0666056 0.120701 19.2504
0.015815 -0.0570792 51.6378
0.0312141 0.0845211 0.750587
0.040419 0.0945052 -5.09276
0.0639745 0.320883 -75.4865
-0.0686878 0.0737624 46.7681
-0.0588796 0.0586239 48.5458
-0.084304 0.0109499 74.2774
-0.0529745 0.0396943 50.1649
-0.0152729 0.0571487 28.1164
0.00476739 0.0786958 11.1589
0.0210702 0.11131 -7.96733
0.0215411 0.122176 -11.9026
0.0283882 0.128014 -17.5689
0.106628 -0.334679 112.682
0.107547 -0.29663 99.6352
0 0 -1
0 0 -1
0.259635 0.148115 -130.051
0.0262024 0.296356 -68.9018
0.0261695 0.296385 -68.887
0.0302264 0.295221 -71.3967
0.0199057 0.311311 -68.7828
0.325814 -0.163828 2.12056
-0.0449769 -0.0725375 68.2117
-0.0370744 -0.0333874 48.2948
0.015381 0.00438252 -6.92479
0.0144678 0.00457006 -6.20223
0.0107941 0.00511199 -3.20057
0.00538467 0.00600797 1.28503
0.000641733 0.00710558 5.20206
-0.00194419 0.00818773 7.2266
-0.00264546 0.00906137 7.59335
-0.00259304 0.00946965 7.40475
-0.00259304 0.00946965 7.40475
-0.0651862 0.00115725 74.6543
-0.0105333 -0.0186053 24.9688
-0.0115769 0.0778092 -5.55683
0.00702511 0.00842407 -3.75579
0.103818 -0.111605 -68.3084
0.0114953 -0.0298019 5.04652
-0.0114248 0.0243971 12.9119
-0.0563813 0.0343813 62.865
0.0212286 0.00728462 -19.8055
0 0.0238444 0.434757
0.0694591 0.0281093 -87.2194
-0.0485285 0.143932 5.14681
-0.0500014 0.148232 3.6759
-0.0523215 0.145833 4.58377
-0.0987274 0.119983 16.9548
-0.0481794 0.0579006 33.3413
-0.0374543 0.0678771 29.2453
-0.0132523 0.101667 14.0724
-0.0262573 0.0845566 21.5214
0.016661 0.124052 1.11546
0.0542226 0.0260628 29.0106
-0.0310444 0.018677 49.9513
0.00229174 0.179847 -15.7284
-0.180459 -0.0649983 109.249
-0.141183 -0.0977202 110.104
0.0449923 0.0759608 -0.552422
0.0547848 0.0747442 -3.21873
0 0 -1
-0.0546141 0.0491282 49.9141
-0.0845986 0.0495113 61.2398
-0.0968767 0.0453455 67.2484
-0.0751419 0.43665 -77.5673
0.00159303 0.0609675 18.6875
0.0262988 0.0997498 -6.57782
0.0282945 0.112464 -12.002
0.0257238 0.120526 -13.5376
0.0321647 0.213141 -49.2856
0.045162 0.244088 -67.1274
0.0448601 0.248911 -68.6668
0 0 -1
0 0 -1
0.264552 0.140319 -130.642
-0.00318803 0.489902 -127.266
-0.00366368 0.49361 -128.264
-0.00344941 0.495722 -129.17
0.0368741 0.285947 -73.0688
0.0418973 0.332259 -93.8166
0.204739 -0.255643 140.745
0.181639 -0.245422 155.361
-0.00322107 -0.231841 121.716
-0.00320004 -0.225534 119.458
-0.00408346 -0.213728 116.026
-0.00653782 -0.197522 112.434
-0.0118286 -0.156906 102.794
-0.0118286 -0.156906 102.794
-0.0113948 -0.134907 94.5333
-0.00825157 -0.113157 83.7279
-0.00345443 -0.092435 71.589
0 0.423501 -131.483
0 0.423501 -131.483
-0.507118 0.135338 517.145
-0.0952792 0.297112 15.8573
0.134884 0.14133 -189.971
0.0821126 0.403173 -219.885
0.0133035 0.801888 -285.047
0.0206508 0.542247 -200.381
-0.0146524 0.814947 -256.627
0 0.801849 -269.602
0.0216765 0.801276 -296.133
-0.046948 0.14957 3.1364
-0.0491065 0.152657 2.07907
-0.0584841 0.156566 1.13604
-0.104666 0.117855 17.8426
-0.0676897 0.143065 5.22396
-0.0361227 0.0777735 25.8035
-0.0217442 0.104856 13.9699
0.00425702 0.102478 10.898
0.030215 0.0834282 13.3404
0.0369633 0.0742212 15.4956
0.0120804 0.151154 -7.25042
0.00406902 0.20112 -23.4612
-0.00645399 0.189949 -16.5948
-0.0167833 0.156263 -1.17002
-0.0309041 0.129022 13.1924
-0.0539595 0.0976394 32.3622
-0.0682043 0.0783967 44.3835
-0.0787449 0.0511238 58.3311
-0.0887938 0.0422223 65.4775
-0.0882908 0.050004 62.2624
-0.0324223 0.0545197 36.2323
0.0176682 0.0702563 8.03178
0.0373934 0.0947705 -10.2047
0.0317972 0.113477 -14.2126
0.029524 0.125988 -17.5257
0.029085 0.12692 -17.5989
0.0493259 0.244613 -69.6933
0.0434159 0.250969 -68.5635
0.0328376 0.310387 -84.1801
0.0211852 0.369528 -98.8027
0.0109961 0.428429 -114.044
0.00281984 0.487129 -130.345
-0.000974949 0.494041 -130.301
-0.00189535 0.49668 -130.631
0.0358308 0.272729 -67.7426
0.0459307 0.265802 -73.0897
0.0451509 0.280946 -78.0036
0 0.0046875 32.5129
1.13686e-14 0.122656 14.9648
2.45324e-14 0.122656 14.9648
-7.41196e-13 0.122656 14.9648
-6.85764e-13 0.122656 14.9648
-6.75943e-13 0.122656 14.9648
0 0 -1
3.47582e-14 0.122656 14.9648
3.47582e-14 0.122656 14.9648
0.0651688 -0.0215477 -22.953
0 0.122656 14.9648
0 0.122656 14.9648
-2.20567e-06 0.122656 14.9672
0 -0.135937 85.802
2.20567e-06 0.122656 14.9624
0 -0.135937 85.802
0 -0.135937 85.802
0 -0.135937 85.802
0 -0.135937 85.802
0 -0.135937 85.802
0 0.122656 14.9648
