0 2 3
2 3 3
3 4 3
4 5 0
5 6 3
6 7 1
7 8 3
8 10 0
10 243 0
10 12 1
12 14 3
14 73 3
16 73 3
16 17 1
17 18 0
18 20 1
20 21 0
21 22 2
22 23 2
23 25 1
25 27 3
27 28 3
28 29 3
29 146 3
31 146 3
31 33 3
33 34 3
34 35 3
35 95 3
95 96 3
40 96 3
40 41 3
41 99 3
41 219 3
99 219 3
164 219 3
46 164 0
49 164 0
49 167 0
53 167 0
167 173 3
53 173 0
53 54 3
54 173 0
57 173 0
12 243 0
164 167 3
20 77 0
171 173 3
12 71 3
162 164 3
162 219 3
167 171 3
40 98 3
14 71 2
22 80 3
23 80 2
24 25 1
23 24 3
40 99 3
4 63 3
5 63 3
8 67 3
23 81 3
7 65 3
10 67 1
10 68 1
80 81 3
24 81 3
35 93 3
93 95 3
2 59 3
4 62 3
6 65 3
67 68 3
18 77 2
21 80 2
25 84 3
27 84 3
0 59 3
3 62 3
62 63 3
8 65 3
71 243 0
30 146 3
0 58 3
8 66 3
66 67 3
17 76 2
96 98 3
98 99 3
68 243 0
18 76 2
25 83 3
34 92 3
16 74 3
83 84 3
27 86 3
28 86 3
33 92 3
35 92 3
107 164 3
107 167 3
3 61 3
61 62 3
17 74 0
21 79 2
24 83 1
29 86 3
92 93 3
6 63 3
65 66 3
71 73 2
76 77 2
20 79 0
79 80 3
74 76 1
29 30 3
58 59 3
2 61 3
73 74 3
77 79 1
59 61 3
109 167 3
107 109 3
167 168 3
73 130 1
109 168 3
168 171 3
84 143 3
33 146 3
27 143 3
33 149 3
92 149 3
161 219 3
161 162 3
168 398 3
171 398 3
73 131 1
86 143 3
29 203 3
61 118 3
71 130 1
86 203 3
93 152 3
6 122 2
65 122 3
79 137 3
24 141 3
99 158 3
107 165 3
109 165 3
59 118 3
77 137 1
83 141 3
92 151 3
158 219 3
164 165 3
109 166 3
74 131 1
77 134 1
93 151 3
165 166 3
171 285 3
188 243 0
130 131 0
76 134 3
30 203 3
96 154 3
98 157 3
99 157 3
285 398 3
63 122 2
71 188 1
92 150 3
98 154 3
74 133 1
80 138 3
172 173 3
59 117 3
61 120 3
76 133 3
77 194 1
150 151 3
95 152 3
95 153 3
96 153 3
166 168 3
58 117 3
62 120 3
63 121 3
66 124 3
131 132 1
74 132 1
81 139 3
24 139 3
83 200 3
84 200 3
58 116 3
61 119 3
119 120 1
63 120 3
121 122 0
65 123 3
65 124 3
133 134 3
116 117 3
122 123 3
132 133 0
137 194 3
79 138 3
24 198 3
163 164 3
117 118 3
120 121 3
67 125 3
68 125 3
139 198 3
141 198 3
149 150 3
151 152 3
154 214 3
98 214 3
157 158 3
162 163 3
171 172 3
81 138 3
84 201 3
33 206 3
157 214 3
160 219 3
66 125 3
243 244 3
138 139 3
200 201 3
146 206 3
149 206 3
118 119 3
188 244 0
153 154 3
160 161 3
123 124 3
141 200 3
143 201 3
137 138 3
152 153 3
163 165 3
124 125 3
125 243 0
134 194 3
166 224 3
166 398 3
165 224 3
130 188 3
138 195 3
172 285 3
133 191 0
137 195 3
154 213 3
184 243 0
149 207 3
213 214 3
134 192 3
134 193 3
150 207 3
161 163 3
125 184 3
184 244 0
131 189 2
132 189 0
134 191 3
153 211 3
124 183 3
125 183 3
131 188 1
154 211 3
158 216 3
219 276 3
117 176 3
118 176 3
123 182 3
124 182 3
193 194 3
216 219 3
160 276 3
116 175 3
117 175 3
119 176 3
121 123 0
132 190 0
133 190 0
192 193 3
30 262 3
206 207 3
157 215 3
188 189 0
150 208 3
151 209 3
152 210 3
153 210 3
154 212 3
216 276 3
172 400 3
123 240 3
182 183 3
194 195 3
139 197 3
207 208 3
208 209 3
209 210 3
211 212 3
161 220 3
163 220 3
175 176 3
120 178 0
121 178 0
121 179 0
183 184 3
138 197 3
210 211 3
158 215 3
165 220 3
116 233 2
175 233 3
123 179 3
182 240 3
189 190 3
190 191 3
212 213 3
191 192 3
197 198 3
203 262 3
216 275 3
161 276 3
224 398 3
119 178 3
123 239 0
239 240 3
30 206 3
30 263 3
206 263 3
214 215 3
275 276 3
195 197 3
143 203 3
220 280 3
165 280 3
285 400 2
178 179 3
179 239 3
263 264 3
206 264 3
215 216 3
176 178 3
143 259 3
161 277 3
201 259 3
276 277 3
220 277 3
215 274 3
216 274 3
224 280 3
244 245 1
198 256 3
143 261 3
203 261 3
214 272 3
197 255 3
197 256 3
210 268 3
211 268 3
215 272 3
178 236 1
188 246 3
198 257 3
141 257 3
200 259 3
261 262 3
280 281 3
224 281 3
179 236 1
244 246 1
189 246 1
200 257 3
281 398 3
245 246 1
195 255 3
207 265 3
274 275 3
176 235 3
178 235 3
256 257 3
206 265 3
176 234 2
183 240 3
189 247 3
194 253 3
195 253 3
211 269 3
213 271 3
214 271 3
220 278 3
232 233 3
183 242 3
184 242 3
191 249 2
192 251 0
193 251 0
194 251 3
208 265 3
208 266 3
209 266 3
209 267 3
268 269 3
212 270 3
215 273 3
277 278 3
220 279 3
242 244 0
190 249 3
266 267 3
267 268 3
269 270 3
270 271 3
271 272 3
272 273 3
273 274 3
278 279 3
279 280 3
234 235 3
183 241 3
246 247 0
190 247 3
251 253 3
262 263 3
264 265 3
265 266 3
179 238 3
240 241 3
241 242 3
175 234 3
236 238 0
253 255 3
255 256 3
235 236 1
238 239 3
245 302 0
396 398 3
244 302 3
251 310 3
276 334 3
281 396 3
257 316 3
200 316 3
259 316 3
275 334 3
277 334 3
344 398 0
285 344 1
192 249 2
253 310 3
264 322 3
233 234 3
240 298 2
249 307 2
262 320 3
265 322 3
239 298 3
244 301 3
255 314 3
256 314 3
263 320 3
242 301 2
301 302 3
251 309 3
259 318 3
273 331 3
255 312 3
255 371 3
143 318 3
272 331 3
274 331 3
309 310 3
253 312 3
236 295 0
238 295 3
314 371 3
259 317 3
190 307 0
317 375 3
317 318 3
233 291 3
234 291 3
238 297 3
239 297 3
241 300 3
242 300 2
312 371 3
261 320 3
279 338 3
280 338 3
281 338 3
236 294 0
241 299 3
245 303 3
246 303 3
247 305 0
247 307 0
275 332 3
235 293 3
235 294 3
257 315 3
261 318 3
268 327 3
269 327 3
274 332 3
232 291 3
238 296 3
297 298 3
246 304 3
305 307 3
249 251 2
256 315 3
316 317 3
318 375 3
261 319 3
267 325 3
268 325 3
234 293 3
293 294 3
294 410 0
294 295 3
247 304 1
306 307 3
251 307 3
263 321 3
265 323 3
266 324 3
268 326 3
270 328 3
271 329 3
272 330 3
275 333 3
281 339 3
232 290 3
241 298 3
299 300 3
302 303 1
303 304 3
318 319 3
319 320 3
320 321 3
264 321 3
323 324 3
324 325 3
325 326 3
327 328 3
328 329 3
329 330 3
332 333 3
333 334 3
338 339 3
339 396 3
285 346 1
296 297 3
305 306 3
315 316 3
321 322 3
322 323 3
326 327 3
330 331 3
344 346 1
346 400 0
347 400 0
300 301 3
310 312 3
314 315 3
295 296 3
290 291 3
304 305 0
291 293 3
331 332 3
278 338 3
298 299 3
277 335 3
278 335 3
278 336 3
307 309 3
334 335 3
335 336 3
344 400 0
307 367 3
309 367 3
291 350 3
293 350 3
293 410 0
336 338 3
310 369 3
312 369 3
307 366 3
307 365 1
322 380 1
366 367 3
297 355 3
298 355 3
338 395 3
336 395 3
294 352 3
330 388 3
331 388 3
295 352 3
298 357 3
299 357 3
300 358 3
301 358 3
304 362 3
315 373 3
338 396 3
398 402 1
400 404 1
291 349 3
302 360 3
303 361 3
303 362 3
315 372 3
316 373 3
320 379 1
321 379 1
323 381 3
344 402 0
347 404 2
349 350 3
352 410 0
361 362 3
314 372 3
322 379 1
322 381 3
332 391 3
333 391 3
395 396 3
293 351 3
352 353 1
295 353 1
298 356 3
305 362 1
306 365 1
365 366 0
310 367 3
310 368 3
312 370 3
372 373 3
324 382 3
325 383 3
326 384 3
327 385 3
328 386 3
329 387 3
350 351 3
351 410 0
295 412 3
296 412 3
356 357 3
300 357 3
367 368 3
368 369 3
369 370 3
370 371 3
316 374 3
379 380 2
381 382 3
382 383 3
383 384 3
385 386 3
386 387 3
387 388 3
334 391 3
353 412 0
318 377 3
384 385 3
334 393 3
355 356 3
373 374 3
319 377 3
380 381 2
331 447 3
332 447 3
335 393 3
398 459 1
290 349 3
357 358 3
302 358 3
303 360 0
320 377 3
377 379 1
334 392 3
396 459 1
400 402 3
317 374 3
388 447 3
391 392 3
392 393 3
335 394 3
336 394 3
400 463 0
360 361 1
393 394 3
402 459 2
290 406 3
394 395 3
349 406 3
296 355 3
374 375 3
371 372 3
391 447 3
358 360 3
372 429 3
373 489 3
374 489 2
358 417 3
360 417 3
355 412 3
371 429 3
353 411 3
411 412 0
305 421 3
367 425 3
306 421 3
368 425 3
371 428 3
402 460 3
362 535 0
362 421 0
366 424 3
367 424 3
370 428 3
388 446 3
400 460 3
361 535 3
373 429 3
377 435 3
387 446 3
352 411 1
428 429 3
379 435 0
380 438 0
381 438 3
386 444 3
387 444 3
361 419 3
391 448 3
349 407 3
350 408 3
351 409 3
357 415 3
358 415 3
358 416 3
360 418 3
360 419 1
362 420 3
420 421 0
306 422 3
365 422 0
365 423 0
366 423 3
375 377 3
381 439 3
382 440 3
383 441 3
384 442 3
385 443 3
386 443 3
446 447 3
447 448 3
406 407 3
407 408 3
408 409 3
355 413 3
419 535 3
369 427 3
369 428 3
439 440 3
440 441 3
441 442 3
442 443 3
391 507 3
356 413 3
416 417 3
417 418 3
420 535 0
424 425 3
368 426 3
438 439 3
392 507 3
400 462 1
412 413 3
356 415 3
423 424 3
425 426 3
369 426 3
427 428 3
380 435 0
448 507 3
459 460 2
462 463 2
415 416 3
421 422 3
443 444 3
410 411 1
418 419 1
418 477 3
426 427 3
400 518 3
409 410 0
419 477 3
460 518 3
422 423 3
375 435 3
413 415 3
444 446 3
425 483 3
426 483 3
375 489 3
375 494 2
444 503 3
446 504 3
446 503 3
447 504 3
393 395 3
395 459 1
395 397 3
435 494 2
442 500 3
443 500 3
397 459 1
400 576 2
395 450 3
518 576 3
406 464 3
483 484 3
426 484 3
393 450 3
411 469 3
417 475 1
420 478 0
423 481 3
423 482 3
424 482 3
435 496 3
380 496 0
441 500 3
443 501 3
407 465 2
408 465 2
410 468 3
411 468 0
421 479 3
425 482 3
427 484 3
427 485 3
428 485 3
496 612 1
438 496 3
439 497 3
440 497 3
444 502 3
407 464 3
408 466 2
409 466 2
416 475 1
478 535 1
420 479 0
422 479 3
428 486 3
438 555 2
438 497 3
440 499 3
441 499 3
501 502 3
465 466 3
415 475 1
422 481 3
429 486 3
497 555 3
500 501 3
412 469 1
418 475 1
478 479 0
485 486 3
435 612 1
496 555 2
502 503 3
459 518 2
464 465 3
482 483 3
410 466 1
481 482 3
484 485 3
494 553 3
435 553 2
448 504 3
400 695 3
412 470 1
413 470 1
415 473 1
415 531 1
429 545 2
373 545 2
440 556 2
576 695 3
466 468 0
469 528 0
412 528 1
413 471 1
415 471 1
473 531 3
475 531 1
499 556 3
499 500 3
503 504 3
459 633 1
468 469 1
470 528 3
470 471 3
418 476 3
476 477 2
397 450 3
471 473 1
475 476 3
479 538 3
422 538 3
489 545 3
489 546 3
375 549 1
494 551 3
497 556 3
518 633 1
479 537 3
549 551 0
392 449 3
545 546 3
449 507 3
393 449 3
478 537 2
551 553 3
553 612 1
477 535 3
537 538 3
471 529 3
481 538 3
473 529 0
466 525 3
450 451 3
468 526 1
469 526 0
451 569 1
465 523 3
465 525 3
475 533 3
468 525 1
471 528 3
478 536 1
486 545 3
500 558 3
501 558 3
531 533 0
476 534 3
481 597 1
483 541 3
484 542 3
489 549 1
501 559 3
504 507 3
523 525 3
475 534 2
482 541 3
483 542 3
485 544 2
486 544 3
502 559 3
464 522 1
465 522 3
529 531 1
482 540 3
489 605 3
549 605 3
552 553 3
499 558 3
449 450 3
535 536 2
541 542 3
551 552 3
555 612 1
525 526 3
528 529 3
540 541 3
549 608 3
502 560 3
503 560 3
506 507 3
522 523 3
476 535 2
481 540 3
542 544 3
551 608 1
499 557 3
503 561 3
504 563 1
507 563 1
506 563 3
533 534 3
534 535 0
544 545 3
557 558 3
559 560 3
504 561 3
489 604 3
546 604 3
608 609 3
558 559 3
560 561 3
561 563 1
551 609 3
556 557 3
449 451 3
576 633 1
529 587 1
531 588 3
536 537 0
529 588 1
538 597 1
604 605 3
555 556 3
397 451 3
542 601 3
544 601 3
558 616 3
540 597 1
557 616 3
555 613 3
561 621 1
563 621 3
528 587 3
549 607 3
556 614 3
607 608 3
555 614 3
528 586 3
613 614 3
533 590 1
538 596 3
544 602 3
545 602 3
523 581 3
525 581 3
525 583 3
531 590 2
534 591 1
534 593 1
535 593 1
536 595 1
537 595 1
596 597 1
540 599 3
561 562 3
526 583 2
469 585 3
533 591 1
534 592 1
537 596 3
559 616 3
526 585 1
541 599 3
546 602 2
562 621 3
576 694 3
522 580 3
523 580 3
525 582 1
587 588 3
590 591 1
536 594 1
540 598 3
546 603 2
603 604 3
549 606 3
612 613 3
506 621 3
449 506 3
694 695 3
581 582 1
582 583 0
586 587 1
591 592 3
593 594 1
594 595 2
542 600 3
600 601 3
601 602 3
605 606 3
552 610 3
557 614 3
557 615 3
397 981 3
528 585 1
531 589 2
592 593 1
552 609 3
451 981 3
580 581 3
526 584 2
589 590 3
602 603 3
615 616 3
510 576 3
584 585 1
588 589 3
597 598 0
598 599 3
542 599 3
553 610 3
614 615 3
585 586 0
599 600 3
397 509 3
459 509 2
559 561 3
508 561 3
510 633 1
583 584 3
606 607 3
609 610 3
595 596 0
508 559 2
508 562 3
508 616 2
610 612 2
510 694 3
612 669 1
616 673 3
506 562 3
508 673 1
610 669 3
612 670 1
615 673 3
592 650 3
613 670 1
584 642 1
585 642 1
593 650 0
604 662 3
610 667 3
459 510 2
586 644 1
587 644 3
587 646 3
588 646 3
590 648 2
596 654 2
597 654 0
600 658 3
609 667 3
610 668 3
583 641 2
589 648 2
595 653 0
596 653 1
597 713 0
598 713 3
601 659 3
603 661 3
667 668 3
669 670 3
582 641 0
585 644 3
644 702 1
590 649 2
591 649 3
591 650 3
653 654 0
599 657 3
599 658 3
602 659 3
604 661 3
604 664 3
605 664 3
607 666 3
608 666 3
608 667 3
668 669 3
509 510 3
510 692 1
580 638 2
581 638 2
581 639 2
582 640 0
583 642 1
589 647 2
593 651 0
594 653 0
598 657 3
657 658 3
661 662 3
606 664 3
613 671 2
614 671 2
614 673 3
639 640 3
585 643 2
646 647 3
647 648 3
648 649 3
650 651 3
594 651 0
600 659 3
602 661 3
662 664 3
607 664 3
666 667 3
451 506 3
643 644 3
664 666 3
670 671 0
695 753 0
638 639 3
641 642 1
658 659 3
642 643 0
664 721 3
509 981 3
644 646 3
654 713 2
656 713 3
598 656 3
656 657 3
602 660 3
649 650 3
660 661 3
662 721 3
713 714 3
659 660 3
614 730 3
671 730 0
673 730 3
656 714 3
664 723 3
666 724 3
666 723 3
753 985 0
640 641 3
644 703 3
646 703 3
594 710 0
673 847 1
651 710 3
653 710 2
664 722 3
694 753 2
650 709 2
643 702 1
651 709 3
660 718 3
667 725 3
669 727 3
654 712 2
712 713 3
667 726 3
668 726 3
668 727 3
508 847 1
702 703 0
646 704 3
661 718 3
721 722 3
723 724 3
666 725 3
670 728 3
730 847 1
510 753 1
641 699 3
642 701 3
643 701 1
658 717 3
659 717 3
718 719 0
661 719 2
722 723 3
725 726 3
638 696 3
639 697 3
639 698 3
640 698 3
642 700 3
650 708 3
709 710 3
660 717 3
662 719 2
696 697 3
698 699 3
642 699 0
703 704 3
649 708 3
658 716 3
662 720 2
671 729 2
451 618 3
697 698 3
699 700 1
700 701 3
646 705 3
647 705 3
648 705 3
708 709 3
654 710 2
671 728 2
729 730 0
618 981 3
649 707 3
717 718 3
719 720 3
720 721 3
726 727 3
670 727 3
701 702 3
704 705 3
648 764 3
657 716 3
716 717 3
728 729 3
506 508 3
705 764 3
649 764 3
707 708 3
710 712 3
657 714 3
707 764 3
510 979 3
714 716 3
509 979 3
724 725 3
727 728 3
508 736 1
725 783 3
506 618 3
510 983 3
753 983 0
699 757 3
703 761 3
704 761 3
705 763 3
710 769 3
716 773 3
717 775 3
720 779 3
721 779 3
722 779 3
763 764 3
712 770 3
716 775 3
727 786 3
728 786 3
702 760 0
714 773 3
722 781 3
723 781 3
724 782 3
701 760 0
702 761 0
709 767 3
709 769 2
714 772 3
718 776 1
779 780 3
722 780 3
724 781 3
729 787 3
729 788 3
730 788 1
696 754 3
697 755 3
697 756 3
698 756 3
700 758 0
701 758 0
760 761 3
708 767 3
710 770 3
712 771 3
713 771 3
772 773 3
717 776 2
726 784 0
753 927 1
754 755 3
755 756 3
756 757 3
757 758 3
704 762 3
705 762 3
767 769 3
770 771 3
714 771 3
719 776 1
725 782 3
783 784 0
727 784 0
788 847 3
506 975 3
927 985 0
775 776 0
720 778 1
780 781 3
781 782 3
728 787 3
618 975 3
773 775 3
719 778 1
727 785 3
787 788 3
701 759 0
761 762 3
762 763 3
782 783 3
784 785 1
927 983 0
758 759 3
759 760 3
778 779 0
786 787 3
847 907 1
508 907 1
707 824 3
785 786 3
708 824 3
707 823 3
823 824 3
769 770 3
771 772 3
508 975 3
776 778 2
767 824 3
509 1037 1
764 823 3
508 968 3
981 1037 1
773 832 3
968 975 3
767 826 3
769 826 3
771 829 3
775 832 3
778 835 0
979 983 3
769 827 3
772 829 3
776 835 0
786 844 3
770 827 3
783 841 3
785 844 3
782 841 3
784 841 1
762 820 3
767 825 3
775 833 3
759 818 3
760 818 3
761 819 3
763 820 3
824 825 3
832 833 3
776 833 1
787 845 3
788 846 3
757 815 3
758 815 3
760 819 3
762 819 3
763 821 3
770 828 3
833 834 0
779 837 3
780 837 3
786 845 3
787 846 3
754 812 3
755 813 3
756 813 3
820 821 3
764 821 3
778 836 0
778 837 0
781 839 3
782 840 3
784 842 1
785 843 3
981 1033 1
982 983 3
812 813 3
759 816 3
819 820 3
764 822 3
771 828 3
772 830 3
773 830 3
776 834 0
836 837 3
780 839 3
839 840 3
840 841 3
841 842 0
842 843 1
843 844 3
844 845 3
618 1033 1
979 1037 1
979 982 3
756 814 3
758 816 3
818 819 3
821 822 3
825 826 3
826 827 1
780 838 3
813 814 3
757 814 3
827 828 3
828 829 3
835 836 3
838 839 3
846 847 3
814 815 3
837 838 3
1033 1037 0
829 830 3
830 832 3
834 835 3
847 964 3
907 964 0
508 908 1
815 816 3
822 823 3
845 846 3
907 908 3
908 968 0
759 875 3
816 875 3
818 875 3
845 903 3
847 905 3
832 890 2
833 890 2
844 903 3
846 905 3
819 877 2
833 891 3
905 964 3
816 874 3
830 889 0
834 891 1
818 877 2
832 889 1
834 892 1
813 871 3
822 880 3
823 880 3
826 884 3
829 887 3
835 892 1
983 985 2
814 871 3
825 882 1
827 885 1
828 885 1
830 887 3
889 890 3
844 902 1
845 904 3
846 904 3
812 870 3
813 870 3
815 873 3
821 879 2
880 881 3
824 882 1
825 884 3
826 885 1
835 893 1
836 894 1
837 895 1
838 896 1
839 897 1
840 898 1
841 899 1
842 900 0
843 901 2
843 902 1
902 903 0
618 1032 1
820 878 2
822 879 2
823 881 3
824 881 3
825 883 1
884 885 1
890 891 3
892 893 3
893 894 3
894 895 3
895 896 3
896 897 3
897 898 3
898 899 3
899 900 3
900 901 3
903 904 3
975 1032 1
875 876 3
821 878 2
881 882 1
883 884 0
870 871 3
814 873 3
874 875 3
818 876 3
901 902 1
819 878 1
878 879 3
891 892 3
815 874 3
879 880 0
882 883 3
877 878 1
828 887 3
1032 1033 3
871 873 3
968 969 3
969 975 3
975 1031 1
876 877 3
887 946 2
1031 1032 3
873 874 3
830 946 2
979 980 3
980 982 3
904 905 3
908 967 0
964 965 1
967 968 3
969 1031 1
980 1037 1
877 935 1
907 965 3
871 930 3
873 930 3
875 933 3
889 946 1
889 947 2
887 945 3
908 965 3
874 933 3
876 934 3
877 934 2
876 933 0
878 935 2
881 939 3
882 939 0
885 945 0
828 945 3
890 947 0
890 948 3
873 931 3
884 942 3
885 942 0
891 948 2
983 984 1
870 928 3
871 929 0
874 932 3
880 939 3
882 940 0
883 940 0
883 942 0
885 943 0
947 948 1
891 949 2
892 950 2
893 951 3
894 952 3
895 953 3
896 954 3
897 955 3
898 956 3
899 957 3
900 958 3
901 959 3
902 960 0
903 961 0
904 961 0
904 963 3
905 963 3
908 966 1
984 985 3
928 929 0
929 930 1
932 933 3
933 934 1
934 935 3
879 935 2
879 936 0
942 943 3
943 945 3
946 947 3
948 949 3
949 950 3
950 951 3
951 952 3
952 953 3
953 954 3
954 955 3
955 956 3
956 957 3
957 958 3
958 959 3
959 960 3
960 961 3
965 966 1
966 967 0
930 931 3
874 931 3
879 996 0
945 946 2
935 936 0
879 995 0
880 996 3
939 940 3
904 1020 3
931 932 3
961 1020 1
936 995 2
939 996 3
963 1020 3
963 964 3
995 996 3
1028 1031 3
983 1041 1
969 1028 1
982 1041 1
984 1041 1
883 998 0
945 1002 3
968 1027 1
969 1027 1
936 994 2
994 995 3
940 998 3
942 998 3
943 1002 3
1037 1038 3
980 1038 1
963 1021 3
933 992 3
1020 1021 3
934 992 0
998 999 3
964 1021 3
968 1026 1
980 1039 1
982 1039 1
942 999 3
967 1026 1
1026 1027 3
932 990 3
946 1004 1
965 1023 1
966 1023 3
935 993 0
945 1004 3
985 1043 1
939 997 3
1027 1028 3
982 1040 1
984 1043 1
930 988 3
936 993 2
996 997 3
939 998 3
964 1023 1
1040 1041 3
929 988 1
931 988 3
934 993 0
942 1000 3
943 1000 3
943 1001 3
945 1003 3
948 1006 1
928 986 3
929 987 1
931 989 3
931 990 3
933 990 3
992 993 3
997 998 3
1002 1003 3
1003 1004 3
947 1004 1
947 1005 1
947 1006 1
949 1007 3
950 1008 1
951 1009 1
952 1010 1
953 1011 1
954 1012 1
955 1013 1
956 1014 1
957 1015 1
958 1016 1
959 1017 1
960 1018 1
961 1019 1
964 1022 3
966 1024 3
967 1025 1
1038 1039 3
1039 1040 3
984 1042 1
986 987 3
987 988 3
988 989 3
989 990 3
1000 1001 3
1001 1002 3
1004 1005 3
1005 1006 3
1006 1007 0
1007 1008 1
1008 1009 3
1009 1010 3
1010 1011 3
1011 1012 3
1012 1013 3
1013 1014 3
1014 1015 3
1015 1016 3
1016 1017 3
1017 1018 3
1018 1019 3
1019 1020 3
1021 1022 3
1022 1023 1
1023 1024 3
1024 1025 0
1025 1026 3
1041 1042 3
1042 1043 3
993 994 3
999 1000 3
990 992 3
