0.065843 -0.221888 20.9405
0.0333611 -0.187833 21.9493
0.0398878 -0.125217 20.829
0.0142644 -0.0909622 21.0358
-0.0284933 -0.0933827 25.1211
0.0113067 0.0662595 14.1211
0.000326204 0.00496741 16.4886
0.0112826 -0.185462 23.5879
0.0107233 -0.194162 22.9056
0.0287687 0.579915 3.21915
0.228447 0.0609561 -47.469
0.134828 -0.247839 -25.2209
-0.0324398 0.0857242 20.9072
-0.0462603 0.0721006 24.2573
-0.0329782 -0.0209389 21.5591
0.0213542 -0.115718 5.94153
-0.0109228 -0.0652173 14.4344
-0.0787612 -0.607516 58.1229
-0.0834395 0.259042 40.1789
0.106921 -0.326882 -25.1874
0.0103526 -0.167686 14.7682
0.358668 0.0543348 -159.623
0.00349294 -0.0430037 9.8095
-0.153901 -0.0444172 88.0815
-0.0233943 -0.0270166 19.6049
-0.102777 -0.0458631 67.4298
-0.14064 -0.0674982 89.3623
-0.0865187 -0.00321719 56.1986
-0.0518841 -0.00119276 35.2692
-0.0272745 -0.0132397 20.9352
-0.0156172 0.00895955 12.2053
-0.0105713 -0.00564744 9.57514
0.0215592 0.0401946 -12.7059
-0.00607213 -0.00354318 6.676
-0.0139969 -0.0161645 13.0813
-0.00226769 -0.00539322 3.85793
0.0200632 -0.0174451 -13.2025
0.0145462 -0.0554572 -8.20325
0.0152486 -0.101705 -7.10877
-0.0106929 -0.0386565 12.2328
-0.00556361 -0.0239818 7.35924
0.0028718 -0.0353746 0.367867
0.00704997 -0.0280707 -3.6482
0.00504813 -0.296781 3.09106
0.203864 -0.275859 -181.614
-0.0295806 0.205802 41.012
0.0750434 0.138889 -63.5879
0.126915 0.182275 -115.825
-0.194934 0.0871019 214.392
0.31773 -0.0401591 -325.662
0 -0.119893 15.9994
0.0171569 -0.120935 -3.13775
-0.298622 0.0482499 373.538
0.00207798 0.0599951 30.7027
-0.00313933 0.0434133 36.8663
0.0584423 -0.0962554 -36.6237
0.24293 -0.108337 -278.466
0.287987 -0.0992222 -333.977
0.0767139 -0.23195 20.8106
0.0671031 -0.221299 20.8587
0.0498123 -0.179946 20.2901
0.065184 -0.167961 19.2443
-0.00564638 -0.0664209 22.0711
-0.0515178 -0.0208254 24.8645
-0.00150697 0.0158264 16.4502
0.0458734 -0.172094 16.1457
0.0171588 -0.170659 20.6923
0.0345173 -0.175231 17.6879
0.0620469 -0.09415 9.28872
0.0250668 -0.145648 19.3117
-0.0534858 0.229217 22.308
-0.11359 0.163945 41.3781
0.00292706 -0.225786 14.5875
-0.025522 -0.112274 20.9764
-0.0403007 -0.0797537 25.1634
-0.18729 0.0227641 86.5886
-0.156196 0.0314931 73.8486
-0.322526 -0.132332 147.24
0.0037233 -0.0433119 8.43145
0.0397984 -0.0263355 -8.78362
-0.0253005 -0.0707678 24.7554
-0.0795679 -0.0557594 49.7105
0.0157944 -0.0989445 11.654
-0.0606722 -0.0819483 45.4987
-0.0626744 -0.0532994 44.8964
-0.0617973 -0.0475716 43.2085
-0.0478661 -0.0205156 33.9557
0.195965 0.276944 -125.3
-0.329769 -0.0541512 223.521
-0.000261416 -0.0225266 3.33922
-0.00788724 -0.00561059 8.02757
0.0723168 0.0135156 -50.9846
-0.0063816 -0.0103202 7.06034
-0.00122609 -0.023977 3.45924
-0.0655183 0.0322732 51.8023
0.0126128 -0.0469485 -6.66288
-0.000781883 -0.0366987 3.4868
-0.00191834 -0.0359571 4.56781
-0.00317528 -0.0175849 4.82755
0.00569838 -0.0245458 -2.87363
0.00744391 -0.0349083 -3.52667
-0.00282991 -0.0187514 5.26411
-0.0110004 -0.0120796 14.8029
-0.0084836 0.246508 1.56071
0 -0.00654735 4.12059
-0.00104861 -0.0131187 2.9872
-0.00055327 0.240837 -6.05625
-0.00285957 0.0013702 4.3659
0 -0.00654735 4.12059
0.00232057 0.00878487 -1.46628
0.000739969 -0.0113108 0.959176
0.000818911 -0.0102568 0.83495
-0.00428716 0.245443 -1.7273
0.00097113 -0.00994087 0.641234
-0.167448 -0.223175 227.459
0.619689 0.0690476 -746.962
0.085002 -0.213583 19.6635
0.0681509 -0.21013 19.8807
0.0650247 -0.221967 20.834
0.0331472 -0.205116 22.4267
0.00382586 -0.0377584 19.7994
-0.0138253 -0.00595548 20.0277
0.0169268 -0.268824 25.0858
0.0283909 -0.209562 20.7354
0.0338944 -0.180762 18.5971
0.0228539 -0.174441 20.1818
0.0210471 -0.19272 21.634
-0.04325 -0.175397 36.6377
0.0233159 0.0719808 9.2307
-0.0513828 0.243054 21.1877
0.105979 -0.0167735 -9.56763
0.137857 0.0876675 -37.3806
-0.0110992 -0.0116737 31.9031
-0.184507 0.0290556 85.6125
-0.123063 -0.0352519 63.378
-0.127995 0.00956361 62.8864
-0.0308327 -0.0197838 22.7437
-0.00591882 -0.0560522 13.6507
-0.026489 -0.0563967 23.7384
-0.0211908 -0.059159 19.7074
-0.0192257 -0.0322193 17.6137
0.0301598 -0.0540516 -6.92201
-0.0433474 -0.038037 32.0268
-0.018668 -0.00889577 14.9881
-0.0183137 -0.00137923 14.5835
-0.0181738 0.0082287 14.2225
-0.0112454 -0.0043294 9.91874
-0.0307865 0.00709916 23.7758
-0.0105604 0.0104667 9.21739
-0.00619847 -0.00211775 6.57967
-0.00991739 -0.0064726 9.73994
-0.008436 -0.00422351 8.17308
0.00532964 -0.0217477 -1.76848
-0.00208296 -0.0152109 3.97211
-0.00953234 -0.00681475 9.71177
-0.0122775 -0.0109798 12.475
-0.000811802 -0.0152375 2.74466
0.00487431 -0.0131319 -2.46717
0.00870581 -0.0146857 -5.78722
0.00955495 -0.0114602 -6.49369
-0.00578789 -0.00961072 7.84917
-0.00434838 -0.00694345 6.28621
-0.00694632 -0.00534055 8.78215
-0.00402957 -0.0027571 5.73922
-0.00483392 -0.000465655 6.49102
-0.000559481 0.00197503 1.90357
0.00745972 0.0139754 -7.30952
0.000220127 0.0151451 0.769644
0.0052623 0.0155749 -4.92505
0.00687398 0.0257674 -7.48741
0.00756202 0.0309092 -8.59138
0.00498465 0.0199267 -4.72967
-0.00741184 0.0388137 9.53541
0.000484448 0.0280779 0.323553
-0.000301697 -0.0558883 10.8506
0.0278338 -0.121209 14.8225
0.0347884 -0.17894 19.7033
0.0224052 -0.179316 21.0201
-0.0135482 -0.153866 21.4845
0.00667235 -0.153985 18.0813
-0.0145166 -0.11568 17.643
0.0681227 -0.222248 14.3663
0.0359795 -0.211043 20.024
0.0326691 -0.210655 20.2078
0.0258784 -0.209917 21.8872
0.0123138 -0.287625 31.3095
0.00260302 -0.243616 30.2808
0.121317 0.00157804 -15.3992
0.137551 -0.00495377 -20.0314
-0.058373 -0.0813554 38.2886
-0.0414043 -0.133223 36.9235
-0.0369209 -0.0357423 28.5582
-0.0495155 -0.076008 36.7832
-0.0911684 -0.0132411 49.4601
-0.0700821 -0.0566272 41.7799
-0.0281047 -0.0293532 22.1689
-0.0226541 -0.0818061 22.9803
-0.0318213 -0.0656882 25.9786
-1.99722e-05 -0.0427858 8.08665
-0.00251422 -0.0347415 9.12185
-0.0236446 -0.0459807 21.9633
-0.0130282 -0.0430622 14.61
-0.00859305 0.007876 8.41279
-0.006207 0.000353889 7.16268
-0.0123862 0.0175699 9.88579
-0.00544881 0.0224274 5.27656
-0.00777702 0.00442038 7.57057
-0.0131651 0.00252883 11.3755
-0.00987729 0.00140062 9.07454
-0.000688681 0.0294842 0.0535367
0.002036 0.0261365 -1.78446
-0.0132629 0.00873556 12.0484
-0.0106689 0.000688644 10.4229
-0.0116278 -0.0089913 11.7515
-0.0026143 -0.00884399 3.94945
0.00890148 -0.0119943 -5.84423
0.0130433 -0.00876451 -9.83428
0.00149933 -0.0165866 1.35298
-0.0107364 -0.185254 26.4449
-0.00655076 -0.0115094 8.63205
-0.000693878 0.000192971 2.13965
0.0511995 -0.217821 -34.1346
-0.00163182 -0.0104258 3.3972
-0.000622725 -0.00733607 2.06363
0.00882388 0.0116064 -8.67686
0.0129389 0.0185453 -13.9403
0.00210508 -0.00755645 -0.905975
0.00235268 -0.00897087 -1.04699
0.00198043 -0.00864732 -0.593121
0.0033288 -0.00683647 -2.26741
0 -0.197381 17.1273
-0.00233303 -0.199661 20.2297
0.0200628 0.0120952 4.14454
0.00140347 0.00712892 4.97233
0.00845862 0.0133368 4.20603
0.0109506 -0.0418565 9.71672
-0.13978 -0.0128773 39.8102
-0.0839655 0.0325117 29.0921
-0.0535302 -0.0458738 15.9006
0.00395386 -0.0603244 9.86336
0.0503021 -0.214464 16.6133
0.018822 -0.10724 12.8129
-0.0038265 -0.201358 27.8814
-0.00841828 0.0389802 1.97233
-0.00844833 0.0389639 1.98159
0.0487643 0.0998436 -8.04365
0.174431 -0.00874847 -31.1514
-0.0112776 -0.110314 24.8803
-0.0119903 -0.0722943 21.6387
0.100498 -0.361877 4.88448
0.0306762 -0.361102 31.4883
-0.00718784 -0.027259 10.7306
-0.00396615 -0.0491866 11.5496
-0.00649077 -0.029971 10.8063
0.0811221 0.0813101 -43.5196
-0.0204376 -0.0468006 19.1158
-0.0152949 -0.0308142 14.859
-0.00159694 -0.0509471 9.93619
-0.0154612 -0.0428922 16.7686
-0.00484694 -0.0271243 9.25376
-0.00383176 -0.00986666 6.76556
0.00448507 -0.00777821 1.08811
-0.0163876 0.0149378 13.0224
-0.0141148 0.00988944 11.6181
-0.02473 0.00786942 19.0439
-0.0147246 0.00528879 12.3417
0.0106671 0.0147913 -7.08971
0.00514299 0.0249529 -3.61234
-0.0186475 -0.00306598 17.639
-0.0155653 0.0053473 14.0301
-0.0149896 -0.0108859 15.191
-0.0123847 -0.00543094 12.1698
0.00217489 -0.00628607 -0.420967
0.00586343 -0.00742382 -3.56449
0.00927468 -0.00778674 -6.63836
0.00820727 -0.00518816 -5.85485
-0.000900577 -0.00751755 3.04284
0.000487516 -0.000569642 1.01912
0.00393903 0.00751858 -3.2072
0.00423934 0.00737054 -3.4892
0.00516306 0.00761649 -4.46563
0.00952008 0.0130073 -9.57288
0.0130809 0.00719946 -13.1617
0.0123045 0.0160523 -13.0671
0.0155094 0.020811 -17.0679
0.00885972 0.022397 -9.32193
0.00431446 0.000623669 -3.9635
0.0116488 0.0202456 -13.5406
0.0066331 0.0204324 -7.38568
0.00865453 -0.013111 -7.56241
0.0229654 0.0229249 2.69825
0.0126508 0.0210321 3.46566
0.0140229 0.0206874 3.43897
0.0081419 0.0175158 4.15763
-0.022477 0.0131104 7.05297
-0.0708433 0.0353151 9.95645
-0.0419236 0.0245402 6.6866
0.000633689 -0.0134639 5.56232
0.0286183 -0.00179778 -0.603919
0.0122745 0.00157139 2.38285
-0.0172589 -0.00100574 9.20047
-0.0268179 0.0242127 8.30932
0.00734687 0.0487076 -3.2529
0.180478 0.0233063 -36.9323
0.181265 -0.000131231 -34.223
0.0135161 0.0218709 -3.79488
-0.00616417 0.0283388 2.1136
0.01265 0.00337828 -1.41554
0.026488 -0.00649239 -5.43756
0.0128012 -0.00158046 -0.485591
-0.00382752 -0.00823122 7.37661
-0.0306273 -0.0380502 23.0662
-0.00812138 -0.0510328 14.3781
0.0184337 -0.0336625 -2.25179
-0.0124585 -0.0414003 15.1515
-0.0117179 -0.0343922 13.3973
-0.0120132 -0.0351686 13.7167
0.00136916 -0.0307579 6.12316
-0.000281583 -0.0119052 4.52952
0.0333718 0.00580969 -18.7389
0.0174471 -0.00737583 -7.28105
-0.0196356 0.0240123 14.2072
-0.0214942 0.0236513 15.1018
-0.00409369 0.00833269 4.43332
0.0163521 0.0140049 -11.1941
-0.00757113 -0.00151189 8.83555
-0.0254912 -0.00588409 23.1046
-0.0212028 -0.0036808 19.565
-0.0150266 -0.00324339 14.3577
-0.0187968 -0.00217773 17.3118
-0.00168312 -0.000106607 2.30627
0.00453386 0.000418879 -3.25136
0.009587 -0.000182414 -7.73338
0.00880348 -0.000662152 -6.92987
0.00776214 0.00761369 -6.90038
0.00432986 0.0116534 -4.0272
0.00661237 0.0136799 -6.59594
-0.000347053 -0.00475204 1.49756
0.00773803 0.0130353 -7.68658
0.00882539 0.0131651 -8.84483
0.0164118 0.00736399 -16.8179
0.0170631 0.025947 -19.3811
0.0137525 0.0232546 -15.2074
0.0999443 -0.00487073 -95.3658
0.108269 -0.0131534 -104.213
0.0805081 0.447927 -127.398
0.259934 0.122585 -241.967
-0.050593 0.282936 41.4816
0.0333877 0.022743 2.28192
0.0149292 0.0322021 1.59744
0.0105634 0.0157385 4.34988
0.010426 0.0115488 4.81307
-0.035746 0.0178466 7.85529
0.0661547 0.0575729 21.8199
-0.0408387 0.0313745 6.05705
-0.00297639 0.0299873 0.482955
0.0179435 0.0430984 -4.09304
0.00494429 0.0367806 -0.237986
0.000722591 0.0421557 -0.570777
0.0120841 0.0575694 -5.5307
0.0318116 0.0843325 -14.0789
0.197754 -0.0593698 -31.0882
0.187203 0.0103211 -37.302
0.00748408 0.0353603 -3.57839
0.0763975 0.0495942 -29.4326
-0.0613852 0.0125773 48.938
0.00406739 0.0433896 -3.21319
0.00298329 0.00533476 2.80623
-0.00600067 -0.00922791 8.5354
-0.036068 -0.0211941 23.7976
-0.0518276 -0.0349078 32.7073
-0.0145484 -0.020093 12.0523
-0.0101712 -0.0177127 9.80281
0.00591829 0.00801284 -2.62106
0.00221161 -0.0163676 2.86858
-0.00960857 -0.000121915 7.84455
0.0152677 -0.0517757 0.287989
0.00608002 -0.0292485 2.50096
0.0219449 -0.0449657 -5.10659
0.172718 0.0155992 -106.827
-0.455876 0.0369974 321.626
-0.0174906 -0.00169415 15.4036
0.00782284 -0.0137752 -1.36101
-0.00726535 -0.0136641 10.0699
-0.00735271 -0.00888323 9.3831
-0.0168654 -0.000216558 15.8391
-0.0225559 0.00258635 20.0004
-0.0116575 0.00514374 10.2506
-0.00205309 0.00657616 1.79538
-0.00409465 0.00300975 3.98205
0.00317579 0.00474236 -2.69031
0.0122299 0.0148532 -12.2318
0.00785584 0.0199872 -8.78445
0.00447276 0.0180221 -5.1231
0.00613277 0.0153621 -6.33947
0.00756891 0.0169482 -8.04599
0.00905659 0.0133884 -9.1116
0.00609969 0.0167237 -6.34286
0.00953594 0.0152224 -9.72615
0.016852 0.0246605 -18.9536
-0.0975286 0.0146104 122.427
0.00069108 -0.261107 221.621
-0.118725 0.00963809 149.679
0.219789 -0.11026 -242.728
0.20045 -0.206445 -204.892
0.237153 -0.212107 -249.24
-0.00840408 0.0682084 -3.85737
-0.0186167 0.0696124 -3.19382
-0.0115908 0.0189306 4.95412
-0.00354106 0.0220362 4.05173
0.180079 0.084867 -26.5281
0.0747421 0.0167771 27.0837
-0.028686 0.0577783 0.560891
-0.00248158 0.0701873 -4.93772
0.0119874 0.0403688 -2.34627
-0.00188129 0.0200135 3.6472
0.00528593 0.042751 -1.78568
0.0463019 0.0489324 -12.6827
0.105108 0.12497 -39.3238
0.227895 -0.0683448 -38.2565
0.140613 0.017005 -23.6427
-0.0160086 0.0394663 3.96173
-0.0217138 0.0764622 0.0241201
0.000956411 0.0587368 -4.82585
-0.00523233 0.0238489 3.26617
-0.0241245 0.0114687 12.8811
-0.0226037 -0.00507614 14.8808
-0.0524394 0.00342692 27.2238
-0.0365314 0.00210801 19.6809
-0.00500635 0.0247276 0.744952
0.0163232 0.0553037 -15.7603
0.000471834 0.0481069 -6.60912
-0.0221035 0.178389 -15.3244
-0.0504303 -0.158885 54.5123
0.252017 -0.295009 -111.05
0.00709527 -0.0346729 2.34709
0.0715144 0.36268 -99.3293
-0.0558911 -0.595352 141.228
-0.00169326 -0.0108022 5.4715
-0.00730578 0.00606414 6.70572
-0.00357917 0.00550232 3.94579
-0.00279245 0.0056105 3.5354
-0.010862 0.00219926 10.2307
-0.0147303 0.00429723 13.2191
-0.0110474 0.00470061 9.86417
-0.00261425 0.0119971 1.65008
-0.00652705 0.0157713 4.32607
0.0044207 0.00987604 -4.44463
0.0106051 0.0183752 -11.4052
0.00338779 0.0241291 -5.13992
0.00472331 0.0203266 -5.68
-4.41308e-05 0.0133343 0.656577
0.309707 -0.514053 -184.706
-0.078533 -0.340697 181.377
-0.000371529 0.096732 -6.3178
0.00078915 0.0967587 -7.55258
0.310042 0.147753 -351.918
-0.0245319 -0.0206003 40.6156
0.0121111 -0.016966 -1.14612
0.0495808 -0.0914836 -29.1717
-0.13234 -0.000310879 167.024
0.0482247 -0.163673 -22.3641
-0.0335319 0.00377044 51.3577
-1.78539 -0.168321 2234.95
0.0471376 0.178222 -22.174
0.0171165 0.548764 -87.6904
-0.0329437 0.590275 -93.1358
-0.0664234 0.54391 -82.615
0.184954 0.0871553 -27.3121
-0.0027602 -0.00475972 39.9899
0.0193103 0.137863 -6.17917
-0.00176625 0.0966301 4.89763
0.0809389 0.174612 -19.3312
-0.0849042 0.0235354 40.2054
0.00457698 0.0865357 -0.489114
-0.0691955 0.0869108 16.9016
-0.0983535 0.171941 7.87076
0.218145 -0.0193039 -44.6766
0.196727 0.00324845 -52.9706
-0.0195614 0.139318 -11.7263
-0.00976329 0.120835 -11.7234
-0.0162599 0.118515 -8.95351
-0.00460909 0.0925444 -9.22511
-0.00438785 0.105389 -12.4633
-0.0136852 0.0860938 -5.27581
-0.0299733 0.0632194 6.28666
0.0290475 0.131097 -34.7765
0.0530311 0.180102 -55.2018
0.100665 0.393668 -119.4
0.0151853 0.144178 -28.544
0.0722009 0.0166272 -31.0415
0.00436617 0.0111698 9.66642
-0.000317937 0.0229176 10.4464
-0.0161695 0.151459 -14.5597
-0.0356429 0.225497 -16.0279
-0.015053 0.329415 -50.1988
0.020749 0.00399816 -13.0952
-0.00283782 0.0460036 -4.16999
0.00075291 0.0428565 -5.83709
-0.0145859 0.0575162 3.12067
-0.0107583 0.0208022 7.08405
-0.0252887 0.03438 16.1532
-0.0160835 0.0307226 9.14608
-0.000235514 0.0201244 -2.12759
0.00952058 0.0259937 -11.7727
0.00652656 0.195563 -42.6926
-0.0080145 0.00761114 9.78922
0.0168435 0.0322986 -19.6171
-0.0137511 0.014902 12.6705
0.0156207 0.00703906 -14.0679
0.0168076 0.00327655 -14.274
0.0703319 0.452259 -113.312
0 0.186979 -22.5932
0.0132116 0.015843 -14.7875
0 0.20174 -25.2161
0.00568778 0.200826 -31.3732
0.00875563 0.189628 -32.9768
-0.0780126 -0.0416871 109.778
-0.110305 -0.0087844 141.498
-0.0671829 -0.0900397 105.046
-0.0573414 -0.0418397 84.6462
-0.0607327 -0.0443445 89.0251
0.0127343 0.54563 -86.6314
0.0111074 0.531587 -83.3669
-0.0100579 0.484489 -73.2769
-0.0140477 0.492318 -73.7887
-0.0237947 0.378861 -50.3548
-0.0322188 -0.0174083 46.0263
0.0321235 0.134539 -7.05712
-0.00594218 0.0530405 14.2585
0 0 -1
-0.108144 0.000323877 49.8493
-0.136981 0.357017 -21.1284
-0.0186067 0.147939 -7.12321
0.0176252 0.298215 -47.4704
0.0540046 -0.0550974 9.60725
0.769022 -0.0363472 -210.444
-0.069358 0.103627 13.6424
-0.0352246 0.117107 -1.30705
-0.0413432 -0.018101 46.5506
-0.0108611 0.178081 -23.5557
-0.0205429 0.181096 -19.4758
-0.0109542 0.211743 -29.9713
-0.0112275 0.232481 -34.1112
0.0121258 0.251591 -49.2468
0.0436304 0.233853 -60.7949
0.0280611 0.113329 -27.3465
0.024984 0.182775 -40.5358
0.0447654 0.0902151 -30.4811
0.00803328 0.0498088 0.00126778
-0.0484992 0.0806994 26.8081
-0.0378279 0.265672 -22.6121
-0.0269332 0.287445 -33.8708
-0.0291151 0.289011 -33.0515
-0.020385 0.301377 -41.1915
-0.0213632 0.156123 -10.7716
-0.0192575 0.146029 -10.3764
-0.0516854 0.144966 14.5795
-0.0338108 0.0815597 13.4902
-0.033244 0.0752602 14.5962
-0.0195413 0.0421639 9.95466
-0.0177353 0.0418116 8.61773
0.000161744 0.0155536 0.551529
-0.017701 -0.0529355 34.4861
-1.31046 0.17543 1160.38
0.00381636 0.027372 -7.02291
0.0133666 0.463265 -103.873
-0.00597338 0.393923 -70.7012
0.0133878 0.360375 -83.6553
0.417355 0.00957965 -380.767
0.0092809 -0.318657 100.894
0.0384535 -0.282764 61.927
0 -0.328992 112.838
-0.0035606 -0.30223 111.145
0.0318373 -0.305865 71.8949
0.058886 -0.187618 14.1481
-0.0304732 -0.0289818 49.3017
-0.0992272 -0.115167 148.265
-0.0220508 -0.0187053 36.2111
-0.0181746 -0.0150849 30.7091
0.00585478 0.519638 -80.9319
6.26977e-06 0.48357 -72.8014
-0.267102 0.0939847 43.7564
-0.0783517 0.547447 -81.7793
-0.0340778 0.62842 -103.827
-0.077492 -0.0206945 51.561
-0.0209936 0.12818 0.953394
0.0332758 0.162568 -10.3398
-0.0318831 0.148932 3.89103
-0.0538826 0.288311 -23.5822
-0.0254066 0.352216 -44.703
-0.113484 -0.0267796 67.7825
-0.131984 -0.0421544 75.8118
-0.177813 0.0350776 76.7146
-0.308686 0.0520322 130.341
-0.0916276 0.00313098 71.1326
-0.0680227 0.0812601 17.1279
-0.0372428 -0.0164662 44.6775
-0.00560312 0.284284 -47.5237
-0.00332652 0.264564 -43.9117
0.0298617 0.245298 -54.5558
0.0131597 0.227443 -43.2081
0.00974729 0.257959 -49.2159
-0.0101938 0.252381 -37.3456
0.00493341 0.188969 -31.9926
0.0899206 0.149135 -69.4051
0.0423175 0.105312 -32.0038
0.0174582 0.0928746 -15.4385
-0.0311748 0.138065 3.60635
-0.018832 0.290086 -39.1313
0.000583608 0.321714 -58.8311
-0.0480578 0.0543573 34.0335
-0.105236 0.0103444 82.8823
-0.0709026 0.115549 35.0373
-0.0456871 0.17401 3.89896
-0.0614558 0.162178 18.6559
-0.0676664 0.133541 29.7595
-0.0622328 0.182036 15.1949
-0.00351568 0.00812381 5.41021
0.144451 0.851985 -305.413
0.0922032 0.42603 -171.799
0.0234656 -0.0598382 -0.744898
0.163725 0.0441215 -149.598
0.00599466 0.0666436 -11.5325
-0.000500523 0.0741699 -7.1167
0.00704262 0.0576623 -10.8388
0 0.0726762 -7.25532
0.0963665 -0.117066 -26.3345
0.00569233 0.120243 -24.2022
0 0.109919 -15.8326
0.00720662 0.114683 -24.7464
0.00921755 0.112843 -26.8061
-0.00418808 0.101629 -9.20689
0.0619371 -0.256106 25.821
-0.089822 -0.126189 139.682
-0.0230776 0.0887383 12.7566
0.024412 0.0144655 -28.2071
0.0241263 0.0149601 -28.0197
-0.011226 0.0168983 38.5517
-0.0135972 0.00644417 41.104
0.00266081 -0.00170782 42.4327
0.000483935 -0.0127101 45.538
0.0118588 -0.0736697 68.018
-0.111674 0.198298 3.10393
-0.0805715 0.0961756 23.375
-0.0380562 0.108606 13.5577
-0.025412 0.0955072 15.1768
-0.0225529 0.0529646 26.2362
-0.0380461 0.0627356 26.3285
-0.0903754 0.0398348 45.0203
-0.145318 0.0136462 65.5071
-0.0764076 0.144062 13.5068
-0.0278789 0.0865082 13.5007
-0.00439908 -0.12726 60.2913
0.0959276 0.529819 -146.221
-0.0724727 0.273544 -18.2203
-0.0267455 0.266594 -35.5557
0.0117764 0.277268 -52.4245
-0.0161036 0.285946 -43.6748
-0.00061628 0.285478 -50.3143
-0.00836386 0.305529 -51.1232
-0.0182252 0.259227 -35.7313
0.0211013 0.232824 -50.6274
0.0372077 0.164033 -41.9112
0.026722 0.178312 -40.1506
0.013267 0.143302 -23.6271
0.0089788 0.175113 -29.3763
0.0297475 0.245225 -59.4098
0.0605215 0.273092 -86.2158
0.0688591 0.283253 -94.3388
0.117186 0.266898 -123.835
-0.0342629 0.776241 -148.969
-0.0900341 0.163245 39.5795
-0.061883 0.172266 16.4528
-0.0459404 0.166427 5.28691
0 0.123724 -24.6867
0 0.123724 -24.6867
0 0.0721459 -11.9871
0 0.123724 -24.6867
-0.0110457 0.134061 -17.2872
0 0.0721459 -11.9871
0 0.123724 -24.6867
0 0.123724 -24.6867
0.0122928 0.126968 -37.517
0 0.123724 -24.6867
0 0.123724 -24.6867
-0.0101159 0.134661 -16.8098
0 0.123724 -24.6867
-0.00264723 0.0804963 -11.1576
0.00263547 0.140321 -31.7873
0 0.123724 -24.6867
-0.0738123 -0.0115363 116.71
-0.0537187 0.118865 62.3564
-0.302048 -0.300616 477.471
-0.0123075 -0.0110985 23.5445
-0.0466921 0.00416847 61.9565
-0.0290654 0.0444923 31.4436
-0.0238307 0.0384131 32.8501
-0.0144094 0.01533 38.7431
-0.0192217 0.013186 40.0156
0.0140481 -0.0789599 69.1983
0.0288245 -0.0736796 65.9879
0.0391837 -0.0601266 61.2006
-0.0323341 0.068242 23.3711
-0.034151 0.0872964 18.2566
-0.0127155 0.0680119 19.3221
-0.070837 0.0721811 30.1587
-0.0524678 0.110286 15.2302
-0.0645773 0.10985 18.4819
-0.0513727 0.159138 1.46928
-0.0416072 0.231291 -20.9191
0.00959677 0.287502 -52.7146
-0.00193675 0.304966 -53.0885
-0.0428467 0.285137 -32.5621
-0.0237951 0.301188 -44.5981
-0.00431445 0.285712 -48.4611
-0.00284974 0.279872 -47.6665
0.00680825 0.289495 -53.8178
-0.0315621 0.300408 -38.7108
0.00601006 -0.0135117 21.9834
0.0244358 0.0381503 -0.925106
0.00342796 0.102975 -6.6773
0.0264428 0.0957721 -18.891
0.0341174 0.119828 -29.0627
0.0377789 0.108083 -28.7033
0.067634 0.149213 -58.5185
0.0658834 0.229357 -78.5051
0.0788721 0.267066 -96.9407
0.0902668 0.254174 -101.055
0.0813201 0.279499 -102.884
-0.0696474 0.172805 22.35
-0.0643878 0.168304 19.3039
-0.0538341 0.167257 11.3916
-0.0441499 0.172387 2.37628
-0.0455035 0.186807 -0.107492
0.0274849 0.13232 -44.7736
0.0348523 0.126373 -49.5458
0.220952 -0.0679931 -166.642
0.183995 -0.472285 -22.2441
0.0582607 -1.1219 268.38
0 -0.0928074 55.758
0.0552274 -1.17468 283.154
0.032607 -1.19947 311.958
0.0257029 -1.22747 325.838
0.0427345 -1.22266 305.999
0 -1.25152 358.621
0 -1.25152 358.621
0 -1.10783 319.47
-0.074409 0.100904 87.3025
-0.0754067 0.100588 88.5511
-0.105469 -0.158203 193.824
-0.217518 0.0785442 263.493
-0.0804235 0.437249 -9.93191
-0.0832482 0.283158 35.0074
-0.0341922 0.0833062 20.5859
-0.0377891 0.0889752 18.9877
-0.0316541 0.0815035 20.6772
-0.0423066 0.0998837 16.6511
-0.0374842 0.150906 0.878663
-0.0272821 0.188257 -11.4455
-0.039993 0.144718 3.64989
-0.0405915 0.125903 8.65159
-0.032107 0.149568 0.181593
-0.0344977 0.178858 -7.64016
-0.0427963 0.118331 11.3643
-0.0362358 0.167745 -4.59295
-0.040212 0.187785 -9.53373
0.0120871 0.182672 -22.9244
0.00255511 0.247197 -38.877
0.0310423 0.290757 -60.0071
0.013105 0.330089 -64.9157
-0.0308398 0.322534 -46.7677
-0.0313388 0.306097 -42.1159
-0.0151972 0.296202 -45.7683
-0.0163992 0.280807 -40.946
-0.0249363 0.291943 -40.1784
0.28646 -0.0431764 -93.3388
-0.172445 -0.000527474 124.287
-0.186193 0.0339119 121.483
0.00836585 0.0629644 0.446813
0.0588584 0.109872 -42.2614
0.0519255 0.0957949 -33.6761
0.0422984 0.107868 -31.2502
0.0249432 0.125458 -25.6535
0 0 -1
0.0789008 0.262255 -95.682
0.0800647 0.251864 -93.3102
0.0815758 0.248568 -93.8182
0.0955953 0.260992 -107.611
0.166238 0.137091 -122.948
0.0355475 0.151954 -29.1323
0.036432 0.0233287 169.374
0.00759117 0.0139249 195.644
0.00385765 0.00974994 200.01
0.00148054 0.00926221 202.193
0.00148054 0.00926221 202.193
0 0.86665 -208.969
-7.56231e-06 0.176422 154.149
0 0.919704 -224.034
2.89889e-06 0.176422 154.139
-5.04154e-06 0.176422 154.147
2.89889e-06 0.176422 154.139
-2.52077e-06 0.176422 154.145
-0.0205754 0.902758 -197.15
-2.89889e-06 0.176422 154.145
-5.04154e-06 0.176422 154.148
0.00568744 0.220567 134.594
0.00287467 -0.0859023 230.617
0 0.176422 154.142
0.00518763 0.231614 131.914
0.00533918 0.231805 131.677
0.00535578 0.232056 131.584
-0.018761 0.124856 7.87936
-0.0138024 0.147529 0.593026
-0.00958401 0.158174 -2.76473
-0.0221222 0.172995 -6.79627
-0.00951985 0.192789 -14.2769
-0.0386145 0.211338 -17.2095
-0.0421476 0.204095 -14.5787
-0.037748 0.153377 0.764342
-0.033163 0.178788 -7.57561
-0.0505048 0.167059 -0.242191
-0.0500046 0.16569 -0.179017
-0.0407065 0.16913 -3.65244
-0.0278317 0.147855 -1.20202
0.0725087 0.169978 -36.4286
0.0385234 0.200182 -36.0189
0.00421095 0.355816 -69.3876
-0.0474698 0.257102 -20.2843
-0.0150815 0.237533 -26.3638
-0.0269972 0.266277 -31.7984
-0.0174412 0.287524 -42.3121
-0.0136516 0.312641 -51.6582
-0.0647094 0.226592 -2.53878
0.000657549 -0.0589388 43.721
-0.00656265 -0.0464331 43.405
-0.014163 0.00762584 30.2391
0.0150831 0.0801472 -8.4535
0.0492244 0.105513 -35.4293
0.0621723 0.100662 -41.3409
0.053196 0.1051 -37.2167
0.0410196 0.116365 -33.0854
0.146273 1.74298 -613.813
0.0667853 0.26142 -87.1532
0.0769761 0.279615 -99.792
0.0495666 0.264267 -75.3071
0.0817783 0.232779 -89.4073
0.0728149 0.203019 -74.2683
0.0378738 0.156795 -32.393
0.0408055 0.0192417 167.267
0.00613284 0.0175615 195.714
-7.61935e-05 0.00890994 203.611
0.168683 0.151642 -157.244
0.179567 0.17523 -174.332
0.0150923 -0.195052 254.6
-0.0106557 -0.246645 294.808
0.016108 -0.181619 248.692
0.0125236 -0.186522 253.379
1.60413e-06 -0.176097 262.484
0.0121061 -0.181806 251.803
-0.00502939 -0.172977 266.742
-0.00314355 -0.171853 264.408
-1.84475e-06 -0.176097 262.488
-0.0318126 -0.116264 278.702
0.00265945 -0.0859334 230.872
0.00275219 -0.0859911 230.785
-0.0347026 -0.157771 297.279
0.00379024 -0.0977466 233.222
0.00419167 -0.0999225 233.422
0.00441073 -0.101344 233.602
7.71678e-05 0.154607 -1.87337
0.00661191 0.174202 -8.4189
0.0185138 0.185186 -12.4697
-0.00778623 0.179413 -8.89844
-0.0263038 0.169156 -4.13634
-0.0210815 0.19723 -14.3838
-0.00477055 0.317387 -55.1719
-0.00839709 0.515217 -120.585
-0.0999243 0.883493 -224.08
-0.1117 0.750433 -177.799
-0.0604602 0.147317 8.41452
-0.0211062 0.179396 -12.1759
0.116759 -0.130985 73.1204
0.115431 -0.129991 73.0797
0.0521743 0.184917 -35.5157
-0.1973 0.216341 52.652
0.00519312 0.179662 -14.6935
-0.00633084 0.233862 -28.256
-0.0554616 0.138917 21.7039
-0.00430143 -0.343163 158.643
-0.0278487 -0.00696395 56.7729
0.0193308 0.130925 -10.9657
0.0179802 0.122881 -7.12259
0.0010849 0.00826832 39.5404
-0.00966781 -0.0133244 52.3188
-0.0156428 -0.0263088 59.8715
-0.0172379 -0.0385663 64.855
-0.0147831 -0.0505796 67.4359
-0.00888762 -0.0623895 67.8249
-0.000524704 -0.0743987 66.6124
0.00965101 -0.0878113 64.5184
0.0236779 -0.104799 60.8303
0.327859 -0.0592381 -44.691
0.0358099 0.270971 -66.9636
0.0388377 0.230238 -56.2787
0.0554599 0.208612 -62.0055
0.733148 0.147552 -567.339
0.0323475 0.026812 171.511
0.0245235 0.0393457 173.958
-0.0167957 0.0106389 217.263
-0.0238547 0.0110892 223.164
-0.0238547 0.0110892 223.164
-3.51211e-06 -0.0468274 220.857
0.0341084 0.00487138 25.456
-3.67612e-07 -0.0841561 233.291
0.00192319 -0.0495735 219.88
0.00751496 -0.0564479 216.514
0.00457255 -0.0235084 208.357
0.00112069 -0.0459315 219.38
0.0011483 -0.0855207 232.413
0.00134011 -0.0856729 232.253
0.00208984 -0.0859193 231.507
0.00242747 -0.0859834 231.151
0.00259854 -0.0860818 230.99
0.00308326 -0.0979481 234.131
0.00272645 -0.0982628 234.66
0.00283259 -0.101015 235.446
0.00283259 -0.101015 235.446
-0.0047583 0.159848 -3.59258
0 0 -1
0.00101145 0.155218 -1.36377
-0.034595 0.109652 16.7725
-0.0342679 0.112709 15.5983
-0.0315728 0.115969 13.8474
0.172535 0.225326 -47.4407
0.170497 0.0287888 22.9724
-0.289548 -0.416892 253.179
-0.039684 0.0720912 30.3785
-0.0454167 0.118308 15.1294
-0.00131646 0.136516 -1.93249
-0.00302064 0.0566281 27.1284
0.0141313 0.146284 -9.22334
0.0520624 0.179427 -33.4108
0.0693301 0.167134 -34.2609
0.0344991 0.174073 -23.4786
0.0341055 0.173487 -23.1832
-0.301974 0.0269625 157.955
-0.293834 0.139013 114.876
0.0277009 -0.0538892 48.3866
0.0333502 -0.126459 71.3987
0.0197714 -0.109968 72.1883
-0.00354082 -0.0156206 50.1076
-0.0185097 -0.0155625 57.7691
-0.025779 -0.0263456 65.4682
-0.0277095 -0.0383703 70.7802
-0.0249229 -0.050348 73.3769
-0.0191291 -0.0621325 74.0393
-0.0113016 -0.0741015 73.3786
-0.00421277 -0.0874921 73.5511
-0.000649412 -0.103457 76.8684
-0.00250584 -0.103545 78.1713
-0.00250584 -0.103545 78.1713
0.0303951 0.150726 -22.9932
0.034759 0.191047 -40.0808
0.0475081 0.203344 -54.1642
0.0204362 0.0411707 176.748
0.150603 0.0511991 90.4995
-0.00999178 0.00924001 11.0642
-0.00990599 0.00931886 10.9779
-0.00927405 0.00848834 10.6845
-0.00853075 0.0126294 7.16791
0.0156479 -0.0563622 11.0466
0.00598486 0.0647828 -23.469
0 0.0799279 -23.1664
-0.00482394 0.0131205 3.30117
-0.0080228 0.00791616 9.72358
-0.00199488 0.0143746 0.111572
0.0220731 0.0175414 -26.2797
0.0100411 0.0149035 -12.0585
0.0212106 -0.000103772 -18.3767
0.0217098 -0.00471194 -17.5611
0.0052104 0.0118448 -4.29255
0.0270927 -0.00834477 -22.5686
0.0256205 0.00338772 -24.5529
-0.410741 0.0342748 500.769
-0.404741 0.0305443 494.408
-0.009663 0.163214 -4.7133
-0.0135863 0.128679 8.20712
-0.0240716 0.0987857 19.7823
-0.0399601 0.0781113 28.341
-0.0462635 0.0739327 30.3457
-0.0535622 0.0138906 52.4797
-0.046374 0.0722791 31.0073
-0.0257615 -0.0389119 68.1554
-0.000623964 0.0744424 21.5147
-0.0222183 0.127075 7.40769
-0.0484156 0.0824092 28.0073
0.0182544 0.0791873 13.5743
0.01714 0.12326 -2.04833
0.0310334 0.224379 -42.6579
0.0556009 0.203056 -42.5906
0.0679253 0.202391 -46.2677
0.0631304 0.186829 -38.8216
0.0385931 0.169679 -23.5546
0.0269131 0.17691 -21.7581
0.021513 0.180853 -21.0436
0.021513 0.180853 -21.0436
0.0360379 -0.128247 70.7777
-0.00423645 0.141686 3.27378
-0.00423 0.142647 2.91165
-0.00378341 0.144538 1.97379
-0.00253452 0.147315 0.26286
7.46506e-06 0.15092 -2.5084
0.00402991 0.155283 -6.47881
0.00939316 0.160322 -11.591
0.0156844 0.165945 -17.6123
0.0217183 0.172048 -23.7716
0.0268204 0.178516 -29.5629
0.0292207 0.185224 -33.6793
0.0277183 0.192042 -35.1005
0.018146 0.188229 -26.5875
0.0159963 0.158247 -14.4411
0.0441326 0.177749 -43.0685
0.150673 0.0521502 90.1046
0.150501 0.0513732 90.5175
0.00164627 -0.457302 253.073
0.00164068 -0.457299 253.077
0.00161246 -0.457285 253.097
0.00156904 -0.457251 253.123
0 -0.520312 277.68
0.0173256 -0.533827 265.956
0.00152174 -0.457248 253.166
0.00151147 -0.457243 253.174
0.00151147 -0.457243 253.174
-0.0120762 -0.419921 253.026
-0.00802917 -0.413456 246.42
-0.00205883 -0.411451 239.275
0.00477204 -0.214026 158.56
0.00478312 -0.21388 158.494
0.00569455 -0.203629 153.688
0.00773455 -0.190017 146.294
0.0132795 -0.177331 135.07
0.0271615 -0.200102 126.687
0.0405122 -0.188267 106.093
