1 117 0
1 2 3
2 3 3
3 4 3
4 5 3
5 6 3
6 65 3
8 65 3
8 9 3
9 10 3
10 11 0
11 12 3
12 13 3
13 14 3
14 15 3
15 16 2
16 17 2
17 18 0
18 77 2
77 78 0
22 78 3
22 23 3
23 24 1
24 26 0
26 86 3
31 86 3
31 32 3
32 33 3
33 92 3
92 94 3
35 92 3
35 95 3
39 95 3
39 41 3
41 42 3
42 46 3
46 47 3
47 284 3
51 284 0
51 52 0
52 54 3
54 55 3
55 289 3
52 284 3
26 84 3
84 86 3
53 54 3
52 53 3
41 100 3
42 100 3
32 91 3
33 91 3
39 156 3
22 79 3
24 84 0
41 156 3
41 99 3
99 100 3
53 55 3
1 60 3
60 117 0
2 60 3
99 156 3
45 46 3
8 66 3
9 66 3
22 81 3
23 81 3
24 82 1
12 69 1
13 71 1
82 84 3
95 96 3
39 96 3
11 69 1
12 70 3
14 71 1
14 72 1
17 75 3
78 79 3
92 95 3
2 61 3
3 61 3
4 63 3
5 63 3
9 67 3
9 68 3
10 68 3
13 70 3
15 72 1
16 75 2
17 76 3
18 76 1
84 201 3
94 95 3
65 66 3
66 67 3
68 69 2
79 81 3
60 61 3
4 61 3
67 68 3
70 71 1
71 72 3
15 73 1
16 73 1
75 76 3
76 77 3
24 81 1
91 92 3
96 156 3
42 159 3
46 159 3
46 280 3
61 63 3
69 70 0
45 159 3
47 280 3
47 282 3
32 146 3
282 284 3
6 63 3
31 146 3
100 159 3
91 146 3
91 149 3
53 287 3
116 117 3
81 82 3
31 145 3
92 149 3
55 287 3
72 73 3
73 75 0
86 145 2
95 152 3
45 280 3
77 79 0
94 150 3
69 127 1
287 289 3
68 127 1
94 151 3
95 151 3
63 122 3
75 132 3
81 138 3
81 140 3
82 141 1
82 201 0
52 287 3
6 122 2
79 138 3
82 140 1
92 150 3
65 122 3
73 132 0
79 137 1
141 201 0
150 151 3
127 241 0
137 138 0
63 121 3
96 155 3
280 282 3
69 128 1
70 128 1
75 133 3
76 133 3
76 134 3
77 134 3
145 146 3
149 150 3
96 154 3
159 277 3
284 287 3
81 139 3
151 152 3
95 154 3
156 157 3
99 157 3
100 277 3
45 277 3
61 120 0
63 120 0
65 123 3
66 123 3
66 124 3
71 129 3
139 140 3
86 201 2
146 149 3
168 284 0
168 287 0
121 122 3
123 124 3
67 125 3
68 125 3
70 129 1
72 129 3
72 130 0
132 133 3
77 193 3
169 287 0
117 175 3
60 119 3
61 119 3
120 121 3
67 124 3
129 130 0
73 130 0
79 193 1
138 139 3
155 156 3
154 155 3
60 175 0
119 120 0
127 128 3
79 194 3
140 141 1
99 158 3
100 158 3
168 169 3
137 194 2
116 175 3
124 125 3
128 129 0
193 194 0
201 202 0
122 123 3
133 134 3
86 202 2
146 205 3
157 158 3
277 280 3
119 175 0
125 127 1
149 205 3
73 190 0
95 211 3
154 211 3
132 190 3
134 193 3
149 206 3
152 211 3
205 206 3
149 207 3
169 284 0
169 286 0
175 176 3
128 186 0
73 189 0
281 282 3
284 286 3
119 176 0
125 241 0
130 189 3
189 190 3
145 202 2
150 207 3
280 281 3
129 186 0
141 200 0
158 275 3
100 275 3
116 174 3
174 175 3
133 191 3
138 196 3
140 199 3
141 199 0
150 208 3
152 210 3
156 214 3
275 277 3
122 180 3
185 241 0
127 185 3
132 191 3
137 196 0
199 200 3
200 201 0
151 208 3
151 210 3
155 214 3
157 214 3
286 287 3
120 179 3
128 185 3
129 188 0
130 188 3
206 207 3
154 212 3
278 280 3
121 179 3
123 180 3
134 191 3
155 212 3
155 213 3
277 278 3
122 179 3
129 187 3
146 204 3
207 208 3
151 209 3
211 212 3
187 188 0
145 204 3
204 205 3
209 210 3
212 213 3
158 215 3
284 285 3
179 180 3
188 189 3
139 197 3
145 261 2
208 209 3
210 211 3
285 286 3
120 178 3
178 179 3
134 192 3
202 261 2
204 261 3
213 214 3
157 215 3
215 275 3
186 187 1
191 192 3
192 193 3
139 196 3
140 197 3
214 215 3
128 244 3
283 284 3
124 180 3
185 244 3
186 244 1
196 197 3
282 283 3
283 285 3
197 199 3
241 243 1
185 243 3
179 238 3
175 233 3
237 238 3
124 241 0
174 233 3
119 178 0
180 238 3
180 240 3
124 240 3
210 268 3
211 268 3
275 276 3
276 277 3
240 241 0
287 288 3
288 289 3
190 191 3
215 274 3
175 234 3
176 234 3
241 242 1
197 256 3
199 256 3
211 269 3
274 275 3
278 279 3
279 280 3
242 243 3
279 281 3
176 178 3
197 371 3
268 269 3
213 271 3
214 271 3
286 344 3
287 344 3
233 234 3
176 235 1
179 237 3
196 371 3
200 257 3
202 260 1
199 257 3
212 269 3
238 240 3
192 251 0
193 251 0
194 251 3
256 371 3
200 258 3
207 266 3
208 266 3
209 267 3
210 267 3
214 272 3
215 272 3
178 235 1
194 252 3
201 258 2
209 266 3
267 268 3
137 252 2
207 265 3
212 270 3
212 271 3
271 272 3
191 249 2
251 252 3
196 254 3
201 260 2
206 265 3
265 266 3
269 270 3
234 235 1
189 247 3
190 247 3
190 249 3
192 249 2
137 254 2
256 257 3
257 258 3
270 271 3
275 334 3
276 334 3
187 244 1
252 254 3
266 267 3
243 300 0
185 302 0
188 247 3
258 318 3
201 318 2
178 237 3
243 302 0
244 302 0
260 318 3
260 261 3
275 332 3
235 237 0
254 371 3
274 332 3
205 321 3
206 322 3
332 334 3
285 344 3
188 304 1
247 304 3
251 309 3
265 322 3
215 332 3
282 340 3
242 300 0
187 245 3
188 245 1
251 310 3
252 310 3
281 340 3
283 340 3
238 296 3
240 296 3
190 306 0
206 321 3
272 332 3
277 335 3
278 335 3
285 342 3
300 302 2
244 245 0
309 310 3
252 311 3
276 335 3
283 342 3
237 294 3
245 304 0
249 306 2
254 311 3
287 345 3
235 294 0
240 298 3
249 251 2
204 319 3
204 321 3
344 345 3
288 345 3
296 298 3
314 371 3
256 314 3
261 319 3
235 293 0
241 299 2
242 299 0
319 321 3
321 322 3
174 290 3
256 315 3
257 315 3
278 336 3
233 290 3
233 291 3
234 291 3
234 293 3
247 306 0
269 327 3
279 336 3
285 343 3
343 344 3
234 292 3
268 327 3
270 327 3
292 293 3
240 299 3
272 330 3
334 335 3
288 347 3
293 294 3
249 307 2
258 317 3
270 328 3
271 330 3
330 332 3
279 338 3
281 338 3
283 341 3
341 342 3
237 295 3
257 316 3
258 316 3
266 324 3
267 325 3
267 326 3
268 326 3
271 328 3
271 329 3
335 336 3
281 339 3
294 295 3
245 302 0
314 315 3
317 318 3
265 323 3
265 324 3
324 325 3
326 327 3
338 339 3
339 340 3
340 341 3
306 307 3
249 309 2
322 323 3
325 326 3
328 329 3
329 330 3
342 343 3
290 291 3
299 300 0
305 306 3
310 311 3
327 328 3
291 292 3
298 299 3
247 305 0
315 316 3
316 317 3
307 365 3
261 318 3
323 324 3
345 347 3
295 353 3
237 296 3
307 309 3
332 389 3
304 305 2
318 319 3
330 389 3
307 366 3
309 366 3
279 395 3
365 366 3
311 371 3
336 395 3
338 395 3
298 355 3
295 296 3
296 355 3
319 378 3
321 378 3
294 353 3
305 307 3
330 388 3
388 389 3
343 401 3
344 401 3
291 349 3
299 357 3
311 369 3
292 349 3
292 351 1
293 351 1
294 352 3
302 360 3
305 365 3
310 369 3
371 372 3
314 372 3
293 352 3
302 418 3
245 362 0
299 358 3
300 358 1
360 418 3
304 362 2
324 382 3
325 382 3
290 348 3
352 353 3
245 418 0
305 362 3
329 388 3
291 348 3
292 350 3
305 364 1
309 367 3
310 368 3
321 323 3
323 381 3
323 382 3
325 383 3
326 383 3
326 384 3
326 385 3
327 385 3
328 385 3
328 386 3
329 387 3
338 397 3
339 397 3
339 398 3
340 398 3
340 399 3
341 399 3
342 400 3
342 401 3
348 349 3
350 351 1
351 352 0
298 356 3
298 357 3
364 365 0
366 367 3
367 368 3
368 369 3
315 372 3
382 383 3
383 384 3
386 387 3
387 388 3
332 390 3
395 397 3
399 400 3
400 401 3
345 401 3
349 350 3
295 355 3
356 357 3
316 374 3
321 380 1
323 380 1
389 390 3
332 391 3
334 391 3
397 398 3
398 399 3
353 355 3
315 374 3
380 381 0
384 385 3
334 392 3
335 392 3
335 393 3
336 393 3
336 394 3
374 431 3
381 382 3
390 391 3
392 393 3
393 394 3
300 360 2
369 371 3
378 437 3
321 437 3
385 386 3
357 358 3
391 392 3
380 437 0
394 395 3
351 409 3
355 356 3
371 428 3
318 434 3
350 409 1
369 428 3
318 375 3
319 434 3
372 430 3
317 374 3
317 375 3
375 434 3
300 417 2
360 417 3
245 419 3
362 419 1
378 436 3
365 424 3
366 424 3
372 374 3
436 437 3
358 417 3
372 431 3
392 450 3
393 450 3
345 404 3
353 412 3
374 375 3
378 435 3
347 404 3
352 409 1
355 412 3
362 364 1
435 436 3
358 416 3
371 430 3
319 435 3
352 410 3
356 414 3
357 414 3
416 417 3
381 439 3
350 408 3
365 423 3
369 427 3
380 439 0
383 441 3
395 453 3
401 404 3
353 410 3
357 415 3
358 415 3
364 423 0
367 424 3
382 441 3
394 453 3
348 406 3
349 406 3
349 407 3
353 411 3
355 414 3
414 415 3
418 419 1
362 421 3
364 421 0
423 424 3
367 425 3
368 426 3
382 439 3
384 442 3
385 443 3
386 444 3
387 445 3
388 446 3
395 454 1
397 454 1
397 456 1
398 456 1
399 456 1
399 402 3
400 402 3
407 408 3
408 409 1
409 410 0
410 411 3
415 416 3
362 420 3
425 426 3
369 426 3
380 496 3
441 442 3
442 443 3
443 444 3
444 445 3
445 446 3
391 450 3
454 567 0
456 567 0
420 421 3
427 428 3
428 487 2
371 429 3
434 435 3
437 496 1
439 496 1
389 446 3
390 448 3
401 402 3
417 418 3
371 487 2
389 448 3
402 456 1
406 407 3
417 475 1
382 498 3
389 447 3
393 453 3
453 454 1
411 412 3
355 413 3
419 420 0
423 481 3
426 427 3
439 498 3
446 447 3
447 448 3
413 414 3
364 481 0
424 425 3
430 431 3
390 449 3
391 449 3
412 413 3
425 483 3
426 483 3
441 498 3
416 475 1
364 480 0
429 430 0
421 480 3
480 481 3
448 449 3
397 567 3
431 432 3
374 432 3
441 499 3
447 505 3
436 496 1
448 505 3
450 508 3
416 473 3
375 432 3
498 499 3
391 508 3
415 473 3
431 489 2
449 508 3
414 473 3
428 486 3
432 489 1
453 511 1
418 476 1
486 487 3
439 497 3
393 451 3
511 567 0
404 405 3
411 470 3
412 470 3
450 451 3
402 567 3
401 567 3
403 405 3
406 464 2
409 467 3
424 482 3
425 482 3
442 500 3
443 501 3
443 502 3
444 502 3
445 503 3
446 504 3
451 453 3
454 511 0
517 567 0
403 519 1
407 464 2
408 466 2
409 468 0
410 468 1
410 470 3
423 482 3
427 485 3
428 485 3
429 431 0
496 497 0
497 498 3
499 500 3
500 501 3
502 503 3
503 504 3
447 504 3
407 466 2
409 466 0
481 482 3
426 484 3
429 487 3
407 465 2
466 467 1
467 468 0
413 470 3
473 475 1
482 483 3
427 484 3
501 502 3
401 405 3
464 465 3
468 470 0
417 476 1
483 484 3
485 486 3
405 567 3
465 466 3
413 473 3
504 505 3
451 508 3
472 473 0
432 434 3
453 567 3
413 472 1
473 532 1
475 476 0
469 470 0
413 528 1
413 529 1
475 532 0
435 493 2
468 469 3
470 528 1
472 529 3
434 493 2
528 529 2
420 537 3
421 537 3
431 546 1
432 548 1
432 549 1
434 549 1
493 549 1
436 493 2
493 552 3
436 552 2
419 535 3
420 535 1
429 546 3
548 549 3
453 509 3
509 567 3
487 546 2
489 546 1
469 528 2
498 556 3
449 505 3
451 509 3
419 476 0
484 485 3
476 533 3
535 537 0
480 537 3
436 553 1
493 550 1
476 535 1
549 550 3
552 553 3
472 531 3
472 530 3
473 531 1
481 539 3
483 542 2
484 542 2
486 544 2
487 545 3
499 556 2
529 530 3
536 537 3
480 539 3
484 543 2
485 543 2
485 544 2
493 551 3
551 552 3
496 554 3
497 554 1
504 562 3
505 562 3
464 522 1
465 522 1
468 526 3
468 527 3
476 534 3
535 536 0
543 544 3
487 544 2
489 547 3
465 523 1
466 523 1
466 524 1
467 526 0
469 527 3
531 532 3
533 534 3
542 543 3
545 546 3
489 548 1
550 551 0
436 554 1
501 559 3
502 560 3
503 561 3
505 563 3
505 508 3
508 563 1
508 566 3
467 524 3
475 533 0
534 535 1
546 547 3
499 558 3
500 558 3
500 559 3
559 560 3
560 561 3
503 562 3
562 563 2
566 622 1
451 566 3
403 753 1
405 753 1
522 523 3
523 524 1
482 540 3
483 540 3
540 542 3
497 555 2
404 753 1
526 527 3
558 559 3
480 596 1
482 539 3
540 541 3
547 548 1
498 555 2
561 562 3
563 566 0
530 531 3
537 596 1
539 540 3
554 555 0
539 596 1
541 542 3
544 545 3
555 556 3
556 558 3
467 583 3
563 622 3
509 566 3
526 583 1
556 616 3
558 616 3
509 568 1
567 568 1
532 533 3
551 609 3
553 554 1
566 568 1
527 528 2
550 609 0
556 615 3
555 613 3
615 616 3
545 604 3
565 566 3
546 604 2
565 622 1
532 590 3
405 634 1
531 590 2
533 590 1
533 591 1
560 618 3
534 591 1
544 602 3
559 618 3
524 583 3
542 600 3
543 600 3
543 601 3
544 601 3
545 602 3
552 610 3
559 616 3
542 599 3
549 607 3
550 607 3
551 610 3
553 610 3
554 613 2
561 619 3
562 619 3
526 584 3
528 585 2
528 587 2
529 587 3
531 589 3
539 597 3
541 599 3
547 605 3
548 605 2
548 606 3
553 611 3
522 580 1
523 581 1
524 582 3
527 584 3
527 585 2
528 586 2
530 589 3
534 592 1
535 593 1
536 593 1
596 597 0
540 597 3
601 602 3
547 604 3
549 606 3
554 611 2
556 613 3
559 617 3
561 618 3
566 624 1
580 581 3
581 582 3
582 583 3
583 584 0
584 585 1
589 590 3
590 591 1
591 592 1
592 593 1
537 595 3
540 598 3
541 598 3
605 606 3
606 607 3
550 608 3
585 586 3
586 587 2
536 595 3
595 596 1
598 599 3
609 610 3
566 567 3
604 605 3
608 609 3
610 611 3
617 618 3
403 634 1
530 587 3
530 646 3
589 646 3
599 600 3
616 617 3
595 652 3
600 601 3
607 608 3
562 622 2
618 619 3
587 646 3
593 595 0
597 598 3
545 661 3
562 620 3
602 661 3
652 653 3
595 653 3
604 661 3
619 620 3
615 672 1
562 621 3
556 672 1
615 673 3
620 621 3
621 622 3
616 673 3
611 613 3
590 648 1
591 648 2
601 660 3
607 665 2
608 665 3
613 671 3
556 671 1
600 660 3
610 668 3
671 672 3
587 645 3
589 648 1
592 650 1
593 652 0
597 655 3
598 655 3
606 665 2
608 666 3
609 666 3
609 668 3
567 688 1
567 689 1
645 646 3
593 650 2
596 654 0
596 655 0
598 656 3
599 656 3
605 663 3
611 668 3
586 645 0
595 654 2
654 655 3
599 657 3
604 662 3
606 663 3
611 669 3
672 673 0
403 689 1
403 567 3
582 640 3
586 644 2
656 657 3
602 660 3
661 662 3
668 669 3
618 676 3
619 676 3
403 688 1
580 638 3
581 639 3
583 641 3
584 642 1
585 643 2
585 644 2
644 645 0
589 647 1
591 649 1
655 656 3
600 658 3
660 661 3
617 675 3
618 675 3
638 639 3
639 640 3
582 641 3
583 642 3
642 643 2
646 647 1
647 648 1
648 649 1
649 650 2
593 651 3
653 654 3
599 658 3
606 664 2
664 665 3
617 673 3
675 676 3
688 689 0
641 642 2
650 651 2
651 652 0
604 663 3
620 676 3
567 685 1
640 641 3
643 644 3
657 658 3
665 666 3
613 669 1
565 685 1
663 664 3
609 667 3
667 668 3
669 671 0
621 678 2
622 678 0
565 567 3
673 675 3
658 660 3
662 663 3
666 667 3
675 732 3
565 678 3
673 732 3
666 724 3
671 728 1
403 692 1
669 728 3
672 731 2
673 731 3
657 715 3
661 720 3
667 724 3
645 704 3
646 704 3
656 715 3
658 716 3
662 720 3
655 713 3
660 718 3
661 718 3
672 730 3
640 698 1
641 698 1
646 705 3
647 705 0
651 709 0
661 719 3
719 720 1
663 721 3
668 727 3
669 727 3
675 734 1
676 734 1
621 676 2
643 701 3
650 709 0
652 710 3
654 712 3
656 713 3
660 716 3
665 723 3
671 730 3
638 696 1
639 697 1
642 699 3
642 700 3
644 701 3
644 703 3
645 703 1
648 706 0
649 707 0
650 707 0
650 708 0
652 709 1
658 715 3
718 719 0
662 721 3
664 723 3
666 723 3
671 729 1
731 732 2
675 733 1
696 697 3
697 698 3
641 699 1
700 701 2
704 705 3
705 706 3
706 707 3
655 712 3
664 722 3
724 725 3
667 725 3
728 729 3
729 730 0
732 733 1
733 734 3
403 745 1
653 712 3
712 713 3
716 718 3
663 722 1
722 723 3
723 724 3
668 725 3
727 728 3
621 734 1
708 709 3
715 716 3
730 731 2
699 700 3
652 712 3
720 721 3
721 722 1
753 811 1
707 708 3
644 760 3
713 715 3
403 811 1
703 760 3
703 704 0
709 710 3
698 699 3
701 760 3
710 712 3
725 727 3
678 734 1
713 772 3
715 772 3
727 784 3
725 784 3
713 771 3
677 734 1
716 774 3
709 768 3
710 768 3
710 769 3
712 769 3
718 774 3
728 787 3
677 678 3
703 761 0
704 761 3
705 763 3
706 763 3
708 767 3
709 767 3
720 778 1
721 778 1
724 783 3
725 783 3
403 808 1
707 765 3
708 765 3
771 772 3
718 776 3
727 786 3
728 786 3
729 787 3
677 851 2
678 851 1
774 776 3
719 777 1
720 777 1
721 779 3
722 779 0
732 790 1
733 790 1
768 769 3
731 790 1
696 754 3
697 755 3
698 756 3
700 758 3
701 758 3
722 780 1
723 781 3
786 787 3
730 788 1
731 788 1
731 789 1
677 733 1
403 804 1
754 755 3
755 756 3
699 756 2
701 759 3
706 765 3
713 769 3
719 776 1
779 780 1
780 781 0
724 781 3
727 785 3
787 788 3
789 790 1
699 758 3
758 759 3
760 761 3
704 763 3
778 779 0
785 786 3
565 914 3
567 914 3
761 762 3
704 762 3
769 771 3
724 840 3
788 789 0
759 760 3
762 763 3
777 778 3
783 840 3
783 784 3
763 765 3
781 840 0
765 767 3
776 777 3
403 914 3
716 772 3
403 868 1
772 774 3
784 785 3
677 790 1
760 819 3
761 819 3
765 824 3
767 824 3
767 768 3
756 815 0
699 815 0
758 815 3
772 831 3
769 828 2
771 828 3
774 831 3
767 825 3
768 825 3
776 834 3
777 834 3
786 844 3
783 841 3
785 844 3
762 820 3
784 841 3
761 820 3
825 826 3
768 826 3
769 827 3
771 829 3
778 836 3
779 836 1
786 845 3
787 845 3
768 827 3
779 837 1
754 812 2
755 813 2
756 814 0
760 818 3
819 820 3
763 820 3
763 822 3
828 829 3
777 835 3
780 838 0
781 839 0
784 842 3
785 842 3
844 845 3
788 847 3
789 847 1
790 847 3
812 813 3
813 814 3
814 815 3
758 816 3
818 819 3
827 828 3
834 835 3
835 836 3
836 837 2
837 838 2
838 839 3
759 816 3
759 817 3
759 818 3
765 822 3
824 825 3
774 832 3
776 832 3
839 840 3
840 841 3
841 842 3
677 847 1
815 816 3
816 817 3
817 818 3
831 832 3
822 824 3
788 845 3
677 907 1
826 827 3
851 907 1
565 1025 1
829 831 3
851 908 1
678 1025 1
914 1025 1
832 834 3
907 908 0
822 880 3
788 903 3
847 903 3
847 906 3
677 906 1
829 887 3
785 901 0
844 901 0
763 879 2
831 887 3
842 901 0
822 879 2
820 879 3
678 909 1
845 903 3
847 905 3
906 907 3
851 909 1
824 882 3
887 888 3
831 888 3
903 905 3
814 872 3
815 874 3
816 874 3
816 875 3
817 875 3
909 1025 0
815 872 3
820 878 1
879 880 1
825 882 3
834 892 0
813 872 3
819 878 1
832 891 0
835 892 0
874 875 3
819 877 1
834 891 0
836 894 0
837 894 0
812 870 3
813 871 3
818 876 3
824 881 3
826 885 1
827 885 1
828 885 1
828 887 2
831 889 0
832 890 0
835 893 0
835 894 0
837 895 0
838 896 0
839 897 0
840 898 0
841 899 0
842 900 0
844 902 3
844 961 2
905 906 3
870 871 3
871 872 3
872 873 3
815 873 3
822 881 3
881 882 3
888 889 0
889 890 3
890 891 3
892 893 3
893 894 3
895 896 3
896 897 3
897 898 3
898 899 3
899 900 3
900 901 3
901 902 1
845 961 2
817 876 3
819 876 1
877 878 0
878 879 0
826 884 1
891 892 3
894 895 3
908 909 2
875 876 3
880 881 3
825 883 2
825 884 1
884 885 3
876 877 3
882 883 3
883 884 1
902 961 0
873 874 3
903 961 2
903 962 3
905 962 3
828 944 2
887 944 3
885 944 0
961 962 3
905 963 3
906 964 3
885 943 3
962 963 3
905 964 3
908 966 3
909 966 0
881 939 3
943 944 3
871 929 3
882 939 3
906 965 3
872 929 3
875 933 3
876 933 3
877 935 3
880 938 3
881 938 3
887 945 3
907 965 3
907 966 0
876 935 3
878 936 1
879 936 1
879 937 1
883 941 0
884 941 0
888 945 3
964 965 3
870 928 3
877 936 3
937 938 0
888 946 3
889 947 1
890 948 1
891 949 1
892 950 1
893 951 1
894 952 1
895 953 1
896 954 1
897 955 1
898 956 1
899 957 1
900 958 1
901 959 1
902 960 0
928 929 3
874 932 3
874 933 3
876 992 1
936 937 3
945 946 3
946 947 3
947 948 0
948 949 3
949 950 3
950 951 3
951 952 3
952 953 3
953 954 3
954 955 3
955 956 3
956 957 3
957 958 3
958 959 3
959 960 3
960 961 1
965 966 0
873 932 3
932 933 3
935 992 2
944 945 3
873 988 3
873 989 3
935 936 3
963 964 3
872 988 3
883 939 0
933 992 1
884 1000 3
884 943 3
938 939 3
929 988 3
932 989 3
939 941 2
941 1000 1
988 989 3
935 993 3
943 1000 3
965 1023 0
992 993 2
939 998 1
944 1002 2
966 1025 3
961 1019 3
933 991 3
936 994 0
966 1023 3
938 997 3
939 997 3
960 1019 1
962 1019 3
962 1020 3
935 994 2
941 999 3
945 1002 0
945 1004 0
946 1004 0
1019 1020 3
963 1020 3
964 1023 2
939 999 3
947 1005 0
932 990 3
937 994 0
946 1005 0
948 1005 2
948 1007 3
949 1007 3
966 1024 1
928 986 3
929 987 3
989 990 3
990 991 3
991 992 1
993 994 2
937 995 0
938 996 3
997 998 1
943 1001 3
950 1007 3
950 1008 3
951 1009 3
952 1010 3
953 1011 3
954 1012 3
955 1013 3
956 1014 3
957 1015 3
958 1016 3
959 1017 3
960 1018 3
986 987 3
987 988 3
995 996 3
996 997 3
998 999 0
944 1001 3
1004 1005 3
1007 1008 3
1008 1009 3
1009 1010 3
1010 1011 3
1011 1012 3
1012 1013 3
1013 1014 3
1014 1015 3
1015 1016 3
1016 1017 3
1017 1018 3
1018 1019 1
963 1022 3
964 1022 3
1023 1024 2
994 995 1
999 1000 1
1000 1001 3
1022 1023 2
1024 1025 0
