0.692482 -0.162708 8.42441
0.0495386 0.0140771 19.835
-0.0125859 0.0167473 22.6626
-0.0491043 -0.00281466 25.0035
-0.0355462 0.00464735 22.9855
0.00225439 -0.0777287 21.1604
-0.0384603 -0.0555968 25.3902
0.0395243 -0.121351 17.8925
0.0320219 -0.134506 19.3712
0.00654799 -0.143181 24.279
-0.00111706 -0.136203 25.7047
-0.0724754 0.118279 32.8025
-0.0724494 0.11831 32.7943
-0.0743273 0.114844 33.3531
-0.0630815 0.0878953 30.0884
-0.0358788 0.0813771 21.1094
0.340212 0.122854 -108.528
-0.0406817 0.00456312 31.9272
0.327093 -0.15913 -116.43
-0.0721906 -0.103248 48.9677
-0.0209921 -0.0709019 26.0732
-0.00788082 -0.0651134 20.1254
0.052996 -0.00789254 -18.8948
0.0324698 0.000840007 -9.28974
-0.00553257 -0.874117 26.0854
0.0689715 -0.303376 -14.1787
0.0455885 0.103923 -24.385
-0.288679 -0.406974 189.069
0.0281886 -0.0401299 -6.84011
0.0219565 -0.0243807 -3.36935
0.300163 0.632338 -194.451
-0.0231712 0.0373013 21.92
-0.0470364 0.0141308 37.8189
-0.0386158 -0.00497413 31.9904
-0.0783447 -0.320819 66.7108
-0.000610662 -0.0238121 2.89948
0.0188118 -0.00168011 -12.6489
0.0292725 -0.0251087 -20.4104
0.0788559 -0.0513818 -59.9272
-0.00611044 -0.0845279 10.9127
0.0776131 0.0412446 -62.4544
-0.0227437 -0.0173027 23.0755
-0.00215459 -0.00114815 3.78196
-0.00622795 0.00332742 7.31703
0.00288274 -0.0534285 -0.814443
-0.00640379 -0.000731809 8.15532
-0.00386157 -1.84449e-05 5.55527
-0.00657436 -0.0022386 8.37089
0.03125 0.230469 -11.8438
-0.00163258 0.355637 22.6805
-0.119923 -0.0703223 151.234
0.0303629 0.204135 -9.80702
-0.00799823 -0.00334571 9.94308
-0.00817774 -0.00339683 10.1517
-0.00815904 -0.00345095 10.1298
-0.00857378 -0.00336897 10.6129
-0.037305 -0.028562 47.2923
0.0406857 0.168568 -49.9766
-0.0926568 -0.0387568 8.38292
0.0724868 -0.14402 22.6227
0.000462708 0.0319852 22.2088
-0.0476873 0.0480132 23.9677
-0.0520966 -0.054899 26.1884
-0.0451661 -0.121178 27.5171
0.0220079 -0.151873 20.6294
0.0610874 -0.147348 14.5126
0.0265175 -0.157356 21.3046
0.0115184 -0.150043 23.6287
-0.0222388 -0.131399 30.345
0.16135 -0.280748 -9.21734
-0.064311 0.11831 30.5922
0.0621728 -0.0063277 9.46387
0.084463 0.0259413 1.71499
0.036254 0.0866719 15.9379
0.0360203 0.0861987 15.8145
-0.0388369 -0.0289997 32.3693
-0.0280987 -0.0470262 28.7044
-0.0475522 -0.0951151 38.2299
0.0616378 -0.010607 -23.2577
0.0660013 0.0174374 -26.0969
-0.0385085 -1.22154e-05 25.9503
0.0129713 0.0217922 -0.194918
-0.00786698 0.0534069 7.69066
-0.31386 -0.0397274 184.42
0.0454924 0.0635007 -23.9137
-0.0650019 0.294939 33.9484
0.0524171 0.105272 -28.1059
0.0247498 0.0117148 -6.51876
-0.0245033 0.0967858 19.5867
-0.0423902 0.098486 31.1372
-0.230642 -0.0618788 169.592
-0.042751 -0.0182951 35.1778
-0.0247401 -0.00548533 21.3712
-0.0248714 0.101476 18.0224
0.00256056 -0.00440258 0.321165
0.0141562 -0.0267545 -8.09413
0.0026336 -0.0502143 1.79741
0.00611593 -0.059823 -0.72279
-0.0375297 -0.0428781 36.5634
-0.00544375 -0.0200726 7.34151
0.00397295 -0.00532212 -1.8947
0.0033221 0.016441 -1.6841
-0.0379822 -0.0103642 39.3126
0 -0.0840935 5.06993
0.0162324 0.10712 -18.1138
-0.00232279 -0.0852719 7.50145
0 -0.0840935 5.06993
0 -0.0840935 5.06993
0.0032462 -0.0886552 1.72772
-0.0035672 -0.0866812 9.14614
0.0198103 0.0373884 140.039
0.241887 0.0354591 -114.9
0 0.0795061 161.429
-0.00220868 0.0777835 164.156
0.0016545 0.0835364 159.285
0 0.0795061 161.429
-0.0107597 0.0503922 1.82849
-0.0192966 0.0548299 1.36565
0.0255943 -0.369083 19.5934
-0.0222632 0.0775076 21.5049
0.116171 -0.195806 9.44424
0.0610273 -0.239631 18.8938
0.0303805 -0.23091 22.2023
0.0740519 -0.198065 14.2073
0.0733712 -0.183636 13.0155
0.0447036 -0.139961 16.2251
0.00412458 -0.0697681 20.1297
0.0982512 0.00492696 34.6251
0.0960243 0.00755551 35.2103
0.0517223 -0.00831317 12.8124
0.03108 -0.101091 11.5373
0.0118348 0.0812221 24.2891
-0.0714769 -0.12374 49.9702
-0.0541721 -0.0693343 39.774
-0.035199 -0.0861216 33.104
-0.0591931 -0.0799272 42.2248
0.0908434 0.0521704 -38.6119
0.392027 -0.0860141 -167.667
0.05926 0.0127887 -21.8747
0.0466553 -0.0128636 -14.4905
0.0414418 -0.0390975 -10.9313
-0.0811148 0.407888 36.5091
0.0504225 0.0424126 -18.0197
0.167873 0.0523902 -95.4276
0.112136 0.112764 -65.4403
-0.0605293 0.0107771 47.4788
-0.0654569 0.0124123 50.6471
-0.0802281 0.00453835 61.0657
-0.110198 -0.0119827 82.2943
-0.0591391 -0.0136834 46.2425
-0.0206447 -0.0101247 18.2866
-0.000342915 -0.00216435 2.25129
0.00574682 -0.00645446 -2.41766
0.0074374 -0.0116243 -3.39038
-0.00375336 -0.00740815 5.52082
-0.00960108 -0.00627397 10.4363
-0.0230896 -0.0326516 23.3585
-0.0134139 -0.0138024 14.1399
0.00764541 -0.00348217 -5.11366
-0.00581602 0.00242176 7.49473
-0.0520514 -0.00787671 52.9648
-0.148588 -0.3439 184.548
0 -0.0324414 5.5669
0 -0.0324414 5.5669
0 -0.0324414 5.5669
0 -0.0324414 5.5669
0 -0.0324414 5.5669
0 -0.0324414 5.5669
0.0811077 0.0539019 69.8522
0.0729094 0.0722867 78.4429
0.0724432 0.0454229 80.4051
0 0.14926 158.428
-0.0015207 0.132285 161.044
-0.00988583 0.140948 170.984
0.0223795 0.0475564 1.251
0.00419995 0.0632461 0.53111
-0.00765163 0.0496848 2.57193
-0.147359 -0.0197971 18.6239
0.0305505 -0.130772 13.5158
0.0723802 -0.167004 11.6684
0.0879429 -0.187422 10.1058
0.174216 -0.174775 -3.72252
0.152527 -0.126306 -3.32425
0.000686647 -0.0078372 7.60219
0.0115441 0.00171669 56.8001
0.0810952 0.0133921 38.2976
0.205571 0.00189608 -41.9834
-0.003696 -0.0030017 28.5013
0.0185498 -0.0988058 15.3898
0.000942718 -0.11228 22.0624
-0.0245497 -0.178916 35.9372
-0.0307432 -0.104789 32.5683
-0.0501927 -0.0932513 39.8286
-0.0480724 -0.0817436 38.1333
-0.0200827 0.0113679 13.7639
0.0421461 -0.0680213 -6.83831
-0.00795373 -0.0659038 15.9921
0.0123914 -0.069788 6.05329
0.025134 -0.0964205 1.08454
0.019859 -0.0745666 2.7317
0.0156788 -0.0362167 1.31564
0.194242 0.0368861 -110.681
0.128245 -0.248166 -53.6979
-0.046021 -0.136028 47.9295
-0.036203 -0.0542792 35.4948
-0.0871707 -0.0158632 67.4172
-0.0623742 -0.0205549 48.8476
-0.0287157 0.00264437 23.2016
-0.0120211 -0.0027744 11.3974
-0.00889636 0.0233505 7.15957
0.0068469 0.0247421 -4.85387
0.00675599 0.0076488 -3.61381
-0.00968201 0.00102831 10.4131
-0.00811097 0.0109322 8.49358
-0.0160198 -0.00967579 16.3392
0.00263158 -0.00524456 -0.721076
0.0069305 -0.0140239 -3.57213
0 -0.498616 37.5475
0 -0.0938988 8.42902
-0.148497 0.085301 155.652
0.00596699 -0.0603525 14.0747
0.0474473 -0.201669 -17.9323
0.0138525 -0.14612 11.7699
0 -0.0810181 21.5908
0 0.00449219 15.2671
0 0.00449219 15.2671
0.00689508 -0.0557163 11.9076
0 0.00449219 15.2671
0 0.00449219 15.2671
-0.00883084 -0.127428 35.5962
0 -0.143027 26.1625
0.0120103 -0.0603454 5.21725
0.0268806 0.0545374 0.653609
0.0205377 0.0659625 -0.36497
0.0149619 0.0534989 1.41334
-0.17434 -0.0382717 44.4197
-0.0566932 0.0281416 8.85231
-0.00895344 -0.0287497 8.52871
0.0677833 -0.0756849 3.69267
0.0571215 -0.0736875 5.3202
0.0523499 -0.120382 10.7517
0.468774 0.430887 -130.406
-0.0408064 -0.00247259 69.716
-0.0381981 0.019367 66.9121
0.0892215 0.00650734 37.0865
-0.0181458 0.00333031 32.236
-0.0431128 -0.0504943 31.7145
-0.0232234 -0.133097 32.2706
-0.0787705 -0.159003 53.4118
0.0749476 -0.334313 12.6365
-0.133823 -0.213501 83.4745
-0.0400325 -0.00631938 23.629
-0.0182019 0.00253354 13.2891
-0.000406579 -0.0518844 10.8072
-0.0114616 -0.0438803 15.0609
-0.00157423 -0.0657799 12.127
0.0344932 -0.0489652 -7.6355
-0.00420091 -0.0447987 13.2883
-0.0208204 -0.0541297 23.7651
0.00332264 -0.119925 16.8773
-0.0380997 -0.124763 43.4849
-0.0410163 -0.11107 42.4873
-0.0148721 -0.0935226 24.9048
-0.115596 -0.0855243 92.3306
-0.0637759 -0.0207883 50.0887
-0.0196279 0.000474902 17.032
-0.00949964 0.0149463 8.2794
0.0018246 0.00890764 0.72796
-0.0155113 -0.00314858 15.8879
-0.0289744 0.00778612 25.7474
-0.0177436 0.000540709 17.1697
-0.023747 -0.0121482 23.4139
-0.00966123 -0.00687995 10.4981
-0.00437336 -0.00590959 5.72816
0.00358727 -0.01328 -0.795291
0.00546377 -0.00747378 -3.01815
0.00590994 -0.00677567 -3.47748
-0.00224416 -0.00538644 4.39891
-0.00531653 -0.00307985 7.1965
-0.00615203 -0.00121191 7.87055
-0.00648924 -0.00166655 8.28619
-0.0071589 -0.00104764 8.90095
-0.00739796 -0.0017236 9.21455
-0.00835319 -0.00154009 10.2403
-0.00793967 -0.00236198 9.83619
-0.00888515 -0.00161332 10.8437
-0.00846644 -0.00225583 10.4167
-0.00854784 -0.00266218 10.537
-0.00966258 -0.00258879 11.8611
-0.00894399 -0.0030948 11.0336
0.0209585 0.0473252 1.56099
0.0193885 0.0376966 2.78284
0.0249044 0.0222978 4.20811
-0.0164714 0.0265968 6.33944
-0.0538466 0.0217206 9.72724
-0.0258782 0.0211627 6.12567
0.0520058 -0.0533396 3.32767
0 0 -1
0.0352051 -0.058375 7.4369
-0.00247799 -0.0424256 12.4778
0.20234 0.0927259 -56.1561
0.164867 0.0709459 -44.5146
-0.0380569 0.0440753 10.293
-0.028383 0.00303006 35.2889
-0.133639 -0.366487 92.9753
-0.00149475 0.0201359 1.74506
0.0199935 -0.0219996 -0.463603
0.0211946 0.0186179 -6.09236
0.0364564 -0.00372367 -8.80081
0.0167139 0.0026165 -1.68491
-0.0172856 -0.00947695 14.2534
-0.03122 -0.0261253 22.7779
-0.0495428 -0.0525812 34.2469
-0.0114392 -0.0440055 14.6661
0.0350745 -0.0205763 -11.5969
0.0187103 -0.0622877 3.15258
-0.0149095 -0.0588439 20.6236
-0.0159126 -0.0541921 19.3702
-0.00861897 -0.0735506 19.1049
-0.0213346 -0.0691224 26.2147
-0.00307193 -0.0189506 8.22768
-0.0385055 -0.0438737 35.2798
-0.0215325 0.0168892 16.4542
-0.0146725 -0.00221637 13.7795
0.00469884 0.000249096 -0.557338
-0.0114516 -0.00116776 12.0355
-0.0100767 -0.012143 12.2765
-0.0162629 -0.0107292 17.0897
-0.0155375 -0.00388992 15.5324
-0.0202434 -0.0117904 20.3775
-0.00745207 -0.0085779 8.66475
0.0276188 0.182273 -47.4678
0.00202002 -0.00423809 -0.342749
0.00681356 -0.00449862 -4.64007
0.00600551 -0.00313267 -4.00523
0.000806695 -0.00312262 1.12191
-0.00358489 -0.000316653 5.15759
0 0 -1
-0.00600068 0.00143612 7.42636
-0.00816231 0.00214812 9.62806
-0.00787675 -0.000293615 9.60458
-0.00876837 0.000469619 10.4988
-0.00923802 0.000577297 11.0126
-0.00958458 0.000465103 11.4313
-0.00991054 -0.000929727 11.9763
-0.0106201 -0.000716598 12.8102
0.0180218 0.00586473 -21.7664
-0.011638 -0.000116113 13.98
0.0193339 0.0200001 4.68634
0.0137239 0.0183879 5.14679
0.0100313 0.00202071 7.46014
-0.0563377 0.0168687 48.2955
-0.0417907 0.0158548 9.51325
-0.0305074 0.0316621 5.71259
-0.0108482 0.0582543 -1.52094
0.0080631 0.0179946 1.45399
0.0392644 0.00609027 -1.11827
-0.00675113 0.00566128 7.46168
-0.014977 0.00403754 9.45687
-0.0195392 0.0173251 8.97692
-0.0382757 0.0197074 13.4783
0.00478936 0.00502079 25.3563
-0.0304431 0.0462704 8.18206
0.798939 -0.00633844 -236.764
-0.0993355 -0.00218674 68.1157
0.02052 0.0341569 -8.39497
0.029925 0.0157411 -8.69077
-0.0105071 -0.00133794 10.0368
-0.0196574 -0.0149474 15.9388
-0.0450297 -0.0156865 27.7208
-0.0538068 -0.0199851 32.1929
-0.00993349 -0.014406 9.68122
0.00388894 -0.0505832 7.80188
-0.00430851 -0.108969 20.9706
-0.0159999 -0.0623381 20.6488
-0.00191136 -0.0568169 11.5863
-0.00530806 -0.0720879 16.6263
-0.0133707 -0.078896 22.8697
-0.040708 -0.0681862 40.9153
-0.0285328 -0.0401058 28.2531
-0.0567106 -0.00529849 54.2817
-0.0153788 -0.00486848 14.9559
0.00225446 -0.00205783 1.60825
-0.0135579 -0.0097224 14.9117
-0.0161515 0.00309439 14.7894
-0.00645738 -0.00249586 8.03616
-0.0253918 -0.00548597 24.2907
-0.0348777 -0.00644489 32.1981
-0.0181491 -0.000808572 16.9572
0.00221863 0.00463158 -1.73436
0.00822813 0.00698362 -7.48987
0.00675228 0.0079392 -6.15308
0.00542454 0.00302645 -4.16204
-0.000637569 0.00538877 1.43121
-0.00376103 0.00330847 4.86078
-0.0054363 0.00219094 6.73057
-0.100128 -0.252034 206.643
-0.00993858 0.00772315 10.6998
-0.00877207 0.00321253 10.1484
-0.00959175 0.00438152 10.9062
-0.0107368 0.00429955 12.2201
-0.0115125 0.00485098 13.0368
-0.0110391 0.00668653 12.1418
-0.0131815 0.00952457 13.8874
-0.0121741 0.00394269 13.9778
-0.0117679 0.00790742 12.6973
0.0130645 0.0123377 5.99277
-0.00237323 0.0396622 2.09846
0.00433633 0.000242616 8.14523
-0.0479588 -0.00193146 50.5435
-0.0172323 0.0339381 4.04008
-0.0189418 0.0492431 1.73588
-0.0153614 0.0504152 0.93026
-0.00475597 0.0651965 -2.92664
0.0161739 0.0330394 -1.11702
-0.011739 0.0217148 6.14181
-0.0161927 0.0206112 7.25098
-0.0102281 0.0130481 7.2742
0.030506 0.0109726 -3.79952
0.0260266 0.00727486 18.6966
0.0132206 0.0934347 -13.4564
-0.064039 0.125908 6.28668
-0.0169591 0.121924 -8.91162
0.0154972 0.0559393 -9.49043
-0.000450526 0.0335305 0.576529
-0.0355775 0.0194956 16.9195
-0.0202734 -0.00522483 14.4112
-0.0481481 0.00874325 25.2463
-0.0301816 -0.00366247 18.1706
0.0777072 0.0634967 -43.6088
-0.000978497 -0.0243228 6.01309
-0.00252689 -0.00461262 3.73484
-0.00221747 -0.0408473 9.38608
0.0181332 -0.0203418 -6.25564
-0.00466731 -0.0563916 13.7019
0.00618022 -0.0661648 8.16039
0.0201532 -0.0531992 -3.26937
-0.0340589 -0.0517478 33.4758
0.00807815 -0.00553333 -2.31099
0.00759414 -0.00704229 -1.5529
0.00869077 -0.00193577 -3.37484
0.00413072 -0.000448844 -0.133871
-0.0152872 0.0089463 13.1992
-0.00482663 -0.00443647 6.9234
-0.0236737 -0.0143784 24.026
-0.0169228 0.00395002 15.2457
-0.00498101 0.016376 3.0197
-0.00118376 0.0189293 -0.830894
0.00140239 0.0149548 -2.50403
0.00555329 0.015078 -6.23175
0.0030099 0.0107955 -3.01083
-0.00217043 0.0135375 1.55861
-0.00255324 -0.0781289 16.3459
-0.00560532 0.00898207 5.83732
0.148537 -0.0949016 -79.5469
0.026706 -0.199927 25.8386
-0.150541 -0.176674 216.766
-0.111375 -0.200197 177.391
-0.0516088 -0.0915539 95.0671
0 -0.191071 53.1095
-0.0253404 -0.0985663 67.2611
-0.0179451 -0.0875806 57.0686
0.0226839 -0.102707 10.5919
0 -0.219201 57.6946
-0.0129071 0.623131 -99.4494
-0.0322983 0.673779 -108.172
-0.0131462 0.581833 -92.2025
-0.0571521 -0.0133139 53.2534
-0.0326456 0.0670437 16.4647
-0.0060997 0.0698288 13.1566
-0.0238717 0.0689266 -0.846091
0.0306318 0.146547 -22.6975
-0.119863 0.0163875 50.7787
-0.0020922 0.0361405 1.68272
-0.0103354 0.0321132 4.11457
0.010847 -0.0161627 59.3753
-0.193855 0.0366425 60.0664
0.0896173 0.00792372 -0.000578529
-0.0662436 0.19049 -4.14497
-0.053474 0.182863 -7.15726
-0.0585077 0.181053 -5.00761
-0.0322581 0.142475 -7.05895
-0.0344236 0.100731 1.91884
-0.0541505 0.0681067 15.768
-0.0163456 0.0212839 8.1447
-0.0258811 0.0359859 9.82988
0.0211448 0.0537024 -16.4028
0.172752 0.143326 -106.593
0.0010797 -0.00769393 2.27508
0.0918914 0.249708 -91.48
0.0792489 0.045784 -39.416
0.0167312 0.0131759 2.628
-0.01967 0.00657313 25.6891
-0.0283314 0.323347 -40.3429
0.00142117 0.0149716 -1.33072
0.0170226 0.0491724 -18.3654
0.026421 0.000117638 -5.10551
0.00341423 0.00104986 -0.384305
0.00990593 0.0252733 -9.40057
0.0267624 0.0367071 -24.2637
-0.0152997 0.0347881 8.41192
-0.018759 0.0317168 11.5786
-0.0195024 0.00561625 16.9061
-0.00410882 0.0307767 -0.609084
0.00574978 0.0293231 -8.81219
0.0161714 0.0485135 -21.9378
-0.0512384 0.0364901 46.8605
-1.02348 -0.349212 1016.62
0.0049781 0.0152135 -5.66586
-0.00674258 0.011546 6.50928
0.228684 -0.0324725 -212.948
0.0369012 0.0305784 -31.5113
0.164552 0.0494978 -113.103
0.976562 0.03125 -971.742
0 -0.0195473 11.0455
0 -0.0195473 11.0455
-0.000843912 -0.0171504 11.5411
-0.19253 -0.424488 409.808
0 -0.165732 81.0438
0.104828 -0.173088 -44.4786
0 -0.186607 84.459
0 -0.186607 84.459
-0.0154828 0.13734 1.1287
-0.0155075 0.137355 1.12647
-0.0621496 -0.0329531 57.5635
0.0527021 0.00626899 42.0185
0.00399577 0.0749038 11.6123
-0.0299125 0.0799882 13.5067
0.414643 0.133001 -56.6457
-0.0659415 0.0384194 37.663
-0.120453 0.0662597 40.6829
-0.201317 0.0791493 53.4903
-0.198329 0.184893 31.2451
-0.19018 0.0516978 55.7468
-0.215334 0.0205274 68.8098
0.0978321 0.0121407 -3.2479
-0.104562 0.194111 7.81491
-0.0846398 0.165636 6.88902
-0.0452584 0.204863 -14.2062
-0.0128855 0.180265 -21.2753
-0.0390867 0.175878 -10.2527
-0.0186522 0.270683 -39.4954
-0.00971325 0.264969 -41.4873
0.00374768 0.285895 -51.6984
0.0381082 0.296753 -70.3017
0.0540042 0.195611 -57.3198
0.0204779 0.0460624 -8.32717
-0.0531816 0.190857 0.3338
0.0607097 0.0241467 -24.9496
0.0119321 0.0388609 0.460647
-0.0314916 0.0624182 21.388
-0.029619 0.312964 -37.2203
-0.0318746 0.339701 -41.1845
-0.0243607 0.323362 -42.7423
0.0173507 -0.0186461 4.922
-0.041137 0.273796 -21.0262
-0.036995 0.161011 -0.443272
-0.0281784 0.119743 2.06521
-0.0278438 0.0982935 5.95107
-0.043372 0.100934 17.9294
-0.029481 0.0874625 9.2625
-0.0202408 0.0746164 4.3662
0.00424886 0.0674362 -15.3191
0.21407 0.0988654 -208.067
-0.152663 -0.105743 169.456
-0.0167413 0.0104184 17.2568
-0.00437067 0.0198741 2.31783
-0.0112424 0.010008 11.6418
-0.18318 0.239979 144.741
0.0034123 0.786672 -161.523
0.200691 0.0454067 -150.395
0.289324 0.00517782 -236.186
0 0.131704 -18.4687
0.00640775 0.227025 -45.697
-0.345424 0.150112 371.556
0.00196104 0.28012 -52.0651
0.15 -0.393973 -53.3456
0.111334 -0.150751 -56.5659
-0.0588388 -0.0562522 146.516
-0.0582261 -0.0456343 143.559
-0.0221335 -0.074333 64.4017
-0.0229103 -0.0726058 64.0429
-0.0294226 -0.0576029 60.9829
-0.0751307 -0.0384377 59.9091
-0.0211206 0.0841705 11.8311
0.102824 0.572626 -108.9
0.114617 0.388634 -68.3382
-0.0622651 0.0882337 26.2319
-0.0831321 0.0875635 29.5012
-0.121866 0.103627 32.6884
-0.0657381 0.216658 -4.75924
-0.365628 0.64437 -22.3568
-0.00033738 -0.211117 78.4882
-0.0669942 -0.00273288 72.1214
-0.0321343 0.193953 -17.0927
-0.0604142 0.164119 -0.794046
0.0156989 0.015403 23.225
0.0153687 0.270897 -51.3056
-0.0241406 0.268856 -35.8671
-0.00851535 0.288613 -47.3395
-0.0111014 0.258377 -39.1351
-0.00333528 0.249377 -40.7805
0.0163327 0.249126 -49.9708
0.00550001 0.241155 -42.2084
0.00344646 0.244437 -41.8035
0.0371477 0.201616 -51.0306
0.0229354 0.082896 -15.9068
0.000710745 0.0514308 4.28138
-0.0386544 0.167754 2.15104
-0.0168014 0.314045 -45.3475
-0.0256929 0.334598 -44.4101
-0.02993 0.326591 -39.635
-0.0318443 0.1041 12.0538
-0.0662784 0.201701 13.3649
-0.0422567 0.178277 -0.345598
-0.0433011 0.203027 -3.94702
-0.0442249 0.163701 5.15844
-0.0709698 0.15771 27.8255
-0.047262 0.0995576 21.9793
-0.0218129 0.0843008 4.24174
-0.0100312 0.0711172 -3.27459
0.0910251 0.077905 -93.3896
0.163003 0.126182 -168.657
0 -0.0861521 28.4571
0.0424021 0.159132 2.17129
-0.0261806 -0.0277048 49.5361
-0.184475 0.30434 132.551
0 -0.0548545 21.4845
0 -0.18664 51.1527
-0.0376005 -0.243448 104.145
0.160165 -0.218977 -90.6654
-0.136587 0.0919123 160.737
0.0237482 -0.181468 23.0648
0.00587058 -0.123107 30.0647
0.0919782 0.297324 -133.523
0.0825988 0.353598 -134.973
0.0133682 0.535859 -93.8898
0.00035085 0.578486 -87.5765
-0.0224278 -0.0741043 64.3501
-0.0226435 -0.0729756 64.0814
-0.0210737 -0.0613171 61.0924
-0.0125595 -0.0547039 59.0897
-0.197598 0.0505201 48.6902
0.0638358 0.0889791 11.1657
0.0471324 0.0534398 22.0122
-0.0883422 0.0722355 33.9698
-0.0913291 0.0699713 35.1009
-0.205104 0.081323 62.0097
-0.0521911 0.308742 -18.3088
-0.167219 -0.0205244 112.017
-0.462639 -0.0258311 189.625
-0.0560048 0.00623292 66.7378
0.0168548 0.242148 -44.7935
0.0141678 0.268731 -50.9013
0.0106584 0.316562 -61.6629
0.0176412 0.282712 -55.1743
-0.01252 0.287142 -44.8255
-0.0125223 0.301235 -49.0571
-0.0155085 0.307772 -49.7345
-0.0228181 0.301638 -45.0566
-0.0148061 0.270083 -40.9585
0.00886597 0.196994 -33.5716
-0.0097301 0.20892 -26.6161
0.0165487 0.189444 -36.2382
0.0124387 0.385747 -81.7937
0.0319576 0.320102 -76.6242
-0.0183944 0.295572 -40.0618
-0.0174362 0.281624 -37.4228
0.00636116 0.311086 -59.5048
0.0345878 0.330059 -82.7641
-0.176029 0.0656429 122.613
0.0961716 0.188364 -99.8617
0.0979408 0.123772 -84.1469
-0.0827332 0.224789 21.5236
-0.121439 0.15159 70.0586
-0.0990455 0.14113 54.4791
-0.0640419 0.0265108 53.1468
-0.0243403 -0.0114237 30.6562
-0.0229876 -0.010906 29.2523
0.000986002 -0.135093 37.1667
0 -0.0994658 29.302
0.00617374 -0.102875 24.3531
0 -0.120368 34.437
0.00216459 -0.10276 27.9856
-0.104377 0.154694 83.2965
-0.0879667 0.195864 56.4089
0 0.0671864 -2.4617
0 0.0671864 -2.4617
-0.0311153 -0.0350338 74.9902
0.275862 -0.156431 -240.142
0 0.0439328 20.7854
0.00932082 0.0442752 10.0009
0.138913 0.0796052 -136.335
0.045255 -0.256497 58.5203
0.00357911 -0.205581 95.663
-0.00612785 -0.188963 103.202
-0.0596413 -0.197711 109.637
-0.076906 -0.156243 98.9806
-0.125377 -0.0496334 72.5052
-0.204701 0.0444775 51.2933
-0.145606 0.0491446 44.7196
0.00831454 0.065898 24.3207
0.0278028 0.018917 33.9804
0.109803 0.0394377 16.6908
-0.09202 0.0821601 32.0123
-0.0814827 0.0823205 29.2302
-0.0513242 0.148323 4.87717
-0.0476311 0.162556 0.19726
-0.0392345 0.156261 -0.242067
-0.0482098 0.0750731 24.462
-0.0325748 0.263807 -33.4129
-0.00214306 0.281164 -48.3035
0.00983943 0.290794 -54.4585
0.0234562 0.282828 -57.7637
-0.0310074 0.296568 -40.1412
-0.000523395 0.348129 -66.6257
0.0117481 0.356131 -73.3763
0.0129973 0.301935 -59.741
-0.0191402 0.300808 -45.136
0.0501741 0.0687294 -23.5948
-0.0462135 0.245569 -16.8225
-0.0395276 0.140018 7.32801
-0.0326358 0.40294 -59.9095
-0.020939 0.30895 -41.9296
-0.0522731 0.150797 19.6135
0.00778403 0.223103 -37.8306
0.0364766 0.234825 -59.6649
0.0592214 0.253238 -79.8424
0.0965836 0.269397 -110.178
0.152742 0.222136 -137.006
0.135456 0.183155 -126.312
-0.283716 0.203837 182.765
-0.110415 0.201991 48.3505
-0.0287088 -0.0368912 62.189
-0.0287088 -0.0368912 62.189
-0.00497857 -0.087314 56.1816
-0.0187685 -0.129992 80.0446
0.00133134 -0.118029 59.0641
0.00136931 -0.118087 59.0448
0.0014865 -0.118161 58.9555
0.00160804 -0.118217 58.8553
0.00168007 -0.118246 58.7936
0.00168007 -0.118246 58.7936
-0.00989686 -0.0991725 65.1973
-0.280403 -0.283501 471.732
-0.0143641 -0.0507411 130.092
0.310335 -0.123883 -201.114
-0.00853913 -0.132062 73.723
0.00365127 -0.128343 59.0866
0 -0.128005 63.1471
-0.0720784 0.185758 84.7015
0.038066 -0.295014 76.9481
0.0410914 0.164557 -48.0755
-0.011557 -0.30262 138.952
-0.0273701 -0.199992 109.842
-0.0123101 -0.176398 102.587
-0.0173853 -0.0585803 69.1539
-0.114576 0.00295666 55.2153
-0.0845693 0.0145591 48.5513
-0.0349826 0.061446 29.4599
-0.0405708 0.016108 43.6443
-0.0811376 0.0470225 40.2243
-0.0662397 0.0756699 29.2182
-0.064521 0.13104 12.5886
-0.0463393 0.154788 1.99782
-0.03427 0.218156 -19.3621
-0.0527749 0.233435 -18.5199
-0.0449826 0.210525 -14.1597
-0.0323905 0.201777 -15.1097
0.0138737 0.227053 -38.6326
0.0469904 0.292352 -68.5387
0.030721 0.300819 -64.0707
-0.00308416 0.274685 -45.4945
0.0178854 0.304854 -62.6102
0.00420358 0.30012 -54.9924
0.00973475 0.279796 -51.7019
0.015483 0.290777 -57.7444
0.0139576 0.215202 -34.0815
-0.0193576 0.1387 5.44108
0.00311008 0.0557551 6.78755
0.0743041 -0.151452 41.97
-0.0326211 0.249355 -18.6958
0.0770573 0.0137345 -22.4987
0.0275889 0.127716 -23.5263
0.0573213 0.169049 -54.8417
0.0869159 0.226114 -91.416
0.0928709 0.260975 -105.118
0.139775 0.250143 -135.844
0.113308 0.212376 -104.529
0.00204192 0.0745727 12.3734
0.0902792 0.179434 -77.5484
0.0297469 0.202193 -37.9524
-0.0123744 0.0726464 24.7764
0 0.212891 -18.0215
0 0.730907 -171.7
0 0.0735551 14.221
-0.00995069 -0.332059 138.241
0.00304655 0.105296 2.35898
0.00304655 0.105296 2.35898
0.00304655 0.105296 2.35898
0 0.730093 -171.593
0.120809 0.104473 -74.3049
0.128965 0.239376 -121.536
0.0880433 -0.0971813 12.938
0.0877242 -0.0924114 11.9506
0.0881558 -0.0970422 12.7997
0 0.212891 -18.0215
0 0.212891 -18.0215
-0.128287 0.24641 133.448
-0.417882 0.649244 338.723
0.0452338 0.190061 -81.9108
0 -0.0370742 64.7974
-0.0384168 0.102728 18.3802
-0.0450673 0.104779 17.9301
-0.0532272 0.155949 1.71739
-0.0136199 0.153976 -0.251696
-0.0357315 0.127101 9.79847
-0.0308874 0.140849 5.01245
-0.0726619 0.10421 21.8322
-0.0807349 0.0406996 41.4984
-0.0552477 0.0447867 36.1296
0.048421 0.222321 -38.1788
-0.00868678 0.260111 -37.654
-0.0166398 0.261963 -35.8766
-0.0508093 0.250147 -23.1764
-0.062481 0.236074 -17.1348
-0.0312187 0.20016 -15.2613
0.0351398 0.224205 -44.6574
0.0956932 0.34267 -101.427
-0.012974 0.281589 -41.3289
-0.0464125 0.282806 -29.4882
-0.0224182 0.269802 -35.0526
-0.0155345 0.281742 -40.198
-0.00999746 0.296736 -47.0511
-0.000925419 0.225399 -29.997
-0.0277041 0.192307 -5.84822
-0.107165 0.124658 55.8805
-0.61625 0.0479007 353.646
0.168873 0.070142 -94.0404
0.151689 0.0924297 -90.8758
0.114904 0.0965133 -69.7487
0.0839784 0.141454 -63.799
0.0838977 0.177638 -74.8783
0.114616 0.246073 -116.074
0.0728241 0.290264 -100.04
0.0927706 0.228904 -94.9843
0.103709 0.212289 -97.9872
0.0903755 0.179308 -77.5807
0.0179109 0.143989 -11.6951
0.00060492 0.0527631 -4.41531
0.00132594 0.0575534 -6.53977
0.132681 0.124459 -141.547
0.0725979 0.125833 -89.7265
0.00353559 -0.039071 13.8599
0.00381047 -0.0401649 13.9526
0.00423059 -0.0418758 14.1023
-0.011156 -0.0132 18.1968
0.003176 -0.0443476 15.9008
0.00298751 -0.0447457 16.2107
0.00298751 -0.0447457 16.2107
0 -0.0608132 24.1516
0.000296721 -0.0854132 31.6604
0 -0.0851477 31.8927
0 -0.0608132 24.1516
0 -0.0717213 27.628
0.00105536 -0.0862489 31.0257
-0.00213641 -0.0631104 27.3961
0.0940829 0.151195 -129.059
0.0425646 0.245211 -95.3006
0 -0.0717213 27.628
-0.0340944 0.105307 17.4747
-0.0340873 0.112878 14.9427
-0.0333806 0.125088 10.8239
-0.0202622 0.126751 10.0559
-0.0295904 0.145976 4.3662
-0.0146951 0.127895 7.72563
0.0458677 0.159998 -11.3538
0.146802 0.134639 -16.9051
-0.102436 -0.711509 303.66
0.0562327 -0.0485435 45.338
-0.0299346 0.266474 -33.4493
-0.0404181 0.274168 -33.5016
-0.0432964 0.309329 -45.1323
-0.0228875 0.545283 -129.17
-0.0735107 0.00523161 80.4726
-0.0426813 -0.00602669 72.9857
0.0329236 0.309978 -67.9381
-0.0471479 0.247751 -17.6826
-0.0722775 0.24094 -6.59551
0.0185542 -0.0837451 36.5678
0.0185964 -0.0835593 36.4844
0.0191011 -0.0831982 36.1298
0.0203446 -0.0826862 35.3614
0.0128932 -0.0813348 38.6003
0.00822251 -0.0829955 41.5685
0.0046756 -0.0844015 43.9457
0.00189315 -0.0856225 45.9092
-9.03421e-06 -0.086609 47.3429
-0.00119085 -0.0873707 48.3074
-0.00177023 -0.0879027 48.8452
-0.00193413 -0.0882022 49.0502
-0.00193413 -0.0882022 49.0502
-0.00140997 0.380596 -76.4497
0.09585 0.180861 -82.591
0.090587 0.209523 -87.5066
0.107899 0.187298 -93.2085
0.112862 0.182656 -96.0342
0.0911779 0.201976 -84.19
-0.201775 0.139986 167.401
0.539256 0.115421 -448.806
-0.00444752 0.0528557 38.4909
-0.00128359 0.0466291 37.74
0.00115598 0.0467863 35.4605
0 -0.0872587 80.4982
-0.0146909 0.00973065 15.4706
0.00115598 0.0467863 35.4605
-0.100734 0.199584 139.065
0.229276 0.153699 -183.876
0 -0.120452 91.8234
0 -0.120452 91.8234
0 -0.120452 91.8234
0 -0.120452 91.8234
0.00296444 -0.106471 83.7486
0 -0.120452 91.8234
0 -0.120452 91.8234
0.193936 -0.0105276 -178.175
-0.00607052 -0.0934636 89.3617
0.0348243 -0.0784121 36.796
-0.0269026 0.10831 16.3641
-0.0267593 0.118396 12.7872
-0.0152913 0.101173 18.0027
-0.0149237 0.0804048 25.4326
-0.0191816 0.105216 17.2536
-0.0278431 0.140652 5.18503
0.0459979 0.14865 -7.1321
0.135907 0.106981 -5.5516
0.196575 0.122215 -20.7716
0.200705 0.057462 2.10063
-0.0519963 0.274078 -30.818
-0.0632207 0.287928 -33.0107
-0.135044 -0.00500505 94.3487
-0.248137 0.381707 -15.1319
-0.108316 -0.0152566 97.7673
-0.130768 -0.0188549 106.382
-0.0593754 0.173793 12.5091
-0.0836613 0.216597 7.60233
-0.128465 0.204473 28.5
-0.127932 0.193204 32.2416
-0.0316857 -0.113581 90.1116
-0.0252215 -0.115062 87.7261
-0.0188972 -0.115226 84.7787
-0.0091396 -0.117598 80.7934
-0.000779717 -0.120376 77.4689
0.00510834 -0.123272 75.3439
0.00862817 -0.125858 74.3103
0.00954537 -0.127911 74.5227
0.00868572 -0.129334 75.5573
0.00693046 -0.130166 76.9543
0.00533282 -0.130522 78.1122
0.00434086 -0.130571 78.7882
0.0042059 -0.130499 78.8536
0.18826 0.0481824 -105.552
0.178463 0.13392 -127.393
0.126314 0.200054 -111.479
0.0854471 0.188146 -76.745
0.126274 0.181878 -106.254
-0.215613 0.153861 174.096
0.242037 -0.00112032 -157.282
-0.0132089 -0.138573 112.039
-0.00788904 -0.161121 115.366
-0.00519209 -0.169347 115.902
-0.00825332 -0.16197 116.131
-0.0106953 -0.142251 111.398
-0.0128192 -0.120592 105.686
-0.0122911 -0.104392 99.3337
0 -0.206245 124.929
0.0156 -0.271263 132.254
0 -0.213823 127.73
-0.00180757 -0.290065 157.371
0 -0.334652 171.595
0 -0.287668 154.534
0.0185974 -0.217982 107.745
0 0.108876 14.328
0.0532109 -0.0933596 19.2658
0.0384535 -0.0816362 33.3437
0.0348195 -0.0782235 36.7402
-0.0230384 0.109593 15.8666
-0.0225935 0.116874 13.171
-0.0201093 0.120664 11.656
-0.0151229 0.0623906 31.7419
0.00241942 0.0868633 21.7184
-0.0301706 0.123041 12.2159
-0.584027 0.0570531 115.64
0.120107 0.00035934 34.8521
-0.936843 -0.0328795 229.47
-0.0600381 0.273102 -28.5397
-0.0579197 0.279327 -31.3192
-0.0577987 0.281784 -32.2353
0.0078776 0.394336 -84.6798
-0.148013 0.397767 -50.0445
-0.118674 -0.0151515 101.149
-0.125799 0.0479118 80.5408
-0.274075 -0.23716 236.211
0.0743061 0.0535787 0.456728
-0.306949 0.0291449 157.417
-0.307905 0.115661 125.487
-0.149928 -0.0738541 128.549
-0.0241913 -0.118307 88.4282
-0.0184428 -0.115598 84.6929
-0.0104126 -0.117134 81.2756
-0.00254889 -0.120039 78.2848
0.00335489 -0.123185 76.2783
0.00711957 -0.125968 75.2119
0.00845274 -0.128156 75.2573
0.00800314 -0.129616 76.0765
0.00663119 -0.130405 77.2289
0.00529987 -0.130647 78.178
0.00447087 -0.130536 78.6875
0.00433865 -0.13031 78.6936
0.224296 0.0723319 -140.056
0.20497 0.111558 -139.638
0.200557 0.152829 -151.477
0.0575516 0.220005 -66.0359
-0.262842 0.144978 216.471
0.365053 0.265575 -343.761
-0.225382 0.170059 177.582
0.00338754 -0.146363 100.221
-0.0107471 -0.154761 115.68
-0.00755609 -0.164504 116.353
-0.00166597 -0.160043 109.263
-8.73607e-05 -0.141557 100.964
-0.00332885 -0.1202 96.2306
-0.00881097 -0.104601 95.9062
-0.0113827 -0.10318 97.9803
-0.0113827 -0.10318 97.9803
0 0.219196 -32.8807
0 0.00588613 46.6388
0 0.219196 -32.8807
0 0.219196 -32.8807
-0.00484164 0.222015 -28.3163
0.0338876 -0.0775266 37.3438
0.0390058 -0.0810361 32.4475
0.037871 -0.0820698 34.2047
0.0348195 -0.0782235 36.7402
