1 2 3
2 3 3
3 4 3
4 5 3
5 181 0
181 240 3
9 240 0
9 10 3
10 240 0
10 11 3
11 12 1
12 71 3
14 71 1
14 15 3
15 16 3
16 18 0
18 20 0
20 22 3
22 24 3
24 25 3
25 26 3
26 30 3
30 31 3
31 95 3
36 95 3
36 40 3
40 96 3
96 394 3
164 394 3
158 164 3
53 158 3
53 54 1
54 111 0
111 173 3
36 97 3
40 97 3
26 87 3
30 87 3
18 77 1
22 79 3
26 85 3
31 91 3
91 95 3
18 78 3
20 78 3
20 79 3
85 87 3
31 90 3
10 126 1
22 80 3
24 80 3
24 82 1
90 91 3
53 110 3
11 126 1
25 82 1
30 88 3
31 88 3
110 158 3
15 74 3
16 75 2
85 144 3
87 144 3
115 173 0
3 60 3
5 63 3
18 75 1
2 60 3
14 72 1
15 72 1
16 74 3
63 181 0
71 72 1
163 164 3
53 111 3
93 95 3
36 93 3
163 394 3
1 117 0
1 60 3
4 62 3
5 62 3
11 69 3
77 78 0
126 240 0
69 126 1
12 70 3
15 73 1
75 77 3
69 70 1
70 71 3
72 73 3
73 74 0
74 75 3
26 143 3
85 143 3
87 88 3
111 113 1
113 173 0
3 62 3
62 63 3
25 200 3
60 117 0
80 82 1
88 90 3
78 79 3
82 200 0
3 61 3
79 80 3
26 200 3
91 93 3
110 111 3
61 118 0
61 62 3
78 135 1
111 172 3
113 172 0
80 139 3
82 139 0
60 61 3
93 151 3
96 216 3
77 135 3
91 151 3
36 153 3
40 216 3
109 158 3
150 151 3
93 153 3
109 110 3
60 118 0
93 152 3
110 227 3
111 227 3
117 118 3
152 153 3
61 177 0
180 181 3
75 134 3
77 134 3
78 137 3
79 137 3
118 177 3
63 180 0
71 129 3
87 145 1
88 145 1
91 149 3
40 157 3
96 392 3
158 167 3
181 238 3
70 129 3
72 129 0
141 200 1
88 147 3
90 147 3
90 149 3
97 154 3
392 394 3
164 167 3
109 167 3
238 240 3
82 141 0
91 150 3
151 152 3
97 155 3
180 238 3
70 128 1
36 154 3
157 216 3
62 121 0
63 121 0
69 128 1
40 155 3
62 177 0
121 180 0
143 200 3
150 152 3
172 227 3
172 173 3
69 127 1
72 130 0
73 131 0
74 132 3
79 196 3
80 196 3
139 141 2
143 144 3
144 145 1
126 127 3
127 128 1
129 130 0
130 131 3
131 132 3
135 137 3
145 146 0
154 155 3
128 129 1
88 146 3
109 227 3
75 132 3
134 135 3
139 198 3
216 392 3
172 230 3
173 230 3
141 198 0
223 394 3
163 223 3
137 196 3
139 196 3
75 191 3
146 147 3
149 150 3
167 227 3
125 240 0
134 191 3
177 178 1
62 178 3
125 238 0
164 225 3
167 225 3
121 178 1
125 126 1
147 149 3
149 207 3
143 202 3
144 202 3
36 152 3
163 225 3
225 227 3
40 214 3
150 207 3
157 214 3
145 202 0
150 208 3
155 213 3
139 197 3
145 203 0
146 204 3
154 212 3
155 214 3
392 505 3
196 197 3
147 204 3
152 212 3
36 212 3
155 212 3
216 505 3
132 191 3
197 198 3
213 214 3
135 193 3
137 193 3
141 199 0
146 203 3
207 208 3
392 449 3
394 449 3
125 184 1
202 203 3
147 207 3
212 213 3
126 184 3
127 186 0
131 190 3
132 190 3
152 210 3
157 215 3
215 216 3
125 183 3
183 184 1
127 184 3
128 186 0
129 187 3
130 187 1
130 188 3
199 200 3
186 187 1
131 189 3
134 192 3
135 192 3
198 199 3
227 230 3
179 180 0
187 188 0
214 388 3
279 394 3
188 189 3
189 190 3
191 192 3
202 259 3
214 215 3
223 279 3
184 186 0
190 191 3
192 193 3
143 259 3
279 449 3
183 238 0
215 388 3
223 225 3
121 179 2
137 253 3
223 338 3
238 239 3
193 253 3
203 204 3
449 505 3
225 338 3
183 239 0
196 253 3
227 402 3
200 258 3
143 258 3
204 262 3
230 402 3
177 234 1
199 258 3
258 259 3
212 270 3
118 234 1
178 179 0
202 260 3
203 260 3
152 270 3
215 505 3
210 270 3
179 238 0
388 505 3
186 243 0
186 245 1
187 245 3
193 252 3
252 253 3
198 256 3
147 206 3
213 271 3
193 251 3
197 256 3
203 262 3
206 207 3
187 246 0
251 252 3
253 254 3
196 254 3
197 254 3
199 256 3
259 260 3
207 266 3
208 266 3
210 269 3
188 246 3
150 209 3
152 209 3
118 291 3
189 247 3
204 206 3
209 268 3
210 268 3
269 270 3
212 271 3
188 247 3
209 267 3
152 268 3
118 175 3
175 234 1
184 243 0
191 249 3
197 255 3
255 256 3
199 257 3
207 265 3
150 266 3
150 267 3
267 268 3
178 234 1
246 247 3
192 251 3
256 257 3
257 258 3
206 265 3
270 271 3
214 271 3
190 249 3
266 267 3
225 402 3
243 245 1
254 255 3
268 269 3
175 291 3
184 300 0
189 249 3
192 249 3
265 266 3
178 294 0
271 388 3
234 294 0
179 294 1
183 300 0
243 301 3
249 307 3
279 338 3
230 403 3
402 403 3
239 300 3
245 246 0
225 284 3
203 319 3
284 402 3
286 402 0
262 319 3
271 329 3
238 294 3
239 298 3
245 301 0
251 310 3
252 310 3
270 329 3
238 295 3
298 300 3
249 251 3
338 340 3
225 340 3
225 341 3
238 296 3
245 303 3
269 327 3
270 327 3
284 341 3
289 403 3
294 295 3
295 296 3
239 296 3
301 303 1
245 304 0
246 304 3
279 396 3
338 396 3
340 341 3
234 293 3
293 294 0
257 315 3
287 402 0
287 403 0
175 293 1
247 249 3
256 314 3
258 315 3
293 352 0
239 297 3
249 306 2
253 311 3
257 314 3
258 317 3
259 317 3
260 319 3
267 326 3
268 326 3
296 297 3
247 306 3
306 307 3
251 309 3
254 311 3
258 316 3
260 317 3
267 325 3
329 388 3
247 304 3
247 305 3
309 310 3
252 311 3
315 316 3
206 323 3
265 323 3
266 324 3
266 325 3
269 326 3
270 328 3
346 403 0
303 304 0
305 306 3
255 314 3
316 317 3
266 323 3
324 325 3
327 328 3
328 329 3
310 311 3
262 320 3
326 327 3
347 403 0
294 352 3
249 309 3
260 318 3
204 320 3
325 326 3
346 347 2
289 347 1
297 298 3
298 357 3
300 357 3
318 319 3
340 396 3
304 305 3
317 318 3
255 371 3
314 371 3
314 315 3
388 562 3
284 400 3
400 402 3
307 309 3
319 320 3
323 324 3
505 562 3
184 301 0
341 400 3
254 371 3
300 301 3
311 371 3
301 360 3
291 348 3
291 349 3
175 349 3
307 366 3
309 366 3
325 384 3
326 384 3
295 353 3
297 355 3
311 369 3
289 404 3
348 349 3
294 353 3
298 355 3
310 369 3
279 395 3
401 404 3
306 364 3
320 379 3
395 449 3
347 404 0
175 350 1
293 350 3
305 364 3
319 379 3
395 396 3
352 353 3
401 402 3
401 403 3
309 368 3
310 368 3
328 387 3
329 387 3
340 399 3
298 356 3
301 359 3
303 362 0
304 362 3
371 372 3
206 380 3
324 383 3
325 383 3
396 399 3
341 399 3
356 357 3
300 359 3
314 372 3
303 360 0
359 360 3
305 363 1
309 367 3
315 374 3
316 374 3
317 375 3
206 320 3
323 380 3
323 381 3
324 382 3
327 384 3
327 385 3
328 386 3
399 400 3
293 351 0
296 353 3
368 369 3
314 374 3
318 375 3
381 382 3
382 383 3
383 384 3
384 385 3
385 386 3
386 387 3
351 352 3
303 419 3
362 419 1
363 364 0
366 367 3
367 368 3
372 374 3
318 379 3
380 437 3
380 381 3
396 397 3
397 399 3
296 355 3
306 365 3
393 449 3
449 453 3
355 356 3
357 359 3
307 365 3
395 453 3
350 351 0
316 375 3
378 379 3
387 388 3
403 404 3
369 371 3
404 405 1
305 362 3
365 366 3
374 375 3
379 380 3
374 430 3
318 377 3
377 379 3
364 365 3
377 378 3
206 379 3
349 350 1
369 428 3
400 401 3
353 355 3
352 410 3
371 428 3
372 430 3
388 446 3
348 406 3
349 406 3
353 410 3
356 414 3
360 419 1
387 446 3
449 562 3
355 412 3
357 414 3
375 377 3
353 411 3
353 412 3
357 416 3
305 421 3
365 423 3
366 423 3
377 435 3
351 410 3
411 412 3
359 416 3
362 421 3
363 421 0
375 431 3
351 409 3
357 415 3
375 435 3
350 409 0
415 416 3
359 417 3
430 489 2
378 380 3
396 453 3
371 429 2
372 429 2
431 435 3
383 441 3
384 441 3
397 456 1
409 410 3
416 417 3
362 420 3
366 424 3
367 424 3
375 489 2
431 489 3
399 456 1
350 408 0
414 415 3
360 418 3
420 421 3
367 425 3
368 426 3
369 427 3
374 489 2
382 440 3
384 442 3
384 443 3
385 443 3
386 444 3
387 445 3
349 408 0
409 467 1
417 418 3
418 419 1
419 420 0
425 426 3
368 427 3
427 428 3
378 437 3
381 439 3
381 440 3
382 441 3
441 442 3
442 443 3
386 443 3
444 445 3
445 446 3
456 510 0
410 411 3
355 413 3
364 423 3
428 429 3
380 439 3
439 440 3
406 408 0
356 413 3
363 422 0
364 422 3
423 424 3
437 438 1
380 438 1
443 444 3
388 447 3
422 423 3
426 427 3
438 439 0
440 441 3
446 447 3
447 562 3
399 510 3
429 430 3
396 455 3
397 455 3
412 413 3
424 425 3
449 451 3
455 456 1
421 422 3
431 493 3
451 562 3
408 409 2
413 414 3
416 474 1
435 493 3
378 435 3
400 510 3
408 467 1
453 455 3
427 485 3
428 485 3
451 453 3
401 459 1
436 493 3
439 497 3
441 499 3
415 474 1
429 487 3
431 436 3
438 497 0
408 465 1
421 479 3
422 479 3
428 487 3
440 498 3
406 465 1
415 473 1
422 480 3
429 489 3
443 502 3
401 510 3
404 459 1
404 521 1
411 469 3
414 473 1
378 493 3
442 500 3
443 500 3
444 502 3
412 469 3
473 474 3
417 474 1
418 476 2
422 481 3
423 481 2
425 483 3
426 484 3
428 486 3
440 497 3
442 499 3
443 501 3
445 503 3
446 504 3
447 504 3
455 512 1
410 469 3
417 475 1
417 476 2
419 476 0
420 479 3
480 481 3
424 481 2
424 482 3
424 483 3
483 484 3
427 484 3
497 498 3
499 500 3
500 501 3
502 503 3
503 504 3
455 510 3
475 476 0
482 483 3
440 499 3
508 510 3
406 464 0
498 499 3
501 502 3
510 512 1
408 466 1
466 467 3
481 482 3
485 486 3
464 465 1
465 466 3
410 468 1
413 472 1
414 472 1
479 480 3
438 554 3
409 468 1
468 469 0
472 473 1
437 554 1
497 554 1
504 562 3
412 471 1
413 471 1
474 475 0
420 478 2
437 553 2
452 512 1
469 527 1
471 472 0
478 479 3
486 487 1
437 493 3
451 455 3
436 491 1
436 550 1
467 468 3
436 489 1
491 550 3
419 478 0
429 488 3
488 489 0
468 527 3
487 488 3
510 632 3
469 528 1
508 512 1
401 632 3
412 528 1
479 537 3
486 544 1
487 544 3
553 554 1
452 508 3
484 485 3
476 478 1
486 543 2
493 550 1
493 551 3
527 528 1
475 534 3
480 538 3
543 544 3
491 548 3
466 524 3
467 524 3
471 528 3
475 533 3
476 534 1
481 538 3
485 543 2
436 548 1
404 632 3
483 542 2
484 542 2
562 563 3
452 455 3
467 525 3
481 540 2
482 540 2
485 542 2
489 547 3
550 551 0
451 452 3
465 523 3
466 523 3
468 525 3
472 530 3
472 531 3
473 531 0
533 534 3
482 541 2
483 541 2
503 561 3
464 523 1
524 525 3
468 526 3
471 529 3
471 530 0
474 532 3
479 538 2
541 542 3
493 552 3
500 558 3
501 559 3
501 560 3
502 560 3
504 561 3
526 527 3
542 543 3
551 552 3
499 557 3
499 558 3
558 559 3
560 561 3
450 451 3
523 524 3
529 530 0
530 531 3
473 532 3
475 532 1
478 537 3
540 541 3
488 544 3
436 547 1
548 549 3
491 549 3
493 553 3
553 611 3
497 555 3
498 555 3
557 558 3
562 564 1
450 452 3
532 533 0
478 536 3
479 595 1
538 595 1
552 553 3
559 560 3
563 564 3
525 526 3
528 529 3
489 604 3
549 550 3
498 557 3
464 522 3
536 537 3
538 540 3
488 604 3
547 604 3
554 611 0
522 523 1
537 595 1
547 548 1
450 562 3
531 532 1
498 556 3
561 562 3
543 602 2
544 602 3
551 609 3
550 609 0
554 555 0
555 556 3
556 557 3
561 620 3
562 620 3
478 593 3
476 593 1
542 599 2
538 596 3
536 593 3
488 603 3
552 611 3
557 616 3
558 616 3
559 616 3
533 591 3
544 603 3
524 582 3
527 586 1
528 586 3
534 591 2
595 596 0
603 604 3
560 618 3
561 618 3
523 582 3
530 588 1
530 589 1
541 599 2
547 605 3
555 613 3
557 615 3
559 618 3
529 588 1
531 589 1
602 603 3
548 605 2
556 615 3
615 616 3
534 593 3
536 594 3
537 594 3
543 601 2
549 608 3
550 608 3
551 610 3
552 610 3
554 613 0
554 612 3
561 619 3
525 584 3
526 584 3
526 585 3
527 585 3
588 589 3
532 590 0
533 590 1
601 602 3
605 606 3
548 606 3
612 613 3
556 614 3
559 617 3
525 582 3
590 591 0
534 592 1
540 596 3
540 598 3
540 599 2
542 601 0
608 609 3
613 614 3
614 615 3
617 618 3
618 619 3
619 620 3
564 622 3
404 633 1
584 585 3
529 586 3
531 590 1
591 592 1
549 606 3
610 611 3
632 633 1
404 634 1
582 584 3
585 586 1
593 594 3
594 595 1
609 610 3
616 617 3
562 622 3
633 634 2
589 590 3
592 593 0
598 599 3
596 598 3
611 612 3
522 582 1
604 605 3
580 582 1
586 645 1
529 645 1
606 608 3
562 740 3
450 740 3
522 580 3
586 644 1
603 662 3
604 662 3
622 740 3
644 645 3
588 645 3
620 622 3
508 627 3
510 627 3
586 643 1
391 622 3
585 643 1
542 658 0
601 658 3
643 644 3
606 665 3
580 584 1
596 654 0
599 658 3
608 665 3
404 695 1
584 642 1
610 668 3
598 654 0
609 668 3
391 620 3
452 627 3
631 633 1
580 642 1
627 632 3
585 642 1
589 647 3
590 647 3
591 649 3
595 654 0
615 674 3
616 674 3
404 631 3
601 659 3
590 648 3
598 655 0
599 657 3
664 665 3
611 670 3
612 670 3
617 674 3
591 648 1
593 651 3
594 652 3
598 656 0
598 657 0
606 664 3
611 668 3
611 669 3
614 672 3
614 674 3
617 739 3
618 739 3
588 646 3
592 649 0
592 651 0
594 651 3
657 658 3
601 660 3
602 660 3
603 660 3
668 669 3
613 670 3
613 672 3
619 739 2
645 646 3
589 646 3
592 650 3
651 652 3
594 653 1
595 653 2
656 657 3
659 660 3
603 661 3
669 670 0
613 671 3
631 632 3
642 643 3
646 647 3
647 648 3
650 651 0
652 653 1
653 654 0
654 655 3
661 662 3
605 662 3
670 671 3
671 672 3
672 674 3
391 619 3
631 690 1
648 649 0
655 656 3
660 661 3
608 667 3
609 667 3
649 650 1
658 659 3
605 664 3
665 667 3
667 668 3
674 739 3
674 731 2
627 631 3
404 694 1
580 640 1
665 781 0
391 739 1
391 740 3
631 688 1
644 703 2
645 703 0
665 724 3
667 724 3
646 703 0
672 731 2
651 710 3
605 721 2
662 721 3
669 728 3
670 728 1
669 785 3
643 701 2
644 702 3
702 703 3
648 706 3
728 785 3
671 729 1
672 729 1
642 701 2
643 702 2
647 706 3
664 722 3
665 722 3
724 781 0
670 729 1
648 707 3
649 707 1
656 714 3
657 716 3
658 716 3
660 718 3
660 719 3
661 719 3
728 729 3
672 788 1
580 698 1
652 710 3
657 714 3
657 715 1
659 716 3
605 722 3
665 723 3
723 781 0
731 788 1
701 702 2
646 704 2
650 707 0
653 711 2
654 712 3
655 714 3
714 715 1
659 718 3
718 719 3
662 719 3
722 723 3
667 726 3
668 726 3
580 700 1
642 700 3
703 704 1
647 704 2
650 708 0
651 708 3
652 711 3
711 712 3
700 701 0
647 705 3
706 707 3
655 712 3
659 717 3
716 717 3
704 705 3
705 706 3
715 716 0
717 718 3
452 740 3
708 710 3
707 708 3
712 714 3
721 722 3
674 1025 1
731 1025 1
739 1025 1
719 721 0
669 726 3
729 788 3
724 726 3
726 785 3
704 762 0
710 711 3
724 782 0
705 762 2
781 782 3
785 786 3
728 786 3
719 778 3
721 778 1
710 767 3
404 806 1
404 985 3
708 767 3
712 770 3
722 780 0
724 783 3
723 780 2
703 761 2
704 761 2
711 768 3
710 768 3
717 775 3
726 783 3
728 787 3
729 787 3
580 757 1
726 784 3
788 1025 1
700 757 0
705 707 3
714 770 3
714 772 3
716 775 3
721 779 1
722 779 1
702 759 2
707 764 3
707 765 3
714 773 1
715 773 3
780 781 0
740 795 1
708 765 3
708 766 3
711 770 3
779 780 0
782 783 2
391 795 1
700 758 0
701 758 0
701 759 3
702 760 0
705 764 2
764 765 3
766 767 3
772 773 3
716 774 1
774 775 3
717 719 3
784 785 3
391 1025 1
759 760 0
703 760 2
767 768 3
711 769 3
714 771 3
715 774 3
778 779 3
783 784 3
761 762 3
765 766 3
768 769 3
769 770 3
787 788 3
452 795 1
770 771 3
771 772 3
719 777 3
786 787 3
773 774 3
719 775 3
777 778 3
775 777 3
705 763 2
757 758 3
762 763 3
763 764 3
766 825 3
767 825 3
631 985 3
760 761 3
774 832 3
788 847 3
775 834 3
777 834 3
847 1025 1
452 630 3
627 630 3
698 814 3
758 759 3
769 828 3
770 828 3
771 828 1
785 843 3
580 814 1
766 824 3
824 825 3
784 843 3
761 819 3
762 819 3
780 838 1
759 818 2
760 818 3
760 819 3
767 826 3
768 826 3
769 826 3
779 838 3
783 841 3
630 795 1
782 841 2
786 844 3
580 812 1
757 816 3
762 821 3
763 821 3
763 822 3
764 822 3
765 824 3
778 837 3
779 837 3
782 840 1
785 844 3
786 845 3
787 845 3
788 846 3
758 816 3
819 821 3
769 827 3
827 828 3
773 832 3
775 833 3
777 835 3
781 840 1
840 841 3
784 841 3
784 842 3
846 847 3
818 819 3
772 830 2
832 833 3
833 834 3
834 835 3
778 835 3
781 838 1
841 842 3
842 843 3
757 814 3
821 822 3
773 830 2
843 844 3
825 826 3
826 827 3
844 845 3
630 860 1
580 813 1
759 816 2
759 817 2
771 830 3
830 832 2
835 837 3
787 846 3
812 813 3
781 839 1
817 818 3
845 846 3
391 967 1
816 817 3
967 1025 3
813 814 3
765 822 3
839 840 1
757 872 3
814 872 3
822 824 3
828 887 3
771 887 1
837 838 3
816 872 3
819 878 3
821 878 3
832 889 1
817 875 3
830 889 0
816 875 3
824 882 0
835 893 3
824 881 1
830 887 3
832 890 1
837 893 3
813 872 3
822 881 3
833 890 2
838 895 3
845 903 3
391 1026 1
837 895 3
847 964 0
964 1025 1
795 1026 1
630 631 3
818 877 3
819 877 3
821 879 3
826 884 3
834 892 1
835 892 1
844 903 3
846 905 3
818 876 3
878 879 3
822 879 3
825 884 3
827 887 2
833 892 1
847 905 3
812 870 3
813 871 3
816 873 3
816 874 3
833 891 3
840 898 3
841 899 3
842 900 3
843 901 3
844 902 3
870 871 3
871 872 3
872 873 3
817 876 3
824 884 2
889 890 2
890 891 2
891 892 1
781 896 1
839 896 1
839 898 1
898 899 3
899 900 3
900 901 3
844 901 3
877 878 3
879 880 3
822 880 3
881 882 0
826 885 3
827 885 3
901 902 3
875 876 3
876 877 3
882 884 1
838 896 3
845 905 3
874 875 3
884 885 3
830 888 0
895 896 3
905 964 3
967 1026 3
873 874 3
892 893 0
880 881 3
885 887 3
902 903 3
893 895 3
884 942 1
1023 1025 1
964 1023 3
967 1023 0
874 932 3
875 932 3
879 937 3
887 888 3
878 937 3
839 955 1
630 1026 1
888 889 2
896 955 3
898 955 3
845 963 3
905 963 3
884 941 1
887 944 3
845 962 3
882 941 1
885 944 3
893 952 3
895 952 3
903 962 3
962 963 3
876 934 3
892 951 0
893 951 3
871 930 3
872 930 3
877 934 3
880 938 3
887 945 3
873 930 3
880 937 3
881 940 1
882 940 1
885 942 3
888 945 1
890 948 0
873 931 3
875 933 1
881 938 3
891 948 0
870 928 3
871 929 3
874 931 3
876 933 1
940 941 0
889 947 1
891 949 3
892 950 0
895 953 3
955 956 3
898 956 3
899 957 3
900 958 3
901 959 1
902 960 1
903 961 1
928 929 3
947 948 0
948 949 1
949 950 3
950 951 3
951 952 3
952 953 3
896 953 3
956 957 3
957 958 3
958 959 1
959 960 2
960 961 1
929 930 3
930 931 3
932 933 1
933 934 0
944 945 0
888 947 1
931 932 3
881 939 3
941 942 0
942 944 3
896 954 3
961 962 1
953 954 3
954 955 3
937 938 3
938 939 3
939 940 1
964 1022 3
1022 1023 3
967 1024 2
963 964 3
1023 1024 3
877 993 3
934 993 3
878 993 3
937 995 3
962 1020 3
961 1020 1
963 1020 3
938 995 3
942 1001 3
932 990 3
878 994 3
944 1001 3
963 1021 3
963 1022 3
931 990 3
933 992 2
934 992 3
993 994 3
937 994 3
888 1004 1
947 1004 1
1020 1021 3
931 989 3
945 1004 1
940 998 2
941 999 0
933 991 2
938 996 3
961 1019 0
932 991 3
939 996 3
941 998 0
942 999 3
960 1019 0
930 989 3
989 990 3
992 993 3
994 995 3
944 1002 1
945 1002 1
928 986 3
929 987 3
930 988 3
990 991 3
995 996 3
939 998 1
945 1003 1
947 1005 1
948 1006 1
949 1007 1
950 1008 1
951 1009 1
952 1010 1
953 1011 1
954 1012 1
955 1013 1
956 1014 1
957 1015 1
958 1016 1
959 1017 3
960 1018 3
1019 1020 3
1021 1022 3
986 987 3
987 988 3
988 989 3
1002 1003 0
1003 1004 3
1005 1006 3
1006 1007 3
1007 1008 3
1008 1009 3
1009 1010 3
1010 1011 3
1011 1012 3
1012 1013 3
1013 1014 3
1014 1015 3
1015 1016 3
1016 1017 1
1017 1018 2
1018 1019 0
991 992 3
998 999 2
1004 1005 3
1001 1002 2
999 1001 3
