0.305617 0.0522267 11.6249
-0.032396 0.0611473 18.3286
-0.0485681 0.0636867 18.3649
-0.0216522 0.0440219 17.0517
0.00104933 -0.00309596 15.872
0.00621381 -0.0251018 16.1509
0.0513751 0.041442 10.7152
0.0526509 -0.0388773 11.1273
0.0775526 -0.0419611 6.81445
-0.0661762 -0.0135802 31.635
-0.0535112 -0.0177538 28.7099
-0.0354871 0.00359529 24.2414
-0.118107 0.000366191 62.5554
0.0671686 -0.0631072 -12.7107
0.0635286 0.0148657 -12.2781
0.11147 0.0424074 -26.8173
0.0857854 0.0405928 -17.1379
0.0627597 -0.0246512 -8.10021
0.0506959 -0.113997 -12.6733
0.0114507 -0.0871764 2.62911
0.00727566 0.0019622 0.485326
0.0103555 -0.0125494 -0.0824635
-0.00285426 -0.0269701 6.23748
-0.0185795 -0.0475152 17.831
0.0110519 -0.0257109 -0.381404
0.0237092 -0.0146185 -7.19109
0.00438477 -0.0199451 4.767
0.00816886 0.00135378 1.6001
0.00120077 -0.0210653 6.42747
0.159293 0.212649 -44.6723
0.00158461 -0.0622582 7.25152
-0.0396568 -0.0460639 35.2694
-0.0653303 -0.0762125 53.799
-0.0287416 -0.00783746 25.1737
-0.0600626 -0.0320901 49.1296
-0.0539823 -0.0114863 44.1434
-0.0126586 -0.00656083 12.2351
-0.00207097 0.0107329 3.17815
0.0083936 0.0117347 -5.51367
0.00169451 0.011759 0.248611
-0.00593174 0.00219563 6.79292
0.295413 -0.155895 -262.717
-0.00575007 -0.0364713 9.11416
0 -0.0831649 7.20601
0 -0.0831649 7.20601
-0.0089915 -0.0839358 16.0078
0.000964092 -0.0842599 6.25305
0 -0.0831649 7.20601
-0.00931745 -0.0663597 16.6989
0.00114609 -0.0865573 6.01058
0 -0.0831649 7.20601
0 -0.0902481 7.26267
0 -0.0742856 7.06453
-0.00507662 -0.000169368 6.33058
0.152253 0.0673431 0.69744
-0.0713667 -0.202958 269.622
-1.9196e-13 -0.0539847 6.80061
-1.9196e-13 -0.0539847 6.80061
0.200309 0.0463931 9.48828
0.437988 -0.492372 13.2462
-0.00574295 0.0458449 16.4487
-0.0363943 0.117514 17.2711
-0.0229398 0.00215819 18.4287
-0.0262868 -0.0138048 18.9466
0.00922405 0.171158 8.13934
0 0.102922 11.8556
0.0159306 0.515785 -5.01092
0.0226902 -0.373865 23.2418
-0.144951 -0.0029099 103.48
-0.0360878 0.00955094 24.3457
-0.117657 5.19872e-05 62.3762
-0.124055 0.0072064 64.1497
-0.0110432 0.132407 34.0526
-0.0110026 0.136682 33.9142
0.0653365 -0.0163009 -8.26115
-0.0413827 -0.072542 32.76
-0.10735 -0.0254412 55.7648
-0.0975936 -0.0380202 52.5469
-0.0549929 0.0100571 28.8965
-0.0138645 0.0188158 10.1853
-0.000778711 0.00168312 4.39807
0.00491398 0.017105 1.32569
-0.293687 -0.0295529 175.044
-0.360251 -0.0597901 212.094
0.0132129 0.0322515 -1.76144
0.000627279 -0.0227714 6.97626
-0.062627 -0.00960695 45.922
-0.0114319 -0.0523684 14.8536
-0.00792095 -0.064109 13.5232
-0.0126203 -0.10328 18.0322
-0.0239168 -0.0590076 24.1664
-0.0324024 -0.0362267 29.4283
-0.030326 -0.034465 27.5904
-0.0263396 -0.00607746 23.4061
-0.0183787 0.00599748 16.5007
-0.0437204 -0.0119864 37.0947
-0.00504378 0.00210826 6.16538
-0.00223141 -0.00187103 3.84963
-0.0182465 -0.00213149 18.2432
0.00298889 -0.0162931 -0.00420785
0.140653 0.0272792 -126.588
-0.00454828 -0.0266061 7.93488
-0.00349566 -0.0436261 7.55437
0.00554899 -0.0144975 -2.15786
0.0195969 -0.0685765 -14.6194
-0.00255197 -0.0214894 6.12533
-0.000888714 -0.01949 4.37835
0 -0.0185158 3.41846
0.00419391 -0.0313273 -0.760395
-0.0054448 0.000490046 6.72308
-0.00532544 0.000208596 6.60292
-0.00688007 -0.00044284 8.41333
0.126494 0.216455 -140.778
0.176808 0.254516 -201.699
-0.378752 0.383615 503.878
-0.286751 0.24691 394.97
0.619237 -0.126998 -4.7425
0.0410292 0.0742788 -3.2237
0.0337189 0.0862998 -4.17787
-0.0859375 -1.82812 103.574
-0.0414283 -0.0146464 20.5273
0.483166 0.0383864 -48.3751
0 -1.1382 67.2311
0 -0.0340807 17.5077
-2.01144 0.000726884 443.144
-0.118761 0.0153713 91.3462
-0.153754 0.00556128 105.16
-0.156128 0.00848818 105.544
-9.05827 0.0533311 2562.19
-0.1073 0.00404097 59.3734
-0.0145515 -0.0728802 21.6014
-0.00772165 -0.0688921 18.6611
0.0109091 -0.088144 13.5062
-0.0408677 -0.0503637 31.6253
-0.0691359 -0.0552376 42.7253
-0.0887153 -0.0436474 49.7019
-0.115084 0.0228001 55.8001
-0.0674329 0.0221845 35.2193
-0.043566 0.0180646 24.9126
0.00201297 0.0170432 2.82
0.102303 -0.0608716 -36.098
-0.100246 0.70079 26.9154
-0.0256755 0.00323437 19.4206
0.0451804 -0.0243678 -19.4166
0.00248018 -0.0306041 6.6812
-0.0948829 0.0785383 68.6649
-0.0300604 -0.0285104 25.0879
-0.0150451 -0.0318478 15.8233
-0.0147869 -0.0600024 17.4549
-0.0285111 -0.0466188 26.2209
-0.0229318 -0.0138992 20.4572
-0.0246913 -0.0264003 23.4905
-0.00847756 0.00648591 8.6747
-0.0225375 0.00438969 19.9579
0.00133343 0.00890502 0.59834
-0.0110088 0.0142848 11.2819
-0.0161196 -0.00410801 16.5052
-0.00735572 0.00146908 8.09965
-0.00460537 0.000834864 5.77948
0 0.190007 -7.97113
-0.0120981 0.189678 3.68249
-0.00445357 -0.0183193 7.00734
-0.00431213 -0.0180794 6.8703
-0.0047916 0.00266539 5.89659
-0.00443869 0.00175025 5.56585
-0.0208344 0.209205 13.0941
-0.00920337 0.211825 1.08534
-0.00541561 0.00170042 6.63033
-0.00274545 -0.010988 4.97468
-0.0023964 -0.00810034 4.4317
0.182926 -0.103204 -194.88
-0.03125 0.285156 44.0508
-0.00759736 -0.00081592 9.26578
-0.00765603 -0.000691394 9.32687
5.07186e-05 0.0845224 -2.66757
0.0410628 0.0844078 -3.68093
-0.683548 -0.0175432 72.5274
0.04649 0.106235 -6.02749
-0.0278195 -0.0170079 19.5382
0.26336 -0.298822 3.1674
-0.00245887 0.0256919 1.95816
-0.00331952 0.0257388 2.08863
-0.0997803 0.00752616 88.1482
-0.093479 0.00272828 87.2035
-0.153821 0.0136951 104.559
-0.0857931 0.0160236 32.0614
-0.0913589 0.0302776 32.4807
-0.0933837 0.00250562 55.5079
-0.0134071 -0.12578 25.4872
-0.0442987 -0.0766201 32.2063
-0.0203938 -0.100029 25.6429
-0.0154508 -0.0997815 24.3062
-0.0686249 -0.0945524 45.3238
-0.0858056 -0.0419601 48.4536
-0.0723858 -0.0117651 39.5432
-0.178629 -0.0928089 98.5547
-0.0198606 0.0121469 13.5573
-0.00431919 -0.016434 8.18008
0.0145865 -0.00173094 -2.48525
0.0185318 -0.0112445 -4.03727
0.0161528 -0.0204544 -2.42326
0.032589 0.00247389 -13.335
0.0195991 -0.020197 -3.86445
-0.0562948 -0.0238883 44.2424
-0.0435297 -0.0177493 33.9802
-0.0342473 -0.0240614 28.4402
-0.0166635 -0.00695567 15.0564
-0.0196255 -0.0102764 17.401
-0.00799982 -0.00255146 8.18779
0.00315498 0.0159388 -1.13318
-0.0176532 0.00577375 17.3115
0.0139701 0.0235856 -9.87361
0.00221628 0.00612611 0.949465
-0.005886 -0.0150189 8.83179
-0.0122778 -0.00397827 13.0785
-0.00175438 -0.00269598 3.24921
-0.00217564 -0.00102957 3.67555
-0.00300887 -0.0104402 4.88566
-0.000919424 -0.00582695 2.95941
-0.00371799 -0.00628289 5.25015
-0.00276059 -0.00823256 4.49637
-0.00218788 -0.0146612 4.44979
0.0157174 -0.189952 0.000849912
-0.00537987 0.00423403 6.4255
-0.00197028 -0.00911269 3.88131
-0.00646008 0.00340657 7.66283
0.0255101 -0.168067 -14.2024
-0.00710056 0.000715755 8.59485
-0.00117658 -0.00437442 2.70457
0.00649631 -0.196948 9.22316
-0.00844573 0.00032829 10.1905
-0.0144746 -0.188612 34.2149
-0.00392363 0.0860166 -2.41098
0.00503989 0.0927465 -3.51455
-0.0034049 0.00174162 27.5359
-0.00951326 0.00792175 27.4104
-0.0593362 0.0347237 8.10495
-0.0319182 0.0188927 7.93595
-0.00331304 0.0258279 2.0936
0.0159822 0.0300111 -1.43832
-0.00328937 0.0258938 2.08289
5.81638 0.00570913 -1206.68
-0.149877 0.0246194 102.75
-0.0138954 -0.0679594 15.9048
0.291935 0.084712 -80.2996
-0.0898579 -0.00588407 55.1934
-0.0474432 -0.0984003 33.6492
-0.0340335 -0.108114 30.4018
0.0348002 -0.505801 42.276
-0.00518966 -0.147672 23.6308
0.0040508 -0.138676 19.1884
-0.036175 -0.0730217 28.4966
-0.0326451 -0.0233724 22.5176
-0.0593859 -0.00323933 33.412
-0.0410489 -0.0134475 26.1626
-0.00535032 -0.0353124 10.4972
0.0119375 -0.0156346 -0.301643
0.0366084 -0.00985655 -14.1626
0.00282899 -0.0242809 5.44245
0.0323709 -0.0262116 -11.1403
-0.000414171 -0.0454642 11.146
-0.0548977 -0.0623985 46.7175
-0.0560733 -0.0348681 44.5222
-0.0467956 -0.0138009 36.2873
-0.0195641 -0.0099709 17.4594
-0.00844578 3.79305e-05 8.78827
0.00107372 0.00707273 0.927265
0.00366671 0.00974938 -1.13408
0.00678982 0.011588 -3.11583
-0.0125876 -0.0222292 15.6639
-0.0149839 -0.0050581 15.2642
-0.010463 -0.0167151 12.616
-0.0132261 -0.0123173 14.4563
-0.00535326 -0.00363389 6.66813
0.000571651 -0.00708 1.56879
0 -0.0817746 9.27203
0 -0.0817746 9.27203
-0.00218238 -0.00140377 3.06837
-0.00158605 -0.0809258 10.7751
-0.00412514 0.00514763 5.07766
-0.0377585 -0.000513448 41.4767
0.0162254 -0.0542086 -10.6852
-5.5849e-05 -0.0810545 9.27103
6.6732e-05 -0.0780526 8.86026
-0.00816045 0.00470296 9.44022
0.299596 -0.0487204 -153.649
-0.103513 -0.0480002 315.525
-0.106415 0.281164 282.752
-0.0155926 -0.0548972 25.7008
-0.0135119 0.00371436 15.9183
0.00255741 0.0861906 -2.61253
0.0221118 0.0863417 -2.87331
0.0638258 0.0674883 -3.17431
0.00271155 0.00961308 26.4232
-0.0327888 0.0170386 7.3749
-0.037982 0.00895654 8.82804
0.00208552 0.0110678 2.61429
0.0297893 0.0406226 -4.84109
0.0272741 0.0431894 -4.43441
-0.0248372 0.0800151 2.21935
0.00146963 0.0401122 0.578323
-0.00339659 0.027167 2.84275
-0.0112227 0.0565874 1.60988
-0.118438 0.00550489 61.7593
-0.0546494 -0.0779364 33.6749
-0.04652 -0.0158935 23.3238
-0.0640209 -0.0231836 30.4448
0.0120468 -0.0241462 2.21861
0.025581 0.00160503 -5.22109
6.72356e-05 -0.0130943 6.83521
-0.0108961 -0.0185397 12.3938
-0.03695 -0.0281788 25.3961
-0.0472025 -0.0701162 35.172
-0.0178358 -0.0450468 17.8219
0.00992498 -0.0454905 4.19595
-0.00574273 -0.0268156 11.1157
0.0110088 -0.0419567 2.33151
0.0438674 -0.0508073 -15.7787
0.00410025 -0.0278658 6.36515
-0.0351642 -0.0353207 30.9841
-0.0302296 -0.00802276 24.2489
-0.0010167 -0.00386607 3.92699
-0.00108646 0.00714232 2.76712
6.92043e-05 0.0154373 1.13946
0.00337305 0.0130541 -1.29054
-0.00543699 0.016798 5.27692
0.000478952 -0.0100089 3.69576
-0.0151274 -0.00844289 15.704
-0.0203135 -0.00726993 19.8516
-0.0109291 -0.0238118 13.9
-0.00493718 -0.00830092 6.72507
-0.00601604 -0.00518237 7.34969
0.00202019 0.00974789 -1.33966
0.00564427 0.0266689 -7.43891
0.00464228 0.0201294 -5.85595
0 0.0396507 -3.71412
-0.0114099 0.0191017 10.1957
0.00837237 0.0392347 -12.2253
-0.00564364 0.00580598 6.57416
-0.00470053 0.00310331 5.81126
-0.00645052 0.00555016 7.46463
-0.00771891 0.00506899 8.90755
0.00511175 0.0352994 -8.96722
0.00161504 0.0638055 -8.45871
-0.148747 0.164337 345.372
-0.109612 0.283769 286.291
0.460347 3.4516e-05 -513.196
-0.0742042 0.00203105 144.332
0.0331667 0.0394905 2.68642
0.0326962 0.0498203 0.782596
0.000728231 0.0101502 26.4105
-0.0195694 0.0329753 4.29515
-0.0180224 0.0133981 6.76727
-0.0216204 0.0338378 3.84735
0.0024361 0.0561532 -2.85761
0.00992225 0.050256 -2.87185
0.0141453 0.0418216 -1.44057
-0.0131001 0.0424728 3.22174
-0.00776512 0.0526806 0.589954
-0.00260266 0.0435086 0.875358
0.00968765 0.0460808 -2.46914
-0.0900184 0.00318406 54.0787
-0.0304776 -0.00592416 16.7762
-0.062497 -0.156908 80.6903
-0.0340733 0.0137517 15.7429
-0.00120854 0.0160765 2.93235
0.0201875 0.00514077 -3.39562
-0.00168007 -0.00121007 6.44819
-0.00726608 -0.00480482 8.99361
-0.0470576 -0.0116821 28.0663
-0.0504293 -0.021891 30.6848
-0.0206232 -0.0278734 16.4296
0.00451289 -0.0472648 6.44441
0.015845 -0.0757121 4.87111
0.00323969 -0.0581692 9.07208
0.0161324 -0.0526287 1.30219
0.0172478 -0.144469 14.5256
-0.00444103 -0.0836391 18.1377
-0.0013326 -0.0158181 5.11249
-0.00999116 -0.0218228 13.7205
0.000844114 -0.0231687 5.59383
0.00757935 -0.0163307 -0.36067
0.00662573 -0.00464595 -1.37176
0.0129945 -0.00573535 -5.96883
-0.0155308 -0.0157179 17.2451
-0.0113386 -0.0167138 13.8089
-0.0134879 -0.00708283 14.2549
-0.0136849 -0.00868724 14.4171
0.00376928 -6.3472e-05 -2.08688
0.0110804 0.00786396 -9.6227
0.227665 -0.184602 -181.43
-0.0124717 0.0509491 3.55886
-0.0034312 0.00233028 4.56509
0.0010158 0.00643795 -0.143849
-0.00432712 0.00359577 5.38474
-0.00357231 0.00773444 4.24189
-0.00612822 0.00822216 6.80332
-0.0077014 0.0103246 8.17116
0.207134 0.0506796 -149.187
-0.008103 0.00823569 8.91649
-0.0104645 0.00602112 11.8897
-0.012055 0.00489741 13.9229
-0.00876563 0.00312475 10.3044
-0.0114436 0.00358507 13.4376
-0.0140754 0.0050141 16.2869
-0.269404 0.140803 367.576
0.00905324 0.0159785 6.15131
0.0165839 0.0220516 5.04422
0.197812 -0.288141 41.2428
-0.0117361 0.0809991 -4.11868
-0.0200176 0.0316194 4.17216
-0.00370306 0.029901 2.40885
-0.00312587 0.0471147 -0.193701
0.0164268 0.0509859 -3.60078
-0.0204355 0.0268897 7.282
-0.0108697 0.0527808 1.41479
-0.00718492 0.0454094 1.612
-0.00347133 0.0315014 2.96344
-0.00412505 0.0296834 3.45709
-0.110491 0.00163472 60.1662
-0.0097807 0.0451909 2.38667
-0.0409666 0.023885 15.5005
-0.0179989 0.0671962 0.645518
-0.00208147 0.000974529 5.97146
-7.64401e-05 -1.7692e-05 5.51571
-0.0340633 -0.0149892 21.6989
-0.00234201 -0.0183612 8.5244
-0.0346516 0.00875573 19.1488
0.00382544 0.0367155 -4.75171
-0.0113052 0.21874 -25.4836
-0.0130527 0.0107174 7.26515
0.00960176 0.0164305 -6.33512
0.0270743 0.122529 -33.1566
0.187908 -0.0164146 -106.737
-0.0945312 -0.200391 90.4527
-0.00106305 -0.0140276 4.91205
0.00623164 0.0407566 -9.26669
-0.000697783 -0.00769905 3.45438
0.0674036 0.00209626 -34.4047
-0.0080281 -0.00337945 8.93966
0.00334764 0.0046245 -0.796201
-0.000640498 -0.00316804 3.86406
-0.0167594 -0.00923737 17.1376
-0.0165981 -0.0104671 17.057
-0.0188838 -0.0119666 19.4169
-0.012902 -0.000625239 12.3713
0.00168561 -0.00101748 -0.228206
0.0112425 0.00402673 -9.38469
0.170461 -0.0866333 -143.574
0.00106315 0.00643527 -0.190592
-0.00352652 0.0225806 1.40368
0.000222264 0.0125378 -0.233074
-0.0124169 0.0125806 12.6343
-0.00430566 0.00954724 4.74878
-0.000307445 -0.0493439 9.20631
-0.00688342 0.0123841 6.9534
0.112507 -0.0203537 -35.3553
0.0125146 0.0141219 67.3215
-4.61187e-07 -0.0295646 88.3124
0.0349635 0.156888 -0.497577
0.0335331 0.160445 0.563178
0 -0.069455 94.7355
-0.00338624 -0.0267631 91.9826
-0.00484846 -0.0276728 93.9947
-0.00537182 0.0329526 -7.14844
0.00718015 0.0831463 12.5779
-0.000579133 0.0622529 16.9091
-0.0245217 0.0400815 22.2706
-0.00351224 0.101139 8.42528
-0.0131014 0.0567745 -0.457141
0.00544474 0.0605738 -3.44571
-0.0556439 0.026294 38.4782
0.0371475 0.0226086 9.97196
0.0845148 -0.0252642 54.4967
0.0983153 -0.0117257 48.7008
-0.0130791 0.148169 -7.88598
-0.0154512 -0.176262 41.9921
-0.00538492 0.102836 -4.52995
-0.0695304 0.275438 -19.0202
-0.0549684 0.171002 -5.13996
-0.0274202 0.214158 -22.37
-0.042618 0.168109 -7.9894
-0.0373123 0.0567635 10.7338
-0.043052 0.0337793 17.1167
-0.00956892 0.0134548 6.3065
-0.0370044 0.0485833 12.6022
-0.00785316 0.0475871 -1.39551
0.0618444 0.182347 -55.9403
0.0233081 0.147089 -27.9985
0.0246283 0.180839 -40.2413
0.0792073 0.0544691 -41.3854
0.0228918 0.0169219 -1.99559
-0.000105601 0.00803214 13.4315
-0.000585244 0.0783384 -11.4648
-0.0313647 0.260143 -25.9378
-0.0124063 0.284746 -43.5155
0.0762913 0.00785651 -41.5365
0.0144567 0.0388654 -15.1636
-0.00871783 0.0821765 -6.21192
-0.00403666 0.0262845 0.957715
-0.0145951 0.0147099 11.2397
-0.0169793 0.0380253 8.63041
-0.0191413 0.00722455 16.0925
-0.00471947 0.012931 3.02005
0.0103814 0.0138566 -10.3935
0.00207713 0.00404683 -0.904681
-0.0186891 0.0207061 16.6926
0.331079 0.178239 -338.518
-0.0126477 0.00908139 13.7318
-0.0189233 0.0187051 17.347
-0.0111328 0.00807774 12.3084
-0.00245256 0.0128786 11.3973
-0.0143598 -0.00230195 26.5347
0.00204905 0.102832 26.9092
0.207903 0.0548502 -150.743
0 0.104991 28.6863
0 0.104991 28.6863
0.101089 0.149764 -76.2071
-0.0019645 0.272949 22.4398
0.00111368 0.10303 27.7159
-0.000565239 -0.0733192 71.0385
-0.0277241 0.0752393 77.1824
-0.00537182 0.0329526 -7.14844
0.00498943 0.0988486 9.40003
-0.00532778 0.0934431 10.645
-0.0150805 0.101119 9.54445
-0.00455076 0.120246 4.58539
0.0391277 0.0807233 8.16906
-0.0698751 0.0457684 37.1132
-0.080311 0.00157866 47.5045
0.0366598 0.0119637 12.0969
0.0317646 0.037586 8.09051
0.109525 -0.0226488 48.4481
0.00700988 0.161717 -16.1259
-0.0526652 0.26077 -20.2293
-0.0674842 0.294829 -23.2624
-0.0919313 0.271468 -10.5011
-0.0898515 0.266511 -10.746
-0.00576558 0.34669 -55.6999
-0.0302065 0.310473 -39.2732
-0.0133381 0.488162 -82.098
-0.0220173 0.549384 -91.5039
0.00348755 0.505298 -93.4236
0.0148226 0.446952 -87.3908
0.0589205 0.220492 -62.4079
-0.0551892 -0.0914793 61.8681
0.0325919 0.142422 -32.8077
-0.0154042 0.202639 -22.7058
0.0329432 0.0299812 -10.3765
0.00800682 0.0283929 4.32829
-0.0149768 0.0380122 16.2615
-0.0220694 0.234585 -25.9523
-0.038043 0.260949 -20.9481
-0.0465129 0.260904 -15.177
0.0446205 0.00780336 -19.5526
-0.0128279 0.175523 -20.9103
-0.0288202 0.17161 -8.57946
-0.0210764 0.134328 -7.04417
-0.034343 0.104156 9.47613
-0.0401642 0.122771 10.5347
-0.0276115 0.0777008 9.52094
0.00889726 0.0508045 -15.9334
0.0152501 0.0168539 -15.2184
0.00811371 0.0673586 -16.3602
0.00236958 -0.0296889 10.8084
-0.00379903 0.209063 -32.7029
-0.0104097 0.173103 -18.6919
0.0173143 0.371565 -87.8942
0.0116812 0.210415 -48.3336
0 0.203133 -35.0879
-0.0877767 0.0529304 132.934
0.535156 -0.00195312 -514.099
-0.00615118 0.00994526 58.1706
0 -0.173689 89.6361
-0.018455 -0.120552 99.7953
-0.06825 -0.0709863 147.211
-0.0137701 -0.144671 99.9439
0.00412665 -0.101917 70.1986
-0.0078125 0.829427 -104.359
0.0558594 0.170703 -44.6324
-0.00537182 0.0329526 -7.14844
0.0135394 0.118533 5.17728
-0.0129577 0.148505 0.0511907
-0.0196313 0.152155 -0.493446
-0.0252122 0.168073 -3.4136
-0.0119497 0.106745 8.6365
-0.0834279 0.0467009 38.7537
-0.150565 -0.0507238 89.8661
-0.155125 -0.0456697 89.4331
-0.147421 -0.056877 90.5426
-0.142002 -0.0650082 91.2762
0.15975 0.118234 -43.5762
-0.0749345 -0.000599167 78.6304
-0.0794156 0.273759 -14.8381
-0.0783919 0.197103 1.91907
-0.0250702 0.00301297 42.8743
-0.00737602 0.416337 -69.0208
0.00982413 0.420206 -75.1982
-0.0144193 0.466866 -76.2548
-0.0694167 0.208583 3.04852
-0.0834344 0.136761 25.7541
-0.0373128 0.199803 -10.603
-0.0120861 0.222057 -27.5565
0.00289377 0.185139 -26.6581
-0.044422 0.178377 -0.729411
-0.0140682 0.143416 -8.60478
0.00807606 0.0878453 -8.92153
-0.00412717 0.0844495 -0.45394
-0.00519544 0.10715 -5.43718
-0.000508688 0.257933 -43.9548
-0.0239941 0.296771 -37.5987
-0.0393016 0.276295 -22.6293
-0.0227608 0.0682939 13.6348
-0.0464728 0.203128 -1.55861
-0.0616789 0.220765 5.26654
-0.0369851 0.191551 -6.68083
-0.0340875 0.173674 -5.08353
-0.0510377 0.1678 9.67757
-0.0490004 0.139096 14.3462
-0.0309398 0.0735027 13.7659
0.017938 0.0522595 -23.8698
0.097964 0.0852293 -101.794
-0.0087837 0.0339262 5.61667
0.164872 -0.0749597 -132.31
-0.0198295 0.0177539 17.8493
-0.0112988 0.0240796 8.95575
-0.0182353 -0.00289098 21.203
-0.0146111 0.00799777 16.1034
0.0465184 -0.0311671 9.1911
0.472097 0.0372042 -455.756
-0.0156289 0.00904522 16.8798
-0.0152683 0.00633892 17.3163
-0.0133598 0.00636333 15.1477
0.10297 0.0200151 -76.2812
0.31076 0.0651024 -329.091
-0.00467705 0.0266671 47.4641
-0.000599651 0.0253419 42.8897
0.0436141 -0.47003 100.877
-0.0453035 -0.502854 187.533
-0.0453035 -0.502854 187.533
0.0112824 0.436714 -52.4305
0.0350917 0.330617 -27.8708
-0.144243 0.0163444 73.233
-0.143413 0.0164444 72.7621
-0.188881 -0.139726 116.995
-0.14959 -0.0498742 89.6018
-0.145248 -0.077547 95.3935
-0.148884 -0.103892 102.509
-0.1291 -0.0667962 88.5847
0.270515 0.0691638 -60.5922
-0.0577354 0.000336896 73.8035
-0.0888996 0.197378 4.84952
-0.0246375 0.199001 -16.4884
-0.0163983 -0.35167 124.254
0.0228112 0.232051 -41.3422
0.000182419 0.199062 -24.6549
-0.0203789 0.198642 -15.9856
-0.0196385 0.206457 -18.6506
-0.0609385 0.220077 -4.58512
-0.0425874 0.247527 -20.4147
-0.00970275 0.213531 -26.8749
-0.0310106 0.186308 -9.69018
-0.0628533 0.157186 14.7095
-0.032168 0.114164 8.13017
-0.0043257 0.0830545 -0.571833
0.0264721 0.0860111 -18.42
0.0365004 0.107404 -30.1427
0.027422 0.189659 -44.8088
0.00956795 0.28782 -56.9776
0.0434306 0.302195 -82.8875
-0.0442301 0.178033 2.76894
-0.0340238 0.203028 -10.497
-0.0519714 0.235917 -5.21731
0.00994982 0.119351 -26.3513
-0.0462458 0.209846 -3.86092
-0.0357686 0.183788 -6.6795
0.577467 -0.0335991 -445.528
0.00452088 0.460097 -105.609
0.00467549 0.45932 -105.547
0.00456357 0.455319 -104.444
0.0032129 0.444266 -100.462
0.00269829 0.423939 -94.8998
-0.00322536 0.381091 -78.5374
-0.0038056 0.337779 -67.141
-0.00537544 0.29935 -55.9659
-0.00441101 0.265993 -48.6043
-0.00254047 0.240474 -44.1559
-0.100612 -0.194566 171.011
0.211549 0.0916414 -234.509
0.00642038 0.243633 -53.5846
-0.252523 0.189776 275.123
-0.00605241 -0.142356 56.0894
-0.00678718 -0.14124 56.6667
-0.00762252 -0.139324 57.1653
-0.00230078 -0.126835 47.5186
0.000321058 -0.131992 45.5897
-0.0155516 0.101284 21.9889
-0.0171525 0.102508 21.7242
-0.0119382 0.0952807 23.589
-0.0285777 0.216688 -34.5713
-0.0133614 0.0341741 56.0483
-0.146235 -0.223437 135.178
-0.331768 -0.202767 153.478
-0.369828 -0.219102 162.989
-0.0609018 -0.344542 148.492
-0.0697241 -0.162182 100.24
-0.101139 -0.110635 93.5577
-0.0947307 0.0207035 56.6421
-0.0896563 0.176827 11.3776
-0.0910136 0.224658 -1.79202
-0.0412751 0.245865 -22.5151
-0.0241198 0.266569 -33.4614
0.0277598 0.225501 -41.3866
-0.0881473 0.202896 8.91153
-0.0201863 0.212602 -20.2452
-0.0327706 0.121804 15.8216
-0.0323556 0.265105 -28.4072
-0.0523871 0.281105 -22.8509
-0.0222484 0.259116 -31.4716
-0.0455781 0.227596 -12.2901
0.0178926 0.216803 -41.7439
0.00939273 -0.0105416 17.2194
-0.00132932 0.0691434 2.01178
-0.00340293 0.0431872 9.71846
0.0517209 0.155448 -51.6588
0.0773321 0.20651 -81.3069
0.0672898 0.22617 -79.6657
0.0808113 0.26188 -97.5131
0.107396 0.235497 -108.96
0.168478 0.228666 -151.453
0.145267 0.500579 -219.568
-0.135525 0.583832 -29.0937
-0.00132477 0.127413 -18.849
-0.028172 0.156169 -5.37205
0.0145739 0.0851594 -20.6424
-0.0250409 0.0838127 4.46988
-0.0534655 0.127777 21.2108
-0.0119949 0.0687635 -0.320798
-0.0335167 0.0157836 32.3431
-0.0656086 0.191999 15.5129
-0.0152972 0.0329314 10.4947
0.0101538 0.030166 -13.1046
0.00474259 0.0300523 -7.71411
0.00152381 0.0297413 -4.38239
0.000710899 0.0294179 -3.46341
0.00118525 0.0291723 -3.9013
0.00174127 0.0290494 -4.46626
0.00174127 0.0290494 -4.46626
-0.0383987 0.32626 -17.4615
-0.162475 -0.466451 343.631
-0.000420403 -0.0687672 23.6871
-0.0004204 -0.0687672 23.6871
-0.0004204 -0.0687672 23.6871
-0.0140949 0.0043613 16.3116
-0.0162705 0.102629 21.6176
-0.0155062 0.0949889 23.8604
-0.0133217 0.0871407 26.294
-0.0852838 0.0136857 53.8957
-0.029626 -0.0338771 63.385
-0.0794717 -0.284844 143.66
-0.035993 0.105778 18.5856
-0.064019 0.114495 20.1501
-0.0245963 0.170761 -4.26108
-0.0164852 0.243673 -27.2372
0.00526897 0.175846 -11.978
-0.0606165 0.154952 9.4706
-0.0305114 0.207911 -13.9832
-0.00242336 0.229924 -28.8576
-0.0161714 0.267433 -35.5352
-0.00339991 0.293406 -48.042
-0.0215346 0.270075 -35.232
0.0298547 0.25166 -50.783
0.0499462 0.208194 -45.2793
-0.00393121 0.0938912 12.0358
-0.0621048 0.121217 28.5798
-0.0542898 0.223656 -5.31575
-0.0591283 0.160816 12.7864
-0.0502771 0.234166 -11.3229
-0.0407473 0.249177 -20.3775
-0.0546452 0.239824 -9.80404
0.249855 -0.225571 -64.0957
0.62328 0.239065 -432.592
0.621702 0.239257 -431.658
0.0948171 0.225729 -97.6724
0.112243 0.226107 -108.571
0.0974468 0.240725 -103.024
0.0889848 0.246785 -98.9669
0.140915 0.222673 -129.758
0.195022 0.205021 -164.608
0 0 -1
0 -0.347567 127.757
-0.0483514 -1.13197 391.033
0.0146963 -0.475292 153.45
0 1.22288 -321.795
5.23648e-13 -0.481449 167.385
5.23648e-13 -0.481449 167.385
-0.0240506 0.553166 -104.255
0.0229803 -0.159887 37.3074
0.0266927 -0.00195312 -13.779
4.87261e-13 -0.347567 127.757
4.4012e-13 -0.347567 127.757
0 -1.12147 349.224
0.0856612 -0.039279 12.9975
0 -0.581775 195.564
0.187398 -0.0876054 -103.098
-0.0335989 -0.294287 151.209
-0.217351 -0.167433 324.247
-0.142068 -0.1982 247.064
0.00225791 -0.286219 107.204
0.00225791 -0.286219 107.204
0.00225791 -0.286219 107.204
0.00225791 -0.286219 107.204
-0.0418896 0.124314 15.6998
-0.0405587 0.110923 19.8914
-0.0253456 0.0807111 28.7358
-0.0496834 0.0563527 37.7087
-0.0632989 0.0880393 27.9965
-0.0507422 0.13103 13.0589
-0.0296277 0.115447 14.9813
-0.0282159 0.161171 0.658703
-0.0262169 0.221112 -18.5637
-0.00796487 0.203445 -16.5489
-0.0180836 0.236673 -24.2881
-0.0643971 0.265997 -22.6708
-0.0290051 0.170011 -2.62936
-0.000612771 0.225915 -27.5999
0.0073773 0.278648 -46.5417
0.0447262 0.311522 -69.7649
-0.00483305 0.287215 -44.4693
0.0768099 0.292754 -80.7368
0.0159834 0.375324 -82.0597
-0.0827857 0.109517 40.6539
-0.101877 0.110471 48.6677
-0.0476629 0.0988431 28.3608
-0.0283321 0.200005 -11.3233
-0.0606705 0.245345 -8.27502
-0.0747555 0.214199 8.63102
-0.0732346 0.231959 2.42213
-0.0775825 0.218185 8.94459
0.00575495 0.0661618 -9.60431
0.061317 0.204842 -69.1955
0.0905619 0.225858 -94.6046
0.104843 0.214868 -100.27
0.0924431 0.221785 -93.886
0.112516 0.232447 -111.426
0.0974421 0.235641 -101.407
0.154852 0.20371 -133.855
0.204858 0.205311 -171.554
0.00645167 0.010466 43.3969
-0.0216469 -0.0325815 79.3244
-0.00859403 -0.0747127 81.8861
-0.00474393 -0.0898006 83.4258
-0.00655763 -0.0913332 85.4701
0.000540745 -0.218017 122.354
-0.000889232 -0.217794 123.557
0.0228678 -0.159816 37.385
0.0336017 -0.103916 10.2836
-0.00257178 -0.155363 104.819
-0.00173361 -0.144075 100.422
0.513475 -0.115841 -431.093
-0.0772405 -0.0359732 157.376
0.179864 -0.0919891 -93.523
-0.114066 -0.152982 244.206
0.00138359 -0.0256018 71.9372
0.000899396 -0.0243442 72.0958
-0.00112828 -0.0224571 73.8313
0.0067772 -0.0298091 66.1601
0.00776297 -0.0293582 64.8562
0.00802108 -0.0293485 64.5439
0.00802108 -0.0293485 64.5439
-0.0442837 0.12755 14.6705
-0.0448171 0.131506 13.3494
-0.0541403 0.106397 21.9048
-0.062378 0.138449 12.7872
-0.0791452 0.153653 8.60856
-0.0556207 0.143988 8.97674
-0.0119255 0.0962927 18.8815
0.0151788 0.119614 7.10033
-0.0251059 0.158215 2.20336
0.00603458 0.177197 -10.3807
0.0364773 0.159819 -10.9958
0.0709804 0.170033 -22.6237
-0.226483 -0.0309551 108.669
0.00938621 0.212198 -26.2315
0.0406494 0.267572 -53.6853
0.00100438 0.313999 -55.1815
-0.0401133 0.224163 -10.8831
-0.0585855 0.177997 10.9179
-0.129591 0.0506658 78.3501
0.30613 -0.0550119 -64.8325
-0.508149 0.0334091 257.005
0.00840023 0.0666463 11.9866
0.0160973 -0.0482487 55.6733
-0.084774 0.174552 27.5559
-0.100168 0.167594 37.1507
-0.0801084 0.201086 15.9049
-0.0567415 0.211597 -0.754424
-0.0200803 0.0982129 15.5196
0.042497 0.216064 -61.2265
0.073235 0.21505 -80.0673
0.0979377 0.204051 -92.2808
0.109012 0.218996 -104.526
0.127805 0.231779 -121.763
0.132488 0.199872 -114.245
0.0898566 0.211374 -87.4303
0.125987 0.153557 -96.1695
0.0153095 0.0211202 32.7323
-0.0445586 -0.028688 96.6044
0.0452311 -0.0163841 16.4911
-0.0104776 -0.0924771 89.1897
0.00484286 -0.218216 118.611
0.000994119 -0.218178 121.99
0.000785511 -0.215345 121.215
0.00438418 -0.198211 112.142
0.00757056 -0.179244 102.797
0.00707385 -0.158578 96.3995
0.00398721 -0.145277 95.0384
0.000668099 -0.13217 94.0154
-0.00219268 -0.123134 93.9534
-0.0457274 -0.120563 139.711
-0.0762501 -0.160458 185.806
-0.00788152 -0.126505 101.169
-0.00579032 -0.134058 101.337
0.0052412 -0.144866 92.163
0.00531852 -0.144105 91.8213
0.00530128 -0.144085 91.8354
-0.011449 -0.128386 107.141
-0.0134451 -0.130666 110.34
-0.0415592 0.129978 13.8136
-0.0399701 0.131565 13.215
-0.0400697 0.13109 13.4639
-0.0561278 0.139106 12.5657
-0.0804151 0.129185 17.7929
-0.290616 -0.191602 159.861
0.0428313 0.0835743 15.1968
0.0023529 -0.0199252 59.5985
0.0270345 0.0906055 15.5162
0.0160127 0.0982758 13.8041
0.0716006 0.115256 -4.23798
0.108111 0.154261 -25.9171
-0.0797773 -0.599153 309.265
-0.347953 0.192588 103.854
-0.124735 0.305391 -10.3119
-0.112089 0.283637 -6.89338
-0.101569 0.212647 14.8042
0.0684816 0.0434093 8.32419
0.00118222 -0.0737775 75.6108
0.0714383 -0.132391 66.5582
0.109096 0.0555046 -35.84
0.12927 0.101245 -56.0114
0.114448 0.13961 -62.0785
0.0208854 0.161777 -22.892
-0.0615108 0.182095 12.5609
-0.066654 0.198512 9.3741
-0.0484413 0.202582 -2.38872
-0.00621958 0.199947 -26.2605
0.0376058 0.209305 -55.8766
0.0664996 0.209439 -73.8875
0.0783933 0.199154 -77.8243
-0.352361 0.217807 221.947
0.243988 0.21834 -190.025
-2.89453 -0.246094 2247.89
0.118967 0.176521 -97.422
0.115062 0.213611 -107.775
0.20684 0.205443 -177.939
0.15335 -0.0348381 -45.1366
0.126185 0.0347534 -48.8046
-0.184067 0.10117 186.815
-0.216738 0.0159235 246.181
0 0 -1
0.0276544 -0.032692 48.4882
0.0269548 -0.0341283 49.6585
0.0253321 -0.0369834 52.2137
0.00817237 0.699323 -201.06
0.00617108 0.691272 -196.189
0.00391628 0.683202 -191.036
-0.00287952 -0.00677838 68.7701
-0.00388206 0.665791 -176.671
0.00593068 0.660485 -185.368
-0.00173185 -0.0182409 71.8125
-0.00197676 -0.0176917 71.8927
-0.000760512 -0.0324184 75.8167
-0.00251453 -0.0272524 76.0114
-0.00268807 -0.0229792 74.6871
-0.00363996 0.00277492 66.3863
-0.0151513 0.00547576 17.4555
-0.0447229 0.132368 13.0047
-0.0468727 0.127393 14.9177
-0.0526567 0.114006 20.128
-0.0523133 0.0813127 32.0631
-0.0765508 0.101091 27.3279
-0.091787 0.0930955 31.6812
-0.0265761 0.125156 10.5895
0.0187988 0.0934791 15.5662
-0.00778354 0.055453 33.2544
0.0425351 0.0504049 24.9971
0.111718 0.100177 -7.86154
0.139003 0.122584 -21.9366
-0.0212541 0.0540238 55.2692
-0.176044 0.272748 17.9008
-0.170196 0.270275 16.6029
-0.146572 0.205901 32.5422
0.61092 0.183224 -220.713
-8.22903e-14 0.0928309 22.4392
-9.95636e-14 0.0928309 22.4392
-1.38095e-13 0.0928309 22.4392
-1.48281e-13 0.0928309 22.4392
-1.35556e-13 0.0928309 22.4392
-1.16762e-13 0.0928309 22.4392
-9.78415e-14 0.0928309 22.4392
-7.6773e-14 0.0928309 22.4392
-1.46705e-14 0.0928309 22.4392
1.44294e-15 0.0928309 22.4392
-2.8591e-14 0.0928309 22.4392
-4.87013e-14 0.0928309 22.4392
-2.08862e-14 0.0928309 22.4392
-5.42051e-14 0.0928309 22.4392
-0.350496 0.219703 220.015
0.242611 0.22016 -189.706
0.059856 0.17475 -53.3502
0.123591 0.161694 -96.1587
0.154022 0.206072 -134.782
0.163424 0.222197 -148.567
0.205244 0.225304 -182.865
0.168971 0.130394 -119.497
-0.184067 0.10117 186.815
-0.184067 0.10117 186.815
-0.0169773 8.07126 -2922.8
0.0261565 -0.0313081 49.3741
0.0244073 -0.033569 51.8529
0.0190951 -0.0382156 58.635
0.0105657 -0.0332011 65.0529
0.00424565 -0.0224149 67.3138
-0.00284854 -0.00681675 68.7512
-0.0028236 -0.00692431 68.7624
-0.00235913 -0.00544901 67.7173
-0.000846251 -0.00840673 67.1773
-0.00106812 -0.0182285 71.0653
-0.0013795 -0.0176913 71.2154
0.000502053 -0.0309595 73.837
5.74808e-05 -0.0271839 72.962
-0.000408002 -0.0228931 71.9266
0.00137338 -0.0207328 69.0158
-3.83645 1.92434 4055.03
