0 59 2
2 59 1
2 3 3
3 4 3
4 5 3
5 6 3
6 7 1
7 9 1
9 10 0
10 11 3
11 12 1
12 13 0
13 14 3
14 15 3
15 16 3
16 17 0
17 18 3
18 19 3
19 20 3
20 21 3
21 22 3
22 23 3
23 25 3
25 26 3
26 29 3
29 88 3
30 88 0
30 31 3
31 89 3
34 89 3
34 37 3
37 38 3
38 39 3
39 99 3
99 102 3
102 282 3
46 282 0
167 282 3
53 167 0
53 54 3
54 55 3
55 115 0
57 115 0
9 295 0
7 295 0
89 93 3
34 93 3
104 282 3
55 114 0
54 114 0
114 115 3
102 104 3
39 97 3
99 101 3
101 102 3
26 144 3
29 144 3
97 99 3
23 83 3
29 86 1
25 83 3
29 87 3
34 149 3
7 64 2
64 295 0
86 144 0
87 88 3
93 149 3
41 97 3
41 99 3
22 81 3
23 81 3
86 87 0
102 161 3
6 64 3
14 72 1
15 72 1
21 78 1
21 137 1
25 84 3
26 84 3
89 148 3
104 161 3
3 61 3
9 67 3
72 73 0
15 73 3
16 74 3
17 74 1
17 133 3
18 77 3
19 77 3
20 78 1
22 137 1
31 147 3
93 148 3
37 149 3
0 58 1
2 61 3
4 62 3
5 63 3
6 63 3
67 295 0
10 68 3
11 68 3
11 70 1
12 70 3
12 71 3
13 71 1
15 74 3
18 76 3
22 80 3
89 147 3
61 62 3
62 63 3
10 67 1
71 72 1
73 74 3
74 133 3
17 76 3
19 78 1
80 81 3
81 83 3
38 97 3
53 114 0
58 59 0
84 144 3
114 167 3
77 78 1
41 101 3
59 61 0
67 68 0
76 133 3
80 137 1
83 84 3
37 152 3
37 153 3
68 70 1
152 153 3
70 71 3
76 77 3
147 148 3
166 282 3
59 118 1
61 118 1
63 64 3
78 137 3
149 152 3
166 167 3
114 289 3
31 88 3
167 289 3
93 150 3
149 150 3
102 160 3
80 138 3
101 160 3
115 289 3
58 117 1
59 117 1
88 147 3
38 154 3
160 161 3
161 282 3
148 150 3
38 153 3
38 155 3
125 295 0
74 132 3
149 207 3
153 154 3
97 155 3
163 282 3
70 127 2
73 132 3
84 141 3
150 207 3
41 155 3
161 163 3
168 289 0
83 141 3
167 168 1
63 121 1
81 140 3
83 140 3
152 207 3
64 121 1
67 126 0
68 126 0
68 127 1
70 128 3
71 128 3
73 131 3
81 139 3
87 202 3
87 145 3
87 146 3
88 146 3
154 155 3
58 116 1
117 118 3
61 120 1
62 120 1
63 120 1
64 122 1
125 182 0
67 125 3
71 129 1
72 130 0
76 135 3
77 135 3
78 136 3
80 139 3
146 147 3
116 117 3
61 119 1
122 295 0
182 295 0
128 129 1
129 130 0
130 131 3
135 136 3
145 146 3
101 394 3
119 120 3
127 128 1
131 132 3
133 135 3
136 137 3
137 138 0
139 140 3
144 202 3
145 202 3
41 394 3
160 394 3
120 121 3
121 122 3
122 296 0
126 127 1
118 119 3
140 141 3
41 158 3
41 272 3
158 394 3
132 133 3
138 139 3
84 201 3
155 272 3
141 201 3
144 201 3
125 126 0
160 219 3
161 219 3
135 192 3
133 192 3
153 207 3
289 401 3
141 200 3
168 401 0
200 201 3
201 202 3
147 205 3
148 206 3
146 205 3
148 205 3
153 211 3
150 206 3
154 211 3
161 281 3
126 184 3
132 190 3
133 191 3
139 198 3
140 198 3
163 281 3
163 222 3
223 282 0
118 176 0
121 296 0
133 190 3
191 192 3
138 196 3
154 212 3
155 212 3
158 272 3
158 215 3
219 281 3
222 282 3
119 176 0
127 185 2
135 193 3
136 193 3
139 196 3
282 401 3
168 282 0
116 175 0
117 175 0
120 178 0
121 178 0
126 185 3
190 191 3
192 193 3
146 204 3
207 211 3
215 272 3
116 174 0
118 175 0
128 186 3
128 187 0
129 187 0
130 188 3
131 188 3
131 189 3
145 204 3
174 175 3
127 186 1
186 187 0
187 188 3
188 189 3
132 189 3
141 199 3
175 176 3
136 194 3
137 194 3
139 197 3
197 198 3
140 199 3
199 200 3
205 206 3
184 185 3
206 207 3
211 212 3
155 213 3
213 272 3
219 394 3
119 178 0
125 184 0
189 190 3
198 199 3
204 205 3
185 186 1
193 194 3
196 197 3
212 213 3
202 204 3
178 296 0
207 268 3
222 281 3
295 296 3
137 196 3
215 394 3
182 241 1
125 241 3
119 177 0
184 241 1
211 268 3
176 177 3
177 178 0
137 253 3
194 253 3
196 253 3
272 394 3
273 394 3
282 397 3
397 401 3
296 354 3
193 251 3
207 265 3
394 449 3
201 260 1
202 260 1
212 271 3
272 273 3
222 397 3
190 248 3
289 341 3
189 248 3
192 250 3
200 258 3
201 259 3
213 271 3
219 509 3
281 509 3
341 401 3
175 234 3
176 234 3
191 248 3
193 250 3
194 251 3
199 258 3
200 259 3
204 263 3
205 263 3
187 245 2
204 261 1
206 322 3
206 265 3
212 270 3
281 397 3
174 232 3
175 233 3
185 244 1
186 244 1
188 246 3
189 247 3
250 251 3
259 260 1
202 261 3
211 270 3
270 271 3
271 272 3
394 512 3
394 509 3
232 233 3
182 296 0
184 299 3
185 358 0
244 302 0
186 245 0
245 246 1
246 247 3
247 248 3
191 249 3
272 389 3
449 512 3
509 512 3
233 234 3
184 358 0
248 249 3
196 313 3
197 256 3
198 256 3
199 256 3
258 259 3
260 261 0
265 322 3
273 449 3
177 234 3
197 313 3
261 263 0
271 328 3
389 446 3
273 389 3
192 249 3
206 263 3
268 270 3
241 299 0
184 300 0
244 245 0
194 311 3
270 328 3
397 509 3
286 289 3
194 310 3
253 311 3
177 296 0
310 311 3
199 315 3
299 300 3
244 358 0
251 310 3
256 315 3
401 513 3
286 341 3
300 358 0
253 313 3
258 315 3
322 323 3
265 323 3
397 513 3
249 250 3
271 389 3
248 306 3
256 314 3
261 320 0
256 313 3
314 315 3
268 326 3
244 360 0
207 323 3
245 303 1
312 313 3
207 326 3
341 513 3
234 293 0
177 293 0
247 306 3
328 329 3
251 308 3
251 309 3
309 310 3
271 329 3
248 307 3
250 308 3
308 309 3
234 292 3
247 305 3
306 307 3
249 307 3
320 321 3
263 321 3
207 324 3
270 327 3
233 292 3
292 293 0
293 296 0
244 303 3
305 306 3
261 321 0
323 324 3
268 327 3
233 291 0
246 303 1
258 316 3
259 316 3
324 326 3
232 290 0
291 292 1
290 291 3
182 298 0
241 298 0
302 360 3
249 308 3
293 353 0
246 305 3
327 328 3
329 389 3
358 360 1
307 308 3
311 313 3
260 318 0
206 321 3
326 327 3
261 318 3
326 383 3
296 353 3
302 303 1
313 314 3
315 316 3
259 317 3
260 317 0
323 381 3
324 381 3
324 383 3
293 352 2
352 353 0
298 299 3
303 305 0
321 322 3
329 446 3
275 449 3
353 354 3
316 317 3
389 449 3
317 318 3
321 437 3
322 437 3
296 298 3
292 350 3
311 312 3
318 320 3
323 437 3
399 513 0
446 449 3
292 353 0
291 350 1
298 354 3
323 439 3
302 361 3
318 494 3
437 439 3
439 497 3
341 399 1
286 405 3
291 349 1
303 361 0
305 364 3
306 364 3
313 372 3
349 350 3
305 363 1
308 366 3
314 372 3
381 439 3
305 361 1
307 366 3
309 366 3
310 368 3
311 368 3
327 385 3
290 348 1
309 368 3
326 384 3
326 385 3
291 348 1
311 369 3
312 370 3
383 384 3
327 386 3
328 386 3
313 370 3
324 382 3
350 353 0
299 358 2
307 364 3
309 367 3
368 369 3
370 372 3
384 385 3
385 386 3
446 505 3
363 364 0
312 369 3
315 372 3
382 383 3
328 387 3
329 387 3
449 505 3
305 362 1
364 365 3
315 373 3
386 387 3
348 349 3
307 365 3
365 366 3
316 373 3
316 431 3
320 494 3
381 382 3
387 446 3
366 367 3
367 368 3
372 373 3
317 431 3
369 370 3
373 431 3
397 399 1
341 400 1
299 415 3
360 361 3
317 374 3
318 436 3
400 626 0
341 626 3
298 415 3
374 431 3
436 494 3
362 363 3
361 362 1
378 437 3
445 446 3
397 457 1
399 457 1
321 378 3
387 445 3
298 413 3
366 424 3
370 428 3
372 428 3
317 436 3
320 378 3
453 509 3
354 413 3
453 512 3
454 509 3
399 400 1
286 579 3
405 579 3
298 414 1
360 418 3
369 427 3
413 414 1
361 418 3
397 455 3
341 579 3
354 412 3
455 509 3
354 411 3
370 427 3
428 429 1
382 441 3
383 441 3
411 412 3
361 419 3
367 424 3
427 428 3
372 429 2
378 494 3
437 497 3
384 442 3
385 442 3
455 457 1
358 416 1
358 418 1
362 419 0
364 422 3
365 423 3
368 426 3
384 441 3
385 443 3
386 443 3
453 454 3
353 411 3
299 416 3
366 423 3
367 425 3
368 425 3
382 440 3
386 445 3
348 406 3
349 407 3
350 407 3
415 416 3
418 419 3
362 420 0
363 420 0
363 421 0
363 422 0
369 426 3
381 440 3
441 442 3
386 444 3
400 457 1
406 407 3
412 413 3
419 420 0
421 422 3
364 423 3
426 427 3
317 434 3
434 436 3
440 441 3
442 443 3
443 444 3
444 445 3
420 421 3
423 424 3
439 440 3
414 415 0
422 423 3
424 425 3
372 431 3
454 455 3
374 434 3
413 472 1
457 514 3
458 626 0
414 472 3
455 514 1
429 431 2
400 458 0
425 484 3
368 484 3
445 505 3
457 458 0
407 466 3
350 466 3
353 466 1
391 505 3
391 449 3
431 489 2
439 498 3
418 534 2
429 489 0
440 498 3
445 504 3
579 626 3
353 468 1
426 484 3
494 495 2
504 505 3
411 468 1
414 473 0
415 473 1
418 477 0
353 467 1
419 477 3
378 495 2
454 512 3
421 479 2
467 468 3
416 474 1
420 479 2
428 486 3
455 512 3
358 474 1
486 489 3
442 500 3
406 464 3
411 469 1
412 469 1
415 474 1
358 534 1
441 498 3
441 557 2
441 500 3
443 501 3
443 502 3
444 502 3
445 503 3
448 449 3
457 626 0
407 464 3
420 477 1
420 478 2
422 480 2
423 481 3
425 483 3
483 484 3
437 495 2
443 500 3
502 503 3
407 465 3
472 473 0
473 474 3
477 534 1
422 479 2
422 481 3
424 481 3
424 483 3
429 486 0
431 434 3
497 498 3
501 502 3
465 466 3
477 478 0
434 489 1
500 557 3
464 465 3
468 469 3
478 479 3
498 557 3
469 470 0
413 469 1
479 480 3
480 481 3
427 486 3
503 504 3
413 470 3
500 501 3
514 626 0
413 528 1
470 528 1
434 491 1
434 494 3
481 482 3
424 482 3
466 467 3
426 486 3
486 545 1
486 546 1
472 528 0
479 538 3
482 483 3
489 546 1
474 533 2
358 533 1
477 535 2
545 546 3
472 530 3
473 530 1
533 534 1
486 544 1
434 550 1
505 562 3
491 550 3
504 562 3
472 529 0
494 550 1
494 551 2
469 526 2
469 527 2
528 529 3
480 538 3
484 543 1
426 544 1
468 526 3
534 535 0
483 541 1
484 541 1
426 543 1
544 545 3
470 527 1
474 532 3
543 544 3
489 547 3
466 524 3
526 527 2
532 533 2
477 536 2
478 536 3
480 539 2
481 539 2
484 542 1
491 549 3
550 551 0
495 551 3
505 563 3
449 621 2
482 539 2
542 543 3
500 558 3
501 558 3
512 627 3
455 627 3
465 524 3
467 525 3
479 595 1
482 540 1
483 540 1
541 542 3
434 547 1
495 552 3
437 553 2
448 621 3
464 522 3
465 523 3
468 525 3
473 531 3
551 552 3
495 553 3
437 554 2
497 554 2
498 556 3
502 560 3
503 561 3
504 561 3
563 620 3
522 523 3
527 528 3
529 530 1
530 531 0
538 539 3
539 540 1
546 547 0
501 560 3
560 561 3
467 524 3
540 541 3
561 562 3
448 627 3
455 628 3
507 579 3
523 524 3
524 525 3
531 532 3
479 536 3
552 553 3
497 556 2
627 628 3
514 628 0
507 626 3
535 536 3
536 595 1
553 554 3
556 557 3
563 564 1
626 628 3
579 637 1
538 595 1
557 558 3
501 559 3
449 627 3
626 634 1
559 560 3
562 563 3
391 563 3
507 634 1
525 526 2
549 550 3
558 559 3
562 620 3
434 549 1
547 549 3
554 556 3
628 920 3
626 920 3
554 614 3
556 614 3
507 637 1
449 563 3
574 626 0
533 592 2
534 592 3
547 605 3
551 609 3
554 612 3
558 616 3
531 590 3
549 605 3
550 609 0
612 614 3
557 616 3
530 588 0
538 596 3
448 628 3
531 588 1
532 590 3
533 590 2
595 596 0
539 596 0
544 602 2
556 615 3
557 615 3
534 593 0
535 594 2
536 594 3
545 602 2
523 581 3
524 581 3
525 582 3
535 593 3
539 597 2
545 603 2
546 604 2
550 608 3
563 622 1
564 622 3
531 589 3
540 597 3
541 599 3
543 601 3
602 603 3
603 604 3
608 609 3
552 610 3
615 616 3
559 616 3
560 619 3
561 619 3
620 622 1
507 635 1
522 580 3
524 582 3
526 582 2
528 586 3
588 589 0
589 590 3
592 593 3
540 599 3
542 599 3
542 601 3
544 601 2
546 605 2
553 610 3
559 617 3
562 619 3
580 581 3
581 582 3
526 585 1
527 585 1
527 586 3
529 586 3
596 597 1
549 607 3
609 610 3
553 612 3
560 617 3
560 618 3
529 588 1
542 600 3
550 607 3
526 584 1
593 594 3
600 601 3
601 602 3
604 605 3
614 615 3
619 620 3
582 584 1
594 595 1
607 608 3
616 617 3
618 619 3
529 587 1
585 586 0
586 587 1
587 588 3
597 599 3
599 600 3
617 618 3
533 591 1
586 644 1
590 591 1
610 612 3
584 585 0
587 644 3
507 752 1
637 752 0
582 641 1
591 592 0
605 607 3
584 641 1
620 621 3
448 920 3
581 640 1
582 640 1
596 653 1
449 622 1
601 660 3
602 660 3
605 664 3
607 665 3
507 920 3
590 648 1
593 652 2
607 664 3
609 668 3
610 668 3
591 648 3
595 653 3
607 666 3
608 666 3
609 667 3
614 672 3
615 672 3
507 691 2
594 652 2
597 653 2
604 662 3
605 662 3
605 663 3
665 666 3
608 667 3
621 622 2
612 671 3
585 644 3
601 659 3
662 663 3
663 664 3
614 671 3
637 695 0
584 643 2
585 643 3
589 648 1
591 649 3
597 656 0
599 656 3
659 660 3
603 661 3
667 668 3
615 673 3
616 673 3
619 677 3
620 677 3
695 752 0
580 638 1
581 639 1
640 641 3
587 645 3
588 645 3
588 646 3
589 647 0
592 649 1
592 650 3
593 650 2
602 661 3
604 661 3
666 667 3
612 668 3
612 669 3
507 694 1
694 752 0
638 639 3
639 640 3
643 644 3
646 647 0
647 648 1
595 652 2
600 659 3
668 669 3
672 673 3
617 676 3
618 676 3
618 677 3
621 677 3
584 642 0
648 649 3
661 662 3
669 671 0
645 646 3
653 655 0
597 655 0
599 658 3
600 658 3
660 661 3
664 665 3
676 677 3
642 643 1
644 645 3
653 654 0
655 656 3
658 715 3
658 659 3
671 672 3
641 642 0
649 650 0
654 655 3
650 652 2
652 709 0
599 715 3
644 702 3
645 702 3
650 709 0
652 653 2
616 676 3
656 715 3
663 721 3
664 722 3
673 731 1
616 731 1
448 860 1
676 731 1
650 708 0
653 712 2
643 701 3
708 709 3
654 712 3
668 727 3
669 727 3
642 701 2
648 706 3
659 717 3
662 720 3
664 721 3
667 725 3
669 728 3
671 728 1
624 676 3
642 700 1
649 706 3
663 720 3
665 722 3
671 729 1
672 729 1
672 730 1
673 730 1
624 731 1
624 733 1
640 698 0
641 698 0
641 700 0
700 701 3
644 701 1
652 710 2
653 711 3
711 712 3
658 716 3
659 716 3
660 717 3
666 724 3
666 725 3
638 696 0
639 697 0
641 699 0
646 705 0
647 705 1
648 705 0
710 711 0
654 713 3
655 713 3
716 717 3
660 719 3
661 720 3
721 722 3
696 697 3
697 698 2
699 757 1
650 706 1
661 719 3
668 725 3
729 730 3
730 731 3
701 702 0
656 713 3
665 724 3
646 704 3
712 713 3
719 720 3
724 725 3
698 699 2
699 700 1
705 706 1
715 716 3
665 781 3
728 729 3
624 847 0
624 677 3
704 705 0
727 728 3
645 704 3
706 708 0
709 710 3
720 721 3
621 624 3
722 781 3
724 781 3
712 771 3
656 773 3
715 773 3
717 719 3
725 727 3
702 704 3
713 771 3
731 847 0
702 761 3
706 764 0
920 922 1
507 810 1
752 810 1
704 761 3
507 922 1
708 764 1
728 786 3
698 757 1
719 776 3
727 786 3
709 767 3
656 771 3
717 776 3
731 789 3
448 922 1
710 767 3
771 773 3
789 847 0
705 763 0
706 763 0
721 779 3
725 784 3
727 784 3
730 787 1
716 773 3
720 779 3
722 779 3
724 782 3
727 785 3
729 787 1
730 789 3
701 759 0
701 760 0
702 760 2
716 775 2
719 777 3
720 777 3
781 782 3
725 782 3
729 786 3
712 770 3
717 775 3
784 785 3
730 788 1
507 924 1
752 811 1
700 757 1
764 765 3
708 765 3
708 766 3
708 767 3
770 771 3
771 772 3
772 773 3
922 924 3
810 811 3
696 754 3
697 755 3
698 756 3
700 758 2
701 758 2
760 761 2
704 763 3
710 768 3
716 774 3
720 778 3
722 780 3
725 783 3
787 788 3
624 1032 1
754 755 3
755 756 2
756 757 1
758 759 0
763 764 3
767 768 3
711 768 1
711 770 1
774 775 3
777 778 3
778 779 3
779 780 3
780 781 3
786 787 3
757 758 0
759 760 3
765 766 3
785 786 3
704 762 3
775 776 3
507 867 1
762 763 3
766 767 3
776 777 3
782 783 3
783 784 3
788 789 0
867 924 0
810 867 1
773 774 3
448 919 1
761 762 3
860 919 0
448 624 3
768 769 3
711 769 1
624 860 1
769 770 3
764 823 3
765 823 3
781 839 1
787 846 2
788 846 2
860 918 0
757 814 0
762 819 3
767 825 3
772 829 3
918 919 3
757 815 0
758 815 2
766 825 3
771 829 3
772 831 2
773 831 3
780 839 1
782 839 1
786 845 3
787 845 2
624 858 1
774 831 3
776 834 3
768 826 3
775 833 1
776 833 1
777 834 3
777 835 3
785 844 3
786 844 3
860 917 0
769 826 3
778 835 3
782 840 3
624 917 1
761 819 2
769 827 3
770 829 3
783 840 3
845 846 3
917 918 3
754 812 1
755 813 1
756 814 1
758 817 2
759 817 2
760 818 1
760 819 2
770 827 2
770 828 3
833 834 0
778 836 3
779 837 3
780 838 3
839 840 0
783 841 3
784 841 3
784 842 3
785 843 3
810 868 1
811 869 1
812 813 3
813 814 3
814 815 0
819 821 3
762 821 2
763 821 3
828 829 3
835 836 3
836 837 3
837 838 3
838 839 1
840 841 3
842 843 3
843 844 3
789 846 1
867 868 3
868 869 3
818 819 3
764 821 3
826 827 2
772 830 3
834 835 3
841 842 3
844 845 3
815 817 3
760 817 1
830 831 3
448 978 1
766 823 3
846 847 0
919 978 1
768 825 3
827 828 2
847 905 1
814 873 2
817 818 3
766 882 3
815 873 3
823 882 3
825 882 3
825 826 3
847 1023 1
922 978 1
819 878 3
821 878 3
829 830 3
905 1023 1
624 1023 1
624 1029 1
821 823 3
1029 1032 3
775 831 3
831 833 2
817 874 3
823 881 3
821 879 3
825 884 3
826 884 3
831 891 3
833 891 3
815 874 3
823 879 3
829 887 3
846 905 3
923 924 3
825 883 3
830 887 3
922 923 3
881 882 3
882 883 3
831 890 3
834 892 1
835 893 1
873 874 3
819 876 3
819 877 3
878 879 3
827 829 2
830 890 3
890 891 3
833 892 3
836 893 1
812 870 2
813 870 2
813 871 2
814 872 2
817 875 3
818 875 3
818 876 3
876 877 3
834 893 1
837 895 0
838 896 0
839 897 0
840 898 1
842 900 3
843 901 3
844 902 3
845 903 3
867 926 0
868 926 0
869 927 0
871 872 3
872 873 3
874 875 3
827 884 2
827 886 2
829 886 2
891 892 3
892 893 3
836 894 0
836 895 0
895 896 3
896 897 1
897 898 1
840 899 0
841 899 0
841 900 3
842 901 3
901 902 3
844 903 3
846 903 3
867 925 0
926 927 3
875 876 3
823 880 3
880 881 3
883 884 3
893 894 0
894 895 0
898 899 0
924 925 3
925 926 3
870 871 3
899 900 1
900 901 3
917 1032 1
919 977 3
879 880 3
846 963 3
918 977 3
977 978 1
827 885 1
902 903 3
903 963 3
905 963 3
884 885 3
885 886 0
978 979 1
886 887 3
922 979 1
974 1032 0
917 974 1
903 962 3
962 963 3
624 1027 1
877 878 3
1023 1027 2
1027 1029 3
890 947 3
922 980 1
924 982 1
890 948 0
891 948 0
905 964 2
979 980 3
923 980 1
923 982 1
925 982 1
887 946 3
830 946 3
964 1023 2
875 933 3
877 935 3
878 935 3
878 937 3
886 944 2
887 945 2
876 933 3
879 937 3
881 939 3
884 942 3
830 947 3
917 975 1
871 929 3
872 929 3
880 939 3
881 940 3
882 940 3
885 942 3
918 975 1
874 932 3
880 937 3
883 941 3
896 954 1
897 954 0
974 975 0
875 932 3
939 940 3
882 941 3
883 942 3
887 944 3
918 976 1
976 977 0
925 983 1
926 983 1
870 928 3
870 929 3
873 931 3
873 932 3
876 934 3
880 938 3
885 944 3
944 945 3
891 949 0
892 950 0
893 951 0
894 952 3
895 953 1
897 955 3
898 956 0
899 957 3
900 958 0
901 959 3
902 960 3
903 961 3
975 976 3
923 981 1
926 984 1
927 985 1
928 929 3
872 931 3
931 932 3
932 933 3
877 934 3
937 938 3
947 948 0
948 949 2
949 950 3
950 951 3
951 952 3
952 953 1
953 954 0
954 955 0
955 956 3
956 957 3
957 958 3
958 959 1
959 960 3
960 961 3
980 981 3
981 982 0
982 983 1
983 984 0
984 985 1
933 934 3
938 939 3
940 941 3
941 942 3
946 947 3
963 964 3
872 988 3
878 936 0
931 988 3
936 937 1
961 962 3
934 935 3
935 936 0
885 943 3
929 988 3
943 944 3
942 943 3
945 946 3
1023 1024 2
1024 1027 3
932 990 3
964 1022 3
1031 1032 3
962 1020 3
963 1020 3
1029 1031 3
974 1031 0
1022 1023 2
963 1021 3
978 1036 0
961 1020 3
974 1033 0
975 1033 0
977 1036 1
979 1036 0
943 1001 3
944 1001 3
1020 1021 3
942 999 3
1028 1029 3
935 993 3
936 993 1
942 1000 3
1027 1028 3
933 991 3
941 999 3
950 1007 3
964 1021 3
932 991 3
934 993 3
939 997 3
940 998 3
941 998 3
999 1000 3
945 1003 3
949 1007 3
952 1010 3
936 994 1
940 997 3
946 1003 3
950 1008 3
951 1010 3
955 1014 3
956 1014 3
975 1034 0
976 1034 0
931 989 3
993 994 3
937 994 3
938 997 3
943 1000 3
1007 1008 3
957 1015 3
1021 1022 3
928 986 3
929 987 3
990 991 3
934 992 1
937 995 3
938 996 3
946 1004 3
947 1005 3
948 1006 1
948 1007 2
951 1009 3
953 1010 0
953 1011 0
954 1012 0
955 1013 3
1014 1015 3
958 1016 3
959 1017 0
960 1018 0
961 1019 0
977 1035 1
979 1037 0
980 1038 0
981 1039 0
982 1040 0
983 1041 0
984 1042 0
985 1043 0
986 987 3
987 988 3
931 990 3
934 991 3
992 993 0
994 995 3
995 996 3
996 997 3
997 998 3
998 999 3
1003 1004 3
1004 1005 3
1005 1006 3
1006 1007 0
1008 1009 3
1009 1010 3
1010 1011 3
1011 1012 1
1012 1013 0
1013 1014 3
1015 1016 3
1016 1017 3
1017 1018 3
1018 1019 3
1019 1020 1
1026 1027 3
1034 1035 3
1035 1036 3
1036 1037 3
1037 1038 3
1038 1039 3
1039 1040 3
1040 1041 3
1041 1042 3
1042 1043 3
988 989 3
989 990 3
1025 1027 3
991 992 2
1024 1025 3
1025 1026 3
944 1003 3
1031 1033 3
1000 1001 3
1033 1034 3
