0 1 3
1 3 3
3 4 3
4 5 3
5 6 3
6 7 1
7 8 3
8 9 0
9 10 1
10 11 3
11 12 3
12 13 3
13 15 0
15 16 3
16 17 3
17 19 3
19 20 3
20 21 2
21 23 2
23 24 1
24 25 3
25 26 3
26 27 3
27 28 3
28 29 3
29 89 3
33 89 3
33 92 3
35 92 3
35 37 3
37 96 3
40 96 3
40 159 3
159 160 3
103 160 3
103 163 3
163 223 3
223 226 3
226 227 3
55 227 0
55 228 0
56 228 0
57 228 0
1 60 3
3 60 3
56 57 3
15 72 3
13 72 0
40 97 3
96 97 3
33 91 3
91 92 3
33 90 3
3 61 3
19 76 3
89 90 3
4 61 3
24 82 3
28 87 3
29 87 3
5 63 3
29 88 3
227 228 3
17 76 3
88 89 3
4 62 3
17 75 3
37 95 3
40 330 3
159 330 3
160 329 3
5 62 3
7 65 0
8 66 0
12 71 3
13 71 3
19 77 0
21 79 1
25 82 3
159 329 3
103 329 3
5 64 3
6 64 3
6 65 3
7 66 0
76 77 0
20 77 0
20 78 2
23 80 1
35 94 3
0 58 3
1 59 3
63 64 3
9 66 3
9 68 1
10 68 3
10 69 3
11 69 3
12 70 0
71 72 0
15 73 3
16 74 3
16 75 3
23 140 1
24 140 3
28 86 3
87 88 3
58 59 3
59 60 3
65 66 3
69 70 0
15 74 3
75 76 3
20 79 3
25 84 3
26 84 3
27 86 3
86 87 3
97 98 3
40 98 3
61 62 3
64 65 3
72 73 3
74 75 3
27 84 3
90 91 3
35 93 3
60 61 3
62 63 3
70 71 1
80 140 0
73 74 3
78 79 1
93 94 3
37 94 3
68 69 3
82 140 3
92 93 3
94 95 3
95 96 3
113 228 0
21 80 1
98 330 3
77 78 0
329 330 3
66 68 1
79 80 3
82 84 3
27 143 3
92 150 3
84 143 3
86 143 3
93 150 3
75 134 3
76 134 3
89 147 3
113 227 0
88 147 3
90 147 3
134 135 3
76 135 0
80 197 0
86 144 3
98 155 3
68 125 0
77 135 3
140 197 3
82 141 3
84 141 3
97 155 3
103 503 3
163 503 3
66 125 3
329 503 3
59 118 3
60 118 3
74 132 3
78 80 1
88 146 3
94 152 3
64 121 2
68 126 3
69 126 3
73 132 3
78 136 1
78 197 1
87 145 3
88 145 3
90 148 3
93 152 3
96 154 3
96 155 3
163 220 3
61 118 3
63 121 2
84 142 3
145 146 3
220 223 3
64 123 3
65 123 3
71 129 0
72 130 3
73 130 3
142 143 3
154 155 3
58 116 3
59 117 3
61 119 3
62 120 3
65 124 3
66 124 3
70 129 3
72 129 3
75 132 3
75 133 3
143 144 3
147 148 3
91 148 3
91 150 3
93 151 3
95 152 3
116 117 3
117 118 3
118 119 3
61 120 3
63 120 3
69 128 0
70 128 3
133 134 3
140 141 3
86 145 3
129 130 3
132 133 3
78 137 1
144 145 3
150 151 3
151 152 3
78 135 1
146 147 3
95 154 3
223 225 3
225 226 3
119 120 3
123 124 3
124 125 3
141 142 3
98 214 3
125 126 1
128 129 3
137 197 0
155 214 3
214 330 3
225 227 3
91 208 3
136 137 3
126 128 0
135 136 3
150 208 3
121 123 3
130 132 3
220 503 3
120 121 0
95 211 3
272 330 3
148 208 3
272 329 3
126 184 3
132 190 3
120 178 0
128 184 1
137 196 3
155 213 3
214 272 3
119 178 0
150 209 3
151 209 3
213 214 3
159 275 3
128 186 3
130 188 3
132 188 3
275 329 3
118 178 0
184 186 0
137 195 3
140 198 3
148 206 3
188 190 3
133 191 3
136 195 2
196 197 3
197 198 3
141 198 3
95 212 3
154 212 3
124 183 3
125 183 3
132 191 3
134 192 3
152 210 3
117 176 0
118 176 0
118 177 0
177 178 3
133 192 3
135 192 3
151 210 3
154 213 3
121 178 2
123 181 3
124 181 3
126 183 0
191 192 3
145 203 3
206 208 3
208 209 3
152 211 3
212 213 3
223 224 3
176 177 3
121 179 2
121 181 3
146 203 3
147 206 3
209 210 3
224 225 3
117 175 0
129 186 3
129 187 3
135 193 0
136 193 0
211 212 3
220 224 3
116 175 0
175 176 3
178 179 3
130 187 3
141 199 3
142 199 3
144 203 3
146 205 3
147 205 3
329 388 3
186 187 3
195 196 3
272 388 3
183 184 1
187 188 3
198 199 3
143 259 3
143 203 3
210 211 3
190 191 3
142 259 3
146 262 3
192 193 0
203 259 3
205 262 3
227 230 3
228 230 3
205 206 3
181 183 3
193 195 1
179 181 2
195 253 2
208 265 3
178 235 3
199 258 3
142 258 3
206 265 3
177 235 3
193 253 3
203 262 3
188 248 3
178 236 3
179 237 3
181 238 2
190 248 3
197 254 3
258 259 3
211 269 3
225 230 3
175 232 3
179 236 3
179 238 3
181 239 2
181 241 0
183 241 0
196 254 3
198 256 3
199 256 3
235 236 3
184 243 3
186 243 1
198 254 3
188 246 3
191 249 2
193 251 3
329 446 3
175 233 3
176 233 3
239 241 3
246 248 3
190 249 3
192 251 0
210 267 3
276 446 3
238 239 3
187 245 3
209 267 3
212 270 3
213 270 3
186 245 3
206 264 3
208 266 3
210 268 3
210 269 3
212 269 3
213 271 3
187 246 3
266 267 3
267 268 3
268 269 3
270 271 3
271 272 3
237 238 3
184 300 0
186 244 3
192 249 2
199 315 3
205 264 3
264 265 3
265 266 3
269 270 3
232 233 3
176 235 3
184 241 0
243 244 0
244 245 3
196 253 3
236 237 3
253 254 3
203 318 3
245 246 3
249 251 0
254 256 3
256 315 3
259 318 3
241 298 3
241 300 3
248 249 3
251 253 3
224 503 3
228 695 3
248 306 2
315 316 3
199 316 3
233 235 3
243 300 0
258 316 3
230 695 3
239 298 3
262 318 3
233 292 3
235 292 3
246 304 3
246 305 3
248 305 2
254 313 3
388 503 3
305 306 3
318 319 3
262 319 3
233 291 3
237 294 3
304 305 3
251 310 3
253 310 3
264 323 3
291 292 3
249 307 2
251 308 3
256 313 3
265 323 3
241 299 3
244 303 1
245 303 1
249 308 2
259 316 3
235 293 3
237 295 3
205 321 3
264 321 3
298 299 3
248 307 2
243 301 3
313 371 3
256 314 3
314 315 3
271 328 3
292 293 3
236 294 3
294 295 3
239 297 3
244 301 1
306 307 3
313 314 3
265 324 3
269 327 3
270 327 3
270 328 3
238 295 3
238 297 3
299 300 3
245 304 3
266 324 3
267 325 3
268 325 3
268 326 3
232 290 3
307 308 3
251 309 3
253 313 3
316 318 3
267 324 3
300 301 1
262 321 3
326 327 3
272 328 3
233 290 3
235 294 3
308 309 3
309 310 3
323 324 3
324 325 3
325 326 3
290 291 3
388 564 3
297 298 3
253 369 3
327 328 3
293 294 3
310 369 3
303 304 0
328 388 3
224 230 3
295 297 3
244 360 1
303 360 3
304 362 3
321 323 3
324 381 1
262 379 3
323 381 1
294 352 3
303 362 0
318 375 3
319 379 3
321 379 3
396 503 0
293 352 3
301 360 1
224 396 1
299 357 3
253 371 3
316 375 3
387 388 3
452 564 3
298 357 3
328 387 3
387 564 3
299 358 3
300 358 3
323 379 3
327 386 3
328 386 3
388 452 3
305 363 3
306 363 3
368 369 3
452 503 3
310 368 3
369 371 3
453 503 0
396 453 3
291 349 3
300 359 1
301 359 3
307 365 3
308 365 3
369 370 3
370 371 3
318 376 3
290 349 3
292 349 3
295 352 3
297 356 3
290 348 3
292 350 3
352 354 3
295 354 3
298 356 3
359 360 1
303 361 3
306 364 3
308 366 3
308 367 3
309 367 3
375 376 3
319 376 3
324 382 3
325 383 3
326 384 3
327 385 3
348 349 3
349 350 3
293 350 3
352 353 3
360 361 3
304 363 3
363 364 3
307 364 3
365 366 3
367 368 3
314 372 3
316 374 3
382 383 3
383 384 3
384 385 3
385 386 3
293 351 3
351 352 3
353 354 3
297 354 3
358 359 1
361 362 0
315 372 3
315 374 3
374 375 3
356 357 3
366 367 3
315 373 3
381 382 0
350 351 3
352 409 3
357 358 3
373 374 3
386 387 3
351 409 3
313 372 3
372 373 3
323 438 3
319 378 3
379 438 3
364 365 3
371 372 3
376 378 3
224 397 1
354 356 3
362 363 3
378 379 3
224 515 1
230 515 1
452 453 1
396 455 3
224 455 1
397 455 1
372 430 3
450 452 3
354 413 3
359 417 0
360 417 0
323 496 3
381 496 0
382 439 1
387 445 3
349 408 3
350 408 3
352 411 3
353 411 3
356 413 3
360 418 0
361 418 0
362 420 3
371 430 3
445 564 3
450 564 3
354 411 3
356 414 3
361 419 0
366 424 3
367 424 3
370 429 1
381 439 3
357 414 3
357 415 3
363 421 3
364 421 3
365 423 3
366 423 3
370 428 3
371 429 1
383 441 3
358 415 3
364 422 3
365 422 3
369 428 3
438 496 3
382 441 3
348 406 3
349 407 3
352 410 3
358 416 3
417 418 3
368 426 3
369 427 3
379 437 3
383 442 3
384 442 3
385 443 3
386 444 3
386 445 3
406 407 3
407 408 3
408 409 3
409 410 3
410 411 3
414 415 3
359 416 0
418 419 3
361 420 0
420 421 3
367 426 3
368 427 3
427 428 3
437 438 3
439 496 0
442 443 3
443 444 3
396 454 3
230 344 3
411 412 3
354 412 3
422 423 3
426 427 3
376 435 3
378 435 3
444 445 3
454 455 3
344 695 3
416 417 3
421 422 3
370 486 3
429 486 0
412 413 3
413 414 3
378 437 3
453 454 3
428 486 3
439 441 0
224 513 1
415 416 3
423 424 3
429 430 0
441 442 3
453 511 3
455 513 0
513 515 3
367 483 3
426 483 3
441 498 3
454 511 3
424 483 3
373 375 3
419 420 3
452 563 3
430 486 3
376 434 3
437 496 3
450 563 3
509 563 3
373 430 3
375 434 3
453 563 0
344 515 1
373 432 3
375 432 3
434 435 3
409 467 3
415 473 1
432 434 3
454 513 0
408 467 3
410 467 3
414 473 1
430 432 3
435 437 3
416 474 1
416 473 1
511 563 0
441 499 3
450 565 3
406 464 3
407 464 3
408 466 3
439 498 0
498 499 3
442 500 3
443 501 3
444 502 3
445 502 3
564 565 3
466 467 3
417 475 1
419 477 1
426 485 3
427 485 3
499 500 3
442 501 3
501 502 3
407 466 3
410 412 3
416 475 1
420 477 1
407 465 1
410 469 1
413 471 1
414 471 1
414 472 1
424 482 3
428 485 3
435 493 2
445 560 3
560 564 3
465 466 0
412 469 1
412 470 1
413 470 1
472 473 3
486 489 1
430 489 1
432 489 1
434 493 3
500 501 3
454 563 0
410 525 1
471 472 3
418 475 1
423 482 3
482 483 3
483 485 3
485 486 3
439 555 3
563 571 1
513 563 0
464 465 1
467 525 1
474 475 0
422 481 3
437 493 2
502 560 3
454 570 0
434 549 1
434 550 1
493 494 3
437 494 2
496 555 1
498 555 1
563 570 1
412 528 1
470 471 3
423 481 3
549 550 3
511 570 0
470 528 3
418 477 1
422 479 3
494 496 2
469 525 3
469 528 0
473 474 1
421 479 3
479 481 3
481 482 3
432 548 1
434 548 1
548 549 3
475 477 3
420 479 3
477 479 3
489 546 1
563 689 3
515 563 0
486 546 1
489 548 3
486 545 1
493 550 1
545 546 3
493 551 3
466 525 1
469 526 3
477 534 3
485 543 2
550 551 0
493 552 3
525 526 3
475 534 3
483 541 3
486 543 2
494 552 3
482 540 3
483 542 2
485 542 2
496 554 1
563 624 3
465 523 2
466 523 1
469 585 3
475 533 3
541 542 3
486 544 1
499 557 3
501 559 3
450 624 3
464 522 1
528 585 1
474 533 0
481 540 3
483 540 3
543 544 3
489 547 3
500 559 3
465 522 2
466 524 1
471 529 3
472 530 3
474 532 3
481 538 3
540 541 3
494 553 3
494 554 3
553 554 3
523 524 3
524 525 2
528 529 3
529 530 3
473 530 3
473 532 1
538 540 3
547 548 3
551 552 3
552 553 3
559 560 3
532 533 0
533 534 3
542 543 3
555 556 0
498 556 3
560 561 3
561 564 3
473 531 3
479 537 3
544 545 1
563 573 1
522 523 3
531 532 1
477 537 3
479 538 3
477 593 1
546 547 0
498 557 3
515 691 0
534 593 1
537 538 3
511 569 2
344 691 3
500 558 3
563 569 1
530 531 3
556 557 3
499 558 3
558 559 3
569 570 3
538 597 3
561 562 3
562 564 3
537 593 1
565 624 3
563 691 3
540 597 3
557 558 3
559 617 3
560 617 3
689 691 3
524 583 2
525 583 3
540 598 3
541 598 3
558 617 3
691 695 3
537 594 3
537 595 3
529 587 3
530 587 3
593 594 0
538 595 3
551 608 2
526 585 3
528 586 2
529 586 2
533 591 2
550 608 3
530 589 1
531 589 1
534 592 3
594 595 3
558 616 3
522 581 1
523 581 1
524 582 3
526 584 3
586 587 0
530 588 3
532 589 0
534 591 2
538 596 3
596 597 3
496 613 1
555 613 3
557 616 3
523 582 1
525 584 3
587 588 3
588 589 1
595 596 3
542 600 3
543 602 3
544 602 3
549 606 3
553 611 3
565 623 3
581 582 3
542 598 3
542 601 3
543 601 3
545 602 2
545 603 2
547 662 3
548 606 3
551 609 3
554 611 3
616 617 3
560 618 3
560 619 3
561 619 3
344 633 1
532 590 3
600 601 3
546 603 2
546 662 2
547 605 3
549 607 3
550 607 3
552 611 3
554 612 3
556 613 1
617 618 3
589 590 1
590 591 0
591 592 0
601 602 3
605 662 3
551 610 3
552 610 3
611 612 3
618 619 3
564 623 1
623 624 3
585 586 0
597 598 3
547 606 3
613 614 3
556 614 1
556 615 2
557 615 2
464 581 1
602 603 3
606 607 3
609 610 3
496 612 1
562 619 3
694 695 3
598 600 3
603 662 3
608 609 3
464 638 1
691 694 3
581 638 3
584 585 3
592 593 1
614 615 0
607 608 3
615 616 3
605 606 3
582 583 3
598 656 3
610 611 3
589 647 0
600 656 3
612 613 3
562 623 3
588 647 3
623 681 3
624 681 3
583 584 3
619 677 1
585 643 0
591 650 3
656 658 3
606 664 3
562 677 1
584 643 0
592 650 1
605 664 3
562 681 3
586 643 0
601 660 3
602 660 3
586 645 1
587 645 1
588 645 1
590 647 0
597 656 3
600 658 3
613 670 0
689 692 3
691 692 3
584 642 0
597 655 3
601 659 3
603 660 3
609 666 3
609 667 3
611 669 3
642 643 1
655 656 3
601 658 3
607 664 3
608 666 3
666 667 3
610 668 3
581 639 3
582 640 2
583 641 0
584 641 0
586 644 0
590 648 0
591 648 1
593 651 3
594 652 3
595 653 3
596 655 3
659 660 3
607 665 1
611 668 3
618 677 1
638 639 3
639 640 3
640 641 0
643 644 2
644 645 1
647 648 3
592 651 1
651 652 0
652 653 3
596 653 3
658 659 3
660 717 3
660 662 3
664 665 1
665 666 0
610 667 3
612 669 1
662 719 3
605 663 3
668 669 3
614 672 3
615 672 2
641 642 3
648 650 0
650 651 1
617 675 3
618 675 3
656 715 3
658 715 3
659 717 3
663 664 0
612 670 0
613 672 3
563 681 3
645 647 0
660 719 3
653 713 3
596 713 3
667 668 3
669 670 2
681 682 3
563 682 3
655 713 3
662 663 3
615 679 0
616 679 0
616 675 0
675 677 1
672 679 0
655 714 3
656 714 3
670 672 1
664 722 1
668 727 3
669 727 3
675 679 3
645 703 3
663 722 3
665 722 3
647 706 2
648 706 2
648 707 2
670 728 1
644 702 3
647 703 1
650 707 3
715 716 3
665 723 0
706 707 3
651 709 0
658 716 3
663 721 3
645 702 0
647 705 2
650 709 3
652 710 3
653 710 3
714 715 3
659 716 3
721 722 3
692 694 3
638 696 3
639 697 3
640 698 3
641 699 1
642 700 1
643 701 3
703 705 0
705 706 3
650 708 3
652 709 3
666 723 2
666 724 1
667 724 1
562 675 3
696 813 0
696 697 3
697 698 3
698 699 3
699 700 3
700 701 0
701 702 3
702 703 1
708 709 3
723 724 1
667 725 3
668 725 3
669 728 3
679 849 1
675 849 1
562 680 3
562 682 3
713 714 3
725 727 3
675 680 3
709 710 3
711 713 3
663 778 3
722 723 0
670 679 1
670 788 1
653 711 3
716 717 3
719 778 3
724 725 0
679 788 1
680 682 3
707 708 3
727 728 3
670 787 1
728 787 3
710 711 3
719 777 3
721 778 3
563 688 3
688 689 3
675 792 1
792 849 3
787 788 3
713 770 2
717 776 3
717 719 3
725 784 3
727 784 3
728 786 3
682 683 3
563 683 3
713 771 3
719 776 3
777 778 3
727 786 3
710 768 1
714 771 3
688 692 3
711 768 3
711 770 2
679 848 1
707 765 3
708 765 3
714 773 1
715 773 1
848 849 3
696 755 0
709 766 3
697 755 0
776 777 3
722 780 3
727 785 3
785 786 3
721 780 3
723 780 1
724 782 2
725 783 3
698 756 3
699 757 0
700 758 0
705 762 2
706 764 3
708 766 3
716 774 1
717 774 1
717 775 1
723 782 1
724 783 2
755 756 1
756 757 0
757 758 3
701 758 0
701 759 3
702 759 3
703 762 0
705 764 3
707 764 3
716 773 1
774 775 1
775 776 0
783 784 3
784 785 3
696 812 3
703 759 0
770 771 3
782 783 3
680 792 1
812 813 0
755 813 0
703 761 0
762 764 3
773 774 3
683 688 3
758 759 1
759 761 1
764 765 3
692 693 3
693 694 3
765 766 3
778 780 3
780 782 3
761 762 0
709 768 1
780 837 3
759 818 1
778 837 3
788 848 3
761 818 2
786 787 3
766 768 1
768 770 1
714 830 1
792 908 1
771 830 1
680 908 1
762 821 3
764 822 3
780 839 3
782 839 3
788 847 3
759 817 1
821 822 3
847 848 3
774 832 0
775 832 0
783 841 2
784 841 2
786 845 3
787 845 3
766 826 1
768 826 3
766 825 1
773 830 3
773 831 3
782 841 2
762 820 3
825 826 2
770 826 0
770 827 0
774 831 3
778 836 0
784 842 3
758 817 1
765 823 0
771 828 2
777 836 0
757 815 1
766 823 0
766 824 3
826 827 2
770 828 0
680 685 3
682 685 3
756 813 0
756 814 3
758 815 1
822 823 0
824 825 3
775 833 0
776 834 1
777 835 1
780 838 3
782 840 1
841 842 0
785 842 3
785 843 3
786 844 3
787 847 3
814 815 3
761 820 2
830 831 3
831 832 1
832 833 0
833 834 1
834 835 3
835 836 0
836 837 1
837 838 3
839 840 1
843 844 3
844 845 3
685 908 1
813 814 1
817 818 3
827 828 3
838 839 3
840 841 0
842 843 3
849 908 1
761 819 2
845 847 3
815 817 3
818 819 3
819 820 3
820 821 3
823 824 2
828 830 1
908 909 3
685 909 1
817 875 3
683 685 3
830 888 3
834 891 0
815 875 3
831 888 3
688 693 3
819 878 3
820 878 2
820 879 1
821 879 1
822 879 2
828 885 1
833 891 3
844 903 3
847 904 3
848 906 3
828 887 1
845 903 3
845 904 3
847 906 3
849 906 3
813 872 1
827 885 1
830 887 3
837 895 3
838 895 3
849 907 1
814 872 3
815 873 3
836 895 1
906 907 1
907 908 1
873 875 3
818 875 3
818 876 3
878 879 3
822 880 2
823 882 1
824 882 1
831 889 3
832 891 0
875 876 3
823 880 1
825 883 1
885 887 3
847 905 3
812 870 3
813 870 1
819 876 3
824 883 1
826 883 1
826 884 1
827 884 1
887 888 3
832 890 0
834 892 3
835 893 3
836 894 1
838 896 3
839 897 3
840 898 0
841 899 2
842 900 1
843 901 0
844 902 3
904 905 3
683 1029 1
889 890 3
890 891 0
891 892 1
892 893 3
893 894 3
894 895 3
896 897 3
897 898 3
898 899 1
899 900 3
900 901 0
901 902 1
902 903 3
905 906 3
815 872 3
888 889 3
895 896 3
874 875 3
880 882 1
883 884 3
872 873 3
873 874 3
903 904 3
819 936 3
878 936 3
882 883 0
884 885 2
819 935 3
876 935 3
879 880 3
885 944 3
887 944 3
935 936 3
870 929 3
882 940 0
888 946 2
813 929 1
883 940 3
883 941 3
884 941 3
885 943 3
889 946 2
904 963 3
905 963 3
943 944 3
879 936 1
880 938 1
887 945 3
906 964 3
907 965 2
908 965 0
879 937 1
888 945 3
905 964 3
872 929 3
873 931 3
874 931 3
880 937 1
882 938 3
904 962 3
870 928 3
938 939 0
882 939 0
945 946 0
890 948 3
891 949 0
892 950 3
893 951 3
894 952 3
895 953 3
896 954 3
897 955 3
898 956 3
899 957 0
900 958 0
901 959 1
902 960 3
903 961 3
962 963 3
874 933 3
875 933 3
937 938 1
889 947 3
889 948 3
948 949 3
949 950 3
950 951 3
951 952 3
952 953 3
953 954 3
954 955 3
955 956 3
956 957 3
957 958 3
958 959 3
959 960 3
960 961 1
964 965 3
872 931 3
876 933 3
940 941 3
946 947 1
947 948 3
965 1023 3
908 1023 0
876 992 3
936 937 3
941 942 0
884 942 3
685 1023 1
928 929 3
939 940 2
944 945 3
963 964 3
884 943 3
903 962 3
933 992 3
935 992 3
929 931 3
961 962 3
931 933 3
942 943 2
685 970 1
929 988 3
931 988 3
943 1001 3
942 1001 1
964 1023 3
683 970 1
931 989 3
931 990 3
963 1022 3
964 1022 3
933 990 3
936 994 3
933 991 3
935 993 3
937 994 3
941 999 2
942 1000 1
943 1002 3
992 993 3
936 993 3
940 999 2
941 1000 1
1000 1001 3
944 1002 3
989 990 3
999 1000 2
945 1003 0
946 1005 1
947 1005 3
962 1020 0
963 1020 0
991 992 0
993 994 3
940 998 1
948 1005 3
928 986 3
929 987 3
937 995 3
938 996 0
939 997 1
998 999 2
1001 1002 3
945 1004 0
946 1004 1
948 1006 3
949 1007 3
950 1008 3
951 1009 3
952 1010 3
953 1011 3
954 1012 3
955 1013 3
956 1014 3
957 1015 3
958 1016 3
959 1017 3
960 1018 3
961 1019 0
1022 1023 3
986 987 3
987 988 3
994 995 3
995 996 3
996 997 3
997 998 3
945 1002 3
1004 1005 3
1006 1007 3
1007 1008 3
1008 1009 3
1009 1010 3
1010 1011 3
1011 1012 3
1012 1013 3
1013 1014 3
1014 1015 3
1015 1016 3
1016 1017 3
1017 1018 3
1018 1019 3
1019 1020 3
988 989 3
1002 1003 0
1005 1006 3
990 991 3
1003 1004 3
