0.0295545 -0.0910687 20.2179
0.033779 -0.0928603 20.0781
-0.00069958 0.0196205 20.4485
0.0318577 -0.121363 20.6383
0.014954 -0.143692 22.3896
-0.011212 -0.172982 25.6402
-0.0133408 -0.181446 25.9776
0.00380041 -0.177957 33.2728
0.00338545 -0.177536 33.3175
0.0214876 -0.0827701 17.8087
0.039246 0.00755875 26.7501
0.0839396 0.0125285 15.7107
0.117396 0.114586 6.52786
0.0920293 0.118362 13.7217
0.0326305 0.0805334 31.7173
-0.0616436 -0.0923709 41.6649
-0.0347032 -0.0974234 32.3117
-0.034022 -0.0478327 31.3928
-0.0598392 -0.021458 41.3854
-0.0365379 -0.00784175 30.9977
-0.0336375 0.00283789 29.5408
-0.480263 -0.0391639 232.576
0.0775416 -0.268951 -17.8104
0.302353 -0.0224379 -146.03
-0.0808918 -0.0731576 56.09
-0.0717476 -0.0523727 50.5936
-0.0717186 -0.0309001 50.2559
-0.0442769 -0.0138701 32.8446
0.00306885 -0.0150615 4.68641
-0.0177375 -0.0304193 18.4332
-0.033273 -0.0265093 28.4252
-0.0652906 -0.0362055 50.5997
-0.0532821 -0.0210727 41.8409
-0.0408934 -0.0288746 33.3652
-0.0273106 0.0375339 27.8573
-0.0168942 -0.0188841 15.5102
-0.0081145 -0.012802 8.97687
-0.0128335 -0.00177694 12.2002
-0.0972958 -0.0983555 84.4315
0.013888 0.0230542 -10.4429
0.00254209 0.000776006 -0.771991
0.00083164 0.268643 5.07201
-0.000211034 0.163203 7.31283
0.00124135 0.268551 4.64435
0.0132102 -0.936664 5.30202
0.018023 -0.667919 -3.54688
0.197936 -0.0439227 -169.195
0 -0.0379261 28.8036
0.00382933 -0.0414187 24.8304
0 -0.0379261 28.8036
0 -0.0379261 28.8036
0 -0.0379261 28.8036
0 -0.0379261 28.8036
0 -0.0379261 28.8036
0 -0.0379261 28.8036
0.263238 -0.107009 -72.9897
0.0767809 0.0758085 -35.1653
0.0782517 0.0782972 -36.9689
0.0245368 -0.0943283 20.3916
0.0212479 -0.106777 20.9273
0.0262233 -0.111636 20.8072
0.00902949 -0.130741 22.5462
-0.00401926 -0.150385 24.3493
-0.0450935 -0.159073 29.1069
-0.00487406 -0.17222 24.1644
0.0288329 -0.169276 18.8103
0.0319869 -0.135013 17.3293
-0.0982454 0.0219313 51.9086
0.0264758 0.00984056 29.6918
0.0329833 0.00753576 28.1618
-0.0219618 -0.123923 29.0054
0.0964444 0.130565 12.3564
-0.0534695 -0.182688 42.3374
-0.0357611 -0.126548 34.139
-0.0600381 -0.0886141 41.1457
-0.0337459 -0.0914647 31.6272
-0.00879231 -0.0683095 21.3505
0.136741 0.11078 -53.4028
-0.0323857 -0.536979 41.5765
0.0681595 -0.0790843 -14.5946
0.0441267 -0.0332796 -4.5267
-0.101398 -0.0134195 66.6504
-0.0567482 -0.0524105 42.4028
0.0267966 -0.281355 10.8805
-0.0622981 -0.0405229 45.0363
-0.0921004 0.00202788 60.9402
0.00161797 -0.0132806 5.73815
-0.0192937 -0.0225715 19.1897
-0.0266084 -0.0132146 23.7977
-0.0421269 -0.0259196 34.5414
-0.0430861 -0.0276682 35.0043
-0.0392203 -0.016214 31.5187
-0.0227793 -0.0205114 20.4285
-0.0220054 -0.0195394 19.6208
-0.0102991 -0.00767249 10.0694
-0.00694496 0.00595657 6.87819
-0.0012579 -0.00308722 2.52915
0.000840377 -0.0050906 1.04473
0.00365553 -0.00116788 -1.68896
0.00872467 0.00857332 -6.323
0.0549861 0.0585453 -50.7212
0.0308351 0.0775445 -29.6158
0.000207405 0.189002 -4.03102
0.00468403 0.00774242 -2.97403
0.212349 -0.0269954 -183.916
0 0.244851 20.4395
0 0.244851 20.4395
0 0.244851 20.4395
0 0.244851 20.4395
0 0.244851 20.4395
0 0.244851 20.4395
-0.00172228 0.243512 22.4574
0 0.244851 20.4395
0.0175462 0.0404026 218.429
-0.0680745 0.0100708 143.441
0 0.0738636 57.6701
0.0166798 -0.0972311 20.5963
0.0149292 -0.106058 21.1087
0.014277 -0.113605 21.5137
-0.00154527 -0.128843 23.2731
-0.00937598 -0.133447 24.1629
0.085445 -0.346807 20.4708
-0.0399182 -0.0219122 30.6578
0.0674446 -0.229701 16.0367
0.0740016 -0.189892 12.437
0.0745792 -0.164927 10.6648
0.0132817 0.00357211 32.9975
-0.0123349 -0.000830339 39.2727
0.00650228 -0.0987603 20.2669
-0.0206848 -0.14833 30.0369
-0.019129 -0.162506 30.6219
-0.012169 -0.141363 27.3156
-0.0306325 -0.125823 32.9407
-0.0384174 -0.0775565 32.9626
-0.0506754 -0.0561199 36.4478
-0.0138741 0.0290664 15.3949
0.0137546 -0.038829 8.02845
-0.0273836 -0.229733 38.0852
0.0265777 -0.0928101 5.85255
0.0855293 -0.10294 -29.9232
0.00812931 -0.0787059 9.35176
-0.0424391 -0.0665569 35.6135
-0.0395835 -0.0565183 32.9352
0.0037385 -0.0289288 4.74953
0.00780924 -0.0364521 3.63268
-0.0130178 -0.005373 14.6432
-0.0367853 -0.0296965 31.8045
-0.0452055 -0.0193808 36.3736
-0.0608674 0.0016649 46.5545
-0.036821 -0.00858801 29.5782
-0.0131162 -0.0183694 12.7488
-0.0025035 0.00503229 3.47411
-0.00200952 0.0122823 2.54212
0.00414878 0.0237425 -2.77657
-0.00136774 0.00257943 2.78172
6.14308e-06 -0.0039722 1.65364
-0.0246616 0.0491819 21.6882
-0.0054406 0.00481884 6.64108
-0.0112196 0.0139747 11.4174
0.00205822 0.00737492 -0.502556
0.00517508 0.00760958 -3.43783
-0.0104589 0.0253479 10.595
0 0.0418228 -0.543006
0.00220093 0.00777912 -0.512278
-0.0166356 0.0256138 17.7282
0.00605493 0.00912914 -5.46111
0.00617186 -0.036374 -3.42924
-0.0103742 -0.0223585 14.0829
-0.00398595 0.0215469 4.91232
0.0121897 0.0339528 -14.2621
0.0119522 0.0207271 -13.5129
-0.352865 -0.183222 670.054
-0.0174978 0.0384211 20.8883
0.0124219 -0.000986286 -13.9206
0 0.295378 -20.7631
-0.0209367 0.0808065 -1.04669
0.00144081 0.0625569 0.236866
0.0139126 0.0287374 2.3263
0.00640615 -5.61332e-05 5.24951
-0.000297126 -0.0327621 8.00979
0.0243099 0.00821892 0.596246
0.0904796 -0.295615 16.259
0.063816 -0.498665 36.4204
0.09267 -0.200759 9.1338
-0.0203734 -0.000125663 41.0508
-0.0456188 -0.00760035 47.6035
-0.0358614 -0.135469 33.7006
-0.0364345 -0.147165 35.0449
-0.0291011 -0.175948 35.0719
-0.0620257 -0.0625257 37.82
0.000341505 -0.202151 27.3863
-0.0227743 -0.0986926 28.7094
-0.0498427 -0.067927 37.0293
0.0046708 -0.0193628 4.935
0.00365712 -0.0437553 7.31695
-0.0709854 -0.254326 60.7595
-0.0747508 -0.133074 52.8557
0.017106 -0.0862372 3.6199
0.00804222 -0.0811363 8.93347
-0.0184765 -0.0661832 22.4899
-0.0357711 -0.0923537 34.1842
-0.042051 -0.0495801 33.9288
0.0115469 -0.0331647 0.736455
0.0203184 -0.0372399 -4.03392
-0.0041145 0.185001 -4.27497
-0.0406618 -0.0294543 33.8017
-0.0382205 -0.0249503 31.6848
-0.00248664 0.0390089 1.12876
-0.0222639 -0.00286272 18.7072
-0.00493309 0.0113081 4.68464
-0.00253488 0.0180255 3.08107
-0.013258 0.0250103 11.4693
-0.0228187 0.0103728 19.9699
-0.0111475 -0.00180808 11.0306
-0.000254367 -0.00912263 2.11821
-0.344124 -0.44202 344.975
-0.0822217 0.1721 67.4221
0.285897 0.11299 -270.843
0.00430286 -0.00028696 -2.12307
0 -0.187384 15.7398
0.00142953 0.00807414 0.258768
0.131489 0.0175751 -119.883
0.108264 0.115454 -101.578
-0.000987869 0.00832565 2.78619
-0.0014471 0.00955703 3.16627
-0.00326595 0.00841911 5.2624
-0.00290191 0.00801718 4.87561
-0.00471201 0.00804102 6.92983
-0.00694872 0.00742567 9.58619
0 0 -1
-0.00533175 0.008389 7.61924
0 0 -1
-0.0259091 0.0850515 -0.681032
-0.0115827 0.0726384 0.170781
-0.00717035 0.0408048 3.39989
-0.0107084 0.0319371 3.9102
-0.022988 0.0113697 6.84804
-0.0343738 0.0167429 6.85418
-0.00124973 -0.00285602 5.19383
0.0172371 -0.00446345 2.63023
0.0161376 0.0123601 1.3054
0.00932773 0.0686893 -3.64427
0.0495059 -0.0236334 -3.29029
-0.0485797 0.0110655 46.7337
-0.0476398 -0.147379 37.6807
-0.0416726 -0.157429 36.8579
-0.0306207 -0.184294 36.147
-0.0846695 -0.443797 77.789
-0.0078337 -0.281703 35.8537
0.078569 -0.364231 12.6001
-0.293537 -0.0385724 127.64
-0.00664477 -0.00171223 8.32902
1.37208e-05 -0.0272232 8.09896
-0.01295 -0.04279 15.6175
0.00210786 -0.0737139 10.4189
0.0153253 -0.0406747 0.779043
0.0185986 -0.0567767 0.859228
0.00125009 -0.0703404 11.9348
-0.0170936 -0.0734346 21.3472
0.00135815 -0.0387024 7.39761
0.0191766 -0.0497712 -2.56759
0.0211277 -0.0497216 -3.75765
-0.00125031 -0.0573259 11.2853
0.0423891 -0.0947098 -17.1249
-0.0284399 -0.0108849 23.3559
-0.00556741 -0.006151 6.99589
-0.00602106 0.00693632 6.01525
0.0106198 0.0203601 -7.67831
1.59588e-05 0.00613451 1.9634
-0.013235 -0.0026343 13.282
-0.0182607 -0.00887593 17.9815
-0.0118086 -0.00770375 12.1697
0.0051825 -0.00164171 -3.16054
0.00205066 -0.00817971 0.326886
0 0.0102495 -0.108434
-0.0149056 0.0231775 14.819
0.182552 0.0275598 -171.321
0 0.0852316 -0.476055
-0.00269587 0.116855 -0.982873
-0.00682187 0.0851818 6.53697
0.00443764 0.0959756 -6.2095
-0.00229332 0.0886895 1.62396
-0.00817931 0.0867856 8.31577
0 0.0852316 -0.476055
0 0.065625 1.36667
0 0.0997807 -1.95036
-0.000858541 0.0853244 0.522222
0.00481773 0.0875575 -6.49252
0.000645593 0.0849884 -1.25235
0.000294306 0.0880477 -1.12248
-0.0285473 0.0337971 4.87366
-0.0151214 0.0343324 4.63504
-0.0205702 0.0233916 6.11413
-0.0262578 0.0391737 4.36588
-0.0292471 0.0264802 6.13574
-0.0155965 0.0136741 4.29557
0.0187051 0.00198753 1.36844
0.0344932 0.0193834 -2.97534
0.0181878 0.0473225 -2.68158
-0.00176489 0.0438407 1.19753
0.0230454 0.0375765 -3.42982
-0.0238895 0.00979383 40.6678
0 0 -1
-0.0325234 -0.0486923 63.0889
-0.039009 -0.0630788 24.913
-0.0428316 -0.0706779 26.714
-0.00750806 -0.00396383 7.02409
0.0161354 0.0144926 -3.90436
0.0133336 0.00193485 -0.136662
-0.00817919 -0.00555988 9.50706
-0.0124545 -0.0166965 12.7731
-0.0396862 -0.0199677 25.2848
-0.028875 -0.0455323 22.77
0.00893564 -0.0652607 6.82895
0.00611727 -0.0622431 8.55449
-0.00276282 -0.0732733 14.9108
-0.0120612 -0.0548044 17.0009
-0.00932015 -0.0187835 11.4747
0.00802593 -0.0449313 3.59522
0.00657711 -0.0573006 7.05411
-0.0373542 -0.0549173 34.4462
-0.0285534 -0.0325743 26.1584
0 0 -1
-0.00914537 -0.0203968 11.3875
-0.00161338 -0.00143591 3.73708
0.00761038 -3.4736e-05 -3.08002
-0.0123133 0.00934124 11.1849
-0.0118424 -0.00960274 12.7172
-0.00520294 -0.0072545 6.64561
0.00917856 0.00805395 -7.22311
0.00428595 0.000456524 -2.28363
0.0111405 -0.00947235 -7.68041
0.0137391 -0.00238252 -10.6008
0.0311074 -0.00910711 -25.2626
-0.002026 0.0177831 2.4591
7.46738e-05 -0.160299 25.7842
0.0256523 0.439475 -76.0979
0.18146 0.0813682 -170.847
0 -0.256449 36.4118
-0.0309423 0.43871 -16.6065
0 -0.256449 36.4118
0 0.428967 -48.5043
-0.0143471 0.418671 -30.8666
0 -0.256449 36.4118
-0.00995161 0.00949902 12.8843
0.00241888 -0.250448 32.7904
0.351455 0.222174 -223.483
-0.0870536 0.199963 318.451
-0.0187081 0.00909861 7.71883
-0.0159677 0.0167869 6.55515
-0.0173468 0.0286557 5.05341
-0.0212165 0.0548383 1.77067
-0.0463658 0.0505917 4.6219
-0.0498731 0.0563767 3.95464
0.00522249 0.0734556 -6.28253
0.0532224 0.0505657 -9.5649
0.0311768 0.0453478 -4.84476
0.000187332 0.034824 2.29164
0.015795 0.0295956 -0.700308
-0.0191831 0.0220979 37.9652
-0.0383813 -0.0492707 64.7602
-0.0493827 -0.0393557 66.6205
-0.0310121 0.0255659 11.0533
-0.0200689 0.0103019 9.60434
-0.000726853 0.0343794 -0.0623345
0.0272499 0.0372367 -10.4449
-0.00228139 0.00785857 5.33705
-0.0164306 -0.00390315 12.6482
-0.0200728 -0.0196421 16.7535
-0.0454012 -0.0232003 28.0142
-0.0524427 0.0039937 27.2829
-0.024615 -0.016257 16.6368
0.00883412 -0.0553666 5.23848
-0.00486524 -0.0608427 13.7286
-0.0105266 -0.0669568 17.6976
0.00403546 -0.0632494 8.94826
0.00538531 -0.0525563 6.3656
0.115201 -0.215475 -40.0825
-0.00069878 -0.0638259 11.8231
-0.000878207 -0.0545502 10.4096
-0.000882965 -0.0164976 5.12757
-0.0414516 -0.0131333 47.3356
-0.00706237 0.00301097 7.23008
0.00436072 -0.0151297 1.39297
-0.0151157 -0.00960351 15.7404
-0.0159523 0.00057681 14.8052
-0.0128339 0.00238865 11.985
0.00313337 0.00624248 -2.34442
0.0109367 0.00615218 -9.17813
0.0221669 0.00601102 -18.4398
0.0229706 0.00469158 -19.722
0 0 -1
0.0203896 -0.00787394 -15.2057
0.000985335 -0.143001 23.6732
0.00635087 0.00726331 -3.8639
0.13056 0.0667825 -88.4367
0.165314 0.0648802 -124.038
0.209745 0.0872998 -226.756
0.206872 0.0988787 -225.36
0.0344117 0.0164898 -26.9935
0.0114605 0.0102346 -0.41485
0.0114605 0.0102346 -0.41485
0 0.157624 -9.62268
0 0.123687 -4.64074
0.172148 0.0500797 18.4072
0.168494 0.0337712 25.2786
-0.000206078 0.0346095 3.29896
-0.00216188 0.0498295 0.74443
0.0137168 0.0542585 -0.657701
0.00391626 0.0991599 -6.55241
-0.0447862 0.0799108 -0.282436
-0.0327595 0.0613633 1.26449
-0.0135141 0.0818526 -4.39668
0.0253595 0.0596542 -6.31672
0.00356556 0.0239125 3.3122
-0.00359015 0.0275234 3.92019
0.0156985 0.0142643 1.84327
-0.00837552 0.00229022 9.40354
-0.0288616 0.0208018 11.7114
-0.0136537 0.0359654 4.81118
-0.0140419 0.0607254 1.04504
-0.00702708 0.0694165 -3.55454
-0.00689048 0.0784054 -4.90533
-0.0057145 0.0362688 2.0888
-0.024467 0.0155074 12.7917
-0.0294234 0.000927458 16.8042
-0.0163493 0.00128115 11.693
-0.0624822 -0.0013012 32.619
-0.0523426 0.00679425 26.8569
-0.101781 0.0545137 51.0547
-0.0105975 -0.0207718 10.1251
0.0459359 -0.0313261 -18.8318
-0.00182908 -0.0425705 9.31364
-0.0488281 0.152344 2.66504
0.007326 -0.0310144 1.93232
-0.000983811 -0.0553119 10.7496
0.0051269 -0.0180175 1.04043
0.00931627 -0.0456708 2.34155
0.005285 -0.0262919 2.20593
0.00412809 -0.0102983 13.7498
-0.00922935 0.00161256 8.8797
-0.0017906 -0.00065247 3.55182
-0.00237832 -0.0071229 5.13179
-0.012452 -0.00205445 12.318
-0.00573302 0.00137621 6.17612
-0.00110683 0.014213 -0.0415471
0.0445212 0.0557104 -42.3771
0.0238029 0.00588121 -21.0811
0.00725714 0.00775172 -4.40185
0.269587 -0.00556613 -247.722
0.0128089 0.0289027 -14.0969
0.00701948 -0.0720362 8.113
0.015987 0.0151837 -14.6718
0.169204 0.0493979 -125.107
0.168454 0.0594466 -126.183
0.16225 0.0842282 -123.345
0.0999701 0.0399055 -102.4
0.35099 -0.127 -296.651
-0.000314835 0.140852 40.4469
-0.000314706 0.140852 40.4468
-0.000314519 0.140852 40.4465
-0.000314519 0.140852 40.4465
0.172818 -0.000202047 -32.0164
-0.0110903 -0.677106 204.92
0.00974806 0.0448448 1.49757
0.207622 -0.0668756 37.9243
0.0234682 0.0684594 -3.16938
-0.00575922 0.100854 -6.64266
0.00105432 0.100016 22.1373
-0.0150324 0.0597712 31.8073
-0.103586 0.0306444 34.2668
-0.0657003 0.0608397 22.7057
-0.0392437 0.0520296 19.8696
-0.0408178 0.0364361 23.0335
-0.0192639 -0.00109848 41.19
-0.0727019 -0.0221084 38.8705
-0.193463 0.160137 34.3387
-0.0557144 0.0358847 23.1373
-0.0691654 0.316266 -26.7839
-0.049776 0.164692 -4.56125
-0.0326671 0.114282 -1.13234
-0.0361966 0.13251 -3.24092
-0.0399126 0.0913031 5.67502
-0.0426865 0.0806306 8.84306
-0.0171707 0.0668295 0.41906
-0.0543916 0.0622925 18.1517
-0.0583346 0.0234873 27.1413
-0.427079 1.16778 13.8829
0.101108 0.88873 -205.767
0.0114755 0.117879 -19.9383
0.337734 0.0801458 -196.306
0.00898624 0.0235826 4.37758
0.00731768 0.0221673 5.58985
-0.0283996 0.281785 -31.4582
-0.023207 0.302094 -38.938
-0.0466851 0.36036 -34.8102
-0.00997849 -0.0152267 11.0201
0.0136882 0.000432851 4.91408
0.0228363 0.0775064 -29.0342
-0.00434997 0.0619393 -5.96111
0.00132424 0.0349961 -5.4471
-0.0105549 0.0104032 8.55722
-0.00745872 0.0200125 4.24079
0.00519719 0.00830777 -3.52962
0.0197762 0.0261798 -20.453
0.0534944 0.0177475 -48.7695
0.0242542 0.011166 -20.6718
0 0 -1
0.0243206 0.0421792 -27.4865
-0.00811554 0.0211306 8.60794
0.0095803 -0.220617 32.8701
0.17506 0.0252918 -126.758
0.420677 -0.199867 -345.736
0.159508 -0.00813133 -158.517
0.127571 0.0324444 -131.263
0.165243 -0.0104436 -164.773
-0.0209513 -0.627927 207.557
-0.0214584 -0.623451 207.307
-0.0152918 -0.673041 209.102
-0.0097598 -0.676212 203.129
-0.00921775 -0.675763 202.389
-0.00967015 -0.676247 203.025
0.284611 0.207287 -17.514
0.290187 0.239728 -24.3666
0.276138 0.244055 -23.7518
-0.019001 0.143328 15.0544
-0.0428047 0.093851 27.6657
-0.151135 0.0765349 31.5166
-0.132484 0.00223173 44.1062
-0.073392 0.0060518 35.0193
-0.0546396 0.0231762 28.3237
-0.0679336 0.0304623 29.5618
-0.0654021 -0.0158792 54.5263
-0.095892 -0.0601565 52.4812
-0.0723262 -0.0587451 45.885
-0.0221327 -0.0414278 28.2095
0.00870046 0.0356114 3.60111
-0.0539085 0.157018 -0.087774
-0.03885 0.182418 -11.0037
-0.0571296 0.193744 -6.90238
-0.0279752 0.187655 -16.5329
-0.0212134 0.212142 -24.0883
-0.00210252 0.296523 -49.9922
-0.0219426 0.318959 -45.3056
0.0327691 0.250948 -56.6873
0.0054782 -0.24534 64.749
-0.0648196 -0.114164 74.0252
0.00803076 0.198815 -35.0912
0.0860205 0.0935044 -55.761
0.0205648 0.0344051 -4.67061
-0.0067516 0.0382532 10.8088
-0.0514774 0.314273 -22.9431
-0.0377947 0.294038 -27.2816
-0.0340596 0.314138 -33.8208
-0.0223326 0.294878 -37.8126
0.0175061 0.00121128 2.03406
0.0366996 0.10173 -43.7253
0.00819463 0.128622 -27.907
-0.034516 0.157374 -0.875417
-0.0139765 0.0880852 -3.73209
0.000705806 0.0509884 -8.50202
0.0182401 0.0482232 -22.9185
0.000570846 0.0450249 -5.73448
-0.00811879 0.0213548 8.57313
0.0176149 0.0196957 -17.6565
0.0244577 0.0517016 -28.1162
-0.0538143 0.0761683 40.0096
0.00257898 -0.136064 29.7007
0.192057 0.134874 -166.513
0.0262526 0.246876 -20.9915
-0.0105503 0.159434 34.16
-0.572756 -0.0602457 636.621
0.00516446 -0.116048 65.3129
0.068752 -0.0852942 -1.27778
-0.00676329 -0.0167747 69.1128
-0.000970834 -0.022648 63.7688
0.0123016 -0.207454 85.9688
0.00525485 -0.178158 88.2945
-0.00100408 -0.157266 91.5502
-0.0046839 -0.149875 94.5107
0.0178737 0.0935307 25.3377
0.0488979 0.102687 21.3438
0.0370168 0.223994 -5.68906
-0.0463775 0.159259 14.4614
-0.0616426 0.137687 20.4833
-0.118486 0.0840322 37.8091
0.0680181 0.782676 -150.637
-0.0642745 -0.0427726 44.3379
-0.00324899 0.0148578 20.5945
-0.10486 0.419017 -40.7119
-0.0655144 -0.0196545 55.443
-0.0654654 0.233615 -18.2733
0.0173106 -0.00903266 9.69866
-0.0309057 0.00235255 54.2177
0.0642082 0.242721 -57.775
-0.016093 0.233556 -29.9415
-0.0243083 0.247218 -30.7702
-0.0217476 0.249888 -33.1004
-0.0101356 0.294472 -47.2919
0.000656695 0.266795 -45.1075
0.00137672 0.277099 -47.6831
-0.00105828 0.253023 -41.2233
0.0206907 0.242152 -49.1102
0.00526172 0.20149 -31.4404
-0.0503874 0.193612 -1.50557
-0.0087922 0.215959 -29.5919
0.048889 0.0923815 -34.1523
0.00894735 0.0496571 -1.17646
-0.0267526 0.115045 5.55437
0.0316686 0.231925 -57.6966
0.00997121 0.284143 -55.6965
-0.0210113 0.322118 -44.1285
-0.00525701 0.238295 -37.2707
0.0459117 0.0127917 -21.1895
0.0426249 -0.00610372 -14.3493
-0.0785351 0.428919 -26.9151
-0.0643939 0.223099 8.83091
-0.0526775 0.0911692 28.0864
-0.0269967 0.0717292 10.9611
0.000613001 0.0733982 -12.7359
-0.0180153 0.0100578 18.5334
-0.669271 0.126953 574.685
-0.0163838 0.0798574 3.78215
-0.0108242 0.00383293 15.7129
-0.00728145 0.0373818 4.57115
0.0572094 0.364914 -131.418
0.0842249 0.375409 -162.123
-0.00746019 -0.257785 123.323
-0.0321865 0.14117 60.3467
-0.0944481 0.380158 26.7313
0.458426 0.234738 -538.209
0 0.36487 -75.2018
0.376953 0.15625 -449.498
0.229102 0.0564577 -257.395
0.0757767 0.395466 -154.375
0.239996 0.21939 -309.304
0.0432398 0.405765 -117.99
0.0432398 0.405765 -117.99
0.0477096 0.0852469 25.4146
0.058821 0.0788619 26.7428
0.0611756 0.0300211 38.9663
3.8477e-15 -0.0265871 21.4414
3.8477e-15 -0.0265871 21.4414
0.0589552 0.0591773 3.75805
-0.138632 0.0783147 24.3114
-0.128394 -0.00274179 113.125
-0.125047 -0.00482358 113.148
0.0262478 -0.0104038 21.4778
0.0474025 -0.118741 43.7593
0.0195254 0.265198 -48.9882
0.0263502 0.240661 -44.6355
-0.0597399 -0.00348983 63.9954
-0.000154485 0.265776 -42.1892
-0.0287292 0.263122 -32.9822
-0.0288905 0.276172 -36.2974
-0.0149316 0.271936 -40.5962
-0.0064822 0.265164 -42.1293
-0.0177735 0.23854 -30.2753
-0.00352277 0.217926 -31.6674
0.000760755 0.201829 -29.4884
-0.00303697 0.208896 -29.5015
-0.0145385 0.190397 -19.693
-0.0133683 0.199955 -22.4497
0.018094 0.214944 -42.0864
0.0111362 0.094324 -12.6971
0.0040007 0.115522 -7.27529
0.0363894 0.179668 -48.4913
0.0483625 0.221154 -66.1395
0.0633073 0.291686 -92.5289
0.055105 0.32367 -94.7744
-0.702836 0.357953 421.043
0.0460974 0.000332934 -18.3136
0.0422332 -6.43417e-05 -15.5895
0.152796 0.103771 -125.935
0.00378078 -0.672203 178.995
-0.013688 0.0480688 5.96901
-0.015551 -0.604325 178.172
0.337341 0.0295889 -274.145
0.258205 -0.0375149 -189.209
-0.013688 0.0480688 5.96901
-0.00681162 0.0306374 4.69304
-0.00529401 0.0218075 5.82174
-0.00673515 0.0252086 6.21152
-0.0116279 0.0210927 12.1256
0 -0.145433 38.8996
-0.00981494 0.025409 8.992
0.00103319 -0.144495 37.5805
-0.00225927 -0.142845 40.6584
-0.0149319 0.0181269 16.4422
-0.0123611 0.0170705 13.9992
0 -0.145433 38.8996
-0.0123546 0.0104507 15.5322
-0.0157157 0.0146833 18.3171
-0.0163916 0.0145424 19.1314
-0.0172605 0.0106485 21.253
-0.0110935 0.00821736 14.448
0.0397918 0.0771359 27.5323
0.0364716 0.0632506 31.3943
0.0308149 0.0195429 43.3383
0.0298648 0.0195301 43.3979
0.0298648 0.0195301 43.3979
0.0181839 0.0459594 11.8223
0.00440027 0.0564401 10.7806
-0.122001 -0.0295383 119.373
-0.136392 -0.0410358 124.834
0.0407447 0.239865 -46.426
0.0156949 0.24416 -42.0471
0.000951052 0.259219 -42.6077
0.013011 0.2513 -43.404
0.0352917 0.229623 -43.5768
-0.0027587 0.284039 -46.376
-0.0318059 0.321102 -46.5953
-0.013615 0.292942 -45.471
-0.00916358 0.294934 -48.5614
-0.0345278 0.333502 -49.3546
-0.0295725 0.171391 -8.27407
0.000785658 0.156165 -18.087
0.0104074 0.121143 -13.0696
0.0121671 0.152491 -21.9414
-0.0101911 0.194493 -23.3039
0.0200538 0.181819 -34.9564
0.0104275 0.180278 -29.519
0.0353554 0.149192 -34.7824
-0.0355625 -0.39572 143.285
0.0428003 -0.451362 127.181
0.0821761 0.249435 -94.4568
0.0996519 0.224721 -98.6047
0.0769656 0.254726 -91.5029
0.0791407 0.265875 -96.1462
0.084367 0.203599 -82.4599
0.031758 0.128102 -21.9333
0.0262241 0.147556 -22.5053
-0.0118562 0.135877 8.5562
-0.00860396 0.181733 -4.94586
0.0325911 0.202574 -44.2558
-0.0419406 0.135038 36.9257
-0.0460473 0.151658 36.6208
0.0659444 0.144049 -60.4767
0.0176711 0.181056 -27.8445
0.00263171 -0.0762082 56.5801
0.0207591 0.174212 -29.4567
0.00180759 -0.0806557 58.6411
-0.047724 0.147608 45.6692
0.00145824 -0.0821396 59.4334
0.000307608 -0.079639 59.9258
-0.0552912 0.150974 55.7336
0 0.126174 3.69517
-0.0112034 0.1276 15.7663
0.00570763 -0.051784 45.9617
0.00608219 -0.0388656 41.9376
0.0603908 0.0652562 2.38631
0.0054141 -0.019682 37.2467
0 0.267765 -35.769
0.0456659 -0.0148027 -14.7952
-0.124168 -0.0125026 20.1851
-0.045114 -0.015588 19.2007
0.00771408 0.0270522 42.0737
-0.0657973 0.031419 11.0986
-0.0657973 0.031419 11.0986
0.0215407 0.0538318 9.03318
-0.00249945 0.0663334 -10.3701
0.0496387 -0.239523 107.017
-0.00403902 0.453676 -98.6647
0.0219033 0.473524 -109.132
0.0199134 0.332026 -67.1517
-0.0103387 0.256843 -38.2898
-0.000623094 0.170218 -17.0896
0.16074 0.396096 -127.408
-0.228596 0.117832 75.8696
-0.0346273 0.224952 -19.3449
-0.0595855 0.656196 -131.091
-0.0734698 0.390498 -49.454
-0.0657128 0.389281 -52.1834
-0.132233 0.0981411 65.8134
-0.123756 0.0751551 68.9416
-0.359262 -0.0747885 226.865
-0.014398 0.171895 -15.2601
0.00344083 0.209306 -34.9224
0.0166069 0.18423 -34.0615
0.0114744 0.193497 -33.7069
0.00504004 0.185844 -28.1478
-0.000764594 0.187222 -24.7453
0.0144156 0.219688 -43.7291
0.049867 0.197142 -59.3342
0.0958759 0.23813 -100.42
0.0993279 0.230703 -99.7156
0.0710631 0.245756 -85.0018
0.0620743 0.241242 -77.7817
0.0069189 0.249981 -38.6645
-0.0186814 0.215265 -8.84061
-0.0271961 0.243311 -10.4583
-0.0311041 0.186117 9.1956
-0.0880809 0.24638 37.3629
-0.0176547 0.0388541 40.069
-0.00528979 0.0062594 38.7649
0.00171764 0.00599125 32.7691
0.00875376 -0.037631 39.046
0.0120345 -0.0360748 35.6402
0.00910025 -0.0547151 43.8745
0.0061167 -0.0662905 50.1493
0.00293005 -0.0713959 54.8018
-0.000216345 -0.0740717 58.7564
-0.00204586 -0.0704012 59.5709
-0.00315285 -0.0621412 58.3259
0.00220662 -0.0775263 56.9003
0.00980503 -0.0514659 41.0476
0.00927087 -0.0413995 38.7302
0.0124866 -0.033478 32.7302
0.0219139 0.000161319 12.1284
0.01233 -0.0516693 37.7558
0.0145052 0.310938 -74.4908
0.0145042 0.310927 -74.4863
0.0194645 0.0753158 28.2053
0.371467 -0.157195 41.9384
-0.0362865 0.0772945 29.2258
-0.048508 0.128562 13.8515
-0.0573559 0.135959 11.998
-0.0528226 0.1561 5.21167
-0.047092 0.166006 1.19621
-0.0449253 0.252535 -27.1012
-0.0364375 0.426719 -83.0715
-0.0296848 0.428525 -85.254
-0.0402106 0.301867 -43.1778
-0.0791045 0.367738 -61.9288
0.16681 0.147126 -56.3996
0.176811 -0.0989386 18.5189
-0.166382 0.0812986 66.5446
0.0381261 0.0743296 2.21815
0.0580561 -0.00581049 20.6294
0.0612147 0.0147132 13.2239
-0.163469 0.0789305 84.7116
-0.139265 0.0866857 71.9273
-0.488555 0.469321 106.695
0.422711 1.93073 -814.167
-0.0423509 0.163222 6.33284
-0.0435909 0.170491 4.63526
-0.119914 0.0809582 58.1841
0.00583522 0.2092 -35.5251
0.00145872 0.210505 -33.4413
0.00632991 0.20626 -34.9096
-0.05415 -0.00378642 80.1935
0.115639 0.643825 -234.554
0.107194 0.237807 -107.456
0.091261 0.219814 -91.1862
0.088951 0.224413 -91.2734
0.0622495 0.261781 -83.4954
0.0342815 0.257446 -61.3629
0.0278747 0.26692 -59.693
-0.0107872 0.28642 -35.7975
-0.0600926 0.287005 3.1916
-0.0628285 0.352793 -16.1596
-0.00851349 0.507276 -109.363
-0.0110827 0.489534 -101.54
-0.00523154 0.517051 -115.402
-0.00287774 0.493315 -110.013
-0.00163417 0.525501 -121.308
0.00178514 0.530915 -126.246
0.00246404 0.53168 -127.147
0 0 -1
0.000475031 0.562777 -134.602
0.00102747 0.560366 -134.44
0.00422358 0.550751 -134.833
0.00236195 0.507534 -119.231
-0.0022321 0.528366 -120.818
-0.00131984 0.50428 -114.304
0.0144969 0.310969 -74.4903
0 1.16567 -318.354
0.0144984 0.310944 -74.4844
0.0145014 0.310932 -74.4842
0.0145017 0.310929 -74.4835
-5.22928e-05 0.083024 25.8908
-0.00505098 0.115043 14.9388
-0.0175769 0.112419 16.5423
-0.0317349 0.12232 14.3428
-0.0182971 0.190308 -10.0617
-0.0386346 0.20005 -11.1707
-0.0325497 0.205113 -13.3861
-0.0185783 0.21396 -18.2176
-0.0411252 0.197187 -8.87193
-0.0673766 -0.0604976 80.9843
-0.127948 -0.0541036 92.2008
-0.329219 0.253116 37.2477
-0.0991352 0.208805 12.251
0.143452 0.044623 -7.62161
0.16021 0.032167 -8.96273
-0.0888561 0.137761 37.7203
-0.0996168 0.108018 52.2805
-0.125378 0.126806 54.3038
-0.162275 0.114541 72.3183
-0.099061 0.109112 47.7947
-0.0708417 0.133403 27.7518
0.422711 1.93073 -814.167
-0.0332484 0.160991 2.6115
-0.0368939 0.175108 -0.318142
-0.0334931 0.199923 -10.5184
-0.0119235 0.215375 -27.505
0.00116251 0.215426 -34.84
0.0120154 0.215783 -41.2764
0.0189302 0.22288 -47.7761
0.118069 0.285554 -120.016
0.113075 0.25864 -107.832
0 0 -1
0.116106 0.193334 -100.447
0.106743 0.273113 -120.192
0.0663738 0.286681 -94.7124
0.0362841 0.297266 -76.2271
0.00820333 0.308695 -57.6913
0.0165013 -0.453393 203.745
-0.093032 0.0135311 163.892
-0.0892072 0.0146239 160.33
-0.00547755 0.36497 -25.2931
0.0107822 0.168691 24.459
0.0114361 0.170171 23.3966
0.00870631 0.170763 25.7407
0.00518484 0.17047 29.1806
0.00196509 0.16922 32.7189
-0.000276863 0.166948 35.6989
-0.0016839 0.16369 38.2107
-0.00237469 0.145224 45.106
-0.00232527 0.145135 45.0828
-0.00207034 0.145051 44.8346
-0.00168172 0.145013 44.4193
-0.00139586 0.144943 44.1215
0 0.121965 50.1178
-0.00133883 0.144922 44.0631
-0.00133883 0.144922 44.0631
0.0953217 0.239161 -132.686
0 0.206696 22.2643
-0.00302062 0.0890243 23.8926
-0.00550816 0.0975103 20.954
-0.0174124 0.103631 19.2843
0.0067577 0.12614 9.77755
0.0528712 0.184634 -14.7963
0.00450082 0.255023 -34.2195
-0.0604409 0.191345 -3.95217
-0.00615985 0.217741 -21.554
-0.0174025 0.194407 -10.9862
-0.042483 0.187281 -4.48742
-0.105086 0.204255 15.2128
0.416096 0.114385 -103.07
0.138707 0.0403929 -4.76397
0.164423 0.0539481 -17.1827
0.413407 0.00381945 -79.8797
-0.0102628 0.177058 -3.15664
-0.109841 0.159012 38.2158
-0.177448 0.139705 70.1408
-0.0841035 -0.436268 228.645
-0.0432054 0.107813 24.4164
-0.0348239 0.121395 16.2699
-0.0102524 0.14764 -3.98297
-0.0114343 0.159383 -7.493
-0.016794 0.178248 -11.5715
-0.0164414 0.199748 -19.4518
-0.00892655 0.215202 -29.0547
0.00236593 0.217614 -36.2657
0.0158996 0.218966 -44.6571
0.0329585 0.221365 -55.8304
0.0525911 0.206415 -62.7544
0.0681888 0.189282 -66.7074
0.0812566 0.170622 -68.7461
0.0883056 0.159974 -69.7219
0.10156 0.30914 -128.418
0.0770474 0.318245 -113.238
0.0447738 0.315692 -88.4148
0.0769269 0.30174 -108.544
0.0946926 0.167179 -74.1038
0.0158073 0.0803047 21.0848
0.00756712 0.0858086 26.0601
-0.00126584 0.0813189 35.2043
-0.0483227 0.10931 66.4475
-0.199754 0.0597473 221.48
-0.388801 -0.123088 537.735
0.0687448 -0.164663 118.371
0.00800909 0.435844 -105.299
0.00864177 0.449384 -110.719
0.00555785 0.45455 -109.415
0.00216942 0.457141 -106.839
0.000432375 0.456361 -104.739
-3.11828e-05 0.452919 -103.025
2.75709e-06 -0.327148 241.765
0.0245842 0.550897 -165.56
-0.00320051 0.226967 -16.8623
-0.00345231 0.227352 -16.7091
-3.15096e-06 -0.421317 274.73
0 0 -1
0.042464 -0.316208 185.57
0.000577735 0.0915593 22.9559
0.00048893 0.0989094 20.2511
0.000153842 0.102794 18.8577
0.0267116 0.0612618 31.5195
0.0750858 0.167981 -10.7751
0.10166 0.273994 -51.677
-0.0554359 0.163015 5.08804
-0.0108682 0.168837 -3.52941
-0.0330629 0.178858 -3.1141
-0.0337617 0.198544 -10.2585
-0.0323013 0.310912 -52.1705
-0.0356637 0.423277 -92.9696
-0.0431625 0.529542 -130.356
0.267179 0.699485 -280.731
0.0454786 0.214739 -34.0345
-0.035886 0.186704 2.63273
-0.102084 0.209133 17.3441
0.0247599 0.0704198 9.63284
0.0244377 0.0966839 0.0346313
-0.00131257 0.119107 2.54862
-0.00416347 0.132583 -1.22633
-0.000882613 0.151399 -9.65471
-0.0019374 0.160881 -12.6374
-0.00454996 0.179018 -18.052
-0.00550835 0.198987 -24.9587
-0.00272488 0.213919 -32.0106
0.00472156 0.219107 -38.1389
0.0161808 0.220938 -45.5192
0.0298526 0.219781 -53.3551
0.0444269 0.207724 -58.0176
0.0567085 0.190758 -59.6662
0.063598 0.168809 -56.0927
0.0600123 0.13778 -42.0469
0.05088 0.136758 -35.2182
0.05088 0.136758 -35.2182
0.0389047 0.280884 -71.5249
0.0728462 0.245913 -85.3756
0.104749 0.189979 -91.1329
0.0388674 0.0918598 -2.28841
0.00470436 0.0915236 26.4884
-0.0186366 0.0872483 48.1682
-0.194679 0.0638296 215.393
-0.032924 0.151221 37.0575
0.124068 0.0261171 -66.8933
0.0114169 0.157325 -7.00672
0.0189168 0.114422 1.69115
0.0135027 0.0974475 13.3712
0.00885587 0.0997649 17.2246
0.00574239 0.114755 14.8988
0.00372498 0.140186 7.618
0.00140899 0.171502 -1.47312
-0.00126801 0.21669 -15.2701
-0.00222394 0.22627 -17.7251
-0.00288505 0.226945 -17.2183
-0.00324024 0.227442 -16.9901
-0.00324024 0.227442 -16.9901
-0.134287 8.01488 -2753.57
-0.134287 8.01488 -2753.57
