0 1 3
1 2 3
2 4 3
4 5 3
5 6 3
6 7 3
7 8 3
8 9 3
9 10 3
10 11 3
11 12 3
12 13 3
13 15 0
15 17 3
17 18 3
18 19 0
19 20 3
20 22 0
22 23 2
23 24 3
24 25 3
25 84 3
27 84 3
27 28 3
28 30 3
30 89 3
32 89 3
32 33 3
33 92 3
34 92 3
34 36 3
36 96 3
39 96 3
39 41 3
41 42 3
42 101 3
44 101 3
44 46 3
46 48 3
48 49 3
49 51 3
51 52 3
52 53 3
53 54 3
54 55 3
55 57 3
13 72 0
15 72 1
44 103 3
17 75 3
42 100 3
46 103 3
41 100 3
49 108 3
51 108 3
27 85 3
28 85 3
30 87 3
55 114 3
57 114 3
22 79 1
28 87 3
34 93 3
36 93 3
95 96 3
46 105 3
48 105 3
48 106 3
49 106 3
1 60 3
2 60 3
5 63 3
5 64 0
6 64 0
6 65 0
7 65 0
32 91 3
33 91 3
4 63 3
13 71 0
15 73 3
17 73 3
18 76 3
36 94 3
36 95 3
41 99 3
100 101 3
44 102 3
4 61 3
4 62 3
63 64 3
9 67 3
11 69 0
12 71 0
20 79 3
101 102 3
2 61 3
10 67 3
10 69 0
12 69 0
30 88 3
39 98 3
41 98 3
52 110 3
0 58 3
61 62 3
12 128 0
19 77 3
20 77 3
24 82 3
25 82 3
88 89 3
51 110 3
53 111 3
54 112 3
55 113 3
1 58 3
60 61 3
62 63 3
8 67 3
71 72 1
76 77 0
23 81 3
23 82 3
39 97 3
102 103 3
46 104 3
110 111 3
111 112 3
112 113 3
64 65 3
72 73 1
73 75 3
81 82 3
96 97 3
98 99 3
99 100 3
103 104 3
104 105 3
1 117 3
7 66 0
8 66 0
69 128 3
71 128 3
17 76 3
87 88 3
105 106 3
113 114 3
58 117 3
77 79 3
22 139 2
32 148 3
93 94 3
65 66 3
75 76 3
79 139 3
23 139 3
91 148 3
92 93 3
97 98 3
51 109 3
73 132 3
75 132 3
79 136 3
89 148 3
94 95 3
108 109 3
109 110 3
60 117 3
66 67 1
77 136 3
82 84 3
84 143 3
85 87 3
106 108 3
79 138 3
82 142 3
138 139 3
91 92 3
114 115 3
57 115 3
10 126 3
69 126 1
106 165 3
108 165 3
67 126 3
84 85 3
99 158 3
100 158 3
82 140 3
64 122 2
87 145 3
88 145 3
96 154 3
65 122 2
81 139 3
88 204 3
97 154 3
60 118 3
101 158 3
101 159 3
102 159 3
63 122 3
75 133 3
79 137 3
140 142 3
61 118 3
63 121 3
67 125 3
69 127 3
76 133 3
92 150 3
93 150 3
94 152 3
112 170 3
113 171 3
114 171 3
65 123 0
125 126 3
126 127 0
71 129 3
71 131 3
72 131 1
77 135 1
84 142 3
85 143 3
85 144 3
87 144 3
95 152 3
97 156 3
98 156 3
98 157 3
99 157 3
103 162 3
104 162 3
111 170 3
113 170 3
62 121 3
66 123 2
127 128 3
73 131 3
132 133 3
93 151 3
95 153 3
97 155 3
102 162 3
61 120 3
62 120 3
66 125 1
128 129 3
76 135 3
145 204 3
91 150 3
150 151 3
151 152 3
95 154 3
154 155 3
155 156 3
156 157 3
110 168 3
111 168 3
170 171 3
58 174 3
129 131 3
137 138 3
144 145 3
152 153 3
153 154 3
158 159 3
109 168 3
58 175 3
121 122 3
133 135 3
136 137 3
143 144 3
91 206 3
174 175 3
117 175 3
117 118 3
81 140 3
142 143 3
145 203 3
89 204 3
148 206 3
150 206 3
105 164 3
106 164 3
61 177 3
135 192 3
148 204 3
159 162 3
105 162 3
118 177 3
120 121 3
122 123 0
133 192 3
135 136 0
157 158 3
164 165 3
131 132 3
120 177 3
114 173 3
115 173 3
131 188 3
111 169 3
169 170 3
171 173 3
129 188 3
139 140 3
158 215 3
66 182 0
140 198 3
142 198 3
157 215 3
109 165 3
168 169 3
123 182 0
125 182 0
203 204 3
150 208 3
132 190 3
162 164 3
133 191 3
137 195 1
138 195 1
126 184 3
128 186 3
132 191 3
191 192 3
139 197 3
140 197 3
154 212 3
155 212 3
165 167 3
109 167 3
127 184 1
129 186 3
136 194 3
153 211 3
154 211 3
120 179 0
121 179 0
123 181 0
125 184 3
131 189 3
190 191 3
137 194 1
197 198 3
204 206 3
206 208 3
151 209 3
152 209 3
156 214 3
167 168 3
122 180 0
125 183 3
127 185 3
188 189 3
131 190 3
142 144 3
152 210 3
152 211 3
155 213 3
155 214 3
158 273 3
159 273 3
118 175 3
121 180 0
123 180 2
181 182 3
183 184 3
128 185 3
135 194 2
208 209 3
210 211 3
212 213 3
214 215 3
170 172 3
171 172 3
118 176 3
180 181 3
182 183 1
129 187 3
187 188 3
139 254 1
142 200 3
204 205 3
209 210 3
211 212 3
213 214 3
172 173 3
176 177 3
185 186 3
139 195 1
197 254 1
205 206 3
175 176 3
186 187 3
192 194 0
215 273 3
184 185 0
189 190 3
142 260 3
144 260 3
169 172 3
179 180 3
198 256 3
162 273 3
142 256 3
164 167 3
177 179 3
194 195 3
200 260 3
144 203 3
167 169 3
203 260 3
206 264 3
175 232 3
203 262 3
164 279 1
174 232 3
203 261 3
204 262 3
206 265 3
208 265 3
179 236 3
188 246 2
177 236 3
194 251 3
210 268 3
162 277 3
264 265 3
273 277 3
162 449 3
179 237 3
180 237 3
200 256 3
205 262 3
209 268 3
213 271 3
214 272 3
215 272 3
164 449 3
177 235 3
212 271 3
214 271 3
181 239 3
181 240 3
182 240 3
189 246 0
191 249 2
192 249 2
272 273 3
176 235 3
180 239 3
190 249 2
194 252 3
200 258 3
261 262 3
209 267 3
211 268 3
211 269 3
212 269 3
235 236 3
237 239 3
184 242 3
186 244 1
187 246 0
197 255 3
256 258 3
208 267 3
212 270 3
271 272 3
183 242 3
185 242 1
185 244 1
251 252 3
194 253 3
195 253 3
198 255 3
260 317 3
208 266 3
269 270 3
175 235 3
239 240 3
187 244 1
189 247 0
195 254 3
200 317 3
266 267 3
267 268 3
268 269 3
190 247 0
194 249 1
254 255 0
255 256 3
205 321 3
265 266 3
270 271 3
175 291 2
236 237 3
253 254 3
260 261 3
205 264 3
277 449 0
232 291 3
235 291 3
252 253 3
183 299 0
247 249 1
258 317 3
182 299 3
242 301 1
262 321 3
264 321 3
240 299 3
242 299 0
242 244 1
244 302 3
187 304 0
249 251 0
291 292 3
235 292 3
244 301 3
246 304 2
279 449 0
235 293 3
237 296 3
301 302 3
246 247 2
247 306 3
239 296 3
187 303 0
244 303 0
321 379 3
264 379 3
273 389 3
240 298 3
272 389 3
292 293 3
237 295 3
298 299 3
303 304 3
251 308 3
254 312 3
262 320 3
239 297 3
249 308 2
255 312 3
256 314 3
256 317 3
271 329 3
167 279 1
296 297 3
242 300 3
270 329 3
299 300 1
255 314 3
236 295 3
247 304 3
272 329 3
167 449 3
300 301 1
260 376 3
266 325 3
272 330 3
232 290 3
236 294 3
306 307 3
247 307 3
249 307 2
251 309 3
252 310 3
314 317 3
317 376 3
265 325 3
267 325 3
268 326 3
268 327 3
269 327 3
270 328 3
330 389 3
235 294 3
239 298 3
307 308 3
308 309 3
309 310 3
253 369 3
264 380 3
325 326 3
326 327 3
327 328 3
328 329 3
293 294 3
252 369 3
265 380 3
265 382 1
329 330 3
273 449 3
295 296 3
317 375 3
261 376 3
325 382 1
247 363 3
253 312 3
374 375 3
261 320 3
273 504 3
290 291 3
294 295 3
297 298 3
304 363 3
310 369 3
314 375 3
389 504 3
302 303 0
303 361 3
306 363 3
312 369 3
312 370 3
172 339 3
255 370 3
376 432 3
320 321 3
379 380 3
325 499 3
169 339 3
302 361 0
382 499 0
314 370 3
265 439 3
293 351 3
294 352 3
304 361 3
375 376 3
380 439 3
290 349 3
291 349 3
292 351 3
294 351 3
382 439 0
167 340 1
351 352 3
304 362 3
320 376 3
449 504 3
361 362 3
306 364 3
307 364 3
325 383 3
292 349 3
295 352 3
297 354 3
298 357 3
299 357 3
370 372 3
314 372 3
372 375 3
383 499 3
292 350 3
296 354 3
363 364 3
167 399 1
349 350 3
297 356 3
300 358 3
308 366 3
373 432 3
376 378 3
399 510 0
290 348 3
295 354 3
298 356 3
307 366 3
309 367 3
310 367 3
310 368 3
373 375 3
373 376 3
320 378 3
328 386 3
329 386 3
348 349 3
295 353 3
300 357 0
301 358 0
301 359 3
302 360 3
372 373 3
325 384 3
326 384 3
327 386 3
329 387 3
330 388 3
352 353 3
358 359 1
359 360 3
360 361 0
362 363 3
366 367 3
327 384 3
327 385 3
387 388 3
169 399 1
350 351 3
354 356 3
356 357 3
367 368 3
369 370 3
385 386 3
348 406 3
357 358 1
372 430 3
384 385 3
388 389 3
340 399 1
349 406 3
373 374 3
383 384 3
386 387 3
448 504 3
321 378 3
307 423 3
378 379 3
364 423 3
366 423 3
368 369 3
370 430 3
378 437 3
389 446 3
378 436 3
388 446 3
446 504 3
167 510 3
439 497 3
449 510 3
436 494 3
436 437 3
496 497 3
382 497 0
362 420 3
379 437 3
361 420 3
399 457 3
457 510 0
353 354 3
369 427 3
370 427 3
376 436 3
432 436 3
339 399 1
354 413 3
363 421 3
364 421 3
370 488 3
356 413 3
356 414 3
357 414 3
361 419 3
419 420 3
430 488 3
368 426 3
429 488 0
380 438 3
349 408 3
350 408 3
358 416 0
362 421 3
367 426 3
429 430 0
379 438 3
438 439 3
387 445 3
388 445 3
339 401 1
353 411 3
359 416 0
359 417 0
360 418 0
360 419 0
366 424 3
367 424 3
368 427 3
427 488 3
382 440 3
385 443 3
386 443 3
386 445 3
449 454 1
351 409 3
352 410 3
354 411 3
413 414 3
357 415 3
360 417 0
364 422 3
367 425 3
440 497 0
440 499 0
384 442 3
386 444 3
454 504 0
408 409 3
409 410 3
414 415 3
358 415 0
416 417 0
418 419 3
420 421 3
422 423 3
437 438 3
383 441 3
383 442 3
442 443 3
443 444 3
444 445 3
454 510 0
406 408 3
353 410 3
417 418 3
421 422 3
423 424 3
425 426 3
426 427 3
432 494 3
441 442 3
406 465 1
354 412 3
424 425 3
445 446 3
358 474 3
436 495 3
437 495 3
339 457 1
415 474 1
416 474 1
441 499 3
408 465 1
410 411 3
411 412 3
412 413 3
438 495 3
510 570 1
495 496 3
438 497 3
445 503 3
446 503 3
420 479 2
421 479 2
438 496 3
442 500 3
504 623 3
424 483 3
425 483 3
441 500 3
443 501 3
565 623 3
423 481 3
424 481 3
442 501 3
444 502 3
415 472 1
422 479 2
426 484 3
427 484 3
501 502 3
502 503 3
503 504 3
408 467 1
409 467 1
410 412 3
414 472 1
472 474 1
420 478 2
424 482 3
426 483 3
427 485 3
440 498 3
448 623 3
410 468 1
413 471 1
414 471 1
417 475 1
419 478 2
422 481 3
481 482 3
482 483 3
494 495 3
497 498 1
498 499 0
465 467 3
409 468 1
412 468 1
412 469 1
412 470 1
413 470 1
471 472 3
419 477 2
478 479 3
484 485 3
485 488 3
430 548 1
373 430 3
467 468 2
470 471 3
416 532 3
418 477 3
477 478 3
483 484 3
373 548 1
500 501 3
339 510 3
468 469 0
474 532 0
422 480 3
432 548 1
499 500 3
475 532 2
479 480 3
432 550 1
454 623 0
548 550 3
406 522 1
469 470 3
418 475 1
499 615 2
465 522 3
468 584 2
480 481 3
488 546 3
488 548 3
547 548 3
474 531 3
549 550 3
432 552 3
465 524 3
469 584 1
472 531 1
432 551 2
494 552 3
499 557 3
500 557 3
467 524 3
468 525 2
484 542 0
550 551 0
467 525 3
527 584 1
469 527 3
470 528 3
469 528 3
477 535 3
480 539 0
488 545 1
496 554 1
504 565 3
525 584 3
471 529 3
475 477 3
480 538 0
481 539 0
482 540 0
495 552 3
495 553 3
502 560 3
510 623 3
527 528 3
470 529 3
472 529 3
475 533 3
483 541 3
483 542 0
484 488 3
545 546 0
546 548 3
551 552 3
495 554 2
503 560 3
509 510 3
339 509 3
465 581 0
524 581 0
472 530 3
478 536 0
479 536 0
481 540 0
552 553 3
498 556 3
557 615 2
501 559 3
509 631 1
509 576 1
532 533 0
475 536 0
477 536 0
535 536 0
538 539 3
539 540 3
483 540 0
488 544 1
546 547 3
553 554 3
496 498 1
500 559 3
559 560 3
529 530 3
530 531 1
537 538 3
541 542 3
488 542 2
544 545 3
528 529 3
479 537 0
480 537 0
499 556 1
533 536 0
478 535 3
540 541 3
496 556 1
524 525 3
531 532 0
504 564 3
522 581 0
548 549 3
536 537 3
503 561 3
500 616 3
503 564 3
556 615 0
561 564 3
559 616 3
560 561 3
537 539 3
547 549 3
550 608 3
551 608 2
557 616 3
559 617 3
536 592 1
542 601 3
488 601 2
553 611 1
529 588 0
530 588 0
533 592 3
542 600 3
552 611 1
616 617 3
528 587 0
529 587 0
541 599 2
542 599 3
544 601 2
545 603 2
546 603 3
549 606 3
560 617 3
531 588 0
547 606 3
552 610 1
610 611 3
525 583 0
533 591 3
599 600 3
600 601 3
547 605 3
551 610 3
564 565 3
522 580 0
583 584 1
527 585 0
528 585 0
591 592 3
539 655 3
540 598 3
541 598 2
544 603 2
556 614 3
614 615 0
528 586 2
531 589 3
532 589 1
546 605 3
554 612 3
505 560 3
505 561 3
510 566 3
585 586 1
586 587 0
587 588 0
588 589 1
536 594 3
537 595 3
537 596 3
539 596 3
598 655 3
549 607 3
611 612 3
564 622 1
566 623 3
584 585 0
537 594 3
596 655 3
544 602 2
550 607 3
565 622 3
594 595 3
595 596 3
601 602 3
496 612 1
505 617 3
533 589 1
602 603 3
607 608 3
615 616 0
580 581 3
605 606 3
606 607 3
496 613 1
608 610 3
612 613 3
556 613 3
564 680 1
622 680 1
589 648 0
533 648 1
524 583 0
598 599 3
505 564 3
562 564 3
509 566 3
591 648 1
613 614 3
562 621 1
591 649 1
592 594 2
562 680 1
592 650 1
608 667 3
610 667 3
546 662 3
505 616 3
581 583 3
603 662 3
605 662 3
606 664 3
607 665 3
562 622 1
562 565 3
581 640 1
583 640 1
605 664 3
581 639 3
585 643 1
586 643 1
592 649 1
615 673 2
616 674 1
639 640 1
606 665 3
616 673 1
505 674 1
580 639 3
610 668 3
583 641 2
584 641 0
584 643 1
586 645 1
587 645 3
592 651 1
594 651 3
603 661 3
563 623 3
588 645 1
661 662 3
563 565 3
563 683 1
588 646 1
589 646 0
648 649 0
601 659 3
605 663 3
663 664 3
667 668 3
610 669 3
611 669 3
580 638 0
640 641 0
584 642 0
645 646 3
589 647 0
649 650 1
598 657 3
599 657 3
600 657 3
600 658 3
600 659 3
602 659 3
662 663 3
664 665 3
607 666 3
608 666 3
612 670 1
613 671 1
614 672 3
562 563 3
563 682 1
642 643 1
646 647 3
647 648 3
594 652 3
595 652 3
595 653 3
596 653 3
598 656 3
602 660 3
669 670 3
670 671 2
614 671 2
682 683 3
638 639 1
641 642 2
596 654 3
655 656 3
656 657 3
658 659 3
659 660 3
603 660 3
668 669 3
650 651 0
652 653 3
654 655 3
651 652 3
653 654 3
665 666 3
666 667 3
614 673 3
643 645 0
657 658 3
671 672 2
673 674 3
660 661 3
672 673 3
663 721 3
640 699 2
641 699 1
667 725 2
505 733 1
645 703 3
674 733 1
505 792 1
564 792 1
647 706 3
648 706 3
733 792 3
638 640 1
655 713 3
650 708 0
654 713 3
666 725 1
562 792 1
638 697 3
661 719 3
662 719 3
673 732 1
674 732 1
656 715 3
657 715 3
640 697 0
643 701 3
645 701 1
662 721 3
649 706 1
652 710 3
653 710 3
640 698 3
651 708 3
651 709 3
662 720 3
664 722 2
638 696 3
698 699 2
642 699 3
701 703 0
649 708 1
652 709 3
656 713 3
659 717 3
660 719 3
663 722 2
665 723 1
666 723 1
666 724 1
668 726 3
642 700 3
642 701 1
645 704 3
646 704 3
647 704 3
649 707 1
656 714 3
658 717 3
660 717 3
719 720 3
664 723 2
669 726 3
669 727 3
670 728 3
671 729 1
672 730 1
673 731 1
732 733 3
696 697 3
697 698 1
699 700 3
700 701 1
706 707 3
707 708 3
654 712 3
660 776 3
720 721 3
721 722 0
724 725 2
667 726 3
670 727 3
728 729 3
729 730 3
730 731 3
731 732 3
647 762 3
653 712 3
714 715 3
658 715 3
719 776 3
723 724 2
727 728 3
704 762 3
708 709 3
710 712 3
712 713 3
713 714 3
722 723 2
709 710 3
717 776 3
726 727 3
706 762 3
658 716 3
725 726 1
703 704 1
716 717 3
792 851 0
715 716 3
562 851 1
701 760 0
703 760 2
710 768 3
709 768 3
710 769 3
732 791 3
733 791 3
712 769 3
726 784 3
727 784 3
563 566 3
791 792 3
706 764 3
768 769 3
725 783 1
730 788 3
731 788 3
697 755 1
698 755 1
762 764 3
708 766 3
709 766 3
724 783 3
727 785 3
728 786 3
729 788 3
696 755 1
698 757 1
699 757 1
701 759 3
706 765 3
707 765 3
713 771 1
716 773 1
784 785 3
727 786 3
696 754 1
700 758 1
700 759 1
759 760 0
703 761 1
703 762 1
769 770 3
712 770 3
712 771 1
715 773 1
776 777 3
719 777 3
720 778 3
721 779 3
722 780 1
723 780 1
723 781 1
729 786 3
731 789 3
732 790 3
754 755 3
757 758 3
765 766 3
714 772 1
717 775 3
775 776 3
777 778 3
721 778 3
779 780 3
780 781 1
724 781 3
724 782 3
726 783 3
788 789 3
789 790 3
790 791 3
758 759 1
770 771 1
713 772 1
772 773 3
778 779 3
781 782 3
782 783 3
760 761 3
716 775 1
785 786 3
761 762 3
771 772 3
709 767 3
783 784 3
755 757 3
764 765 3
766 767 3
767 768 3
760 817 1
755 814 0
759 817 0
773 775 3
757 814 0
762 820 1
792 850 0
773 832 3
729 845 3
791 850 0
850 851 2
757 815 3
764 820 2
775 833 3
786 845 3
788 845 3
814 815 1
768 826 3
769 826 3
772 830 3
773 830 3
773 831 3
761 820 1
831 832 3
775 832 3
758 817 0
765 823 3
766 823 3
766 824 1
769 828 1
770 828 1
779 837 3
785 843 3
509 1041 1
757 816 3
758 816 3
816 817 0
760 818 2
820 821 0
767 824 1
771 829 3
830 831 3
832 833 3
778 837 3
780 837 3
784 843 3
786 843 3
761 818 2
764 821 2
765 822 3
771 828 3
772 829 3
776 833 3
754 812 0
755 813 0
761 819 1
764 822 3
823 824 1
769 827 1
776 834 3
777 835 3
778 836 3
780 838 1
781 839 3
782 840 3
783 841 3
784 842 3
786 844 3
789 847 3
790 848 3
791 849 0
562 1025 1
812 813 3
815 816 3
819 820 3
822 823 3
827 828 0
833 834 3
834 835 3
835 836 0
836 837 3
837 838 1
838 839 3
839 840 3
840 841 3
841 842 3
842 843 3
843 844 3
788 847 3
847 848 3
848 849 0
849 850 1
851 1025 1
813 814 3
817 818 0
767 826 3
826 827 1
818 819 3
767 825 1
828 829 3
844 845 3
821 822 3
824 825 2
825 826 0
829 830 3
563 1025 1
850 908 0
851 908 0
816 875 0
817 875 2
824 882 3
828 886 3
829 886 3
823 882 1
849 907 1
509 563 3
814 872 1
815 872 3
818 876 2
819 876 2
819 878 2
820 878 2
509 1042 1
829 888 3
830 888 3
1041 1042 0
813 872 1
815 873 2
823 880 3
832 890 3
833 890 3
834 892 3
835 892 3
845 903 3
845 963 3
788 963 3
788 905 3
848 907 0
816 874 3
818 875 2
819 877 2
821 878 1
822 880 3
831 889 3
847 905 3
847 906 3
848 906 3
812 870 1
813 871 1
815 874 3
823 881 1
825 882 2
826 884 1
827 884 2
830 889 3
835 893 1
836 894 1
837 895 1
838 896 3
839 897 3
840 898 3
841 898 3
841 899 3
842 900 3
843 901 3
844 902 3
845 902 3
903 963 3
905 963 3
850 907 0
870 871 3
871 872 3
872 873 3
873 874 3
874 875 3
881 882 1
825 883 3
825 884 1
889 890 3
833 892 3
892 893 1
893 894 3
894 895 2
895 896 2
896 897 3
897 898 3
898 899 3
899 900 3
900 901 3
901 902 3
902 903 3
905 906 3
906 907 0
877 878 3
880 881 1
875 876 3
876 877 3
882 883 2
828 884 3
886 888 3
821 880 3
907 908 3
908 1025 0
883 884 1
888 889 3
890 892 3
821 937 3
886 944 3
890 949 3
892 949 3
962 963 3
878 937 0
888 944 3
888 946 3
903 962 3
884 886 3
903 961 3
907 965 0
908 965 0
908 966 0
880 937 3
882 940 1
883 940 1
961 962 3
874 932 1
875 933 1
876 933 3
884 944 3
889 947 3
966 1025 3
872 931 2
873 931 3
874 933 1
883 941 2
889 946 3
901 959 3
902 959 3
902 961 3
965 966 3
870 928 3
871 929 3
872 930 3
932 933 3
878 936 3
880 938 3
881 939 1
884 941 0
890 948 3
892 950 3
893 951 2
894 952 0
895 953 0
896 954 3
897 955 3
898 956 3
899 957 3
900 958 3
900 959 3
902 960 0
906 965 3
928 929 3
929 930 3
930 931 3
877 933 3
877 935 3
878 935 3
937 938 3
938 939 1
882 939 1
884 942 1
944 946 3
946 947 3
947 948 3
948 949 3
949 950 3
950 951 1
951 952 0
952 953 3
953 954 3
954 955 3
955 956 3
956 957 3
957 958 3
958 959 3
959 960 0
906 963 3
933 935 3
936 937 0
960 961 1
873 932 1
935 936 3
941 942 1
939 940 2
940 941 0
884 943 3
931 932 3
943 944 3
942 943 0
906 1022 3
963 1022 3
966 1024 3
1024 1025 3
965 1022 3
942 1000 3
946 1004 3
947 1004 3
965 1023 3
930 989 3
931 989 3
963 1021 3
1022 1023 3
962 1021 3
930 988 3
988 989 3
935 994 3
936 994 3
944 1002 3
944 1003 3
932 989 3
933 992 3
940 998 1
943 1001 3
946 1003 3
1021 1022 3
932 990 3
935 992 3
937 994 1
937 995 3
938 995 3
933 990 3
1002 1003 3
928 986 3
929 987 3
929 988 3
992 993 3
935 993 3
994 995 0
938 996 3
939 997 0
939 998 1
941 998 3
943 1002 3
947 1005 0
948 1006 0
949 1007 0
950 1008 0
951 1009 0
952 1010 0
953 1011 0
954 1012 0
955 1013 0
956 1014 0
957 1015 0
958 1016 0
959 1017 0
960 1018 3
961 1019 0
961 1020 3
962 1020 3
1020 1021 3
986 987 3
987 988 3
995 996 3
996 997 3
997 998 1
1001 1002 3
1004 1005 0
1005 1006 3
1006 1007 3
1007 1008 3
1008 1009 3
1009 1010 3
1010 1011 3
1011 1012 3
1012 1013 3
1013 1014 3
1014 1015 3
1015 1016 3
1016 1017 3
1017 1018 3
1018 1019 3
965 1024 3
942 998 1
943 1000 2
1019 1020 1
993 994 3
998 1000 0
1003 1004 3
989 990 3
1000 1001 3
1023 1024 3
