-0.00530508 -0.183834 28.2004
-0.00418297 -0.181111 28.1463
0.000833138 -0.147013 27.4269
-0.014403 -0.145703 28.3498
0.0192778 -0.172458 25.4404
0.0628813 -0.177939 21.591
0.0989802 -0.0958828 15.8516
0.139979 -0.075299 9.3387
0.159451 -0.0180036 5.48951
0.162891 -0.0229187 4.77377
0.109458 -0.000967976 15.5194
0.109632 -0.0323711 16.0184
0.0924252 -0.0714169 21.0629
0.0924234 -0.0435269 20.5585
-0.0294199 -0.0288626 38.9499
-0.111787 -0.00847439 57.9673
-0.0698221 -0.0278317 44.0774
-0.0891296 -0.0451422 51.3705
-0.072429 -0.04925 44.6005
0.0720504 -0.13568 -19.4252
0.0624687 -0.170825 -14.5521
-0.0413208 -0.290737 36.8789
0.245553 -0.00400597 -111.043
-0.00664475 -0.082551 13.8068
-0.01327 -0.0850419 16.8712
-0.00530547 -0.0976422 12.9735
0.022944 -0.0934799 -2.70889
-0.00660365 -0.0732659 14.1635
-0.0161468 -0.0829039 19.9505
0.185673 0.0232711 -109.027
-0.0403198 -0.0600206 34.8511
-0.0106478 -0.012549 12.5837
-0.0380296 -0.00303576 31.5456
-0.0406613 -0.0113185 33.4691
-0.0203431 -0.043052 18.8346
-0.0319684 -0.0419763 27.6649
-0.0124323 -0.0129831 11.9805
-0.00437458 -0.0335043 6.16028
0.00492857 -0.0645206 -0.65465
-0.0210839 -0.0591795 21.028
-0.00810951 -0.0246532 9.17181
-0.0120213 -0.0154144 12.403
-0.00777656 0.00446783 8.36159
0.00641638 -0.0738685 -3.97244
0.0067006 0.0121719 -5.24179
0.000256678 0.00157578 0.498007
0.00204541 0.0155143 -0.675646
-0.000591523 0.00361111 1.30973
-0.00500537 0.0153519 6.50968
-0.00940896 0.0153498 11.1227
-0.00095855 0.000981294 1.76271
-0.0109901 0.0165705 12.8052
-0.0115834 0.0168089 13.454
-0.0108069 0.0168167 12.5532
-0.00998441 0.0159235 11.6057
-0.0101515 0.0157116 11.801
-0.00882804 -0.095205 13.3514
-0.0104409 0.0161249 12.1422
-0.00959751 -0.184815 28.2761
0.0169137 -0.192497 27.7716
-0.00862206 -0.183273 28.5338
-0.00841713 -0.190992 28.016
0.0210795 -0.184225 25.4202
0.0129085 -0.170089 26.3686
0.00804916 -0.00304938 20.9469
-0.0145179 -0.00403206 24.3496
-0.0276368 0.0199893 25.8428
0.127856 0.0127357 11.4092
0.0682128 0.00249281 24.434
0.0381105 -0.102396 14.0395
-0.0301968 -0.0654626 30.5499
-0.0256722 -0.00827915 26.532
0.00447162 -0.604413 39.4457
-0.0690152 -0.0457541 44.7135
-0.0694685 -0.0365719 44.441
-0.0770872 -0.0660366 48.2753
-0.0920864 -0.0644768 53.4087
0.0435931 -0.145934 -6.90338
0.034468 -0.153872 -2.61476
0.0131391 -0.184035 8.16705
0.00869008 -0.122382 6.68673
0.00716485 -0.0988195 6.44108
-0.00200813 -0.0727598 10.6055
0.00801367 -0.0707801 4.93004
0.00504818 -0.0723446 6.42112
0.0103903 -0.0973091 4.15564
0.0236166 -0.0847813 -4.96967
0.00723662 -0.0785626 5.38975
-0.0247539 -0.0651718 25.3316
-0.0484946 -0.0316057 38.7758
-0.033166 -0.00371267 28.2583
-0.0615994 -0.0103101 48.0264
-0.0320358 -0.0280818 27.3523
-0.0338522 -0.014205 28.5446
-0.0175738 -0.00682249 15.6277
-0.00951896 -0.00117549 9.25571
-0.00103474 -0.0203752 2.97173
-0.00664776 -0.0055018 7.34803
-0.0143257 -0.0104544 14.1938
-0.00314526 -0.00497051 4.2479
-0.00513071 -0.00101468 5.99131
0.00618565 0.00745427 -4.70986
0.0121821 0.0131009 -10.5344
0.00620202 0.0171459 -4.82554
0.0022585 0.0171566 -0.911492
-0.00198325 0.0156637 3.42881
-0.00772595 0.0158545 9.33989
-0.00397564 0.00993213 4.83066
-0.00983042 0.0165265 11.5465
-0.00965646 0.0176971 11.2918
-0.011762 0.0174142 13.6431
-0.011445 0.0189193 13.2149
-0.0109674 0.0169181 12.7283
-0.0105016 0.016581 12.1861
-0.0103567 0.0168723 12.0064
-0.0106481 0.0169558 12.3633
0.00272695 -0.188182 27.7105
-0.00504431 -0.187349 28.3873
-0.026069 -0.181244 29.1855
-0.149867 -0.273013 39.6479
0.0237877 -0.17431 24.8789
0.0244096 -0.170432 24.4209
0.0577786 -0.200489 22.0004
0.347559 -0.343053 -22.1788
0.0722207 -0.0456879 10.1137
0.0686347 0.0130687 23.9736
0.0785163 0.00121804 22.2267
0.0545528 -0.0690984 8.09207
-0.00724011 -0.0705565 24.6818
-0.00982702 -0.0421589 23.5056
0.00446015 -0.0673268 20.6535
-0.0135894 -0.0792126 26.8767
-0.0338817 -0.0668456 32.693
-0.079395 -0.0345339 47.8767
-0.107279 -0.00950461 57.7881
-0.103416 -0.0884514 59.9873
0.00536899 -0.0647767 6.38812
-0.0208263 -0.167913 22.4245
-0.0113627 -0.144892 17.1669
-0.00310333 -0.0920712 11.5684
0.012228 -0.0276792 0.190834
-0.0255851 0.0140536 19.2879
-0.0165074 -0.0109174 15.597
0.0278852 -0.0622352 -8.74876
0.0014861 -0.0539038 6.93729
0.000593889 -0.0501003 7.768
-0.0126703 -0.0149494 14.3895
-0.024444 -0.000481214 22.3167
-0.0356834 0.00485535 30.1295
-0.0541496 -0.00502664 42.5309
-0.02888 -0.00375485 24.0611
-0.0152785 0.00023555 13.7349
-0.0024357 0.0209158 2.59609
0.00742154 0.0246253 -5.60774
0.00497634 0.00888895 -2.7158
-0.0216054 0.00260514 20.1581
-0.00977279 -0.00167474 10.0847
0.000547521 -0.00089459 0.826834
0.0104099 0.00856239 -8.63913
0.015533 0.0137263 -13.8503
-0.00651743 0.0994814 1.86735
-0.0102467 0.0839605 6.6384
0.00746363 0.0159218 -5.95914
0.012456 0.075353 -15.7854
-0.00240634 0.0133313 4.01335
-0.00786997 0.0172103 9.41632
-0.015222 0.084901 13.1446
-0.00472282 0.0201049 5.72895
-0.00971817 0.0189354 11.2614
-0.00955402 0.0221013 10.766
-0.0113885 0.019768 13.0887
-0.0105715 0.0189376 12.1554
-0.0119733 0.0232567 13.4529
-0.0113444 0.0192565 13.0677
-0.0198666 -0.172322 27.5914
-0.0214391 -0.183835 28.4076
-0.0166457 -0.203433 29.484
-0.0343082 -0.177976 28.8947
-0.0202949 -0.0648848 16.4538
-0.05817 -0.0962905 23.636
-0.0576542 -0.0581657 20.5242
-0.0408308 0.000147796 12.8706
-0.0223408 0.0347565 7.06653
0.0537553 0.00282146 27.9107
0.0424823 0.00212918 30.1333
0.0400899 -0.052823 11.2224
0.00660129 -0.0535377 19.7466
-0.00468705 -0.0335861 21.6766
-0.0381621 -0.041785 31.727
0.00618358 -0.0697265 18.9437
-0.0035703 -0.126487 26.4057
-0.0308197 -0.0477964 30.7564
-0.0948951 -0.0240101 54.0368
-0.275502 -0.0122305 128.295
0.00808065 -0.0241549 4.62367
0.0261569 -0.0233789 -2.94142
-0.0464568 0.0627428 24.5763
0.0259598 -0.019613 -6.94161
0.00946503 -0.00679193 2.0901
-0.0408926 0.00253528 28.6863
-0.0259418 -0.00105836 19.8087
-0.000812804 -0.000927373 5.11264
0.0016291 -0.0192868 5.28875
0.0244926 -0.0229179 -8.27006
-0.0237177 -0.0209914 22.0549
-0.0388447 -0.0368812 34.9337
-0.0582945 0.00828974 44.5647
0.0228263 -0.0152047 -13.0046
-0.0207597 0.0183014 16.5533
-0.00265918 0.0239113 2.59121
0.00122652 0.0299499 -0.465331
-0.00680858 0.0153598 7.09497
-0.0104691 -0.00416545 11.5718
-0.0217995 0.000395563 20.4006
-0.0119302 -0.0019228 11.9083
0.0128565 0.00892147 -10.9152
0.0168993 0.00941627 -15.0419
0.194429 0.0886328 -185.921
0.0258432 0.110875 -30.5913
0.309138 0.0691756 -299.315
0 0.227291 -11.1962
0.0615439 0.298398 -29.8288
-0.027138 -0.0542161 36.3104
0 0.0337183 1.75186
-0.0023093 0.00124338 3.26954
0 0.0337183 1.75186
0 -0.00162021 4.35176
-0.00528953 0.00220215 10.2205
0 -0.157747 14.8481
0.00901301 0.0204192 -8.08012
0 0.0337183 1.75186
0 0.0337183 1.75186
-0.0298529 -0.138781 24.9101
3.54374e-05 -0.0194169 10.9418
-0.0137885 -0.065084 16.5259
-0.0440395 -0.116071 23.34
-0.047295 -0.121765 24.7855
-0.0360514 -0.0956789 21.2948
-0.0508878 -0.0714377 21.0027
-0.0253127 -0.00938253 10.7933
-0.0119649 0.0242514 6.0112
-0.0134692 0.037981 5.12759
0.0401688 0.0163614 29.5099
0.0274835 0.0215833 31.6983
-0.0709056 0.0107861 70.1841
-0.0345987 -0.0246767 29.8274
-0.1496 -0.507636 105.249
-0.0136633 0.0132246 7.51871
0.0741058 -0.205148 -1.80627
0.0305099 -0.42131 39.15
-0.0922528 -0.0283531 45.8526
-0.00177536 0.000275211 6.55627
0.00682739 -0.0307681 5.88063
0.048473 -0.0625121 -9.76486
0.120508 -0.0848597 -41.798
0.0251435 -0.0288212 -4.55734
-0.0273599 -0.0265807 24.1665
-0.019191 -0.0675205 23.3046
-0.042855 -0.0326685 32.8914
0.00852518 -0.0208425 2.01041
0.00404445 -0.0216673 4.1255
0.0159597 -0.0442305 0.0921787
-0.027841 -0.0344894 26.7127
-0.0321652 -0.0471661 30.5032
-0.0429063 -0.0228315 35.4244
0.00589404 0.00568818 -1.4386
-0.0127083 0.0212376 10.2696
-0.0130174 0.0343079 9.56291
-0.00934201 0.00953237 9.3192
-0.0133975 -0.00745154 14.1244
-0.0192219 -0.0217039 20.2844
-0.02063 -0.0139621 20.9531
0.00629057 0.0014092 -4.40665
0.0197772 0.00678333 -17.107
0.0223456 0.00939763 -20.1629
0.0288147 0.0309081 -27.3893
0.412341 0.00827103 -394.826
0.0585078 0.113947 -61.8466
0.000213241 0.0862669 -0.601856
0.0300311 -0.0462672 31.1658
-0.0304108 -0.119856 100.847
-0.0191445 -0.144572 92.5381
0 -0.12819 70.5013
0.0118327 -0.0801281 52.9909
-1.1707e-06 -0.0234375 60.9193
-0.0572213 -0.122247 135.897
0.011793 -0.0828101 52.4918
0.0223156 -0.0960239 40.913
-0.00430479 -0.066916 70.1604
-0.0149673 -0.0720526 83.8808
-0.00630043 -0.0499196 15.3185
-0.0294829 -0.0677353 17.5238
-0.0109418 -0.013893 10.8447
-0.0361249 -0.0134805 12.474
-0.0647859 -0.0244841 15.9641
-0.054153 -0.0458296 17.2045
-0.0111472 -0.0281048 10.4365
0.0293965 0.0154013 -0.541373
0.0106276 0.0331618 0.908684
-0.00172333 0.0359095 2.94302
0.0601353 0.0177244 24.9878
-0.0687242 -0.000679431 70.8152
-0.074518 0.0120808 71.0929
-0.106844 0.0246242 36.2596
-0.0417703 0.0204384 15.7236
-0.0193457 0.0172297 8.97005
-0.00785853 0.0316657 3.33026
0.0127848 0.0394483 -5.0901
0.0108314 -0.00100068 1.82992
-0.0093036 -0.0036874 10.2895
-0.0150496 -0.0183493 14.5331
-0.0218074 -0.0476246 20.4609
-0.00216212 -0.102527 18.0527
0.0252855 -0.084934 1.34578
-0.00521565 -0.0596901 14.8986
-0.0208104 -0.0661049 23.0726
-0.00795657 -0.0507338 13.889
-0.00287064 -0.0480348 11.5585
0.0273853 -0.0512856 -6.72284
-0.0116463 -0.0579286 18.77
-0.0184161 -0.0484916 21.3223
-0.0331777 -0.0392691 29.9964
-0.0153748 -0.0148249 15.2982
0.572643 0.035404 -406.439
0.0818547 -0.0798548 -32.7626
-0.000685519 -0.00546937 4.20427
-0.0174875 -0.000878566 16.838
-0.0255678 -0.00382002 23.4287
-0.0198365 -0.00165121 18.4399
-0.0134164 -0.00163802 13.1699
0.0012296 -0.00355427 0.530885
-0.0114659 -0.00169618 11.42
0.00402734 0.00270379 -3.06536
0.0369328 0.00372337 -32.6404
0.00184369 -0.0139168 0.595896
0.186384 -0.578683 -110.667
-0.00536439 0.0104606 7.49382
0.240385 -0.0509746 -223.013
0 -0.0698509 25.4407
-0.00902469 0.0283616 9.25767
0.0262959 0.15742 28.0034
0 -0.0698509 25.4407
0 -0.0698509 25.4407
0 -0.0698509 25.4407
0 -0.0698509 25.4407
0 -0.0698509 25.4407
0.142969 -0.753299 91.4016
0 -0.0698509 25.4407
0.00429151 -0.0402148 14.1015
0.000241835 -0.0272983 12.6151
-0.024253 0.00120638 9.97316
-0.0309468 0.00845058 9.46603
-0.0677852 0.0103164 12.3818
-0.0307277 0.0377016 4.30641
0.0168357 0.0317252 -1.33388
0.0380106 0.0371986 -4.56805
0.0300063 0.0339368 -2.712
0.0199868 0.0332879 -0.808756
0.0667388 -0.0106319 27.2601
-0.0554246 -0.0075086 68.3767
-0.0754066 -0.00332568 73.4101
-0.107183 0.0185522 36.8817
-0.044322 0.0376355 14.0145
-0.0120866 0.0214621 5.95125
-0.0111889 0.0372994 3.80647
0.0135442 0.0313819 -3.98998
0.00143526 0.00694262 4.47478
-0.0160197 -0.0167427 14.7945
-0.0230341 -0.0201768 18.507
-0.0286784 -0.0304437 21.6755
-0.0124104 0.000666546 8.8112
0.0106876 -0.0462115 3.93391
-0.00342263 -0.035931 9.30835
-0.000259294 -0.0127335 4.08131
0.0103925 -0.0274709 -0.424895
-0.00327596 -0.0321078 8.93747
-0.00241903 -0.0298287 8.9846
-0.00151603 -0.0635147 12.9799
-0.0115405 -0.0236824 13.8267
-0.00638712 -0.026019 10.6019
0.00714092 -0.0131188 -0.463002
-0.00607563 -0.0376131 26.3777
0.0122555 -0.0569112 15.2874
0.00247979 -0.00417748 1.4791
-0.0104932 -0.000558374 11.2368
-0.0225084 -0.00885622 21.7009
-0.0103692 -0.00375295 10.9632
-0.0161995 -0.00841491 16.6301
-0.00183613 0.000514496 2.80072
0.015345 0.00617405 -13.1881
0.0127679 0.0116515 -11.9975
0.00149835 0.00401213 -0.835646
0.185901 0.012559 -173.933
0.0171194 0.219107 -43.2878
-0.0112214 0.322799 -30.2024
1.35547 1.56641 -1558.79
0.00044427 -0.463188 123.584
0.000248041 -0.0489774 63.4965
0.036536 0.10124 24.0218
0.381624 -0.0206033 -306.927
0.216588 -0.0427204 -119.333
-0.0798301 0.305094 68.1568
-0.294336 0.169661 339.467
-0.129297 -0.196094 353.36
-0.484757 0.205761 725.726
0.00428701 0.0516608 155.854
-0.00104372 -0.0120995 9.21039
0.0249821 -0.0160965 10.0569
0.0184316 -0.0204903 10.9581
-0.0109292 0.0173499 6.6573
-0.0264356 0.0428113 3.6193
-0.0126647 0.0584857 -0.399717
-0.00469195 0.0668996 -2.74614
0.0212354 0.0496203 -3.65165
0.00762579 0.0250113 2.69359
0.0127071 0.0101494 3.9775
-0.0925036 0.0727625 25.5142
0.00192318 0.0320293 2.43419
0.00993272 0.166585 -21.7576
-0.0614162 0.0500511 17.6781
-0.0539356 0.0189777 20.4895
-0.0158217 0.0222847 7.31766
0.0180863 0.0427493 -7.81639
0.0120776 0.0316187 -3.27859
-0.0263142 0.00929691 14.9284
-0.0358026 -0.0166408 22.6265
-0.0120417 -0.000519853 10.4387
-0.0209216 0.0145841 11.1091
-0.00334082 0.0298241 0.23493
-0.22404 0.0315279 116.091
-0.0156921 0.015764 7.50581
0.00709869 0.00930416 -3.50032
-0.00398134 0.0362969 -0.0690267
-0.0105755 0.0820837 -4.8441
0.108047 -0.221704 -30.6979
0.0829588 -0.128856 -31.9822
-0.0194802 0.00832028 13.5121
-0.0060292 -0.0116631 8.03783
-2.09554e-05 -0.013247 4.42192
-0.00145771 -0.0144144 5.9824
-0.00290709 -0.0322222 23.0699
-0.0107419 0.0066096 10.067
-0.0143867 0.000843888 13.6609
-0.0182487 -0.00242126 17.2135
-0.0120395 -0.0037236 12.0803
-0.000546241 -0.00231822 2.22117
0.0129829 0.0108922 -11.8915
-0.117907 0.0425949 98.0075
0.0295271 0.00691383 -25.5974
0.00915636 0.010505 -7.40949
0.276312 -0.0345804 -252.314
-0.00248519 -0.0301683 13.0089
-0.000780576 -0.0315947 11.6188
0.978761 0.000576332 -949.647
-0.120252 -0.0693512 200.836
0.0144238 0.170761 11.1883
0.175182 -0.0686432 -148.475
0.372279 -0.00971724 -298.461
-0.031962 -0.0441714 102.616
-0.126542 -0.00958983 170.43
-0.071349 0.142835 82.607
0.000323947 0.0482342 108.75
-0.0690379 0.682488 148.983
-0.000117884 0.040143 110.646
0 0.145501 19.6687
-0.0746116 0.0933629 34.4219
0 0 -1
-0.052532 0.0610296 39.4836
-0.68493 0.0817757 92.2399
-0.13946 0.0433935 36.3889
-0.079687 0.0557868 25.745
-0.0330125 0.0470129 20.3893
-0.00987425 0.062097 13.6377
0.0181751 -0.0142581 38.2739
-0.00656133 -0.0308709 46.5229
-0.033273 -0.166111 55.0995
-0.0354049 0.246898 -22.8402
-0.0379363 0.254259 -23.2703
-0.0583824 0.331079 -32.9487
-0.0427975 0.23017 -19.7015
-0.0261316 0.117865 -4.37696
-0.0130086 0.0616476 0.921036
-0.0509369 0.0639815 15.1125
-0.0259655 0.0203605 12.5637
-0.00921456 0.046558 0.759007
-0.00725045 0.046256 -0.729966
-0.0115911 0.0389818 2.38888
0.00594084 0.0683342 -11.3257
0.0272066 0.078384 -23.0521
0.0572426 0.106716 -42.8785
0.30427 0.0661871 -174.512
0.0731749 0.0256449 -34.5737
-0.0215586 0.036483 20.6233
0.0120808 0.00995687 -2.58634
-0.0327976 0.0695644 12.9396
-0.0256719 0.0577112 9.78787
0.00859855 0.0055627 -5.47994
0.00178552 -0.0164406 3.77744
0.0427962 0.00662437 -17.5785
0.0285095 0.0102472 -20.75
-0.0208318 0.0381395 11.9205
-0.0229667 0.0168777 17.6159
-0.0111899 0.0320612 5.12603
0.01589 0.0365323 -18.7289
0.0241169 0.0147383 -22.6202
-0.0042773 0.0599326 -5.19979
0.01624 0.00380775 -13.326
-0.00789845 0.0194835 6.5886
0.272474 0.0390625 -261.11
-0.00901668 0.0326767 8.39241
-0.0054823 0.0288252 5.24388
0.307988 -0.0679722 -242.82
-0.141806 -0.0762107 224.401
0.0151346 0.17544 9.58506
0.173722 -0.0699149 -146.683
-0.23791 0.0180608 317.675
0.0214665 -0.152704 119.703
0 -0.117472 52.951
0.0207291 -0.313346 66.315
0.00100885 -0.298095 168.654
0.000732735 -0.0664451 128.169
-4.88281e-05 -0.300781 170.395
-0.0746116 0.0933629 34.4219
0 0 -1
-0.0590001 0.0679813 39.2489
-0.117648 0.0386106 48.6862
-0.168616 0.0308041 54.0702
-0.106096 0.0720791 26.6214
-0.0986292 0.0038595 38.7474
-0.029314 0.0313246 23.0349
0.0145058 0.0661537 8.67724
0.0303467 0.00357787 32.5563
-0.191334 0.0698685 49.0942
0.0656233 -0.219431 41.0204
0.0624549 -0.222283 41.767
-0.0812283 0.275623 -15.2254
0.0140789 0.298544 -63.8815
0.0167815 0.325276 -70.1292
0.00445789 0.130054 -23.579
0.0139543 0.336261 -70.1453
0.000396877 0.304707 -58.6715
-0.028669 0.121449 -7.72826
0.0537075 0.334543 -87.7714
0.125142 0.291992 -111.239
0.126575 -0.397318 35.5946
0.0576293 -0.549226 100.232
0.0387347 0.185912 -48.806
0.0785949 0.151705 -64.5926
0.0700715 0.0989289 -47.8184
0.0664821 0.0796235 -41.3948
0.0311577 0.0415229 -12.5218
-0.0705437 0.345068 -16.7333
-0.0566043 0.0976921 24.0397
0.000239434 0.122551 -18.7856
0.0254203 0.308793 -73.8411
-0.0255942 0.0408752 26.49
-0.0125746 0.0144753 22.1129
-0.0559609 0.0791707 31.9146
-0.0265579 0.0774879 9.16119
-0.0197239 0.0741279 4.08276
-0.0103995 0.0778682 -4.41335
0.0159591 0.0785658 -25.9901
-0.000328733 0.0349608 -0.834717
-0.00648874 0.038106 4.19138
0.0194109 0.0527664 -24.2835
-0.000975463 0.0355928 -0.0339478
-0.00692261 0.0354692 5.38482
-0.0133605 0.326811 -48.7085
0.0174968 0.305753 -75.0515
-0.00226642 0.134236 -20.4042
0.0195811 0.172562 5.40996
-0.00454638 0.333819 -58.3645
-0.000722291 0.0694956 -8.77644
0.571985 -0.0340514 -575.097
0.4292 -0.0234935 -416.966
-0.0146551 -0.746901 203.193
-0.0470638 0.0343309 76.4211
0.00822118 0.113361 -5.01551
-0.000439664 0.123195 3.27811
-0.0532377 0.104053 104.957
0.0806868 -0.00387694 5.81039
0.0857271 -0.00209124 5.43763
-0.0670026 0.0360416 45.5483
0.0915772 -0.0155408 8.08051
-0.154066 0.0598767 46.6277
0.274476 -0.0908562 0.590812
-0.190509 -0.743644 212.342
0.036161 0.12172 -18.3834
0.12394 0.00661059 -18.2976
0.0518513 -0.00887272 30.7577
-0.0663957 -0.112008 56.0412
0.048414 -0.205611 42.2013
0.0382784 -0.138056 29.5753
0.0241268 0.239172 -52.4158
0.0223962 0.388892 -85.3126
0.016231 0.3721 -79.3572
0.0449858 0.374415 -89.3961
0.0224184 0.374651 -81.5655
-0.0203072 0.371064 -64.3216
0.0295455 0.349257 -80.4899
0.0413035 0.344368 -83.9631
0.0451424 0.321951 -80.8475
0.0167376 0.326396 -68.6487
0.00935398 0.215725 -38.9544
-0.00909931 0.237587 -34.6563
0.0198522 0.222926 -46.8022
0.0468623 0.136746 -42.5344
0.0242805 0.0672801 -13.7478
0.00593407 0.0937174 -9.07249
0.0372611 0.260349 -66.8997
0.0296104 0.278641 -65.9067
-0.0516431 0.30211 -16.4178
-0.067319 0.296833 -6.02442
0.0552622 0.0406774 -34.0341
0.0714211 0.0405833 -46.1045
-0.125781 0.339578 32.3992
-0.0146512 0.063054 2.58263
-0.0255426 0.0732099 9.83933
0.385873 0.0855955 -331.968
-0.0191676 0.185534 -18.3139
0.010325 -0.0886209 16.7142
-0.00189358 -0.14944 71.2261
-0.104118 0.0637024 93.5855
0.0100583 0.0365132 -12.5143
-0.172054 0.0596168 159.037
0 0.327351 -62.8079
0 0.443359 -88.446
0.0296268 0.264852 -79.3093
0.0450953 0.400919 -126.27
-0.00160947 0.393183 -75.4139
0.0184156 0.27499 -71.2789
0.41407 -0.0196249 -400.873
0.57253 -0.0318109 -576.198
0 0.00655692 9.90276
0 0.00655692 9.90276
-0.00344681 0.0195265 11.1035
0.0109449 0.473613 -108.783
-0.000379481 0.164983 26.5919
0.136411 1.62596 -416.53
0.0776701 -0.00387664 5.99646
-1.04896 0.0510145 73.5951
0.365266 0.183341 -59.3787
0.0132726 0.102022 -8.52086
-0.241871 -0.00328834 140.224
-0.00956436 0.180641 -25.515
0.0256306 0.12465 -17.4003
0.0322164 0.152536 -25.3452
0.0507358 0.189627 -38.3452
0.0357882 0.252803 -51.2548
0.10109 0.18579 -57.0385
-0.0290457 0.0596156 44.8889
-0.00776769 0.366163 -69.8667
-0.00323692 0.373676 -72.9108
0.00137424 0.32886 -63.6768
0.0129474 0.319841 -64.7133
0.00822733 0.330437 -65.3023
0.014345 0.300671 -60.5222
0.0173104 0.332084 -70.6658
0.0474779 0.311319 -77.8231
0.0212687 0.341629 -73.9112
-0.0124807 0.27916 -42.5211
-0.011464 0.246813 -35.5344
0.0161291 0.240215 -48.4165
-0.0198532 0.250048 -31.1512
-0.0158571 0.179787 -16.5455
-0.00583513 0.0874841 -0.723966
0.048692 0.0625257 -27.8842
0.0706761 0.220685 -79.4409
0.0809453 0.254522 -93.7769
0.0683744 0.282835 -92.5973
0.0891527 0.250799 -98.9919
-0.502628 0.135455 351.257
0.093412 0.0517688 -65.3063
0.0757916 0.0839405 -59.4383
0.072899 0.0711055 -54.111
-0.00170103 0.126182 -8.79981
-0.204508 0.127129 158.667
-0.239701 -0.236909 302.544
-0.00108086 0.126466 -9.2395
-0.178664 0.327237 103.763
0.0311179 -0.101952 20.9294
-0.00182292 -0.114844 53.8279
0.0560626 0.0820061 -49.6633
0.054991 0.0846825 -49.3145
0.253906 -0.0726563 -207.695
0 0.220758 -28.3101
-0.0464523 0.176642 30.976
0.00853132 0.314711 -59.9882
-0.0702012 0.125711 71.2066
0.0229852 0.344789 -83.8422
-0.023653 0.341569 -30.6595
-0.023596 0.336502 -28.9241
0 0.347361 -58.7511
-0.0118904 0.369451 -49.8028
-0.0194313 0.216208 -3.51224
0.0139246 0.239663 -49.9829
0.136411 1.62596 -416.53
0.136411 1.62596 -416.53
-1.0751 0.0601467 72.3666
0.00813914 0.0689149 0.827558
-0.00236025 0.0940995 -5.04319
-0.237112 -0.00349702 139.713
-0.107405 0.104728 8.26971
-0.139342 0.0406934 29.679
0.0262148 0.152539 -24.5684
0.0821315 0.223015 -53.9539
0.0548598 0.203731 -41.9716
0.0232557 0.212913 -37.0595
-0.0078559 0.287075 -49.0084
-0.0042688 0.310877 -56.2336
-0.00891739 0.30459 -53.5401
-0.00599269 0.27538 -46.404
0.00759975 0.303016 -58.5295
0.0148918 0.300036 -61.2248
0.0282238 0.217705 -44.6493
0.0130943 0.263856 -50.7615
0.0396989 0.227157 -53.0122
0.0113686 0.296197 -57.9978
-0.026319 0.277711 -35.6037
-0.0116074 0.280137 -43.8121
0.00787185 0.257924 -48.2164
0.0137775 0.233185 -44.1411
-0.0444608 -0.0775603 66.48
0.426274 0.0333689 -237.542
-0.0497225 0.268913 -12.8369
-0.324637 0.093465 206.026
0.0548639 0.274706 -81.7331
0.0701402 0.255147 -86.8918
0.0990308 0.258136 -107.717
0.0846696 0.233554 -90.3393
0.104283 0.206034 -97.2311
0.116289 0.210496 -107.385
0.104099 0.224502 -101.647
0.100983 0.225321 -99.3771
0 -0.0323661 43.2116
0 0.204181 -22.3553
-0.0451311 0.239194 7.57856
0.00499686 0.179384 -20.1237
0.0195762 0.203796 -40.336
0 0.180375 -15.796
0 0.210502 -24.2371
-0.113508 0.285714 67.0753
0 0.198538 -20.9207
0.0122626 0.200615 -33.994
-0.00314087 0.182801 -13.2879
0.00489987 0.198847 -26.2366
-0.0408338 0.273865 2.67678
0.011286 0.205736 -35.413
0 0.188162 -18.0519
0.0306432 0.216815 -61.2907
0 0.204181 -22.3553
-0.030434 0.20465 13.8131
0.0114818 0.196261 -34.1829
-0.103293 0.223624 99.7711
-0.0560044 -0.105718 86.7559
-0.0560274 -0.105703 86.7532
-0.0311024 -0.147475 97.9321
-0.0561468 -0.105666 86.7509
-0.0560655 -0.103945 86.2637
-0.240502 -0.00474757 140.464
0.0272177 0.172259 -30.2552
0.0469432 0.241216 -53.2083
0.0778666 0.194883 -45.6981
0.0513461 0.538835 -139.032
0.0682964 0.233267 -52.747
0.0302209 0.190167 -32.4399
0.0454746 0.249536 -53.3416
-0.0148132 0.292543 -47.5099
-0.0219373 0.220664 -25.2301
-0.0253778 0.22477 -25.104
-0.0312605 0.220338 -22.3606
-0.00841158 0.202921 -16.6048
-0.0267863 0.181378 -2.77501
-0.0600715 0.164566 15.4833
-0.120544 -0.0997807 120.501
-0.0770274 0.259822 -5.43287
-0.0233288 0.299189 -42.9559
-0.0406027 0.301456 -35.0716
-0.0352136 0.201905 -9.42045
-0.0283346 0.185315 -8.23981
-0.0288295 0.178485 -6.06778
-0.0462603 0.289728 -20.5849
-0.0408227 0.295253 -25.5631
-0.00943846 0.273393 -39.1784
0.0245827 0.280981 -64.1706
0.0812678 0.262616 -97.2149
0.0814964 0.254063 -94.1788
0.0721862 0.225414 -79.0054
0.121063 0.206173 -109.879
0.116608 0.216505 -109.021
0.10627 0.22276 -102.812
0.101266 0.226644 -99.9626
0.100988 0.226033 -99.5659
0 -0.0487216 61.5308
0 -0.0487216 61.5308
0 -0.0487216 61.5308
0.0129868 -0.10474 66.098
-0.00787539 -0.168914 104.1
0.0107021 -0.273924 118.143
0 -0.0487216 61.5308
0 -0.0487216 61.5308
-0.00635784 -0.0681736 73.7665
0 -0.0487216 61.5308
0.00299538 -0.0567597 60.6934
0 -0.0487216 61.5308
0.00558357 -0.267134 120.155
-0.0236943 -0.142742 116.151
0 -0.0487216 61.5308
0 -0.282357 130.905
0.00142428 -0.0477413 59.5412
-0.00299538 -0.0567597 67.5469
-0.0113834 -0.0471752 75.1229
0.0705026 -0.0819172 50.7948
0.0706356 -0.0818766 50.7753
0.0716269 -0.0815683 50.6331
-0.0735402 -0.103388 87.1758
-0.0637347 -0.104978 87.3342
-0.090444 0.453416 -92.7286
0.108422 0.889678 -258.24
0.111259 0.689939 -195.106
0.0350613 0.654132 -169.913
0.0639138 0.0863948 -7.52201
0.0405476 0.156456 -23.9474
0.0448913 0.17654 -31.8105
-0.241416 -0.0364131 121.742
0.0785155 0.0225707 14.0979
-0.0363573 0.243312 -26.9223
0.0828801 -0.116621 60.7453
-0.0399496 0.232407 -15.1452
-0.0346511 0.190301 -3.22588
-0.0532393 0.153375 15.4648
-0.0422649 0.1612 8.8907
-0.0540824 0.208328 -0.570039
-0.0121949 0.277857 -41.4939
-0.00817162 0.298503 -49.9142
0.000375303 0.311202 -58.2207
-0.0401383 0.188719 -3.0864
-0.0243993 0.187454 -11.3533
-0.0681533 0.18052 27.2405
-0.0553297 0.2729 -9.61163
-0.0365749 0.295222 -27.8164
-0.0288182 0.300997 -34.5325
-0.00780872 0.286394 -43.8525
0.0579144 0.258628 -79.5013
0.0731996 0.209354 -74.33
0.0849999 0.229987 -89.4983
0.100563 0.237007 -103.97
0.120937 0.205754 -109.139
0.113616 0.203632 -102.681
0 0 -1
0.163809 -0.247542 -20.8774
-0.136584 -0.206813 221.357
-0.00756152 1.37369 -379.016
0 0.0703978 24.0509
0.0324152 0.365181 -98.6065
-0.0276058 1.25212 -322.208
0 0.0703978 24.0509
-0.0262248 0.363119 -42.5546
0.019985 1.31491 -387.447
-0.0195487 1.2916 -340.156
0 0.376768 -72.7672
0 0.355818 -65.9448
0 0.0703978 24.0509
0 1.36006 -381.394
0.0366916 1.28167 -398.85
0 0.0703978 24.0509
0.0327034 0.378238 -111.524
0 0.355818 -65.9448
-0.00243243 1.45946 -409.238
-0.0125224 0.355818 -50.4393
0.0287628 0.0610607 27.717
0.0249543 0.0569712 29.2012
-0.00557096 0.00864829 46.9427
-0.087482 0.0674953 32.0298
-0.0712589 -0.0966027 84.7637
0.0231132 0.178189 -17.092
0.0416347 0.288683 -54.9071
-0.0124044 0.178967 -9.60227
-0.0482468 0.11525 17.7655
0.0478593 0.0959851 -7.05098
0.0501916 0.112278 -12.6014
-0.0554255 -0.107783 92.5861
-0.164627 -0.0412213 102.697
0.00751262 -0.00655842 43.6788
-0.0845524 0.260305 -7.41765
-0.087712 0.244907 -2.04449
-0.0801096 0.215321 5.42747
-0.0903238 0.14831 31.6314
-0.0659361 0.15379 20.6888
-0.0269141 0.123049 14.9472
0.01076 0.210263 -30.2649
-0.0990963 0.368273 -27.2828
0.0214446 0.260239 -51.5586
-0.0194453 0.0847122 37.8739
-0.015818 0.117049 25.1954
-0.354973 0.148482 197.64
0.0143048 0.180726 -20.4674
0.00286437 0.240986 -33.8534
-0.0207248 0.272699 -30.0047
-0.0375408 0.260213 -15.3048
-0.0361069 0.240726 -10.0136
-0.00125376 0.229747 -29.9201
0.0545381 0.175186 -50.4629
0.112569 0.186845 -94.9844
0.0904213 0.232673 -94.2925
0.0904466 0.229501 -93.5356
0.0718993 0.178907 -62.062
0.462252 2.47636 -1166.37
0.462198 2.47498 -1165.87
-0.0173214 0.140729 17.7973
-0.00948661 -0.0151855 64.5949
0.00138656 0.108724 12.4898
-0.00416366 0.15159 3.02052
0.00917259 0.162943 -13.2624
0.00178677 0.116185 9.48585
-0.00260547 0.111187 15.4551
0 0.143076 2.09847
-0.00994869 0.158591 7.02258
-0.0070718 0.128785 14.3373
0 0.143076 2.09847
-0.00776714 0.148064 8.86045
-0.0149196 0.132734 22.1657
0 0.157721 -2.88576
-0.00116979 0.117135 12.2305
0.00273123 0.113969 8.74155
0.000856378 0.143686 0.86554
0 0.11848 10.424
0.224595 0.199416 -293.707
0.0329837 0.0654418 26.0974
0.0360203 0.0878682 17.937
0.036546 0.0899653 16.5009
0.0594027 0.133821 -0.774309
0.0438674 0.181798 -15.2269
0.00976245 0.2181 -25.065
-0.0258565 0.176627 -5.54581
-0.0648193 0.1415 11.9297
-0.0875035 0.111722 25.3138
0.0539581 0.101417 -9.77654
0.0450655 0.0831451 -1.46469
-0.242945 0.0136805 116.7
0.254199 0.0124914 -11.9204
0.0355552 1.07663 -339.148
0.0445687 -0.142033 99.7654
-0.102634 0.210557 14.9436
-0.106199 0.178471 27.4117
-0.160796 0.141978 59.5637
-0.0637987 0.106118 35.1865
-0.00881704 0.104906 13.4319
0.04989 0.178308 -37.0742
0.0419307 0.217781 -47.002
0.0441422 0.23953 -55.5984
-0.0173708 0.321368 -44.9595
0.0696495 0.189113 -54.9796
0.0687809 0.190156 -54.807
0.0566153 0.192235 -48.5923
0.0319504 0.229054 -47.1059
-0.00755177 0.24812 -29.9043
-0.043357 0.245874 -6.81979
-0.0505389 0.233589 1.91122
-0.0179841 0.204241 -9.76399
0.0254066 0.0454124 -0.748644
0.111549 0.183087 -93.8656
0.149893 0.155526 -111.674
0.080443 0.247045 -91.5313
0.0221339 0.225225 -39.024
0.000165532 0.189529 -8.70464
-0.00080801 0.152582 5.07386
-0.453717 -0.736269 701.72
-0.00457659 -0.236368 136.746
0 0.239334 -29.0807
0 -0.248263 141.09
0 -0.228663 133.933
0.00876072 -0.223187 123.54
0 -0.228663 133.933
-0.0218482 -0.216691 151.514
-0.00574648 -0.224017 138.127
0 0.196615 -20.8086
-0.00558519 -0.223714 138.094
-0.00852685 -0.227498 142.804
0 -0.228663 133.933
0 -0.228663 133.933
0 -0.228663 133.933
0.00277587 -0.230709 131.386
-0.0493334 0.146594 55.7732
0.265888 0.143432 -323.9
0.214915 0.194674 -280.144
0.0537853 0.0713926 23.758
0.0577768 0.108275 10.0178
0.056723 0.143854 -2.9434
0.0647757 0.137944 -2.1229
0.0376138 0.196645 -20.6221
-0.00522846 0.179033 -9.33872
-0.0496361 0.137033 11.2308
-0.0842865 0.104992 28.1022
-0.0963691 0.123963 22.9288
0.0371632 0.0778612 2.02248
0.0254576 0.0588882 11.5443
0.0189035 0.0974269 -1.38035
0.00920374 1.04808 -321.32
-0.0315072 -0.198866 143.889
-0.0681357 -0.163987 142.323
-0.0834518 0.196878 13.8744
-0.131876 0.212573 24.6748
-0.15395 0.142067 57.4321
-0.0903482 0.0444143 67.8221
-0.00182818 0.0674004 8.86998
-0.00182591 0.0672667 8.91827
-0.00178516 0.0670029 8.99704
-0.00167651 0.0666144 9.08863
-0.00147898 0.0661083 9.17717
-0.00114912 0.0654929 9.2328
-0.000645188 0.0647778 9.22354
0.000195148 0.0639738 9.04653
0.00152287 0.0630926 8.59409
0.00351589 0.0621466 7.73441
0.00643418 0.0611487 6.26943
0.0102879 0.0601123 4.14913
0.0156069 0.0590507 0.974292
0.0222367 0.0449906 1.61394
0.0222367 0.0449906 1.61394
0.146604 0.230344 -135.625
0.116794 0.227371 -112.177
0.0216569 0.237118 -42.6579
-0.00106891 0.179702 -4.55494
-0.00031064 0.15077 5.26965
-0.000540273 0.151611 5.1764
0 0.515625 -131.645
0 0.515625 -131.645
0 0.515625 -131.645
0.000840185 0.514015 -131.838
0 0.515625 -131.645
0 0.515625 -131.645
0 0.515625 -131.645
0 0.515625 -131.645
0 0.515625 -131.645
0.000437865 0.517303 -132.736
-0.000147052 0.515082 -131.283
-8.8227e-07 0.515625 -131.644
2.02922e-06 0.515625 -131.648
-0.00614943 0.49945 -118.561
0.357422 0.165465 -434.148
0.0155794 -0.0573848 53.1551
0.136979 0.331051 -236.331
0 0 -1
