0 2 3
2 4 3
4 5 3
5 6 0
6 7 1
7 8 2
8 9 2
9 10 0
10 11 3
11 12 3
12 13 1
13 14 0
14 16 3
16 73 3
16 17 3
17 18 3
18 19 0
19 77 3
20 77 3
20 79 1
23 79 3
23 24 2
24 26 0
26 27 3
27 28 3
28 29 0
29 30 3
30 31 3
31 32 3
32 33 3
33 34 3
34 35 3
35 96 3
95 96 3
38 96 3
38 39 3
39 40 3
40 43 3
43 102 3
43 46 3
46 105 3
105 108 3
108 110 3
110 111 3
111 115 3
0 59 3
2 59 3
14 73 3
43 103 3
35 94 3
102 103 3
46 103 3
2 60 3
4 60 3
94 96 3
28 87 0
26 84 3
29 87 0
23 82 2
24 84 0
32 90 3
94 95 3
24 82 2
60 61 3
4 62 3
5 62 3
9 68 0
10 68 3
28 86 3
30 88 0
31 88 0
31 148 3
32 148 3
35 93 3
93 94 3
59 60 3
4 61 3
5 64 3
6 64 3
9 67 3
86 87 0
33 90 3
8 67 2
27 84 3
29 88 0
34 93 3
39 98 3
40 98 3
111 113 3
113 115 3
6 65 2
7 65 0
10 69 3
11 69 3
12 70 3
13 71 0
18 75 3
19 75 1
87 88 2
34 92 3
46 104 3
104 105 3
0 58 3
61 62 3
8 65 0
8 66 3
69 70 3
70 71 3
14 71 3
14 72 3
17 75 3
27 86 3
33 92 3
106 108 3
67 68 0
68 69 3
16 74 3
92 93 3
105 106 3
64 65 3
66 67 2
71 72 3
72 73 3
73 74 3
17 74 3
90 148 3
114 115 3
58 59 3
74 75 3
38 98 3
65 66 1
75 77 0
77 136 3
23 196 0
96 98 3
62 64 3
20 136 2
79 196 0
84 141 3
27 141 3
43 98 3
103 104 3
82 196 0
88 146 0
31 146 3
82 84 0
98 156 3
86 141 0
146 148 3
108 167 3
110 167 3
113 114 3
82 139 0
98 155 3
139 196 3
77 135 2
62 121 3
64 121 3
90 92 3
95 153 3
94 153 3
104 106 3
115 173 3
135 136 0
20 196 1
114 173 3
72 131 3
73 131 3
86 143 0
93 151 3
43 157 3
58 116 3
59 116 3
62 120 3
64 122 3
74 133 3
75 133 3
75 135 3
141 143 3
92 150 3
93 150 3
94 151 3
94 152 3
96 155 3
98 157 3
61 120 3
121 122 3
65 122 3
71 129 3
152 153 3
156 157 3
60 177 2
120 121 3
65 123 3
66 123 0
66 125 2
67 125 3
74 132 3
82 140 0
84 140 1
86 145 0
68 126 3
69 126 3
69 128 3
70 128 3
72 129 3
73 132 3
87 145 0
155 156 3
43 158 3
103 161 3
104 161 3
59 175 2
60 175 2
61 119 3
67 126 0
128 129 3
195 196 3
150 151 3
151 152 3
95 155 3
158 620 3
102 158 3
102 159 3
113 173 3
60 119 3
119 120 3
122 123 3
133 135 3
20 195 1
88 145 0
146 147 3
155 213 3
158 159 3
102 161 3
175 177 3
131 132 3
132 133 3
140 199 0
147 148 3
156 213 3
116 175 3
129 188 3
72 188 3
145 146 3
148 206 3
125 126 0
133 192 3
139 140 3
143 145 3
90 207 3
119 177 3
84 199 3
148 207 3
157 331 3
131 188 3
135 192 3
136 195 3
92 207 3
158 331 3
159 620 3
106 167 3
123 125 1
143 202 3
150 207 3
141 200 3
143 200 3
145 202 3
145 204 3
146 204 3
84 200 3
106 161 3
106 164 3
161 164 3
123 182 1
273 620 3
159 273 3
125 182 3
69 185 3
128 185 3
139 197 3
207 208 3
158 273 3
110 404 3
111 404 3
123 180 3
125 183 3
196 197 3
140 197 3
150 208 3
95 212 3
156 214 3
102 273 3
164 167 3
111 173 3
116 174 2
180 182 1
151 208 3
153 211 3
153 212 3
213 214 3
273 331 3
176 177 3
182 183 3
126 184 3
126 185 3
132 190 3
199 200 3
206 207 3
174 175 3
175 176 3
122 180 3
126 183 1
129 187 3
131 189 3
131 190 3
132 191 3
133 191 3
136 194 3
194 195 3
145 203 3
147 204 1
167 404 3
173 404 3
120 178 3
121 178 3
128 187 3
187 188 3
188 189 3
189 190 3
143 201 3
151 209 3
152 209 3
121 179 3
122 179 3
184 185 3
200 201 3
201 202 3
202 203 3
203 204 3
208 209 3
152 210 3
157 214 3
161 273 3
119 178 3
183 184 0
128 186 3
190 191 3
135 194 0
178 179 3
191 192 3
192 194 0
211 212 3
155 212 3
214 331 3
186 187 3
209 210 3
153 210 3
212 213 3
185 186 3
210 211 3
164 397 3
167 397 3
197 199 3
179 180 3
147 205 1
208 266 3
177 178 3
207 266 3
197 254 3
164 391 3
196 254 3
197 255 3
161 391 3
203 260 3
173 347 3
254 255 3
347 404 3
180 238 2
195 254 3
199 255 3
199 257 3
204 205 3
205 206 0
213 272 3
214 272 3
161 276 3
175 233 3
179 238 2
200 258 3
201 258 3
202 260 3
273 276 3
276 391 3
174 233 3
191 249 2
192 249 2
194 251 3
214 273 3
201 260 3
212 270 3
199 258 3
207 265 3
265 266 3
213 270 3
272 273 3
280 397 0
177 235 3
178 235 2
188 246 3
189 246 3
190 249 3
195 253 3
257 258 3
205 263 0
212 269 3
178 236 3
179 236 2
180 239 2
194 253 3
206 263 3
206 265 3
209 267 3
210 268 3
210 269 3
211 269 3
182 239 0
183 241 3
184 242 2
185 243 3
253 254 3
263 264 3
208 267 3
210 267 3
269 270 3
213 271 3
174 232 3
176 235 3
238 239 3
182 241 3
184 241 1
184 243 3
187 246 3
194 249 1
194 252 3
206 264 3
267 268 3
268 269 3
271 272 3
397 404 3
232 233 3
235 236 3
242 243 2
252 253 3
201 259 3
259 260 3
203 205 3
251 252 3
258 259 3
266 267 3
176 233 3
236 238 3
186 245 0
187 245 0
190 246 3
190 306 0
249 251 0
255 371 3
260 261 3
264 265 3
203 261 3
270 271 3
186 243 3
241 242 0
245 246 3
236 295 3
249 306 2
233 292 3
176 292 3
238 295 3
239 241 1
239 298 1
241 298 3
241 300 0
246 304 3
190 304 0
233 291 3
235 292 3
304 306 3
249 307 2
199 314 3
257 314 3
238 297 3
232 291 3
239 297 3
251 308 3
255 314 3
291 292 3
251 310 3
252 310 3
261 321 3
203 321 0
205 321 0
242 300 3
243 302 0
186 302 0
263 321 3
391 397 3
243 300 0
245 302 3
249 308 2
252 311 3
259 261 3
264 321 3
266 325 3
271 329 3
272 330 3
232 290 3
306 307 3
253 311 3
267 325 3
270 329 3
272 329 3
273 330 3
297 298 1
265 439 3
265 324 1
266 324 1
243 301 1
245 304 3
324 439 0
290 291 3
235 294 3
236 294 3
251 309 3
268 326 3
269 327 3
270 328 3
273 391 3
308 309 3
309 310 3
325 326 3
269 326 3
327 328 3
328 329 3
294 295 3
301 302 0
307 308 3
324 325 0
391 393 3
393 397 3
254 371 3
258 314 3
264 381 3
265 381 3
326 327 3
304 363 3
320 321 3
330 388 3
273 388 3
310 311 3
261 320 3
381 439 3
347 405 3
306 363 3
254 311 3
314 371 3
258 261 3
311 371 3
329 330 3
273 503 3
388 503 3
347 403 3
294 352 3
300 301 1
261 314 3
261 317 3
324 382 3
403 404 3
235 351 3
241 357 3
300 357 1
301 360 0
310 369 3
317 320 3
325 382 1
397 398 3
294 351 3
238 354 3
297 354 3
302 360 3
311 369 3
273 392 3
398 404 3
403 405 3
351 352 3
314 373 3
261 373 3
391 392 3
292 351 3
382 439 0
298 357 3
302 361 3
245 361 3
245 362 3
304 362 3
371 372 3
360 361 3
361 362 3
314 372 3
370 371 3
264 379 3
321 379 3
297 355 3
317 375 3
264 380 3
380 381 3
298 355 0
308 365 3
317 374 3
320 375 3
320 434 3
325 383 3
329 387 3
330 387 3
295 353 3
238 353 3
301 359 3
307 365 3
308 366 3
372 373 3
375 434 3
320 378 3
320 379 3
328 387 3
290 348 3
291 349 3
292 350 3
300 358 1
359 360 0
306 364 3
307 364 3
365 366 3
309 367 3
310 368 3
317 373 3
379 380 3
326 384 3
327 385 3
328 386 3
348 349 3
349 350 3
350 351 3
294 353 3
353 354 3
363 364 3
366 367 3
367 368 3
368 369 3
311 370 3
326 383 3
384 385 3
385 386 3
352 353 3
354 355 3
300 359 1
362 363 3
383 384 3
369 370 3
373 374 3
378 379 3
382 383 0
387 388 3
355 357 1
378 434 3
386 387 3
374 375 3
393 398 3
358 359 3
364 365 3
392 393 3
355 414 3
357 414 0
393 510 3
353 411 3
392 510 3
352 411 3
300 416 1
358 416 0
357 416 0
372 430 3
380 438 3
371 430 3
381 438 3
393 513 1
404 458 1
363 421 3
364 421 3
382 440 3
398 458 1
369 427 3
383 440 1
440 499 0
360 418 3
367 426 3
368 426 3
370 428 1
383 499 3
405 463 3
357 415 3
359 417 0
361 418 3
365 423 3
366 423 3
371 428 1
371 429 3
379 438 3
403 578 0
403 463 3
414 415 1
358 417 0
359 418 0
361 420 3
362 420 3
368 427 3
370 427 3
429 430 3
379 437 3
384 442 3
403 458 1
348 406 3
349 407 3
350 408 3
351 409 3
352 410 3
355 413 3
364 423 3
366 424 3
367 425 3
385 442 3
385 443 3
386 444 3
387 444 3
387 445 3
388 445 3
398 513 1
406 407 3
407 408 3
408 409 3
409 410 3
410 411 3
354 412 3
354 413 3
413 414 3
415 416 0
416 417 0
417 418 3
420 421 3
423 424 3
367 424 3
373 431 3
438 439 3
443 444 3
412 413 3
364 422 3
425 426 3
372 431 3
383 442 3
442 443 3
393 511 3
422 423 3
444 445 3
511 513 1
353 412 3
361 419 3
421 422 3
424 425 3
425 483 3
428 429 0
439 440 1
417 475 1
418 419 3
419 420 3
429 486 3
378 437 3
411 412 3
430 431 3
510 511 3
379 495 2
437 495 3
438 495 3
273 510 3
426 483 3
442 499 3
445 503 3
418 475 1
509 510 3
273 509 3
374 431 3
458 517 0
403 517 1
415 473 3
428 486 0
503 561 3
416 473 1
424 483 3
431 433 3
374 433 3
499 500 3
442 500 3
503 509 3
458 513 1
418 476 2
419 476 2
370 486 3
438 496 3
442 501 3
443 501 3
368 483 2
434 551 2
495 554 3
439 496 3
443 502 3
444 502 3
406 464 3
407 464 3
409 411 3
416 474 3
434 494 2
434 437 3
438 554 2
439 555 2
445 502 3
463 578 0
414 473 1
494 551 3
437 494 2
496 554 3
496 555 3
413 471 1
420 478 3
424 482 3
440 498 3
414 471 1
417 474 1
421 478 3
423 482 3
482 483 3
427 485 3
427 486 3
445 561 3
473 474 0
475 476 0
419 478 3
368 485 2
375 433 3
439 498 1
501 502 3
407 465 3
408 465 3
408 466 1
409 466 1
409 524 1
409 467 1
411 467 1
411 469 1
412 469 1
412 470 1
413 470 1
485 486 3
430 489 1
431 489 1
433 489 1
465 466 1
466 524 3
467 524 1
467 469 3
470 471 3
502 561 3
464 465 3
469 470 3
423 481 3
483 485 3
433 549 1
433 434 3
434 549 1
434 550 1
500 501 3
502 560 3
467 526 3
414 529 1
422 538 3
422 481 3
560 561 3
469 526 3
471 529 3
473 529 0
476 533 1
421 537 3
421 538 3
498 499 0
476 535 2
419 535 1
478 537 3
481 538 3
481 482 3
489 546 3
433 548 1
549 550 3
474 475 1
475 532 0
475 533 0
537 538 3
483 542 3
550 551 0
478 535 3
485 542 3
429 489 1
486 489 1
509 511 3
489 548 3
486 545 1
489 545 1
517 576 3
532 533 1
403 576 1
464 522 1
469 527 3
470 527 3
503 565 3
511 571 1
513 571 0
465 522 1
474 532 2
545 546 0
437 553 2
509 565 3
511 569 3
470 529 3
476 534 2
483 540 3
540 542 3
548 549 3
494 553 3
495 553 2
473 532 0
534 535 3
478 536 3
481 539 3
494 552 3
509 627 3
511 627 3
467 525 3
473 531 3
533 534 2
538 539 3
482 540 3
551 552 3
498 556 3
501 559 3
470 528 3
531 532 0
535 536 3
482 539 3
552 553 3
502 559 3
524 525 0
526 527 3
528 529 3
529 531 1
539 540 3
485 601 2
546 548 3
554 555 3
569 571 1
465 524 1
525 526 3
527 528 3
536 537 3
540 541 0
541 542 3
542 601 3
499 557 3
553 554 3
500 557 3
559 560 3
569 627 3
513 515 0
458 515 0
439 556 1
509 626 3
515 517 1
499 556 1
465 523 1
533 591 1
500 559 3
509 624 3
522 523 3
523 524 3
486 601 1
500 616 3
565 624 3
626 627 3
515 571 1
556 557 0
509 625 3
571 627 0
517 574 1
536 595 0
537 595 3
559 616 3
625 626 3
554 612 3
439 614 1
538 595 3
555 612 3
556 614 3
557 616 3
624 625 3
574 633 0
574 576 0
529 588 1
531 588 3
534 591 1
545 603 0
546 605 3
515 574 1
524 583 3
532 590 3
546 603 3
555 614 1
525 583 1
548 605 2
552 610 3
559 617 3
560 617 3
576 633 3
403 514 3
514 578 1
534 592 3
535 593 0
536 594 0
594 595 3
551 609 3
557 615 3
514 576 1
514 635 1
591 592 0
536 593 0
538 597 2
486 602 1
486 603 1
550 609 2
616 617 3
560 618 3
565 623 3
522 580 3
527 585 2
528 587 3
529 587 3
531 589 3
593 594 3
539 597 2
601 602 3
602 603 3
617 618 3
503 623 3
523 580 3
524 582 3
527 586 0
528 586 0
532 589 1
535 592 3
542 600 3
549 606 3
556 615 0
561 618 3
514 515 3
582 583 3
526 584 2
585 586 0
540 597 3
540 599 3
541 599 1
541 600 3
600 601 3
605 606 3
548 606 3
553 612 3
497 555 3
561 623 3
623 624 3
514 574 1
584 585 3
587 588 1
592 593 3
597 599 3
598 599 3
599 600 3
552 609 3
497 612 3
514 631 1
589 590 0
533 590 0
549 607 3
615 616 3
523 582 3
525 584 2
550 607 3
609 610 3
553 610 3
497 614 3
583 584 0
588 589 3
514 633 1
590 591 1
603 605 3
614 615 0
597 598 3
561 622 1
622 623 0
550 666 3
586 587 1
595 597 3
606 607 3
607 666 3
497 553 3
515 627 3
605 662 3
497 610 1
595 596 3
603 661 3
603 662 3
504 618 3
504 561 3
595 653 1
609 666 2
561 681 1
596 597 3
661 662 3
615 672 1
616 672 1
504 681 1
596 653 3
622 681 1
597 655 3
602 661 3
580 639 0
523 639 0
589 647 0
594 652 1
594 653 1
582 639 0
593 652 3
596 655 3
598 655 3
623 681 1
625 683 3
580 638 0
586 643 2
652 653 3
598 657 3
599 657 3
617 672 1
504 617 3
626 684 3
638 639 1
590 648 2
591 648 0
600 657 3
605 664 2
606 664 2
606 665 2
607 665 2
623 682 3
624 682 3
624 683 3
626 683 3
627 684 3
591 593 0
665 666 0
610 668 3
582 640 0
583 641 0
593 650 3
593 651 3
600 658 3
609 668 3
497 671 3
683 684 3
640 641 3
584 641 2
584 642 1
585 643 2
587 646 2
588 646 0
647 648 0
651 652 3
657 658 3
601 658 3
664 665 3
614 672 3
585 642 1
589 646 0
591 650 0
655 712 3
601 659 3
681 682 0
641 642 3
642 643 0
586 644 3
587 644 0
587 645 2
596 712 3
609 667 3
667 668 3
627 742 1
639 640 3
643 644 3
644 645 3
645 646 3
646 647 3
658 659 3
602 659 3
497 672 3
681 738 3
682 683 3
515 742 1
650 651 3
504 738 1
602 719 3
661 719 3
662 664 3
655 657 3
666 667 3
684 742 1
659 719 3
653 712 3
657 716 3
662 721 3
664 721 2
648 707 0
658 716 3
497 668 1
591 707 0
657 715 3
497 727 1
655 714 3
715 716 3
643 701 3
651 709 3
652 709 3
657 714 3
641 699 3
652 710 3
668 727 3
642 699 3
642 701 3
653 710 3
666 724 1
667 724 1
638 697 1
639 697 3
640 698 3
644 701 3
650 707 3
662 720 3
672 847 1
504 672 1
639 698 3
641 698 3
644 702 3
645 702 3
647 705 3
718 719 3
662 719 3
720 721 3
727 728 3
497 728 1
646 705 3
647 764 3
648 764 0
664 722 2
665 722 2
638 696 3
642 700 3
650 709 3
653 711 3
659 716 3
659 718 3
665 723 2
665 724 2
504 847 1
681 739 3
682 739 1
696 697 1
645 703 3
646 703 3
707 764 3
709 710 3
710 711 3
711 712 3
719 720 3
721 722 3
723 724 3
672 728 1
683 741 3
697 698 3
701 702 3
712 714 3
722 723 3
738 739 3
682 740 1
682 741 3
684 741 3
699 700 3
702 703 3
703 705 3
705 764 3
739 740 3
698 699 3
700 701 3
724 726 3
667 726 3
668 726 3
740 741 3
714 715 3
728 845 3
672 845 1
515 859 1
742 859 1
726 727 3
707 709 3
672 788 1
684 800 1
788 845 3
788 847 3
741 800 1
742 800 1
698 756 0
699 756 0
712 771 3
714 771 3
504 796 1
738 796 1
711 769 3
703 762 3
709 767 3
712 770 3
711 770 3
716 774 3
719 776 3
724 782 0
726 782 0
705 762 3
705 763 3
709 768 3
710 768 3
769 770 3
718 776 3
720 778 3
697 755 3
698 755 3
762 763 3
764 765 3
659 774 3
659 775 3
718 775 3
723 781 0
728 786 3
699 758 3
700 758 3
702 761 3
703 761 3
774 775 3
719 777 3
720 777 3
722 780 0
724 781 0
727 786 3
755 756 0
702 760 0
707 765 3
715 772 3
776 777 3
723 780 0
786 845 3
738 797 1
739 797 1
696 754 3
700 759 3
701 759 3
701 760 0
709 766 1
767 768 3
710 769 3
770 771 3
714 772 3
715 773 3
720 779 3
721 779 3
721 780 0
727 785 3
740 798 1
741 799 1
515 568 3
754 755 1
759 760 0
760 761 2
761 762 3
709 765 3
766 767 0
771 772 3
772 773 3
773 774 3
777 778 3
779 780 3
780 781 3
726 784 3
726 785 3
847 907 1
504 907 1
797 798 3
798 799 3
799 800 3
568 859 1
514 568 3
775 776 3
778 779 3
781 782 3
504 910 1
796 910 3
796 797 3
765 766 1
768 769 3
782 842 0
726 842 0
784 785 3
756 758 1
763 764 3
784 842 0
785 786 3
800 859 3
758 759 3
769 826 3
563 796 1
563 910 1
782 783 1
766 825 0
783 840 0
783 842 0
756 815 3
758 815 0
763 821 3
764 821 3
766 824 0
767 825 3
782 840 3
504 908 1
760 817 0
765 824 3
824 825 3
767 826 3
768 826 3
907 908 3
796 854 3
797 854 3
759 817 3
769 827 3
770 827 3
771 829 1
772 829 1
781 840 3
563 854 1
762 821 3
770 828 1
774 833 1
775 833 1
786 844 3
504 909 1
764 823 3
826 827 3
771 828 1
785 844 3
908 909 3
909 910 3
754 812 3
755 813 3
756 813 1
758 816 3
759 816 3
762 819 3
765 823 3
772 831 1
773 831 1
774 831 1
775 834 2
776 834 2
777 835 3
778 836 0
779 837 3
780 838 3
840 842 0
785 842 2
797 855 3
798 856 3
799 857 3
800 858 3
812 813 1
761 819 3
819 821 3
827 828 1
828 829 3
834 835 0
835 836 0
836 837 1
837 838 3
781 838 3
854 855 3
855 856 3
856 857 3
857 858 3
858 859 3
756 814 3
823 824 3
781 839 3
844 845 3
813 814 0
761 817 0
833 834 0
838 839 3
839 840 3
847 906 2
906 907 0
814 815 3
821 823 3
859 917 0
815 816 2
788 904 3
858 917 0
568 917 1
816 817 3
825 826 3
772 888 1
847 904 3
831 888 3
842 844 2
845 904 3
821 880 1
829 888 3
831 833 3
514 1043 1
817 876 1
761 876 1
823 880 1
819 876 2
826 884 1
568 1043 1
829 887 3
563 912 1
854 912 3
840 899 1
842 899 1
819 878 1
827 886 1
844 901 3
831 890 3
842 901 1
828 886 0
833 890 3
812 870 3
829 886 2
887 888 3
813 870 0
814 872 3
815 872 3
816 875 1
817 875 1
821 878 1
825 884 1
813 872 2
815 873 3
827 884 1
910 912 3
816 873 3
823 881 3
824 882 3
825 882 3
825 883 1
845 903 3
857 915 0
858 915 0
813 871 2
872 873 3
875 876 0
819 877 2
883 884 3
827 885 1
885 886 0
831 889 3
833 891 3
834 892 2
835 893 1
836 894 1
837 895 1
838 896 1
839 897 1
840 898 1
842 900 1
900 901 3
844 902 3
903 904 3
855 913 0
856 913 0
856 914 0
858 916 0
871 872 3
876 877 2
877 878 3
881 882 2
886 887 2
888 889 3
889 890 3
890 891 3
891 892 3
892 893 3
893 894 3
894 895 3
895 896 3
896 897 3
897 898 3
898 899 3
901 902 3
902 903 3
912 913 0
913 914 3
914 915 3
915 916 3
916 917 3
816 874 1
821 879 1
880 881 3
884 885 1
847 905 2
917 976 1
870 871 1
874 875 3
878 879 3
879 880 2
904 905 3
568 976 1
873 874 3
882 883 3
899 900 3
905 906 3
910 969 1
912 969 1
909 968 1
910 968 1
904 962 3
872 930 2
879 937 3
903 962 3
905 963 3
916 975 1
917 975 1
873 930 2
876 934 3
877 934 2
886 944 2
904 963 3
968 969 3
874 930 3
875 934 0
877 935 3
907 965 1
887 944 3
900 958 1
906 963 3
906 965 3
908 965 1
874 932 2
934 935 2
880 938 3
881 939 3
882 939 3
888 946 3
889 946 3
898 956 3
899 958 1
915 974 3
916 974 3
870 928 1
871 929 2
871 930 2
878 936 3
879 936 3
880 937 2
881 938 2
882 941 3
883 941 3
885 943 0
887 946 3
889 947 3
890 948 3
891 949 3
892 950 3
893 951 3
894 952 3
895 953 3
896 954 3
897 955 3
899 956 3
901 958 1
901 959 1
902 960 1
903 961 2
908 966 1
909 967 1
912 970 1
913 971 1
913 972 1
914 972 1
915 973 1
975 976 3
928 929 1
878 935 3
936 937 3
884 941 3
884 943 3
886 943 3
947 948 3
948 949 3
949 950 3
950 951 3
951 952 3
952 953 3
953 954 3
954 955 3
955 956 3
958 959 3
959 960 2
960 961 0
961 962 1
965 966 3
966 967 3
970 971 3
972 973 3
973 974 0
875 932 3
937 938 3
946 947 3
967 968 3
969 970 3
971 972 3
974 975 1
929 930 3
935 936 3
943 944 3
962 963 3
976 1034 3
568 1034 1
930 932 3
884 942 3
938 939 3
941 942 3
942 943 1
887 1003 3
939 941 3
956 958 1
944 1003 3
958 1015 0
941 998 3
956 1015 3
963 965 3
939 998 3
932 989 3
930 989 3
936 995 3
932 934 0
934 991 1
946 1003 3
963 1022 3
932 991 3
935 992 2
941 999 3
975 1033 3
934 992 3
935 993 3
936 993 3
942 999 3
942 1001 1
943 1001 3
943 1002 3
944 1002 3
958 1016 0
965 1023 3
976 1033 3
992 993 2
1015 1016 3
963 1023 3
937 995 3
959 1016 0
966 1023 3
928 986 0
929 987 3
930 988 3
932 990 3
991 992 0
938 995 3
938 996 3
939 997 3
1001 1002 3
946 1004 3
947 1005 3
948 1006 3
949 1007 3
950 1008 3
951 1009 3
952 1010 3
953 1011 3
954 1012 3
955 1013 3
956 1014 3
959 1017 0
960 1018 0
961 1019 1
962 1020 3
963 1020 3
963 1021 3
1021 1022 3
966 1024 3
967 1025 3
968 1026 3
969 1027 3
970 1028 3
971 1029 3
972 1030 3
973 1031 3
974 1032 1
986 987 3
987 988 3
989 990 3
990 991 3
995 996 3
996 997 3
997 998 3
1003 1004 3
1004 1005 3
1005 1006 3
1006 1007 3
1007 1008 3
1008 1009 3
1009 1010 3
1010 1011 3
1011 1012 3
1012 1013 3
1013 1014 3
1014 1015 3
1016 1017 3
1017 1018 3
1018 1019 3
1019 1020 3
1023 1024 3
1024 1025 3
1025 1026 3
1026 1027 3
1027 1028 3
1028 1029 3
1029 1030 3
1030 1031 3
1031 1032 3
1032 1033 3
998 999 3
1002 1003 3
1020 1021 3
988 989 3
1022 1023 3
993 995 3
1033 1034 3
