0.0135188 -0.270479 24.5674
0.0147125 -0.252933 24.9787
0.0113246 -0.274468 24.8422
-0.0354629 -0.191362 27.3919
0.0133364 -0.198707 23.1302
0.0350417 -0.170319 20.8243
0.199408 -0.0372505 -5.96619
-0.18404 0.0319804 68.7753
0.283938 0.0499496 -12.7906
-0.032998 0.0145461 49.487
-0.00677446 -0.087491 23.143
-0.00752891 -0.0784422 23.2475
-0.0135071 -0.0671029 24.7188
0.154155 -0.0229975 -13.0184
-0.04118 -0.0958315 34.7571
-0.077659 -0.0362916 45.6159
-0.0671673 -0.0308108 41.6495
-0.0173693 0.0285293 22.1024
0.0395871 0.0288939 1.13646
-0.167636 0.0401921 77.349
-0.192572 0.133409 86.0809
0.151976 -0.0200538 -61.8464
0.160587 0.0855871 -67.0103
0.118718 0.175159 -46.8672
-0.193669 0.148628 113.837
0.169016 0.171644 -84.0703
0.107852 -0.0004019 -56.1396
0.142273 -0.00473743 -74.8262
0.186216 0.0226239 -100.478
0.00379704 -0.105483 6.23084
-0.0104739 -0.0526217 15.1281
-0.0210625 -0.0282499 21.8176
-0.0300728 -0.0228719 27.5982
-0.0165089 -0.0875023 19.5322
-0.0449907 -0.0806413 39.6955
-0.021629 -0.062845 21.5039
-0.0105055 -0.03681 11.7759
-0.157317 -0.420738 136.74
-0.00588612 -0.00176746 7.00188
-0.00581646 -0.00991188 6.85553
-0.00283994 0.0144417 3.77583
-0.215625 -0.0105469 191.704
0.111895 0.17493 -105.323
0.00150533 0.0175713 -0.15082
0.0102216 -0.0314127 -6.57835
0.00633911 0.0431432 -1.85473
0.0034913 0.0144879 -1.84197
0.00504439 -0.301395 0.353427
0.00615033 0.0430378 -2.0668
0 0.0186248 4.39686
-0.0147896 0.0219828 20.6763
0 0.0584093 4.21889
0.0044522 -0.301454 0.484263
0.0125166 0.0456719 -10.1765
0 -0.301737 5.55112
0.0213623 0.0308346 -21.1179
0 0.0584093 4.21889
0.03519 0.0323274 -38.8905
0.0297646 -0.259001 24.3002
0.00226243 -0.296682 26.1937
0.0337095 -0.300685 24.2192
0.0364802 -0.21868 21.2982
0.0560622 -0.19375 19.1474
0.0421599 -0.187385 20.3604
0.0476644 -0.154784 18.5324
0.0388208 -0.237456 22.6017
0.24581 0.0778778 -6.36933
-0.0482029 0.00781195 52.8381
0.0116685 -0.0937404 18.6804
0.000269103 -0.0762011 21.2096
-0.0098196 -0.0882741 24.1913
-0.018998 -0.111837 27.8435
-0.0204104 -0.110004 28.3023
-0.0423587 -0.0772943 34.962
-0.0552297 -0.0326178 37.8842
-0.0178326 -0.0487076 24.5195
-0.0128583 -0.0738828 23.8435
-0.187032 0.122285 83.721
0.0944201 0.0235343 -37.1172
0.118718 0.175159 -46.8672
-0.00862066 -0.241626 18.4002
0.0640512 -0.0836341 -13.5563
-0.00856923 -0.0161175 21.5484
0.154117 -0.0271182 -70.03
0.0844063 0.0120117 -42.7472
0.0481028 -0.0732187 -18.3141
0.15186 0.0561969 -80.7258
-0.157131 0.587105 88.8313
-0.00324702 0.541479 -9.25901
-0.00671713 -0.0432815 11.9419
-0.0183107 -0.0264375 18.899
-0.0620041 -0.0673502 52.0691
-0.0425447 -0.0631599 37.073
-0.041212 -0.0653269 36.4503
-0.00261687 -0.0247756 5.19062
0.0059438 -0.00249438 -2.91662
-0.00637821 -0.0142799 7.94611
0.00859277 0.0479378 -6.12025
-0.00686507 0.0283277 7.45222
0.0797717 -0.129227 -64.7739
-0.0100411 0.00540794 11.1803
-0.00584499 0.0798409 4.33702
0.00542127 -0.00136433 -2.83646
0.00324475 0.012432 -1.47832
0.0015087 0.0133745 0.18656
-0.0010615 0.014221 2.76207
-0.000977113 0.0138822 2.70928
0 -0.0398774 2.21508
-0.004223 0.0152446 6.06481
-0.00217929 0.00539039 3.06387
-0.00762029 0.0176192 9.68567
-0.0113983 0.018461 13.9212
0 0.0333762 0.282461
-0.0117771 0.0183108 14.3614
-0.011766 0.0182897 14.3485
-0.0117272 0.018256 14.3051
0.0345075 -0.240489 23.205
-0.0390314 0.860646 -36.4231
0.0484245 -0.0812781 11.2643
0.0542035 -0.218913 19.6834
0.0574643 -0.223982 19.7245
0.0610703 -0.213717 19.0136
0.0194369 -0.242684 25.6368
0.0248889 -0.270905 26.231
-0.00370843 0.0516494 41.1153
-0.0137187 0.00752432 45.8795
0.0217888 -0.0657057 15.3216
-0.000409641 -0.0726263 21.212
-0.0237383 -0.069136 26.9885
-0.0187965 -0.10167 27.3919
-0.0141546 -0.10943 26.5364
-0.0244541 -0.118688 30.5129
-0.0266286 -0.0959128 30.1437
-0.0402323 -0.0647978 33.6359
-0.0373187 -0.0771254 33.6398
-0.0404374 0.00892493 29.6559
-0.0459497 0.04061 24.4738
0.124198 0.00414455 -49.6878
-0.0477662 -0.0128688 31.6271
0.0660581 -0.0169025 -25.8063
0.116413 -0.0118492 -51.5761
0.0712912 -0.0340155 -33.809
0.0425371 -0.02679 -17.2379
0.0308579 0.0151177 -13.4738
0.00306492 0.0275721 3.99283
0.0121304 0.056749 -3.97168
-0.0128735 -0.00462568 14.8977
0.0219121 -0.0497614 -7.52914
-0.026103 -0.048726 26.1753
-0.0388886 -0.0504426 34.4125
-0.0195395 -0.0268521 18.4398
-0.0167662 -0.0174852 15.8241
-0.0112665 -0.0109639 11.4156
7.8788e-05 0.00287715 1.79926
0.0178077 0.0111444 -12.7806
0.0292374 -0.0198165 -20.4934
0.0247009 -0.0455832 -15.6
-0.0127514 -0.00311508 13.8811
-0.0029746 0.00101738 5.2033
0.00437411 0.0003449 -1.79136
-0.00211862 0.0135861 4.20851
0.00681601 0.00756299 -4.72695
-0.0169994 -0.0824589 23.8319
0 -0.118762 8.97104
-8.76834e-05 0.0153447 1.69991
-0.00631317 -0.147657 17.4957
-0.0334963 -0.0686782 42.7856
-0.00445676 0.0165062 6.26489
0 -0.0904419 7.26399
0 -0.113433 8.73501
0 -0.15788 11.3852
-0.0472458 -0.0684058 62.7719
-0.0168287 -0.0669868 26.6578
-0.011765 0.0183139 14.3487
0.0319874 -0.0311906 10.3113
0.0139308 -0.137348 17.1885
-0.0118433 -0.0122878 9.64852
0.0137817 -0.101143 14.5471
0.0354942 -0.178216 18.2943
0.0125794 -0.245609 26.6225
0.0186517 -0.297836 28.7907
0.00682319 -0.361393 36.6183
-0.0231948 0.00281698 48.139
-0.0208485 -0.0026331 48.0181
0.0419071 -0.0980136 13.2487
0.0106054 -0.0632817 18.2036
-0.0204593 -0.0686479 26.1937
-0.0385261 -0.109171 34.1065
-0.0283498 -0.117216 31.296
-0.00609739 -0.151365 26.4176
-0.00436784 -0.176634 27.9957
-0.0326417 -0.102128 33.4258
-0.05863 -0.0818606 42.2998
-0.0125182 0.0164819 9.53441
-0.00115437 -0.00891722 7.17083
0.0210063 -0.0263565 -1.10929
0.0239777 -0.0559506 -2.60372
0.0350523 -0.0426652 -8.74913
0.151513 -0.0553043 -67.0362
0.00305198 -0.00978822 3.58043
0.0311446 -0.0142193 -11.6661
0.0453613 -0.0100831 -20.6405
0.0444398 0.0238579 -21.6179
0.0544036 -0.00109834 -26.36
0.0232521 0.0573535 -10.9429
0.0476149 -0.012198 -21.4685
-0.014749 -0.0280707 15.4593
-0.0246986 -0.0223408 22.5455
-0.0163359 0.00668941 14.0043
-0.00303949 0.015002 3.26757
0.00680816 0.0132826 -3.95763
0.00938535 0.0134501 -5.5061
0.00720516 0.000736917 -3.49237
0.00666338 -0.0197708 -2.27288
0.00867455 -0.00812367 -5.21762
0.00553383 -0.00379088 -2.67831
0.141942 0.0315982 -130.193
-0.0500697 0.10669 40.8434
-0.0104565 0.0149699 10.2293
0.176133 -0.11452 -156.614
0.00192372 0.0437559 0.341635
0.00136904 0.0526378 0.231914
0.058416 -0.0157414 -41.5259
0 0.0756541 0.0562215
0 0.0756541 0.0562215
0 0.0756541 0.0562215
0 0.0756541 0.0562215
-0.00123545 0.0753089 1.5018
0 0.0756541 0.0562215
0 0.0756541 0.0562215
0 0.0756541 0.0562215
0 0.0756541 0.0562215
0.0169939 0.013094 6.70735
0.00159184 -0.00162769 8.28228
0 0 -1
-0.0438335 0.00329622 10.4216
-0.00519877 -0.0311542 9.66502
0.00874199 -0.0877907 14.2049
0.0183011 -0.0107804 3.97777
0.0215564 -0.00888159 3.50838
-0.041241 0.00156635 51.7006
-0.0304665 -0.000456011 49.6642
0.220002 -0.348767 -5.40662
0.00864481 -0.0821656 19.8869
0.0389779 0.017277 -7.7137
0.0226268 -0.0141418 0.451812
0.00280929 -0.201711 27.9369
-0.030817 -0.207505 37.3661
-0.0195401 -0.0104284 11.9612
0.0765177 -0.346406 12.3914
-0.00418633 -0.00408453 8.06501
-0.00360945 0.00225762 7.20543
-0.00614244 -0.0165886 10.3148
0.0048345 -0.0141791 4.5724
-0.0151965 -0.0447467 16.3678
0.00789171 -0.0279205 3.059
0.0878637 -0.123422 -27.5539
0.00967928 -0.0261894 1.44337
0.0252434 -0.0360634 -5.70163
0.0279825 -0.0741637 -4.66961
0.102617 0.0051479 -55.937
0.00605185 -0.0939716 11.2355
-0.0260044 -0.150247 37.8399
0.0108475 -0.0222544 -2.00773
-0.000751579 -0.0024795 3.25464
0.000469457 -0.00411115 2.81028
-0.00366539 0.0349588 3.19704
-0.0105681 0.022277 8.73905
0.00247355 0.0297413 -2.18894
-0.00647349 -0.00351954 8.25418
-0.0187515 -0.0159738 19.2742
-0.00719212 -0.0128285 9.23197
0.00606197 0.00126839 -4.00708
0.0149104 0.0116809 -13.1183
0.0021524 -0.00577179 0.0401082
-0.0630452 -0.0207828 62.9491
0.0140843 0.00890117 -11.8547
-0.00326138 -3.27101e-05 6.21662
0.00145144 -0.0197005 7.38665
0.0153165 -0.0431806 -4.65535
0.056298 -0.0165487 -39.2288
-0.0159363 -0.397962 114.791
-0.00349827 -0.321417 93.8211
0.0171592 -0.387106 77.5366
0.040886 -0.343217 45.8436
0.0168536 -0.37091 75.5779
-0.0346352 -0.359903 134.634
0.0273067 -0.330154 58.2676
-0.033187 -0.365575 135.094
-0.0378014 -0.319075 136.448
0.00636051 0.0239963 5.97353
-0.00326682 0.0164 7.05379
-0.0235245 0.00951574 8.57876
0 0 -1
-0.0327975 0.00919271 8.57397
0.00299101 -0.0166797 8.03093
-0.00791865 -0.00314007 6.83554
0.0281645 0.00954355 0.354614
-0.0318235 0.011359 48.8575
-0.0395931 -0.00058621 51.5148
0.222767 -0.348455 -6.04335
-0.0534691 -0.0412826 78.2691
0.0334962 0.0433119 -9.13956
0 0 -1
-0.0225504 -0.020751 14.4081
-0.0282984 0.0460874 8.10022
0.005031 0.000766584 2.38339
0.0237665 0.0217887 -7.08367
0.0202632 0.01377 -3.73145
-0.00402041 -0.00237453 7.92746
-0.0257668 -0.00622394 17.8489
-0.0372604 -0.0293853 25.2994
-0.00474382 -0.0450764 10.7009
0.0175781 -0.0610023 1.79769
0.00457655 -0.0448946 6.38024
-0.00347621 -0.073512 14.2352
-0.00796902 -0.0750827 16.7679
0.0135003 -0.0648366 3.41332
0.0183825 -0.0670996 1.12676
0.000718573 -0.0844442 14.9245
0.00553744 -0.0515073 6.49674
-0.00685859 -0.00939279 8.17091
0.0298199 0.024206 -21.1378
0.025123 0.00472967 -15.4742
0.111467 -0.0817421 -55.1545
-0.0210425 0.00891269 18.5096
-0.0103211 -0.00707493 12.1114
-0.0262829 0.00437706 23.2555
-0.0134803 0.0010768 12.9408
-0.0100529 -0.00479825 10.7252
0.00989264 0.00600084 -8.02661
0.00967919 0.00195886 -6.9756
0.014535 0.00564673 -12.4277
0.0147706 -0.00228802 -11.6478
-0.384582 -0.0850084 386.281
0 0 -1
0.00494432 0.0125473 -3.40675
4.23543e-05 0.0919546 -6.58367
-0.0336291 -0.0350035 102.864
-0.0136874 0.249278 46.1802
-0.0329229 0.226349 70.1449
1.018e-06 0.0755044 51.211
0.0363097 0.194301 -3.18197
0.0251944 0.163589 12.2611
-0.0104921 0.055337 65.8431
0.00378264 0.0987172 44.0969
9.45289e-07 0.1036 48.0591
-0.0127825 0.0191925 15.4551
-0.00819368 0.0131613 7.52835
-0.0110789 0.00289396 8.98203
-0.0260141 0.00362785 9.43358
-0.0348666 0.0142549 8.60735
-0.0435427 0.0428035 5.18156
-0.0155682 0.0240973 3.98818
0.0260294 0.0341387 -2.4643
0.0242071 0.0401016 -2.81154
-0.0414306 -0.000664039 52.0939
-0.0357192 0.00149354 50.7175
-0.0829723 -0.0801254 91.1731
-0.0861728 -0.0610753 89.17
0.0295319 0.0691261 -11.2326
-0.0135381 0.0404169 4.79239
-0.0311075 0.025446 11.2843
-0.00196449 0.0257739 1.91703
0.00418643 0.0365378 -1.63799
0.0234 0.0306125 -7.37989
-0.000147835 0.00139484 5.82467
-0.0128578 -0.0120072 12.8457
-0.0281508 -0.00520058 18.9404
-0.0603507 -0.00795681 33.1749
-0.0620421 0.00342384 32.0951
-0.00386887 -0.0214267 7.19767
-0.000839841 -0.0423427 8.43554
0.00310396 -0.0593815 8.46991
-0.00305833 -0.0307199 7.73977
0.00313466 -0.0455378 6.89144
0.0614874 -0.867782 83.0384
0.00391602 -0.0811166 12.538
0.000311168 -0.0255154 5.55583
-0.00541607 -0.0182285 8.47229
0.00357998 -0.00955373 0.947747
0.0171378 -0.00639109 -8.55391
-0.0534341 -0.0311689 61.198
-0.00514792 -0.0155884 8.92246
0.00584491 -0.0262624 1.66395
-0.0164869 -0.0172962 18.1215
-0.0208589 -0.00950159 20.4034
-0.00911648 -0.00676443 10.2121
0.0160435 0.0105418 -14.4075
0.0241716 0.0207002 -23.0171
0.0177342 0.00367653 -15.1391
0.00886145 0.0155918 -7.43457
0.00676103 0.0261271 -6.33862
0.0017892 0.0238388 -1.1178
0.00265518 0.229824 -31.587
-1.00674 0.0241642 1061.25
-0.0604585 -0.378823 143.185
-0.00289623 0.018999 4.37717
-0.00453623 0.0225292 5.73644
-0.0095616 0.00418176 11.8776
0.00835784 -0.0144404 -5.56913
-0.00354341 0.0024139 4.98897
0.00535813 -0.0145 -2.43579
-0.0140991 0.021784 16.6598
-0.00918886 0.0191139 11.3392
-0.0171741 0.0188446 20.7471
-0.021671 0.00905237 8.14975
-0.0152991 0.00891358 8.0852
-0.017687 0.0112863 7.74428
-0.0179271 0.0318712 4.66524
-0.0239403 0.0448194 3.03876
-0.0150593 0.0609887 -0.365679
0.0122562 0.0710357 -5.49456
0.0100129 0.055053 -2.71839
0.00359759 0.0362474 1.55089
-0.0204308 -0.0017765 48.0568
0.0409103 0.0361051 1.56289
-0.0221848 0.00617962 12.4171
-0.012924 0.0367112 5.13052
-0.0204871 0.0585884 3.75099
-0.0372127 0.0670091 7.4106
-0.0302633 0.0618401 5.93471
0.00359748 0.0615276 -5.32694
0.00116388 0.0238763 1.84594
-0.0212118 0.00701288 13.2232
-0.0262365 -0.00218671 16.5765
-0.0164048 -0.0113123 13.9687
-0.0530344 0.0151469 25.6816
-0.00192506 -0.00751029 12.0136
-0.0369246 0.0111197 19.4663
-0.00919497 -0.0148883 8.68125
-0.00613917 -0.0288242 9.2911
0.00363576 -0.0241149 3.09834
-0.00347164 -0.0254785 7.64859
-0.0035189 -0.0383002 9.82188
0.0334311 0.155216 -42.9431
-0.0241174 0.298152 -26.4829
0.00526332 0.0158422 -4.37813
0.00697087 -0.00899574 -1.39551
-0.00538116 0.00234708 6.0752
-0.015398 -0.0273657 32.0494
0.000994305 0.0271601 -2.77014
-0.00581724 -0.00225851 7.12002
-0.0143787 -0.00284262 14.1633
-0.00930245 -0.00369304 9.80298
0.00331054 0.0106637 -3.05376
0.011973 0.0153521 -11.5581
0.0040116 -0.000718626 -1.72536
0 -0.0651532 11.3915
0.0182677 0.0166827 -17.1122
-0.00348674 0.0362506 1.06219
-0.00022379 -0.0314015 11.4268
0.0009803 -0.0349524 10.7838
0.000401533 -0.159538 30.673
0.158572 0.0311702 -108.657
-0.00133308 0.0336323 46.3631
0.000906543 -0.108813 75.5861
0.0868721 0.00796262 -47.8845
-0.129218 -0.0361013 211.827
0.0320704 -0.0814043 34.4091
0.0604732 -0.0445882 -5.62013
0.049225 -0.0479126 7.32159
-0.0138787 -0.312033 124.214
-0.0182484 0.0206307 21.767
-0.0167326 0.00940874 8.12193
-0.0186543 0.0105891 7.91971
-0.202077 -0.0129453 65.2181
-0.142879 0.0264314 39.704
-0.147202 0.0615432 32.7277
-0.1069 0.0812408 24.4881
-0.0562113 0.0495184 24.6085
-0.0368346 0.0291545 25.701
0.00609467 0.000790314 42.1544
-0.00057673 0.000898514 43.5237
-0.0187863 0.0981354 4.47359
-0.0389236 -0.00710925 68.9977
-0.0029597 0.434086 -66.6978
-0.0479368 0.461692 -59.9579
-0.0611487 0.174562 -3.1244
-0.0543732 0.284669 -25.773
-0.0235304 0.0888173 -0.126383
-0.0232783 0.0762539 2.2596
-0.0339973 0.0815791 5.15905
-0.0179433 0.0852618 -2.38674
-0.0228797 0.0836626 0.851019
-0.0509168 0.104977 9.2662
-0.0468362 0.0297279 20.4532
0.047519 0.103718 -38.8686
0.0591362 0.167252 -55.7613
0.0261527 0.104071 -24.6571
0.309071 0.0935301 -182.744
0.00502163 0.00657117 10.0205
-0.0541639 -0.00672395 49.0676
-0.0313058 0.322176 -37.5405
-0.00997828 0.229788 -33.5116
0.0175873 0.086352 -24.477
0.00812715 0.0253422 -8.10694
0.00520539 0.204196 -37.5562
0.0934285 -0.00293422 -53.9472
-0.00833165 0.0220776 4.66912
-0.019811 0.0518292 7.98715
-0.00766312 0.0175375 5.07612
-0.00427651 0.0233254 0.947551
0.0349695 0.0256419 -33.8413
-0.0155158 0.0485786 6.37655
0.0507859 0.0314034 -49.3491
0.0502166 0.0503873 -52.1338
0.0301637 0.064241 -35.742
-0.0315052 0.0484762 25.8828
0.0111831 0.0352623 -12.4093
0.0113128 0.0269525 -11.2413
0.00427367 0.0290996 -4.51536
0.158969 0.029243 -108.677
0.169416 0.0314774 -120.015
-0.013962 0.0234066 16.1621
-0.0131175 0.0252006 14.7617
-0.0856975 0.0469489 148.199
0.349685 0.130671 -412.296
0.108218 0.130245 -131.356
0.0255899 -0.431105 103.244
0.0116506 0.695747 -76.4676
0.00737696 0.0574597 -0.250559
-0.164325 -0.0367197 67.6775
-0.166313 -0.0367737 67.7783
-0.178206 -0.0349745 68.1013
-0.124535 -0.0129996 45.8412
-0.138174 0.0530959 33.5277
-0.0670861 0.0308795 29.831
-0.06571 0.0179316 32.5106
-0.0515893 -0.00204016 34.2213
0.517461 0.0982289 -75.2981
0.0352902 0.00875683 34.6978
-0.119972 -0.167937 79.4213
-0.252238 -0.171841 115.277
-0.0440457 -0.0554405 38.6132
-0.0360925 0.0413153 16.9262
-0.0965716 0.22146 -0.503635
-0.0888146 0.0991045 20.317
-0.0435536 0.0603281 12.3459
-0.0165162 0.0935919 -2.96307
0.00161755 0.177895 -27.3153
0.0877351 0.273018 -86.5228
0.0266553 0.202132 -44.0507
0.047445 0.25594 -64.0907
-0.0374786 -0.129728 64.6978
-0.00270091 0.0279082 17.5523
0.00521835 0.17491 -28.8658
0.00374696 0.155239 -23.3311
0.0739664 0.0788383 -45.8941
0.0198081 0.0358889 -4.53766
-0.010683 0.0200071 17.1246
-0.022291 0.274984 -33.4998
-0.0269703 0.300378 -35.8566
-0.026597 0.270937 -30.2853
-0.00849208 0.173199 -23.0553
-0.0257959 0.188646 -13.6608
0.0455557 0.0121881 -20.7446
-0.033167 0.0986344 9.85921
-0.013771 0.0995326 -5.78063
-0.0182337 0.0791481 1.8128
-0.00730185 0.0762275 -6.98006
0.0085473 0.0483262 -15.3477
0.0114491 0.0356316 -12.5025
0.00273069 0.0117901 -1.66364
0.0577648 0.0475878 -58.8185
0.0235225 0.0677703 -29.7342
0.0504514 0.0705266 -56.6505
0.0213687 0.0644288 -29.1186
-0.0138871 0.0245416 15.7714
-0.00281606 0.0308827 2.46007
0 0 -1
0.111459 0.330415 -133.366
-0.199219 0.275391 214.382
-0.02597 0.0336402 168.36
0.194943 -0.0018379 -160.534
-6.10606 0.0105528 7125.83
0.357336 0.122646 -419.516
0 0.0584807 8.68208
-0.235646 0.477203 201.146
0.156142 0.102436 -202.808
-0.164576 -0.0358104 67.5058
0 -0.0629498 63.8517
-0.171943 -0.0349033 67.5474
-0.1738 -0.0364431 68.05
-0.128946 -0.636215 181.945
-0.113372 -0.566249 163.589
0.23144 0.184992 -56.955
-0.0641296 -0.0382583 43.875
0.0276804 -0.00273519 38.7877
0.0301748 -0.00188606 38.0379
-0.140522 -0.149851 79.3742
-0.00816521 0.00553326 58.5502
0.0343224 0.0135044 1.84955
-0.027375 0.32067 -50.7737
-0.0285714 0.206966 -26.1429
0.023885 0.139982 -28.3779
0.0154499 0.299558 -59.5402
0.0403689 0.29014 -67.0563
0.0219175 0.322232 -67.1291
0.0197152 0.247241 -48.6951
0.0391833 0.289186 -67.5767
-0.0142411 0.263783 -37.5475
-0.0228312 0.217287 -21.4467
-0.0192505 0.260445 -33.4391
-0.0198989 0.258367 -32.5126
-0.00833053 0.227153 -31.8233
0.0509125 0.0687067 -30.0211
0.029394 0.0369542 -10.7877
0.0140054 0.053261 -5.43298
0.000367046 0.286707 -49.926
-0.0114377 0.324153 -50.4219
0.302161 0.885393 -392.057
-0.00298838 0.223812 -36.4271
-0.00722161 0.251237 -39.4308
0.025637 0.0459267 -13.8105
-0.0652136 0.106904 33.6545
-0.0472163 0.0965274 21.5627
-0.0300587 0.0526355 17.9824
-0.0151608 0.0559781 4.55977
-0.00245445 0.0751571 -10.9814
0.00222386 0.000696368 0.0821539
0.00273069 0.0117901 -1.66364
0.0309917 0.285712 -80.4589
0.0487523 0.05714 -51.7722
0.00132567 0.0617439 -7.76886
-0.00757505 0.0560722 1.93636
-0.0085672 0.0563115 2.74499
-0.00937749 0.0397505 7.32683
-0.0190261 0.0160465 21.0195
0 0.265963 -54.0782
-0.00518974 -0.0461731 120.082
-0.00500608 -0.0631857 123.709
0.193973 0.00849072 -161.603
0.276404 0.0851596 -317.434
-0.0375708 0.0828517 48.986
0.0171374 0.512722 -114.038
0.000350295 0.536446 -99.0476
0 0.415329 -70.7088
-0.0234703 0.000379954 -0.855744
0.0459242 0.209338 -34.3129
0.0386691 0.225302 -38.0472
0.0532668 0.263037 -48.5459
0.0385537 0.188771 -27.8728
0.175369 0.368568 -94.3293
0.137322 0.262907 -62.2438
0.057633 0.188874 -31.1119
0.0183087 0.211102 -30.2352
-0.00370999 0.248692 -35.8876
-0.0629394 0.902449 -187.456
-0.0289798 0.0039293 64.1326
-0.00748778 0.315558 -55.3288
0.00681721 0.314335 -58.9161
0.00481685 0.287277 -51.2568
-0.0262627 0.278927 -39.2331
0.00460646 0.268386 -47.1498
0.0132976 0.269876 -50.8726
-0.000343745 0.27405 -46.642
0.0170262 0.26041 -50.5022
0.00725717 0.281208 -51.3351
-0.00359978 0.226189 -32.2259
-0.01566 0.221103 -25.6469
-0.0260426 0.222023 -20.3632
0.00464551 0.259002 -45.5848
0.0346933 0.298474 -71.0336
-0.000291623 0.520397 -107.184
-0.0101416 0.578903 -115.454
0.138154 0.0531223 -81.0642
0.0634911 0.252651 -82.5965
0.0369558 0.291492 -74.4746
0.012182 0.319187 -64.9675
-0.0268741 0.143557 -0.650037
-0.0237617 0.189199 -14.0663
0.0158278 0.0566123 -9.4537
0.029502 0.0337186 -14.0513
-0.03943 0.0712072 21.1818
-0.0784992 -0.33176 152.948
-0.0390755 0.0766917 20.0108
-0.0389426 0.042734 27.3205
-0.00202278 0.0166172 1.88815
-0.00129011 0.0631842 -5.96837
-0.13921 -0.149078 191.096
-0.113449 -0.293061 203.336
-0.00962992 0.0776547 -0.680947
-0.0165994 0.0702385 7.73934
-0.0196765 0.0590597 13.4711
0 0.498911 -110.18
0.0629634 0.516839 -179.887
-0.00142594 0.313071 -51.3737
-0.0421005 0.584303 -84.5225
0 1.01646 -234.768
0.148612 -0.632582 14.9959
-0.0394959 0.0558216 57.6178
-0.331582 -0.618853 568.21
0 0.17133 -16.5314
0.011768 -0.0790199 28.9224
0 -0.0944061 47.2057
-0.0234703 0.000379954 -0.855744
0.0588612 0.200506 -32.6253
0.0579022 0.2107 -35.2324
0.0409772 0.221731 -36.4313
-0.0312365 0.16799 -15.2059
0.0215619 0.220603 -35.625
0.0544503 0.222311 -39.7341
0.0461658 0.179641 -26.1659
0.02881 0.168313 -20.1256
0.0346676 0.204099 -31.2572
-0.0423067 0.297101 -40.5784
-0.000361474 0.347515 -65.2398
-0.0103849 0.335612 -59.4599
-0.0143437 0.3275 -56.3427
-0.0182086 0.288444 -44.3313
-0.0257972 0.258932 -33.8
-0.00384936 0.229986 -34.371
0.0218384 0.201971 -36.367
0.0135429 0.20859 -34.6442
0.0161015 0.198452 -33.5946
0.0243664 0.229396 -44.9957
-0.0109482 0.162827 -11.8394
0.00150267 0.170665 -20.2033
-0.0013999 0.214562 -30.8899
-0.0120702 0.194198 -19.2881
0.0575293 0.184207 -54.169
0.0635387 0.221339 -66.0873
0.00529946 0.237566 -36.084
-0.0350833 0.235058 -11.5818
-0.0472215 0.329032 -29.77
-0.00272648 0.28796 -47.5111
0.0400917 0.269624 -70.3281
0.0583915 0.275283 -84.7238
0.127331 0.238065 -122.606
0.0308089 0.011462 -9.52759
0 0.572659 -126.759
0.0174597 0.605176 -149.175
0.0145376 0.576049 -139.411
0.00346076 0.597217 -136.267
0.00346076 0.597217 -136.267
0.00346076 0.597217 -136.267
-0.00162413 0.279996 -45.3717
-0.128001 -0.294112 216.84
-0.140828 -0.285653 226.278
-0.133218 -0.114102 172.142
-0.0427922 0.0757248 32.2594
0.0035188 0.577603 -131.617
0 1.41986 -355.23
0.00117854 0.623816 -141.571
0 0.572659 -126.759
0 0.572659 -126.759
0.0195227 0.608351 -157.972
0 0.572659 -126.759
-0.00773058 0.563584 -115.375
-0.179626 -0.704411 412.305
-0.0710937 0.676898 -70.0973
0.0376073 0.622691 -186.181
0 0.623996 -140.382
-0.0234703 0.000379954 -0.855744
0.0694172 0.200899 -33.3013
0.0648602 0.686915 -189.355
0.0512201 0.686731 -188.772
-0.0532563 0.193383 -20.2277
-0.0860817 0.15076 -4.5968
0.607387 0.256101 -133.676
0.0514455 0.211121 -36.6669
0.0396276 0.229757 -40.7554
0.0372012 0.207651 -33.7001
0.0218939 0.24727 -41.5157
-0.0112319 0.328737 -57.1387
-0.015643 0.400508 -62.4168
-0.0635738 0.275095 -26.8726
-0.0242587 0.268659 -35.9224
-0.0270381 0.212783 -20.0447
-0.0514562 0.216121 -12.7519
-0.0150482 0.187889 -19.2085
0.0137972 0.182459 -28.3957
0.00847176 0.189241 -28.1167
-0.00645209 0.194089 -22.7505
-0.00561875 0.189111 -21.797
-0.00562457 0.199386 -25.2827
0.00895382 0.186768 -28.4099
-0.021448 0.19947 -16.999
-0.0388327 0.153937 5.84882
-0.0550449 0.241761 -11.7233
0.00285586 0.244678 -46.44
0.0546037 0.231687 -74.2577
-0.00373151 0.00261021 39.9167
-0.0442768 0.336351 -32.809
0.0255643 0.238517 -52.0275
0.0642369 0.264281 -85.7448
0.0947735 0.245731 -101.635
0.0579904 0.240977 -72.7446
0.0467688 0.225398 -60.6366
0.0046973 0.110255 6.24823
0.0251086 0.072669 0.967436
0.0448078 0.041225 -5.9374
0.0459527 0.0272316 -2.76401
0.0334198 0.0150065 12.2061
-0.0109472 0.0152672 51.1625
-0.0087776 0.00664124 52.2037
-0.00912484 0.00555455 52.7956
-0.00575278 0.00726859 49.0899
-0.000919888 0.00823439 44.1195
0.00163451 0.00890244 41.3822
0.00344941 0.332944 -57.1212
0 0.0835295 18.6881
0 0.189515 -12.8677
0.0142553 0.150234 -16.7139
0 0.212771 -19.811
0 0.212771 -19.811
0 0.189515 -12.8677
0 0.189515 -12.8677
0.0106365 0.079611 7.18089
0 0.0835295 18.6881
0 0.11539 9.1632
-0.0234703 0.000379954 -0.855744
0.0546721 0.238084 -44.0325
0.099801 0.680021 -188.99
0.132153 0.663333 -185.818
-0.0989057 0.215383 -23.3193
-0.140333 0.15706 -1.01934
0.0466946 0.602434 -156.988
0.0252376 0.293797 -56.4974
0.0136749 0.312592 -60.0916
0.0209201 0.247484 -42.2146
0.0608656 0.274687 -58.8664
0.0419741 0.280083 -55.6166
-0.0197749 0.228868 -23.9066
-0.0716186 0.240981 -14.4552
-0.0680006 0.200735 -4.08455
-0.0265929 0.199229 -16.7122
-0.0127395 0.134088 9.82657
-0.00995708 0.113378 14.9435
-0.0402219 0.127508 21.6816
-0.00759406 0.152267 0.770593
-0.0130595 0.137789 7.69331
-0.0125014 0.145439 5.02067
-0.00855594 0.640214 -157.201
-0.0411596 0.171516 1.34135
0 0 -1
-0.0288405 0.165095 -3.0874
-0.0219362 0.228543 -26.8707
-0.000207964 0.240159 -43.2043
0.0143687 0.230812 -49.1524
0.0162691 0.228066 -49.5831
1.75722 -0.359116 -1031.91
0.0668642 0.264056 -87.9719
0.0647288 0.246966 -81.0271
0.0843384 0.256362 -97.4904
0.0431833 0.233642 -60.2046
0.0538455 0.207458 -60.4879
-0.137668 -9.7861e-05 155.556
-0.00238277 0.0664634 25.0771
0.023914 0.0341506 13.6041
0.0398202 0.0232206 3.68816
0.0495427 -0.0129252 7.21205
-0.00209161 0.0222202 41.1503
-0.00911251 0.00520637 52.8933
-0.007674 0.00578228 51.3706
-0.00432959 0.00739628 47.6876
-0.000537443 0.00827351 43.7347
0.00158235 0.00853702 41.5458
0.0016518 0.00875332 41.4084
0 -0.379232 163.205
0.0216337 -0.422722 153.426
0.00536784 -0.207322 104.695
0.00111645 -0.377479 161.427
0.0190969 -0.20648 88.648
-0.00510829 -0.415743 180.226
-0.0179611 -0.416732 195.85
-0.00525442 -0.384867 171.209
-0.00741073 -0.387801 174.876
-0.0290758 -0.403076 206.433
-0.0234703 0.000379954 -0.855744
0.0785675 0.622976 -169.486
0.0716938 0.609683 -164.303
0.0622679 0.602245 -161.231
0.103141 0.404987 -98.1281
0.130717 0.353727 -83.6175
-0.138349 0.0203614 54.8359
0.190604 0.0216602 5.07644
0.207984 0.00369751 8.3518
0.213172 -0.0259661 18.0759
-0.186225 0.0209363 87.7337
-0.178119 0.183071 30.6111
0.0374797 0.221514 -37.5788
0.0779587 0.137434 -19.739
0.0655266 0.16219 -25.1761
-0.129886 0.201125 36.3005
0.113197 0.380203 -117.914
-0.0602952 0.157206 19.0975
-0.0261959 0.142756 11.4037
-0.0176192 0.148966 5.91215
-0.0117064 0.146724 4.18479
-0.0136931 0.146228 5.26277
-0.0146184 0.156521 2.22318
-0.0155541 0.167903 -1.14217
-0.0163484 0.181207 -5.2032
-0.0173147 0.195892 -9.62247
-0.017531 0.211076 -14.6197
-0.0149229 0.226225 -21.2571
-0.00857929 0.240681 -29.9776
0.00132215 0.245037 -37.6611
0.0163686 0.243693 -46.9932
0.0474002 0.249588 -69.8383
0.0683988 0.252491 -85.2595
0.0773661 0.249258 -90.4266
0.0675274 0.247575 -82.3634
0.042455 0.290102 -78.5429
0.0646696 0.298221 -97.5179
-0.00607147 -0.0826961 76.1487
0.00869013 -0.05945 56.9615
0.0193446 -0.0377621 41.0729
0.00524367 0.00917433 39.1142
0.0506234 0.0153971 -2.63471
-0.00864788 0.00641706 52.0674
0.0937918 -0.0332291 -57.2035
0.0959071 -0.0653479 -48.4521
0.0939239 -0.101027 -34.5658
0.0942464 -0.11217 -31.1668
0.0942464 -0.11217 -31.1668
-0.0117719 -0.28453 133.286
0 -0.272234 116.827
-0.00309053 -0.266901 118.374
0.0161392 -0.259957 94.7711
-0.0118314 -0.279754 132.774
0 -0.272234 116.827
0.00217974 -0.274439 115.007
0 -0.272234 116.827
-0.000615588 -0.272942 117.814
-0.000867769 -0.282229 121.233
0.373858 2.02194 -686.777
0.0532141 0.234805 -34.204
0.0386325 0.236507 -34.0669
0.0430104 0.147728 -3.28165
0.0464182 0.201765 -23.0174
0.130828 0.102984 5.11533
-0.147563 0.0158569 57.6837
0.204252 0.0235145 2.06389
0.187855 -0.00219562 14.6264
0.0931729 -0.0659555 56.5656
-0.0141924 -0.0373198 68.2527
0.0119999 0.134117 -0.826334
0.0389575 0.164457 -18.6366
0.0341779 0.138269 -7.47811
0.0107331 0.11494 7.21105
-0.0180178 0.256275 -30.0354
-0.0641936 0.178717 13.7441
-0.0642948 0.190052 9.78097
-0.0300801 0.160982 6.70939
-0.0199644 0.1511 6.15112
-0.0131566 0.146297 4.94906
-0.00889615 0.147932 2.44888
-0.00603783 0.156373 -1.89892
-0.00442031 0.167723 -6.72888
-0.00393786 0.18098 -11.6873
-0.00404833 0.195651 -16.8447
-0.00373686 0.210864 -22.4385
-0.0015749 0.226192 -29.1681
0.00291047 0.243556 -38.0854
0.00586421 0.250044 -42.2451
-0.359227 0.0180071 296.542
-0.358371 0.0102814 298.741
0.504357 0.0104078 -296.986
0.0645892 -0.214128 78.8544
0.0686334 0.256581 -86.1959
0.0527183 0.269976 -78.6825
0.0497042 0.195925 -49.567
0.0529169 0.259888 -74.9245
0.037717 0.199071 -41.098
0.017432 0.177159 -16.2889
0.00184384 0.158801 3.66269
-0.00653725 0.147985 14.8668
-0.00835255 0.139393 19.5296
-0.00881768 0.127952 24.0348
-0.00822696 0.120329 26.1925
-0.00787821 0.116668 27.1634
0.0946593 -0.107038 -33.3272
-0.00289495 0.0639049 41.6956
-0.00300418 0.0639051 41.808
0 0.160833 2.83737
-0.00227324 0.166431 3.39418
0.0143274 0.179391 -19.6824
3.17066e-07 0.160833 2.83701
-0.0089483 0.167388 10.8301
0.00600026 0.163969 -5.3159
0.0101129 0.160705 -9.24503
-5.18982e-07 0.164664 1.53584
-0.00205178 -0.233212 150.707
0.0404217 0.22805 -31.3966
0.039766 0.229113 -31.7484
0.0331482 0.212959 -25.4741
0.0271529 0.21639 -26.3315
-0.00519606 0.233344 -29.552
-0.0486274 0.255563 -33.5801
-0.0637879 0.018705 45.78
0.178794 0.0247003 6.06523
0.183705 -0.0135046 19.399
0.0950106 -0.00839134 34.5872
0.0437337 0.00416041 40.2368
0.0262986 0.154182 -11.4352
0.0332142 0.138572 -7.51173
0.00775165 0.131727 2.29133
0.165873 -1.3821 521.985
-0.0515467 0.258622 -19.5493
-0.0576239 0.224048 -5.07592
-0.0644607 0.182674 12.5513
-0.0483522 0.173624 9.57564
-0.0290429 0.154137 8.89455
-0.0151772 0.146435 5.78988
-0.00588611 0.148296 0.920574
-5.03213e-05 0.156051 -4.69378
0.00339841 0.167319 -10.5511
0.00488247 0.180541 -16.1944
0.005416 0.195269 -21.9202
0.00600008 0.210541 -27.8938
0.00737065 0.22572 -34.3106
0.0105607 0.24077 -41.8129
0.017576 0.240509 -46.1415
0.0359464 0.235978 -56.3146
0.0498658 0.234155 -64.9146
0.0596815 0.248097 -76.8411
0.0665479 0.261988 -86.8564
0.0697692 0.251166 -85.1565
0.077283 0.245337 -88.7896
0.0408134 0.248875 -62.0179
0.0521542 0.209601 -56.7737
0.0315527 0.191393 -33.2888
0.00781496 0.176364 -7.8128
-0.00696078 0.159639 11.0628
-0.0137716 0.148804 21.0533
-0.015562 0.138605 26.422
-0.01434 0.127833 29.258
-0.0117807 0.119912 29.752
-0.00839662 0.115268 28.1809
-0.00474066 0.0834617 36.3394
-0.00319115 0.0640857 41.9357
-0.00314901 0.0638676 41.9729
-0.0200158 -0.201261 157.881
-0.0085754 -0.226315 155.02
0.0346016 -0.145014 77.2624
-1.44944e-06 -0.239116 150.372
1.47045e-06 -0.26446 159.797
0 -0.239116 150.371
-0.00616074 -0.230726 154.669
-0.00205178 -0.233212 150.707
-0.00205178 -0.233212 150.707
