-0.0810755 -0.0493241 12.5761
-0.0660414 -0.00680373 23.8519
-0.0449735 -0.0666994 23.4051
-0.0533135 -0.133456 24.8848
-0.00222277 -0.0239422 19.0321
0.0690668 -0.0866827 12.6882
-0.00394355 -0.0177036 42.4563
0.358185 0.00700163 -12.7949
-0.107166 -0.00694368 67.6199
-0.0201913 -0.0877087 25.867
0.000946886 -0.106813 21.5911
0.0183091 -0.173938 18.8343
-0.00928375 -0.177755 25.5376
-0.0127698 -0.134619 25.3186
-0.0156554 -0.1204 25.9106
-0.0212693 -0.104203 27.3297
-0.0344547 -0.0535537 30.061
-0.0663531 -0.0437182 42.7147
-0.0656825 -0.0590714 42.0524
-0.0538672 -0.130415 38.4904
-0.0375387 -0.233092 32.5647
-0.0480801 -0.375316 40.2176
0.544748 -0.0826891 -248.603
0.0110402 -0.119571 4.31886
-0.0339771 0.0490725 26.3389
-0.0773881 0.0595178 49.1455
-0.101169 0.109694 61.752
-0.0964765 0.192823 67.5886
-0.217628 0.0238177 141.886
-0.0107361 -0.158056 15.0718
-0.0202347 -0.102815 20.5313
-0.0264242 -0.0276054 22.0053
0.0343823 -0.1277 -15.2321
0.00760688 -0.0227014 -0.879966
-0.0138037 -0.0419807 16.589
-0.039756 -0.0438 36.6835
-0.0159458 -0.023878 16.6882
-0.0242448 -0.0148424 23.5842
0.00525115 0.0370374 -2.79534
0.0204786 0.0719378 -16.4082
-0.00268103 -0.00494404 4.8896
-0.00434837 0.0265638 6.26349
-0.0138156 0.0535404 14.3382
-0.000456431 0.019615 2.32201
0.0123005 -0.00857611 -8.43937
-0.00448631 -0.0170545 9.13998
-0.0168672 -0.0105257 20.2965
-0.0139292 -0.00881545 17.2074
-0.0632902 -0.0278912 77.7324
0.170983 0.0124304 -107.591
-0.00224458 0.0129951 77.5361
-0.00165774 0.00781988 76.943
-0.000967298 0.00362126 76.2142
-0.000634872 0.000352788 75.871
-0.000707212 -0.00204786 75.982
-0.00107198 -0.00442315 76.4416
-0.00107198 -0.00442315 76.4416
-0.00107198 -0.00442315 76.4416
0.0201987 -0.335596 19.1308
-0.0318396 -0.199546 27.0761
-0.0440875 -0.0715692 23.9896
0.153801 -0.234485 9.69671
0.0656628 -0.149793 15.0697
0.0941366 -0.136086 11.374
0.0899179 -0.11798 10.9264
-0.122125 0.0035482 69.7456
-0.114225 -0.00598867 68.8338
-0.0151972 -0.0955054 24.7014
-0.0268399 -0.0955903 27.2798
-0.00349805 -0.105098 22.0081
-0.0162511 -0.13464 26.3445
-0.0145649 -0.133153 25.5196
0.00215832 -0.144674 20.8139
-0.000388499 -0.123831 20.6528
-0.0142195 -0.0866677 24.3057
-0.0231572 -0.0454776 26.2296
0.0373179 0.00179769 1.40162
-0.385688 0.0792596 167.492
-0.0231782 0.00476779 17.3562
-0.00927844 -0.202781 18.1075
0.50739 -0.00896772 -231.682
-0.0250034 -0.088767 20.7621
0.181748 0.00661842 -84.5141
-0.0931409 0.130535 56.5865
-0.111862 0.148682 67.4475
0.0270057 -0.137646 2.1639
-0.0312517 -0.0682639 36.4688
-0.0237915 -0.0502538 30.91
-0.0272828 -0.0137906 22.3415
-0.0201308 -0.0494175 18.8372
-0.00567995 -0.0142042 8.22765
-0.00671395 0.00750286 8.36776
0.00308154 -0.0377872 2.94512
0.00825442 -0.0476183 -0.10836
-0.00834149 -0.0252649 11.1195
0.0064154 -0.0204466 -0.364647
-0.0177537 3.39215e-05 18.4692
0.0472233 0.0674632 -38.7449
0.0159427 0.00898393 -10.6107
-0.00764643 0.0378562 9.6959
-0.00946458 0.00117847 12.4315
-0.00816119 0.0193717 9.83588
0.100964 0.0166969 -95.2115
-0.00389681 0.00238312 6.83768
0.000630982 -0.00816665 2.98018
0 -0.230333 9.20165
-0.049668 -0.0402984 63.6873
-0.153891 0.0590126 261.377
-0.00362884 0.0499994 99.8948
-0.00237158 0.0485419 98.5608
-0.00115105 0.0468406 97.2484
-0.000345725 0.0455008 96.3733
8.49016e-05 0.0444954 95.9063
0.000266513 0.0434899 95.7242
0.000266513 0.0434899 95.7242
0.000266513 0.0434899 95.7242
0.0152478 0.0180183 3.85432
0.027196 -0.00356794 4.31976
0.0970872 -0.0339882 3.36966
0.14325 -0.186266 8.82026
0.112971 -0.162964 10.4525
0.0963368 -0.156127 11.7851
0.0949498 -0.144729 11.2982
-0.120228 0.00264626 69.726
0.0503456 0.0436248 5.79647
-0.021445 -0.0193023 22.6591
-0.0308579 -0.0786467 28.0545
-0.011824 -0.1095 23.7696
-0.0132104 -0.112612 24.4598
-0.00655066 -0.138347 23.6999
0.00608584 -0.132677 19.8073
0.000319714 -0.124708 21.7317
-0.0237073 -0.0806304 28.1215
-0.00509026 -0.0849871 21.0336
-0.0114704 -0.0965022 23.9716
-0.307493 -0.0155634 139.838
-0.0600117 -0.07343 44.1641
-0.19801 -0.230982 112.992
0.499961 -0.0688625 -225.599
-0.0448217 0.0154718 34.6647
0.0265676 0.00989979 -3.19711
0.0175292 -0.111878 8.83507
0.125457 0.0129662 -59.1797
0.0721216 -0.0669705 -28.2886
-0.0700103 -0.0628774 55.2128
-0.0554602 0.00687246 40.6299
-0.0506981 -0.0216411 38.1157
-0.023218 0.0194884 19.4293
-0.0467065 0.012296 37.0088
-0.0167823 -0.00766398 16.4609
0.00102544 -0.00311804 2.29748
0.00765485 -0.00916153 -2.434
0.00167324 -0.00328514 2.04762
0.0144237 0.00634378 -8.60003
0.0145959 -0.0172949 -7.24762
0.00666569 -0.038375 0.60943
-0.00582367 0.0100373 8.57179
0.00837353 -0.0340952 -1.81458
0.41764 0.253444 -386.043
0.00182098 -0.0120976 2.40968
-0.007221 0.0267678 8.83521
-0.0045585 -0.00200437 7.70474
-0.010062 -0.0025859 13.5261
-0.0101767 -0.00250245 13.6494
-0.221903 0.0957769 251.345
-0.14261 0.0759241 171.503
0 -0.533464 49.8679
0.353212 -0.139086 -364.585
0.00716137 -0.296935 28.8752
0.00200012 -0.299549 34.9012
-0.000875202 -0.29996 38.2637
-0.0023893 -0.30071 40.0973
-0.0023893 -0.30071 40.0973
-0.0023893 -0.30071 40.0973
0.00502976 0.0373276 2.72743
0.00565513 0.0386754 3.00782
0.00978075 0.00242985 4.8135
-0.00021293 -0.0150656 6.45961
0.101509 -0.160104 11.8381
0.0302915 0.101207 -4.37815
0.0985912 -0.158608 11.5927
-0.128154 0.00921397 70.7247
0.365273 0.0428373 -10.1265
0.116735 0.042412 -5.02881
0.116633 0.0424131 -5.00623
-0.0100928 -0.101826 23.31
-0.025148 -0.116959 28.0146
0.00367029 -0.160758 22.3279
0.0125935 -0.1737 20.2037
0.0110803 -0.198308 22.8593
0.00980485 -0.193985 23.1851
0.000853748 -0.107089 19.488
-0.0407603 -0.180266 40.0191
-0.0429278 -0.0720818 30.7652
-0.0341724 -0.00115129 21.0633
-0.0220462 0.000275117 15.4277
-0.00995511 0.0273134 7.07061
-0.0275093 0.00965981 17.3707
-0.00341331 0.04239 3.47982
-0.00580109 -0.0180733 8.88837
0.00273838 -0.0313503 4.70067
0.0490512 -0.0534888 -18.7195
0.00754784 -0.0607413 7.51767
-0.0543533 -0.0118196 42.5244
-0.049948 0.0728282 33.3712
-0.0741992 -0.177524 74.1052
-0.0218133 -0.00357596 20.8958
-0.0168297 0.00453561 15.3965
0.00686343 -0.0104373 -1.79589
0.335013 -0.0782709 -234.132
0.0122618 -0.0065855 -6.08531
0.00109206 0.000513431 2.74405
0.00658715 -0.022036 -0.303497
-0.0140737 -0.0373372 17.5013
-0.0150971 -0.0263331 17.6634
-0.00159594 -0.0243894 5.5531
0.0157452 0.000105732 -11.7509
0.054468 0.0245492 -49.0301
0.0396334 -0.0256959 -31.5898
-0.0139138 0.00820097 16.0168
-0.0103288 -0.00052216 13.5139
0 0.409321 -26.5705
-0.244383 0.141747 272.113
-0.137075 0.060592 166.613
-0.000915909 0.015245 5.12835
0.0485228 0.0227349 -36.7753
0 -0.936384 74.7148
-0.000295283 0.0507768 25.8128
0.00867637 -0.0161047 20.3319
0.00717416 -0.0340438 23.4859
0.00140451 -0.0590558 32.6973
0.00141418 -0.0590817 32.6875
-0.0107099 0.0657579 1.82346
0 0 -1
-0.0348672 0.0554713 3.84793
-0.0056614 0.0199422 3.79798
0.0816088 -0.0606923 4.27098
0.0972948 -0.153793 11.2164
0.0391944 -0.0903727 12.1408
-0.104893 0.040013 46.3107
0.105353 0.181152 -30.5684
-0.157564 0.0975711 33.1546
-0.103059 0.105084 19.3643
-0.0166785 0.0591735 3.3094
0.0493469 -0.116538 3.88973
-0.00700872 -0.176314 25.5737
0.00649005 -0.171495 22.2893
-0.0132691 -0.0764193 17.3093
0.0343307 -0.0392886 -3.36996
-0.00263746 -0.155239 23.2479
-0.0278944 -0.0549384 23.5035
-0.0140074 -0.0117999 13.395
-0.0264729 -0.00979211 18.9633
-0.0280309 0.00507867 17.9129
-0.0219971 -0.0164753 17.734
-0.00473578 -0.0611281 12.7793
0.025792 0.0641256 -14.205
0.00664855 -0.00249876 0.652787
0.00509138 -0.033575 4.59756
0.0380457 -0.0640466 -11.2308
0.0301687 -0.0591324 -6.08315
0.0249287 -0.0919363 0.657808
0.000189769 -0.0386474 10.3088
-0.0450257 -0.0431146 39.8934
-0.0332918 -0.030287 29.9972
-0.016219 -0.0206979 16.9132
0.0023046 -0.00613048 1.86249
-0.464653 0.557935 313.145
0.00954499 -0.00151832 -4.33261
0.020757 -0.0104496 -12.0979
-0.0159828 -0.014354 17.566
-0.0140699 -0.019668 16.3005
-0.00349628 -0.0230074 7.03123
0.0113937 -0.0165402 -6.43796
0.0230298 -0.029359 -15.9348
-0.00540865 -0.108639 22.5606
-0.00606577 0.00465258 8.91745
-0.0145566 -0.00964615 19.0082
0.135937 0.0429688 -133.256
-0.0135645 0.00433813 16.1071
-0.00446211 -0.00322402 8.63273
0.169558 -0.34271 -122.068
-0.00543631 -0.00310535 9.764
-0.00413165 -0.00414102 8.35412
-0.00924805 -0.00253162 14.1788
0.136396 -0.0874447 -120.607
-0.00246645 -0.0448123 36.0522
-0.000550219 -0.0464016 33.8861
0.00137351 -0.0590891 32.7383
0.00137905 -0.0591013 32.7327
-0.0015023 0.0269859 6.17158
-0.0217843 0.0241718 7.22206
-0.0234201 0.0323242 5.98266
-0.0546766 0.0532609 5.35267
-0.00616414 0.0163141 5.07877
-0.00652044 -0.000706423 7.5418
0 0 -1
0.835512 0.0301534 -112.569
0.285123 -0.00591072 -16.6499
-0.164467 0.0946851 34.7485
-0.15867 0.108832 31.6185
0.00731221 0.0802093 -4.95455
-0.0205 0.033782 7.42536
0 0 -1
-0.00579529 -0.0119237 7.78282
0.000392841 -0.0471534 10.4675
-0.00661274 0.0186921 4.61756
0.0260009 -0.00610539 -3.545
-0.00169584 -0.0101687 8.14028
-0.00828534 -0.0103867 10.7723
-0.0225578 -0.015644 17.9024
-0.0356308 -0.0302243 25.1071
-0.0265052 -0.0357144 20.128
-0.0238255 -0.0404229 19.985
-0.0109254 -0.0326255 12.9003
-0.00769111 -0.0335322 11.1607
-0.0179769 -0.024637 16.1776
0.0172308 -0.0336027 -3.01519
0.00747183 -0.0398587 5.31269
-0.00547843 -0.0639959 15.5585
-0.00903109 -0.0520492 17.0273
-0.0246384 -0.0373614 24.5166
0.0231471 -0.00447497 -13.2032
-0.00358608 -0.00668121 6.11404
0.0738509 -0.00222003 -36.1058
-0.639238 0.0393183 496.204
0.0103606 -0.00811532 -4.02486
-0.011014 -0.0119503 13.4087
-0.0214359 -0.0173699 22.0851
-0.014581 -0.0188157 16.3276
0.00342189 -0.00966912 -0.300057
0.00115951 -0.0115793 2.80817
0.02522 -0.000792159 -20.9018
0.0373007 -0.020829 -29.993
0.0192617 0.00494393 -15.3603
0 0 -1
-0.00407698 0.00480906 7.55865
-0.00625467 0.00111219 9.33289
0.175126 -0.332938 -129.12
0.178237 -0.258483 -140.871
0.0171815 -0.116306 21.3412
0.0177002 -0.116713 20.8211
0.0200509 -0.107214 17.001
0.137835 -0.0804181 -123.034
0.00616708 -0.071331 28.6632
0.000602701 -0.0646305 34.4432
0.00137147 -0.0591239 32.7443
0.00138279 -0.0591239 32.7304
-0.0042577 0.00908925 8.25163
-0.00792908 0.0102532 8.344
-0.0302164 0.019717 7.99782
-0.034905 0.0258375 7.2914
-0.0359075 0.0393089 5.09361
-0.00182919 0.0562102 -1.13514
0.0118235 0.0541193 -2.01707
-0.0901223 -0.0091507 65.2625
-0.0837802 -0.00410651 63.3979
0.121339 -0.128733 61.8138
-0.159353 -0.0782385 114.74
-0.0467568 0.0507486 12.3165
-0.0186552 0.0418558 6.65609
-0.0276279 0.0342001 10.0489
-0.020475 0.0380875 6.41278
0.00681769 0.0309458 -1.39955
0.0073539 0.0324351 -1.63279
0.0215067 0.0286285 -6.0319
-0.00883035 0.0021216 9.5387
-0.0168912 -0.0175387 15.6172
-0.0260346 -0.0361122 22.3594
-0.0543925 -0.0265351 33.1862
-0.0331948 0.00544047 18.1166
-0.0103626 -0.0138339 9.88424
-0.00800288 -0.0275156 10.0934
-0.010264 -0.0306574 11.8715
-0.000844248 -0.0269301 6.25715
0.0140198 -0.0208804 -3.01569
0.0122749 -0.0781112 6.27292
0.0383841 0.00814713 -23.0295
0.00134096 -0.0356937 7.58549
-0.00360545 6.2647e-05 4.41273
0.0101239 -0.00210621 -4.64953
0.0163785 -0.0097523 -7.59163
0.00100031 -0.00637307 3.12753
-0.0409575 -0.0652287 57.8489
-0.00812763 -0.00774647 10.0946
-0.0133711 -0.0102273 14.6533
-0.0221994 -0.0102007 21.7109
-0.0134838 -0.0161321 15.3743
0.00266004 -0.00714725 0.0108593
0.0131481 -0.00866982 -9.24201
0.0283977 -0.00178593 -23.7198
0.0440135 -0.0178612 -36.746
-0.00517324 0.00908584 8.25867
-0.160201 0.0204809 159.399
-0.0130429 0.0219089 13.1202
-0.0104157 -0.00137003 13.4048
0.106671 -0.0242394 -93.8449
-0.156659 -0.135181 252.245
-0.109733 -0.0942026 196.03
-0.102582 -0.124405 156.138
0.0257393 -0.118473 12.0726
0.113493 -0.0795224 -94.8735
0.0153608 -0.0797359 18.8542
0.00542608 -0.0709235 29.4187
0.000623584 -0.066539 34.5849
0.00137815 -0.0591254 32.7363
-0.00926258 0.0306717 4.92326
-0.00957812 0.0373102 3.93543
-0.0182395 0.0260847 6.05092
-0.0171029 0.0548994 1.34752
-0.020056 0.0603771 0.674409
-0.0128732 0.0779241 -2.79393
0.0156481 0.057744 -3.14543
0.0404401 0.064736 -7.35019
-0.0984878 0.0559723 17.8304
0.448024 0.0356135 -85.6233
-0.00706142 0.0310488 5.38866
-0.0101156 0.0507134 2.77526
-0.0134661 0.0279577 7.0119
0.00435628 0.0624541 -3.70537
-0.0614977 0.10011 9.65058
-0.00522101 0.0393357 1.40748
0.0291594 0.0277852 -8.58143
0.00221129 0.0362277 0.00794333
-0.0422413 0.022496 19.4918
-0.0259424 -0.0118953 17.9746
-0.0140469 -0.00404025 12.5467
-0.0544259 -0.00557007 29.8924
-0.00373805 0.0238759 1.0438
-0.0239254 0.0067709 13.6041
-0.00827359 -0.0185415 8.92169
-6.65013e-05 -0.0161759 4.28042
0.0448754 -0.402551 36.8946
0.0218331 -0.0116378 -9.12353
0.0297038 -0.0288336 -10.917
0.0145271 -0.0192413 -3.01572
0.0174084 -0.0201208 -5.06139
0.0161788 -0.00532111 -8.46249
0.0220967 0.00360516 -13.8475
0.00670057 -0.00839456 -0.578509
0.0116814 0.00451725 -6.22767
-0.0267422 -0.0124734 39.1939
-0.0294378 0.0281972 21.4177
-0.0230544 0.00114514 20.7698
-0.0268634 0.00118585 23.8486
-0.00865989 0.00133822 8.5245
-0.0013957 -0.00408625 3.12333
0.0170537 0.00376411 -13.4934
0.0264274 -0.00293835 -21.7128
0.0363862 -0.0138869 -30.193
0.00767849 0.00645251 -4.67284
-0.0958617 -0.049519 106.055
-0.0185815 0.0102496 20.6768
-0.0135239 0.000739475 16.219
0.00432752 -0.0110778 -0.219943
-0.143829 0.0273873 214.144
-0.141713 0.000974669 216.427
0.052886 -0.20259 -5.52244
-0.102582 -0.124405 156.138
-0.414145 -0.118348 558.263
-0.186525 -0.0599512 283.089
-0.00684048 0.0172454 62.6225
0.00575488 0.0206123 46.9492
0.00954863 0.0210707 42.2586
-0.0464059 -0.0327661 45.6495
-0.04697 -0.0314632 45.4395
-0.12084 0.0205946 38.4357
-0.0898996 0.0732552 24.5488
-0.0703313 0.0498791 27.1537
-0.0670791 0.0149443 34.0435
-0.0611657 0.0201386 32.0591
-0.128651 0.170668 5.05476
0.00264302 0.133674 -4.96442
-0.0303894 0.153788 -2.01925
-0.0553939 0.157807 2.62639
-0.00740985 0.530303 -83.1723
-0.0410224 0.16597 -4.53534
-0.0643324 0.230858 -11.4439
-0.0581069 0.244951 -16.7421
-0.0452424 0.216193 -15.6585
-0.0283739 0.225739 -23.0471
-0.0369508 0.130019 -1.83679
-0.0364375 0.0713103 8.42216
-0.0270446 0.0255682 12.6248
-0.0470487 0.0498836 17.8743
-0.0525265 0.013138 26.2463
-0.011034 -0.117094 56.0418
0.0739267 0.12661 -54.3736
0.0779657 0.132784 -57.1159
0.0433642 0.12354 -36.7393
0.49746 0.197431 -310.113
-0.00447325 0.0212816 13.1324
0.0081172 0.0188011 6.06494
-0.0257098 0.235405 -23.6629
-0.0185859 0.208613 -23.5221
-0.00591332 0.0555198 -3.33594
-0.00152645 0.017214 -0.271271
-0.00383796 0.032269 -0.561744
-0.00361342 -0.00207088 5.61461
-0.0861341 -0.00284302 82.8774
-0.0186865 0.0322991 11.4978
-0.00235629 0.0255264 -0.50964
-0.0217733 0.0250732 15.3663
-0.000184307 0.0101388 -0.192613
0.0106054 0.00640173 -9.46237
0.0304652 0.0162087 -28.8672
0.0267129 -0.00367356 -21.8826
0.00795311 -0.00668295 -3.86426
0.0435272 0.0591165 -47.7941
0.00289051 -0.000142501 0.132778
-0.194347 -0.0220481 199.05
-0.0258171 0.0135368 26.387
-0.021979 0.0157083 22.1441
-0.0947841 0.0374625 159.623
-0.146518 0.0551941 212.095
-0.12142 0.066589 183.298
-0.267507 0.258594 277.788
0.203448 -0.204499 -138.108
-0.0215127 0.00555622 82.1014
-0.0020661 0.0169788 56.9771
0.00715812 0.0193822 45.4565
0.0090887 0.019868 43.0176
-0.0474814 -0.0339284 45.9351
-0.0002309 -0.0395602 45.1976
-0.0686814 -0.0117552 42.5881
-0.126125 0.00853306 41.5563
-0.0769849 0.0208709 34.0081
-0.0747812 -0.0044485 39.0829
-0.064409 0.00408771 35.8434
0.0436061 0.0122382 38.9455
-0.00241305 0.1159 -0.632148
-0.0340085 0.148313 -0.470919
-0.0704074 0.254689 -12.9454
-0.0652904 0.143841 6.1525
-0.0752161 0.212984 -4.64356
-0.0730873 0.233675 -9.75069
-0.0417251 0.260183 -24.941
-0.0392036 0.226562 -19.6008
-0.0329098 0.231748 -21.9505
-0.0244388 0.247413 -28.1312
0.000640554 0.294158 -47.8167
0.035664 0.408773 -86.2821
0.0321424 0.503311 -103.974
0.0162036 -0.155547 50.9032
-0.0063867 -0.132269 56.9616
0.000276713 -0.109436 48.7489
0.0287039 0.183726 -41.4127
-0.0192324 0.179717 -14.543
0.0467828 0.13967 -42.3415
0.012734 0.0739807 -8.04345
-0.0108148 0.0262461 15.9831
-0.0622677 0.321261 -17.0151
-0.0405182 0.29802 -26.3063
-0.0258313 0.328093 -42.413
-0.0171664 0.194103 -20.9887
-0.00506211 0.196036 -30.2691
-0.0588993 0.271431 -6.8227
-0.0320391 -0.00123817 41.45
-0.0395649 0.0795034 19.933
-0.0489326 0.0868826 25.5003
-0.0406862 0.0850989 19.2782
0.00277004 0.0322407 -6.48427
0.00920777 0.022396 -11.2684
0.00966008 -0.00412964 -5.92776
0.0124301 0.00730133 -11.6567
0.342215 -0.0887974 -299.612
-0.0394539 0.0329936 37.84
-0.00232496 -0.00949059 6.60467
0.0413381 -0.016794 -34.3614
-0.00860328 0.114537 -12.0191
0.59894 0.0928571 -590.856
0.123954 0.231688 -109.893
-0.0824311 0.0621684 89.6771
-0.0744635 -0.0160208 97.6067
-0.0069607 0.144809 3.30318
0.112687 -0.176821 -78.5138
0 0 -1
-0.0403 0.290405 18.3178
-0.0436003 0.275298 25.3647
-0.0457961 0.260988 31.0711
-0.0485103 -0.0370622 46.6344
-0.0518395 -0.0349372 46.3247
-0.0729927 -0.0312181 46.402
-0.113732 -0.0242589 47.2585
-0.0870939 -0.0361686 47.6374
-0.0860505 -0.0388586 47.5179
0.516808 0.522951 -154.419
-0.0378339 -0.00739405 56.2268
0.0958441 -0.0318863 7.37967
0.121777 -0.0814045 13.1515
0.0512969 0.0115172 52.2169
-0.0616577 0.247093 -20.8329
-0.00582256 0.257477 -37.2627
0.00502072 0.271459 -43.7172
-0.00686171 0.243209 -33.6781
-0.0343329 0.255251 -27.5851
-0.0253579 0.260411 -31.7629
-0.0159237 0.262835 -35.7451
0.00198311 0.250921 -38.8674
0.0163978 0.209664 -35.7673
0.0801922 0.137881 -46.0447
0.0913946 -0.0615388 -5.8375
0.0240818 -0.160841 48.3068
-0.0328583 0.231936 -18.431
-0.0277149 0.217055 -17.7147
-0.00885595 0.214487 -27.6872
0.0280705 0.162822 -36.5039
-0.0152157 0.154233 -8.98919
-0.0583322 0.13437 21.2431
-0.0136727 0.296336 -43.2069
-0.0387455 0.317854 -31.7017
-0.036884 0.330549 -36.0155
-0.0463825 0.303117 -22.9434
-0.037105 0.242429 -16.2973
0.0199834 0.255344 -60.7436
-0.00306436 -0.000297863 18.9792
-0.0636422 0.12444 29.7661
-0.0528966 0.107315 24.9697
-0.043818 0.0274221 35.2204
-0.0128294 0.0252669 9.22987
-0.0085933 0.000196122 12.6528
-0.00984461 0.0193195 7.80571
0.0684811 0.0574713 -72.2374
0.0714328 0.0480674 -72.8685
0.00338383 0.0367029 -3.9922
-0.0368449 0.0393992 33.4997
-0.056965 0.0222071 56.1342
-0.0293319 0.0682722 26.5046
-0.0194614 0.0803154 13.2958
-0.0170162 -0.00154304 23.1535
-0.0106054 -0.00638627 17.0056
-0.0627346 0.0718764 66.0306
0.120615 -0.185044 -85.8198
0.675738 0.0135292 -723.83
0.0890071 -0.0740077 -65.9183
0.521485 -0.394978 -510.349
0.186428 -0.505852 -96.0982
0.127713 -0.274163 -75.1787
-0.0588735 -0.0379542 46.9221
-0.0588779 -0.045564 48.9246
-0.0665546 -0.0267001 44.5331
-0.0720616 -0.00532192 39.0577
-0.0641002 0.0308669 28.7954
-0.0891978 -0.0452514 49.2849
0.0579374 0.0975632 -0.318036
0.00172729 -0.00757027 49.4809
0.0941781 -0.0212377 5.62647
-0.287496 0.0294787 73.6717
0.0567811 0.0120203 50.9377
-0.00735541 0.278009 -42.3969
-0.012916 0.271748 -38.7704
0.00225482 0.245075 -36.2614
0.00652847 0.27448 -44.6985
-0.0101452 0.272792 -38.9388
-0.0186608 0.255482 -31.8289
-0.0352798 0.252583 -24.8916
-0.00556524 0.245731 -35.466
0.029387 0.239995 -48.4152
-0.00535213 0.2151 -27.4929
-0.0219234 0.2021 -15.6904
-0.0329109 0.0712331 22.6111
-0.0403868 0.181881 -1.59545
-0.0379078 0.214726 -11.5126
-0.00156192 0.217247 -32.1471
-0.00147972 0.20497 -28.4607
-0.00582541 0.185511 -21.3969
-0.0132093 0.211262 -23.9017
0.0304905 0.272307 -66.1765
-0.00146578 0.309831 -53.7142
-0.018621 0.350051 -52.465
-0.0869201 0.283262 10.2762
-0.0355776 0.19161 -4.64947
-0.00290393 0.196708 -30.1993
-0.00538645 0.068877 3.72617
0.282634 0.0665393 -223.678
-0.0442417 0.0546455 30.2058
-0.0406162 0.0313096 32.0546
-0.027345 0.0227888 23.1271
0.387595 0.0777104 -347.281
-0.00637067 0.0121836 6.55622
-0.262922 0.818904 70.7513
0.13751 0.167034 -163.547
-0.0175325 0.110266 -0.684453
-0.0160616 0.130139 -7.09822
-0.111714 -0.359731 221.817
-0.107161 -0.357744 216.584
0.00245425 0.0844914 -10.9727
-0.138339 0.147796 120.929
-0.00561706 0.492387 -106.723
-0.220222 0.0700056 251.353
-0.0430574 -0.119179 100.077
0.240131 -0.0982285 -235.826
0 0.805567 -179.089
-0.0538397 -0.140654 125.444
0.132482 0.256528 -213.085
-0.000938357 0.509664 -115.778
-0.0612625 -0.0296425 44.8154
-0.0622283 -0.0307385 45.0271
-0.0449941 -0.00956919 39.5438
-0.0467671 0.00275585 35.4717
0.0252519 0.0309927 20.42
0.0715406 0.114807 -6.51403
0.0757734 0.129112 -10.7833
0.0339556 0.146305 -9.429
-0.0176559 0.195327 -14.369
-0.0259154 0.216658 -18.7641
-0.051718 0.290103 -34.1082
-0.0257707 0.290525 -40.2254
-0.0243682 0.262653 -33.0201
-0.0176379 0.236522 -27.9583
0.00845846 0.241915 -36.2496
-0.0522111 0.184986 -1.55608
-0.00239044 0.171477 -16.0771
-0.0203019 0.220203 -22.0555
0.00751179 0.249173 -41.7088
0.0190307 0.254986 -47.9789
-0.0203316 0.24775 -28.0083
-0.0686302 0.201695 6.30164
-0.00936639 0.186232 -17.7173
-0.0422601 0.220522 -10.6596
-0.0403532 0.225683 -13.185
-0.0259808 0.221654 -19.7477
-0.0257535 0.20033 -13.3885
-0.0450065 0.197737 -2.11639
0.0465036 0.134587 -34.2808
0.0393394 0.134979 -29.9432
0.0724364 0.239228 -85.2733
0.0532223 0.277878 -82.1023
0.0592587 0.294203 -90.9559
0.0887041 0.256445 -101.274
-0.0262198 0.096277 12.5018
-0.0277634 0.0762687 18.5961
-0.0350671 -0.00387803 36.0271
0.0467099 0.180642 -71.8102
0.0291089 0.118202 -40.1015
0.0291089 0.118202 -40.1015
0.0291089 0.118202 -40.1015
0.000320618 0.000556005 16.4567
0.0676457 -0.107513 5.26783
0.00101425 -0.882509 253.154
0.473082 0.197802 -483.24
0.305972 0.207063 -323.482
-0.115537 -0.372564 228.71
-0.113499 -0.405682 234.879
-0.0592612 0.15025 36.4551
-0.0918349 0.148595 71.226
-0.0306817 -0.205766 112.533
-0.196489 0.130189 209.407
-0.166686 0.140526 172.721
0.224733 -0.139437 -207.232
0.211812 -0.143273 -191.327
-0.13862 0.614491 30.0491
-0.0411679 0.154383 25.0138
-0.00171522 0.145729 -20.7437
0.0205022 -0.000821298 -1.04157
-0.0520753 -0.0406486 47.8621
-0.0556846 -0.0563802 53.1513
-0.0386072 -0.0615214 52.8994
0.0513289 0.00079114 27.0724
0.0969173 0.0380015 12.1199
0.100061 0.120761 -11.3178
0.0368311 0.171101 -16.3004
-0.0121414 0.216239 -21.1154
-0.031548 0.260392 -30.066
-0.0423907 0.253532 -25.6963
-0.0317877 0.252258 -27.9663
-0.00324598 0.327454 -56.7669
-0.0188249 0.217287 -21.2455
-0.00573052 0.150926 -6.06802
-0.00455679 0.201299 -20.7083
0.0375847 0.125135 -18.0908
0.00786285 0.173625 -20.3588
0.0282076 0.271134 -57.0019
0.0473042 0.263082 -62.3844
0.0089308 0.238371 -38.2252
-0.0396665 0.212228 -9.47855
-0.0325657 0.205308 -10.4623
-0.0480562 0.188516 2.35589
-0.0452258 0.218166 -8.59881
-0.0150307 0.211619 -22.7139
-0.0441896 0.192306 -0.260056
-0.0582953 0.236204 -5.21718
-0.0494195 0.293331 -27.0379
0.0536044 0.148431 -42.9804
0.101532 0.2829 -117.711
0.171716 -0.273539 -7.80746
0.0797246 0.251259 -93.2412
0.099403 0.245299 -105.804
0.124662 0.209252 -113.478
0.033707 0.378978 -99.5334
0.033707 0.378978 -99.5334
0.033707 0.378978 -99.5334
0.225387 -0.0870105 -141.098
0.00473204 0.393123 -81.0739
0.00473204 0.393123 -81.0739
0.00473204 0.393123 -81.0739
0.104909 0.131113 -78.8253
0.0718386 0.293406 -94.9433
0.0340724 0.358538 -78.0569
0.0189499 0.364151 -65.0305
-0.0014524 0.371459 -46.7677
-0.00145271 0.371459 -46.7674
-0.00145307 0.371459 -46.767
-0.00145307 0.371459 -46.767
0 0.270703 -41.1759
0.000493739 0.337491 -39.1449
0.000395949 0.337555 -39.0522
2.97493e-05 0.337651 -38.6603
-0.000456388 0.337747 -38.1224
-0.000843249 0.33782 -37.6856
-0.000986981 0.337856 -37.5235
-0.000986981 0.337856 -37.5235
0.0205022 -0.000821298 -1.04157
0.0205022 -0.000821298 -1.04157
-0.0561787 -0.0699325 56.6549
-0.0334613 -0.0680942 53.9649
0.0864265 0.606925 -162.178
0.0791235 0.448009 -110.425
0.0880485 0.326088 -73.0574
0.0448472 0.188395 -23.4281
0.0370401 0.190027 -22.5156
-0.0191124 0.281672 -39.143
-0.0696691 0.25234 -18.9758
-0.0465625 0.235285 -18.8229
-0.0285383 0.0779735 24.987
-0.0332141 0.138469 6.46058
0.00468135 0.142364 -6.69781
0.196753 0.487901 -171.86
0.0245262 0.148786 -20.0432
0.0446297 0.147895 -26.7358
-0.0669963 0.503373 -88.4948
-0.00926704 0.287617 -45.1142
-0.0650881 0.22144 -0.21824
-0.0450239 0.218235 -8.79582
-0.0398104 0.193555 -3.67025
-0.0399709 0.177921 1.26077
-0.0350572 0.208951 -11.112
-0.0247561 0.206036 -15.7413
-0.0141739 0.199779 -19.7739
0.0177646 0.251867 -54.8451
0.0642028 0.30491 -99.4702
0.0782163 0.236607 -86.0916
0.0596568 0.317224 -99.7788
0.0658194 0.285427 -94.2965
0.0745756 0.232198 -84.4781
0.101776 0.241247 -106.112
0.11247 0.233305 -111.296
0.0966741 0.198528 -88.537
0.11168 0.202148 -101.168
0.069149 0.132786 -45.6752
0.227085 -0.0781079 -145.196
0.00046247 1.99113 -586.185
0.0123459 -0.180467 106.024
-0.0193849 0.500904 -87.3944
-0.0191249 0.495167 -85.849
-0.0191249 0.495167 -85.849
0.00321476 0.540505 -120.7
0.00361327 0.553243 -125.068
0.00179145 0.556591 -124.321
0.0194642 0.511379 -128.681
0.0179187 0.513456 -127.748
0.0190019 0.510838 -128.082
-0.002621 0.481295 -96.0557
-0.002621 0.481295 -96.0557
-0.00361236 0.465588 -90.0278
-0.00449904 0.45335 -85.1849
-0.00511601 0.444376 -81.6592
-0.00540362 0.43846 -79.4678
-0.00547426 0.435502 -78.4574
-0.00547426 0.435502 -78.4574
0.422112 2.84874 -919.666
0.0205022 -0.000821298 -1.04157
0.0569449 0.219033 -26.3063
0.0498528 0.202438 -20.4546
0.113126 0.569493 -153.12
0.0447729 0.480849 -115.694
-0.0301226 0.209961 -18.2934
0.00461947 0.204212 -21.7339
-0.234504 0.277428 5.59478
-0.0713441 0.334177 -45.4406
-0.0899804 0.235841 -8.4027
-0.13328 0.242667 -1.15151
-0.118841 -0.00869721 76.6546
0.0201111 0.0840498 21.7153
0.0210029 0.0885188 19.9206
-0.044642 0.0957317 39.7628
-0.0716658 0.109613 44.0772
-0.117962 0.103665 62.2982
-0.14639 0.161885 54.4639
-0.115395 0.187102 32.6996
-0.0850346 0.172892 24.4569
-0.0702024 0.190969 11.8971
-0.0541724 0.17562 9.16579
-0.033855 0.18328 -3.47984
-0.0232371 0.201984 -15.1486
-0.276177 -0.0671781 234.717
0.00520699 -0.0698963 77.6208
0.0743124 0.25962 -90.8715
0.0842679 0.28266 -104.564
0.0465724 0.0367108 3.66004
0.0770927 0.316689 -110.958
0.111547 -1.72974 526.673
-0.0243497 -0.243497 137.737
0.106734 0.232829 -107.313
0.0829495 0.243117 -92.7471
0.0734107 0.223124 -78.7383
0.0706153 0.169174 -59.5252
0.0602825 0.135526 -39.4739
-0.0129124 -0.0913293 98.4789
-0.0155027 -0.0890152 99.9084
0.0122167 -0.181136 106.359
-0.0113667 -0.0981991 99.2211
-0.019561 -0.0967497 106.025
-0.00053833 -0.069686 79.2819
0.0111647 -0.284175 138.421
0.0147424 -0.272187 131.002
0.0139392 -0.248996 124.067
0.00495543 -0.0827044 78.4827
0.0202176 -0.0950987 66.7144
0.0260171 -0.0774991 54.755
-0.303708 -0.0901685 448.664
-0.211346 -0.117358 356.2
0.000430212 -0.145707 132.489
0.000430212 -0.145707 132.489
0.000377284 -0.145737 132.561
0.000319066 -0.145762 132.638
0.000294413 -0.145774 132.672
0.000294413 -0.145774 132.672
0.00258749 0.179859 0.268961
0.0023169 0.182486 -0.667585
0.00264158 0.187022 -2.31151
0.00486709 0.192642 -4.48208
0.00974532 0.198524 -7.03593
0.0173636 0.208727 -11.5093
0.0183467 0.228323 -18.5158
0.00827612 0.317685 -48.7108
-0.298161 0.531345 -71.5723
-0.0855335 0.265391 -19.6169
-0.0925863 0.300137 -29.2424
-0.124748 -0.026907 84.0045
-0.103981 -0.0122661 73.0902
-0.105662 0.272502 2.18807
0.0423451 0.428597 -108.883
-0.10244 0.0795014 64.6518
-0.0829576 0.121574 42.7448
-0.0964439 0.101589 54.6821
-0.107425 0.12765 49.8012
-0.108053 0.153196 40.9832
-0.088276 0.133099 39.3456
-0.0575619 0.132594 25.6087
-0.0356609 0.147055 9.97769
-0.013807 0.179589 -12.3838
0.00498865 0.199836 -29.2911
0.0226816 0.200595 -39.0497
0.0332271 0.201689 -45.3165
0.0382914 0.203349 -48.8362
0.04009 0.203882 -50.0984
0.0403878 0.20417 -50.3833
0.0403878 0.20417 -50.3833
0.00544601 -0.190297 97.4763
-0.00179411 0.283948 -52.8771
-0.0217257 -0.232094 131.913
0.108281 0.249264 -114.162
0.0593558 0.248128 -76.4381
0.0193907 0.229441 -39.5257
0.0196935 0.204003 -30.5908
0.00430345 -0.254451 138.814
-0.0423272 -0.0968569 123.064
-0.0215112 -0.0903674 103.346
-0.0784273 0.155603 73.3228
-0.0870935 0.153569 81.6979
-0.0798201 0.279898 30.0454
0.00459982 0.0915939 21.4441
0.0198056 0.10146 3.6037
0.0166364 0.399043 -102.499
0.0213255 0.376157 -99.0842
0.0437579 0.133313 -36.4041
0.044081 0.132436 -36.4447
0.0603429 -0.0610993 14.3632
0.0258705 0.118259 -11.4168
0.00837572 0.112411 10.1967
0.00187635 0.0710089 32.669
-0.00235148 0.0591578 41.8003
-0.0031444 0.0513736 45.5169
-0.0036796 0.0461842 48.0235
-0.0106017 0.0497712 55.2107
0.00379512 0.179481 0.388712
0.0043198 0.1823 -0.667474
0.00553206 0.186981 -2.45378
0.00744423 0.192725 -4.70635
0.0101273 0.19762 -6.74943
0.013078 0.198963 -7.56488
0.0226716 0.208353 -12.3056
-4.32194 -0.0552041 768.91
-0.111711 0.229483 -1.54987
-0.0468208 0.251823 -22.3133
0.0137858 0.312506 -57.8264
0.0172831 0.304749 -55.5567
0.00127238 -0.0436607 93.0404
0.00067651 -0.0613658 99.7878
-0.0752935 0.354417 -45.2642
-0.121031 0.0894458 67.3814
-0.0992167 0.0722225 66.0372
-0.0840854 0.0898081 53.9807
-0.153249 -0.117287 162.28
0.058717 -0.129382 79.724
-0.0705914 0.105571 41.2503
-0.053158 0.0996076 35.3705
-0.0411666 0.12691 19.7742
-0.000964968 -0.0246627 41.5862
-0.00108099 -0.0295058 43.4443
-0.00178683 -0.0390958 47.3828
-0.00325962 -0.053193 53.4351
-0.00521073 -0.071363 61.3042
-0.00708818 -0.0929541 70.4331
-0.00825995 -0.117108 80.1072
-0.00823897 -0.142802 89.6028
-0.00673231 -0.16892 98.26
-0.00204486 -0.205602 108.332
-0.00841224 -0.221962 118.77
0.0822902 0.267472 -101.067
0.0564132 0.236154 -70.0168
0.0218338 0.256962 -50.8139
0.0127988 0.241397 -38.0816
0.0143298 0.225896 -33.838
-0.00390108 0.231672 -20.5553
-0.0414647 0.247439 6.03911
-0.0829389 0.15053 78.9238
-0.0869196 0.152973 81.5277
0.00550609 0.228538 -29.6664
0.031601 0.177346 -35.4322
0.0348119 0.176327 -38.1681
0.00326507 0.0450841 40.6411
0.00256535 -9.19186e-05 58.0418
0.00442312 -0.0437894 72.2698
0.0209471 0.144377 -15.494
0.0213944 0.14352 -15.6906
0.0131892 0.119657 2.17882
0.00459621 0.114401 13.7508
-0.00170462 0.117108 19.9484
-0.00851058 0.0947705 36.1023
-0.010167 0.0692257 47.5096
-0.0108848 0.0516119 54.8854
-0.0109368 0.0500907 55.5102
