1 174 0
1 3 3
3 4 3
4 5 3
5 6 1
6 7 3
7 9 0
9 10 3
10 12 3
12 13 3
13 72 3
15 72 3
15 16 3
16 17 3
17 18 3
18 19 1
19 20 0
20 21 3
21 22 3
22 23 3
23 24 1
24 25 2
25 26 0
26 27 3
27 29 3
29 31 3
31 90 3
31 32 3
32 39 3
39 40 3
40 43 3
43 45 3
45 46 3
46 47 3
47 48 3
48 106 3
53 106 3
53 55 3
55 56 3
1 117 0
40 41 3
59 174 0
1 59 3
31 35 3
13 71 3
71 72 3
27 86 3
32 35 3
41 43 3
18 20 3
29 86 3
39 96 3
31 92 3
35 92 3
32 95 3
32 96 3
7 66 0
9 66 3
3 117 0
18 76 3
20 76 3
41 101 3
43 101 3
48 107 1
90 205 0
90 92 2
3 121 0
41 98 3
106 107 1
117 121 3
20 77 3
40 98 3
5 121 0
9 67 3
10 67 3
76 77 3
35 95 3
93 95 3
25 83 0
35 93 3
117 175 3
121 175 3
12 70 3
31 205 3
10 70 3
22 81 3
29 205 3
4 121 0
7 65 3
12 71 3
23 81 3
23 82 3
24 82 2
39 155 3
98 101 3
50 106 3
6 65 3
10 69 3
16 74 3
26 83 3
95 96 3
40 155 3
47 105 3
50 108 1
69 70 3
70 71 3
17 74 3
20 78 3
21 78 3
25 82 2
46 104 3
48 105 3
15 73 3
21 80 3
81 82 3
26 84 3
27 84 3
47 104 3
65 66 0
15 74 3
22 80 3
92 149 3
45 104 3
105 107 3
6 121 0
67 69 3
72 73 3
17 76 3
77 78 3
84 86 3
29 88 3
101 215 3
50 53 3
66 67 3
82 83 3
90 149 0
98 215 3
43 102 3
45 102 3
73 74 3
17 133 2
76 133 3
88 205 0
96 155 3
101 102 3
80 81 3
98 155 3
67 125 3
83 84 3
92 93 3
102 104 3
59 117 0
66 125 3
86 203 3
29 203 3
104 105 3
65 121 0
88 203 3
78 80 3
101 504 3
121 123 1
65 123 3
67 127 3
69 127 3
80 137 3
215 504 3
55 57 3
56 57 3
71 129 3
78 137 3
53 57 3
65 124 0
66 124 3
93 150 3
70 128 3
71 128 3
92 150 3
95 150 3
155 156 3
98 156 3
82 140 3
74 131 2
74 133 3
81 140 3
149 150 3
67 126 3
73 131 3
77 136 3
78 136 3
148 149 3
107 165 1
121 295 3
126 127 3
70 127 3
128 129 3
72 131 3
76 134 3
137 138 3
80 138 3
82 199 3
83 199 3
83 200 3
84 200 3
148 205 3
105 165 1
123 295 0
124 125 3
72 129 3
77 134 3
84 143 3
86 143 3
156 215 3
164 165 1
125 126 3
127 128 3
131 189 3
86 202 3
102 504 3
143 200 3
202 203 3
146 203 3
88 146 3
106 165 1
133 134 3
136 137 3
140 199 3
146 205 3
105 220 3
199 200 3
143 202 3
104 220 3
165 220 0
134 136 2
80 140 3
131 133 2
131 190 3
96 154 3
154 155 3
50 57 3
123 124 0
133 190 2
102 219 3
104 219 3
175 176 3
121 176 3
129 131 3
146 148 3
124 182 1
129 188 3
131 188 3
164 220 3
125 182 1
95 154 3
155 213 3
219 504 3
219 220 3
136 193 3
154 213 3
106 223 1
188 189 3
165 223 3
50 224 1
133 191 3
134 191 3
143 201 3
201 202 3
149 207 3
156 273 3
57 222 3
59 175 0
189 190 3
148 207 3
95 212 3
154 212 3
215 273 3
164 223 1
222 228 1
176 295 3
146 204 3
156 213 3
50 223 1
125 183 3
134 193 3
137 195 3
138 140 3
95 211 3
126 183 3
137 194 3
138 195 0
203 204 3
150 208 3
150 209 3
211 212 3
182 183 0
129 187 3
187 188 3
190 191 3
136 194 3
194 195 3
149 208 3
208 209 3
212 213 3
123 181 1
124 181 1
126 184 2
127 184 2
127 186 3
128 186 3
128 187 3
191 193 3
207 208 3
95 209 3
95 210 3
156 214 3
214 273 3
181 182 3
138 197 0
140 197 0
148 204 3
183 184 0
193 194 3
140 256 0
174 175 3
195 197 0
186 187 3
197 256 3
199 256 3
209 210 3
210 211 3
213 214 3
50 222 3
174 232 3
200 201 3
50 334 3
176 234 3
234 295 3
184 186 1
148 263 3
213 271 3
215 274 3
274 504 3
451 504 0
219 277 3
193 251 3
207 263 3
214 271 3
220 277 3
223 334 0
175 232 3
181 238 0
202 260 3
204 263 3
277 504 3
220 278 3
164 278 3
123 238 3
276 504 3
191 249 3
193 308 3
201 260 3
207 265 3
217 504 0
217 276 0
190 249 3
191 308 0
208 265 3
273 274 3
222 334 3
251 308 3
199 258 3
200 258 3
212 270 3
184 241 2
202 261 1
210 267 1
211 270 3
238 295 0
183 241 0
201 258 3
203 261 1
204 262 3
209 267 1
189 248 3
190 248 3
249 308 2
194 251 3
251 252 3
197 255 3
255 256 3
213 270 3
223 282 0
194 252 3
217 275 3
282 334 0
181 239 0
181 240 3
182 240 3
186 244 0
187 246 3
187 189 3
195 252 3
204 261 2
262 263 3
211 267 1
275 276 0
183 240 1
195 253 3
195 255 3
256 315 3
256 258 3
261 262 2
271 273 3
275 504 0
175 234 3
238 239 3
186 243 0
186 246 0
244 246 3
253 255 3
258 315 3
260 261 1
265 266 3
208 266 3
209 266 3
209 325 1
211 269 3
269 270 3
270 271 3
274 563 3
504 563 3
277 278 3
234 293 3
239 240 1
184 243 2
243 244 3
189 246 3
248 304 2
248 249 3
252 253 3
267 325 3
293 295 3
241 243 3
189 304 2
232 234 3
266 325 1
223 278 0
240 241 0
267 269 0
222 279 3
241 299 1
246 304 3
274 331 3
279 334 3
232 291 3
234 291 3
304 306 3
273 331 3
331 563 3
240 299 0
271 330 3
234 292 3
248 306 2
263 321 3
273 330 3
278 340 1
223 340 0
232 290 3
291 292 3
240 298 3
255 312 3
207 321 3
290 291 3
238 296 3
239 296 3
298 299 0
252 310 3
253 312 3
256 314 3
258 260 3
260 317 3
241 300 3
251 310 3
253 311 3
255 314 3
334 340 1
243 300 3
252 311 3
258 317 3
244 302 3
261 319 0
262 321 3
451 563 1
243 301 3
246 302 3
260 319 3
243 302 3
248 308 2
314 315 3
262 319 3
270 328 3
299 300 0
258 316 3
262 379 3
265 323 3
266 323 3
269 325 1
269 328 3
270 329 3
271 329 3
296 297 0
239 297 0
240 297 0
297 298 1
300 301 3
251 309 3
315 316 3
316 317 3
317 319 3
207 323 3
269 327 3
309 310 3
312 314 3
321 379 3
207 379 3
266 324 3
269 326 3
327 328 3
329 330 3
330 331 3
306 308 3
308 309 3
311 369 3
323 324 3
325 326 0
328 329 3
334 398 1
252 369 3
378 379 3
278 511 3
319 378 3
262 378 3
323 379 3
277 511 3
510 511 3
340 511 3
306 365 3
310 369 3
302 304 3
308 365 3
326 327 3
340 398 1
306 363 3
301 302 3
304 363 3
311 312 3
315 373 3
292 293 3
314 373 3
277 451 1
295 296 1
302 360 3
304 360 3
304 361 3
451 511 0
301 360 3
324 325 1
295 353 3
360 361 3
293 352 3
293 353 3
312 371 3
290 349 3
291 349 3
314 371 3
319 375 3
379 381 3
323 381 3
325 382 0
326 443 3
292 350 3
300 358 3
301 358 3
314 372 3
372 373 3
317 375 3
324 382 3
327 443 3
291 350 3
296 353 0
308 366 3
309 366 3
374 375 3
293 351 3
351 352 3
352 353 3
296 355 0
297 355 0
365 366 3
292 351 3
304 362 3
316 373 3
317 374 3
328 386 3
290 348 3
298 355 0
301 359 3
306 364 3
309 367 3
310 368 3
316 374 3
375 378 3
379 438 3
327 386 3
329 386 3
329 388 3
330 388 3
331 388 3
279 398 1
348 349 3
349 350 3
350 351 3
358 359 3
359 360 3
363 364 3
366 367 3
367 368 3
312 369 3
312 370 3
381 438 3
329 387 3
296 412 3
361 362 3
368 369 3
323 382 3
325 498 0
327 385 3
387 388 3
388 563 3
355 412 1
369 370 3
378 434 3
381 382 3
382 498 3
385 443 3
364 365 3
326 498 3
385 386 3
398 511 0
362 363 3
386 387 3
370 371 3
371 372 3
375 434 3
353 412 1
362 420 3
378 437 3
326 500 1
411 412 1
353 411 3
299 358 2
379 437 3
498 500 1
373 374 3
443 500 1
363 420 3
279 456 1
299 415 2
398 456 2
298 414 0
358 415 3
372 430 3
355 414 3
299 414 2
370 429 3
371 430 3
371 429 3
352 410 3
353 410 3
370 428 1
434 436 3
387 445 3
358 417 3
359 417 3
378 436 3
386 445 3
361 419 3
362 419 3
363 421 3
368 427 3
369 427 3
414 415 3
364 421 3
368 426 3
428 429 0
456 511 0
364 423 3
426 427 3
442 443 3
349 407 3
350 407 3
355 413 3
360 419 3
419 420 3
365 423 3
367 425 3
368 425 3
370 427 3
436 437 3
442 500 1
348 406 3
350 408 3
351 409 3
412 413 0
420 421 3
365 424 3
366 424 3
367 424 3
381 439 3
382 440 3
386 444 3
388 446 3
406 407 3
407 408 3
408 409 3
409 410 3
410 411 3
413 414 3
358 416 3
360 417 3
439 440 3
386 443 3
445 446 3
446 563 3
415 416 3
416 417 3
429 430 3
372 431 3
373 431 3
443 444 3
425 426 3
440 498 3
424 425 3
444 445 3
360 418 3
429 486 1
438 439 3
508 563 3
417 418 3
421 423 3
426 486 3
428 486 3
451 508 1
423 424 3
373 433 3
374 433 3
418 419 3
421 480 3
375 433 3
438 496 3
415 473 1
423 480 3
430 431 3
416 473 1
431 433 3
437 438 3
437 496 3
420 480 3
414 472 1
414 473 1
439 496 3
439 497 3
444 502 3
412 470 3
413 470 1
496 497 3
443 501 3
445 502 3
442 501 3
445 503 3
446 503 3
411 470 1
424 482 3
436 494 2
222 518 1
406 464 2
407 464 2
407 466 2
408 466 2
423 481 3
425 482 3
429 487 2
434 494 2
442 559 3
443 502 3
409 466 2
410 469 1
480 481 3
481 482 3
486 487 0
430 487 2
434 493 2
439 498 3
501 559 3
501 502 3
407 465 2
411 469 1
493 494 3
497 498 3
464 465 3
465 466 3
410 468 1
472 473 3
431 547 1
433 434 3
503 563 3
468 469 3
420 479 3
433 547 1
500 559 0
416 418 3
370 486 1
430 488 1
431 488 1
502 503 3
473 531 3
479 480 3
488 547 3
547 548 3
437 494 2
410 466 2
413 529 1
416 531 1
427 486 3
433 491 1
434 491 1
563 566 3
466 468 1
469 470 1
470 529 0
414 529 1
418 420 3
485 486 3
487 488 2
508 566 3
472 529 3
418 476 1
425 483 3
426 483 3
465 524 1
466 524 1
416 532 1
418 532 1
418 533 1
420 476 1
483 486 3
466 525 1
532 533 3
476 533 3
420 478 3
476 534 3
476 478 3
425 541 2
531 532 3
478 534 3
482 541 2
485 487 2
433 548 1
524 525 3
468 525 3
483 541 2
433 549 1
478 479 3
485 542 1
546 547 3
434 550 1
437 554 2
496 554 2
279 632 1
469 527 3
470 527 0
486 541 1
488 546 3
491 550 3
437 553 2
456 632 0
472 531 3
488 545 3
494 553 3
553 554 3
222 632 1
491 549 3
493 550 1
451 566 1
465 523 1
494 552 3
500 558 3
566 625 3
523 524 3
487 545 3
451 625 1
472 530 3
480 538 3
482 540 3
493 551 3
497 556 3
498 556 2
502 560 3
511 625 2
464 522 1
468 526 3
470 528 3
529 530 3
479 538 3
493 552 3
502 559 3
503 560 3
222 576 1
522 523 3
468 527 3
528 529 0
481 539 3
482 539 3
540 541 3
485 545 2
480 539 3
539 540 3
486 542 1
550 551 0
552 553 3
496 556 3
554 556 3
559 560 3
551 552 3
563 565 3
525 526 3
527 528 1
530 531 3
479 536 3
538 539 3
548 549 3
498 558 1
558 559 0
565 566 3
478 536 3
498 615 1
533 534 3
536 538 3
554 555 3
555 556 3
558 615 3
511 632 1
526 527 3
549 550 3
222 578 1
545 546 3
222 577 1
534 536 3
576 577 1
577 578 3
222 691 1
527 586 1
531 589 3
541 599 2
485 602 1
632 691 0
528 586 3
530 589 3
536 595 3
541 542 2
559 617 3
533 591 3
542 599 2
542 600 2
532 591 3
536 593 3
538 595 3
485 600 1
498 614 1
558 617 0
530 588 1
534 591 3
536 594 3
556 614 3
563 620 3
511 685 1
511 573 3
524 582 3
531 590 0
532 590 2
594 595 3
539 597 3
540 597 3
554 612 3
555 614 3
573 632 1
525 582 3
529 587 2
530 587 1
599 600 3
548 606 3
551 609 3
552 609 3
552 611 3
553 611 3
553 612 3
560 617 3
566 624 3
625 685 1
526 584 2
587 588 1
534 593 3
593 594 3
538 597 3
597 598 3
540 598 3
549 606 3
554 613 3
555 613 3
560 618 3
565 624 3
527 585 1
534 592 3
541 598 2
547 605 3
614 615 1
503 619 3
511 627 2
585 586 1
586 587 0
588 589 0
589 590 2
590 591 3
592 593 3
598 599 3
546 604 3
547 604 3
549 607 3
612 613 3
560 619 3
624 625 3
522 580 0
523 582 3
584 585 3
591 592 3
611 612 3
613 614 3
558 616 3
618 619 3
563 619 3
523 580 0
547 606 3
550 607 3
550 609 2
615 616 3
616 617 0
617 618 3
582 583 0
525 584 2
595 597 3
604 605 3
606 607 3
609 611 3
525 583 0
545 661 3
546 661 2
619 620 3
563 679 3
565 679 3
523 581 0
583 584 1
580 581 0
581 582 1
605 606 3
550 666 2
485 661 2
609 666 3
602 661 3
604 661 3
609 668 3
691 751 2
222 751 1
607 666 3
611 668 3
222 635 1
222 694 1
222 695 1
595 654 3
597 654 3
694 695 3
607 665 3
624 685 1
582 640 0
589 648 2
594 652 3
627 685 1
606 664 3
606 665 3
581 640 1
598 656 3
599 656 3
617 675 1
593 651 3
664 665 3
618 675 1
691 750 3
583 640 3
595 652 3
609 667 3
614 673 2
615 673 3
616 675 3
565 683 3
750 751 2
581 639 1
583 641 3
586 644 3
588 646 3
591 650 2
592 650 3
592 651 3
599 657 3
485 660 1
605 664 3
666 667 3
679 683 3
624 683 3
639 640 3
640 641 3
583 642 3
584 642 0
585 644 1
587 646 1
589 646 1
591 649 2
656 657 3
600 657 2
602 660 2
605 663 3
665 666 3
611 670 1
612 670 1
619 679 3
580 638 1
580 639 3
585 642 0
589 647 2
590 648 3
591 648 3
600 658 3
604 663 3
663 664 3
613 670 1
613 671 2
616 674 3
627 686 1
511 686 1
641 642 3
587 644 1
587 645 1
646 647 0
647 648 3
649 650 3
652 654 3
657 658 3
658 660 3
604 720 3
670 671 0
614 671 2
614 672 2
673 674 3
638 639 2
650 651 3
594 651 3
654 655 3
597 655 3
600 660 0
663 720 3
667 668 3
671 672 3
672 673 3
644 645 0
645 646 1
648 649 3
597 656 3
661 720 3
511 917 1
611 669 3
573 691 1
655 656 3
668 669 3
669 670 0
674 675 3
573 748 1
691 748 1
585 643 0
660 661 3
642 643 3
643 644 1
651 652 3
656 714 3
675 1023 1
618 1023 1
619 1023 1
640 697 2
652 710 3
639 697 2
654 710 3
654 711 3
660 718 3
683 685 1
710 711 3
655 714 3
661 718 1
668 726 3
667 726 3
679 1023 1
650 708 3
658 716 3
664 723 3
665 723 3
573 747 1
747 748 2
691 749 3
749 750 3
638 697 2
641 699 1
649 708 3
654 713 3
655 713 3
511 746 1
511 747 1
640 699 1
642 699 1
642 701 1
643 701 1
648 706 3
649 706 3
713 714 3
657 714 3
657 716 3
663 721 3
665 724 3
666 724 3
669 727 3
669 728 3
670 728 1
511 805 1
638 696 0
640 698 1
642 700 1
644 702 0
645 703 1
646 703 0
647 706 3
651 708 3
651 710 3
664 721 3
667 724 3
668 727 3
671 729 1
672 730 3
673 731 3
674 732 3
675 732 3
696 697 3
697 698 1
698 699 3
700 701 3
701 702 2
645 702 1
658 717 3
667 725 3
726 727 3
728 729 3
729 730 0
730 731 3
731 732 3
699 700 3
654 712 3
660 717 2
724 725 3
732 1023 1
748 749 0
647 705 3
706 708 3
651 709 3
711 712 3
712 713 3
718 720 0
720 721 3
725 726 3
705 706 3
708 709 3
709 710 3
716 717 3
511 748 1
702 703 2
646 705 0
727 728 3
751 753 1
721 723 3
683 1023 1
708 765 3
714 772 3
706 765 3
717 718 3
717 776 3
718 776 3
721 780 3
723 780 3
712 771 3
714 716 3
720 778 3
713 771 3
718 778 0
703 705 0
718 777 0
727 785 3
703 761 1
703 762 1
716 772 3
702 761 1
705 762 1
705 763 1
706 763 3
708 766 3
714 771 3
777 778 3
721 779 0
696 755 2
697 755 2
716 773 3
720 779 0
725 784 2
726 784 2
729 787 3
731 789 1
732 789 1
511 800 1
698 755 3
701 759 1
761 762 3
711 768 3
771 772 3
772 773 3
776 777 3
723 724 3
730 787 1
730 788 1
731 788 1
789 1023 2
696 754 2
699 757 1
700 758 1
700 759 1
702 760 1
708 767 3
709 767 3
709 768 3
710 768 3
717 775 3
778 779 0
723 781 3
724 782 3
725 783 2
727 784 2
727 786 3
728 786 3
728 787 3
754 755 3
698 756 3
699 756 3
700 757 1
757 758 2
758 759 3
759 760 3
760 761 3
712 770 3
716 775 3
775 776 3
780 781 3
723 782 3
782 783 3
783 784 3
784 785 1
511 749 1
511 750 1
765 766 3
766 767 3
770 771 3
781 782 3
785 786 3
786 787 3
787 788 3
767 768 3
511 751 1
712 768 3
755 756 3
773 775 3
756 757 2
779 780 1
511 753 1
763 765 3
768 826 3
788 789 3
762 763 3
768 770 3
683 971 1
685 971 1
768 827 3
765 823 3
770 827 3
773 832 3
778 836 0
765 822 3
779 836 0
683 1025 1
511 971 1
763 822 3
766 825 3
826 827 3
775 832 3
779 837 1
780 838 3
781 838 3
787 846 3
788 846 3
1023 1025 3
762 820 3
822 823 3
767 825 3
771 829 3
775 833 3
777 836 0
780 837 3
761 819 2
762 819 2
763 820 3
770 829 3
759 818 3
760 818 3
819 820 1
766 823 3
772 830 3
832 833 3
775 834 3
776 834 3
784 843 1
785 843 1
786 844 3
789 846 3
754 812 3
755 813 3
756 814 3
757 815 0
758 815 0
766 824 3
768 825 1
773 830 3
833 834 3
777 835 3
837 838 3
781 839 0
782 840 1
783 841 1
784 842 1
843 844 2
812 813 3
813 814 3
757 814 2
761 818 3
763 821 3
824 825 3
834 835 3
835 836 0
838 839 0
782 839 0
840 841 0
841 842 3
787 844 3
758 816 0
759 816 0
820 821 3
771 830 3
836 837 1
787 845 3
789 905 3
823 824 3
842 843 1
846 905 3
818 819 0
821 822 3
844 845 2
905 1023 2
814 815 3
825 826 0
830 832 3
845 846 3
839 840 1
816 818 1
829 830 3
965 1023 3
815 816 3
827 886 3
770 886 3
905 965 3
829 886 3
820 878 3
832 890 3
821 878 3
832 889 3
833 890 3
826 884 0
830 889 3
825 884 0
830 887 3
826 885 3
827 885 3
840 897 0
966 1023 3
829 887 3
839 897 2
965 966 3
966 1025 3
971 1025 0
825 882 3
838 896 3
839 896 1
843 902 2
844 902 3
812 870 1
816 875 1
818 875 3
818 877 3
819 877 1
824 882 3
889 890 3
833 891 3
834 892 3
835 893 3
836 894 1
837 895 3
897 898 1
840 898 0
841 899 0
842 900 1
842 901 1
843 901 1
844 903 3
845 903 3
813 870 1
813 871 1
814 871 1
815 874 1
820 877 3
821 823 3
885 886 3
890 891 3
891 892 3
892 893 3
893 894 3
894 895 3
895 896 3
898 899 3
899 900 1
900 901 3
901 902 0
845 904 3
846 904 3
815 871 1
816 874 1
818 934 3
821 937 2
886 887 3
896 897 0
902 903 3
904 905 3
874 875 3
877 878 3
884 885 1
875 934 3
903 904 1
877 934 3
878 937 2
871 874 3
821 938 2
823 882 3
823 938 2
882 884 0
887 889 3
937 938 3
870 871 3
823 939 3
874 930 3
882 941 1
884 941 1
889 946 3
905 963 3
871 930 3
882 939 3
887 946 3
904 963 3
938 939 1
870 929 3
871 929 3
889 948 3
890 948 3
884 942 1
885 942 1
878 936 3
1024 1025 3
930 931 3
877 936 3
966 1024 3
874 931 3
877 935 3
891 948 3
965 1022 3
934 935 3
936 937 3
905 1022 3
870 928 3
875 933 3
882 940 3
886 944 1
887 945 1
891 950 3
892 950 3
893 950 3
894 952 3
895 952 3
895 953 3
896 953 3
896 955 3
897 955 1
898 955 1
898 957 1
899 957 1
900 958 0
901 958 0
901 959 0
902 960 3
902 961 3
903 961 3
904 961 0
928 929 3
875 931 3
939 940 3
940 941 1
885 944 1
944 945 3
945 946 0
893 952 3
952 953 3
957 958 3
959 960 3
963 1022 3
929 930 3
935 936 3
885 943 1
953 955 3
955 957 3
958 959 3
960 961 3
931 933 3
941 942 1
942 943 3
943 944 3
950 952 3
933 934 3
946 948 3
948 950 3
931 990 3
933 990 3
904 1020 3
963 1020 3
952 1011 1
953 1011 1
953 1012 1
955 1012 1
955 1014 1
957 1014 1
959 1017 1
960 1018 1
960 1019 3
961 1019 3
961 1020 1
950 1009 1
952 1009 1
952 1010 1
955 1013 1
957 1015 1
957 1016 1
958 1016 1
1017 1018 3
1018 1019 0
1019 1020 1
929 988 3
930 988 3
941 999 2
946 1005 1
948 1005 1
948 1007 1
950 1007 1
1009 1010 3
1010 1011 3
1011 1012 3
1013 1014 3
1014 1015 3
1015 1016 3
1016 1017 3
931 988 3
942 999 0
948 1006 1
950 1008 1
1012 1013 3
963 1021 3
937 995 1
938 995 1
1007 1008 3
1008 1009 3
965 1024 3
940 999 3
1006 1007 3
1021 1022 3
931 989 3
936 995 3
942 1000 0
928 986 3
929 987 3
934 992 3
934 993 3
935 993 3
936 994 3
938 996 1
939 997 3
940 998 3
943 1000 0
943 1001 0
944 1002 3
945 1003 3
946 1004 1
986 987 3
989 990 3
992 993 3
993 994 3
994 995 3
995 996 3
996 997 3
997 998 3
998 999 3
1000 1001 3
1001 1002 3
1002 1003 3
1003 1004 3
1005 1006 3
987 988 3
999 1000 3
1020 1021 3
1004 1005 3
1022 1024 2
988 989 3
934 990 3
990 992 3
