0.286397 -0.158248 12.1888
0.0557566 -0.176426 19.3158
0.0469318 -0.106946 19.0479
0.0517634 -0.0652013 18.0576
0.0400031 0.00340462 18.3545
0.0405819 -0.00927987 18.3747
3.85192e-05 0.00764959 52.9533
0.00467683 0.00376211 52.1439
0.0285127 0.0466546 59.5898
-0.0100425 -0.100939 22.9606
0.0118024 -0.122794 18.4438
0.0246334 -0.14813 16.1421
0.0281127 -0.116446 14.5147
0.013791 -0.118883 18.5553
-0.0502061 -0.103648 37.8065
-0.0414051 -0.0629817 33.5188
-0.101319 0.0527752 51.2298
-0.124071 0.131982 57.5447
-0.0733572 0.0892353 38.8697
-0.0720063 -0.0987316 52.0755
-0.0472765 0.064926 28.0929
-0.0165133 0.0474521 14.7519
-0.00755517 0.0406733 10.7576
0.00428629 0.0302093 5.11512
-0.0794835 -0.661874 65.3801
0.154986 -0.555381 -61.9487
-0.0635419 -0.10662 48.6677
-0.058084 -0.0619184 43.5601
-0.0564139 -0.020067 41.4954
-0.0264918 0.0144237 21.5518
-0.0928751 -0.117941 72.9155
-0.0108556 0.0548553 9.81451
-0.00319618 0.00707622 4.83651
-0.0328936 0.00939146 26.5739
0.0466489 0.0381056 -32.382
-0.00309104 0.0073713 5.02872
-0.012246 0.005797 12.1177
-0.00231619 0.00423573 4.18595
-0.010592 -0.00947143 11.1237
-0.00717546 -0.00118527 8.10746
-0.0025728 0.00783577 3.82689
-0.0088105 -0.00901946 9.98515
0.330169 0.116028 -304.997
-0.00251955 0.0176925 3.5798
0.0195257 -0.252079 -15.0604
0.0115791 0.0166258 -9.93289
0.0258535 0.0111558 -23.827
0.0343718 0.0115874 -32.3748
0.0147728 -0.00608178 -11.4702
0.18173 0.164858 -187.879
-0.00364934 -0.0062958 8.2189
-0.00342521 -0.0265154 7.69364
0.618475 0.338086 -695.615
-0.00489476 -0.00677764 9.70183
-0.235568 -0.408944 320.696
-0.00523894 -0.00573259 10.0477
-0.00451591 -0.00563865 9.17179
-0.00437862 -0.00574449 9.02544
0.114951 -0.129268 15.8788
0.14522 -0.124261 14.8543
0.0883876 -0.0205249 13.0917
0.118612 0.447821 -1.30182
0.0436301 0.027868 17.7892
0.0251418 0.0580834 18.9308
0.0546094 -0.00416195 45.332
0.0104421 0.0026516 51.4025
-0.0161619 -0.0483059 23.099
-0.0183249 -0.0708245 23.7633
-0.00121216 -0.0847292 20.4023
0.0312427 -0.163725 14.8509
0.0272384 -0.122675 14.8662
0.0468595 -0.129336 9.5937
-0.0168404 -0.110228 27.3625
-0.0348116 -0.0715319 32.0703
-0.103559 0.0252424 52.7923
-0.116281 0.0348807 58.0955
-0.0813696 0.0575908 42.8575
-0.0620189 0.0372005 34.2573
-0.00582483 0.0399377 10.6972
-0.00268204 0.0516394 8.76671
-0.0150662 0.072322 13.3273
0.0200029 0.0401998 -3.28434
-0.00695344 -0.00975072 12.5661
-0.0120829 -0.0740892 17.7752
-0.0384808 -0.0820738 32.8858
-0.0445424 -0.0507615 35.2924
-0.0343015 -0.040383 28.6113
-0.0130594 -0.013824 14.1626
0.078144 -0.0069858 -43.6995
0.0231633 0.392134 -21.1808
-0.0301737 0.233321 21.2103
-0.585175 0.0536769 428.954
-0.0152918 0.00590375 13.6527
0.0041804 -0.0102548 0.100848
-0.0245453 0.00901402 21.9716
-0.00634034 0.0116512 7.15359
-0.00996153 0.0114848 10.0672
0.0119784 0.0163835 -8.31264
-0.00676413 -0.00154183 7.94166
-0.0101014 -0.000327167 11.6239
0.00161432 0.00182912 0.0222736
0.0030371 0.00580464 -1.23008
0.0100381 0.00811428 -8.10086
-0.0339009 0.10265 32.2834
0.0270636 0.00863146 -24.9266
0.0615124 0.00783593 -60.2353
-0.00235677 -0.00994387 7.08379
0.116693 -0.0542565 -115.16
-0.185235 0.0524397 301.823
-0.00980935 0.0853823 12.5086
-0.00447475 0.236182 7.99297
0 0.0141272 8.59733
-0.240667 -0.677633 333.107
0 0.236421 92.4529
0 0.236421 92.4529
0 0.236421 92.4529
-0.00323444 0.00705394 2.51924
-0.0150072 0.0559881 1.03383
0.000486733 0.0421138 0.490343
0.0110178 -0.000795134 2.26592
0 -0.00344849 3.34221
-0.0246175 0.0658067 1.67545
0.0429121 0.0800521 42.4192
0.0625742 -0.00327247 44.0458
-0.0235298 -0.0303565 23.803
-0.0306384 -0.0190601 25.1399
-0.0386106 -0.0309718 26.7376
0.00310056 -0.091244 19.78
0.0085169 -0.137269 20.419
0.00793125 -0.157469 21.6154
0.0287713 -0.124764 14.0483
0.00434052 -0.159536 23.2099
-0.053366 -0.0447985 37.5126
-0.116386 -0.0245262 59.7911
-0.126941 -0.0336945 63.7944
-0.12339 -0.0290526 61.7066
0.0172074 -0.0309665 2.77294
0.0226247 -0.0210468 0.656638
-0.0249186 0.120692 16.4871
-0.0183693 0.0864648 14.8185
-0.0375675 0.0679671 25.4292
-0.00655938 -0.0795613 15.1078
-0.0340565 -0.0657679 28.9927
-0.00143118 -0.0581913 9.22924
-0.000845367 -0.0222031 6.99009
0.0600847 -0.0623996 -29.2483
-0.0415943 -0.0166178 34.0377
0.523571 -0.039179 -350.389
-0.0306063 0.00102105 24.8513
-0.0158686 -0.0219816 15.7615
0.00692512 0.00441879 -2.86055
0.00598148 0.0117157 -2.24792
-0.00956668 0.014439 9.69082
-0.00795794 0.0153577 8.41716
-0.00872259 0.0144154 9.06202
-0.0103532 0.00519774 10.7335
-0.00836377 -0.00923509 9.48102
0.004129 -0.0213199 -0.152892
-0.00405213 -0.0111852 6.2522
-0.00502995 -0.115475 12.5999
-0.00988932 -0.121282 17.6736
-0.00394202 -0.111622 11.5734
-0.00127141 0.00461746 2.1739
0.00816989 -0.123295 -0.0324909
0.0228666 0.00887781 -20.5326
-0.0218763 0.0755253 44.6358
-0.644926 0.473819 697.536
0.00317447 0.0619346 14.0869
0.00318503 0.0617112 14.0875
0.00314587 0.0615629 14.1403
0.0970525 -0.386557 -68.8324
-0.0222731 0.0980801 41.7572
-0.022282 0.0980792 41.768
-0.0222935 0.0980766 41.7822
-0.0161656 0.0501033 1.70396
-0.0221644 0.0763862 1.004
-0.0368992 0.0620062 3.17054
0 0.0268058 2.4058
-0.00447962 0.0173864 3.53229
0 0.0268058 2.4058
0.121159 0.00641041 34.4628
-0.19383 0.00890547 112.483
-0.190353 0.00297663 112.166
-0.0679142 0.00213375 31.7042
0.0133736 -0.512918 46.8106
-0.0164788 -0.0544236 22.4117
-0.0323808 -0.0878056 28.9691
-0.00912023 -0.172182 27.9981
0.0187655 -0.192513 20.2201
-0.0075688 -0.261872 34.2702
-0.0159573 -0.222237 34.8153
-0.0701232 -0.0887803 46.1714
-0.0480767 -0.198868 45.1901
-0.0787474 -0.0751987 46.3856
0.0126879 -0.0585838 6.14451
0.00303415 -0.0723559 12.6497
-0.0507613 -0.017372 31.2812
0.0103097 -0.0149796 0.433537
0.0192047 -0.0335703 -2.26673
-0.0329632 -0.0626259 28.7546
-0.00165447 -0.0677767 10.9508
0.0148856 -0.0238751 -1.06962
-0.00820842 -0.0347154 12.2193
0.018192 -0.0393281 -4.41
-0.0159722 -0.0157963 16.4551
-0.0255786 0.0226322 20.4671
-0.153003 0.0494946 111.676
-0.0228533 -0.00958944 19.7004
0.00072674 0.00748565 1.73153
0.01827 0.0381084 -12.9686
-0.0190374 0.0211436 16.8316
-0.0142403 0.00868958 13.7514
-0.000183669 0.000822397 3.17782
-0.0233441 -0.00564658 22.2937
-0.0142575 -0.000737642 14.2344
0.00620322 -0.00333675 -3.80127
0.00824001 -0.0112802 -4.96277
0.12541 0.178283 -121.61
-0.000808376 0.0495827 -1.71637
0.0194316 0.00803247 -17.1625
0.02717 0.0060047 -24.7783
0 0.597006 -38.7256
-0.00325748 -0.00599143 7.71311
0.0132817 0.0466192 9.07259
0.0211112 -0.101344 76.5409
0.00301602 0.0618917 14.2658
0.00301015 0.0617113 14.2857
0.00304026 0.0615903 14.2604
-0.144689 0.048421 189.294
-0.312741 0.0959573 384.793
-0.0222936 0.0980778 41.7823
-0.0222937 0.0980769 41.7824
-0.0267502 0.0776513 1.69048
0 0 -1
-0.0374549 0.071931 2.78082
0.105499 0.0115456 1.17065
0 0.317002 -23.4996
0.0139455 0.459962 -38.2964
0.0952204 0.0093861 38.9191
0.109294 -0.0301383 41.3758
-0.196312 0.0145791 112.378
-0.0268328 0.0202684 9.47905
-0.0187146 0.053531 4.03522
-0.00407896 0.0708595 -1.41561
0.00928571 0.00241017 1.85309
0.0446156 -0.0647581 -0.895799
0.0281699 -0.180734 15.9166
-0.0109463 -0.0781236 16.5534
0.0573642 -0.285615 12.9227
-0.027286 -0.214557 38.6726
-0.0680891 -0.0918751 42.9634
0.00449476 -0.0139311 5.64135
-0.000587175 -0.051209 11.7222
-0.03289 -0.0740947 29.2018
-0.0415074 -0.0458848 29.1261
-0.0234495 -0.0603492 22.6161
-0.0126647 -0.0387375 15.5236
-0.0140672 -0.0650736 18.3969
0.00121149 -0.063447 9.58387
-0.00125203 -0.0725622 11.8665
0.0218239 -0.044063 -4.3522
-0.310785 0.0438733 202.149
-0.00583809 -0.0552196 14.3821
-0.017625 0.0115618 15.4762
0.0951112 0.0136053 -62.3125
0.0176169 0.0125692 -11.2263
0.0225058 0.00842607 -14.1253
0.0166324 -0.0557542 12.5882
0.00586406 -0.0576928 20.8792
-0.0429975 0.000628826 37.6199
-0.0230148 -0.00858233 22.3049
-0.0146405 -0.0114129 15.2903
-0.0161104 -0.0138533 16.888
0.00191122 -0.00434651 -0.106585
0.0100068 0.00192315 -7.63191
0.129153 0.175606 -124.856
0.012746 0.00425494 -10.4822
0.0204911 0.00557609 -17.8929
0.0161007 0.00647796 -13.1289
-0.00303053 -0.00598416 7.43986
0.00124201 -0.00493417 0.645219
-0.0123196 -0.0365018 34.8741
0.016273 -0.15203 8.89941
-0.00257562 -0.15306 29.3834
-0.000786395 -0.151108 27.1884
0.000561293 -0.149222 25.4685
0.00119183 -0.147639 24.5842
0.00130573 -0.146527 24.3427
0.00128247 -0.145971 24.317
0.00128247 -0.145971 24.317
-0.0220641 0.0212481 7.08526
-0.0358153 0.0274573 7.09898
-0.0439771 0.0301521 7.30151
-0.0491813 0.0410661 6.43462
0.0294051 -0.801198 98.2065
-0.0398215 0.0548821 4.0637
0.0891772 -0.0148168 42.1329
0.138691 -0.00547799 23.8322
-0.134214 0.0251756 99.7968
-0.102084 -0.201675 58.1562
0.00913449 0.049772 -1.80757
-0.000992988 0.0605703 -0.370099
0.00270886 0.0315497 1.72125
-0.0382732 0.0388498 12.1553
-0.00753888 -0.0158881 9.10776
-0.00155089 -0.0401496 10.3034
0.0038473 0.0212689 0.544897
0.0475816 0.00864029 -13.3506
0.025853 -0.00297114 -3.70369
-0.00578212 -0.00461784 9.14794
-0.0111482 -0.0169768 12.9896
-0.0438613 -0.0493851 30.9634
-0.0391053 -0.0467236 27.7146
0.225678 -0.235511 -83.5247
-0.0129815 -0.0596102 17.7277
-0.0154516 -0.0518304 17.6501
7.15443e-05 -0.0439236 7.84801
0.0103485 -0.0322517 0.217886
0.0267741 -0.0446462 -7.76218
-0.000408952 -0.0423664 8.7312
-0.00740264 -0.0440033 14.0692
-0.027907 -0.0077523 23.6389
-0.0950468 0.0448702 64.5224
0.0179706 -0.0042232 -9.53833
0.023592 -0.0114787 -12.3491
0.0217002 -0.00100288 2.33678
-0.0249108 -0.0380056 28.5258
-0.0428482 -0.014996 39.3302
-0.0311989 -0.0157729 29.7689
-0.0198341 -0.00750368 19.3338
-0.00503659 -0.00878345 6.51385
0.00752832 0.00606383 -6.07202
0.0122283 0.00983676 -10.5608
0.00684725 -0.00608265 -4.66613
-0.00314428 -0.00638897 7.64028
0 0 -1
0 0 -1
-0.0144918 0.00329734 18.343
-0.0351562 0.0664062 49.9805
0 0 -1
0.0271655 -0.0563758 -5.36009
-0.000683984 -0.0735185 80.3302
-0.000683984 -0.0735185 80.3302
-0.000683984 -0.0735185 80.3302
0.0490192 -0.212994 29.9174
1.68518e-07 -0.0719688 79.3752
1.68518e-07 -0.0719688 79.3752
1.68518e-07 -0.0719688 79.3752
-0.0165661 -0.000117323 9.40773
-0.013452 0.00773925 8.46363
-0.0247773 0.011191 8.46618
-0.0356955 0.0259626 7.1838
-0.0435331 0.0477585 4.8546
-0.0541409 0.0463777 6.19385
0.00602014 0.0724129 -4.65444
-0.0222385 0.0634533 2.4
0.014349 0.0135186 3.67654
-0.0246753 -0.113286 30.216
-0.00900433 0.0355042 4.89845
-0.00993755 0.0342602 5.47366
-0.0230223 0.0268415 9.83381
-0.0376835 0.0208665 14.8477
-0.0226734 0.038222 7.23059
0.00154723 0.0343843 -0.0784354
0.0132478 0.0391598 -4.66564
0.0181587 0.0172954 -3.05908
-0.00355153 -0.00406149 8.36061
-0.0282034 -0.023135 21.1269
-0.027588 -0.0277443 21.6362
-0.0512646 -0.0195302 30.6451
-0.0419941 -0.00956578 24.5064
-0.01188 -0.0280355 12.3925
-0.00683538 -0.03007 9.86645
-0.00346659 -0.0414314 9.47513
0.00398378 -0.0330977 3.8736
0.0172953 -0.0331105 -3.70545
0.0220047 -0.0324834 -6.77754
0.00181541 -0.0417139 7.51925
-0.00104205 -0.0600411 12.1155
-0.00719291 -0.0302598 11.3933
-0.00422753 0.0106635 3.27761
0.00643482 -0.0184175 0.21855
0.022395 -0.0192277 -11.0391
-0.00140007 -0.0192863 6.6897
-0.015944 -0.0382197 20.6212
-0.0307291 -0.0231345 30.384
-0.026318 -0.0103046 24.9856
-0.00574976 -0.00629564 7.24649
0.00637344 0.00551949 -5.16115
-0.00465739 -0.161596 26.515
0.0190628 0.0140959 -17.7855
0.0308891 0.0205471 -29.5442
0.0709899 -0.275123 -21.4241
1.06398 0.0561122 -1049.4
0.000713743 -0.026127 18.0191
-0.0033789 -0.0186293 21.1176
0.00198147 -0.0193595 15.6765
-0.0243384 0.0860484 32.5779
0.109373 -0.130129 -34.0801
-0.189444 -0.150763 291.747
0.0229171 -0.401574 62.4287
0.0304664 0.152911 4.36082
0.162084 0.329343 -173.133
0.0282994 0.151065 7.2304
0.0271603 0.152708 8.36859
0.0271603 0.152708 8.36859
-0.00898463 0.021291 6.05133
-0.00493059 0.0351706 3.90211
-0.025693 0.0176553 7.39701
-0.00880559 0.0374311 3.22046
-0.0301196 0.0742273 -0.507078
-0.0238427 0.0712458 -0.680211
0.0138193 0.00282394 50.5614
-0.00496438 0.0294507 4.91755
0.0163485 0.0118378 3.8728
-0.00488292 0.0219789 5.6333
-0.00496055 0.0133322 7.38911
-0.00643997 0.0216714 6.24702
-0.0179907 0.0259366 8.41079
-0.033611 0.0332457 11.838
-0.0211116 0.0804875 -0.224031
0.00756556 0.0580891 -5.71494
-0.00242155 0.0915004 -7.72709
-0.00394317 0.040977 1.32978
-0.0238267 0.00438259 14.8844
-0.0213841 0.00274913 13.3891
0.0225667 -0.00422916 -3.97971
-0.014946 0.00832708 9.31432
0.105162 -0.0107474 -39.7116
-0.0358694 0.00439262 19.899
-0.0323454 0.0129883 16.4096
-0.00725235 -0.0205463 8.53374
-0.132871 -0.0160955 78.0888
0.00399712 -0.0315631 3.92235
0.00847469 -0.0336648 1.68849
-0.437308 -0.0927113 297.844
0.00817361 -0.059962 5.7014
0.0111701 -0.0147901 -3.73728
0.00969047 -0.00602418 -3.98744
0.0146427 -0.00413875 -7.66935
0.0131745 -0.018445 -4.3277
0.06738 -0.076394 -23.0829
0.00457888 0.0131989 -4.05429
-0.0125404 -0.00984818 13.6998
-0.0192345 0.000877044 17.5897
-0.00125781 0.00504536 1.53311
0.00994285 0.0138239 -9.57162
0.0089514 0.00928651 -8.33583
0.0233146 0.020413 -23.0924
-0.00179522 0.00622501 1.52154
0.0573704 0.0318429 -56.3687
1.49342 0.0341751 -1469.09
1.16877 0.0616383 -1152.69
0.0416223 -0.0989399 -11.8837
0.00155282 -0.086963 27.0372
0.0844729 -0.0234802 -22.2557
0.129246 0.0598604 -84.3828
-0.115407 0.154742 163.573
0.16633 -0.367352 -104.17
0.475319 -0.146271 -446.678
-0.0090875 0.078991 30.1816
-0.0128694 0.0808551 34.3969
-0.0195378 0.0795075 42.6534
-0.0222715 0.0800813 45.8861
-0.0274465 0.693883 -109.783
-0.0350089 0.710718 -112.736
-0.0643933 0.609329 -92.7439
-0.103068 0.0434121 31.4992
-0.036169 0.0541646 23.9268
-0.0314284 0.0635556 21.5308
0.0222819 0.000840448 49.6885
-0.0103406 0.00776811 9.27891
-0.120188 0.0340291 38.6257
-0.126819 0.0706435 32.8453
0 0 -1
-0.0112666 0.0223659 7.31088
-0.0667453 0.0493892 24.7176
-0.0198953 0.192561 -19.2601
-0.0671195 0.163301 1.5551
-0.0439589 0.187302 -10.3784
-0.0157336 0.143998 -12.461
-0.0409282 0.126812 -0.162242
-0.0406124 0.123689 0.381146
0.0362619 0.0135986 -12.79
-0.0570186 -0.00120876 30.5562
0.143853 0.110873 -82.5311
0.0890939 0.0298196 -40.6014
-0.070352 0.289789 -11.6842
0.0663605 0.151434 -54.0872
0.0153913 0.116879 -20.3738
0.331168 0.218815 -221.034
0.0162647 0.0233265 0.006074
0.00498059 0.00228025 10.8143
-0.0283389 0.288337 -32.5077
-0.0512749 0.265409 -13.2143
-0.00925286 0.0347061 1.76243
0.0328238 0.0192673 -24.7082
0.0345949 0.0264241 -27.7725
0.0272118 0.000617225 -18.0929
0.000982851 -0.00121971 16.1047
0.00925096 -0.00262475 9.86946
-0.005179 0.000760575 6.02657
-0.0165899 0.0141316 12.9232
0.00725479 0.0262044 -9.65145
0.0130301 0.00429826 -10.7536
0.0186436 0.0265325 -20.0109
0.0498291 0.0583451 -54.8959
0.0428281 0.0553967 -47.5784
0.0524359 0.0443217 -53.274
0.0301983 0.0546912 -33.8714
0.0111088 -0.00459437 -3.88749
0.0119402 -0.00460285 -4.71933
-0.00130895 -0.0302138 13.1378
0.0423912 0.00540525 17.6703
0.195335 -0.137748 -121.434
0.102942 -0.0411118 -97.1473
0.125176 -0.180981 -96.7852
0.148688 0.0203306 -101.27
-0.00559346 0.021328 36.7932
-0.0189814 0.084762 41.1397
-0.0226578 0.0814597 46.1348
-0.0232473 0.0806775 46.9948
-0.140973 0.0106158 41.005
-0.140974 0.0106159 41.0051
-0.142136 -0.013184 46.256
-0.083933 0.0294076 32.5984
-0.037922 0.0470424 25.5417
-0.0363757 0.0577615 23.2581
0.0507289 0.00171606 45.428
-0.121811 0.0314978 39.4276
-0.110197 0.0114245 40.9239
-0.0935124 0.0102642 38.2037
-0.00351654 -0.0224105 23.1425
-0.0383619 0.058895 15.2714
-0.0422117 0.106476 6.18159
-0.0689745 0.172933 0.424105
-0.0456526 0.176684 -6.5049
-0.0547764 0.211826 -11.7754
-0.0417969 0.198566 -13.3905
-0.0264184 0.201777 -19.1359
0.0037287 0.248847 -40.245
0.0372772 0.398753 -84.3595
0.253598 -0.615712 35.2393
0.796875 -0.0117188 -342.039
-4.43111 0.467315 2111.3
0.0354925 0.22682 -53.5353
0.0204071 0.178486 -35.9978
-0.0185021 0.190416 -17.7555
0.0751808 0.211351 -75.0333
0.0530936 0.0982967 -37.5478
-0.00973123 0.0431457 11.4933
-0.0140968 0.29305 -42.3862
-0.033219 0.293886 -30.0318
-0.0441608 0.328922 -30.0697
-0.0243747 0.322414 -42.3832
-0.0223466 0.306162 -40.6714
-0.0294469 0.22006 -17.8266
0.0329651 0.00287723 -9.24876
0.00960452 0.00484258 8.20712
-0.00723248 0.0450946 -0.721072
-0.00977862 0.0754325 -4.62921
0.0169637 0.0509078 -22.3096
0.0217351 0.0350028 -23.6176
0.0189789 0.0187634 -18.6757
0.0518782 0.0767301 -60.4659
0.036086 0.0526296 -39.49
0.0533849 0.0493457 -54.8874
0.0140824 0.065595 -20.5761
0.0180252 0.0301887 -18.6002
0.000930026 -0.019061 8.53881
0 0 -1
0.00171246 0.000221307 3.85347
0.00321111 -0.0198812 6.16247
0.0148745 -0.00444662 -8.13001
0.442859 -0.0820861 -470.555
0.125176 -0.180981 -96.7852
0.120357 0.199909 -152.869
-0.0983782 0.426401 63.8174
-0.0820773 0.457663 37.654
-0.00296187 0.439463 -55.0174
0.0117249 -0.0688021 36.2405
-0.00882579 -0.645113 164.127
-0.149979 -0.00210321 44.0032
0.0882269 -0.12058 44.6644
0.170832 0.47611 -87.447
0.184755 0.467911 -86.8655
0.0525228 -0.00287014 46.1808
0.00748345 -0.180581 64.577
-0.0599444 0.0100536 85.2655
-0.16215 -0.0117534 56.5935
0.0415083 0.149674 -25.1002
-0.0181985 0.0942616 2.01803
0.00656408 0.200921 -28.2178
-0.021167 0.201734 -20.7155
-0.0269496 0.219231 -22.5611
-0.0244477 0.251756 -30.9138
-0.0252876 0.263455 -33.574
0.00195083 0.225947 -35.0187
0.0275726 0.219451 -41.9581
0.0479996 0.21524 -49.9296
0.0983665 0.137798 -54.0043
0.0781296 0.106537 -37.7213
0.0331449 0.185911 -41.3734
-0.00308256 0.243239 -37.2672
-0.0024296 0.242867 -37.7445
0.00365745 0.223105 -36.7308
0.0426832 0.198164 -53.4899
0.0233978 0.157273 -32.67
-0.0169303 0.22174 -23.6592
-0.00930376 0.285221 -43.1696
-0.0204428 0.321197 -43.8363
-0.0280214 0.3332 -41.9756
-0.0415752 0.311289 -27.8922
-0.0240488 0.303864 -38.7406
-0.00465543 0.310855 -54.8575
0.0439642 -0.00119334 -16.9232
0.0772735 0.0106711 -45.752
-0.00841771 0.0903938 -8.35083
-0.0113968 0.0704484 -1.42392
0.0122825 0.0510731 -17.4777
0.000987397 0.0428279 -5.31577
0.0293316 0.0578088 -35.0401
0.037951 0.062333 -43.8582
0.0408425 0.0638276 -47.0268
0.0383056 0.0500195 -40.6537
0.0153029 0.070842 -23.0549
0.0875977 -0.195813 -34.1992
-0.00550211 0.0654597 -2.5035
-0.380507 0.158599 365.346
0.00270906 0.0927929 -16.8638
-0.012508 0.269191 -41.5147
0.797045 -0.43509 -795.704
0.140503 -0.0772772 -111.42
-0.757918 -0.0555027 910.261
0.0955461 0.221672 -128.163
0.396478 -0.0121689 -427.273
-0.0908273 0.210427 100.288
-0.0372915 -0.183409 121.597
-0.676851 0.0118057 31.2814
0.0117322 -0.0685991 36.1904
0.0230382 -0.11015 46.3885
0.0848684 -0.127009 45.8434
0.0936252 -0.122776 44.8712
0.0936252 -0.122776 44.8712
0.0352089 -0.00275733 48.5894
0.189267 -0.41415 95.1494
-0.100232 0.0102001 92.7758
-0.0179034 0.224697 -27.8724
0.0358545 0.249132 -46.436
0.0264681 0.254822 -46.7792
0.0355588 0.250938 -47.426
0.000104056 0.241049 -35.3422
-0.0190287 0.249723 -31.7149
-0.000768501 0.251561 -38.6945
-0.0079942 0.249424 -35.2037
-0.00482783 0.259977 -39.7351
0.0219018 0.223838 -41.3723
0.0146496 0.216724 -36.5813
0.0262669 0.196113 -36.2588
0.0187229 0.271959 -52.5066
0.00165505 0.366313 -68.6475
-0.0146251 0.27508 -38.7831
-0.0300122 0.246759 -23.7735
-0.00404745 0.221807 -31.5844
-0.0141437 0.210243 -23.0364
-0.00857476 0.190848 -21.1526
-0.0146575 0.205965 -21.4688
0.0287735 0.24387 -58.2169
0.0264679 0.289998 -67.3457
0.011721 0.339992 -69.9741
0.155335 -0.833191 120.852
0.00469026 -0.0357676 20.9277
0.0260129 -0.013569 -0.300639
0.0595734 0.012781 -32.2589
0.0741587 -0.00216918 -40.0521
0.0858981 0.00549848 -50.9371
-0.0328067 0.0493127 20.9476
-0.00321259 0.0323182 0.687064
0.0195995 0.0264153 -17.7776
0.0277056 0.0511368 -31.2703
0.00913392 0.0609277 -16.5062
0.0120751 0.0714385 -21.7934
0.0236551 0.0463943 -21.3761
0.0338206 0.0502832 -36.6544
-0.043542 -0.0621565 88.1801
0.0993195 -0.0194469 -67.2801
0.0301518 0.0149408 -8.57896
-0.0170753 -0.0702186 62.1568
0.00909271 -0.0931937 39.5951
0.0208485 -0.120207 33.4696
0.0717308 -0.112276 -25.2614
-0.0424388 -0.026188 81.7652
-0.0263148 -0.138073 91.167
0.249058 -1.25363 45.1352
-0.0799816 -0.416843 230.226
-0.0694246 -0.411769 216.158
0.0190114 0.561945 -124.879
0.0183861 0.564955 -125.677
0.0151399 0.00988285 29.3964
-0.000750984 -0.0130595 36.0724
0.0227238 -0.010149 33.3864
0.0189603 -0.0113585 34.2882
-0.318622 0.00748479 72.9236
0.310021 0.0726778 -41.3475
-0.148038 0.00396567 103.264
-0.00263294 0.19637 -24.56
-0.00378217 0.272419 -43.7216
0.0246333 0.280086 -52.4402
0.00428898 0.262898 -42.6536
-0.0213573 0.24389 -30.0184
-0.0198313 0.206418 -20.645
-0.00154041 0.221767 -30.9018
-0.00632028 0.225268 -29.377
-0.00927934 0.22831 -29.9081
0.00897451 0.224173 -35.5028
0.00206735 0.252212 -39.699
0.00252215 0.227533 -33.2345
0.0216384 0.176785 -28.4796
0.0722336 0.203485 -60.0203
0.00293741 0.218624 -33.6024
-0.000504671 0.249548 -39.6122
-0.0361469 0.227026 -14.6777
-0.0567052 0.211056 1.08218
-0.0443839 0.175534 3.16689
0.00712112 0.164673 -24.3479
0.0659385 0.230859 -78.5296
0.0583106 0.262453 -81.6616
0.0748559 0.275275 -95.7921
0.0805695 0.26501 -97.206
0.0995311 0.236281 -102.574
0.0517726 -0.0111783 -20.1176
0.0591041 -0.000770298 -28.4924
0.0727619 -0.0173303 -34.8814
0.1037 -0.00567621 -62.5333
0.00923944 -0.00782933 13.7824
-0.013809 -0.020075 36.4779
-0.0232278 -0.0258628 46.1355
-0.0256487 -0.0286198 49.0053
-0.0256487 -0.0286198 49.0053
0.253099 0.14242 -248.542
0.119671 -0.108435 -56.8431
-0.0329104 0.0199835 44.9274
-0.0377506 -0.0674097 83.911
-0.0476038 -0.065549 93.3077
-0.0475223 -0.0594691 91.5918
-0.0559776 0.424251 -23.9372
0.107154 -0.526217 59.5303
0.129524 0.300046 -187.53
-0.180407 0.00422783 236.885
-0.0202953 -0.0470572 60.8765
-0.013777 -0.0233365 47.4719
-0.265643 -0.0192019 344.686
0.164705 0.0217371 -175.47
0.0610864 0.029635 -51.471
-0.00764524 0.000499445 32.7973
-0.00104606 0.00505737 31.1823
-0.0228085 -0.02477 41.5226
0.401665 0.00673857 4.06068
0.0138156 0.163914 -8.22989
0.00304668 0.244743 -31.0612
0.00303737 0.242809 -30.2434
-0.025109 0.225629 -21.1735
-0.0632382 0.243391 -20.2403
-0.0267946 0.299333 -44.5533
-0.00417952 0.33031 -58.8528
-0.0148735 0.314211 -51.9789
0.00430738 0.314989 -57.7645
-0.0239814 0.323007 -51.558
-0.0169573 0.200558 -19.6976
0.00968277 0.188202 -25.2025
-0.00677434 0.212303 -26.2388
0.0184285 0.218275 -37.7995
0.0101523 0.236547 -38.5088
-0.0214058 0.178591 -8.15126
-0.033084 0.207778 -11.9974
-0.0200778 0.195143 -14.4966
0.00166588 0.16875 -17.7526
-0.0270886 0.254945 -29.0275
-0.003392 0.213638 -29.0688
0.131855 -0.160928 -2.86135
-0.0881517 0.227405 14.4795
-0.108101 0.19131 36.0875
-0.000843845 0.11711 -6.71413
0.0433703 -0.00968282 2.96402
0.0869816 -0.0773575 -5.70812
0.0476743 0.231894 -64.5593
0.0510159 0.252157 -72.3267
0.0823247 0.235287 -90.3105
0.101825 0.233436 -103.928
0.0881414 0.236781 -94.0262
-0.0105612 -0.253064 130.473
-0.0216884 -0.241843 136.106
-0.00333307 -0.297927 122.486
-0.00333307 -0.297927 122.486
-0.00333307 -0.297927 122.486
-0.00333307 -0.297927 122.486
0.0021121 -0.298324 133.459
0 -0.300787 120.407
0.00551734 0.0639599 37.2639
0 -0.31349 124.053
-0.0572952 -0.0151395 151.279
-0.0451926 0.146083 31.6749
-0.0628174 -0.317635 191.479
-0.0617429 -0.315687 189.765
0.0453975 -0.127139 47.2634
-0.147549 0.471647 92.0734
0.417557 0.488001 -553.339
-0.00320708 0.498682 -112.402
0 -0.0359375 108.441
-5.06739e-12 -0.374314 140.461
-5.00017e-12 -0.374314 140.461
0 -0.0359375 108.441
-0.0188735 0.00144081 32.6878
-0.0253078 -0.0076262 35.7442
-0.0408958 -0.0501978 49.8248
-0.0709413 0.0170223 30.6191
-0.104106 -0.129818 80.4254
0.00936789 0.284771 -43.7756
0.0164088 0.231875 -29.109
-0.122104 -0.28735 149.601
-0.0511956 0.255765 -26.4956
-0.00740325 0.268323 -39.1373
0.00289939 0.311335 -53.8093
-0.0107874 0.28095 -42.4877
0.0222393 0.303109 -58.514
0.0476465 0.319957 -70.3899
0.00250308 0.221432 -33.5051
-2.99673e-05 0.216035 -30.3336
0.0649463 -0.321664 120.559
0.020437 0.237072 -43.8619
0.0111549 0.224976 -35.6287
-0.0634586 0.178334 9.38874
-0.0295606 0.196304 -10.8007
-0.0185164 0.223865 -24.5368
0.00420475 0.211081 -30.7353
-0.0202685 0.238116 -27.1037
0 0 -1
-0.0836792 0.212339 16.5619
-0.100502 0.230871 20.4468
-0.063256 -0.170784 105.804
0.0816223 -0.565528 177.769
-0.0545015 0.0966606 52.9466
-0.0561297 0.095387 54.3806
-0.355964 0.10841 254.607
-0.0333615 0.141987 20.8849
0.171932 0.1924 -143.077
0.108998 0.242598 -112.101
0.124934 0.232834 -120.459
-0.00609247 0.215504 -16.0708
0.00464389 -0.00773078 10.122
0.281664 0.470289 -331.615
-0.00236947 -0.00831355 16.0983
-0.00236968 -0.0083137 16.0986
-0.00236991 -0.00831382 16.0988
-0.00236991 -0.00831382 16.0988
-0.00100819 -0.0160733 17.246
0.00256623 -0.0189663 14.7498
0.00734298 -0.0200735 10.463
0.0510331 0.00289774 -40.7705
-0.137416 -0.916495 447.181
-0.000445949 -0.028366 21.0751
-0.000482638 -0.0291447 21.3577
-0.000520261 -0.030437 21.8021
-0.000440695 -0.0319727 22.1943
-0.00021853 -0.033525 22.4303
7.32086e-05 -0.0349232 22.5344
0.000513947 -0.037084 22.6943
0.000513948 -0.037084 22.6943
0.000513948 -0.037084 22.6943
0.000513948 -0.037084 22.6943
0.0637145 0.38862 -89.45
0.0670286 0.408539 -96.367
0.126631 0.861256 -253.208
0.0734577 0.377473 -85.7721
0.0647784 0.317408 -64.7788
0.045068 0.266024 -45.8289
0.0313771 0.263826 -42.8125
-0.0520304 0.233931 -18.8397
-0.0601174 0.202257 -7.18274
-0.0484982 0.0536469 39.5334
0.0504538 0.0456508 20.4285
-0.00610291 0.236433 -29.6448
0.0133504 0.260831 -41.9191
0.0457032 0.266106 -52.775
0 0 -1
0.0338182 0.218046 -42.5596
0.0192287 0.208655 -34.0496
0.000548891 0.209434 -27.2285
-0.0327671 0.200541 -9.37382
-0.0186253 0.218442 -22.9047
-0.0170033 0.214715 -22.2467
-0.00771483 0.221825 -28.7685
-0.00332968 0.212012 -27.4438
-0.00805278 0.212043 -25.0623
-0.0137127 0.209558 -21.3067
-0.0210064 0.207371 -16.6165
-0.0205679 0.236525 -26.8034
-0.0509815 0.0968841 12.0093
-0.000474939 -0.095258 68.4577
-0.000474939 -0.095258 68.4577
-0.147321 -0.0218581 162.423
-0.14528 -0.0192942 160.167
-0.0234434 0.0893043 30.7823
5.9451e-05 0.087662 14.3024
0.100905 0.259866 -111.412
0.0723619 0.237144 -81.4511
0.0506897 0.257079 -71.8701
-1.32138e-13 -0.0841544 54.9322
-1.0121e-13 -0.0841544 54.9322
-5.40376e-14 -0.0841544 54.9322
0.0410752 0.102471 -53.4808
0.00130771 -0.0812043 52.7697
0 0 -1
1.13373e-14 -0.0841544 54.9322
-1.2587e-15 -0.0841544 54.9322
-6.98125e-14 -0.0841544 54.9322
0.0142748 -0.0197263 3.4754
0.132907 -0.139196 -63.2625
0.00327688 -0.191451 87.8233
0.000950031 -0.191567 90.3192
-0.000913373 -0.19079 92.0619
-0.00190406 -0.184831 91.1544
-0.00214508 -0.179135 89.5152
-0.00171469 -0.174143 87.3506
-0.000323797 -0.166578 83.1866
-0.000323797 -0.166578 83.1866
-0.000323797 -0.166578 83.1866
-0.000323797 -0.166578 83.1866
0.0678148 0.383516 -87.7451
0.0702335 0.375079 -84.7833
0.0676743 0.334279 -69.8946
0.0548075 0.316094 -63.477
0.0454103 0.318658 -63.1981
0.0507626 0.316168 -62.9289
0.0117173 0.298627 -51.1719
-0.0702406 0.210271 -7.54836
-0.0985415 0.210027 -3.38227
-0.161315 -0.0154818 86.5814
-0.0647694 -0.112236 99.5579
0.0238217 0.246492 -40.1249
0.0415853 0.247916 -45.3137
0.00287157 -0.507442 240.342
-0.0787733 0.394496 -51.4551
-0.0979806 0.265141 0.637686
-0.0666172 0.149639 30.7169
-0.0573904 0.140963 30.598
-0.0150338 0.217874 -24.1328
0 0 -1
-0.0114034 0.217921 -25.7559
-0.0203914 0.0496943 36.9832
-0.00727522 0.214825 -26.4969
0 0 -1
-0.0111726 0.212213 -23.5739
-0.0130512 0.222292 -26.1536
0 0 -1
-0.00346935 0.22565 -32.8862
0 0 -1
0.00434485 0.188174 -24.337
0.00985989 0.150443 -14.4621
0.00511107 0.112586 2.16099
-0.0113565 0.0709663 28.3077
-0.0171629 0.0716272 32.2181
0 0 -1
0.0738665 0.258641 -90.4455
0.0563051 0.23468 -68.4242
0.00303347 0.227193 -22.9336
-0.019322 0.227345 -4.29731
-0.0406347 0.141035 44.3145
0.039824 0.0784973 -43.972
-0.00728054 -0.200757 135.231
0.0091529 2.69888 -922.142
-0.0254373 -0.0637011 105.04
-0.0222559 -0.109141 118.413
0.032036 0.172582 -34.8489
0.0366166 0.190604 -45.7561
0.103301 -0.174238 -20.796
-0.0349422 -0.17717 158.24
-0.0349422 -0.17717 158.24
-0.000913373 -0.19079 92.0619
-0.00103806 -0.146254 111.048
0.000647358 -0.146315 109.124
0.000678172 -0.14632 109.09
0.000879429 -0.146386 108.876
0.00087943 -0.146386 108.876
0.00087943 -0.146386 108.876
0.00087943 -0.146386 108.876
0.0558694 0.379188 -86.0802
0.0540647 0.359231 -78.6627
0.0542858 0.33243 -68.8706
0.0540354 0.341732 -72.3589
0.0314445 0.29513 -52.9811
0.0243141 0.284532 -48.4294
-0.00814983 0.234712 -26.4424
-0.0399854 0.226091 -18.4274
-0.0708833 0.252288 -23.3451
-0.0384682 0.226959 -20.5334
0.0185491 0.210088 -26.3395
0.0439453 0.222981 -36.9305
0.0568771 0.242888 -47.6234
0.0662216 0.230026 -45.4845
0.0573007 0.230012 -42.697
0.029242 0.174337 -12.8375
-0.0101122 0.117152 22.0452
-0.0367201 0.14506 21.3566
-0.0443184 0.140914 25.7877
-0.0440689 0.1337 28.3117
-0.0382164 0.126295 28.4906
-0.0291244 0.122316 25.8238
-0.0196833 0.115099 24.0041
-0.0113673 0.112882 20.7009
-0.00443966 0.109524 18.3611
-5.98981e-05 0.106544 17.1069
0.00253379 0.103874 16.6445
0.00356757 0.101753 16.8289
0.00363012 0.100098 17.4027
0.00325368 0.0988921 18.0823
0.00285754 0.0980665 18.6412
0.00264606 0.0976583 18.9316
0.00264606 0.0976583 18.9316
-0.0154881 0.0730957 30.4391
0.048452 0.295183 -84.0048
0.0574976 0.289899 -88.6301
0.0467896 0.24205 -63.189
-0.015612 0.222571 -5.98172
-0.0169828 0.221329 -4.49594
-0.0177215 0.223267 -4.39902
-0.0336848 0.15806 32.721
-0.0398672 0.13454 46.8848
-0.0441005 0.103455 62.1873
-0.0427378 0.0633199 75.6949
-0.0294554 -0.120666 129.39
0.0445828 0.177006 -48.7319
0.039528 0.191175 -48.8738
0.024543 0.190569 -33.4478
0.010391 0.188249 -17.9608
0.00225044 0.185538 -8.38388
-0.000262546 0.181565 -4.27534
-0.000196233 0.181542 -4.34135
8.893e-05 0.181245 -4.55259
0.000546858 0.181166 -5.04766
0.00149008 0.181029 -6.10367
0.00149008 0.181029 -6.10367
0.00149008 0.181029 -6.10367
0.00149008 0.181029 -6.10367
