0 1 3
1 2 3
2 3 3
3 4 3
4 5 1
5 6 0
6 7 3
7 8 3
8 9 3
9 10 3
10 11 3
11 13 3
13 14 3
14 15 3
15 16 3
16 17 1
17 18 0
18 19 0
19 21 3
21 22 3
22 24 3
24 26 3
26 27 3
27 28 3
28 30 3
30 89 3
33 89 3
33 34 3
34 35 3
35 36 3
36 39 3
39 96 3
39 40 3
40 43 3
43 44 3
44 45 3
45 47 3
47 49 3
49 50 3
50 53 1
53 114 0
53 454 0
33 90 1
54 454 0
114 454 3
89 90 1
11 70 3
13 70 3
21 78 3
35 93 3
36 93 3
19 78 3
40 100 3
43 100 3
50 454 3
112 454 3
112 114 3
36 95 3
39 95 3
44 100 3
47 48 3
13 71 3
95 96 3
40 98 3
48 49 3
39 98 3
70 71 3
22 139 1
24 139 1
34 92 3
7 65 3
8 65 3
16 18 3
18 76 3
19 76 1
21 23 3
22 23 3
33 92 3
36 94 3
110 454 3
0 58 1
1 59 1
2 60 1
3 61 1
4 62 1
5 63 3
6 63 1
6 64 3
9 67 3
10 69 3
14 72 3
16 74 3
23 139 1
27 85 3
27 86 3
28 86 3
93 94 3
40 99 2
99 100 0
45 103 3
58 59 3
59 60 3
60 61 3
61 62 3
62 63 3
64 65 3
10 67 3
11 69 3
71 72 3
15 74 3
30 86 3
94 95 3
98 99 2
49 106 3
63 64 0
15 72 3
18 74 3
26 85 3
85 86 3
33 149 3
35 92 3
45 48 3
48 106 3
23 78 3
90 149 0
44 103 3
69 70 3
92 93 3
8 124 3
9 124 3
72 131 3
15 131 3
50 106 3
65 124 3
74 76 3
92 149 3
39 156 3
98 156 3
67 124 3
67 69 3
23 79 3
74 131 3
81 139 1
24 81 3
19 135 1
78 135 1
30 146 3
26 81 3
86 146 3
89 146 3
89 148 3
69 127 3
74 133 3
90 148 0
69 126 3
76 133 3
25 26 3
25 85 3
39 155 3
44 273 3
126 127 3
70 128 3
76 135 2
25 81 3
92 150 3
155 156 3
100 273 3
67 126 3
69 128 3
78 79 3
86 145 2
93 150 3
96 155 3
44 216 3
48 103 3
145 146 0
216 273 3
79 135 1
99 156 2
64 123 3
65 123 3
67 125 3
79 139 1
94 153 3
95 153 3
125 126 3
127 128 3
96 154 3
74 132 3
149 150 3
62 120 3
63 122 1
64 122 1
71 128 3
71 130 3
131 132 3
93 151 3
94 151 3
94 152 3
152 153 3
96 153 3
50 167 1
58 116 3
59 117 3
60 118 3
61 119 3
63 120 3
72 130 3
146 148 3
151 152 3
116 117 3
117 118 3
118 119 3
119 120 3
63 121 3
122 123 0
123 124 3
124 125 3
130 131 3
150 151 3
121 122 1
132 133 3
139 140 3
81 140 1
25 86 3
50 166 1
167 454 0
120 121 3
79 138 1
153 154 3
154 155 3
100 156 3
103 161 3
106 166 1
166 167 0
156 273 3
103 216 3
138 139 3
156 214 3
161 216 3
103 279 3
48 279 3
128 130 3
148 149 3
161 446 3
79 195 1
25 145 1
216 446 3
446 561 3
161 279 3
106 279 3
138 195 3
148 205 1
214 273 3
135 195 2
81 201 1
130 188 3
279 446 3
127 185 3
148 207 3
149 207 3
112 115 3
114 115 3
126 185 3
148 206 1
154 212 3
155 212 3
166 454 0
128 186 3
187 188 3
133 192 2
76 192 2
81 199 1
205 206 3
206 207 0
150 207 3
153 211 1
130 187 3
139 197 3
146 205 1
115 454 3
130 186 3
133 191 3
135 192 1
138 197 3
140 197 3
106 455 3
121 180 1
122 180 3
127 186 3
191 192 0
135 194 2
194 195 3
152 211 1
279 455 3
166 455 0
166 225 0
121 179 1
126 184 3
186 187 3
225 454 0
117 176 3
118 176 3
119 177 3
179 180 1
125 183 3
125 184 3
184 185 3
131 188 3
138 196 3
150 208 3
151 208 3
106 223 1
228 454 0
229 454 0
116 174 3
118 177 3
120 177 3
120 179 1
122 181 0
123 181 3
125 182 3
185 186 3
135 193 2
140 199 3
145 203 0
207 208 3
223 455 0
228 229 0
117 174 3
120 178 1
124 182 3
132 191 3
192 193 0
196 197 3
199 258 3
199 201 3
201 258 3
176 177 3
178 179 0
180 181 0
193 194 3
156 212 3
123 182 3
183 184 3
25 201 1
146 203 3
117 175 3
181 182 3
182 183 3
145 201 3
153 212 3
166 224 2
224 225 0
174 175 3
177 178 1
131 190 3
132 190 3
201 203 3
216 274 3
188 190 3
274 446 3
224 455 0
203 260 3
151 209 3
175 176 3
195 196 3
212 214 3
273 274 3
201 260 3
208 209 3
140 256 3
203 205 3
152 209 3
197 256 3
199 256 3
282 455 0
190 191 3
193 251 3
207 265 3
208 265 3
212 271 3
214 271 3
224 282 1
193 250 3
203 262 3
205 262 3
209 268 1
209 211 1
211 212 0
211 269 0
179 237 0
188 246 3
199 257 3
257 258 3
211 268 3
212 269 3
214 272 3
272 273 3
178 237 0
185 243 0
186 243 0
190 246 3
194 251 3
197 255 3
184 241 0
184 242 0
184 243 0
196 255 3
205 263 3
205 264 3
206 264 3
212 270 3
242 243 3
186 244 2
187 244 2
187 246 3
190 192 0
251 252 3
194 252 3
195 252 3
262 263 3
269 270 3
446 563 3
176 234 3
177 234 3
177 235 3
178 235 0
183 241 0
241 242 3
250 251 3
255 256 3
208 266 3
274 563 3
223 281 3
175 234 3
180 238 0
243 244 1
244 246 3
192 250 2
263 264 3
207 264 3
265 266 3
208 324 3
268 269 0
281 455 0
181 238 1
181 239 3
266 324 3
209 324 3
225 282 1
238 239 0
182 239 3
190 248 0
196 252 3
264 265 3
270 271 3
271 272 3
274 448 3
282 454 0
234 235 3
190 250 0
256 257 3
258 260 3
182 298 3
183 298 3
258 317 3
260 262 3
273 331 3
246 248 0
196 254 3
254 255 3
272 331 3
274 331 3
561 563 3
282 399 0
399 454 0
175 291 0
179 238 1
246 304 0
260 317 3
279 569 3
175 290 0
246 303 0
248 305 3
260 318 3
503 561 3
455 569 3
234 291 0
235 237 0
237 238 1
248 304 3
262 318 3
290 291 0
239 298 3
448 563 3
237 294 0
242 300 3
304 305 3
248 250 3
235 294 0
241 299 3
241 300 3
257 316 3
258 316 3
183 299 0
196 311 3
316 317 3
299 300 3
248 306 3
252 311 3
254 311 3
271 330 3
272 330 3
285 454 3
239 297 1
305 306 3
262 320 3
269 328 3
270 328 3
399 455 0
115 285 3
238 297 2
255 314 3
256 314 3
268 326 3
269 326 1
294 295 1
237 295 3
243 300 3
303 304 3
318 320 3
263 321 3
250 308 3
257 315 3
238 295 0
238 296 0
248 308 3
251 368 3
252 368 3
255 313 3
320 321 3
265 324 3
270 329 3
271 329 3
330 331 3
331 448 3
503 563 3
234 294 0
297 298 0
251 309 3
264 322 3
265 323 3
279 453 3
295 296 1
244 303 2
308 309 3
254 313 3
256 315 3
315 316 3
317 318 3
322 323 3
323 324 3
209 326 1
269 327 3
328 329 3
329 330 3
393 561 3
446 453 3
453 569 3
296 297 1
309 368 3
326 327 0
327 328 3
393 503 3
393 446 3
291 294 3
313 314 3
285 399 1
243 303 3
306 308 3
311 368 3
254 371 3
314 315 3
263 322 3
393 453 3
243 301 3
313 371 3
300 301 3
298 299 0
320 436 3
324 383 3
209 383 3
291 350 1
294 350 1
311 369 3
303 360 3
368 369 3
326 383 0
301 303 3
321 322 3
301 360 3
311 371 3
370 371 3
285 401 1
311 370 3
296 354 0
306 365 3
308 365 3
322 379 3
299 357 3
323 381 3
297 355 0
298 355 0
298 357 0
321 379 3
322 381 3
291 348 1
294 351 1
295 352 0
300 358 3
303 362 3
304 362 3
323 382 3
324 382 3
326 384 3
327 384 1
329 387 3
330 387 3
350 351 3
294 352 1
301 358 3
360 362 3
330 388 3
291 349 1
349 350 3
295 353 3
305 363 3
316 375 3
317 375 3
328 386 3
331 388 3
351 352 3
296 353 0
301 359 3
305 362 3
306 363 3
308 366 3
308 367 3
309 367 3
315 374 3
316 374 3
318 375 3
318 436 3
327 385 3
328 385 3
329 386 3
399 569 0
348 349 3
297 354 3
300 357 3
358 359 3
359 360 3
366 367 3
381 382 3
382 383 3
383 384 1
386 387 3
298 356 0
362 363 3
306 364 3
369 370 3
353 354 1
357 358 3
363 364 3
364 365 3
365 366 3
318 434 3
385 386 3
388 448 3
399 458 3
285 458 1
115 462 3
352 353 1
355 356 3
314 372 3
434 493 3
384 385 0
387 388 3
401 458 2
354 355 0
367 368 3
315 372 3
374 375 3
375 434 3
569 571 3
399 571 0
115 403 1
313 372 3
318 493 3
403 462 0
313 430 3
436 493 3
320 378 3
372 430 3
378 436 3
321 378 3
115 630 3
353 411 1
371 430 3
285 630 3
403 630 0
388 563 3
372 374 3
369 486 2
370 486 3
365 423 3
369 427 3
384 559 3
385 559 1
362 420 3
363 420 3
364 423 3
368 427 3
373 375 3
378 379 3
381 439 3
350 408 3
351 408 3
352 411 1
360 419 3
370 428 3
373 434 3
322 439 3
356 414 3
362 419 3
428 486 3
371 428 3
379 439 3
355 414 3
366 424 3
367 425 3
368 426 3
382 440 3
384 442 3
453 571 3
349 407 3
357 415 3
358 415 3
367 424 3
368 425 3
426 427 3
383 440 3
383 442 1
386 445 3
387 445 3
348 406 3
350 407 3
351 409 3
352 410 3
354 412 3
355 413 3
358 416 3
359 417 3
360 418 3
363 421 3
364 421 3
381 440 3
388 445 3
399 457 2
457 458 0
401 459 0
406 407 3
408 409 3
409 410 3
353 412 1
412 413 0
415 416 3
416 417 3
417 418 3
418 419 3
423 424 3
427 486 3
439 440 3
457 571 0
459 573 0
407 408 3
410 411 1
298 415 0
424 425 3
428 430 3
385 444 3
386 444 3
453 503 3
413 414 3
298 473 3
419 420 3
442 559 3
285 459 1
356 473 1
415 473 1
420 421 3
364 422 3
383 441 3
441 442 1
444 445 3
422 423 3
425 426 3
385 502 3
445 563 3
421 422 3
379 497 3
439 497 3
440 441 3
502 559 1
458 459 0
444 502 3
414 473 1
411 412 1
373 374 3
378 495 3
378 496 3
378 497 3
441 499 3
462 630 3
372 373 3
495 496 3
458 573 0
411 469 0
496 497 3
440 499 3
459 630 0
423 481 3
440 498 3
424 481 3
498 499 3
445 562 3
406 464 3
407 465 2
410 468 3
412 469 0
412 470 3
425 483 3
445 502 3
562 563 3
407 464 3
408 465 2
409 467 2
409 468 3
411 468 0
413 470 1
418 476 3
419 476 3
422 481 3
424 483 3
426 483 3
373 430 3
439 498 3
503 509 3
467 468 0
469 470 1
424 482 3
427 485 3
497 498 3
502 560 3
408 467 2
420 476 3
420 478 3
421 478 3
482 483 3
559 560 0
453 509 3
457 573 0
476 478 3
428 429 3
430 488 1
430 489 1
373 489 1
373 490 3
441 559 1
464 465 1
408 466 2
414 530 1
473 530 3
421 537 3
481 482 3
426 485 3
485 486 3
429 430 3
465 466 1
466 467 3
414 470 1
416 473 1
428 545 2
429 488 2
488 489 3
489 490 3
468 469 1
414 471 1
480 537 3
486 545 3
373 491 1
502 562 3
417 476 3
421 480 3
422 480 3
429 545 3
470 471 0
471 530 3
488 545 2
469 528 0
470 528 0
417 533 1
417 535 1
478 537 3
473 531 2
416 531 1
533 535 3
476 535 1
480 481 3
573 630 3
466 524 1
417 531 1
478 535 3
491 550 3
373 550 1
426 542 1
486 544 3
544 545 3
434 550 1
531 533 2
483 542 1
373 549 1
436 495 2
485 542 1
490 549 1
491 549 3
436 552 1
496 498 3
503 567 1
453 570 3
467 524 2
493 550 1
493 551 2
493 552 3
570 571 3
471 529 3
533 534 3
534 535 3
550 551 0
495 552 3
509 567 3
509 570 3
457 690 0
573 690 1
471 528 2
480 538 3
485 544 3
496 555 3
560 562 3
503 566 3
467 525 2
528 529 2
481 538 3
482 540 3
566 567 3
464 522 1
465 523 1
466 523 2
524 525 3
468 526 1
469 526 2
469 527 3
530 531 0
481 540 3
483 541 3
498 555 2
498 557 3
499 557 3
441 557 3
558 559 3
509 626 3
522 523 0
467 526 1
540 541 3
541 542 1
495 553 3
496 554 3
498 556 3
570 626 3
523 524 2
526 527 2
481 539 3
496 553 3
538 539 3
551 552 3
554 555 3
555 556 3
567 626 3
630 633 1
489 547 3
490 547 3
552 553 3
441 558 1
579 630 0
525 526 1
539 540 3
488 546 2
553 554 3
556 557 3
529 530 3
545 546 3
571 631 3
535 536 0
478 536 2
537 538 3
549 550 3
570 631 3
527 528 0
485 543 1
490 606 3
558 617 3
630 690 1
536 537 2
542 543 3
543 544 0
547 606 3
549 606 3
557 558 1
559 617 3
488 547 2
560 680 3
562 680 3
534 536 0
537 595 0
546 547 3
633 690 0
575 630 3
531 589 0
533 591 0
533 536 0
536 595 2
538 595 2
538 596 2
457 631 0
575 636 1
575 579 1
531 591 0
595 596 3
560 617 1
622 680 3
536 591 1
546 605 3
555 613 3
556 613 3
617 680 0
562 622 3
547 605 3
630 634 1
531 590 0
557 615 1
558 615 3
558 616 3
631 690 1
633 634 0
575 634 1
590 591 3
536 592 1
554 613 3
504 615 3
616 617 3
628 631 3
527 585 0
528 586 1
539 598 3
540 598 3
545 603 3
503 562 3
570 628 3
528 585 0
529 586 1
544 603 3
551 610 3
552 610 3
553 612 2
554 612 2
529 588 0
530 588 0
591 592 3
550 608 3
556 615 3
567 625 3
570 682 3
522 580 0
523 581 0
524 582 0
526 585 0
541 599 2
542 600 0
543 600 0
543 601 3
543 602 3
544 602 1
551 608 2
551 667 3
553 611 2
612 613 3
625 626 3
628 682 3
580 581 3
581 582 3
525 582 0
585 586 1
529 587 0
531 588 0
536 594 1
598 599 1
599 600 3
600 601 1
602 603 0
611 612 3
504 613 1
525 583 1
526 583 3
586 587 0
587 588 3
589 590 3
605 606 3
504 556 2
626 682 3
582 583 1
539 596 2
539 597 2
549 608 3
588 589 3
536 593 1
597 598 0
601 602 3
546 603 3
608 667 2
615 616 3
628 690 1
594 595 3
596 597 3
552 611 2
504 616 3
610 667 3
610 611 3
504 612 1
583 585 0
593 594 3
546 662 3
503 625 1
583 642 0
585 642 2
592 593 3
603 662 3
603 660 3
605 662 3
549 607 3
607 608 3
633 692 3
504 614 3
634 692 1
606 607 3
675 680 0
610 668 3
617 675 3
602 660 0
605 663 3
504 611 1
614 615 3
585 643 3
589 648 3
590 648 3
690 692 1
586 643 0
607 665 3
689 690 3
580 638 3
581 638 3
587 645 3
588 645 3
590 649 3
595 653 3
596 653 3
662 663 3
605 664 3
606 664 3
628 689 1
589 647 3
591 649 3
592 650 3
597 656 3
598 656 1
599 656 3
607 664 3
611 668 2
616 674 3
617 674 3
625 682 3
682 686 1
628 686 1
582 640 3
583 641 0
586 644 3
586 645 0
588 647 3
647 648 3
648 649 3
592 649 3
593 650 3
599 657 3
600 659 3
601 659 0
602 659 0
608 666 3
667 668 3
504 674 2
676 680 0
622 678 1
581 639 3
640 641 3
641 642 3
593 651 1
594 651 1
597 655 3
656 657 3
600 657 3
663 664 3
664 665 3
607 666 3
666 667 3
611 728 2
503 622 3
638 639 3
581 640 3
649 650 3
594 652 1
596 655 3
600 658 3
504 728 1
628 687 1
650 651 1
595 652 1
657 658 3
658 659 3
659 660 3
674 675 3
686 687 0
639 640 3
642 643 3
651 652 3
575 692 1
644 645 0
655 656 3
660 662 3
643 644 1
665 666 3
668 728 3
682 685 1
645 647 3
653 655 3
625 797 1
685 686 3
675 676 3
503 797 1
652 653 3
660 720 3
682 797 1
628 746 1
662 720 3
689 746 3
668 724 0
682 684 1
687 746 3
644 703 0
645 703 1
678 680 0
684 797 2
684 685 3
644 702 3
686 744 3
692 749 3
702 703 0
645 704 1
647 704 1
690 749 1
644 701 0
660 718 3
503 680 3
689 749 1
641 699 2
643 701 2
648 706 1
650 708 1
652 710 3
718 720 3
668 727 3
727 728 3
684 744 3
685 744 3
647 705 1
651 710 3
652 711 3
653 711 3
692 750 3
639 697 3
699 700 3
641 700 2
642 700 2
648 705 1
653 712 3
655 712 3
664 722 3
665 722 3
674 733 3
675 733 3
687 744 1
575 750 1
575 751 1
638 697 3
640 697 3
640 699 2
658 716 3
659 716 3
665 723 3
666 723 3
666 724 0
667 724 0
638 696 0
640 698 1
701 702 1
704 705 3
705 706 3
649 707 1
650 709 1
651 709 3
657 715 3
658 715 3
659 717 3
659 718 3
724 727 1
750 751 3
696 697 1
698 699 0
648 707 1
707 708 3
708 709 3
709 710 3
715 716 3
716 717 3
663 721 3
664 721 3
703 704 3
663 720 3
723 724 0
504 732 2
674 732 3
676 733 3
744 797 1
751 752 3
575 752 1
706 707 3
710 711 3
711 712 3
656 715 3
717 718 3
732 733 3
749 750 3
575 753 1
697 698 1
642 701 2
721 722 3
504 729 1
700 701 3
720 721 3
722 723 3
680 733 1
746 749 1
728 729 0
655 772 3
655 715 3
715 772 3
720 778 3
721 778 3
711 769 2
724 784 1
727 784 3
503 733 1
744 746 0
503 851 1
503 854 1
733 851 1
797 854 3
768 769 0
701 759 2
655 771 3
749 806 1
700 759 2
704 762 3
706 764 3
711 768 3
712 771 3
771 772 3
728 786 3
729 786 1
746 806 1
703 762 3
707 764 3
718 776 3
724 782 1
727 785 3
727 786 3
702 759 0
710 768 3
717 776 3
720 777 3
723 782 3
785 786 3
729 788 1
504 788 1
697 755 1
698 756 0
699 757 2
705 764 3
712 769 2
716 774 3
716 775 3
717 775 3
718 777 0
777 778 3
722 781 1
723 781 1
696 754 1
696 755 1
698 755 2
699 756 2
700 758 0
703 761 3
705 762 3
709 767 3
715 774 3
721 780 3
722 780 3
750 806 1
754 755 3
757 758 0
758 759 1
702 760 0
702 761 0
705 763 3
710 767 3
774 775 3
759 760 3
762 763 3
763 764 3
775 776 3
776 777 0
786 788 3
756 757 3
761 762 3
707 765 0
780 781 1
784 785 3
760 761 3
708 767 3
767 768 3
744 854 1
769 771 3
772 831 3
715 831 3
504 847 1
732 847 1
851 854 1
575 806 1
764 765 0
708 765 0
755 756 3
733 847 1
781 782 3
782 784 0
788 847 3
708 824 3
774 831 3
746 748 0
765 823 1
767 824 3
778 780 3
778 837 3
780 837 3
744 748 0
708 823 3
788 845 3
764 823 3
786 845 3
764 822 3
733 964 1
763 822 3
847 964 3
851 964 2
823 824 3
748 806 1
822 823 3
777 836 3
778 836 3
756 814 1
757 814 3
784 841 3
784 842 3
768 826 0
774 832 3
836 837 3
782 841 0
785 842 3
767 826 0
769 826 3
831 832 3
781 839 0
785 843 3
755 813 3
756 813 3
814 815 3
757 815 3
759 817 3
759 818 3
760 818 3
761 819 3
762 819 3
769 885 3
782 839 0
786 843 2
754 812 3
758 817 1
767 825 3
775 832 3
775 833 3
776 834 3
777 835 3
780 838 3
780 839 3
782 840 0
842 843 3
806 1043 0
575 1043 3
812 813 3
758 815 1
825 826 0
769 829 2
771 829 3
772 829 3
832 833 3
833 834 3
834 835 0
835 836 3
839 840 3
841 842 3
763 819 3
837 838 3
840 841 3
813 814 1
817 818 3
829 885 2
838 839 3
824 825 3
788 904 3
847 905 3
761 818 3
843 902 1
847 904 3
905 964 3
854 1042 0
744 1042 0
763 879 3
826 885 3
829 886 3
819 879 3
822 879 3
823 882 3
824 882 3
885 886 1
772 888 3
818 819 3
829 888 3
831 888 3
822 880 3
823 880 3
843 845 2
845 904 3
815 817 3
819 878 3
878 879 3
817 874 3
845 902 3
815 874 3
819 877 3
831 889 3
832 889 3
877 878 3
825 882 3
748 1042 3
818 877 3
823 881 3
837 895 1
838 895 1
851 1022 1
818 875 3
881 882 3
825 883 3
836 895 1
842 900 1
817 875 3
879 880 3
841 900 1
812 870 2
880 881 3
826 884 1
832 890 3
833 891 3
834 892 3
835 893 1
836 894 1
838 896 1
839 897 1
840 898 1
841 899 1
843 901 1
845 903 3
813 870 2
813 871 2
815 873 3
883 884 3
884 885 0
829 887 3
889 890 3
890 891 3
891 892 3
892 893 3
893 894 3
894 895 3
896 897 3
897 898 3
898 899 3
899 900 3
900 901 3
901 902 3
902 903 3
904 905 3
814 871 0
814 873 3
882 883 3
887 888 3
888 889 3
851 1042 0
873 874 3
874 875 3
895 896 3
870 871 3
818 934 3
886 887 3
903 904 3
964 1022 3
875 934 3
877 934 3
871 873 1
1022 1042 0
877 935 3
871 930 1
873 930 3
880 937 3
879 937 3
882 940 2
901 960 3
902 960 3
878 935 3
880 938 3
881 940 2
883 940 2
903 960 3
904 962 3
748 1043 3
870 929 3
871 929 3
873 932 3
874 932 3
903 962 3
971 1042 0
878 937 3
870 928 1
875 932 3
875 933 3
881 939 3
883 941 1
884 942 1
885 943 1
886 944 1
887 945 1
888 946 1
889 947 1
890 948 1
891 949 1
892 950 1
893 951 1
894 952 1
895 953 1
896 954 1
897 955 1
898 956 1
899 957 1
900 958 1
901 959 1
903 961 3
928 929 0
932 933 3
937 938 3
939 940 0
941 942 3
942 943 0
943 944 3
944 945 3
945 946 3
946 947 3
947 948 3
948 949 3
949 950 3
950 951 3
951 952 3
952 953 3
953 954 3
954 955 3
955 956 3
956 957 3
957 958 3
958 959 3
959 960 0
960 961 3
961 962 3
905 962 3
934 935 3
880 939 3
940 941 1
933 934 3
878 994 3
938 939 3
929 930 1
935 994 3
937 994 3
930 932 3
905 1021 3
962 1021 3
964 1021 3
930 989 3
932 989 3
932 990 3
933 990 3
934 992 3
942 1000 3
935 992 3
929 988 1
930 988 3
933 991 3
988 989 3
934 991 3
943 1000 1
928 986 3
929 987 1
989 990 3
935 993 3
937 995 3
938 996 3
939 997 3
940 998 1
941 999 3
943 1001 3
944 1002 3
945 1003 3
946 1004 3
947 1005 3
948 1006 3
949 1007 3
950 1008 3
951 1009 3
952 1010 3
953 1011 3
954 1012 3
955 1013 3
956 1014 3
957 1015 3
958 1016 3
959 1017 2
960 1018 3
961 1019 3
962 1020 3
986 987 3
987 988 3
992 993 3
993 994 3
994 995 3
995 996 3
996 997 3
997 998 3
998 999 1
942 999 3
1001 1002 3
1002 1003 3
1003 1004 3
1004 1005 3
1005 1006 3
1006 1007 3
1007 1008 3
1008 1009 3
1009 1010 3
1010 1011 3
1011 1012 3
1012 1013 3
1013 1014 3
1014 1015 3
1015 1016 3
1016 1017 3
1017 1018 3
1018 1019 3
1019 1020 3
1020 1021 3
990 991 3
999 1000 3
1000 1001 0
991 992 3
1021 1022 3
