-0.00123318 0.0495244 27.9588
-0.00123296 0.049524 27.9588
-0.00327437 0.0474918 27.9929
-0.0042245 0.0686568 27.7944
-0.0042245 0.0686568 27.7944
-0.0175118 0.018811 61.6423
-0.0609852 0.0104887 31.8195
-0.0485629 0.0103294 29.9118
-0.0218263 0.00530258 25.1671
0.0332849 -0.00228248 14.6105
0.00326809 -0.044876 22.8372
-0.0304422 -0.0672109 31.078
-0.0396084 -0.0575583 33.213
-0.0322541 -0.0391868 30.6065
0.00334887 -0.0555663 20.8264
-0.0395156 -0.0503501 34.4735
-0.0283352 0.0121604 28.9957
-0.0187522 0.292807 26.2559
-0.0232402 -0.00359472 26.9035
-0.0379358 -0.131012 26.6095
0.0138585 -0.18391 5.16811
-0.0384837 -0.211226 28.1094
-0.00668002 -0.195707 12.1923
-0.0209836 -0.196401 19.0515
0.0285218 -0.210224 -4.72654
0.012248 -0.104659 1.18575
0.013524 -0.130094 1.15958
0.00388363 -0.104621 5.74778
-0.0314609 -0.0694277 27.4784
-0.00540029 -0.0523893 10.4296
-0.0217724 -0.0474895 20.1571
0.0512313 -0.0253614 -28.4164
0.0279013 0.131385 -13.336
-0.0099332 -0.0486136 12.2986
-0.0233239 -0.0547663 22.9344
-0.0390821 -0.0401768 34.2141
-0.012224 -0.00625667 12.249
0.000144577 -0.0221652 2.58839
-0.0192497 -0.034167 19.0492
-0.00987318 -0.00746554 10.7955
0.00943458 -0.00621154 -6.29496
0.0150125 -0.0177341 -11.0269
-0.0715642 0.251576 60.9508
0.000627908 0.00531009 1.24569
0.00889172 0.0129535 -6.74957
0.00782385 0.0233182 -5.69292
-0.00662831 0.0172485 8.87357
0.00654373 0.0198889 -4.33447
0.00427859 0.0184036 -1.94344
0.0052605 0.0142208 -2.91319
0.00612565 0.00635338 -3.67721
-0.542481 0.0969966 706.888
-0.00929957 0.00732626 11.1917
-0.187238 -0.292416 359.734
-0.0998424 -0.326886 252.76
-0.0224995 -0.506529 164.933
-2.64681e-06 -0.754003 142.131
-0.0661574 -0.779725 224.413
0.00372553 -0.0232357 60.9121
0.00235527 -0.019647 60.8179
0.000246257 -0.013304 60.6853
-0.00105337 -0.0045751 60.4575
0.000425072 0.00929681 59.8294
0.00419505 0.0268271 58.8072
-0.0598387 0.00625802 31.9606
-0.0584786 0.000809662 31.9886
-0.0302979 -0.0245766 28.1318
0.0136482 -0.0334344 19.2768
-0.00128763 -0.0581736 23.0753
-0.00535517 -0.0738136 24.5849
-0.0322237 -0.0763036 32.1465
-0.0109655 -0.0327266 24.0323
-0.00187587 -0.0508241 22.204
-0.0313755 -0.0591616 32.1547
-0.040399 -0.039728 34.162
-0.0252236 -0.0320681 27.9792
-0.0188501 -0.0684705 27.233
-0.0591316 -0.169906 36.4647
-0.0301832 -0.18457 23.4361
-0.0171912 -0.199799 17.9909
-0.0812061 -0.144855 58.9798
0.0250753 -0.148722 -4.38882
-0.0941442 0.103364 54.0373
0.012787 -0.215837 3.7242
-0.0571283 0.00184951 38.7176
-0.00849205 -0.0831741 12.4701
-0.00185846 -0.0469722 7.66418
0.100044 0.15867 -63.8608
0.00648152 -0.0367714 1.50645
-0.00661907 -0.0433817 10.157
-0.107721 -0.0262024 85.7377
0.0125817 -0.0323138 -4.64495
-0.0299468 -0.0400847 26.8961
-0.029988 -0.0281278 26.9964
-0.00866579 0.00139982 9.24974
-0.00230969 -0.00246949 4.10083
0.00972891 0.0147797 -6.6808
-0.00816353 0.0135703 8.67605
0.00733487 0.0160246 -4.65308
0.242793 -0.00839923 -212.035
0.0050284 0.00588684 -2.67583
0.0162195 0.0156582 -13.2241
-0.000363992 0.0707194 1.39333
0.00810483 0.0212487 -5.73651
0.23474 -0.0197088 -230.241
-0.0016095 -0.00376689 4.82353
0.00843791 0.0155775 -6.34075
0.187879 -0.0232083 -129.105
-0.334014 0.276213 427.372
0.0187231 -4.17123 175.165
0.0194246 -0.00183183 -18.3765
-0.0166981 0.242151 13.3714
0.0205411 -0.00132398 -19.6922
0 0.227176 -5.27796
0.0205853 -0.00148113 -19.7307
0.0222262 -0.00237752 -21.6115
0.00704951 -0.0226875 60.8312
0.00856426 -0.0192223 60.5851
0.00857643 -0.0134631 60.2369
0.00947429 -0.00671612 59.7698
0.0162452 0.00961008 58.2674
0.0268911 0.0334013 55.9284
-0.291857 -0.051782 136.232
-0.0393553 -0.0460213 31.4029
-0.033916 -0.0120694 28.3754
-0.0166282 -0.0397981 25.6799
-0.0239157 -0.05843 28.5398
-0.0215707 -0.0721595 29.4415
-0.0257755 -0.0684016 29.5189
-0.0141581 -0.0821341 26.931
-0.000967215 -0.101295 24.5951
-0.0267635 -0.105223 33.1703
-0.0403665 -0.078584 36.1091
-0.0281774 -0.080263 31.2689
-0.128488 -0.0922542 72.1242
-0.110656 -0.299443 75.2296
-0.0430935 -0.368424 50.8588
0.000814067 -0.166427 20.1083
-0.04378 -0.108494 37.607
-0.043333 -0.0622153 34.9958
-0.00880686 -0.0777045 18.3396
0.049588 -0.114939 -10.4462
-0.0152465 0.0500659 11.3778
-0.00965492 0.0128919 11.109
0.0136072 0.0275935 -3.42601
0.0879805 0.160103 -56.337
-0.0192188 -0.0218337 17.8097
0.0217288 0.045812 -11.2457
-0.0100632 -0.0228188 11.831
-0.0105784 -0.0130654 11.2666
-0.0135875 -0.00585589 13.1665
-0.00710274 -0.00117736 8.20276
-0.00533179 0.00573864 6.38064
-0.00189391 0.0139929 3.13405
0.0103748 0.0270805 -7.04382
0.0037891 0.0159798 -1.00134
0.00039697 0.000920243 1.79262
0.0030615 0.00757 -0.326283
-0.00367825 -0.0014468 5.59422
0.00495908 5.1637e-05 -2.19421
0.691406 -0.382812 -639.453
0.0145523 -0.00261909 -10.2795
1.06191 0.248894 -1061.86
-0.0064003 0.00580413 8.95196
-0.01708 0.0112495 19.5399
-0.109375 -0.171875 156.715
-0.00839945 0.285 21.2651
0.0609802 0.192642 -59.4083
0.00633438 0.0977235 5.67553
0.0125585 0.459544 -11.7468
0.0118144 0.450575 -10.5673
0 0.475029 1.81904
0.00690355 0.467969 -6.16224
0.00424637 0.460389 -2.52518
0.00891222 -0.0205635 60.6666
0.0111298 -0.0180084 60.4237
0.0109931 -0.016349 60.302
0.0117022 -0.0120675 59.9574
-0.348889 -0.585683 169.938
-1.32368 -0.119501 233.681
-0.277796 -0.0543578 134.505
0.0189126 -0.0874185 23.2826
-0.00852646 -0.0440727 24.5826
-0.0322689 -0.0310997 28.0094
-0.0144359 -0.0540317 26.0455
-0.0207611 -0.0933275 30.1187
-0.0225153 -0.128249 32.8136
-0.0342513 -0.155238 38.1114
-0.00873561 -0.148413 28.8259
-0.0148601 -0.140129 30.4812
0.000860713 -0.161814 26.5256
-0.0047699 -0.0859161 23.4807
0.078758 -0.306317 2.83282
-0.0132869 -0.0533609 16.5242
0.0181523 -0.0490882 3.33452
0.00946649 -0.106697 11.5896
-0.0334591 -0.0699446 28.4712
-0.0187198 -0.0855811 23.4768
-0.0318276 -0.104285 31.843
-0.0129602 -0.0555956 18.4744
-0.0252856 -0.0311619 22.7132
0.000990589 -0.0100246 6.78184
0.0298924 -0.0573691 -6.96775
0.0264357 0.0173955 -12.6156
0.0337044 0.183182 -30.9753
0.0332167 -0.0870982 -7.8279
-0.0066687 -0.096534 19.9636
-0.0238057 -0.00475321 20.8086
-0.0118937 0.00643496 11.354
-0.0084278 0.00373457 9.09486
-0.104387 -0.0744291 108.463
-0.0856108 0.0290444 83.2835
-0.0184454 0.0090538 17.5422
-0.0286287 -0.0147806 28.1041
-0.003475 0.0180136 3.7908
0.00554811 -0.0110184 -2.18249
0.0208748 0.00790068 -17.5166
0.00749623 -0.0054094 -4.30482
0.000282405 0.000498973 2.26352
0.0074241 0.127074 -14.9452
0 0.12865 -7.79856
0.021806 -0.00158981 -17.8076
-0.0124959 0.00587475 15.0486
-0.0503066 0.0469193 86.4802
-0.181354 -0.090707 236.497
0.209512 0.0130011 -212.645
-0.00260068 -0.0288104 24.3379
-0.0223133 -0.00566973 45.267
-0.136685 -0.397157 240.533
0.319426 0.110303 -343.65
0 0.15898 37.7182
0.00927491 0.158035 26.3603
0.0143657 -0.0520742 62.4391
-0.0248059 -0.0137746 59.8375
0.0122405 -0.015345 60.1637
0.0127896 -0.0141044 60.0264
0.0193815 -0.0818672 63.9154
0.383465 -0.0502387 14.7984
0.395712 -0.072447 37.7309
-0.0120134 -0.0211577 23.122
0.205785 0.0113526 -22.025
0.00901608 0.00181156 4.7181
-0.0303126 0.0369158 9.33943
-0.01986 0.0205751 8.54355
0.0171737 -0.410251 45.5192
0.00631402 -0.311624 38.7876
0.0104878 -0.201581 27.8174
-0.00886587 0.0167174 5.91085
0.0164967 0.0168109 -2.70576
0.507326 -2.82048 92.0327
0.0208646 0.0101202 -2.88488
0.00846625 -0.0128281 4.24065
-0.0100987 -0.0390601 15.183
-0.00947806 -0.0498787 16.018
-0.0447184 -0.0441397 31.9051
-0.0120483 -0.0602838 17.9597
-0.0149455 -0.0683693 20.2921
-0.0188445 -0.0597995 21.6392
-0.00489082 -0.045287 11.8386
0.0152899 -0.054271 1.54493
0.0128815 -0.0554003 2.77216
0.00890043 -0.104117 10.1954
0.0195331 -0.0671268 -0.342817
0.000675165 -0.107054 16.041
-0.0831886 -0.0668147 69.4786
-0.00422238 0.0054747 5.53403
-0.0101747 0.0087104 9.73703
0.00298745 0.00573515 0.506719
-0.102547 -0.0136487 100.839
-0.0600743 -0.0219754 54.9966
-0.0543607 -0.0257306 50.8855
-0.0318231 -0.0129657 30.5865
-0.00829726 -0.013974 10.2401
0.00356134 -0.00478576 -1.11152
0.0243784 -0.00126588 -20.4261
0.0174595 -0.0144207 -12.6772
-0.0213663 0.0931351 14.7818
0.00356442 0.000525232 -0.757893
-0.00722192 0.00758385 9.15505
0.00455231 0.00983555 -1.55763
-0.00185456 0.106395 -5.8017
-0.0496949 0.045771 85.9351
-0.0938066 0.0812066 204.785
0.0190333 0.233835 -12.5982
0 0.299544 2.42266
0.0223849 -0.0036354 -21.6715
0 0.199602 11.7185
0.175618 0.0965255 -168.958
0 0.188321 12.8408
0 -0.161367 20.4175
-0.0739906 0.0147144 8.17582
-0.0762043 -0.451693 56.4644
-0.000431768 -0.225252 27.667
0 -0.476953 154.02
-0.0762043 -0.451693 56.4644
0.38941 -0.0564321 14.7831
0.176395 0.68383 -18.127
-0.0248958 -0.0205764 97.2923
-0.00780229 -0.00695179 20.9161
0.00445318 0.026845 2.89131
-0.00721914 0.044621 3.59589
-0.0213553 0.0597233 5.28926
-0.025979 0.0575433 6.5149
-0.0202822 0.0389249 6.99524
-0.0071239 0.000424408 7.23473
0.00516247 0.0301572 -0.339932
0.021045 0.0378373 -7.17805
0.0416153 0.0239173 -12.4735
0.0167924 0.00984038 -1.13522
-0.00818769 -0.00776864 10.9413
-0.0340062 -0.0233283 23.8552
-0.0355261 -0.0456833 26.8078
-0.0114468 -0.081257 18.984
-0.0130007 -0.0557475 17.3807
-0.0177815 -0.0704814 22.3317
-0.0262795 -0.0536403 24.7633
-0.00661784 -0.064781 15.2468
0.00337767 -0.0573247 8.53279
0.027788 -0.0234841 -11.2098
0.00596931 -0.0714133 8.25447
-0.0044049 -0.030687 9.98151
0.0139293 -0.039761 -1.89751
0.00147266 -0.0516446 8.53822
0.000465226 -0.0108825 4.03137
0.00157889 -0.00185806 2.30237
-0.00753149 0.00442698 8.39263
-0.0821714 -0.0133822 84.8463
-0.0501568 -0.0270374 47.3906
-0.0520923 -0.0233796 48.3383
-0.0262327 -0.0192363 26.5575
-0.0183326 -0.000227326 17.3782
0.00503274 -0.00647706 -2.48867
-0.0764323 0.0751953 60.5263
0.0235845 -0.00953486 -19.1882
0.0272577 -0.0046681 -22.5895
0.0147786 -0.00347124 -10.8977
-0.00427747 0.000409194 7.81489
-0.00695052 0.382235 -33.8292
-0.000497858 0.341613 -35.1174
-0.0218386 0.324367 -10.2813
0 0 -1
-0.060124 -0.00710505 130.091
-0.142307 -0.143392 242.689
0.300903 0.146456 -209.744
0.0922866 0.162389 -76.846
0.0287383 0.225224 94.0238
-0.00889761 0.246289 136.711
0.0572432 0.270671 52.2061
0.00130861 0.0266362 6.1478
-0.029459 0.00717757 9.90111
-0.0287766 0.0402599 4.94603
-0.0391014 0.0491404 4.2105
-0.0278352 0.0588189 1.8899
0.401555 -0.0574223 13.4109
-0.00828758 -0.00984581 93.306
0.0119625 -0.0229655 10.7678
0.00747653 -0.0197781 11.0227
0.0017337 0.0386307 2.47397
-0.000736553 0.0310138 4.25836
-0.019895 0.026818 9.48298
-0.028212 0.0258322 11.874
-0.0429249 0.0361213 14.4398
-0.0298567 0.0267234 11.2907
0.00319194 0.0379809 -0.766979
0.0203889 0.0477278 -8.14591
0.0226004 0.0288389 -5.99457
-0.00407323 -0.00530551 9.00535
-0.0119125 -0.0182974 13.7886
-0.0265115 -0.0190965 20.3094
-0.0658002 -0.0265659 38.4187
-0.0610415 0.0241117 29.2773
-0.048292 -0.00792558 28.0902
-0.00300381 -0.053989 11.7481
-0.0109745 0.0113435 6.1706
0.00430947 -0.0535462 7.39651
0.009749 -0.0454757 2.97077
0.00299733 -0.0322391 5.02735
-0.00740995 -0.036152 12.2719
0.0038243 -0.0124356 1.00404
0.0234693 -0.0305554 -9.56215
0.0176523 -0.0295377 -5.80194
0.00754522 -0.0154284 -0.658616
0.00800855 -0.010159 -1.63863
0.00785393 0.00339306 -3.40731
-0.0740496 -0.0162068 78.5704
-0.0211105 -0.0128608 21.7343
-0.0134269 -0.0102311 14.5474
-0.00373054 0.00132151 4.59793
-1.3336e-05 -0.00126211 1.49316
0.0242511 -0.00410657 -19.8999
-0.203317 -0.0730961 195.416
0.0453159 0.0451351 -48.2753
0.0271297 -0.00348769 -23.1947
0.030302 0.00382172 -26.1714
0.00114723 -0.000883945 2.62691
0.222315 0.0853038 -233.888
-0.000566403 0.0658283 -4.29662
0.336535 0.038515 -340.609
-0.079565 0.0123416 149.298
-0.0783818 0.0531988 142.627
-0.0867261 -0.00503684 159.855
0.0813015 -0.0202874 -29.5972
-0.0152344 -0.199978 95.0394
0.243877 -0.0712765 -71.0963
0 -0.236691 246.996
-9.4697e-06 -0.236691 247.008
-0.0140719 0.0309018 5.43775
-0.0164051 0.0257352 6.39764
-0.000813565 0.0756008 -2.08891
-0.026678 0.0456152 3.90378
-0.00370874 0.0474517 1.62576
-0.202185 -0.188135 114.87
0.00207669 -0.018361 93.2016
0.000975844 -0.0193988 12.1233
0.00310424 -0.0239169 12.5463
-0.00492225 0.0118173 7.88587
-0.003856 0.0180504 6.82362
-0.021338 0.0201701 10.7772
-0.0215133 0.012009 12.0683
-0.0402622 0.0300491 14.519
-0.0223442 0.0619338 3.65611
-0.0190284 0.0702494 1.51285
-0.0046823 0.0485246 0.706311
-0.01439 0.0231166 8.84875
-0.0341863 0.00124067 19.8018
-0.00546962 -0.0147919 9.79677
-0.0165572 0.000833381 12.977
-0.0314382 0.00656696 17.4145
-0.0253556 0.0359256 9.93435
-0.0557654 0.146896 7.12994
-0.0122083 -0.00707106 9.32138
-0.0115695 0.0990709 -7.72314
-0.355469 -0.109766 224.509
0.0012282 0.107091 -16.4534
0.0128529 -0.0105334 -4.0277
0.333407 -0.684403 -106.236
0.00361478 -0.00190184 0.800012
0.0188595 -0.0222325 -7.63363
-0.0101015 -0.0347636 14.7947
0.0164739 -0.0176608 -6.61712
0.0104166 -0.000544201 -4.95478
-0.000746808 0.0154006 1.19177
-0.0397419 -0.0194409 51.6565
-0.0143258 -0.0120855 15.8856
-0.0177492 -0.00491787 17.5375
-0.00197747 0.00237979 2.78196
0.0218882 0.000688047 -18.0561
0.0200512 0.00297061 -16.4039
0.0151943 0.0015142 -12.6975
0.0242885 -0.00443932 -20.4821
0.0309561 -0.00196543 -27.1237
0.0328691 0.0196058 -31.3827
0.16976 -0.0335711 -159.367
0.019677 0.00501944 -16.3549
0.0194393 -0.00193676 -18.3728
0.00457493 0.0137699 -1.99462
0.182523 -0.0381073 -125.1
0.226825 -0.0149401 -177.857
-0.100753 0.0523635 166.903
0.0727465 -0.000793657 -50.6382
0.336112 -0.0616766 -344.993
0.23731 -0.0709886 -63.2063
0.0247689 -0.000934194 -24.7324
-0.139199 0.178964 145.813
-0.011364 0.0314837 5.38055
-0.0188533 0.596803 -92.6937
0.00410229 1.26731 -212.841
-0.0343228 1.20062 -197.397
-0.0136624 0.0408855 3.59099
0.538177 -0.00949223 -7.92512
0.00549679 -0.0230113 93.5186
-0.0362814 0.195541 -8.86266
-0.0342955 0.109984 7.45454
-0.126598 0.0431377 37.081
0.0822102 1.21218 -234.709
-0.0351273 0.103352 0.0240136
-0.0356322 0.0678322 6.64128
-0.0642025 0.274922 -21.373
-0.0602581 0.131014 4.48225
-0.0418621 0.10808 3.46397
-0.0373492 0.074521 8.08858
-0.0346779 0.0272247 15.7718
-0.0332757 0.0268401 15.1056
-0.0264562 0.0323885 10.9658
-0.0258876 0.0288243 11.8698
0.0265196 0.0542461 -17.165
0.0338262 0.0723547 -24.3972
0.0836917 0.124618 -58.8755
0.158237 0.0156217 -76.925
-0.0710152 0.106154 29.0847
-0.0413823 0.191338 -5.4929
0.0204247 0.0118039 -0.22095
0.0211502 -0.00111434 1.77067
0.0327424 0.0424329 -24.1417
-0.0416522 0.224194 -10.8061
-0.039635 0.162457 -0.223977
-0.0239393 0.132667 -5.71317
0.0105984 -0.00467694 -4.78435
-0.000401577 0.0541618 -7.12688
0.0127973 0.0384383 -13.5151
0.0185942 -0.0203274 5.77711
-0.0158268 0.00631064 14.1362
-0.0138789 0.00327205 12.9356
0.0192261 0.00376063 -16.1182
0.178577 0.0198307 -129.478
0.0169603 0.0164391 -16.801
0.0194939 0.00383136 -16.7139
0.0257788 0.00597787 -22.687
0.206877 0.123111 -217.126
0.0207143 0.0107262 -17.9835
-0.0271356 0.0183661 27.9441
-0.0123489 0.178857 -13.4849
-2.24059e-05 0.184618 -27.0833
0.0428696 0.167525 -70.0572
0.228577 0.0406595 -189.739
0.186379 -0.0233789 -131.708
-0.404465 0.341997 458.308
0.664208 -0.0249447 -747.29
0.0168235 -0.162091 41.5144
0.0400573 -0.134489 8.51922
0.0621121 -0.0857544 -27.2439
0.0683136 -0.0702593 -37.7231
-0.0121394 0.174994 13.4867
0.959249 0.299848 -65.0512
-0.0631277 0.378818 -37.0523
-0.000835048 0.338107 -32.7025
-0.0583846 -0.00576505 56.2167
0.496432 -0.0212302 -1.00286
0.161428 0.322661 -63.8942
-0.0722248 0.167904 3.12286
-0.0557058 0.0910046 15.3321
0.0955724 -0.025402 3.60742
-0.0994847 -0.0575727 53.7853
-0.0775395 0.0708793 23.2
-0.0827088 0.0687292 25.4584
-0.0838357 0.0709664 24.9791
0.132157 -0.363348 42.6309
-0.0614396 0.0599567 18.9476
-0.0400899 -0.0168918 26.0226
-0.0371322 0.0389861 13.2262
-0.00962103 0.00195983 10.6662
0.0125542 0.0984301 -17.8088
-0.176776 0.0256264 114.235
-0.161018 0.0385716 104.274
0.0691951 0.138792 -53.2026
0.0161858 0.174926 -34.64
0.0192757 0.232683 -48.4295
-0.0292242 0.169755 -8.00997
0.0719569 0.223711 -75.8927
0.0219028 0.0641921 -12.0736
0.00441674 0.0277889 6.05275
-0.0337357 0.309253 -32.8544
-0.0674307 0.195025 13.3139
-0.0386547 0.229942 -13.1884
-0.0123323 0.245547 -34.6451
-0.0371037 0.254978 -19.0343
-0.0117314 0.183322 -22.996
-0.00311312 0.0709715 -7.23544
0.158062 -0.00892923 -107.577
-0.0124091 -0.0129263 28.9447
-0.0142812 0.0151721 11.0541
0.0260379 0.00331846 -22.4446
0.00527978 0.0110604 -5.16448
0.0226566 0.0057602 -20.0135
0.00111955 0.0229366 -4.07604
0.0338524 -0.00682547 -25.2987
0.0749246 0.0328611 -73.177
-0.0390178 0.0194456 41.0453
-0.0392894 0.0227391 39.4249
0.00773973 0.00847341 -4.728
0.0111318 0.00433162 -7.82597
0.0111474 0.00371009 -7.57238
0 0 -1
0.0109072 0.0239137 -12.8364
-0.00326539 0.000349396 6.69668
0.0127071 -7.82261e-05 -10.7508
0.00124551 -0.159392 59.2615
0.759317 0.0863632 -907.418
0.136994 -0.0260782 -132.26
-0.0221264 0.00872809 57.3595
0.0284652 -0.102969 36.0999
0.0284956 -0.0995748 35.3265
0.0219158 -0.101121 35.8639
-0.0534604 -0.00349698 55.2813
-0.0541791 0.00387692 53.9876
0.147551 0.0387717 -13.5469
0.051751 0.016283 78.9565
-0.0223786 0.206402 -32.5764
-0.00896221 0.187817 -30.7865
-0.0122498 0.15792 -22.8756
-0.00477239 0.166879 -26.2998
0.0122228 0.247179 -49.1848
0.0222746 0.189767 -39.3176
0.0151216 0.167095 -32.0767
0.0372413 0.142092 -33.4523
0.0625775 0.276351 -71.2936
-0.0170642 0.347831 -60.656
-0.00917392 0.381957 -70.951
0.00825183 -0.0034501 4.36178
0.0532439 0.38033 -94.9078
0.0396825 0.324945 -75.8069
-0.126157 0.0302205 89.8034
-0.140862 0.0309442 96.6086
-0.0175439 0.263607 -35.7595
-0.00178913 0.257947 -42.6418
0.013685 0.239142 -46.5792
0.041451 0.198398 -53.0047
-0.00816072 0.183188 -20.3253
-0.0403677 0.116572 13.4511
0.0358404 0.290665 -72.9588
0.0121402 0.316235 -63.5522
0.0164333 0.524064 -114.157
0.00294805 0.568494 -114.5
-0.0234592 0.326377 -43.2112
0.160105 0.032965 -118.916
0.157607 0.0161598 -113.739
0.170942 0.014062 -122.5
0.0523017 -0.000588908 -25.1073
-0.0388926 0.040702 26.7567
-0.0151032 0.0315947 8.76918
-0.0751264 0.135808 37.779
-0.239967 0.653871 75.5453
0.00446919 0.000856005 -1.68293
0.0119082 0.0258033 -14.2872
-0.0469409 -0.0159167 56.0603
-0.0318585 0.0138084 35.1031
-0.0434983 0.0279741 42.8707
-0.0256378 0.0148206 27.083
-0.0056432 0.0319282 3.79507
-0.0344319 0.0734105 22.6624
0.0265369 -0.00362175 -26.6404
0.00971416 0.00266706 -5.96205
0 0.159055 -32.8513
0.00731859 -0.0917815 45.6995
-0.358294 -0.0159664 449.855
0 0 -1
0.306045 0.374346 -422.629
0.0987637 -0.0674084 -75.7635
0.0269164 -0.103309 36.1875
0.0264114 -0.107139 37.0714
0.0234681 -0.095337 34.3474
0.0197307 0.0296971 3.04307
0.060157 0.179008 -37.1686
0.0162065 0.0954147 -11.9365
-0.0628489 0.00753418 97.5457
-0.0225553 0.195522 -29.8017
-0.00339201 0.19669 -33.1139
-0.0156095 0.156491 -21.8946
0.000633598 0.155306 -24.6587
-0.0143134 0.189898 -29.6474
-0.00157893 0.161796 -26.5473
0.0179976 0.196769 -31.2687
-0.0203146 0.221891 -25.7188
-0.0340486 0.33385 -50.5713
-0.0183458 0.359066 -62.4793
0.0232739 0.330614 -70.9456
0.0315083 0.353778 -79.57
0.0451439 0.339271 -81.6428
0.019869 0.317004 -64.9375
-0.00232719 0.293004 -48.7769
-0.0414506 0.235744 -15.6573
-0.0505945 0.256474 -16.6024
-0.0160363 0.253422 -33.7411
0.00128744 0.225457 -35.8603
0.00623404 0.23156 -40.541
-0.00326103 0.251719 -39.7617
-0.0081808 0.248312 -36.5288
0.0597396 0.292349 -88.9779
0.0740565 0.249161 -87.7166
0.0887125 0.21055 -88.0906
0.13444 0.289322 -139.651
0.00792576 0.215968 -42.4032
0.00982388 0.211251 -42.5783
-0.00586487 0.115854 -7.50928
0.0369297 0.0110105 -15.5328
0.0197571 0.0158155 -3.15886
0.00178086 0.0141341 12.3809
-0.155189 0.0575253 135.584
0.111599 -0.234253 -20.4932
-0.269737 -0.222039 315.83
-0.000295971 -0.00217775 3.57217
0.00748334 0.00414419 -5.20134
-0.0151461 0.0219855 15.633
0.0355215 -0.289795 61.3501
0.0813395 -0.0342127 -48.9099
0.116375 -0.0281732 -86.6427
0.146873 -0.0460458 -112.649
0.0601589 -0.0546863 -26.9099
0.0243751 -0.0245708 4.24959
0.0185395 -0.0486896 16.8579
0.01407 -0.0521127 22.5896
0.0179577 -0.00721057 11.875
-0.0114566 -0.0573656 58.8179
-0.0830653 0.140872 86.7595
0.0102049 0.499461 -111.5
0.0102049 0.499461 -111.5
0 0 -1
0.0265949 -0.101153 35.6609
0.37551 -0.237403 78.8864
0.0556023 0.71574 -176.064
0.0449179 0.6992 -171.094
0.0807857 0.706461 -177.124
-0.161768 -0.0305947 121.896
0.0162343 0.281044 -52.1458
0.0110212 0.258729 -44.9035
-0.000455012 0.265932 -44.8287
-0.00464621 0.253217 -40.4988
-0.00169613 0.258085 -42.5739
-0.0088365 0.250824 -38.5524
0.0151531 0.211701 -34.3797
0.0263754 0.234197 -43.9384
-0.0258127 0.279566 -38.7535
-0.0305995 0.287082 -40.1062
0.0498537 0.317736 -77.382
0.0634317 0.338981 -88.5474
0.03804 0.309617 -70.5021
-0.00185871 0.294406 -49.6716
-0.0131811 0.297053 -45.1552
-0.0352709 0.279508 -30.0745
-0.0704851 0.233754 -0.316455
-0.00955255 0.180784 -18.5532
-0.00291474 0.205883 -28.0687
0.00564378 0.195683 -30.6919
0.0553906 0.3075 -89.5292
-0.178566 -0.130916 151.716
-0.139785 -0.283039 187.556
0.119582 0.176147 -99.5961
0.113376 0.197363 -100.834
0.0898304 0.232421 -94.7068
0.101569 -0.0637466 -35.1931
-0.0450027 0.158197 11.2322
-0.0416359 0.127366 16.9355
0.0312934 0.00609497 -9.61742
0.0287243 0.0240238 -12.5795
0.126061 0.0716122 -110.299
0 0.209585 -37.645
0 0.209585 -37.645
0 0.209585 -37.645
0 0.209585 -37.645
0.00225167 0.21658 -41.684
0 0.209585 -37.645
-1.67114e-12 0.209585 -37.645
-1.64774e-12 0.209585 -37.645
0.150127 -0.0376753 -118.897
0.113663 -0.0404915 -80.2542
0.0603405 -0.0369487 -31.7736
0.0298822 -0.0511426 5.24951
0.0275367 -0.0333617 3.06211
0.00410268 -0.00130119 -0.0373481
0.00484737 -0.00227002 26.2144
-0.0153554 -0.00174776 49.7396
-0.121064 -0.00901805 176.357
-0.1529 -0.0164965 215.878
0.346706 0.20958 -457.588
0.0368747 0.106347 -4.04937
0.0460225 0.0777742 4.04215
0.0854776 0.109066 -7.18973
0.0613648 0.267429 -50.531
0 0 -1
0.0125281 0.307897 -58.7926
-0.00354136 0.315745 -59.1847
0.00327008 0.301332 -56.0618
-0.00202016 0.278701 -48.4024
-0.0120699 0.297823 -51.9545
-0.00652503 0.27755 -47.074
0.0933468 0.140743 -41.0146
-0.0274313 0.260859 -36.6052
0.0274253 0.221715 -41.07
0.0441828 0.284413 -63.2473
0.108405 0.0435881 -19.398
0.0770358 0.138035 -35.3233
0.0786108 0.280834 -77.8016
0.0750662 0.278993 -76.1908
0.0130343 0.262344 -46.8523
0.00957748 0.265869 -46.4954
-0.00447511 0.277178 -43.6496
-0.0407038 0.29183 -30.8721
0.0349614 0.110485 -22.8768
0.0221709 0.0860159 -8.32136
0.0114644 0.100324 -6.61431
-0.0108492 0.0994964 5.60036
0.0445335 0.159755 -37.9332
0.0587974 0.297951 -87.3527
0.0459815 0.282514 -74.9811
0.125445 0.147743 -95.8054
0.167235 0.152389 -124.5
0.0820605 0.248187 -92.9928
0.0494267 0.258999 -72.6838
0.0675313 0.238324 -80.3894
0.0845528 0.260034 -99.4152
0.00393497 0.0102636 11.0671
0.00828294 0.0137754 6.57793
-0.0362889 0.215774 6.79742
-0.0306337 0.218884 0.963294
0.00391639 0.253071 -38.8948
-0.00763971 0.260936 -31.8557
-0.0176113 0.255682 -21.286
-0.0339877 0.304904 -21.9806
0 -0.111345 72.828
-0.00230966 0.13452 2.53345
-0.00593348 0.132562 6.67581
-0.0103935 0.126874 12.8506
-0.0136041 0.123772 17.073
-0.0148826 0.123302 18.5523
-0.0148826 0.123302 18.5523
-0.0137577 0.081394 29.6603
0.00866466 0.559119 -105.379
0.00934458 0.521464 -94.6857
-0.00815597 0.474536 -60.6477
-0.0995461 0.129475 113.438
1.05844e-12 0.501609 -77.6615
1.01987e-12 0.501609 -77.6615
0.00512083 0.112273 -5.47485
0.0172309 0.0714618 6.842
0.0174007 0.225942 -34.1088
0.0247779 0.265221 -47.0576
0.0217749 0.265274 -47.006
0.0316143 0.28358 -53.7915
0.0217666 0.325859 -65.5472
-0.00538818 0.336183 -64.5735
-0.0288027 0.34469 -62.8273
-0.0265615 0.334031 -59.8883
-0.00395548 0.300392 -53.9339
-0.0278555 0.279756 -41.9361
-0.0385099 0.257242 -33.0538
-0.0624658 0.254414 -25.2313
0.145373 0.0370546 -30.2836
0.147679 -0.083013 6.06461
0.18978 0.0835316 -58.6863
0.135476 0.268077 -96.7363
0.0847442 0.246253 -70.2883
0.00616555 0.255109 -42.0859
0.0124802 0.275343 -50.9823
0.0107589 0.282048 -52.2097
-0.0006833 0.302431 -53.1213
0.0199236 0.100877 -12.3706
0.0168888 0.0799068 -4.28445
0.0050219 0.0800233 2.55124
-0.00480375 0.0774958 8.2326
-0.00176458 0.0783514 6.02846
0.0306849 0.081482 -14.5839
0.0814165 0.123321 -59.7142
0.148836 0.136836 -108.068
0.214788 0.163073 -160.702
0.1611 0.178357 -128.279
0.0339522 0.246652 -57.6243
0.0854402 0.235191 -92.2998
0.062606 0.270952 -85.9288
0.0343461 0.264314 -62.0422
0.183751 0.0756967 -122.45
-0.0678007 0.41863 -29.3795
-0.319683 0.145062 270.59
-0.0228454 0.384406 -57.1166
0.0901699 0.241046 -116.144
-0.0228536 0.31164 -34.5754
-0.0285625 0.194282 8.59641
-0.00299934 0.137725 2.2581
-0.0350875 0.110921 41.6854
-0.00712108 0.134268 7.33521
-0.0126329 0.128171 14.7568
-0.0146886 0.125026 17.8407
-0.0210744 0.0960752 33.1291
-0.0191536 0.094283 31.6216
-0.0134213 0.0813733 29.2917
-0.0134213 0.0813733 29.2917
0.0160743 0.148207 -24.6338
0.0182907 0.155652 -29.5259
0.0183405 0.159468 -30.7735
0.0181143 0.161457 -31.1231
0.0181143 0.161457 -31.1231
-0.0239826 -0.169007 86.0382
-0.0393639 -0.201881 97.7616
-0.253901 -0.363144 162.561
0.0307723 0.260303 -46.0788
0.0363249 0.284784 -54.9022
0.0592299 0.311478 -66.0636
0.0583173 0.314053 -66.4217
0.0134311 0.316115 -59.9922
-0.0276611 0.290081 -44.0938
-0.0210553 0.310661 -54.1249
0.00539461 0.273002 -46.8268
-0.0558295 0.267881 -30.7644
-0.0632766 0.263466 -27.3788
-0.0729376 0.242774 -18.2311
-0.0729376 0.242774 -18.2311
0.15794 0.0350425 -34.3066
0.111625 0.257021 -83.9857
0.10186 0.270727 -85.0564
0.063941 0.268294 -69.3082
0.0172816 0.274348 -52.6146
0.0170419 0.278806 -54.0509
0.022145 0.284051 -58.1154
0.0278705 0.289988 -62.7953
0.0269273 0.207301 -34.4872
0.0160586 0.201259 -26.853
0.00758757 0.194691 -20.1016
0.00144351 0.190677 -15.334
-0.00305525 0.184385 -10.6178
-0.00540098 0.178933 -7.39349
-0.00543721 0.173747 -5.65442
-0.00296942 0.16906 -5.70629
0.00250714 0.163698 -7.59897
-0.0124871 0.167333 1.87131
0.0394795 0.221141 -53.7148
0.068637 0.22054 -75.2476
0.0684115 0.269436 -90.438
0.101411 0.245441 -107.416
0.00648925 0.322589 -58.8262
-0.0599344 0.415496 -34.8774
-0.0357512 -0.403078 201.282
-0.0331294 0.397055 -52.2648
-0.0093773 0.352017 -58.5492
0.0120591 0.387022 -86.9753
0.0952685 0.194609 3.73077
0.0819658 6.78892 -2260.92
-0.00289321 0.37044 -67.0471
-0.00283838 0.370414 -67.0924
-0.00283838 0.370414 -67.0924
-0.000837987 0.367609 -68.1978
-0.000716781 0.367672 -68.3459
-0.000232891 0.369128 -69.3532
-0.000425645 0.36905 -69.112
-0.000899286 0.368357 -68.3469
-0.00136484 0.367301 -67.4623
0.00288455 0.361217 -70.3408
0.00562885 0.354265 -71.2576
0.00671119 0.348161 -70.5063
0.00674627 0.345412 -69.6262
0.0329777 0.120782 4.5421
-0.0193421 -0.181599 90.2336
0.0494401 0.249438 -43.3738
0.0370591 0.236622 -37.8932
0.0523846 0.278092 -53.8787
0.0662532 0.30382 -64.1054
0.0366487 0.290762 -55.399
0.00202325 0.267706 -42.3988
-0.0371254 0.244734 -27.6823
-0.048679 0.268414 -34.07
-0.0176209 0.261061 -38.003
-0.021602 0.260975 -36.8494
-0.0601484 -0.238319 143.561
0.152164 0.124619 123.953
0.148758 0.109685 130.298
0.00110751 -0.351591 182.698
0.00132981 -0.351731 182.668
0.00223764 -0.352056 182.446
0.00381861 -0.35261 182.026
0.00595016 -0.35338 181.426
0.00800874 -0.35429 180.866
0.00936716 -0.355183 180.577
0.00935987 -0.355806 180.814
0.00770234 -0.355822 181.653
0.00434151 -0.354842 183.052
-1.45224e-05 -0.352412 184.537
-0.00488704 -0.348084 185.719
-0.00883382 -0.341337 185.596
-0.0109472 -0.331457 183.325
-0.0103413 -0.318033 178.131
-0.00747298 -0.303989 171.232
-0.00305301 -0.317332 172.978
0.0175684 0.17727 -23.0084
0.065876 0.221363 -72.8309
0.0841194 0.248691 -95.7665
0.111244 0.247434 -115.624
0.0608574 0.294437 -92.5233
0.103105 0.265268 -115.56
-0.00502003 0.361201 -62.8646
-0.013415 0.411582 -74.2657
-0.0321075 0.40801 -56.8566
-0.0356128 0.397733 -50.3018
0.00836072 0.385752 -83.1542
0.0945494 0.0989756 37.5791
0.0966134 0.192019 3.37354
-0.00319574 0.37045 -66.7532
-0.121801 0.0972453 261.51
-0.000672992 0.366999 -68.1564
-0.000582437 0.367497 -68.4273
-0.000611614 0.36759 -68.4294
-3.80403e-05 0.369147 -69.5713
-0.000778777 0.369022 -68.7091
-0.00182878 0.368293 -67.2709
-0.00292491 0.367222 -65.6375
-0.00372365 0.366496 -64.4531
-0.000667198 0.354935 -63.949
0.00174888 0.348522 -64.5819
0.00299994 0.345611 -65.0715
0.033131 0.12203 4.07168
0.0346263 0.177953 -16.7035
0.0412708 0.222701 -33.5779
0.0539347 0.223719 -34.7756
0.0792222 0.271185 -53.9481
0.0519036 0.285545 -55.8246
0.0223122 0.242719 -36.7445
0.00462982 0.254904 -38.41
-0.0313907 0.259015 -33.5633
-0.0428325 0.279479 -39.0623
-0.0310287 0.270777 -38.3966
-0.025864 0.253282 -33.0799
-0.025864 0.253282 -33.0799
0.150348 0.118274 126.757
0.14989 0.109485 130.139
0.00112861 -0.351741 182.744
0.00128601 -0.35179 182.704
0.0020619 -0.352019 182.499
0.00349192 -0.352498 182.117
0.00547117 -0.353229 181.575
0.00745297 -0.354145 181.061
0.00883063 -0.355097 180.796
0.00903416 -0.355831 180.981
0.00779704 -0.355986 181.663
0.00511057 -0.355167 182.76
0.00167574 -0.352885 183.773
-0.00191397 -0.348701 184.236
-0.00426044 -0.342123 183.159
-0.00380743 -0.332235 179.207
0.00113831 -0.317333 170.57
0.0116984 -0.288687 153.104
0.0296985 -0.0659835 58.5527
0.0577787 0.184254 -53.5804
0.0888572 0.228397 -91.9235
0.0978739 0.254221 -107.914
0.0743291 0.27099 -95.6455
0.0699069 0.283363 -96.2774
0.121717 0.232629 -118.353
0.0150849 0.431463 -105.493
-0.00852883 0.415667 -79.9019
-0.0276805 0.414189 -62.9199
-0.0376893 0.41362 -53.9862
0.00399014 0.384162 -78.5878
0.00399014 0.384162 -78.5878
-0.00349395 -0.708381 328.931
-0.00344357 -0.708288 328.848
-9.60535e-05 0.366848 -68.6959
-0.000178744 0.366864 -68.6159
-0.000371559 0.367554 -68.6703
0.000668256 0.368774 -70.1988
3.49508e-05 0.369163 -69.6562
-0.00109223 0.368939 -68.3309
-0.002415 0.36815 -66.5561
-0.00347312 0.36716 -64.9828
-0.00395425 0.366689 -64.2513
-0.00387162 0.366625 -64.3252
0.00410268 -0.00130119 -0.0373481
0.00476988 -0.00171462 -0.677342
