0 1 3
1 2 3
2 3 3
3 4 3
4 5 0
5 6 3
6 7 3
7 8 3
8 9 3
9 10 3
10 11 3
11 12 3
12 13 3
13 14 3
14 15 3
15 17 3
17 18 3
18 19 0
19 20 3
20 21 3
21 23 0
23 24 1
24 25 2
25 26 2
26 27 3
27 29 0
29 30 3
30 31 3
31 32 3
32 33 3
33 34 3
34 35 3
35 36 3
36 37 3
37 39 3
39 40 3
40 41 3
41 44 3
44 46 3
46 47 3
47 281 3
281 282 3
52 282 0
224 282 3
37 96 3
39 96 3
44 449 3
56 282 0
41 449 3
21 80 2
23 80 1
27 86 0
29 87 3
30 87 3
35 93 3
36 93 3
4 63 0
5 63 3
449 503 3
114 282 0
26 86 0
36 96 3
15 74 3
17 74 3
40 98 3
25 83 3
44 104 3
46 104 3
14 73 3
15 73 3
39 98 3
6 63 3
104 503 3
10 68 3
11 69 3
12 69 3
17 75 3
19 76 1
23 81 1
24 81 3
26 84 3
32 90 3
41 98 3
0 58 3
1 59 3
2 60 3
6 65 3
9 67 3
10 69 3
18 76 3
19 78 3
20 78 3
21 79 3
84 86 0
31 90 3
34 92 3
35 92 3
36 94 3
47 104 3
58 59 3
59 60 3
3 60 3
7 65 3
8 65 3
8 67 3
12 70 3
73 74 3
18 75 3
78 79 3
79 80 0
30 88 3
31 88 3
32 91 3
33 91 3
93 94 3
41 160 3
160 449 3
3 61 2
10 67 3
25 84 2
92 93 3
60 61 2
67 68 3
69 70 3
24 83 3
29 86 3
34 91 3
98 160 3
4 61 1
68 69 3
91 92 3
13 70 3
87 88 3
98 99 3
65 67 3
13 72 3
14 72 3
90 91 3
4 120 1
63 120 1
75 76 3
19 77 2
86 143 1
88 90 3
94 96 3
99 160 3
225 282 0
6 122 3
72 73 3
76 77 0
83 84 3
84 143 3
225 281 0
63 122 3
74 75 3
77 78 1
104 281 3
65 122 3
81 83 3
96 152 3
104 449 3
61 120 2
92 150 3
94 152 3
65 124 3
70 72 3
96 98 3
67 124 3
73 130 3
98 153 3
98 214 3
72 130 3
93 150 3
96 153 3
99 449 3
63 121 3
83 199 0
153 214 3
121 122 3
81 199 0
216 449 3
104 454 3
281 454 3
83 142 3
84 142 3
87 146 3
90 149 3
216 503 3
59 117 3
60 117 3
80 81 1
88 146 3
91 149 3
61 119 1
120 121 0
76 134 3
152 153 3
99 216 3
168 282 0
60 118 3
119 120 3
73 131 3
74 131 3
74 132 3
77 134 1
81 139 0
88 147 3
90 147 3
93 151 3
94 151 3
98 216 3
168 225 1
58 116 3
118 119 1
68 126 3
69 127 3
70 127 3
70 128 3
78 136 0
79 136 0
139 199 3
116 117 3
67 125 3
67 126 3
72 128 3
75 132 3
75 134 3
77 136 1
80 139 3
92 149 3
122 123 3
65 123 3
125 126 3
68 127 3
127 128 3
79 137 0
149 150 3
117 118 3
123 124 3
131 132 3
80 137 3
130 131 3
87 203 3
146 203 3
146 147 3
147 149 3
150 151 3
503 621 3
126 127 3
136 137 3
142 143 3
29 203 3
104 621 3
75 133 3
454 621 3
119 176 0
124 125 3
132 133 3
133 134 3
198 199 3
142 199 0
118 176 0
72 187 3
139 198 3
29 143 1
225 454 0
143 203 0
120 178 3
128 187 3
151 152 3
168 224 0
130 187 3
130 188 3
77 191 1
147 205 3
121 179 1
137 196 3
146 205 3
120 179 3
80 196 3
139 197 3
146 204 3
149 207 3
150 207 3
214 216 3
77 193 1
203 204 3
121 180 0
122 180 0
134 191 3
139 196 3
197 198 3
178 179 3
123 180 0
124 182 3
131 188 3
143 201 0
147 207 3
117 175 0
118 175 0
125 182 3
191 193 0
142 200 0
142 201 0
143 202 0
204 205 3
152 209 3
217 503 3
116 174 0
123 182 3
125 183 2
126 183 2
199 200 3
202 203 3
150 208 3
151 209 3
152 270 3
153 270 3
216 217 3
174 175 3
126 184 2
127 186 3
128 186 3
133 191 3
196 197 3
200 201 3
207 208 3
150 209 3
212 214 0
175 176 3
179 180 0
127 184 2
131 190 3
132 190 2
136 193 3
208 209 3
214 270 3
119 177 0
182 183 0
183 184 3
136 194 3
137 194 3
176 177 3
120 177 0
186 187 3
194 196 3
201 202 3
209 270 3
216 273 3
205 207 3
214 273 3
177 178 1
133 190 2
212 271 0
168 342 0
184 186 2
269 270 0
225 342 0
224 342 1
190 191 3
193 194 3
214 271 3
187 188 3
188 190 3
214 272 3
205 264 3
209 269 1
286 342 1
224 286 1
177 236 1
178 236 3
188 246 3
198 257 3
199 257 3
207 264 3
272 273 3
179 236 3
190 246 3
191 250 0
200 257 3
176 235 3
193 250 3
193 251 3
209 268 1
177 235 3
197 256 3
198 256 3
204 262 3
179 237 0
180 237 2
180 239 3
123 239 0
256 257 3
203 261 3
204 261 3
205 262 3
235 236 1
182 239 0
184 243 0
186 243 0
194 251 3
205 263 3
209 267 3
180 238 3
182 241 0
183 241 2
194 252 3
202 261 3
208 267 3
176 233 3
238 239 3
251 252 3
200 258 3
201 258 3
212 270 0
175 233 3
236 237 0
184 241 2
184 242 0
186 244 0
187 245 0
194 253 3
196 312 3
208 266 3
241 242 3
242 243 3
243 244 3
244 245 3
250 251 3
201 260 3
202 260 3
207 266 3
268 326 0
268 269 2
270 328 3
271 272 3
246 305 0
252 253 3
196 253 3
257 258 3
269 328 0
262 263 3
263 264 3
174 233 3
233 235 3
187 246 3
201 317 3
267 268 2
270 271 3
245 246 3
260 317 3
260 261 3
217 389 3
389 503 3
237 296 0
237 238 2
238 296 3
190 250 2
253 312 3
196 256 3
257 315 3
258 317 3
261 262 3
266 267 3
217 273 3
182 298 3
246 306 0
207 323 3
239 298 1
305 306 3
266 323 3
233 292 3
241 299 3
190 306 0
273 389 3
233 290 3
235 292 3
182 299 0
273 503 3
342 454 0
237 295 0
196 313 3
256 313 3
264 323 3
273 446 3
236 295 0
245 303 3
446 503 3
398 454 0
241 300 3
242 300 3
398 621 0
233 291 3
295 296 3
245 304 3
246 304 2
312 313 3
290 291 3
291 292 3
298 299 0
190 307 2
250 307 3
252 312 3
258 315 3
299 300 3
303 304 3
262 321 3
263 321 3
269 326 0
235 293 3
243 300 3
256 315 3
258 316 3
271 329 3
272 330 3
273 330 3
336 621 0
236 294 0
294 295 3
238 297 3
239 297 3
306 307 3
251 309 3
315 316 3
260 377 3
261 377 3
263 322 3
264 322 3
267 325 3
270 329 3
272 329 3
330 446 3
454 457 1
293 294 0
297 298 1
250 308 3
252 309 3
377 493 3
262 320 3
266 325 3
267 326 3
327 328 0
342 457 1
292 293 3
307 308 3
308 309 3
256 314 3
261 320 3
320 321 3
266 324 3
269 327 2
327 442 0
328 329 3
296 297 3
316 317 3
321 322 3
325 326 3
252 368 3
312 369 3
312 371 3
313 371 3
314 315 3
322 323 3
323 324 3
324 325 3
398 457 3
304 305 3
309 368 3
368 369 3
313 314 3
320 377 3
329 330 3
243 359 3
317 377 3
336 398 1
269 442 0
300 359 3
326 442 3
336 450 0
244 303 3
303 361 3
243 360 3
244 360 3
359 360 3
303 360 3
286 517 3
360 361 3
328 385 1
342 517 0
300 358 3
314 372 3
358 359 3
316 375 3
323 381 3
327 385 2
322 381 3
385 442 0
328 386 3
328 387 3
329 387 3
330 388 3
304 362 3
305 362 3
314 316 3
321 379 3
326 384 3
385 386 0
388 446 3
293 351 3
299 357 3
320 379 3
322 379 3
322 380 3
323 382 3
324 382 3
384 442 3
329 388 3
295 354 3
296 354 3
298 357 0
306 364 3
380 381 3
386 387 3
290 348 0
291 349 0
292 350 0
293 350 0
294 352 3
295 352 3
295 353 3
297 354 3
297 355 3
300 357 3
305 363 3
307 364 3
307 365 3
308 365 3
308 366 3
309 367 3
381 382 3
325 383 3
325 384 3
348 349 3
349 350 3
293 352 0
352 353 3
298 355 0
362 363 3
363 364 3
365 366 3
366 367 3
369 371 3
314 373 3
317 375 3
378 379 3
382 383 3
383 384 3
387 388 3
342 458 3
286 393 0
367 368 3
320 378 3
379 380 3
457 458 0
393 517 1
393 518 1
353 354 3
298 356 0
364 365 3
372 373 3
354 355 3
355 356 3
356 357 3
357 358 3
314 371 3
316 373 3
350 351 1
303 362 3
377 378 3
317 490 3
377 490 3
351 352 0
371 372 3
373 375 3
369 370 3
370 371 3
375 490 3
378 493 3
450 621 3
458 517 0
462 518 1
361 362 3
393 462 1
490 493 3
493 495 3
376 490 3
378 495 3
356 414 1
372 430 3
361 419 3
369 427 3
335 336 1
351 409 3
360 419 3
371 430 3
380 439 3
359 417 3
360 417 3
364 423 3
365 423 3
367 425 3
368 425 3
370 427 3
371 429 3
376 493 3
495 554 3
381 439 3
385 559 3
351 410 0
352 410 3
353 411 3
358 417 3
362 419 3
368 426 3
369 426 3
429 430 3
382 439 3
383 441 3
384 441 3
386 559 1
386 445 3
387 445 3
398 514 3
348 406 3
349 407 3
350 408 3
354 411 3
354 412 3
355 413 3
357 415 3
358 416 3
360 418 3
362 420 3
363 421 3
366 424 3
426 427 3
370 486 1
382 440 3
382 441 3
336 514 1
457 514 3
406 407 3
407 408 3
351 408 0
412 413 3
356 415 3
415 416 3
417 418 3
419 420 3
420 421 3
364 421 3
423 424 3
424 425 3
379 439 3
439 440 3
386 444 3
388 445 3
409 410 0
411 412 3
413 414 1
416 417 3
444 445 3
445 446 3
370 429 3
440 441 3
442 559 1
444 559 1
408 409 1
352 411 3
418 419 3
441 442 3
335 450 3
410 411 3
441 499 3
442 499 3
442 500 3
500 559 1
421 423 3
379 495 3
439 495 3
425 426 3
373 430 3
503 504 3
504 621 3
421 479 3
423 479 3
495 497 3
439 497 3
414 415 0
425 483 3
426 483 3
440 499 3
446 561 3
417 476 3
418 476 3
419 478 3
420 478 3
373 548 2
440 498 3
444 502 3
457 572 3
458 572 1
414 472 3
429 486 1
498 499 3
445 502 3
409 467 3
413 472 1
499 500 3
406 464 3
407 466 3
408 466 3
408 467 1
410 468 1
411 413 3
424 483 3
502 559 1
503 561 2
407 464 3
467 468 0
419 476 3
421 478 3
424 482 3
427 485 3
514 572 3
407 465 3
410 413 3
416 474 3
417 474 3
423 481 3
423 482 3
482 483 3
370 485 3
430 548 2
375 548 2
497 554 3
445 561 3
464 465 3
465 466 3
415 474 3
481 482 3
426 485 3
413 468 1
439 498 3
466 467 1
479 481 3
430 545 1
393 520 1
413 469 1
474 476 3
478 479 3
430 488 1
497 498 3
468 469 3
413 528 1
413 470 1
476 478 3
429 545 1
490 548 2
376 491 1
376 550 1
469 528 3
470 528 3
488 548 0
491 550 3
502 561 3
466 524 1
470 472 3
474 475 1
415 472 1
415 531 1
475 476 0
478 536 3
479 537 3
493 550 1
472 529 3
472 531 3
479 536 3
518 576 3
393 576 1
520 579 0
393 579 1
470 529 3
474 531 1
476 533 1
478 535 3
483 485 3
376 548 1
474 532 1
476 535 1
535 536 3
280 336 1
531 532 3
533 535 3
376 549 1
491 549 3
493 551 2
567 621 3
335 567 3
280 335 3
280 514 1
469 527 3
527 528 3
475 532 3
475 533 3
485 542 1
486 545 3
547 548 3
450 567 3
481 537 3
483 542 1
488 547 3
495 552 3
280 567 3
536 537 3
493 552 2
517 572 1
468 527 3
472 530 3
481 539 3
482 541 1
483 541 1
488 545 3
548 549 3
467 525 3
530 531 3
534 535 3
482 539 3
488 546 3
393 578 1
520 578 0
467 524 0
468 525 1
529 530 3
514 629 0
465 524 2
537 539 3
541 542 3
464 522 3
465 523 3
524 525 1
482 540 3
551 552 3
495 553 3
553 554 3
522 523 3
523 524 2
533 534 3
539 540 3
540 541 1
280 629 1
545 546 3
546 547 3
497 555 2
498 555 2
498 556 3
500 558 3
572 629 0
528 529 3
532 533 3
370 542 1
554 555 3
555 556 3
498 615 3
499 615 3
499 558 3
566 572 1
550 551 0
559 618 3
572 748 0
517 748 1
566 748 1
393 748 1
525 527 0
556 615 3
561 618 1
552 553 3
558 615 3
549 550 3
578 579 3
391 621 3
370 545 1
561 562 3
391 567 3
539 596 3
558 559 1
559 617 3
576 635 0
525 584 0
542 600 0
558 617 1
617 618 3
564 621 0
527 584 0
537 595 2
537 596 2
370 600 1
614 615 3
393 635 1
541 599 0
546 605 3
547 605 3
503 562 3
542 599 0
545 602 2
556 613 3
562 621 3
572 688 0
572 631 3
536 594 0
536 595 0
370 602 1
555 613 3
556 614 2
566 688 1
566 631 1
535 594 0
545 603 2
561 619 3
594 595 3
599 600 3
546 603 2
562 619 3
567 685 2
529 586 0
529 588 2
531 589 0
532 589 0
532 591 0
533 591 0
535 593 0
540 599 3
621 622 1
280 685 1
631 688 0
530 588 0
533 592 0
534 592 0
535 592 0
593 594 3
551 608 2
551 609 3
553 612 1
554 612 1
629 688 0
522 580 3
523 581 3
524 582 0
525 583 3
528 586 0
530 589 0
532 590 0
592 593 3
539 597 3
540 598 3
548 605 3
548 606 3
549 606 3
550 608 3
552 609 3
555 612 1
580 581 3
523 582 3
525 582 0
589 590 3
590 591 3
596 597 3
597 598 3
598 599 3
608 609 3
552 611 2
553 611 1
618 619 0
583 584 0
527 585 0
528 585 0
591 592 3
602 603 3
605 606 3
615 616 1
558 616 1
562 622 1
567 625 3
582 583 1
612 613 0
625 685 2
581 582 3
584 585 3
609 611 3
616 617 3
586 588 1
588 589 1
603 605 3
611 612 3
613 614 0
391 625 3
585 586 2
549 665 3
549 608 3
603 662 3
606 665 3
608 665 3
562 618 1
391 622 1
280 686 1
605 662 3
583 642 2
609 668 3
584 642 1
586 645 2
588 645 0
595 596 3
599 657 3
598 657 3
611 668 3
616 674 0
617 674 2
608 666 3
590 648 3
600 658 3
585 643 3
609 666 3
618 676 3
625 684 1
586 643 2
591 648 3
591 649 3
592 649 3
602 660 3
603 660 3
612 672 0
613 672 0
615 674 2
562 676 1
391 681 1
684 685 0
629 687 3
584 643 3
589 647 3
657 658 3
605 663 3
611 669 3
614 672 3
622 681 1
391 684 1
280 687 1
687 688 0
582 640 3
583 640 0
662 663 3
606 663 3
668 669 3
617 675 3
588 647 1
648 649 3
370 658 1
370 660 1
618 675 3
580 638 3
581 638 3
581 640 3
583 641 3
594 652 1
595 653 3
597 655 3
598 656 3
562 680 1
622 680 1
590 647 3
592 651 1
593 651 1
593 652 1
595 652 1
596 655 3
655 656 3
656 657 3
665 666 3
614 674 2
675 676 3
620 680 1
581 639 3
652 653 3
596 653 3
596 654 3
680 681 3
638 639 3
639 640 3
641 642 2
642 643 0
643 645 2
647 648 3
649 708 1
592 708 1
654 655 3
651 652 3
674 675 2
393 862 3
635 862 0
640 641 1
370 659 1
663 665 3
748 862 0
651 708 3
653 654 3
645 647 0
659 660 3
612 669 3
603 719 3
662 719 3
663 779 0
666 668 3
643 701 1
658 659 3
660 719 3
663 722 3
562 620 3
620 681 1
391 620 3
722 779 0
665 722 3
674 733 2
675 733 3
657 715 3
658 715 3
612 728 3
562 912 3
647 705 3
669 728 3
672 728 1
676 912 0
652 710 3
669 727 3
642 701 0
645 701 1
645 704 3
651 710 3
658 716 3
668 727 3
562 737 1
687 746 0
688 746 2
651 709 3
656 715 3
715 716 3
659 716 3
660 718 3
672 674 1
620 737 1
566 746 1
751 862 0
640 699 3
642 700 1
647 704 1
648 705 3
641 699 0
648 706 3
708 709 3
653 712 3
654 712 3
659 718 3
719 720 3
662 720 3
663 721 3
665 723 2
665 724 2
666 724 3
620 684 1
645 702 2
704 705 0
649 706 3
709 710 3
718 719 3
662 721 3
721 779 0
668 725 3
638 696 3
639 697 3
640 698 3
642 699 0
701 702 0
705 706 3
649 707 3
653 710 3
655 713 3
656 713 3
656 714 3
666 725 3
668 726 3
727 728 3
737 912 0
620 685 1
696 697 3
697 698 3
698 699 3
645 703 3
706 707 3
654 713 3
713 714 3
714 715 3
723 724 3
676 733 3
703 704 3
707 708 1
720 721 3
722 723 3
724 725 3
280 746 1
699 700 1
700 701 0
702 703 0
676 792 3
712 713 3
726 727 3
733 792 3
710 712 3
792 912 0
725 726 3
685 801 0
280 801 3
716 718 3
672 733 1
710 769 3
712 769 3
746 801 0
746 748 2
752 862 0
750 862 0
862 865 3
716 775 3
718 775 3
698 756 1
699 756 1
714 773 3
715 773 3
726 784 3
909 912 0
737 909 1
751 752 3
701 759 2
704 762 3
708 766 3
709 766 3
700 759 0
703 762 3
705 763 1
706 763 1
719 777 3
727 785 3
728 785 3
792 909 1
702 759 0
705 762 1
713 771 3
720 777 3
672 785 1
733 791 3
808 862 3
762 763 3
706 765 1
707 765 1
718 777 3
722 780 3
723 780 3
727 784 3
672 791 1
791 792 3
620 796 1
751 808 0
696 754 1
697 755 1
700 758 0
702 760 0
703 761 1
706 764 2
709 767 3
712 770 3
712 771 3
714 771 3
716 773 3
716 774 3
718 776 3
720 779 2
779 780 1
724 782 3
725 783 3
725 784 3
685 796 0
746 862 0
754 755 3
755 756 3
699 757 1
699 758 1
759 760 3
760 761 1
761 762 0
763 764 0
765 766 3
710 767 3
770 771 3
773 774 0
775 776 3
720 778 3
723 782 3
782 783 3
783 784 3
751 809 3
809 862 0
810 862 0
758 759 3
764 765 3
769 770 3
771 773 3
774 775 1
777 778 3
808 809 1
756 757 1
757 758 0
710 768 3
768 769 3
784 785 3
766 767 3
767 768 3
776 777 3
801 862 3
778 779 2
796 801 2
672 787 1
672 846 1
737 796 0
785 787 3
780 839 0
723 839 0
787 844 3
785 844 3
796 909 1
771 830 3
773 830 3
782 839 0
769 827 3
773 831 3
774 831 1
778 837 0
779 837 3
768 827 3
770 827 3
780 837 0
785 843 2
787 846 3
762 820 3
774 832 2
784 843 3
755 814 3
756 814 3
757 815 2
758 815 3
758 816 3
759 816 3
766 824 3
767 824 3
768 826 3
775 832 0
777 836 0
778 836 0
843 844 1
757 814 2
759 817 3
760 817 3
763 820 3
770 829 3
771 829 3
754 812 3
755 813 3
761 820 3
770 828 3
830 831 3
775 833 3
776 834 3
777 835 3
780 838 0
782 840 0
783 841 0
784 842 0
672 792 1
812 813 3
813 814 3
814 815 3
815 816 3
760 818 3
761 819 3
764 820 1
829 830 3
831 832 0
832 833 1
833 834 3
834 835 3
835 836 3
836 837 2
837 838 2
838 839 3
839 840 1
840 841 3
841 842 3
842 843 1
787 845 3
845 846 3
672 909 1
816 817 3
817 818 3
761 818 0
764 822 1
765 822 2
827 828 3
828 829 3
768 884 2
826 827 3
844 845 3
826 884 3
862 869 1
818 819 3
767 884 2
765 881 2
819 820 3
766 881 3
820 822 3
822 881 3
672 905 1
824 884 2
824 881 3
822 879 1
824 883 3
883 884 0
820 879 1
817 875 3
818 875 3
822 880 3
880 881 2
824 882 3
829 888 3
881 882 1
827 884 0
830 888 3
844 902 3
845 902 3
679 796 2
816 875 3
818 876 3
819 876 3
820 878 2
836 895 1
837 895 1
846 905 3
679 801 3
814 872 3
816 874 3
819 877 2
831 888 3
833 891 3
834 891 3
835 894 1
836 894 1
838 895 1
812 870 3
813 871 3
814 871 3
815 872 3
874 875 3
875 876 3
878 879 1
827 885 3
827 886 3
828 886 3
829 886 3
829 887 3
831 889 3
832 890 1
834 893 1
835 893 1
838 896 1
839 897 1
840 898 1
841 899 1
842 900 1
843 901 3
870 871 3
815 874 3
876 877 3
819 878 2
884 885 1
885 886 3
886 887 3
887 888 3
888 889 3
889 890 3
890 891 3
895 896 3
896 897 3
897 898 3
898 899 3
899 900 0
900 901 0
901 902 1
845 903 3
894 895 0
902 903 3
877 878 3
882 883 3
879 880 0
893 894 3
845 905 3
871 872 3
872 874 3
845 962 3
672 906 1
905 962 3
903 962 3
834 950 0
905 906 3
891 950 0
893 950 0
905 963 3
872 931 3
874 931 3
875 933 3
881 939 3
880 938 0
880 939 0
882 939 0
962 963 3
879 937 1
878 936 2
893 951 0
894 951 0
906 964 3
874 932 3
877 936 2
879 936 1
880 937 1
882 940 3
871 930 3
872 930 3
875 932 3
876 933 3
936 937 3
883 941 3
870 928 3
871 929 3
876 934 3
940 941 3
884 941 1
884 942 3
885 943 0
886 944 0
887 945 0
888 946 0
889 947 0
890 948 0
891 949 0
894 952 0
895 953 0
896 954 0
897 955 0
898 956 3
899 957 2
900 958 0
901 959 3
902 960 0
903 961 0
672 964 1
928 929 3
932 933 3
933 934 3
937 938 0
938 939 3
939 940 1
941 942 0
942 943 3
943 944 3
944 945 3
945 946 3
946 947 3
947 948 3
948 949 3
949 950 3
950 951 3
951 952 3
952 953 3
953 954 3
954 955 3
955 956 1
956 957 0
957 958 0
958 959 3
959 960 3
960 961 3
905 964 3
929 930 3
930 931 3
931 932 3
877 934 3
961 962 1
963 964 3
672 1023 1
934 936 0
963 1021 3
962 1021 3
964 1023 3
964 1022 3
934 993 0
962 1020 3
937 995 3
961 1020 1
931 990 3
932 990 3
936 993 3
936 994 3
938 995 1
1020 1021 3
933 990 3
937 994 3
963 1022 3
928 986 3
929 987 3
930 988 3
931 989 3
933 991 3
934 992 0
938 996 1
939 997 1
940 998 0
941 999 0
942 1000 1
943 1001 1
944 1002 1
945 1003 1
946 1004 1
947 1005 1
948 1006 1
949 1007 1
950 1008 1
951 1009 1
952 1010 1
953 1011 1
954 1012 1
955 1013 1
956 1014 0
957 1015 2
958 1016 1
959 1017 1
960 1018 1
961 1019 1
986 987 3
987 988 3
988 989 3
989 990 3
990 991 3
934 991 3
992 993 3
993 994 3
994 995 3
995 996 3
996 997 3
997 998 3
998 999 3
999 1000 3
1000 1001 3
1001 1002 3
1002 1003 3
1003 1004 3
1004 1005 3
1005 1006 3
1006 1007 3
1007 1008 3
1008 1009 3
1009 1010 3
1010 1011 3
1011 1012 3
1012 1013 3
1013 1014 3
1014 1015 3
1015 1016 3
1016 1017 3
1017 1018 3
1018 1019 3
1019 1020 1
672 796 2
991 992 0
1022 1023 3
1021 1022 3
