0 1 1
1 2 3
2 3 3
3 62 3
5 62 3
5 6 3
6 8 3
8 9 3
9 10 3
10 11 3
11 70 3
13 70 3
13 14 3
14 15 3
15 16 3
16 17 3
17 18 3
18 19 0
19 20 2
20 21 0
21 80 0
24 80 3
24 25 3
25 26 3
26 27 3
27 86 3
31 86 3
31 32 3
32 33 3
33 34 3
34 35 3
35 36 3
36 37 3
37 96 3
40 96 3
38 40 3
38 101 2
45 101 2
45 48 3
48 452 3
168 452 3
168 173 3
54 173 0
6 66 3
48 49 1
8 66 3
5 63 3
85 86 3
38 100 1
6 63 3
6 64 3
27 85 3
100 101 0
55 173 0
64 66 3
86 87 3
31 87 3
45 106 3
106 625 3
25 83 1
26 83 1
9 67 3
70 71 3
18 77 0
19 77 1
48 106 3
49 452 0
10 67 3
13 71 3
20 77 1
2 61 3
3 61 3
31 89 3
32 89 3
61 62 3
15 73 3
101 106 0
0 58 1
1 58 3
2 60 3
14 73 3
16 74 3
17 74 3
21 77 2
85 87 3
40 95 3
1 59 3
1 60 3
60 61 3
9 66 3
10 70 3
14 71 3
16 73 3
24 83 1
87 89 3
36 94 3
37 94 3
95 96 3
38 95 3
95 100 1
101 625 0
63 64 3
80 139 3
24 139 3
34 91 3
37 153 3
58 59 3
59 60 3
62 63 3
71 73 3
17 75 3
18 75 3
89 147 3
32 147 3
32 91 3
33 91 3
96 153 3
66 67 3
10 127 3
74 75 3
21 137 0
26 143 3
27 143 3
70 127 3
77 137 0
85 143 3
35 94 3
67 125 3
67 127 3
18 134 0
77 134 1
80 137 3
94 153 3
73 74 3
91 147 3
34 151 3
75 134 0
87 146 3
89 146 3
35 151 3
66 124 3
94 151 3
64 122 3
91 149 3
71 130 3
24 198 3
83 198 0
95 156 1
95 101 1
139 198 3
83 142 0
26 142 3
34 149 3
67 126 3
135 137 3
149 151 3
48 625 3
125 126 3
73 131 3
77 135 2
136 137 3
80 196 3
95 503 3
67 124 3
70 128 3
73 130 2
135 136 3
139 196 3
87 143 3
95 153 3
158 503 3
95 625 3
48 164 3
127 128 3
74 131 3
137 196 3
83 141 0
142 143 3
143 145 3
87 145 3
164 625 3
164 452 3
126 127 3
141 198 3
62 121 2
124 125 3
141 142 3
58 117 3
59 117 3
63 121 2
64 123 3
130 131 3
75 133 3
95 154 3
63 122 3
66 123 3
133 134 0
94 152 3
163 625 3
58 116 3
62 120 0
123 124 3
74 132 3
152 153 3
116 117 3
60 118 3
61 118 3
122 123 3
71 128 3
74 133 3
145 146 3
151 152 3
59 118 3
61 120 0
120 121 3
131 132 3
128 188 3
117 118 3
121 122 1
128 130 3
132 133 3
134 135 3
147 149 3
95 213 1
156 213 3
173 285 3
130 188 3
143 201 3
146 147 3
147 206 3
149 206 3
213 387 0
503 625 3
168 285 3
61 177 3
145 201 3
118 177 3
142 201 3
153 154 3
120 177 3
126 184 3
136 194 3
137 194 3
154 213 1
194 196 3
145 260 3
145 203 3
151 209 3
172 173 0
125 184 3
201 260 3
146 203 3
152 209 3
164 222 3
121 179 1
127 185 3
128 185 3
133 191 3
151 208 3
222 452 3
132 190 3
132 191 3
149 208 3
126 185 3
124 183 3
125 183 3
196 197 3
146 205 3
147 205 3
149 207 3
222 625 3
184 185 3
139 197 3
207 208 3
130 189 3
131 189 3
134 193 3
135 193 3
136 193 3
142 200 3
154 212 3
120 178 3
141 200 3
203 205 3
206 207 3
152 210 3
153 210 3
153 212 3
116 174 3
117 176 3
118 176 3
177 178 3
121 178 1
185 186 3
188 189 3
208 209 3
212 213 1
178 179 2
122 179 2
128 186 3
186 188 3
131 190 3
190 191 3
141 199 3
200 201 3
203 260 3
205 206 3
209 210 3
123 183 3
183 184 3
134 192 3
197 198 3
198 199 3
199 200 3
153 211 3
212 270 3
173 229 1
133 192 0
192 193 3
123 181 3
193 194 3
194 197 3
329 503 3
158 216 3
216 503 3
168 284 3
229 285 0
117 174 3
117 233 3
176 177 3
122 181 3
181 183 3
156 503 0
215 329 0
284 452 3
284 285 3
176 233 3
189 190 3
194 254 3
197 254 3
210 211 3
191 192 0
174 233 3
193 251 3
211 212 3
564 625 3
192 251 3
198 256 3
205 263 3
206 263 3
212 387 0
197 256 3
260 261 3
203 261 3
263 264 3
206 264 3
179 181 2
194 253 3
156 387 0
222 564 3
192 250 3
253 254 3
387 503 3
188 245 1
189 245 2
201 259 3
193 252 3
200 259 3
259 260 3
203 262 3
207 266 3
222 394 3
282 452 3
179 238 0
181 238 0
186 245 2
251 252 3
194 252 3
205 262 3
208 266 3
211 269 3
212 269 3
394 564 3
394 452 3
229 287 3
173 287 1
209 266 3
270 387 3
285 287 1
178 236 3
179 236 2
179 237 0
181 240 0
183 241 0
184 242 0
197 312 3
236 237 0
237 238 3
183 240 0
250 251 3
252 253 3
256 312 3
209 267 3
185 242 0
185 243 0
254 312 3
210 267 3
210 268 3
240 241 3
241 242 3
242 243 3
266 267 3
268 269 3
269 270 3
176 178 3
181 239 3
186 243 0
267 268 3
238 239 1
261 262 3
262 263 3
207 264 3
176 234 3
239 240 0
189 247 0
190 192 0
200 258 3
503 564 3
233 291 2
233 234 3
186 244 0
243 244 3
244 245 1
190 247 0
258 259 3
174 290 2
233 290 2
240 298 3
199 256 3
312 313 3
199 258 3
234 293 3
176 293 0
178 293 0
237 296 3
238 296 3
245 247 0
256 313 3
452 634 3
178 294 0
253 312 0
284 634 3
236 294 3
239 298 0
264 266 3
394 634 3
290 291 3
192 247 3
247 306 3
293 294 3
247 304 3
199 314 3
199 373 3
260 319 3
261 319 3
192 306 3
192 307 3
250 307 3
256 314 3
258 373 3
264 323 3
266 323 3
285 460 3
239 296 0
242 300 3
247 305 3
252 311 3
253 311 0
259 318 3
260 318 3
270 328 3
328 387 3
329 387 3
241 299 3
305 306 3
318 319 3
329 331 1
262 320 3
263 320 3
263 322 3
314 373 3
320 322 0
264 322 3
269 328 3
240 299 3
245 304 2
306 307 3
252 310 3
267 326 3
268 326 3
339 394 3
234 291 3
298 299 3
243 300 3
250 308 3
251 309 3
251 310 3
266 324 3
267 325 3
269 327 3
339 634 3
284 343 1
242 299 3
308 309 3
309 310 3
259 317 3
261 320 3
324 325 3
326 327 3
387 389 1
299 300 3
304 305 3
307 308 3
258 317 3
322 323 3
323 324 3
325 326 3
329 389 1
284 460 3
237 294 3
244 303 3
245 303 2
317 318 3
319 320 3
327 328 3
343 460 0
310 311 3
284 400 1
303 304 3
400 634 0
296 353 3
289 460 3
237 353 3
296 355 3
243 303 3
320 380 0
331 389 3
289 344 1
293 351 3
239 355 0
313 371 3
291 351 3
234 351 2
243 359 3
373 374 3
343 400 0
300 359 3
311 312 3
243 360 3
322 380 3
339 564 3
359 360 3
303 360 3
312 371 3
311 369 3
514 634 0
400 458 1
294 353 3
310 369 3
319 376 3
339 514 1
350 351 3
291 350 3
310 368 3
258 374 3
304 362 3
305 362 3
306 364 3
309 368 3
313 314 3
319 380 3
380 495 3
307 364 3
298 355 3
317 374 3
328 386 3
291 349 3
296 354 3
354 355 3
298 356 3
299 356 3
299 357 3
327 385 3
328 385 3
386 387 3
503 626 3
564 626 3
290 348 3
290 349 3
349 350 3
294 352 3
300 357 3
305 363 3
307 365 3
308 366 3
309 367 3
312 370 3
370 371 3
313 372 3
314 372 3
324 382 3
325 383 3
326 384 3
326 385 3
458 634 0
352 353 3
356 357 3
300 358 3
362 363 3
306 363 3
364 365 3
365 366 3
366 367 3
323 381 3
323 382 3
382 383 3
383 384 3
384 385 3
289 520 1
348 349 3
353 354 3
357 358 3
312 369 3
371 372 3
318 376 3
385 386 3
358 359 3
367 368 3
372 373 3
322 381 3
381 382 3
294 351 3
355 356 3
303 362 3
363 364 3
369 370 3
319 495 3
343 459 3
459 460 0
317 376 3
376 495 3
387 560 3
337 564 3
337 339 3
368 369 3
389 560 0
329 626 3
368 427 3
369 427 3
375 376 3
380 381 3
400 459 1
317 432 3
317 375 3
375 432 3
351 352 3
374 489 2
374 432 3
432 489 3
375 495 3
350 408 3
351 408 3
303 418 3
447 560 0
360 418 3
303 419 3
362 419 3
389 447 3
355 413 1
418 419 3
354 413 1
387 444 3
364 422 3
386 444 3
362 420 3
365 422 3
381 439 3
337 626 3
458 514 2
349 408 3
353 411 3
363 420 3
380 439 3
351 409 3
354 411 3
419 420 3
370 427 3
371 430 3
382 440 3
385 444 3
352 411 3
354 412 3
363 421 3
364 421 3
383 440 3
352 410 3
355 414 3
356 414 3
357 415 3
358 415 3
358 416 3
365 423 3
366 423 3
367 425 3
372 430 3
383 441 3
348 406 3
408 409 3
352 409 3
359 416 3
359 417 3
421 422 3
422 423 3
366 424 3
367 424 3
367 426 3
368 426 3
384 442 3
385 443 3
349 406 3
349 407 3
409 410 3
412 413 1
357 414 3
415 416 3
416 417 3
360 417 3
420 421 3
371 429 3
429 430 3
373 489 2
495 551 3
381 440 3
383 442 3
442 443 3
443 444 3
339 513 1
406 407 3
407 408 3
411 412 2
425 426 3
426 427 3
375 551 2
440 441 3
444 560 3
513 514 1
410 411 3
424 425 3
427 428 1
371 427 3
439 495 3
439 440 3
413 414 0
414 415 3
423 424 3
371 428 1
428 429 0
441 442 3
339 570 1
458 459 0
417 418 3
337 570 1
513 570 1
439 497 3
495 497 3
372 431 3
373 431 3
514 573 3
458 573 0
414 472 3
289 574 1
413 472 0
430 431 3
444 502 3
460 574 1
419 477 3
502 560 3
329 447 1
415 472 3
416 474 3
417 474 3
417 476 3
418 476 3
429 488 3
420 477 3
441 499 3
443 502 3
421 479 3
440 497 3
440 499 3
441 500 3
442 500 3
513 573 0
459 574 1
406 465 3
407 465 3
409 468 3
410 468 3
418 477 3
422 479 3
427 485 3
406 464 3
411 470 1
412 470 1
413 471 3
415 473 3
415 474 3
417 475 3
420 478 3
421 478 3
422 480 3
443 501 3
409 467 3
470 587 0
470 471 3
474 475 3
475 476 3
476 477 3
423 480 3
428 485 0
428 544 0
430 488 3
442 501 3
464 465 3
408 465 3
408 467 3
411 468 3
477 478 3
425 483 3
499 500 3
500 501 3
501 502 3
560 563 1
447 563 3
408 466 3
467 468 3
472 473 3
473 474 3
478 479 3
479 480 3
426 483 3
431 488 1
431 489 3
465 466 3
466 467 3
429 544 3
458 574 0
471 472 0
423 481 3
426 485 3
479 596 0
424 481 3
424 483 3
497 499 3
329 563 1
520 578 1
468 526 1
480 481 3
488 544 3
289 578 1
375 491 1
375 550 1
467 525 1
475 533 1
481 483 3
543 544 3
466 525 1
477 596 0
426 1014 0
489 547 3
467 526 1
468 587 0
411 587 0
476 533 1
478 596 0
483 1014 0
473 532 1
474 532 1
485 1014 0
431 547 1
491 550 3
432 547 3
432 491 1
473 531 1
481 1014 0
596 1014 3
428 543 0
570 626 0
476 534 1
491 547 0
491 549 3
550 551 0
525 526 3
472 530 1
533 534 3
534 595 0
485 543 0
547 549 3
464 581 0
465 581 0
544 545 3
488 545 3
471 587 0
471 529 3
472 529 1
473 530 1
477 534 1
499 501 3
501 560 3
529 530 3
595 596 3
480 1014 0
495 554 3
530 531 3
531 532 3
477 595 0
480 596 0
497 554 3
464 522 1
465 524 1
466 524 1
526 587 0
529 587 0
475 532 1
499 560 3
573 574 3
522 581 0
524 525 3
543 1014 2
497 556 3
465 523 1
532 533 3
556 613 3
499 556 3
523 581 0
523 524 3
542 1014 0
499 559 3
559 560 3
574 635 0
289 635 3
542 543 3
497 613 3
533 595 0
541 1014 0
551 609 3
554 613 3
568 626 0
568 570 1
550 609 2
578 635 0
499 672 3
559 672 3
563 620 3
570 627 0
539 1014 0
560 620 1
568 627 3
513 565 0
532 595 0
539 596 0
541 542 0
565 570 1
565 1027 3
289 637 1
547 605 3
556 672 3
531 588 0
549 605 3
551 610 3
431 605 1
609 610 3
495 610 1
329 448 3
627 1027 3
578 753 0
529 588 0
530 588 0
531 595 0
495 613 3
448 566 1
329 566 1
566 626 0
635 753 3
544 602 3
549 550 3
559 617 1
560 617 1
563 622 3
566 681 0
565 573 1
613 672 3
617 672 0
448 622 3
566 854 0
431 603 1
565 629 1
587 588 3
545 602 3
488 603 2
603 605 3
616 672 0
563 621 3
448 681 3
626 854 2
626 627 3
289 753 3
586 587 3
543 602 3
602 603 3
545 603 3
495 611 1
616 617 3
620 621 3
573 635 0
586 588 3
531 589 0
543 601 3
610 611 3
615 672 0
565 627 3
589 595 0
601 602 3
605 606 3
549 606 3
611 613 0
615 616 3
623 681 3
681 854 3
524 581 0
588 589 3
542 601 3
561 617 1
448 623 3
586 644 3
560 619 1
622 623 3
565 690 0
525 642 0
526 642 0
560 561 3
524 641 0
525 641 0
621 622 3
626 1027 3
565 635 3
601 1014 0
854 1027 2
561 619 1
289 636 1
581 641 3
641 642 3
587 642 2
606 782 0
549 609 3
619 620 3
561 620 1
585 587 0
588 595 0
606 609 3
624 681 0
585 642 0
595 647 1
606 665 3
561 676 1
585 643 0
585 586 0
609 665 3
637 753 0
581 638 3
581 639 3
581 640 3
642 643 3
602 661 3
603 661 3
605 663 3
617 676 3
638 639 3
588 647 3
603 662 3
665 782 0
665 666 3
609 666 3
609 782 0
613 728 1
639 640 3
640 641 3
661 662 3
603 663 3
666 782 0
611 728 3
615 673 0
616 967 0
644 645 3
586 645 3
610 668 3
615 967 0
561 967 3
616 675 0
617 675 3
585 644 0
588 645 3
609 668 3
672 673 3
673 967 3
643 644 3
606 664 3
659 1014 0
606 663 3
664 782 0
611 668 3
675 967 0
621 680 3
622 680 3
623 680 3
601 659 3
611 669 3
675 676 3
620 678 3
602 659 3
662 663 3
561 678 1
621 678 3
659 661 3
668 782 0
668 669 3
669 728 3
680 681 3
663 664 3
673 1021 3
565 747 1
967 1021 3
661 1014 0
565 744 1
641 698 3
640 698 3
645 647 3
714 1014 0
613 673 3
643 701 3
644 702 3
645 702 1
661 718 3
561 675 1
678 967 0
565 753 3
644 701 3
565 692 1
665 723 1
565 746 1
642 700 1
718 1014 0
668 726 3
638 696 2
641 699 1
642 699 1
595 645 1
663 721 3
723 782 0
726 782 0
673 728 1
621 737 3
680 737 3
642 701 3
595 763 1
715 1014 0
621 736 3
639 697 3
640 697 3
697 698 3
701 702 3
717 1014 0
669 726 3
678 736 3
736 737 3
698 699 3
666 723 1
673 786 1
565 749 1
565 750 1
565 981 3
700 701 3
728 786 3
638 697 3
662 721 2
753 981 3
699 700 3
702 703 0
645 703 3
714 715 2
663 782 0
981 1027 3
753 811 3
703 762 1
595 703 1
661 778 2
721 782 0
749 750 0
696 697 1
595 762 1
661 782 0
736 967 0
680 796 3
595 1014 3
718 778 2
778 782 0
726 728 3
681 796 3
717 718 3
718 1015 0
778 1015 0
737 796 3
751 753 0
753 810 3
751 810 0
786 1021 0
796 854 3
702 762 1
726 1018 0
565 801 1
751 981 0
718 776 3
717 776 3
700 758 3
565 805 1
699 758 3
728 785 3
737 795 3
785 1018 0
726 785 3
776 1015 0
736 795 3
809 981 3
751 809 0
776 1014 0
736 794 3
795 796 3
809 810 3
696 755 1
697 755 1
698 755 1
794 795 3
698 756 1
699 756 1
699 757 1
757 758 0
702 819 0
762 819 0
762 763 3
782 783 1
968 1027 3
810 811 3
755 756 1
701 758 3
701 816 0
702 816 0
783 1018 0
726 783 2
854 968 0
696 813 1
756 757 0
755 813 0
785 1019 0
794 967 0
782 1015 3
785 786 3
758 816 0
816 819 3
595 823 1
786 1019 0
763 823 2
810 868 3
811 868 3
981 983 3
983 1027 3
763 880 1
823 880 1
816 818 3
818 819 3
809 868 3
854 912 3
866 981 3
762 820 3
763 820 3
912 968 0
866 983 3
809 866 3
757 815 0
595 882 1
1018 1019 3
823 882 1
782 1018 3
786 904 3
795 853 3
757 816 0
819 820 1
884 1014 0
1014 1015 3
904 1021 0
966 967 3
794 853 3
756 813 0
756 814 3
757 814 1
815 816 3
966 1021 3
795 854 3
809 867 3
813 814 1
820 880 1
904 1019 0
866 867 3
867 868 3
794 852 3
853 854 3
882 1014 0
852 967 0
852 853 3
816 875 1
818 875 1
878 880 1
868 983 3
696 870 1
820 878 3
982 983 3
819 877 1
820 877 0
818 877 1
864 1027 0
867 983 3
878 879 1
814 815 0
815 873 1
879 880 2
814 873 3
816 873 1
816 874 1
905 1021 0
873 874 0
874 875 2
852 966 0
853 1024 0
813 871 1
814 872 3
818 876 1
823 939 2
904 905 3
871 872 3
875 876 2
876 877 2
877 878 1
880 939 1
696 871 1
872 873 3
943 1014 0
884 943 3
852 1024 0
1021 1023 3
854 1024 0
882 996 0
964 1021 0
964 1023 0
966 1023 3
912 1024 0
996 1014 0
882 939 1
966 1024 3
873 931 0
878 936 3
927 983 3
872 931 0
878 937 3
1015 1018 3
904 1020 0
870 929 0
874 931 3
879 937 2
696 929 1
874 933 1
875 933 1
877 936 1
880 938 1
870 928 0
871 929 0
872 930 0
876 934 1
877 935 1
879 938 2
928 929 3
872 929 0
874 932 3
933 934 3
934 935 3
935 936 3
937 938 3
938 939 3
1019 1020 3
905 1022 0
1021 1022 3
929 930 3
931 932 3
932 933 1
936 937 3
930 931 3
968 1024 3
905 1020 0
1023 1024 3
939 996 0
1020 1022 3
1010 1015 0
949 1014 0
964 1022 0
1022 1023 3
934 992 3
933 992 3
937 995 0
936 994 0
937 994 0
938 995 0
1013 1018 0
928 986 1
929 987 1
930 988 1
931 989 1
932 990 1
933 991 3
935 993 0
935 994 0
986 987 3
987 988 3
988 989 3
989 990 3
933 990 3
934 993 0
993 994 3
939 995 0
991 992 3
992 993 0
995 996 3
990 991 3
994 995 3
