0 0 -1
0.0559287 -0.22282 30.2426
-0.0124175 -0.190933 33.3462
-0.0122996 -0.112256 31.9251
-0.0496012 -0.0452848 34.0146
-0.0529259 -0.00873613 33.6193
-0.0541412 0.0028143 33.597
-0.0450906 0.00659407 31.4775
0.0115144 -0.0901061 24.5256
0.0164722 -0.146204 24.8096
0.00065 -0.106088 27.5738
-0.0220164 -0.0566756 32.1957
-0.0387774 -0.0655755 37.2586
-0.0544418 -0.0399728 40.8648
-0.0682858 -0.0208928 44.7744
-0.122458 -0.00320375 61.9164
-0.10033 0.00391669 54.1036
-0.0854633 0.00758256 48.9068
-0.0368372 0.0171094 30.3881
-0.0660341 -0.102823 37.0558
0.271668 -0.0253148 -108.944
-0.0365259 0.5418 22.665
-0.0485078 0.498071 28.72
-0.0234542 0.211948 19.3838
0.049154 -0.0357042 -17.7497
0.0181228 0.0100807 -2.15775
-0.0164012 -0.0183717 18.3923
-0.00883522 -0.0285347 13.088
-0.00259258 -0.0728468 9.87047
0.0751476 -0.0106614 -40.5869
0.0546252 -0.0747333 -25.8561
0.0239057 -0.0922395 -5.23083
-0.0288004 -0.0740238 29.8886
-0.0812073 -0.0840262 67.674
-0.0995073 -0.040352 78.5838
-0.0240097 -0.0262206 21.7324
-0.034588 -0.00452949 29.699
-0.00775298 0.00964258 8.02998
-0.0123399 0.0410027 11.6783
0.0714021 -0.043196 -58.7805
-0.00269555 0.0340632 3.3207
0.00725272 0.011835 -5.67664
0.114573 0.339493 -99.8294
0.192969 0.239062 -170.112
0.00275736 0.057387 -0.867768
0.00534239 0.0342912 -3.01357
0.25599 0.420311 -257.334
-0.069292 0.0564901 74.7746
0.0116483 -0.00424594 -8.51329
0.322677 0.0959114 -149.383
-0.0216653 0.0198412 50.266
-0.0216653 0.0198412 50.266
-0.0216653 0.0198412 50.266
-0.00840215 0.0169007 35.2064
0.199221 0.0955301 -163.736
0.0392897 -0.168535 -17.3829
0.0226492 0.00523036 -0.700145
0.0226492 0.00523036 -0.700145
0.0673314 -0.217891 29.4426
0.0728137 -0.248978 30.334
0.0366196 -0.233369 31.8334
0.0228506 -0.194626 30.497
-0.00904005 -0.0955883 31.6866
-0.0525001 -0.055517 35.4996
-0.0880427 -0.0261123 39.6059
-0.0491308 -0.000846956 31.6996
0.00242571 -0.0414019 24.2168
-0.00745049 -0.0810287 27.8098
-0.0065578 -0.0965232 28.3878
0.00758595 -0.128062 26.3673
-0.0191118 -0.081331 32.6185
-0.0456344 -0.0483416 38.5349
-0.0686283 -0.0657373 47.2195
-0.0938427 0.00720329 52.6291
-0.0907735 0.00139854 51.6053
-0.0877924 -0.0249939 50.9596
-0.103835 0.0892314 42.6165
0.468136 -0.179182 -181.858
0.00312026 -0.510103 27.3533
-0.150648 -0.682465 104.479
0.0508397 -0.00947929 -20.0045
0.323227 0.0938618 -147.934
0.228702 -0.113749 -99.3381
-0.0915021 -0.0585331 75.9088
-0.120025 0.0718417 77.1501
0.00351073 -0.057789 5.73296
0.0320488 -0.0357997 -12.3829
0.0177644 -0.0513649 -2.54316
0.0306111 -0.0704274 -10.067
0.0101845 -0.0884576 3.94049
-0.0475995 -0.0747188 43.1194
-0.0700172 -0.0772132 59.0888
-0.0661607 -0.0330003 53.6158
-0.0257695 -0.0221206 22.997
-0.0169826 -0.00281351 15.7053
-0.000931164 0.0251487 2.28162
0.0057395 0.0279599 -3.81912
0.0212757 0.00946337 -15.9389
-0.0207349 0.0460028 28.8565
0.00769638 -0.00573015 -3.27064
0.12457 0.0534795 -104.184
0.132849 0.377644 -126.955
0.169614 0.520666 -166.184
0.00114497 0.581973 -7.35612
-0.248237 -0.479553 271.484
0.0866528 -0.173191 -81.1568
-0.00278214 -0.0127769 6.08565
0.185002 0.130733 -4.39734
-0.0106536 -0.00603769 15.1283
-0.01062 -0.00552577 15.0748
-0.0104829 -0.0230417 15.7457
-0.0117971 -0.0242395 17.2832
0.0136773 -0.00501693 9.94134
0.00298897 0.724066 -0.631954
-3.23011e-13 0.306693 15.7769
-3.23011e-13 0.306693 15.7769
0.0565094 -0.182533 27.8953
0.0472846 -0.195204 28.7756
0.00270976 -0.212937 31.9134
-0.0175559 -0.451854 46.2054
0.0169517 -0.127061 23.7348
0.0368064 -0.576848 46.4928
-0.0498677 -0.0570407 35.5868
-0.0507811 -0.0485574 34.0745
-0.0219849 -0.0489712 30.1717
-0.0261247 -0.0776484 32.7169
-0.0250166 -0.0493312 30.0005
0.000634651 -0.0881628 26.2709
-0.0187952 -0.0952555 31.8997
0.0303617 -0.42244 34.0929
-0.00864069 -0.14087 31.7753
-0.0514073 -0.0829755 42.7245
-0.0764423 -0.0614847 49.847
-0.0903388 -0.00632806 51.6238
0.0091863 0.0272902 0.664978
-0.00650457 0.0200948 7.6813
-0.0133724 0.0371227 9.72518
-0.000834834 0.0319712 3.97896
-0.00966166 -0.00435838 8.84797
0.0478363 -0.0103885 -18.1433
0.163159 0.0103771 -80.677
-0.0048599 -0.0391375 12.2319
-0.0177999 -0.0402079 18.9936
-0.0105813 -0.0411046 14.5862
-0.0127609 -0.0246055 14.8981
-0.00572025 -0.0325427 10.9139
-0.00967379 -0.0353183 14.1864
-0.0347519 -0.0569631 32.6723
-0.0425804 -0.0404756 37.736
-0.0531618 -0.027105 43.7961
0 0 -1
-0.0204418 -0.00840314 18.4712
-0.00737008 -0.00084637 7.93202
0.00916647 0.0231885 -6.34321
-0.00718123 0.0620771 6.5825
-0.122708 0.0575821 116.975
-0.10219 0.0534981 98.9149
-0.029468 -0.043659 34.8851
-0.0182229 -0.0346399 24.1304
-0.00105074 0.144389 -1.81861
0.000613582 0.104301 -1.10496
0 0.104005 -0.502673
0.0426796 0.153025 -46.1526
0.0212207 -0.00538457 -17.5609
0.00710722 -0.00157926 -4.17914
-0.00092188 0.00426383 4.08219
-0.00993726 -0.00550328 14.3261
-0.0105852 -0.00552846 15.0362
0.00876316 0.0142246 -6.63127
-0.0137845 -0.020193 19.3654
0 -0.0739602 6.19773
0.107639 -0.11179 -60.7717
0.0631953 0.548213 -45.4385
0.00810314 0.0166165 -5.96188
0.0781185 -0.167751 26.7847
0.0220602 -0.451971 49.0144
0.00805969 -0.180247 29.4808
0.00506955 -0.19928 30.4148
-0.00693309 -0.159197 28.9054
0.228757 -0.317994 15.4901
0.149718 -0.131119 11.3357
-0.0469612 -0.0361171 32.8288
-0.0469982 -0.0598189 34.5313
-0.0391738 -0.0899032 34.6522
0.000918791 -0.0818183 27.0497
-0.00053269 -0.0646309 25.7113
-0.0277389 -0.0399068 30.509
-0.0186989 0.0363442 21.4535
-0.0141622 -0.0928613 29.2366
-0.0338215 -0.0887056 35.9787
-0.0383077 -0.125875 40.8725
-0.0842185 -0.0304584 50.5151
0.0233666 0.0212829 -4.5581
0.00364431 0.0205874 3.6319
-0.0149001 0.0463268 9.83079
0.0364498 0.0651755 -14.1617
0.00868435 0.00850374 -0.0280271
0.0247674 -0.00641102 -7.00173
0.0344138 -0.0329188 -9.92616
0.0181137 -0.0589746 1.6383
-0.017249 -0.0277461 18.1986
-0.0106821 -0.026088 14.0335
-0.0329378 -0.018223 26.3315
0.00885372 -0.0123643 0.402763
-0.00553163 0.0284433 6.46569
-0.00404092 -0.0194148 9.3411
-0.00879261 -0.0252879 13.386
-0.0349359 -0.0222771 30.0873
-0.0203407 -0.00680161 18.5274
-0.0143057 0.00299108 13.2841
0.00245997 0.0129459 -0.63516
0.0573095 0.0210121 -44.8886
0.0947765 0.00670082 -74.1806
-0.087826 0.0298666 88.858
-0.125101 0.0498954 119.203
-0.0774095 -0.398997 115.944
-0.0331643 -0.018213 36.7638
0.00784046 0.405772 -33.9499
-0.0587526 0.36716 32.6699
0 0.344356 -22.3953
0.0254859 0.317168 -45.721
0.00142581 -0.000867478 1.83029
0.0105522 0.011044 -8.19915
-0.00983337 0.219027 -1.06127
0 0.172506 -8.33236
-0.0172012 0.00234887 22.4604
0.585137 0.168282 -445.47
-0.00366471 0.491292 -30.0373
-0.0389607 0.204072 35.6337
-0.0939398 0.0686757 140.909
-0.0667766 0.0602411 108.895
0.069197 -0.0460055 -48.9485
0.0329798 -0.107988 21.5243
0.0316752 -0.20756 30.2013
-0.0387808 -0.13103 25.6273
-0.00707325 -0.198328 30.8103
-0.0257024 -0.181224 31.592
0.0211549 0.0273669 1.34116
0.0282405 0.0632175 -3.35874
-0.0244155 -0.000150493 25.8932
-0.0229726 0.0357971 7.71282
-0.0241598 0.0573519 5.85062
-0.0193212 0.0855088 1.73024
-0.0124177 0.0491087 4.21721
-0.00621725 -0.0222644 10.5216
-0.0322188 -0.557956 76.5437
0.0102341 0.000825022 1.76375
0.00574421 0.00774211 2.14635
0.0325955 0.0158444 -8.21973
0.0623637 0.0520207 -22.7857
0.00254946 0.017207 4.25244
-0.000258341 0.00256114 6.73784
-0.00221219 -0.0024445 8.25353
-0.0112015 0.0620894 8.0441
-0.026319 0.0292134 16.5555
0.0551742 -0.0233053 -21.4728
0.028462 -0.045071 -4.88017
0.0162069 -0.0533956 2.03442
0.0192551 -0.0583859 0.418466
-0.00632592 -0.0293928 11.9575
0.000700658 -0.0157871 5.95914
0.0424444 0.00352643 -22.6408
0.00550824 0.0518651 -2.55137
-0.0412143 -0.00741082 33.6342
-0.00891577 -0.0234481 11.8289
0 0 -1
-0.00880879 0.00220745 9.26308
-0.00952162 0.00423339 9.60671
0.0137883 -0.000588514 -8.24499
0.0252099 -0.0261077 -14.6318
-0.00846146 -0.0329182 13.3528
-0.00711065 -0.0279921 11.6493
0.0586957 0.0437917 -39.717
-0.0123859 -0.33845 57.9974
-0.000830773 -0.0290498 7.03946
0.00146253 -0.106039 11.3196
-0.0116986 -0.118689 25.2194
-0.0147615 -0.0886153 25.5375
-0.00416953 0.0938144 -1.92853
0.000450726 0.000309824 2.69178
0.000900566 -0.000463883 2.44167
0.00113837 -0.001181 1.93458
0.00401348 0.0134151 -1.32633
0.00208274 0.0129179 -0.932829
0.0127274 0.0136145 -11.1247
0.00909612 0.0185116 -7.28013
-0.00154487 -0.0366416 7.92368
-0.0853527 0.0694002 130.664
0 -0.208109 54.9467
0.00347959 0.0110121 0.730345
-0.0194738 -0.0125762 12.1412
-0.0311963 -0.0248161 13.7253
-0.0555548 -0.0108664 12.9349
-0.0407239 -0.019038 12.5267
0.00600285 -0.0508225 12.3186
0.0227812 0.0288362 0.975188
0.0324998 0.0764616 -5.52184
-0.0385974 -0.0377009 32.8257
-0.0102279 0.0561174 3.36549
-0.000900714 0.0488877 1.97413
-0.00726811 0.0610171 2.36397
-0.0161113 0.0619469 3.89687
0 0 -1
-0.0292377 0.0223531 11.617
-0.0146609 0.0159419 8.23825
-0.0117387 0.029912 5.43517
0.0260005 0.030595 -7.68068
0.0287823 0.0229909 -6.54437
-0.00582715 -0.0018126 9.67395
-0.0248709 -0.00457302 17.8962
-0.0421053 -0.00709502 25.799
-0.0265073 -0.0204336 19.4927
-0.010118 -0.030461 12.343
0.0100503 -0.0563521 5.02679
0.0209118 -0.0717403 0.923039
0.00803777 -0.0969672 11.1964
0.0424443 -0.0855544 -9.28183
0.0109563 -0.0450071 3.01221
-0.00650108 -0.0187586 10.7855
-0.00779053 -0.0320241 13.9594
0.0211116 0.0744551 -15.046
-0.0228738 0.226422 -1.49621
-0.0122834 -0.0231235 14.6501
-0.00882847 -0.00953097 10.5954
-0.00246096 -0.00658413 5.54481
-0.0116184 -0.00647024 12.3839
0.000441347 -0.00937357 3.26621
0.00376771 -0.0188369 1.94992
-0.0154495 -0.0202309 17.7229
0.0214509 -0.00525842 -16.3006
-0.129653 -0.0347368 129.685
-0.164686 -0.0353001 160.871
-0.0027388 -0.0131075 6.48785
0.023508 -0.0495651 -13.9518
-0.00740507 -0.0972737 21.156
0.0155623 0.131725 -28.1537
0.000159115 -0.0979607 13.9421
0.00254379 0.0140266 -0.789856
0.168941 0.0508665 -177.141
0.00207006 0.0127596 -0.0869867
0.0047626 0.113331 -14.8993
0.453573 -0.180583 -406.013
0.0375379 0.106248 0.925401
0.162499 0.0551085 -133.394
-0.0302677 0.128328 88.8733
0.202388 0.104889 -183.493
-0.200015 0.091166 312.462
-0.00107315 0.274492 36.6024
-0.0223073 -0.00593273 11.4115
-0.0247702 0.007218 9.68462
-0.056085 0.020993 9.31147
-0.0442439 0.0276662 7.12733
-0.0181551 0.0401912 3.4091
0.0466663 0.0350077 -2.2159
0.0860671 0.052372 -9.84104
0.000248449 0.0516877 2.26565
-0.00731258 0.0412821 4.67227
-0.00237446 0.0443842 3.48019
-0.00848303 0.0291916 6.86855
-0.0178176 0.0402593 7.27136
-0.018645 0.0439784 6.9022
-0.0431231 0.0237766 15.7742
-0.0120118 0.0263581 5.8664
0.0045833 0.0402127 -1.23868
0.0352533 0.0447126 -12.1364
0.00103062 0.00705852 5.66773
-0.0146072 -0.00973777 14.0494
-0.0102059 -0.022965 14.1195
-0.0572748 -0.00814973 32.6093
-0.0467974 -0.0175036 28.7191
-0.047785 -0.0260359 29.8743
-0.0250461 -0.00224072 15.3489
0.00258506 -0.0329317 5.33452
0.0136761 -0.044409 1.04803
0.0204464 -0.0539852 -1.92581
0.00515492 -0.00712736 0.445442
-0.00340161 -0.0275173 9.4227
0.00443322 -0.0499337 8.1723
-0.0202238 -0.0501105 25.0453
0.00204386 0.00897315 -0.311112
-0.0154952 -0.00683309 14.5163
-0.00612256 -0.00748046 8.17336
0.00693766 -0.0201162 0.272666
-0.00561162 -0.0132383 8.68885
-0.0016205 -0.0077727 4.67997
-0.0058569 -0.0141005 8.82296
-0.00477402 -0.00843895 7.02006
0.0116899 -0.00712243 -7.29827
-0.102686 -0.018055 103.658
-0.152904 -0.0185066 148.064
-0.0105376 0.103224 -3.74841
0.00185191 -0.00502266 1.14802
0.000476163 -0.00464146 2.46876
0.000108713 -0.00335652 3.03479
0.00287475 0.0021667 0.0616219
0.212678 0.00177043 -215.944
0.00538417 -0.000883465 -2.45331
-3.18184e-05 0.0348743 -0.47911
0.00196098 0.0337232 -2.47453
0.640104 -0.175893 -612.26
-0.207789 0.197543 236.086
0.443638 -0.325707 -404.164
0.212378 0.108674 -195.884
0.206957 0.106029 -189.061
-0.188208 0.0768657 299.852
-0.142428 -0.0429152 259.339
-0.00943902 0.0167527 7.99507
-0.0137433 0.0319639 5.75592
-0.00828378 0.0393638 3.8729
-0.0148547 0.0467008 2.85958
-0.0250483 0.0717725 -0.820293
0.0274013 0.0176909 2.62411
0.242625 0.0489915 -30.7908
0.0040477 0.0700967 9.99564
-0.00176182 0.0139336 7.56401
0.00569849 0.0145102 5.78184
-0.00950665 0.0225365 7.95559
-0.0297322 0.0228004 12.8339
-0.0418771 0.0316982 14.5104
-0.0233274 0.0281049 8.74502
0.00303899 0.0524953 -2.52947
0.0149353 0.0465219 -5.67017
0.00576693 0.0177366 2.65543
-0.0209216 0.00804791 13.7461
-0.0369364 -0.0188299 24.2261
-0.00673358 0.00179557 7.49999
-0.0397191 0.000659508 23.4639
-0.0365688 -0.00992933 22.581
-0.107258 0.00382494 63.6136
-0.0148528 0.0507686 1.73043
-0.0265258 0.015583 13.0428
0.000266673 -0.00556496 2.3528
0.00672278 0.0353196 -6.41366
0.0483873 0.247314 -68.3441
0.000963533 0.00615652 1.15407
0.0259353 -0.171371 16.3224
-0.00796663 0.00807588 6.48973
0.205495 0.000671228 -139.04
0.174587 -0.301488 -73.1483
-0.0099173 -0.00571241 10.3403
0.00420387 -0.0146894 1.58655
-0.00154812 -0.0094026 5.05986
-0.00420656 -0.00503913 6.49845
-0.0122041 0.00435096 11.0718
-0.00815045 -0.00490717 9.25271
-0.000277792 -0.010304 3.53783
-0.0790877 -0.00876013 81.5141
-0.0867961 -0.00971147 88.4911
-0.00946282 0.0348967 5.85287
0.00235627 -0.00733054 1.37726
0.0045674 -0.0101725 -0.106703
-0.00659702 -0.00707926 9.20342
0.00800331 0.00643231 -5.3962
-0.469896 0.126515 469.273
0.274236 -0.00922722 -277.962
-0.000553417 -0.0298108 9.93948
-0.00673421 0.00139673 11.7921
0.217779 -0.146175 -144.525
0.43333 -0.0298215 -401.409
0.153209 0.0514483 -122.025
0.00845304 0.0307788 -7.85781
0.259 0.234154 -263.66
-0.0060941 -0.0796976 196.707
0.00931212 -0.0199825 167.97
-0.0118232 0.0251263 6.50516
-0.0190088 0.0275248 6.40195
-0.0208936 0.0322654 5.61306
-0.0165291 0.0336377 5.06471
-0.00892338 0.039032 3.37793
-0.00874532 0.0247115 5.81925
-0.0452165 0.0110792 28.2254
-0.0413752 0.0439775 21.6191
0.00999881 0.0106384 5.59476
0.00878651 0.0428142 0.458661
-0.0142519 0.0307989 7.36109
-0.0323961 0.0587249 7.04917
-0.0287506 0.0265735 11.7189
-0.0190834 0.0444887 5.68348
0.00445194 0.04515 -1.94269
0.0187374 0.0940234 -15.1244
-0.00852985 0.0527889 1.62802
-0.0319764 0.0272795 14.6838
-0.0302078 0.0627972 7.46975
-0.0273929 0.011151 15.3764
-0.0924338 0.0014108 46.4606
-0.0551953 -0.0107849 31.4083
-0.118906 0.000481488 69.8268
0.141584 0.15886 -95.5175
0.0364662 0.148887 -42.2995
0.0418705 0.0916467 -36.5167
0.0283281 0.236137 -55.3285
0.0115059 0.0429478 -1.79257
0.0286789 0.0156922 -6.93584
-0.0483968 -0.00212491 41.2289
-0.00965925 0.00588014 7.62918
-0.00700977 0.0232457 3.13088
-0.022288 0.0316614 13.0806
-0.016169 0.0482106 4.98923
-0.026282 0.0311402 16.0801
-0.00916252 0.0234992 4.7768
0.00331731 0.00146365 -0.557443
-0.0102462 0.00832156 8.87604
-0.0156196 0.00340857 14.0514
0.00568141 0.000239278 -2.02124
-0.0705384 0.000810846 72.1578
-0.0791235 -0.00717093 81.3303
0.0127881 0.0229817 -13.7018
0.0142409 -0.00133708 -9.65884
-0.00883866 -0.158897 40.739
0.00938264 0.0249762 -10.5045
0.00412459 0.0190202 -4.07475
-0.00328826 -4.16742e-05 6.94233
0.548433 0.00856852 -502.787
0.0279329 0.517543 -51.8923
0.119542 -0.119844 -40.8736
0.171463 -0.153637 -91.7412
0.124685 -0.137824 -42.8349
0.285439 -0.00682347 -251.121
0.00113874 0.115478 -13.7819
-0.423532 -0.00365423 587.469
-0.00745154 -0.010654 99.6983
0.0822823 0.0911164 45.7296
0 -0.178153 69.3378
-0.15559 0.00567585 45.5803
-0.155974 0.00617944 45.4984
-0.128978 -0.0120483 47.2046
-0.0954912 -0.0481445 52.5093
-0.448104 0.0603096 69.2133
-0.282031 -0.335339 137.468
-0.0469335 0.0547959 20.2426
-0.0214649 -0.0371723 33.8854
-0.0626694 0.0512297 24.1859
-0.0282752 0.155006 -4.35595
-0.0441833 0.125007 5.05889
-0.0850439 0.10765 19.3054
-0.178372 0.155291 34.922
-0.0471485 0.100773 4.92721
-0.0238145 0.0867587 0.369193
8.40263 0.194531 -3027.43
-0.0904123 -0.353932 193.602
-0.193061 0.124943 139.299
-0.0414442 0.0285231 97.5507
0.0768802 0.301369 -93.6489
0.0846816 0.263263 -89.8875
0.0836312 0.162997 -68.922
0.0643816 0.214748 -69.4414
-0.262853 0.0585536 137.588
0.0521186 0.157918 -53.3371
0.118809 0.169186 -92.1734
0.0461082 0.118009 -39.197
-0.00283312 0.0231755 10.7581
0.0210968 0.19554 -44.0324
0.0517898 0.159157 -56.0414
0.00477912 0.0855003 -15.5785
-0.0369835 0.0925969 12.4135
-0.0572369 0.0690798 31.8397
-0.0268011 0.0593412 11.9402
-0.02201 0.040764 11.5529
-0.00842143 0.0398958 1.35379
-0.0137862 0.0284141 7.7437
-0.00787748 0.00493106 7.26598
-0.00815899 0.00721926 7.31276
-0.0934307 -0.00556161 93.6649
-0.123402 -0.00526428 119.87
-0.00167794 0.00841557 4.05443
0.00980775 -0.00255578 -3.43411
-0.0809096 -0.42342 186.187
0.0864513 0.25469 -117.632
-0.0396972 -0.0942974 69.3578
-0.0417533 -0.0553181 62.4798
0.603154 -0.0519627 -548.064
0.0641201 -0.0508543 22.5978
0.160957 -0.172768 -76.3548
0.133639 -0.129537 -54.6303
0.14734 -0.117622 -72.2221
0.163913 -0.145622 -85.5582
0.936523 -0.240543 -964.95
-0.163955 0.00543129 225.421
-0.0928781 0.00871998 278.775
-0.0512867 0.0136145 227.203
0.0162551 0.274851 -62.9931
0.0103798 0.33063 -75.942
0.982949 0.147275 -75.7563
0.178426 -0.195926 62.2627
-0.0947026 -0.0469081 52.2856
0.0955879 0.123188 -28.9653
0.0207917 0.104458 -22.2509
0.0622236 0.0734435 -21.7519
0.0470131 0.0827754 -21.4934
0.0326835 0.0712223 -16.3698
0.0300295 0.0529477 -11.8246
0.020045 0.0654647 -12.4736
0.00754555 0.0638987 -9.2173
0.00568158 0.0687419 -9.79077
0.00492522 0.0737404 -10.6782
-0.0071895 0.00679436 2.97398
-0.00708716 0.00236357 4.18784
0 0 -1
-0.0123655 0.00506304 90.6208
0.0249215 0.0496778 66.0084
0.0713616 0.310906 -93.0441
0.0495632 0.30214 -80.881
0.0705198 0.272989 -85.2525
0.047719 0.275682 -74.1602
0.0242023 0.263519 -58.664
0.0334696 0.236246 -58.0797
0.0322663 0.203039 -50.3058
0.0190261 0.14956 -29.375
0.0186112 0.133576 -25.9855
0.030832 0.224793 -54.6516
0.0484834 0.23932 -69.1031
0.0800016 0.271369 -97.9018
0.104024 0.25945 -111.153
-0.0239596 0.0675142 8.02458
0.00167014 0.200472 -39.0766
0.0124939 0.076434 -13.0384
0.0131979 0.075446 -13.4111
0.0135471 -0.220793 52.4623
-0.0409673 -0.198757 91.7259
-0.0210094 -0.0391596 36.9025
-0.0245648 0.00668563 30.5429
-0.125578 0.00915541 118.538
-0.0937259 -0.0103788 93.152
-0.0196018 0.0623874 8.79988
-0.182345 0.216431 142.95
-0.000123518 0.00502758 2.64017
0.00954985 0.0085302 -6.60985
0.00957864 0.000528612 -3.61255
0.233568 -0.654635 -78.2467
0.139793 -0.0748169 -107.079
0.0269661 -0.0591802 -10.6955
0.160854 -0.198153 -70.9015
0.157965 -0.170404 -73.9796
-0.0197175 0.229415 -24.5763
0.0112503 0.00499274 -8.89223
0.00954887 0.00920889 -5.97882
0.305374 0.026543 -236.837
0.0936954 0.0482319 -85.6421
0.0501378 0.323329 -75.5746
0.0352292 0.352272 -81.6685
-0.0167689 0.363106 -82.3342
-0.00730728 0.31775 -72.8236
0.0283008 0.262291 -62.1111
0.0327368 0.274282 -65.9937
0.0273375 0.23866 -56.0615
0.0575299 0.0875496 -24.4851
0.0444419 0.0691316 -17.8397
0.0606338 0.0908237 -25.374
0.11705 -0.142635 16.628
0.0237847 0.0725023 -15.5422
0.00435203 -0.0757646 24.5922
0.00774957 -0.0304016 12.4014
0.0042035 0.0769628 -11.1351
0.000859275 -0.0852405 27.8772
0.00372202 0.0767113 -10.9479
0.00219043 0.0602711 -6.88958
0.279613 0.0121968 -81.1774
0.101058 0.0365161 -14.3781
0.0400493 0.308078 -78.0248
0.0387206 0.312638 -78.9229
0.0486617 0.325898 -86.7673
0.0602269 0.294513 -84.1277
0.00694756 0.291326 -56.7115
0.00885292 0.236821 -44.3568
-0.00362516 0.200579 -28.805
0.0147479 0.147768 -26.2902
-0.0384576 0.15968 3.63999
0.0693493 0.253201 -85.4752
0.0471407 0.270186 -75.049
0.0500116 0.28366 -80.2789
0.0534547 0.257425 -76.4312
-0.214791 0.0334315 154.549
-0.0313977 0.0254107 21.9636
-0.0256238 -0.000311479 23.7536
0.00262522 -0.215494 59.4699
0.0131157 -0.215786 51.2215
-0.0358605 -0.232278 94.6019
0.0313569 -0.360791 70.0352
-0.146863 0.01575 136.089
-0.114454 0.0110206 108.224
-0.0202688 0.0507055 12.3054
0.00769688 0.0813661 -20.77
-0.0183902 0.173452 -18.7238
-0.0461656 0.203219 1.77716
-0.183312 0.00533234 190.927
0.114061 -0.0157075 -52.8802
0.122921 0.0105915 -68.9629
0.270233 0.0588233 -256.524
0.184465 0.146779 -187.126
0.259092 -0.178241 -185.057
0.358551 0.403786 -491.86
0.0169183 0.214516 -52.2862
0.00938532 0.267227 -56.9289
0.36791 -0.303556 -338.073
0.297198 0.0212009 -225.641
0 -0.475326 144.957
0.221265 -0.162973 47.5995
0.0162336 0.412941 -96.233
-0.0294571 0.356152 -79.7892
-0.0095626 0.173618 -32.3401
-0.0118327 0.154559 -26.6198
0.0290172 0.269731 -63.4117
0.0211574 0.249584 -56.0744
0.1061 0.0910649 -33.6468
0.0778479 0.0809986 -26.4947
0 -0.0311006 18.6966
0 -0.00575381 11.7497
0.0043786 0.0276959 1.4507
0.0224482 0.0476851 -10.1101
0.0218897 0.0778169 -16.4604
0.00486877 0.0787834 -11.7983
0.00349171 0.0780083 -11.1714
-0.00430129 0.0677958 -6.38757
-0.00351648 0.0674809 -6.58304
-0.177585 -0.0341526 163.493
-0.0470669 0.312974 18.2709
0.324317 0.123054 -99.034
-0.0706334 0.152112 19.3946
-0.0623445 0.211932 -1.20279
-0.0223209 0.20586 -19.5845
0.0642423 0.209084 -64.5653
-0.124492 0.136708 54.1354
0.169098 0.309932 -156.817
0.209376 0.0958866 -123.284
0.142767 -0.0267799 -50.6165
0.0154216 0.343792 -73.8041
0.0403839 0.278661 -72.6639
0.0504738 0.294284 -83.0162
0.02757 0.284776 -64.7178
0.00100752 0.279338 -44.6206
0.0048712 0.0989355 -15.5915
-0.0144693 -0.093311 50.6395
-0.0119182 -0.0777817 43.9214
-0.0166154 -0.0736161 46.5587
-0.0289477 -0.0511199 50.6141
-0.0490796 -0.0104562 56.6099
-0.0911773 0.0203146 85.2961
-0.0535666 0.0398732 45.4712
-0.0320102 0.00338487 34.9627
-0.0166924 0.0464634 9.95557
0 0.215859 -48.9651
0.0064337 0.224408 -57.5428
-0.00558276 0.226003 -46.0524
-0.00604694 -0.0827139 88.6692
0.118132 -0.00268773 -60.5248
0.156118 -0.0325709 -110.543
0.207803 0.144367 -211.752
-0.427278 0.0895184 504.088
0.0159779 0.133825 -2.47905
0.00652287 0.145624 5.25925
-0.203629 0.104609 252.295
0.214022 -0.126178 -168.823
0.0535165 -0.0703 -37.2969
0.0117516 0.0110516 -9.11245
-0.164532 0.165682 -27.2062
-0.377998 -0.792056 271.414
-0.0662819 -0.00906831 47.8453
0.0277505 0.0992727 -7.81462
0.014984 0.183463 -37.9538
-0.0254789 -0.00440607 20.32
0.0138651 -0.00381245 15.1227
-0.0232649 0.247629 -35.5465
-0.0362712 0.245732 -32.6573
-0.0603519 0.234768 -25.2335
-0.0580522 0.231244 -24.6804
-0.00384802 0.388574 -82.2704
-0.017882 0.429101 -90.0494
-0.0513374 0.43393 -82.2657
-0.0604209 0.429053 -78.1687
-0.0604209 0.429053 -78.1687
-0.0276366 0.242996 -35.7484
0.0562128 -0.133424 40.4444
0.0310647 0.276051 -67.9624
-0.160156 0.140625 68.1211
0.0392641 -0.02538 16.1179
-0.0612484 0.0086364 55.9103
-0.0779884 0.119603 32.451
-0.0386184 0.125515 11.5247
0.141126 0.0439552 -59.271
0.0353153 0.0543092 -6.67601
0.0206282 0.187947 -37.7641
0.0407235 0.224975 -60.4402
0.000188678 0.0092978 -1.06906
-0.0857735 0.630835 -89.7009
-0.280956 0.293114 133.232
0.0231062 0.273939 -59.121
-0.0179175 0.302409 -37.5973
-0.0250976 0.292304 -29.8594
0.180814 -0.120174 -63.2879
-0.116777 0.207189 66.6259
-0.0106727 -0.0782681 43.0612
-0.0582169 0.0959386 30.3482
-0.00571918 -0.0529678 31.7743
-0.0147339 -0.0221359 30.4532
-0.0312582 0.00603785 36.6336
-0.00627539 0.0458487 2.40552
0.0142588 0.0735975 -24.9236
0.0582566 0.154246 -88.0655
0.333123 -0.0316071 -298.716
0.00848015 -0.233292 69.6895
-0.061928 -0.251791 145.931
0.11607 -0.202509 9.93952
0.104717 -0.203758 21.9519
-7.35225e-07 0.0369865 60.41
-0.0587669 0.00496474 133.812
-0.0491063 -0.0120083 128.002
-0.0275765 -0.118489 75.6412
-0.0267238 -0.115595 73.754
-0.0231668 -0.103079 65.8793
0.0221279 -0.005956 -16.7696
0.0198472 0.0083736 -17.9851
0.0412575 0.00783816 -43.8483
-0.0910914 0.200714 -41.0457
-0.10978 0.072273 -0.254144
-0.0549936 -0.0142275 48.8083
-0.0958432 0.0750601 -0.0606731
-0.0810963 0.0992389 -9.04376
-0.0302155 0.229512 -53.8593
-0.0805323 0.0993422 -9.13682
-0.0807734 0.0995231 -9.16384
-0.0572879 0.244467 -28.7345
-0.0791127 0.300401 -42.91
0.105324 0.29095 -78.23
-0.302979 0.504166 -48.0349
0.138011 -0.0982444 30.2304
0 0.4617 -129.204
0.0277194 0.720386 -201.695
0 -0.487968 164.612
-0.0264274 0.606469 -146.675
-0.0232623 0.610283 -148.98
0.141147 0.10394 -43.6337
-0.0232092 0.678583 -171.012
-0.0150105 0.466713 -124.14
0.158772 -0.225203 31.6131
0.0249655 -0.06503 31.8168
0.156294 0.0280406 -61.5813
0.0623715 0.0342162 -15.3285
0.0566748 0.0505646 -17.314
8.3906e-14 -0.11719 46.9752
8.3906e-14 -0.11719 46.9752
6.15734e-14 -0.11719 46.9752
7.0108e-14 -0.11719 46.9752
5.82795e-14 -0.11719 46.9752
6.24689e-14 -0.11719 46.9752
0.0276359 0.284135 -64.7083
0.000821688 0.286666 -46.5584
-0.00666183 -0.0905437 43.6688
-0.00685104 -0.0901665 43.6908
-0.00640201 -0.0893101 43.066
-0.00501042 -0.0839882 40.3066
0.356204 0.00150781 -163.33
-0.2476 0.0188066 339.335
-0.0132884 -0.00338395 23.5546
7.94696e-05 0.0381352 -1.25677
-0.0338812 0.0678411 23.1063
-0.00469518 0.00345528 15.7063
-0.106539 0.356855 0.865275
0.0501664 0.353852 -149.893
0.013537 0.362921 -116.637
0.0392645 -0.181915 34.2636
0.0359423 -0.1962 42.1819
-0.344828 0.21791 382.064
0 -0.134925 48.7741
0 -0.0921777 35.7049
0.077972 0.222127 -77.0978
-0.00979512 -0.113576 53.5474
0.0184695 -0.00791272 -11.9111
0.0204275 -0.00938849 -13.7146
0.0198311 -0.0113783 -12.3201
0.0139843 -0.042064 3.7023
-0.0357967 0.026504 33.9212
-0.0284506 0.0247621 34.1447
-0.0343842 0.0213231 35.7003
-0.0521519 -0.0223219 51.318
0.142735 0.293617 -84.6379
0.466939 0.287595 -117.639
-0.255594 0.258633 -14.5643
0.148274 0.266416 -78.2591
-0.0730372 0.287804 -39.8516
-0.106215 -0.0683174 90.5068
-0.258282 -0.249339 182.944
0.0176723 -0.265696 126.066
0.108985 -0.0859026 33.5883
0.016489 -0.103058 62.8114
-0.0300097 0.176706 -1.60345
-0.0806592 0.0843374 45.7726
0.0316676 0.0475256 22.1668
0.025574 0.0716867 16.3071
0 -0.0884778 78.2427
0.125539 0.0613764 -22.661
0 0.14775 0.220787
0 0.14775 0.220787
0 -0.16044 102.213
0 -0.16044 102.213
-0.00527669 0.151685 1.60057
0.0207932 0.150117 -12.1003
-0.11893 0.341193 5.74945
-0.115354 0.333192 6.40344
-0.00517791 0.298323 -46.2964
0.0252218 0.292461 -63.6303
-0.0118355 0.29128 -39.246
-0.0100583 0.428787 -87.2828
0.0125276 0.295234 -57.1652
-0.151357 0.220911 88.382
0.0266913 0.312173 -72.8621
0.048468 0.324671 -93.0387
0.025995 0.0862514 7.65236
-0.000375156 0.214696 -60.7129
0.416928 0.0446752 -228.051
0.144617 -0.123774 -66.8589
0.00958731 -0.0215258 9.28655
0.0527782 -0.00471224 -34.4193
0.00178405 0.0507055 -6.46662
0.0209757 -0.041761 6.89557
-0.00528229 0.0016294 6.1022
0 0.355782 -110.43
-0.00600636 0.385615 -114.305
0.00354746 0.380657 -122.333
0 0.355782 -110.43
-0.360938 0.657031 256.32
0.00456323 0.352884 -114.459
-0.00238521 0.392394 -119.941
0.0613569 0.00889989 10.9627
-0.00823819 0.308236 -85.0068
-0.00598332 0.302853 -85.8197
-0.0161277 0.297535 -72.0081
-0.00179736 0.351385 -106.747
0.0143436 -0.00819542 -7.04597
0.0730024 0.258495 -66.5824
0.0731303 0.258621 -66.6343
0.0740124 0.25892 -66.7857
0.105836 0.273516 -74.3295
0.118216 0.282703 -78.5657
-0.0266783 0.0797157 23.369
0.0119657 0.0625404 24.4046
0.0177067 0.175993 -16.2599
-0.0425566 0.273218 -39.9135
-0.0405548 0.287265 -45.8405
0.0391105 0.259987 -53.3901
0.0706927 0.246043 -55.5623
-1.70312 -0.359375 600.004
-0.103356 0.262147 -6.59622
-0.0610864 0.406115 -71.6512
-0.0917944 0.247179 -4.62766
-6.71872e-14 0.047247 10.0774
-6.71872e-14 0.047247 10.0774
-0.0125612 0.0887304 25.4462
0.00463969 0.105008 12.7216
-0.204774 -0.333961 242.039
-0.177718 0.16648 47.4136
0.108597 0.48682 -205.136
0.0244907 -0.157372 65.5036
-0.0533405 0.027724 35.5315
-0.0464621 0.0399567 27.4254
0.0056697 0.054545 4.23803
-0.260635 -0.0535199 198.474
0.0143626 -0.295447 119.249
0 -0.142393 74.6549
0 -0.142393 74.6549
-0.0175154 -0.0600903 57.6271
-0.00100572 -0.141255 74.9567
-0.000260366 -0.141951 74.6869
0.0587737 0.279832 -85.8744
0.0805099 0.342265 -123.222
0.109846 0.0824609 -57.1768
0.0034699 -0.00479054 1.32723
-0.00497101 0.00261099 5.9921
-0.0134306 -0.000935459 14.0018
0.015669 -0.00707583 -8.81773
0.00823471 -0.0109165 0.629851
0.0429688 0.0716146 -52.8659
-0.00589593 -0.00285693 8.38476
-0.001032 -0.010505 7.33161
0.0116404 -0.0153243 -1.54993
-0.0256813 0.00397113 28.2713
-0.0026026 -0.0193499 12.0742
-0.00266195 0.0632419 -18.0388
-0.00371686 0.0734596 -20.5299
-0.00395101 0.0815274 -23.131
-0.00234772 0.0880656 -27.2147
0.00160171 -0.0084636 3.47692
0.0126178 -0.00435038 -6.14477
0.0101625 -0.00698155 -2.58693
0.0133957 -0.00680897 -6.34657
0.0280197 -0.0332636 -20.1025
-0.00248103 -0.0181901 13.6038
-0.0447993 0.0944954 20.2183
-0.0448041 0.0944233 20.2437
-0.0446101 0.0942765 20.2867
-0.0439795 0.0940517 20.3246
-0.0427582 0.0937072 20.3411
-0.0514588 0.0920854 22.0215
-0.0140175 0.0386594 36.316
-0.000505164 -0.0503758 37.1895
-0.000505164 -0.0503758 37.1895
-0.000505164 -0.0503758 37.1895
-0.000505164 -0.0503758 37.1895
-0.000516765 -0.0503816 37.1942
-0.000516765 -0.0503816 37.1942
-0.000574523 -0.0503358 37.1919
-0.000574523 -0.0503358 37.1919
-0.00043451 -0.0502553 37.1177
-0.000386199 -0.0502054 37.0825
-0.000386199 -0.0502054 37.0825
0.00137948 -0.0499673 36.3559
0.00150585 -0.050857 36.6344
0.00150585 -0.050857 36.6344
-0.144135 0.116112 50.0242
-0.138504 0.0792781 61.0062
-0.127425 0.0113969 80.7595
-0.152289 -0.0573698 119.334
0.0213008 -0.152544 62.8292
0 0.015625 12.2266
-0.015297 -0.0673844 57.6366
-0.00769074 0.0105751 2.03255
-0.00124336 0.00830384 -0.00412292
-0.000364516 0.0430934 -13.4169
-0.0262085 0.0061729 22.3622
0.000688166 0.00928664 -1.35696
0.00299107 0.0106528 -3.25516
0.00144961 0.0113815 -2.35752
-0.00987846 0.00411506 9.51039
-0.00295586 -0.00350515 6.39485
-0.00104722 -0.00345554 4.81822
0.0101788 -0.00934778 -2.83254
-0.000193247 -0.0146201 7.93779
-0.000513785 -0.015556 8.54748
0.00955078 -0.00158631 -3.49075
0.022699 -0.0139902 -13.0486
0.0156987 -0.0166936 -5.17932
0.00115481 -0.0143577 6.54475
-0.00499952 -0.00878596 10.771
0.0102524 0.0349646 -21.0664
0.0100811 0.050617 -26.6508
0.00681559 0.0645902 -28.4288
0.00367587 0.0751569 -29.0232
0.00165346 0.0832466 -29.8416
0.000573717 0.089039 -30.8011
-0.000144201 0.0896767 -30.2368
-0.00100423 0.0852929 -27.6425
-0.00161568 0.0743898 -22.9182
-0.000844685 0.0540255 -16.3313
-0.00620226 0.00447828 8.33942
-0.0132541 -0.0323696 30.5338
