0 1 3
1 2 3
2 4 3
4 5 3
5 7 3
7 9 3
9 10 3
10 11 3
11 12 3
12 13 3
13 14 3
14 15 3
15 16 3
16 17 3
17 18 0
18 19 3
19 21 1
21 22 3
22 26 3
25 26 3
25 29 3
29 31 3
31 32 3
32 33 3
33 34 3
34 36 3
36 37 3
37 38 3
38 39 3
39 42 3
42 336 3
45 336 3
45 47 3
47 48 3
48 337 2
337 341 3
55 337 0
55 114 0
54 55 1
54 337 2
56 114 0
22 81 3
26 81 3
2 61 3
4 61 3
37 95 3
17 75 3
18 75 1
29 87 3
31 87 3
38 95 3
9 67 3
21 80 3
22 80 3
26 82 3
81 82 3
25 85 3
36 92 3
5 65 3
7 65 3
7 67 3
10 69 3
11 69 3
26 85 3
110 337 0
53 337 0
4 63 3
5 63 3
5 64 3
34 92 3
4 62 3
65 67 3
10 67 3
38 96 3
39 98 3
61 62 3
64 65 3
14 73 3
15 73 3
19 77 1
33 149 3
39 96 3
0 58 3
1 58 3
12 70 3
13 70 3
14 72 3
16 73 3
16 75 3
36 95 3
102 336 0
53 110 3
60 61 3
63 64 3
10 68 3
19 79 1
80 81 3
25 87 3
31 148 3
36 94 3
2 60 3
67 68 3
11 70 3
18 77 1
21 79 3
32 148 3
94 95 3
39 154 3
337 347 3
62 63 3
13 72 3
85 144 3
25 144 3
87 147 3
31 147 3
33 148 3
33 92 3
96 154 3
39 99 3
39 158 3
55 347 0
1 60 3
77 79 3
87 144 3
98 99 3
114 115 1
65 124 3
67 124 3
68 69 3
98 154 3
114 347 3
72 73 3
16 132 3
92 94 3
95 96 3
158 336 3
58 60 3
73 132 3
75 132 3
70 72 3
26 141 3
85 141 3
147 148 3
92 151 3
99 158 3
79 80 3
82 141 3
45 163 3
80 137 3
87 146 3
94 151 3
163 336 3
47 163 3
75 77 0
146 147 3
170 337 0
48 163 3
170 347 0
69 70 3
79 136 3
80 139 3
58 117 3
60 117 3
70 130 3
72 130 3
77 136 3
81 139 3
92 149 3
75 135 0
77 135 3
85 142 3
87 145 3
60 118 3
141 142 3
148 149 3
154 155 3
98 155 3
163 337 3
61 118 3
70 128 3
72 131 3
221 337 3
65 123 3
69 128 3
73 131 3
79 137 3
144 145 3
145 146 3
94 152 3
115 347 0
58 116 0
64 123 3
123 124 3
68 124 3
75 133 3
95 152 3
95 153 3
96 153 3
116 117 1
132 133 3
82 199 3
152 153 3
98 156 3
99 156 3
68 126 3
131 132 3
133 135 0
141 199 3
142 144 3
155 156 3
99 157 3
157 158 3
61 177 3
62 121 3
63 121 3
64 121 3
69 126 3
135 136 3
80 196 3
153 154 3
156 213 3
117 118 3
62 177 3
64 180 3
123 180 3
128 130 3
130 131 3
137 196 3
139 196 3
151 152 3
118 177 3
136 137 3
155 213 3
126 128 3
82 139 3
156 157 3
336 391 3
337 344 3
121 177 3
158 391 3
170 344 0
121 180 3
130 187 3
148 206 3
280 341 3
128 187 3
139 199 3
280 337 3
154 213 3
341 344 3
124 182 2
126 184 3
135 193 3
163 335 3
126 183 3
149 207 3
92 207 3
335 336 3
335 337 3
121 178 3
124 183 2
68 183 2
231 347 0
177 178 3
182 183 3
132 191 3
133 191 3
147 204 3
147 206 3
149 206 3
92 208 3
151 208 3
344 347 3
131 190 3
132 190 3
136 195 3
137 195 3
146 204 3
183 184 3
190 191 3
135 191 1
142 200 3
158 216 3
123 182 2
141 200 3
144 201 3
145 203 3
145 204 3
206 207 3
207 208 3
213 214 3
156 214 3
157 216 3
335 391 3
117 176 3
118 176 3
130 188 3
131 188 3
136 193 3
196 199 3
144 203 3
153 211 3
154 212 3
221 222 3
121 179 3
179 180 3
126 185 3
191 193 0
142 201 3
147 205 3
151 209 3
152 210 3
153 210 3
216 391 3
222 337 3
178 179 3
128 185 3
128 186 3
187 188 3
131 189 3
196 255 3
199 255 3
144 260 3
203 204 3
204 205 3
208 209 3
209 210 3
153 212 3
176 177 3
180 182 0
184 185 3
188 189 3
136 252 3
200 201 3
201 260 3
203 260 3
205 206 3
186 187 3
211 212 3
212 213 3
116 174 0
195 252 3
210 211 3
117 174 3
199 200 3
157 214 3
193 252 3
185 186 3
189 190 3
214 272 3
195 196 3
157 272 3
174 176 3
177 235 0
193 251 3
191 250 0
193 250 3
157 330 3
281 337 3
272 330 3
280 281 3
180 238 3
183 241 0
216 330 3
179 238 3
184 241 0
195 253 3
199 257 3
200 257 3
281 335 3
176 235 2
196 253 3
208 266 3
209 266 3
211 269 3
212 269 3
274 391 3
174 233 3
176 233 3
187 245 3
188 245 3
216 274 3
179 237 0
190 248 2
210 268 3
211 268 3
213 272 3
178 236 0
180 240 0
182 240 2
183 240 0
189 248 3
250 251 3
251 252 3
252 253 3
201 318 3
203 261 3
209 268 3
213 271 3
271 272 3
178 235 0
184 242 0
185 242 0
200 318 3
204 261 3
212 270 3
235 236 3
236 237 3
240 241 3
191 248 2
255 257 3
200 258 3
209 267 3
269 270 3
237 238 1
241 242 3
186 245 3
260 318 3
267 268 3
213 270 3
274 330 3
280 339 3
339 341 3
186 244 0
244 245 3
257 258 3
258 318 3
207 265 3
208 265 3
266 267 3
268 269 3
270 271 3
274 505 3
185 243 0
185 244 0
248 250 0
206 265 3
174 290 2
233 290 3
233 234 3
176 234 2
237 295 3
243 244 3
265 266 3
341 514 3
234 235 3
238 295 0
242 243 3
189 247 0
344 514 3
238 240 0
247 248 1
205 261 3
205 265 3
286 344 0
188 247 0
265 322 3
253 311 3
205 322 3
281 391 3
240 297 3
245 304 0
196 312 3
339 514 3
243 300 3
188 304 0
252 311 3
253 312 3
255 312 3
330 505 3
281 339 3
238 297 0
242 300 3
260 261 3
345 347 3
247 304 3
344 345 3
238 296 3
241 299 3
255 315 3
257 315 3
296 297 0
318 434 3
269 327 3
248 307 2
250 307 3
252 310 3
310 311 3
261 321 3
205 321 3
268 327 3
241 300 3
247 305 3
247 306 3
255 314 3
265 323 3
266 323 3
240 299 3
304 305 3
314 315 3
260 319 3
261 319 3
233 291 3
234 291 3
295 296 1
305 306 3
312 314 3
375 434 3
260 434 3
290 291 3
319 434 3
319 321 3
321 322 3
234 293 3
299 300 3
244 303 0
245 303 0
271 330 3
391 505 3
333 391 3
235 293 3
244 302 3
250 308 3
251 309 3
251 368 3
252 368 3
266 324 3
267 325 3
268 326 3
270 328 3
271 329 3
281 333 3
234 351 2
236 294 3
247 307 3
307 308 3
308 309 3
323 324 3
324 325 3
325 326 3
326 327 3
327 328 3
328 329 3
329 330 3
297 299 3
309 368 3
258 316 3
293 351 3
235 294 3
237 294 3
243 302 3
258 315 3
316 318 3
302 303 0
303 304 3
306 307 3
310 368 3
322 323 3
281 396 3
293 294 3
294 295 3
316 434 3
339 396 3
345 514 3
311 312 3
315 316 3
310 369 3
311 369 3
290 349 3
291 349 3
291 351 3
296 355 0
312 370 3
297 355 3
291 350 3
300 359 3
243 359 3
350 351 3
349 350 3
302 360 3
297 356 3
299 356 3
295 353 3
302 359 2
304 362 3
296 353 0
353 354 2
299 357 3
303 360 3
305 362 3
368 369 3
314 372 3
345 463 1
296 354 0
300 357 3
359 360 3
307 364 3
312 372 3
315 373 3
391 449 3
306 364 3
321 380 3
329 387 3
330 387 3
449 505 3
290 348 3
354 355 0
300 358 3
305 363 3
306 363 3
307 365 3
308 366 3
309 367 3
372 373 3
319 320 3
320 321 3
321 379 3
322 380 3
323 380 3
323 381 3
323 382 3
324 382 3
325 383 3
326 384 3
327 385 3
328 385 3
328 386 3
328 387 3
348 349 3
356 357 3
357 358 3
358 359 3
303 362 3
362 363 3
364 365 3
365 366 3
366 367 3
373 431 3
320 379 3
382 383 3
383 384 3
384 385 3
294 353 3
367 368 3
379 380 3
380 381 3
385 386 3
294 410 3
355 356 3
312 369 3
379 437 3
381 382 3
386 387 3
370 429 3
312 429 3
320 378 3
369 370 3
316 373 3
316 431 3
378 379 3
353 410 3
363 364 3
316 375 3
378 434 3
319 378 3
514 519 3
294 351 3
372 429 3
391 392 1
375 431 3
392 449 0
330 389 3
351 410 3
368 427 3
369 427 3
339 571 3
345 520 1
330 446 3
514 571 3
514 520 1
355 412 1
303 419 3
387 446 3
389 446 3
333 392 1
354 412 1
360 419 3
370 428 1
349 407 3
362 419 3
370 427 3
392 508 0
463 520 0
350 407 3
355 413 3
357 416 3
358 416 3
389 505 3
412 413 0
427 428 1
384 443 3
385 443 3
362 420 3
364 421 3
365 423 3
372 430 3
373 430 3
348 406 3
353 411 3
356 413 3
359 418 3
360 418 3
363 420 3
363 421 3
364 422 3
365 422 3
366 423 3
366 424 3
367 424 3
380 439 3
386 444 3
349 406 3
350 408 3
351 409 3
354 411 2
356 415 3
357 415 3
415 416 3
359 416 3
418 419 3
381 439 3
382 440 3
383 440 3
385 444 3
449 508 3
514 518 1
407 408 3
409 410 3
359 417 3
421 422 3
382 439 3
383 442 3
384 442 3
514 575 1
406 407 3
351 408 3
416 417 3
417 418 3
422 423 3
367 425 3
368 426 3
426 427 3
442 443 3
387 444 3
387 445 3
518 575 0
411 412 1
423 424 3
424 425 3
333 508 3
419 420 3
368 425 3
375 433 3
380 437 3
410 411 3
420 421 3
425 426 3
433 434 3
439 440 3
443 444 3
446 505 3
571 575 1
408 409 3
356 472 3
428 429 0
439 496 3
444 445 3
413 472 3
429 430 3
380 496 3
415 472 3
440 442 3
442 499 3
445 446 3
505 561 3
440 499 3
446 561 3
281 511 3
333 511 3
396 511 3
449 561 3
396 571 3
379 434 3
437 496 3
415 473 3
430 431 3
518 519 0
408 466 3
426 484 3
429 488 3
434 494 3
427 484 3
430 488 3
379 494 3
428 486 3
429 487 3
519 520 1
472 473 3
427 486 1
379 496 3
439 497 3
444 503 3
445 503 3
420 478 3
424 482 3
425 482 3
407 466 3
409 466 3
410 469 3
411 469 3
416 474 3
419 478 3
428 487 0
431 488 3
496 497 3
440 497 3
411 470 1
412 470 3
415 474 3
417 474 3
417 475 3
422 480 3
497 555 3
406 464 3
407 464 3
407 465 3
409 467 3
410 467 3
418 475 3
421 480 3
423 481 3
427 485 3
442 500 3
443 501 3
443 502 3
444 502 3
445 504 3
446 504 3
449 507 3
465 466 3
410 468 3
474 475 3
418 476 3
419 476 3
480 481 3
481 482 3
425 483 3
486 487 0
487 488 3
499 500 3
501 502 3
504 561 3
507 508 3
468 469 3
469 470 1
473 474 3
426 483 3
484 485 3
502 503 3
503 504 3
464 465 3
466 467 3
467 468 3
475 476 3
485 486 1
501 559 3
507 561 3
421 478 3
442 501 3
520 578 1
412 472 0
483 484 3
333 566 3
470 472 0
482 483 3
497 499 3
508 566 3
333 510 3
463 578 1
476 478 3
431 490 3
510 566 3
510 511 3
500 501 3
466 525 1
467 525 1
421 538 3
375 490 3
433 549 1
433 550 1
434 550 1
396 513 3
513 571 3
478 538 3
499 559 3
511 626 3
396 626 3
466 524 1
488 546 1
549 550 3
465 524 1
469 527 1
480 538 3
468 527 1
499 555 3
476 535 3
478 535 3
488 490 3
434 551 2
494 551 2
507 565 3
465 523 1
523 524 3
472 530 1
481 540 3
482 540 3
561 565 3
513 626 3
473 530 1
474 533 1
475 533 1
534 535 3
550 551 0
379 553 2
510 626 3
470 527 3
472 529 1
475 534 1
476 534 1
533 534 3
481 538 3
481 539 3
496 553 2
518 520 0
524 525 3
470 529 3
473 531 1
478 536 3
490 546 1
518 635 0
468 525 1
474 531 1
536 538 3
538 539 3
539 540 3
483 540 3
483 542 0
484 542 0
485 542 0
487 546 1
546 547 0
490 547 3
375 547 1
494 552 3
500 559 3
571 573 1
464 522 1
470 528 3
474 532 0
532 533 1
483 541 0
486 542 0
502 560 3
513 573 1
522 523 3
529 530 1
530 531 3
531 532 0
541 542 3
496 554 3
496 555 3
559 560 3
527 528 3
540 541 3
375 549 1
494 553 3
554 555 3
503 560 3
575 635 0
520 635 0
525 527 0
508 565 3
513 572 3
572 573 1
578 635 0
535 536 3
561 562 3
528 529 3
551 552 3
553 554 3
499 557 3
566 626 3
555 556 3
499 556 3
487 545 1
546 605 0
486 545 2
545 546 1
486 602 2
375 606 1
503 561 3
538 595 1
549 606 3
552 553 3
556 557 3
561 621 3
565 621 3
525 584 0
536 595 1
545 602 3
547 605 3
527 584 0
530 587 0
535 593 1
536 593 1
542 601 3
486 601 0
601 602 3
571 633 1
575 633 0
529 587 3
538 596 1
573 633 0
633 635 0
539 596 1
525 583 3
533 591 1
534 591 1
546 604 0
604 605 3
551 610 3
552 610 3
560 618 3
561 618 3
572 633 1
532 591 1
541 599 3
545 604 3
560 561 3
528 586 1
528 587 3
532 590 1
540 599 2
556 615 1
557 615 1
499 615 1
559 618 3
561 563 3
590 591 3
593 594 0
536 594 2
595 596 1
539 655 0
542 600 3
562 563 3
522 580 0
524 583 3
527 585 0
528 585 0
586 587 0
530 588 0
531 589 3
531 590 2
534 592 1
541 600 3
551 609 3
562 621 3
634 635 3
523 580 0
583 584 0
584 585 3
585 586 1
587 588 3
588 589 3
589 590 3
592 593 0
594 595 1
596 655 0
547 606 3
550 609 2
553 610 3
626 627 1
633 634 0
545 603 3
553 730 3
554 730 3
565 566 3
591 592 1
599 600 3
600 601 3
603 604 3
565 624 3
566 624 3
602 603 3
609 610 3
555 730 3
556 614 3
555 614 3
614 615 1
635 637 3
539 656 2
540 656 2
550 666 2
563 618 3
596 654 1
610 730 2
621 680 3
565 680 3
599 656 3
610 668 3
559 615 1
513 632 1
605 606 3
609 666 3
668 730 0
523 582 0
524 582 0
583 642 0
549 665 3
550 665 2
615 675 0
559 675 3
635 688 3
523 581 0
582 583 1
606 665 3
624 680 3
566 625 3
513 634 3
634 688 3
655 656 1
618 675 3
624 625 3
625 626 3
580 581 1
637 688 3
581 582 3
665 666 3
632 634 0
624 681 3
637 695 1
584 642 3
605 662 3
615 674 3
604 662 3
614 730 3
674 675 3
562 679 3
621 679 3
603 661 3
604 661 3
563 677 1
595 653 0
596 653 0
599 657 3
680 681 3
625 686 3
626 686 3
626 687 3
513 687 3
513 633 1
637 869 3
695 869 0
581 639 3
582 639 3
582 640 3
583 640 0
594 653 1
653 654 1
606 664 3
688 869 3
580 638 1
593 651 0
594 651 1
594 652 1
602 660 3
602 661 3
609 667 3
563 679 3
632 633 2
583 641 0
584 643 3
585 643 3
586 644 0
587 645 0
588 646 0
589 647 0
590 648 0
591 649 0
592 650 0
652 653 2
656 657 3
600 657 3
600 658 3
601 658 3
601 660 3
660 661 3
664 665 3
666 667 3
640 641 3
641 642 3
643 644 3
644 645 3
645 646 3
646 647 3
647 648 3
648 649 3
649 650 3
650 651 1
651 652 3
601 659 3
661 662 3
606 662 3
609 668 3
614 673 3
615 673 3
618 676 3
642 643 3
563 676 3
580 639 1
639 640 3
654 655 0
657 658 3
659 660 3
673 674 3
658 659 3
662 664 3
679 680 3
667 668 3
668 727 3
675 676 3
513 688 3
662 721 0
624 802 3
625 802 3
687 688 3
688 689 3
638 639 3
727 730 0
686 802 3
677 736 0
686 687 3
676 677 3
659 717 3
658 717 3
563 736 3
681 802 3
664 721 3
679 736 3
656 713 0
660 718 3
676 736 3
654 712 0
655 712 1
655 713 3
642 700 3
643 700 3
659 718 3
662 720 3
688 751 1
680 738 3
688 863 3
751 869 0
657 715 3
665 724 3
679 738 3
687 863 3
648 706 1
649 706 1
651 710 0
652 710 0
658 715 3
717 718 3
727 728 3
728 730 0
614 728 1
681 738 3
688 864 3
638 696 3
639 696 3
641 699 3
641 700 3
643 701 3
644 702 3
645 703 3
646 704 1
647 705 1
650 708 1
651 709 1
653 711 0
654 711 0
713 714 1
656 714 3
661 718 3
667 726 3
674 732 3
675 732 3
863 864 3
753 869 0
700 701 3
701 702 3
702 703 3
703 704 1
704 705 2
705 706 3
649 707 1
649 708 1
708 709 1
709 710 0
710 711 3
657 714 3
716 717 3
661 719 3
666 724 3
667 724 3
668 726 3
673 731 3
673 732 3
679 737 3
640 699 3
699 700 3
706 707 3
712 713 0
658 716 3
720 721 0
614 731 3
731 732 3
736 737 3
737 738 3
864 869 3
640 698 3
707 708 3
714 715 3
718 719 3
661 720 3
726 727 3
639 697 3
640 697 3
676 732 3
697 698 3
698 699 3
711 712 3
715 716 3
676 793 3
736 793 3
749 869 0
696 697 3
719 720 3
664 724 3
724 726 3
738 855 3
752 869 0
664 780 3
681 855 3
687 862 3
862 863 3
724 780 3
721 780 3
732 793 3
802 855 3
686 859 3
687 859 3
699 756 3
712 771 1
713 771 1
728 787 3
614 787 1
698 756 3
614 845 1
731 845 1
802 859 3
707 765 0
709 768 0
710 768 3
697 756 3
708 765 0
709 767 0
712 770 3
717 775 3
718 775 3
767 768 3
711 770 3
724 784 3
726 784 3
796 855 3
697 755 0
714 772 1
715 773 3
787 845 3
738 796 3
696 755 2
715 772 1
716 773 3
737 795 3
738 795 3
809 869 0
696 754 0
699 757 3
700 758 3
701 759 3
702 760 3
703 761 3
704 762 0
705 763 0
706 764 1
713 772 1
718 776 3
727 786 3
728 786 3
736 794 3
811 869 0
754 755 1
756 757 3
757 758 3
758 759 3
759 760 3
760 761 3
761 762 3
762 763 3
763 764 1
764 765 0
770 771 1
771 772 0
716 775 3
775 776 3
719 776 1
793 851 3
793 794 3
794 795 3
687 860 3
755 756 1
732 851 3
859 860 3
860 862 3
727 784 3
786 787 3
795 796 3
772 773 0
708 766 0
709 766 0
711 768 3
773 775 3
719 777 3
720 836 3
721 836 1
784 786 3
776 777 0
720 777 3
765 766 0
766 767 3
732 845 1
865 869 3
810 869 3
768 770 3
864 865 3
802 858 3
780 836 1
858 859 3
771 829 0
773 832 3
724 789 0
784 789 0
786 789 0
863 920 3
864 920 3
772 829 0
775 832 3
775 833 3
776 833 3
777 836 3
789 954 3
772 831 0
773 831 3
780 789 0
802 857 3
765 823 1
770 828 0
770 829 2
793 853 3
794 853 3
855 857 3
857 858 3
862 920 3
764 822 0
764 823 2
766 823 1
828 829 3
786 843 3
768 827 3
770 827 3
772 830 0
831 832 3
789 843 1
869 925 3
829 830 0
830 831 3
795 853 3
754 812 1
755 813 0
756 814 1
757 815 1
758 816 1
759 817 1
760 818 1
761 819 1
762 820 1
763 821 1
823 824 0
766 824 3
767 825 3
832 833 3
786 844 3
732 733 3
733 851 3
861 862 3
812 813 0
813 814 1
814 815 3
815 816 3
816 817 3
817 818 3
818 819 3
819 820 3
820 821 3
821 822 0
822 823 1
824 825 3
768 825 3
851 853 3
860 861 3
733 845 1
776 891 3
777 891 1
849 851 3
796 853 3
768 826 3
833 891 3
789 844 1
787 844 3
825 826 3
826 827 3
733 849 3
865 920 3
827 828 0
851 909 1
853 909 1
796 913 3
853 913 3
865 866 1
859 918 3
860 918 3
789 845 1
858 918 3
866 869 0
789 963 1
851 908 1
825 883 3
849 908 1
824 883 3
826 883 3
855 913 3
827 885 3
832 890 3
833 890 3
824 882 3
882 883 3
826 885 3
828 885 1
844 845 3
861 919 3
862 919 3
855 914 3
857 914 3
857 918 3
919 920 3
865 923 3
831 890 3
920 923 3
866 923 0
869 923 3
812 870 1
813 871 3
814 872 3
815 873 3
816 874 3
817 875 3
818 876 3
819 877 3
820 878 3
821 879 3
822 880 1
823 881 0
823 882 0
828 886 1
829 887 2
830 888 3
831 889 3
789 836 1
908 909 3
853 911 3
923 925 3
870 871 0
871 872 1
872 873 3
873 874 3
874 875 3
875 876 3
876 877 3
877 878 3
878 879 3
879 880 3
880 881 3
881 882 3
885 886 3
886 887 3
887 888 3
888 889 3
911 913 3
826 884 3
889 890 3
914 918 3
861 918 3
883 884 3
909 911 0
884 885 3
913 914 3
890 891 3
777 895 0
836 895 0
918 919 3
891 895 0
917 918 3
914 917 3
733 789 3
733 908 1
919 921 3
920 921 3
789 895 3
911 971 3
913 971 3
891 949 3
895 949 1
881 939 3
882 939 3
886 944 3
923 927 3
870 928 3
871 929 1
872 930 3
873 931 3
874 932 3
875 933 3
876 934 3
877 935 3
878 936 3
879 937 3
880 938 3
885 943 3
887 944 3
888 947 3
889 947 3
925 927 3
928 929 0
929 930 1
930 931 3
931 932 3
932 933 3
933 934 3
934 935 3
935 936 3
936 937 3
937 938 3
938 939 3
885 944 3
889 948 3
890 948 3
908 965 0
909 965 0
921 923 3
890 949 3
943 944 3
909 969 0
911 969 3
887 945 3
888 945 3
733 965 3
918 972 3
884 943 3
944 945 3
969 971 3
917 972 3
919 972 3
945 947 3
947 948 3
948 949 3
882 953 0
883 953 0
884 953 0
914 971 3
965 969 3
917 971 3
921 927 3
971 972 3
939 953 0
927 1037 1
938 995 3
939 995 3
943 953 0
943 945 3
921 972 3
936 994 3
937 994 3
928 986 0
929 987 0
930 988 3
931 989 3
932 990 3
933 991 3
934 992 3
935 993 3
935 994 3
986 987 3
987 988 3
988 989 3
989 990 3
990 991 3
991 992 3
992 993 3
993 994 3
937 995 3
945 953 0
953 995 1
994 995 3
733 969 3
895 954 3
