0 2 1
2 3 3
3 4 3
4 5 3
5 6 3
6 7 3
7 67 3
10 67 3
10 12 3
12 14 3
14 15 3
15 16 3
16 18 3
18 19 3
19 20 3
20 21 3
21 22 3
22 23 3
23 24 3
24 25 3
25 27 3
27 28 3
28 29 3
29 30 3
30 32 0
32 33 3
33 34 3
34 35 3
35 36 3
36 39 3
39 40 3
40 41 3
41 43 3
43 561 3
46 561 0
46 562 0
44 46 1
44 282 3
51 282 0
228 282 3
54 228 0
57 228 0
12 71 3
44 562 3
280 282 3
12 72 3
14 72 3
44 280 3
48 280 0
48 282 0
11 12 3
561 562 3
40 98 3
41 98 3
10 11 3
71 72 3
36 95 3
41 100 3
25 84 3
27 84 3
57 285 0
18 76 3
7 66 3
30 88 1
32 89 3
66 67 3
15 74 3
16 75 1
27 85 3
28 85 3
43 100 3
228 285 3
2 60 3
6 64 3
16 74 3
18 75 1
19 76 3
21 79 1
88 89 0
32 90 3
107 282 0
0 60 1
3 61 3
4 62 3
15 72 3
19 77 3
20 77 3
20 78 3
21 80 1
25 82 3
33 90 3
33 92 3
34 92 3
40 97 3
44 105 1
48 107 1
3 60 3
3 62 3
7 64 3
21 78 1
22 80 1
24 82 3
39 95 3
105 562 0
5 62 3
5 63 3
11 67 3
75 76 0
79 80 3
29 88 1
35 92 3
39 97 3
98 157 3
41 157 3
5 64 3
89 90 3
36 151 3
100 157 3
105 561 0
105 279 0
70 71 3
95 151 3
62 63 3
72 74 3
23 82 3
35 151 3
107 280 0
60 61 3
61 62 3
11 70 3
12 70 3
76 77 3
77 78 3
23 80 1
112 228 0
78 79 1
44 279 3
172 285 0
28 145 3
92 151 3
97 98 3
279 280 3
0 117 3
63 64 3
64 66 3
11 126 3
74 75 3
82 84 3
84 85 3
29 145 3
90 92 3
60 117 0
67 126 3
95 152 3
88 145 0
151 152 3
64 123 3
85 145 3
39 152 3
66 123 3
126 127 3
11 127 3
85 144 3
72 131 3
74 131 3
144 145 3
226 282 3
226 228 3
64 122 3
67 125 3
84 142 3
85 142 3
89 147 3
66 125 3
76 135 3
80 82 0
88 147 0
116 117 3
72 130 3
92 150 3
39 154 3
125 126 3
71 130 3
90 149 3
152 154 3
107 165 3
70 127 3
74 132 3
75 132 3
80 139 0
92 149 3
150 151 3
165 282 0
170 228 0
64 120 0
130 131 3
76 133 2
77 135 3
78 137 3
82 139 3
89 148 3
97 156 3
61 117 0
62 120 0
120 122 1
70 128 3
75 133 3
85 143 3
90 148 3
98 156 3
123 125 3
127 128 3
132 133 3
82 140 3
142 143 3
143 144 3
149 150 3
39 156 3
165 280 0
172 228 0
61 118 0
61 120 1
84 140 3
84 141 3
88 146 0
147 148 3
100 216 3
100 561 3
279 561 3
117 118 3
63 120 0
122 123 3
131 132 3
135 194 3
79 137 2
140 141 3
145 146 3
216 391 3
228 287 3
133 135 3
139 197 3
139 140 3
141 142 3
148 149 0
157 216 3
170 287 0
80 137 2
170 285 0
118 120 1
77 137 3
285 287 3
135 137 3
146 147 3
70 130 3
156 157 3
168 226 0
137 195 0
123 181 0
150 207 1
120 179 1
122 179 2
70 187 3
130 187 3
137 139 0
149 207 1
168 228 0
117 176 3
118 176 3
128 187 3
116 175 3
117 175 3
125 181 2
125 182 2
175 176 3
181 182 3
137 194 0
151 209 3
216 561 3
226 287 3
144 203 3
145 203 3
39 272 3
156 272 3
157 273 3
120 178 1
152 210 3
154 272 3
216 273 3
391 561 3
118 178 3
131 190 3
132 190 3
135 191 3
139 255 3
140 255 3
152 211 3
156 214 3
116 174 3
126 184 2
127 185 3
128 185 3
133 191 3
150 209 3
154 211 3
157 214 3
178 179 2
127 184 2
197 255 3
143 201 3
144 201 3
210 211 3
269 272 3
225 282 0
225 226 0
174 175 3
118 177 3
122 180 3
182 183 3
125 183 3
126 183 3
184 185 3
130 188 3
191 194 3
151 210 3
214 272 3
177 178 3
123 180 3
187 188 3
130 190 3
133 190 3
139 195 3
141 199 3
141 258 3
142 201 3
146 203 3
214 273 3
225 280 0
176 177 3
179 180 2
180 181 0
183 184 3
188 190 3
142 258 3
148 207 3
140 199 3
199 258 3
150 266 3
209 266 3
190 191 3
146 205 3
147 205 3
209 210 3
226 280 3
128 244 3
201 203 3
148 205 3
284 287 3
187 244 3
194 250 3
139 253 3
226 284 3
194 195 3
195 253 3
197 253 3
199 255 3
203 205 3
211 272 3
191 250 3
205 207 3
214 269 3
185 244 3
207 265 0
280 561 3
190 248 3
214 271 3
194 251 3
194 252 3
182 240 2
188 248 3
250 251 3
195 252 3
269 271 3
181 240 2
251 252 3
201 258 3
205 264 3
207 264 3
209 267 3
201 260 3
203 260 3
205 262 3
266 267 3
178 236 3
179 237 0
180 297 0
185 243 3
188 246 3
210 268 3
211 269 3
180 237 0
252 253 3
207 266 0
209 268 3
271 273 3
179 236 2
191 248 3
174 232 3
177 234 3
177 236 3
181 297 2
183 240 0
184 242 2
210 269 3
269 270 3
287 288 1
176 234 3
183 242 0
199 315 3
205 319 3
267 268 3
280 284 3
175 232 3
258 315 3
262 319 3
236 237 3
240 242 3
246 305 3
246 248 3
248 250 3
201 259 3
265 266 3
268 269 3
270 271 3
177 293 3
184 243 2
203 319 3
264 265 3
234 293 3
236 293 3
242 243 3
258 259 3
259 260 3
216 331 3
240 297 3
243 244 3
246 304 3
252 311 3
253 311 3
197 312 3
260 319 3
262 264 3
331 391 3
187 246 3
253 312 3
175 234 3
244 303 2
187 303 0
273 331 3
187 304 0
304 305 3
197 313 3
262 321 3
273 330 3
175 291 3
234 291 3
303 304 3
312 313 3
255 313 3
264 321 3
271 330 3
232 290 3
232 291 3
237 295 3
240 299 3
242 299 3
248 307 2
250 307 3
271 329 3
255 315 3
258 316 3
315 431 3
270 328 3
329 330 3
180 354 3
315 316 3
265 323 3
268 327 3
269 327 3
237 354 1
297 354 1
243 303 2
251 309 3
252 310 3
310 311 3
259 316 3
295 354 1
250 308 3
251 308 3
252 309 3
264 322 3
266 323 3
267 325 3
271 328 3
240 298 3
268 325 3
287 346 1
293 294 3
236 294 3
297 298 3
298 299 3
313 315 3
262 320 3
265 322 3
266 324 3
267 324 3
328 329 3
280 455 1
242 300 3
252 368 3
321 322 3
268 326 3
269 328 3
299 300 3
308 309 3
309 368 3
320 321 3
322 323 3
326 327 3
330 331 3
237 294 3
307 308 3
323 324 3
325 326 3
290 291 3
315 373 3
327 328 3
234 350 3
243 300 2
303 360 3
248 305 2
313 373 3
324 325 3
293 350 3
294 295 3
310 368 3
311 312 3
305 307 3
259 376 3
260 376 3
319 320 3
287 347 1
305 365 3
346 347 0
291 350 3
297 355 3
307 365 3
316 374 3
354 355 0
243 359 2
303 361 3
310 369 3
311 369 3
319 376 3
300 359 3
360 361 3
259 375 3
330 446 3
331 446 3
284 286 3
287 345 1
291 349 3
295 353 3
300 358 3
375 376 3
284 345 1
290 349 3
353 354 1
368 369 3
316 375 3
391 446 3
286 345 1
372 373 3
455 561 0
303 359 3
304 361 3
313 372 3
286 518 1
304 362 3
305 362 3
312 370 3
349 350 3
297 356 3
298 356 3
359 360 3
299 358 3
305 363 3
313 370 3
373 431 3
324 382 3
329 446 3
298 357 3
299 357 3
362 363 3
323 382 3
294 352 3
295 352 3
374 375 3
329 387 3
345 518 0
290 348 3
352 353 3
358 359 3
363 365 3
363 364 3
308 366 3
309 366 3
370 372 3
320 376 3
325 383 3
326 385 3
327 385 3
328 386 3
387 446 3
354 413 0
355 413 3
364 365 3
365 366 3
316 431 3
374 431 3
382 383 3
326 383 3
328 385 3
386 387 3
357 358 3
322 382 3
326 384 3
385 386 3
348 349 3
355 356 3
356 357 3
309 367 3
312 369 3
383 384 3
561 563 3
367 368 3
369 370 3
384 385 3
455 563 0
366 367 3
361 362 3
376 495 3
372 429 3
322 439 3
284 455 1
370 429 3
317 375 3
382 439 3
287 520 3
294 350 3
321 438 3
322 438 3
350 352 3
352 409 3
284 395 3
350 409 3
368 484 3
369 484 3
321 378 3
320 378 3
395 455 1
320 495 3
286 395 3
353 411 3
352 411 3
364 422 3
365 422 3
365 423 3
438 439 3
387 445 3
350 408 3
352 410 3
354 411 0
361 419 3
366 423 3
366 424 3
369 427 3
372 430 3
386 445 3
445 446 3
349 408 3
410 411 3
354 412 3
359 417 3
360 417 3
360 418 3
361 418 3
362 419 3
363 421 3
364 421 3
367 424 3
427 484 3
373 430 3
375 495 3
383 442 3
384 442 3
348 406 3
349 407 3
409 410 3
411 412 1
357 415 3
358 416 3
358 417 3
429 430 3
382 440 3
383 441 3
384 443 3
385 443 3
386 443 3
386 444 3
406 407 3
407 408 3
356 415 3
415 416 3
417 418 3
362 420 3
362 421 3
421 422 3
422 423 3
423 424 3
370 427 3
440 441 3
441 442 3
442 443 3
444 445 3
408 409 3
412 413 0
355 414 3
356 414 3
418 419 3
419 420 3
430 431 3
378 438 3
443 444 3
446 504 3
391 504 3
414 415 3
416 417 3
424 482 3
367 483 3
439 440 3
508 561 3
420 421 3
482 483 3
368 426 3
430 488 3
413 414 3
367 426 3
426 484 3
370 485 3
429 488 3
431 489 2
451 508 0
427 485 3
441 500 3
442 500 3
426 483 3
429 485 3
375 431 3
443 501 3
504 561 3
443 500 3
430 489 2
287 519 1
413 471 3
493 495 3
345 519 0
287 521 1
412 471 0
485 486 1
488 489 3
286 517 1
420 477 3
421 477 3
320 379 3
378 379 3
379 495 3
439 497 3
406 464 3
414 471 3
419 477 3
375 493 3
438 497 3
499 500 3
407 464 3
410 468 3
411 468 3
417 475 3
418 477 3
421 480 3
422 480 3
379 493 3
378 497 3
441 499 3
444 502 3
517 518 3
287 579 1
416 475 3
423 481 3
424 481 3
440 497 3
445 502 3
519 520 0
520 579 1
521 579 1
407 465 3
408 465 3
411 469 1
414 472 3
415 473 3
416 474 3
417 476 3
418 476 3
421 479 3
440 499 3
443 502 3
464 465 3
468 469 1
412 469 3
471 472 3
472 473 3
473 474 3
474 475 3
475 476 3
476 477 3
477 479 3
479 480 3
480 481 3
379 497 3
501 502 3
409 468 3
429 486 1
445 560 3
481 482 3
484 485 3
500 501 3
408 466 3
409 466 3
395 517 1
483 484 3
497 499 3
455 512 1
466 468 3
379 553 2
497 555 3
445 504 3
512 563 0
395 512 1
465 466 3
375 550 1
493 553 2
502 560 3
375 491 1
499 555 3
395 563 3
518 519 0
486 488 0
489 548 3
431 548 1
491 550 3
431 491 1
493 550 1
504 560 3
466 524 1
412 470 3
465 524 1
468 525 1
469 470 3
488 546 1
493 551 2
466 525 1
470 471 0
477 535 3
488 545 1
550 551 0
471 529 1
545 546 3
523 524 3
472 530 1
473 531 1
474 531 1
477 536 3
479 536 3
283 395 3
283 517 1
465 523 1
472 529 1
473 530 1
475 531 1
480 538 3
497 553 2
524 525 0
475 534 1
476 534 1
479 538 3
525 526 3
468 526 1
529 530 3
530 531 3
481 538 3
504 563 3
469 526 3
470 529 3
477 534 3
535 536 3
489 547 3
547 548 3
517 576 3
518 576 3
484 542 2
485 542 2
431 549 1
552 553 3
283 574 1
283 576 1
519 576 1
464 522 1
531 532 1
479 537 3
483 541 3
483 542 3
485 544 1
486 544 3
548 549 3
551 553 3
501 560 3
519 577 1
522 523 3
470 528 3
528 529 3
475 532 1
537 538 3
482 541 3
541 542 3
542 544 1
488 544 1
497 554 2
576 577 2
520 577 1
469 527 3
491 549 3
553 554 3
577 579 0
470 527 3
534 535 3
536 537 3
482 597 3
488 547 3
512 629 1
526 527 3
541 597 3
551 552 3
555 556 3
499 556 3
500 558 3
501 558 3
395 629 1
574 576 0
532 534 0
538 539 3
481 539 3
482 539 3
546 547 0
554 555 3
499 557 3
499 558 3
539 597 3
556 557 3
527 528 3
544 545 1
558 560 3
283 579 1
545 603 0
549 550 3
283 577 1
546 604 0
555 613 3
504 624 1
542 600 3
554 613 3
557 558 3
527 585 1
544 603 3
532 591 3
534 591 1
544 600 3
563 624 1
556 614 3
557 615 3
558 615 3
557 614 3
558 617 3
560 617 3
283 637 1
597 598 3
554 612 3
283 632 1
525 584 1
526 584 1
535 593 3
541 598 3
544 601 3
551 609 3
553 612 3
556 613 3
615 617 3
524 583 1
525 583 1
532 590 3
536 595 1
537 595 1
541 599 3
600 601 3
550 609 2
614 615 3
524 582 1
528 586 1
531 590 1
590 591 3
536 593 3
538 597 3
542 599 3
546 603 0
548 606 3
551 610 3
552 610 3
553 611 3
522 580 1
523 581 1
529 586 1
529 587 1
530 588 1
531 589 1
536 594 1
538 596 3
596 597 3
547 605 3
610 611 3
580 581 3
581 582 3
582 583 3
586 587 1
587 588 2
588 589 3
589 590 3
593 594 1
594 595 0
538 595 1
546 605 0
548 605 3
549 606 3
611 612 3
612 613 3
560 619 3
504 619 3
583 584 3
527 584 1
527 586 1
595 596 0
599 600 3
613 614 3
585 586 3
604 605 3
609 610 3
584 585 3
598 599 3
605 606 3
395 803 3
534 592 1
535 592 1
283 803 3
592 593 0
601 603 3
603 604 3
617 619 3
563 803 3
550 666 2
601 659 3
603 659 3
549 666 3
591 592 1
604 662 3
549 607 3
609 666 3
606 607 3
607 666 3
603 660 3
659 660 3
598 656 3
599 656 3
599 658 3
600 658 3
603 661 3
609 725 3
580 638 1
581 639 2
582 639 2
591 649 1
595 653 3
605 662 3
606 664 3
581 638 1
590 648 1
591 648 1
592 649 0
594 652 0
595 652 3
596 653 1
596 654 1
597 656 3
656 657 3
599 657 3
660 661 3
605 663 2
606 663 3
607 664 3
614 846 1
563 800 3
648 649 2
593 651 1
600 659 3
661 662 3
604 661 3
663 664 3
666 725 3
609 668 3
610 668 3
611 668 3
611 669 3
638 639 0
582 640 2
583 641 2
584 642 2
585 643 1
586 644 1
587 645 3
588 646 1
589 647 1
589 648 1
592 651 0
651 652 0
597 654 3
607 665 1
613 846 1
504 800 3
639 640 3
640 641 3
641 642 3
642 643 1
643 644 3
644 645 0
645 646 1
646 647 3
647 648 3
652 653 3
653 654 3
612 669 3
503 617 3
504 505 3
658 659 3
662 663 3
503 619 3
505 736 1
654 656 3
612 670 1
612 846 1
615 846 1
668 669 3
669 670 3
657 658 3
670 846 3
503 505 3
649 651 0
505 619 3
649 707 1
664 665 1
665 666 0
503 615 2
651 707 1
668 725 3
651 708 0
503 846 1
707 708 0
651 709 0
652 709 1
505 800 3
656 713 3
708 709 3
660 775 3
654 713 3
661 775 3
653 711 3
658 716 3
659 717 3
660 717 3
669 727 3
670 729 3
563 743 3
648 707 0
652 711 3
656 715 3
657 715 3
661 719 3
662 719 3
668 727 3
729 846 3
743 803 3
638 696 0
639 697 1
640 698 1
641 699 1
642 700 1
643 701 0
644 702 0
647 706 0
648 706 0
654 711 3
654 712 3
664 722 1
666 724 3
724 725 3
668 726 3
696 697 1
697 698 3
698 699 1
699 700 1
700 701 0
701 702 1
645 702 1
646 704 0
647 704 0
706 707 3
665 724 2
283 869 1
645 703 1
645 704 1
712 713 3
659 716 3
662 778 3
665 722 2
726 727 3
283 806 1
702 703 0
703 704 1
704 706 0
711 712 3
663 721 1
743 800 3
741 743 0
803 806 1
713 715 3
657 716 3
716 717 3
719 775 3
663 722 1
725 726 3
721 722 3
670 727 3
715 716 3
662 721 1
717 775 3
721 778 3
741 800 0
283 804 3
749 804 0
283 868 1
804 869 1
868 869 3
709 711 0
665 782 1
724 782 3
719 778 3
727 729 3
727 786 3
743 744 1
804 806 1
699 757 1
722 782 3
729 786 3
698 757 1
700 757 3
724 783 3
725 783 3
706 763 1
706 764 1
708 767 0
709 767 0
713 772 2
715 772 2
775 776 3
726 783 3
702 760 1
704 763 1
707 764 2
719 776 3
727 785 3
701 759 1
702 759 1
711 767 0
711 768 0
726 785 3
759 760 3
767 768 3
713 770 2
716 773 3
721 780 3
722 780 3
708 766 3
712 768 0
712 770 2
715 773 3
716 774 3
729 787 3
696 754 1
697 755 1
698 756 1
703 761 1
704 762 1
763 764 3
707 766 0
713 771 2
717 774 3
786 787 3
754 755 3
755 756 3
756 757 3
760 761 3
761 762 3
770 771 3
771 772 3
721 779 3
780 782 3
726 784 3
700 759 3
762 763 3
768 770 1
772 773 1
774 775 3
778 779 3
779 780 3
785 786 3
505 912 1
800 912 1
742 743 3
742 803 3
784 785 3
768 769 1
773 774 3
776 778 3
787 846 3
757 759 3
782 783 3
783 784 3
803 805 1
804 808 1
759 816 0
764 766 0
769 770 0
846 904 3
757 816 0
766 767 0
503 904 1
804 807 1
810 869 3
807 808 3
764 823 0
766 823 0
782 839 3
845 846 3
776 834 3
778 834 2
780 839 3
787 845 3
775 833 3
834 835 1
778 835 3
778 836 3
782 840 3
783 840 3
766 824 3
774 833 3
776 833 1
835 836 3
759 818 0
760 818 0
764 822 0
779 836 3
763 822 0
823 824 3
767 824 1
743 858 1
810 868 3
759 817 0
761 819 0
762 819 0
762 820 0
770 828 2
771 828 2
772 831 1
773 831 3
804 810 1
817 818 3
818 819 3
763 820 0
774 831 3
833 834 0
783 841 3
784 841 3
804 867 1
754 812 0
755 813 0
756 814 0
757 815 0
816 817 3
819 820 3
763 821 0
767 825 1
768 826 1
768 827 1
769 827 2
770 827 1
779 837 3
780 838 3
839 840 3
840 841 3
785 843 3
786 843 3
800 858 1
742 806 1
812 813 3
813 814 3
814 815 3
815 816 3
821 822 3
824 825 1
825 826 3
826 827 0
771 829 0
772 829 0
836 837 3
837 838 3
838 839 3
820 821 3
786 845 3
827 828 0
784 843 3
800 856 1
822 823 3
843 845 3
828 829 0
774 890 3
804 868 1
867 868 2
831 890 3
841 842 3
784 842 3
559 843 1
559 1025 1
829 831 1
831 888 3
833 890 3
842 843 3
829 888 1
842 901 3
843 901 3
742 858 1
824 882 3
856 912 1
823 882 1
503 559 3
819 878 3
820 878 3
845 904 3
559 904 1
505 559 3
856 858 0
826 885 2
827 885 1
823 880 3
828 885 1
817 876 3
818 876 3
822 880 3
833 891 0
880 882 2
834 892 3
835 893 0
836 893 0
837 895 3
559 901 1
559 845 1
833 892 0
835 892 0
836 894 0
837 894 0
819 876 3
826 884 3
828 887 0
829 887 1
831 889 3
841 899 3
842 899 3
812 870 3
813 871 3
814 872 3
815 873 3
816 874 3
817 875 3
884 885 0
887 888 1
889 890 3
890 891 0
838 896 3
839 897 3
840 898 3
870 871 3
871 872 3
872 873 3
873 874 3
874 875 3
820 879 3
825 883 3
826 883 3
828 886 3
892 893 2
895 896 3
896 897 3
897 898 3
898 899 3
878 879 3
821 879 3
885 886 0
886 887 0
888 889 3
894 895 3
742 804 3
875 876 3
824 883 1
893 894 1
822 879 3
880 939 3
882 939 2
883 884 3
891 892 1
882 883 1
819 935 0
879 880 3
880 938 0
899 901 3
876 935 0
878 935 0
938 939 1
912 1027 1
876 934 0
856 1027 1
875 934 0
934 935 3
879 938 0
883 941 0
882 941 3
884 941 0
901 958 0
899 958 0
890 948 3
879 937 0
889 948 3
878 937 0
937 938 0
885 943 0
886 943 3
891 948 1
939 940 0
882 940 3
884 943 0
559 958 3
874 933 0
875 933 0
940 941 3
891 950 0
892 950 0
893 950 0
870 928 0
871 929 0
872 930 0
873 931 0
874 932 0
933 934 3
878 936 0
884 942 0
886 944 3
887 945 0
888 946 3
889 947 3
891 949 1
893 951 0
894 952 0
895 953 0
896 954 0
897 955 0
898 956 0
899 957 0
928 929 0
929 930 3
930 931 3
931 932 1
932 933 0
935 936 1
936 937 3
941 942 0
942 943 1
944 945 0
945 946 1
946 947 3
947 948 3
948 949 3
949 950 0
950 951 3
951 952 3
952 953 3
953 954 3
954 955 3
955 956 3
956 957 3
957 958 3
505 1027 1
943 944 3
958 1016 1
559 1016 1
948 1006 3
939 997 1
938 996 3
938 997 1
940 997 1
505 1025 1
947 1006 3
949 1006 3
957 1016 1
937 996 0
996 997 1
928 986 1
929 987 1
930 988 1
931 989 1
932 990 1
933 991 1
934 992 1
935 993 1
936 994 1
937 995 1
940 998 1
941 999 1
942 1000 1
943 1001 1
944 1002 0
945 1003 1
946 1004 1
947 1005 1
949 1007 1
950 1008 1
951 1009 1
952 1010 1
953 1011 1
954 1012 1
955 1013 1
956 1014 1
957 1015 1
986 987 3
987 988 3
988 989 3
989 990 3
990 991 3
991 992 3
992 993 3
993 994 3
937 994 1
995 996 0
997 998 3
998 999 3
999 1000 3
1000 1001 3
1001 1002 1
1002 1003 0
1003 1004 3
1004 1005 3
1005 1006 0
1007 1008 3
1008 1009 0
1009 1010 3
1010 1011 1
1011 1012 3
1012 1013 0
1013 1014 3
1014 1015 1
1015 1016 3
994 995 3
1006 1007 1
