0.0045686 0.0341668 3.70891
0.0440359 -0.222101 26.1082
0.0468192 -0.225809 25.9915
0.012041 -0.180502 26.6934
0.00769647 -0.192779 26.4206
0.00740143 -0.128934 25.0809
-0.0231954 -0.0554129 28.7856
-0.0420564 -0.0478308 30.4659
0.0163127 -0.153245 21.9463
-0.0183817 -0.106464 28.8859
-0.0440848 -0.0811514 33.8426
-0.0028531 -0.145531 26.5553
-0.0288232 -0.0697519 30.2275
-0.00592828 -0.087477 23.7482
-0.0253361 -0.0440468 29.2116
-0.0452833 -0.0941698 37.1083
-0.160362 -0.12048 77.1081
-0.0731133 -0.0898712 49.8104
-0.174433 0.0422095 79.8742
-0.11801 0.0748477 56.8363
-0.0592465 0.0712107 32.3085
-0.0193145 -0.147174 16.0321
0.044803 -0.15272 -13.6823
0.0460499 -0.0472783 -16.0565
0.0304631 -0.0688943 -7.35461
0.0205613 -0.0783092 -1.7039
0.131331 0.0266137 -64.5671
-0.00380857 -0.0452899 10.7477
0.0438611 -0.0998832 -15.9902
0.0725901 -0.122597 -33.1666
0.0726504 -0.0829431 -33.2696
-0.0643297 0.27712 48.4561
-0.0542865 1.47787e-05 46.3716
-0.062319 -0.025396 52.6576
-0.0687439 -0.0648814 57.7112
-0.0304193 -0.0289657 27.3709
-0.0161774 -0.0170862 16.0733
-0.0056785 -0.0141486 7.61319
-0.00463565 0.00614027 6.63619
0.00519897 -0.00331217 -1.01299
0.00424147 0.0212372 -1.56939
0.00405619 0.00908861 -1.04496
-0.00888317 0.00687162 11.3125
-0.0128306 0.0045827 14.4751
-0.00926277 0.00775119 11.3452
-0.00537126 -0.00486343 8.08658
0.0176396 0.0413285 -10.5345
0.603318 -0.0117764 -538.512
0.0612898 -0.042521 15.9782
0.338901 0.24009 -281.185
0.346356 -0.0755797 -272.286
0.204466 -0.124084 -116.322
-0.00261272 -0.104747 64.813
-0.0183766 -0.0703149 82.9245
-0.0181712 -0.0703135 82.6826
-0.00403505 -0.072146 65.9614
-0.0380491 0.0525442 265.585
-0.0421283 0.0514606 270.641
-0.0317228 -0.236975 26.177
-0.0162754 -0.293861 28.1133
0.0514557 -0.19789 24.5647
0.00615464 -0.156771 26.9773
-0.0101552 -0.160073 27.7639
0.0260679 -0.0973001 22.212
-0.0389804 -0.0485166 30.3551
-0.0666547 -0.090345 35.1529
-0.0379283 -0.0971068 30.6555
-0.00448722 -0.133181 25.2781
0.00174964 -0.152863 24.7596
-0.00238987 -0.189772 27.3284
-0.0112112 -0.128772 27.5577
-0.0245047 -0.0546921 27.7899
-0.0199806 -0.0912362 28.4283
-0.00500537 -0.105616 24.0339
-0.0127345 -0.0976711 26.4868
-0.000521546 -0.15061 24.3385
-0.144413 0.0578757 68.2528
-0.0484077 0.063928 28.3858
-0.034691 0.0816129 21.5646
0.105085 -0.471917 -16.4526
0.102555 -0.441743 -16.1569
0.054598 -0.0551072 -19.9089
0.0219885 -0.0334921 -3.27142
-0.0131813 -0.301872 24.3266
-0.00639623 -0.0416889 12.5372
0.0137963 -0.0488591 0.956882
0.0347419 -0.0284555 -13.5073
0.034556 -0.038653 -13.0664
-0.446107 -0.019194 314.382
-0.0636271 -0.00112188 53.4429
-0.0633864 -0.00666724 53.1841
-0.0654955 -0.0426598 55.4919
-0.0620228 -0.0532284 52.8338
-0.03329 -0.0252707 29.6208
0.00153616 -0.0152461 2.03229
0.0138245 -0.0162094 -7.38785
0.00621216 -0.0165471 -1.06308
-0.000270975 0.0134241 2.69681
0.00292319 0.0268757 -0.318985
0.010117 -0.000599963 -5.97401
-0.00739214 -0.00843693 10.3817
-0.00549151 0.00400987 7.95478
0 -0.0543281 4.01524
-0.00521721 -0.0540745 9.13955
0 -0.0543281 4.01524
0.528236 0.0253685 -461.775
0.00272247 -0.567889 100.651
0.128449 0.0124793 -50.9718
0.0864376 0.29298 0.67406
0.00266477 -0.0317794 105.619
-0.0462639 -0.200173 163.998
-0.0439547 0.249572 209.556
0.00199533 0.0655132 57.4085
0.00416275 0.061625 54.963
-0.114055 0.127875 141.354
0.0327132 0.1753 -39.7017
-0.0300103 0.0658973 3.10801
0.00460216 0.0340947 3.71379
0.046193 -0.00113057 3.74831
-0.0255957 -0.152129 28.8811
-0.492801 -0.750744 98.8293
-0.0567295 -0.669878 67.7634
-0.0941656 0.0145807 36.1917
-0.101888 -0.000838894 37.0712
-0.0612165 -0.0740305 33.1904
-0.0404596 -0.121221 31.9276
-0.000861545 -0.150301 25.5133
-0.0118225 -0.158307 27.8278
-9.953e-05 -0.1436 24.1574
-0.00417947 -0.141928 25.7758
-0.0180535 -0.111228 28.6051
-0.0211677 -0.099283 29.3487
-0.0282092 -0.105186 32.077
-0.0724731 -0.117502 48.6306
-0.111285 -0.0417448 57.6812
-0.057029 -0.0325665 36.0254
0.0392359 -0.179472 2.5482
-0.00957836 0.0403565 12.6803
0.103187 0.236802 -52.9155
0.0183657 -0.0164546 -2.6987
0.0178283 -0.022766 -0.890624
-0.0236918 -0.0458022 23.0842
0.00636068 -0.0536836 5.91783
0.0107527 -0.0422544 2.34973
0.0100771 -0.0336075 2.52533
0.0265921 -0.075703 -5.7721
0.0387246 -0.0269619 -15.6145
0.023249 -0.0186129 -5.39469
0.00236178 -0.00189708 8.13724
-0.0748182 -0.0773747 62.9555
-0.0254912 -0.0302815 23.4319
-0.0119739 -0.0254047 12.6319
0.0166697 -0.0171448 -9.92339
0.00628045 -0.0195511 -1.57812
0.0190585 -0.0252468 -10.6886
-0.00819649 -0.00902858 10.7364
-0.00764932 -0.00210269 9.95004
-0.00876191 -0.0134214 11.3692
0.0031689 -0.0229733 1.03898
-0.00358468 -0.0258313 7.51997
0 -0.0484178 7.50017
-0.00288845 -0.0105564 8.21075
-0.00120557 -0.00269016 6.15837
-0.00578542 -0.0332557 12.575
0 -0.00536412 5.08281
0.0577114 0.018007 24.3454
0 -0.354074 106.957
0.149902 -9.95373 481.016
-0.0736454 0.0938878 167.954
0 0.0753489 5.35639
-0.0859863 -0.0897346 145.256
0 0.0833212 4.86612
-0.103966 0.134018 128.88
0 0.093115 4.47912
-0.0591346 0.0828034 2.57742
-0.04685 0.0566903 4.07611
0.0202044 0.00606746 4.18328
0.0380882 0.00507976 4.08317
0.0584563 -0.0497988 6.62442
0.840257 -0.142849 -71.8272
-0.140703 0.00480041 43.3844
-0.0193015 -0.29336 37.5113
0.0123545 -0.336821 35.6302
-0.00881946 -0.19047 29.2375
0.0211384 -0.295914 29.5556
0.0344794 -0.162439 16.9985
0.0221961 -0.112451 16.5198
-0.0314712 -0.135974 33.1261
-0.0158092 -0.171331 31.2587
-0.000917253 -0.205538 28.8825
-0.033398 -0.123714 34.9843
-0.0956014 -0.122076 57.4663
-0.0817611 -0.0722839 47.1305
-0.0341293 -0.0303752 24.2752
-0.0563841 -0.0235414 32.9925
-0.0425592 -0.0164443 26.0349
-0.0113369 0.0112856 9.6298
-0.0275526 -0.0119852 18.2815
0.0368554 -0.050944 -8.6106
0.00414614 -0.0459732 8.572
-0.00268513 -0.0249737 9.99449
-0.00163902 -0.0271868 9.47892
0.0203514 -0.0195508 -4.54354
0.0306216 -0.0450816 -9.30811
0.0453541 -0.0463666 -17.7117
0.00193248 -0.0872902 14.498
-0.0367689 -0.122964 43.7715
-0.0101796 -0.089596 22.2276
-0.0116413 -0.0102615 12.5617
-0.0177053 -0.0073659 16.552
0.000323312 -0.00547968 2.14444
0.0244271 -0.0176921 -16.3407
0.0306141 -0.0177482 -20.8868
-0.0111338 -0.0115671 13.7119
-0.00644584 -0.0199588 10.387
-0.0219305 -0.0588219 27.006
-0.00172607 -0.0126875 4.86375
-0.0189169 -0.00190223 19.5682
0 -0.0153531 2.97703
0.00722065 -0.00922572 -4.61645
-0.0181408 -0.00818976 20.5237
0.00196878 -0.0152494 0.827002
0.0018999 -0.0148936 0.834169
0.0128221 -0.00026877 -11.9775
0.0528348 0.103644 -55.4391
0.00328649 -0.035557 8.60866
0.00617901 0.0172124 -6.18023
0.00795217 0.02097 -9.16478
0.00338905 0.0236962 -3.24207
0 0.0297764 -0.770316
-0.000319614 -0.0107053 2.51306
0 0.0172704 0.343575
-0.059462 0.0644392 4.37008
-0.0631499 0.0760338 2.77739
-0.0321239 0.0384073 4.99744
-0.0177507 0.0394751 3.81908
-0.01438 -0.0163983 9.80149
-0.0148657 0.0122817 6.97995
0.024051 0.00178586 3.70819
0 0 -1
-0.0311564 -0.00754055 13.9552
-0.0255227 0.0116169 11.3499
-0.0304006 0.0153175 11.3983
0.0641815 -0.118557 4.10148
0.0407538 -0.168799 15.5095
-0.0494253 0.0557743 13.5712
-0.0378745 -0.167241 36.2806
0.0244866 -0.0143817 -1.98524
-0.0345848 -0.179173 38.2571
-0.0761632 0.0357453 32.8705
-0.0361376 -0.0266639 24.1943
-0.0220494 -0.00721532 17.0484
-0.0505144 -0.00612983 29.622
-0.0340783 -0.0143362 23.0748
-0.0369875 -0.051329 27.7547
0.0404745 -0.0532779 -11.5006
-0.0167085 -0.0747342 21.8364
-0.0248847 -0.0841318 26.9349
-0.00759244 -0.0618613 14.9338
0.00734722 -0.0501309 5.26344
0.0225102 -0.0634357 -2.14128
-0.00549084 -0.188387 27.7702
-0.0190485 -0.0891643 26.9522
-0.0247177 -0.181728 39.9867
-0.0313927 -0.108843 37.3217
-0.0401336 -0.024323 33.9477
-0.0118619 -0.00934769 12.6471
-0.0157383 0.00102366 14.61
-0.0065898 0.00692437 6.82451
0.0124017 -0.0093453 -6.93571
-0.00223025 -0.0180722 6.76005
-0.0122988 -0.0267604 15.3253
0.00514743 -0.010077 -0.489643
-0.00631329 -0.0222232 9.41246
0.00558643 -0.0155473 -1.75619
0.391313 0.551266 -415.301
-0.0029858 -0.00458972 5.36132
-0.000773582 -0.00422595 3.31073
-0.00163342 -0.00440646 4.20725
-0.000604947 0.00254856 2.45643
-0.00319102 0.0104631 4.51303
-2.7716e-05 -0.017063 2.38097
-0.00129307 0.0113121 2.41552
0.00428418 0.00158961 -2.31319
0.00907702 0.00951956 -8.79205
0.00507974 0.0249427 -5.30227
0.00743732 0.005526 -6.4571
0.0067536 0.0274259 -7.53333
0.168463 0.287178 -220.264
-0.0278562 0.338412 14.4595
-0.0526137 0.0144331 9.60942
-0.0595178 0.0434859 6.18693
-0.0420154 0.03347 6.23641
-0.00289459 0.00854196 6.79922
-0.0303126 -0.00796275 10.8023
0.00159524 0.0469349 0.955205
0.0240772 0.0417131 -0.464939
-0.00456149 0.0262117 5.72515
-0.0106021 0.0443867 4.56812
-0.00443826 0.0507731 2.72012
-0.0369403 0.0882149 5.37455
-0.018826 0.0683909 3.65807
0 0 -1
-0.0518065 0.0125843 19.4076
-0.00303619 0.0245045 3.30851
0.0142842 0.0115075 -0.98259
0.0384026 0.0544883 -14.559
0.032386 0.0140316 -6.46018
-0.00693871 -0.0021799 10.3524
-0.0133864 -0.00442848 13.2972
-0.0632021 -0.00915691 35.0333
-0.047559 -0.0384606 31.7956
-0.0556725 -0.0337254 34.4263
0.0150501 -0.0264009 -1.88122
0.0140772 -0.0454168 1.45165
0.00400546 -0.0564104 7.83821
0.00649811 -0.0331988 2.85165
0.0176673 -0.0196383 -5.72365
0.127321 -0.016159 -72.708
0.0342915 -0.0608927 -10.5849
-0.0084699 -0.0455756 14.2222
-0.000287824 -0.0475811 8.32961
-0.000505032 -0.0289122 6.15419
0.0109648 -0.0101348 -4.33702
-0.00233426 -0.000197047 4.5597
-0.00434975 -0.00025692 6.36295
-0.0104465 -0.000789443 10.9848
-0.00257574 -0.0181527 6.46503
-0.0151335 -0.0153431 16.5235
-0.00869557 -0.0054802 9.65898
-0.00418647 -0.00902667 6.33935
0.00211841 -0.0105517 0.777758
0.000912173 -0.0139307 2.13928
-0.0288187 0.0226891 25.9903
-0.00121243 0.091665 -7.48849
0 0.092178 -8.70812
-0.0183211 0.0901077 9.8612
0.0446842 0.0784194 -52.9438
-4.45286 -0.266217 4761.89
-0.158022 -0.0435088 197.955
0 -0.105114 36.7286
0.0164575 -0.33366 45.0002
0.000116058 -0.314318 60.6572
-0.0200641 -0.309168 83.4221
0.054058 0.139791 14.7144
0.557027 0.0310545 -515.901
0.0603262 0.025624 88.0851
0.0356411 0.140844 -26.4868
-0.0386229 -0.00807037 11.8989
-0.0431441 0.0211162 8.12217
-0.0190142 0.0344615 4.60293
-0.0115977 0.0546709 1.42494
-0.00314942 0.0694933 -1.66079
0.0138403 0.0637894 -2.41181
-0.12965 0.00148001 42.06
-0.0185737 0.0479798 5.40874
0.00353975 0.0411348 3.03695
0.00507157 0.0516206 1.11014
-0.0116789 0.0440072 5.88274
-0.0346539 0.0602591 9.03358
-0.0514966 0.013609 20.2781
-0.0360267 0.0343656 11.6595
0.00453904 0.0378328 -0.768255
0.0119243 0.0461132 -4.31094
0.0299871 0.0328914 -8.13336
0.0223945 0.0214115 -4.00104
-0.0163825 -0.0121954 15.4107
-0.00433054 -0.00512809 9.24439
-0.0791893 -0.00635445 42.2826
-0.06836 -0.0192333 38.5523
-0.0303857 0.00868648 16.2779
-0.0147094 -0.00932054 11.2379
-0.0114614 -0.0134832 10.0313
0.00198812 -0.0427332 7.89432
0.0104278 -0.0370342 1.48413
0.0112001 -0.0207671 -1.39686
0.00784837 -0.0421852 4.2871
-0.0238108 -0.0205162 20.9194
-0.00431571 -0.0131619 6.37577
-0.00148678 -0.0250362 6.65942
0.0168149 -0.0205974 -7.11802
0.0115651 -0.0125914 -4.4017
0.0117976 -0.0102216 -4.84506
-0.00281489 -0.00484348 5.60834
-0.0105611 0.0012872 10.7607
-0.0177073 8.03043e-05 16.6239
-0.0185685 -0.0016835 17.3198
-0.00407786 -0.000400634 4.77015
0.000854569 -0.0108299 1.93661
0.00333171 0.00645739 -2.59896
0.00787957 -0.00529548 -5.08172
0.00231042 -0.00118972 -0.391569
-0.00395206 0.000265878 5.07891
-0.00108445 0.000257165 3.06075
-0.00377831 0.00260188 5.67545
0.00430408 0.00215485 -2.42643
0.188678 -0.166716 -163.108
-0.289506 -0.00850186 332.603
0 -0.0815942 32.3179
-0.00106592 -0.0743742 32.4639
0.00181546 -0.0754336 29.3699
0.676492 -0.0637196 -685.765
0.498024 -0.0920016 -474.246
0.142263 -0.272242 -111.603
0.674838 0.0718157 -806.816
0.0737885 -0.0315675 -49.1847
-0.0156079 0.0241386 6.58832
-0.00403158 0.0380227 4.26262
-0.0171399 0.0515957 2.57945
0.011109 0.0714582 -2.18803
0.0118543 0.0486142 1.10351
2.43819e-05 0.0819801 -3.46655
-0.0793955 0.0332588 30.2201
-0.000404693 0.021832 6.86916
-0.000433647 0.0208873 6.73403
-0.00280546 0.0204397 7.27904
-0.0173619 0.0111426 11.8121
-0.0236204 0.0232488 11.4653
-0.0430056 0.0416574 13.4895
-0.0226075 0.0500068 5.43136
-0.0105938 0.0541296 1.3917
0.00515033 0.0596281 -4.21818
0.00763374 0.0262815 0.668268
-0.0189296 0.0122149 12.7074
-0.0415412 0.00222325 22.854
-0.0228957 0.0121312 13.6193
-0.0535803 0.00913503 28.4292
-0.0466923 -0.00201312 26.0255
-0.0361076 0.0320557 15.6756
-0.0331292 0.0237074 15.7805
-0.0245854 -0.0181305 17.7522
0.0062687 -0.0167064 0.824762
0.00257968 0.0389369 -5.50017
0.0033116 -0.344568 51.6486
0.469727 0.292969 -339.926
0.0147443 0.00638489 -7.14708
-0.0273682 -0.0417408 25.9408
-0.0042185 -0.00744214 5.5702
0.00636405 -0.0154872 -0.278711
0.0148935 -0.0123615 -6.8514
0.00289262 -0.00147312 0.26336
-0.000506004 -0.0131147 4.92658
-0.00378459 -0.00909982 6.99349
-0.0216063 -0.0063315 20.6393
-0.0105495 -0.00546826 11.2635
-0.00236031 0.0116249 1.27027
0.00581212 0.000319055 -4.12702
0.00252574 -0.00440357 -0.685478
0.0108585 0.00436144 -9.13422
-0.0360801 0.060221 28.3371
-0.015097 -0.00202154 17.4659
-0.0814273 0.117186 67.3154
0 0.0453699 -1.07468
0 0.0222238 2.66728
-4.34045 0.0590925 4599.39
-0.275083 -0.0122486 317.898
0.0354623 0.0303446 -23.7806
0.0307449 0.039018 -19.9908
0.0268311 0.0420465 -16.0966
0.0268311 0.0420465 -16.0966
0.0643589 -0.0455594 27.6316
0.123328 0.096386 -96.7437
-0.14681 0.223006 148.996
0.341275 0.0866418 -396.772
0.00546788 0.0526357 1.7096
0.00198602 0.0726667 -1.69781
-0.000640923 0.0970486 -5.63964
-0.00609996 0.070526 -0.902541
-0.00726384 0.0724059 -1.10463
-0.0448126 0.101174 14.1595
-0.0662794 0.092909 18.5269
-0.00843567 0.0144131 9.08535
-0.00854859 0.00978763 9.95235
-0.00724778 0.00267269 11.09
-0.0198253 0.00707423 12.9728
-0.0126478 0.0129765 10.172
-0.0259528 0.0363722 9.65156
-0.0427717 0.123338 -0.85593
-0.0195783 0.136414 -10.0012
-0.0208119 0.132442 -8.35219
-0.0168048 0.0859021 -1.26603
-0.0484965 0.0662274 14.1097
-0.051705 0.117598 5.86738
-0.0192184 0.0727202 1.76051
-0.0608995 0.0145307 29.6848
-0.0410737 0.0231675 19.3339
-0.0662258 0.019132 41.2824
-0.0473105 0.0410526 19.6071
0.00911031 0.092462 -19.1204
0.0429427 0.183226 -52.4628
0.0374623 0.256161 -63.4905
0.0205728 0.0329227 -5.33134
0.0261153 0.0213428 -6.58523
-0.017855 0.024992 9.61587
-0.0469363 0.208088 -5.05633
-0.00798615 -0.0218406 10.8072
-0.00711959 0.188332 -28.7029
-0.00221446 0.0193343 -0.225619
-0.0089842 0.081489 -6.29308
-0.0122179 0.0421162 3.43267
-0.00542465 0.0136428 3.89621
-0.0178606 0.0311338 10.597
-0.0166242 0.0131437 12.9006
-0.0412261 0.0088408 37.1813
0.00255216 0.00841695 -2.27297
-0.0234749 0.0150982 20.386
0.00849926 0.00619717 -7.80886
0.00329953 0.00215509 -2.10684
-0.0144323 0.00766275 15.8393
0.0940032 -0.00038866 -85.754
0 0.0102791 5.63258
0.0174734 0.244549 -56.7744
-0.138939 -0.228029 233.746
1.8092 -0.0490759 -1875.85
-0.000113361 -0.0755995 56.8846
-0.000113361 -0.0755995 56.8846
0.0334344 0.050915 24.2203
0.0737947 0.091708 -29.472
0.0724552 0.0827683 -26.4601
0.00579931 -0.040032 67.991
-0.0109013 0.0516737 11.346
0.473628 0.0929119 -593.278
-0.0961799 0.0177338 40.6093
-0.0961809 0.0177346 40.6092
-0.0977515 0.00889151 42.5114
0.0214911 0.105106 7.92805
-0.0501133 0.103317 14.7217
-0.0528849 0.111235 13.1767
-0.0702464 0.0842594 20.9531
-0.0670034 0.0562466 25.7916
-0.0695467 0.0630236 24.0119
-0.0363192 0.0629908 17.3443
0.029331 -0.241706 155.123
-0.0127117 0.0135901 10.0778
-0.0870458 0.104754 16.8826
-0.0602918 0.160691 -1.68437
-0.0423923 0.151319 -5.20309
-0.0140042 0.181683 -20.0541
-0.0171134 0.142386 -11.7521
-0.0430526 0.174293 -7.7576
-0.0352015 0.186519 -13.4697
-0.032974 0.171383 -11.4815
-0.052561 0.216073 -11.8251
0.0617756 0.302262 -80.6601
0.00720084 0.0994351 -10.8293
-0.00986662 0.0898807 7.45666
-0.106797 0.0186264 72.6656
0.0201644 0.216758 -46.8764
0.044234 0.212931 -58.5565
0.0501583 0.0952218 -36.1893
-0.0011513 0.0226824 9.86373
-0.0342407 0.306406 -32.9181
-0.0134632 0.325137 -50.0537
-0.0253382 0.308238 -39.2467
-0.0217766 0.284804 -37.2028
-0.0050249 0.207621 -33.6249
-0.0293636 0.177866 -9.3262
-0.0485793 0.122925 16.4269
-0.0245939 0.0774232 7.2257
-0.0368731 0.00809467 33.8523
-0.016892 0.0334 9.45315
-0.00127254 -0.000199717 3.3046
-0.00813619 -0.00516202 10.6371
0.00275639 0.0029759 -1.15398
-0.00625391 0.164148 -27.7417
0.540039 0.0541016 -517.861
-0.00573407 0.000920302 8.10556
0.48815 0.0293635 -478.75
0.0105783 0.0638803 -20.721
0.0177157 0.153312 -46.0362
-0.132457 -0.208827 223.279
-0.118211 0.0078565 172.973
-0.0297506 0.0337493 73.6087
0.010344 -0.0808046 86.3457
0.0212652 -0.0854148 74.9066
0.135069 0.460533 -172.982
0.066218 0.110682 -23.7249
0.309211 0.122875 -313.843
0.0516841 -0.155526 -3.31059
0.262387 0.0168258 -297.224
-0.00452989 0.115486 84.5011
-0.00454769 0.114539 84.7185
-0.00600455 0.10603 86.674
-0.0045924 0.112151 85.2013
-0.00448878 0.116589 84.1909
-0.00463931 0.117527 83.9938
-0.00463931 0.117527 83.9938
-0.595518 -0.0822583 225.705
0.0408387 -0.198264 142.673
0.0400395 -0.218618 147.453
0.0352819 -0.2387 153.033
0.0323117 -0.242278 154.536
-0.234915 0.431334 197.663
-0.0431071 0.163839 -7.11356
-0.0807229 -0.0612125 240.222
-0.0813742 0.128405 20.5285
0.0332167 0.131964 -28.5578
-0.00632666 0.217159 -31.3005
-0.0103375 0.263478 -40.9306
0.00474273 0.270746 -48.6353
0.0310105 0.246245 -54.4174
0.00618785 0.205375 -33.9499
6.47591e-05 0.219526 -34.2139
-0.0203134 0.215689 -23.5621
-0.0107175 0.243167 -34.0727
-0.0125824 0.246111 -33.8557
0.00294888 0.158266 -22.6815
0.0201923 0.114088 -22.7685
-0.082059 0.155165 30.7845
0.0089259 0.264147 -50.9421
-0.0177738 0.319871 -46.4006
-0.0320897 0.341329 -41.3895
-0.0557359 0.338405 -24.7901
-0.0531187 0.238528 -4.76446
-0.0751695 0.155162 29.7791
-0.0580557 0.0881077 31.3316
-0.0227088 0.100456 1.70671
-0.0473091 0.0321207 36.1057
-0.0261772 0.116798 -0.28131
-0.0202432 0.0267236 14.8539
0.0125495 0.0420496 -16.8287
0.0228444 0.301598 -84.6393
0.0200187 0.00219103 -17.0468
-0.0424806 0.309088 -19.228
-0.0378536 0.316834 -25.4325
0.0119131 0.181682 -46.5209
0.020179 0.161417 -50.2856
0.0196159 0.163155 -50.0554
0.0172442 0.161871 -47.3188
-0.125379 -0.0195868 186.243
0.00450512 0.00349205 -2.71587
-0.0479747 0.0987098 80.8938
-0.0126609 -0.00311937 111.085
0.0059412 -0.000519202 89.4915
-0.0535028 0.196403 99.5344
0.00960304 0.0352979 76.3393
0.00960304 0.0352979 76.3393
0.151773 -0.156858 -128.234
0.00384376 -0.0345342 243.571
-0.00144242 -0.123812 140.735
-0.000609933 -0.141076 145.017
-0.00199038 -0.14433 145.914
-0.00238782 -0.144742 146.052
-0.000337115 -0.0498018 247.534
-0.000337115 -0.0498018 247.534
-0.585685 -0.0812768 224.031
0.0313506 0.0498853 216.669
0.03135 0.0498835 216.67
0.0313489 0.0498805 216.671
-0.258746 0.0498769 285.859
-0.01688 -0.480219 366.063
-0.0236708 -0.0594845 126.093
-0.0688867 0.136804 14.3895
-0.0888363 0.132819 21.8667
-0.0382532 0.244698 -24.2192
-0.0260982 0.274472 -36.4893
-0.0214284 0.260728 -34.889
-0.00839696 0.304119 -51.5612
0.00637688 0.274414 -50.297
-0.00408547 0.252848 -40.5213
0.00881167 0.285861 -54.0696
-0.0180846 0.268605 -36.275
-0.0547712 0.198642 0.187402
-0.0386627 0.0685984 23.1744
-0.0341928 0.0815775 16.3187
0.00601913 -0.0433624 29.8127
0.0127548 0.211789 -41.1696
0.0449229 0.252774 -71.3587
0.020464 0.302776 -67.0569
0.00805657 0.362205 -73.3947
0.0506817 0.259662 -75.9671
-0.0779947 0.257021 9.16666
0 0.176182 -32.5641
0.014811 0.301701 -73.9514
0 0.0760663 -11.2941
-0.0350815 0.0644339 18.9258
0 0.0408689 -2.30176
-0.211901 0.20552 136.28
0.00751997 0.179158 -43.07
0.00770743 -0.0207883 9.68929
0.0937427 0.2601 -138.329
0.0797761 0.226736 -116.665
0.0633741 0.277324 -113.66
0.0077221 0.178877 -41.7468
0.00953625 0.172814 -42.1578
0.0169388 0.165572 -47.9011
0.0161726 0.162823 -46.4224
0.0158241 0.156491 -44.5213
0.0213698 0.151762 -49.3576
0.0213698 0.151762 -49.3576
0.0038677 -0.00146559 92.0451
0.000475542 0.133875 -22.5163
0.000510826 0.133833 -22.547
0.00062529 0.133773 -22.6686
0.00062529 0.133773 -22.6686
0.00062529 0.133773 -22.6686
0 -1.01566 490.036
-0.0247198 -0.262437 287.725
-0.0247198 -0.262437 287.725
0.0010682 -0.953237 474.247
-0.00832714 -0.0198545 232.623
0.00101587 -0.217398 274.051
-0.0493048 -0.968259 484.912
-0.0122439 -0.210693 274.286
0.000151951 -0.898939 459.546
0.445488 -0.28449 195.579
0.481901 -0.256507 179.364
0.47137 -0.209561 169.674
0.197576 -0.0599504 35.2283
0.199015 -0.0527089 32.7737
0.255819 0.413428 -48.0068
-0.060903 0.171832 2.28241
-0.0259596 0.250459 -30.5025
-0.0302392 0.263136 -31.6964
-0.0160757 0.18693 -17.3604
0.00533747 0.292708 -53.5789
-0.00040489 0.313557 -56.7597
0.00929379 0.310073 -60.6498
-0.029904 0.25219 -26.2231
-0.0152092 0.224297 -25.9233
-0.036665 0.21949 -14.3571
-0.0509003 0.0927593 30.3216
-0.0672576 0.193231 11.4062
-0.00878822 0.2306 -33.7254
0.044276 0.230174 -65.224
0.0510713 0.241268 -71.348
0.0697489 0.216297 -76.567
0.0606125 0.277928 -87.2858
0.0809577 0.27262 -100.208
0.0400961 0.273072 -71.369
0 0.0175495 27.9267
0 0.0175495 27.9267
-0.0128951 -0.0328775 52.0494
0 -0.0320592 41.6391
-0.0332747 -0.0341498 69.8067
-0.184737 0.189182 117.283
0.0156716 -0.0214644 2.8753
-0.0110952 0.00689875 11.6189
0.0183799 0.0839261 -6.6195
0.0183896 0.084059 -6.66428
0.0183896 0.084059 -6.66428
0.227483 -0.0249875 -96.3395
0.00411287 0.00185118 -2.22015
0.00174255 0.00307559 -0.125749
0.0663769 0.0360449 0.713641
-0.00333673 0.0583941 45.4976
-0.00459465 0.0641438 45.3468
-0.0104025 0.0740662 49.1169
-0.019554 0.0862615 56.1373
-0.0418375 0.0196463 100.566
-0.129069 0.0714125 187.689
0.0065638 -0.131141 77.0678
0.0324907 0.130415 -26.1515
0.00136516 0.121323 14.0615
-0.00856947 -0.0225961 233.438
-0.00857814 -0.0221314 233.303
-0.00855442 -0.0212096 233.032
-0.00834585 -0.0200265 232.673
0 0 -1
-0.00814255 -0.01889 232.321
-0.00567394 -0.0104258 229.544
0.000163784 -0.00338648 226.609
0.00832786 0.00520309 222.681
0.0176475 0.0146433 218.088
0.0260201 0.0219077 214.109
0.0619081 0.0456115 198.43
0.135621 -0.0989101 62.2737
-0.0366884 0.515807 -131.846
-0.039033 0.521162 -132.609
0.0329505 0.141024 82.4735
-0.0295915 -0.00472672 42.5955
-0.0310655 -0.0305506 50.9078
-0.0462956 -0.0221918 53.7475
-0.00943859 0.326307 -57.141
-0.0125773 0.280358 -41.4084
-0.0317187 0.258633 -26.635
-0.0448867 0.100591 23.5723
-0.0335942 0.184003 -5.78789
-0.0248286 0.18949 -11.7627
-0.0517261 0.105945 26.6405
-0.0172753 0.120547 2.86366
0.00179062 0.148289 -16.2511
0.0227963 0.152038 -29.0952
0.066282 0.190091 -67.0624
0.0842869 0.190765 -79.1412
0.0794957 0.227089 -86.5759
0.0719274 0.256663 -89.1033
0.0401267 0.279087 -73.4128
-0.0157253 0.298706 -38.8092
0.0242118 0.217213 -46.0184
0 0.27221 -43.4512
0.00841075 0.25438 -45.1996
0.0155641 0.261243 -53.3863
-0.00937497 0.249146 -28.8349
-0.018014 0.234881 -16.8982
0.142187 0.307812 -138.408
0.07419 0.148077 -31.6398
-0.0425177 0.0499304 101.714
0.0183896 0.084059 -6.66428
0.199106 -0.0226211 -68.7994
-0.00543537 0.00778215 5.68197
-0.0993372 -0.00906122 114.457
-0.132924 0.602427 51.3941
0.00437019 0.00146821 -2.38608
0.00423194 0.0015468 -2.24528
-0.145756 0.0293185 366.172
0.00559394 0.10171 11.8826
0.0175642 0.346793 -81.5378
0.00911567 0.36755 -77.7284
-0.37077 0.201607 438.782
0.0154145 0.110608 -0.168162
-0.455357 1.50753 165.935
0.00358708 0.221024 -4.03113
0.00405373 0.219295 -3.49856
0.00482784 0.21632 -2.59486
0.00545829 0.21216 -1.32365
0.00524921 0.208431 -0.133503
0.00482272 0.204824 1.04695
0.00432708 0.202114 1.96346
0.00377341 0.198896 3.06011
0.00590984 0.19616 3.55857
0.00737906 0.194567 3.77904
0.00813539 0.193838 3.84272
0.0231648 0.188473 1.66597
0.0547086 -0.054902 70.3668
-0.0616486 0.429699 31.4912
-0.0739925 0.415885 39.3235
0.0314381 -1.58685 605.653
-0.0583575 0.303885 -40.483
0 0 -1
-0.0841624 -0.560424 234.98
-0.0437492 0.262134 -22.3194
-0.0360364 0.269204 -27.3234
-0.0307563 0.273896 -30.9096
0.0145795 0.0180593 18.304
-0.0802331 0.174862 21.6357
-0.100065 0.130875 45.2158
-0.0605664 0.0311223 54.042
-0.0010464 0.0698231 8.73308
0.0346679 0.0915355 -18.6415
0.0580687 0.118375 -40.8157
0.0831735 0.15442 -67.4889
0.10139 0.167048 -83.2024
0.100587 0.202621 -93.769
0.129156 0.373337 -166.485
0.0392855 0.282679 -73.7028
0.0394857 0.262291 -68.5375
0.481967 -0.62335 -119.28
-0.0044931 0.00883332 17.7698
0 0.0470414 2.3954
0 0.118733 -19.9218
0.00100482 0.116257 -20.0072
0.019694 0.0229254 -7.37053
0.0105447 0.0390757 -4.57972
-0.07411 -0.0135866 89.9526
-0.0737141 -0.0136465 89.6115
-0.0202937 -0.0621178 56.1827
0 -0.0515008 26.009
0.27176 0.00493474 -267.628
0.0261218 0.0161488 -21.3233
0.0149831 0.0163363 -9.82232
0.00640274 0.0179754 -1.28926
0.000783559 0.0166561 5.16885
-0.00101915 0.0159012 7.36856
0.000300717 0.11016 15.3759
0.115071 0.266742 -164.135
0.000940822 0.0195428 3.73036
-0.3937 0.170699 475.807
-0.00591315 0.122783 22.5278
0.0093462 0.117156 5.57206
0.00251178 0.220762 -3.93413
0.00222686 0.219089 -3.37201
0.00199075 0.216192 -2.39953
0.00199458 0.21236 -1.12572
0.00211406 0.208638 0.100945
0.00278516 0.205242 1.15506
0.00375685 0.203087 1.73311
0.00446558 0.211712 -1.21372
0.00546475 0.195929 3.7095
0.00829586 0.193951 3.80174
0.00965143 0.177062 9.09739
-0.0974527 0.102457 59.0904
-0.152869 -0.0891649 137.011
-0.0736823 0.439643 31.9586
-0.0846743 0.43417 36.8629
-0.22087 0.110051 183.902
-0.0273701 0.3069 -52.4604
0.0341662 2.33029 -753.6
-0.0625873 0.225116 -2.72445
-0.0546567 0.206028 0.370614
-0.0313823 0.221761 -14.6393
-0.15163 0.0713818 72.3669
-0.00785222 -0.0205075 40.8942
-0.80099 -0.0540647 445.72
0.10588 0.0423797 -43.1132
0.0743227 -0.00648936 -8.98501
0.051446 0.0482311 -14.5353
0.0683465 0.0817592 -35.9099
0.111251 0.117159 -73.7134
0.115658 0.148845 -86.5858
0.100998 0.0547575 -48.0339
0.111522 0.178073 -93.4617
0.41681 0.919828 -550.253
-0.0446625 0.356083 -35.4059
-0.00889564 0.287211 -39.173
-0.000921717 0.339831 -62.6487
-0.234739 0.146514 191.751
0.00376752 -0.0917782 38.7321
0.00275453 -0.111559 46.204
0 -0.0936643 42.4302
0.183308 -0.170372 -85.4375
0.113748 -0.178069 -22.0161
0.117597 -0.127078 -42.9085
0 0 -1
0.0694917 -0.0893143 -22.0023
-0.00744434 -0.159468 71.8067
0.0356519 0.0241478 -33.9423
0.0297864 0.0129277 -24.0062
0.0162561 0.0154234 -10.8489
0.00685039 0.0172047 -1.51864
0.000130767 0.0171455 5.72648
-0.00299879 0.0166998 9.30236
-0.00355196 0.0178715 9.51285
-0.00210547 0.0187092 7.57153
0.000954462 0.0195446 3.71365
0.00101948 0.0195861 3.62171
0.00101956 0.0195863 3.62154
0.00101956 0.0195863 3.62154
0 -0.122586 107.01
1.02874e-13 0.0447359 20.4034
1.03347e-13 0.0447359 20.4034
1.07205e-13 0.0447359 20.4034
0 -0.122586 107.01
-4.71971e-14 0.0447359 20.4034
-5.16616e-14 0.0447359 20.4034
-5.21998e-14 0.0447359 20.4034
-0.000276832 -0.123047 107.228
-0.000276832 -0.123047 107.228
-0.0638771 0.0860594 19.4902
-0.102464 0.185773 33.3349
-0.230444 -0.0647285 149.411
-0.208006 -0.0565186 140.317
0 0.314397 -78.6005
-0.0242201 0.307605 -53.8054
-0.0251593 0.30735 -53.3966
0 0.314397 -78.6005
-0.0860582 0.215317 9.97412
-0.0889732 0.177968 24.4352
-0.0803157 0.162081 26.4032
-0.0887317 0.140279 37.6916
0.0040713 -0.010555 14.7583
0.004295 -0.00955368 14.2893
0.00500299 -0.00757628 13.2204
0.00559267 -0.00482384 11.9325
0.00484714 -0.00145096 11.1717
0.000926115 0.00237213 12.1308
-0.00780054 0.00646712 15.9883
-0.022096 0.0106934 23.4955
-0.0384656 0.00580883 35.9601
-0.010366 0.030531 9.24246
0 -0.0115026 16.6382
0 -0.0238603 21.0339
0 -0.0498 30.2671
0.122605 0.183747 -103.795
-0.245616 -0.472954 415.371
0 0.106706 -27.4672
-0.35783 6.67943 -1936.81
0 0.106706 -27.4672
0 0.106706 -27.4672
-0.0164443 -0.241489 218.175
8.43867e-15 -0.0180825 16.1539
0 0 -1
0.162636 0.109858 -179.384
0.0205405 0.00334419 -11.5656
0.0284059 0.0170049 -24.2206
0.37786 0.00203195 -374.673
0.0213053 0.0141799 -15.7241
0.00862402 0.0166676 -3.23019
0.000497874 0.017347 5.2613
-0.00275818 0.0174186 8.79453
-0.00291695 0.0181301 8.70747
0.000957204 0.0195425 3.71114
0.000971432 0.0195442 3.69383
0.00101961 0.0195861 3.62154
0.00101956 0.0195863 3.62154
0.00101956 0.0195863 3.62154
-8.64555e-15 1.2374e-10 113.77
-6.82601e-15 1.22726e-10 113.77
-4.59908e-15 1.25768e-10 113.77
5.08531e-15 1.26783e-10 113.77
-6.68956e-15 1.29825e-10 113.77
-4.78479e-14 1.27797e-10 113.77
-8.71467e-14 1.27797e-10 113.77
-9.91001e-14 1.31816e-10 113.77
-8.20767e-14 1.33102e-10 113.77
-4.32927e-14 1.32568e-10 113.77
-0.0609097 0.0852104 19.1051
-3.18024e-13 8.68179e-11 113.77
-3.09253e-13 8.67432e-11 113.77
-2.58021e-13 8.72264e-11 113.77
-2.19501e-13 8.92549e-11 113.77
-1.63133e-13 9.22977e-11 113.77
0 89.0059 -32716.9
-1.20966e-12 5.67986e-11 113.77
-1.24206e-12 5.57843e-11 113.77
-1.24029e-12 5.57843e-11 113.77
-0.0946925 0.14505 38.6014
-4.75755e-13 -4.83504e-11 113.77
-4.75755e-13 -4.83504e-11 113.77
-1.76298e-13 0.457031 -119.892
-1.76298e-13 0.457031 -119.892
-5.07305e-06 2.02852e-12 113.772
-5.07305e-06 2.02852e-12 113.772
-2.54532e-12 0.457031 -119.892
-2.54532e-12 0.457031 -119.892
-4.41135e-06 3.23321e-11 113.772
-4.41135e-06 3.2872e-11 113.772
0 0 113.77
0 0.457031 -119.892
-5.07305e-06 0 113.773
4.41135e-06 0 113.766
0 0.457031 -119.892
-4.41135e-06 0 113.773
4.41135e-06 0 113.766
-0.059451 0.339874 138.921
-0.142258 -0.0969923 369.741
-0.0154227 -0.241998 217.458
-0.0827611 -0.202013 263.559
-0.00722623 -0.288257 227.136
0.000182206 -0.308149 227.657
0.0036844 -0.32722 231.418
0.00461215 -0.345262 237.214
0.0038883 -0.362167 244.201
0.00251017 -0.377987 251.461
0.00102095 -0.392505 258.381
2.79076e-05 -0.405175 264.122
-0.000495775 -0.416288 268.801
-0.000498836 -0.425819 272.333
-0.000114004 -0.433759 274.842
0.00146304 -0.448015 278.296
0.00146509 -0.448018 278.295
0.0014711 -0.448023 278.29
0.0014711 -0.448023 278.29
0.0014711 -0.448023 278.29
