0 1 3
1 2 3
2 3 3
3 4 3
4 5 3
5 6 3
6 7 3
7 9 3
9 11 3
11 13 3
13 15 3
15 72 3
15 16 3
16 17 3
17 18 3
18 19 3
19 20 3
20 22 3
22 25 3
25 26 3
26 27 3
27 86 3
28 86 0
28 29 0
29 30 3
30 31 3
31 32 3
32 33 3
33 35 3
35 36 3
36 37 3
37 268 3
40 268 3
40 41 3
40 391 3
334 391 3
110 334 0
53 110 1
53 54 3
54 55 1
55 56 0
56 57 3
13 72 3
36 152 3
37 152 3
11 70 3
13 70 3
9 69 3
11 69 3
40 42 3
9 67 3
7 67 3
19 80 3
20 81 3
20 80 3
22 81 3
33 92 3
7 66 3
35 92 3
5 122 3
66 67 3
16 74 3
15 73 3
16 73 3
17 74 3
33 91 3
152 207 3
30 87 3
31 89 3
32 91 3
122 179 3
18 75 3
6 64 3
80 81 3
91 92 3
42 391 3
109 110 3
4 62 3
5 64 3
18 76 3
19 76 3
29 87 3
109 334 0
0 58 3
1 59 3
2 59 3
2 60 3
3 60 3
3 62 3
5 62 3
73 74 3
17 75 3
32 90 3
35 152 3
53 169 3
54 169 3
55 113 2
56 113 1
56 114 1
57 115 1
1 58 3
67 69 3
69 70 3
76 136 3
19 136 3
28 87 0
30 89 3
89 90 3
90 91 3
92 207 3
35 207 3
40 157 3
42 157 3
54 113 1
114 115 3
58 59 3
62 122 2
75 76 3
157 391 3
113 114 0
3 61 3
61 62 3
64 122 3
74 132 3
72 73 3
80 136 3
110 169 0
113 169 0
59 60 3
6 123 3
7 123 3
74 75 3
25 84 3
26 84 3
66 123 3
73 132 3
154 268 3
64 123 3
69 126 3
70 72 3
72 130 3
22 84 3
67 126 3
73 130 3
27 84 3
86 87 3
152 268 3
87 88 3
30 88 3
60 61 3
88 89 3
135 136 3
88 145 2
40 98 3
113 171 1
69 127 3
72 129 3
76 135 3
81 138 3
22 139 2
98 157 3
169 171 1
114 171 1
126 127 3
70 129 3
80 138 3
81 139 1
86 143 3
80 137 3
27 143 3
92 149 3
98 268 3
391 449 3
110 281 0
136 137 3
91 149 3
334 449 3
169 281 3
84 139 2
62 120 2
67 125 3
70 127 3
84 143 3
88 147 3
89 147 3
114 288 0
120 122 2
125 126 3
129 130 3
137 138 3
138 139 1
171 288 0
59 117 0
60 117 0
70 128 3
73 131 3
76 134 3
139 141 2
84 141 3
89 148 2
90 148 2
160 391 0
115 288 0
58 116 0
58 117 0
61 120 0
127 128 3
75 134 3
86 145 1
87 145 1
334 338 3
109 338 0
169 170 1
115 173 3
128 129 3
130 131 3
131 132 3
75 132 3
148 149 0
170 171 3
120 179 1
122 123 3
66 124 3
66 125 3
147 148 1
157 274 3
274 391 3
173 288 0
116 117 3
124 125 3
134 135 3
139 140 3
268 269 3
123 124 3
86 261 3
149 207 3
140 141 0
143 261 3
145 261 0
110 338 0
98 389 3
61 117 0
132 134 3
268 389 3
157 389 3
117 118 3
61 118 0
132 190 3
389 446 3
172 288 0
123 181 3
207 209 3
124 181 3
134 190 3
152 209 3
281 338 3
118 120 1
126 184 3
136 194 3
137 194 3
141 199 3
84 199 3
147 205 1
281 284 3
135 194 3
88 205 1
274 389 3
284 338 3
134 192 3
134 193 3
135 193 3
148 206 2
274 446 3
122 180 3
127 243 3
128 187 3
129 187 3
129 188 3
130 188 3
190 192 3
138 140 3
143 199 3
116 175 3
117 175 3
118 177 3
123 180 3
127 184 3
148 207 0
120 177 2
181 182 3
124 182 3
125 183 3
128 243 3
128 186 3
202 261 0
170 228 0
124 183 3
125 184 3
192 193 3
194 195 3
137 195 3
138 195 3
88 261 3
206 207 0
169 228 3
171 228 0
132 189 2
193 194 3
152 269 3
118 175 3
179 180 0
184 243 0
186 187 3
131 189 3
228 281 3
180 181 0
182 183 3
183 184 3
186 243 3
187 188 3
205 320 0
147 206 1
206 265 0
171 229 1
131 188 3
189 190 3
199 261 3
259 261 2
260 261 0
205 206 3
334 337 3
228 229 1
229 288 0
138 196 3
207 265 3
337 449 3
337 338 3
188 189 3
195 196 3
140 196 3
259 260 3
275 391 3
275 449 3
120 236 2
190 250 3
209 269 3
274 275 3
179 236 0
140 255 3
177 236 3
192 250 3
196 255 3
199 258 3
209 267 3
269 389 3
179 237 3
140 199 3
258 261 3
206 320 2
267 269 3
118 234 3
236 237 1
116 232 3
175 234 3
192 251 3
193 251 3
175 232 3
187 244 3
186 244 3
180 237 1
183 242 0
184 242 0
194 252 3
205 261 2
177 234 3
195 252 3
199 255 3
181 240 3
207 266 3
229 281 0
175 233 3
182 240 0
182 241 0
183 241 0
199 256 3
258 259 3
202 260 3
281 285 3
229 285 0
233 234 3
177 235 3
180 238 0
189 248 3
190 248 3
284 285 3
234 235 3
237 238 0
181 238 3
242 243 3
207 267 3
235 236 3
240 241 3
241 242 3
193 252 3
195 253 3
272 389 3
189 305 0
248 305 3
248 250 3
252 253 3
261 319 2
265 266 3
269 328 3
196 253 3
243 244 3
250 251 3
255 256 3
266 267 3
328 389 3
232 233 3
304 305 3
251 252 3
283 338 0
283 284 0
240 297 3
189 304 2
269 326 3
244 303 3
267 326 3
187 303 3
187 304 0
188 304 0
256 315 3
199 315 3
232 290 3
181 297 2
258 315 3
205 319 2
337 622 3
338 622 3
237 352 0
303 304 3
238 297 3
248 307 3
250 307 3
236 352 3
274 504 3
275 504 3
196 312 3
265 322 3
240 300 3
241 300 3
243 301 2
244 301 2
255 312 3
265 324 3
338 340 1
283 340 3
234 293 3
235 293 3
256 314 3
206 321 2
266 324 3
387 389 3
272 446 3
242 300 3
252 311 3
253 311 3
319 320 2
272 387 3
446 504 3
240 298 3
242 301 3
206 322 2
267 325 3
325 326 3
328 387 3
275 337 3
298 300 3
251 309 3
314 315 3
320 321 3
269 327 3
387 446 3
233 290 3
250 309 3
252 309 3
326 327 3
288 289 3
252 310 3
236 293 3
236 294 3
237 295 3
250 308 3
253 312 3
260 318 3
266 325 3
327 328 3
284 458 1
285 458 1
229 286 0
234 292 3
294 352 3
238 295 1
297 298 3
307 308 3
255 314 3
261 318 1
285 286 3
292 293 3
293 294 3
295 352 0
309 310 3
310 311 3
311 312 3
312 314 3
318 319 2
259 318 3
275 336 3
336 337 3
283 458 1
286 288 3
233 292 3
308 309 3
324 325 3
259 315 3
305 307 3
315 375 3
309 367 3
259 375 3
319 377 0
340 398 2
295 354 0
238 354 3
310 367 3
314 371 3
322 324 3
338 398 1
286 289 3
314 372 3
318 375 3
511 622 3
286 458 1
301 359 3
371 372 3
336 622 3
300 359 3
301 303 3
312 371 3
300 357 3
292 349 3
298 357 3
301 360 3
303 360 3
304 362 3
305 362 3
305 363 3
310 369 3
311 369 3
315 373 3
322 380 3
233 349 3
362 363 3
373 375 3
336 504 3
320 378 3
206 380 2
297 356 3
319 378 0
321 378 3
307 364 3
312 370 3
321 380 3
298 356 3
359 360 3
307 365 3
297 354 3
300 358 3
358 359 3
305 364 3
308 365 3
310 368 3
318 377 3
324 381 3
324 382 3
325 382 3
290 349 3
295 353 3
303 361 3
368 369 3
377 378 3
322 381 3
283 398 2
290 348 3
292 350 3
360 361 3
304 361 3
308 366 3
370 371 3
325 383 3
326 384 3
327 385 3
328 386 3
338 397 1
397 398 3
348 349 3
349 350 3
292 351 3
293 351 3
353 354 0
357 358 3
365 366 3
366 367 3
378 380 3
383 384 3
384 385 3
385 386 3
386 387 3
504 622 3
338 511 3
361 362 3
364 365 3
367 368 3
312 369 3
381 382 3
382 383 3
294 351 3
380 381 3
510 622 3
350 351 3
315 372 3
504 510 3
351 352 3
356 357 3
369 370 3
352 353 1
372 373 3
354 413 3
363 364 3
377 433 3
510 511 3
354 356 3
375 377 3
380 554 3
363 422 3
398 455 1
398 456 2
364 422 3
387 445 3
370 429 3
371 429 3
378 554 3
445 446 3
397 455 1
458 515 0
372 429 3
373 431 3
377 554 3
390 504 3
286 515 1
382 440 3
390 450 3
338 513 3
283 515 2
375 432 3
433 554 3
381 440 3
384 442 3
390 446 3
397 513 0
283 456 2
351 410 3
352 410 3
361 419 3
362 419 3
363 421 3
421 422 3
368 484 3
373 432 3
432 490 3
432 433 3
383 442 3
390 510 3
455 513 0
353 410 0
353 412 0
354 412 3
412 413 3
360 418 3
361 418 3
366 482 3
369 484 3
369 427 3
431 432 3
377 432 3
380 440 3
348 406 3
349 407 3
350 407 3
351 409 3
362 421 3
427 484 3
370 427 3
385 443 3
455 456 0
349 406 3
350 409 3
353 411 3
357 415 3
358 416 3
359 417 3
365 423 3
366 423 3
367 482 3
372 431 3
383 440 3
383 441 3
386 443 3
386 444 3
387 444 3
410 411 1
411 412 0
356 415 3
415 416 3
416 417 3
417 418 3
422 423 3
441 442 3
384 443 3
456 515 3
356 413 3
356 414 3
418 419 3
423 482 3
440 441 3
442 443 3
444 445 3
511 513 3
406 407 3
413 414 3
414 415 3
495 554 3
443 444 3
362 420 3
427 485 1
433 495 3
286 519 1
289 519 1
350 408 3
420 421 3
407 408 3
408 409 3
409 410 3
419 420 3
367 484 3
372 488 3
431 488 3
431 547 2
432 547 2
370 487 3
429 488 3
429 487 3
511 512 3
515 519 1
367 483 3
512 513 3
482 483 3
483 484 3
427 487 3
445 503 3
446 503 3
289 521 1
413 471 3
412 471 3
414 471 3
427 486 1
440 497 3
419 477 3
420 477 3
380 497 3
433 494 3
494 495 3
444 503 3
411 469 3
418 475 3
497 554 3
440 555 2
443 501 3
410 467 3
410 469 1
417 475 3
418 477 3
497 555 3
442 501 3
456 514 0
408 466 3
409 467 3
420 422 3
433 490 3
441 499 3
444 501 3
455 514 0
514 515 1
406 464 3
407 465 3
407 466 3
412 470 3
414 472 3
415 473 3
416 474 3
442 500 3
464 465 3
466 467 3
411 470 0
470 471 3
472 473 3
473 474 3
474 475 3
422 481 3
423 481 3
441 500 3
471 472 3
422 480 3
481 482 3
488 547 2
444 502 3
465 466 3
420 480 3
484 542 3
487 488 3
500 501 3
501 502 3
502 503 3
390 568 3
510 568 3
469 470 0
480 481 3
440 499 3
513 514 3
410 468 1
499 555 3
499 500 3
511 569 3
467 468 1
468 469 3
475 477 3
390 567 3
510 569 3
512 569 3
484 485 1
486 487 0
490 547 3
567 568 3
433 550 1
446 567 3
433 491 1
494 550 1
420 536 3
490 491 1
491 550 3
477 536 3
446 561 3
490 548 3
503 561 3
470 529 1
485 486 3
487 545 1
488 545 1
561 567 3
480 536 3
469 527 3
471 529 1
471 530 1
472 530 1
472 531 1
473 531 1
473 532 1
474 532 1
480 538 3
481 540 2
482 540 2
491 549 3
494 551 2
530 531 3
475 534 1
477 535 3
536 538 3
481 538 3
549 550 3
550 551 0
468 527 3
531 532 3
475 533 1
477 534 3
490 549 1
527 529 3
529 530 3
474 533 1
533 534 3
534 535 3
535 536 3
486 543 3
495 552 2
485 543 3
494 552 2
501 560 3
514 572 3
532 533 3
481 539 2
547 548 3
548 549 3
502 560 3
513 572 3
515 572 0
464 522 1
465 523 1
466 524 1
467 524 1
483 541 2
495 553 2
568 569 3
512 570 3
513 570 3
522 523 3
523 524 3
482 541 2
484 541 2
485 542 0
542 543 3
515 689 0
519 689 0
467 525 1
468 525 3
486 545 1
553 554 2
502 561 3
567 624 0
513 571 3
524 525 3
468 526 3
526 527 3
538 539 3
539 540 3
541 542 3
488 604 1
547 604 1
551 552 3
552 553 3
560 561 3
569 570 3
570 571 3
571 572 3
540 541 3
555 556 3
499 556 3
525 526 3
543 545 1
554 555 3
499 557 3
500 560 3
554 612 3
289 636 1
536 537 3
550 608 3
551 608 3
553 612 3
556 557 3
289 637 3
537 538 3
554 613 3
500 557 3
636 637 0
527 586 3
537 539 3
612 613 3
500 616 3
557 616 3
529 586 2
500 617 3
545 602 0
555 613 3
560 617 3
526 585 0
527 585 0
534 592 1
535 592 1
535 593 3
543 602 3
519 636 3
592 593 3
541 543 2
556 614 3
519 637 0
532 590 2
555 614 3
556 615 3
557 615 3
571 629 3
572 689 3
531 590 2
533 590 2
548 605 3
615 616 3
560 618 3
523 581 0
524 583 0
525 583 0
533 592 1
540 598 3
541 600 3
543 600 3
547 605 3
616 617 3
617 618 3
572 630 3
522 581 0
526 583 0
585 586 3
590 592 2
535 594 3
536 594 3
537 594 3
537 595 3
541 598 3
604 605 0
552 610 3
552 611 3
553 611 3
613 614 3
570 628 3
571 630 3
630 689 3
522 580 0
524 581 0
524 582 0
530 587 1
530 588 1
531 589 0
537 597 3
539 597 3
541 599 3
543 601 3
545 603 0
549 607 3
551 609 3
552 609 3
614 615 3
569 628 3
571 628 3
580 581 3
529 587 1
587 588 2
588 589 0
589 590 1
594 595 3
537 596 3
602 603 3
488 603 1
548 607 3
549 608 3
608 609 3
610 611 3
629 630 3
581 582 3
582 583 3
591 592 1
595 596 3
596 597 3
540 597 3
569 627 3
628 629 3
637 689 1
526 584 0
590 591 0
599 600 3
609 610 3
624 625 1
568 626 1
569 626 1
627 628 3
583 584 3
584 585 3
586 587 1
593 594 3
597 598 3
598 599 3
605 607 3
611 612 3
560 619 3
561 619 3
567 625 1
567 626 1
600 601 3
601 602 3
626 627 0
607 608 3
618 619 3
561 620 3
619 620 3
561 621 3
567 621 1
603 604 3
586 644 2
587 644 0
608 666 3
620 621 3
585 644 3
607 664 3
629 687 3
630 687 3
607 666 3
611 669 3
612 669 1
626 802 0
628 686 3
603 660 3
603 661 3
615 672 0
615 673 3
565 621 1
567 802 3
591 649 3
592 649 2
602 660 3
610 669 3
614 672 0
672 673 0
617 675 3
618 675 3
565 620 1
629 686 3
589 648 1
590 648 0
599 657 3
605 664 3
609 667 3
610 667 3
612 671 0
613 671 0
614 671 0
616 675 3
591 648 3
598 657 3
618 676 3
619 676 3
587 645 0
593 652 2
597 655 3
597 656 3
598 656 3
660 661 3
604 662 2
669 671 0
627 802 3
580 638 2
581 639 2
582 640 2
583 641 2
584 642 2
644 645 3
588 646 0
589 647 1
596 654 3
600 657 3
600 658 3
605 662 3
616 673 3
675 676 3
638 639 3
639 640 3
640 641 3
641 642 3
645 646 3
646 647 3
647 648 3
594 652 3
596 655 3
657 658 3
601 658 3
603 662 3
664 666 3
670 671 0
671 672 3
585 642 2
648 649 3
593 651 2
651 652 3
595 653 3
654 655 3
655 656 3
656 657 3
609 666 3
669 670 1
686 687 3
687 689 3
592 650 2
627 686 3
593 650 3
610 727 3
669 727 3
565 619 1
565 567 3
594 653 3
661 662 3
662 664 3
666 667 3
667 727 3
619 734 3
653 654 3
595 654 3
667 725 3
565 734 1
649 650 3
650 651 3
601 660 3
676 734 3
585 701 2
652 653 3
644 701 3
666 723 3
673 675 3
675 732 1
642 701 3
664 723 3
673 732 1
686 802 3
652 711 3
649 707 3
650 707 3
653 711 3
666 724 3
726 727 3
689 920 3
601 718 3
667 724 3
667 726 3
687 920 3
670 728 1
654 713 3
660 718 3
661 719 3
661 720 3
662 720 3
651 708 3
654 711 3
664 722 3
724 725 3
669 728 3
689 923 1
642 699 3
648 706 3
650 708 3
711 713 3
660 719 3
722 723 3
637 923 1
641 699 3
649 706 3
655 713 3
664 721 2
727 728 3
675 733 3
676 733 3
686 920 3
638 696 3
639 697 3
640 698 3
642 700 3
644 703 3
645 703 3
646 704 3
647 705 3
658 718 3
718 719 3
662 721 0
721 722 1
723 724 3
671 728 0
696 697 3
697 698 3
698 699 3
700 701 3
644 702 3
703 704 3
704 705 3
648 705 3
707 708 3
651 710 3
652 710 3
656 714 3
657 715 3
725 726 3
673 731 1
732 733 0
702 703 3
712 713 3
656 713 3
657 716 3
658 716 3
731 732 3
733 734 3
699 700 3
705 706 3
711 712 3
656 715 3
710 711 3
713 714 3
716 718 3
706 707 3
714 715 3
720 721 0
671 787 0
672 787 0
565 741 1
701 702 3
715 716 3
719 720 3
920 923 1
287 637 3
287 923 1
708 710 3
565 802 3
728 787 3
673 787 1
718 775 3
565 800 1
708 767 3
787 788 3
673 788 1
734 791 3
565 792 1
741 800 3
710 767 3
565 791 1
716 775 3
699 757 3
700 757 3
731 788 3
714 772 3
719 777 2
733 791 3
715 772 3
718 777 2
710 768 3
712 770 3
713 770 3
720 778 1
721 778 1
721 779 1
722 779 1
722 781 3
723 781 3
724 783 3
725 783 3
732 790 0
733 790 3
703 761 3
706 764 1
710 769 3
713 771 3
724 781 3
726 783 3
726 784 3
731 790 0
701 759 1
702 759 1
704 761 3
705 764 1
706 765 1
707 765 1
768 769 3
711 769 3
714 771 3
715 773 1
716 773 1
775 777 0
720 777 2
727 784 3
727 785 3
565 1025 1
696 754 3
697 755 3
698 756 1
699 756 1
700 758 1
702 760 1
702 761 3
704 762 1
705 763 1
724 782 3
784 785 3
754 755 3
755 756 1
758 759 3
760 761 0
761 762 1
762 763 3
763 764 3
708 765 1
767 768 3
770 771 3
771 772 3
778 779 3
781 782 3
782 783 3
783 784 3
731 789 3
757 758 1
764 765 3
712 769 3
716 774 1
788 789 3
789 790 0
773 774 3
777 778 3
728 785 3
802 920 3
759 760 3
772 773 1
774 775 3
728 845 3
785 845 3
787 845 3
790 791 3
920 980 3
923 980 0
765 767 0
756 757 0
779 781 3
769 770 3
765 824 0
767 824 3
779 838 1
781 838 1
791 849 1
788 846 3
565 849 1
287 810 1
773 831 3
774 833 3
785 844 3
844 845 3
756 814 0
775 833 3
777 834 1
778 837 1
779 837 1
757 814 3
765 823 0
775 834 2
802 1037 1
920 1037 1
823 824 3
774 831 3
781 839 3
782 839 3
785 843 3
789 848 3
790 848 1
790 849 1
769 827 3
770 827 3
770 829 2
771 829 2
774 832 3
784 843 3
287 980 1
757 815 0
758 816 0
759 817 0
760 818 0
761 819 0
762 820 0
763 821 0
764 822 1
768 826 3
771 830 1
772 830 1
832 833 3
777 835 1
778 836 1
782 840 3
783 841 3
784 842 3
789 846 3
815 816 0
816 817 3
817 818 3
818 819 3
819 820 3
820 821 3
821 822 1
822 823 0
768 824 3
769 826 3
773 830 3
831 832 3
833 834 3
834 835 1
835 836 1
836 837 2
837 838 2
838 839 0
839 840 3
840 841 3
841 842 3
842 843 3
789 847 3
848 849 3
565 1036 1
802 1036 1
755 813 0
755 814 3
814 815 0
843 844 3
787 846 3
847 848 3
813 814 1
827 829 1
829 830 0
830 831 3
845 846 3
846 847 3
754 812 0
754 813 0
826 827 3
812 813 3
1036 1037 3
824 826 3
845 904 3
846 904 3
824 883 3
826 883 3
826 884 3
827 886 3
827 884 3
829 886 0
921 980 0
833 890 1
832 890 3
848 906 3
849 906 3
920 978 3
978 980 3
824 882 3
829 887 0
833 892 1
834 892 1
835 893 1
978 1037 1
812 870 1
813 871 1
814 872 1
815 873 2
816 874 1
817 875 1
818 876 1
819 877 1
820 878 1
821 879 1
822 880 0
823 881 3
882 883 3
830 887 3
830 888 3
836 894 3
837 895 0
838 896 0
839 897 3
840 898 3
841 899 3
847 906 3
870 871 3
871 872 3
872 873 0
873 874 1
874 875 3
875 876 3
876 877 3
877 878 3
878 879 3
879 880 0
880 881 3
881 882 3
831 888 3
831 890 3
892 893 1
893 894 3
894 895 0
895 896 3
896 897 3
897 898 3
898 899 3
842 899 3
843 901 1
845 903 3
903 904 3
921 978 0
890 892 2
842 901 1
844 901 1
844 903 3
846 905 3
847 905 3
849 1022 3
886 887 1
887 888 3
906 1022 3
883 884 3
890 949 0
892 949 0
565 1022 1
905 906 3
904 905 3
827 943 0
842 958 3
287 985 1
884 943 0
886 943 0
888 890 3
899 958 3
901 958 0
901 903 0
565 973 1
901 960 3
903 960 2
905 963 3
565 971 1
884 942 0
886 944 0
904 963 3
880 938 1
883 942 0
943 944 3
887 944 0
888 947 2
890 947 2
903 963 3
881 938 1
881 940 0
882 940 0
903 961 3
878 936 0
879 938 3
960 961 2
906 964 3
921 979 0
870 928 0
871 929 0
872 930 0
873 931 0
874 932 0
875 933 0
876 934 0
877 935 0
877 936 0
879 936 0
881 939 0
883 941 0
942 943 3
888 945 3
890 948 0
892 950 2
893 951 0
894 952 0
895 953 3
896 954 3
897 955 3
898 956 3
899 957 3
958 959 1
901 959 3
905 964 3
978 979 3
928 929 3
929 930 3
930 931 3
931 932 3
932 933 0
933 934 2
934 935 3
935 936 3
938 939 0
940 941 3
941 942 3
945 947 0
947 948 0
948 949 0
950 951 3
951 952 3
952 953 3
953 954 3
954 955 3
955 956 3
956 957 3
957 958 3
939 940 3
959 960 3
887 945 3
949 950 3
963 964 3
979 980 3
944 945 1
961 963 3
963 1020 1
961 1020 1
287 979 1
936 995 1
879 995 3
938 995 3
979 1038 1
287 1038 1
945 1004 1
947 1004 1
964 1022 3
949 1007 1
287 1043 1
985 1043 1
948 1007 1
950 1007 1
960 1018 1
939 997 1
940 997 1
942 1001 1
943 1001 1
947 1005 1
959 1018 1
935 994 1
936 994 1
944 1001 1
948 1005 1
994 995 3
938 997 0
961 1018 1
1004 1005 3
928 986 1
929 987 1
930 988 1
931 989 1
932 990 1
933 991 1
934 992 1
935 993 1
938 996 3
940 998 1
941 999 1
942 1000 1
944 1002 1
945 1003 1
948 1006 1
951 1009 1
952 1010 1
953 1011 1
954 1012 1
955 1013 1
956 1014 1
957 1015 1
958 1016 1
959 1017 1
961 1019 1
986 987 3
987 988 3
988 989 3
989 990 3
990 991 3
991 992 3
992 993 3
993 994 3
996 997 0
997 998 3
998 999 3
999 1000 3
1000 1001 3
1001 1002 3
1002 1003 3
1003 1004 3
1005 1006 3
1006 1007 3
950 1009 1
1009 1010 3
1010 1011 3
1011 1012 3
1012 1013 3
1013 1014 3
1014 1015 3
1015 1016 3
1016 1017 0
1017 1018 2
1018 1019 0
1019 1020 3
963 1021 3
964 1021 3
1020 1021 0
979 1037 1
995 996 3
1021 1022 3
1037 1038 3
1007 1009 3
