0 1 3
1 2 3
2 3 3
3 5 3
5 7 3
7 9 3
9 10 3
9 12 3
12 13 3
13 14 3
14 15 3
15 16 3
16 17 2
17 19 1
19 23 0
23 25 1
25 84 0
27 84 3
27 29 3
29 87 3
34 87 3
34 35 3
35 94 3
37 94 3
37 38 3
38 39 3
39 41 3
41 42 3
42 43 3
43 44 3
44 45 3
45 335 3
52 335 3
52 458 3
287 458 3
87 89 3
22 23 0
3 62 2
5 62 2
5 64 3
7 64 3
21 23 0
10 12 3
10 11 3
11 12 3
27 86 3
34 91 3
39 96 3
29 86 3
87 91 3
38 96 3
44 218 3
45 218 3
21 22 3
39 97 3
5 63 3
62 63 0
34 92 3
37 95 3
96 97 3
41 97 3
42 44 3
218 335 3
23 78 1
12 70 3
19 77 3
19 78 3
10 67 3
11 70 3
91 92 3
42 218 3
9 67 3
35 93 3
3 61 3
7 67 3
17 77 1
93 94 3
2 61 3
17 75 1
21 78 3
1 175 0
2 175 0
2 60 3
7 65 3
14 72 3
15 72 3
25 81 0
113 458 0
0 175 0
63 64 3
64 65 3
15 73 3
27 85 3
102 218 0
60 61 3
13 71 3
14 71 3
16 73 3
16 75 3
77 78 3
22 80 1
23 80 1
23 81 3
85 86 3
29 89 3
102 103 0
34 93 3
94 95 3
60 175 0
71 72 3
86 89 3
89 91 1
92 93 3
38 95 3
65 67 3
21 80 1
67 125 3
10 125 3
11 127 3
70 71 3
72 73 3
17 135 1
89 145 3
89 147 3
62 177 0
10 127 3
75 135 0
80 81 0
86 145 3
145 147 3
61 62 3
10 126 3
126 127 3
16 132 3
75 132 3
77 135 3
41 157 3
52 454 3
125 126 3
25 141 0
84 141 3
97 157 3
335 454 3
81 141 3
84 85 3
95 96 3
73 132 3
89 148 1
61 177 0
70 127 3
42 215 3
215 218 3
104 218 0
65 124 3
67 124 3
215 446 3
454 458 3
60 176 0
60 177 0
85 144 3
64 122 3
65 122 3
86 144 3
146 147 3
91 148 1
91 149 3
94 152 3
95 152 3
42 157 3
176 177 3
63 122 3
70 128 3
145 146 3
147 148 1
148 149 3
91 150 3
92 150 3
157 215 3
103 218 3
175 176 3
80 138 0
95 153 3
96 153 3
127 128 3
72 131 3
93 151 3
94 151 3
62 121 0
63 121 3
73 131 3
92 151 3
62 178 3
78 137 3
21 137 3
80 137 0
81 138 3
96 154 3
97 155 3
97 214 3
177 178 1
121 122 3
72 189 3
78 136 3
85 141 3
149 150 0
152 153 3
153 154 3
96 155 3
157 214 3
65 123 3
124 125 3
71 189 3
77 136 3
136 137 3
144 145 3
150 151 3
151 152 3
335 336 3
121 178 1
122 123 3
123 124 3
218 336 3
71 128 3
131 189 3
132 133 3
75 133 3
75 193 0
135 193 3
85 201 3
144 201 3
336 454 3
141 199 3
155 214 3
171 458 0
131 132 3
133 193 0
85 199 3
154 155 3
135 136 3
137 138 3
215 336 3
402 458 3
287 402 3
124 182 2
85 200 3
200 201 3
126 184 3
71 187 3
137 196 3
138 196 3
125 184 3
128 187 3
81 197 3
146 205 3
147 205 2
187 189 3
131 190 3
132 190 3
141 197 3
148 205 3
214 215 3
231 287 3
127 185 3
128 185 3
188 189 3
149 207 0
123 182 2
187 188 3
199 200 3
150 207 3
122 181 0
123 181 0
150 208 3
151 208 3
152 210 3
154 212 3
122 180 3
126 185 3
128 186 3
136 193 3
138 197 3
197 199 3
144 202 3
145 202 3
151 210 3
226 458 3
184 185 3
185 186 3
133 190 3
153 210 3
226 454 3
182 184 1
136 194 3
146 204 3
151 209 3
153 211 3
155 212 3
121 180 3
125 182 2
192 193 3
145 204 3
208 209 3
209 210 3
154 211 3
212 213 3
155 213 3
180 181 3
133 192 0
201 202 3
204 205 3
148 206 3
210 211 3
211 212 3
193 194 3
205 206 3
213 214 3
226 402 3
145 262 3
174 175 3
202 262 3
204 262 3
149 206 0
207 208 3
189 190 3
196 197 3
206 207 3
186 187 3
190 192 0
137 194 3
287 401 3
177 235 3
181 182 1
401 402 3
231 401 3
176 235 3
178 235 0
231 289 3
178 180 0
289 401 3
192 250 3
193 251 3
178 237 0
182 240 2
184 240 0
194 251 3
180 237 3
192 251 3
176 234 3
200 258 3
234 235 3
184 242 0
190 248 3
199 258 3
202 260 3
180 238 2
181 238 3
240 242 3
189 248 3
250 251 3
197 256 3
199 256 3
199 257 3
174 176 3
257 258 3
212 270 3
330 446 3
178 236 3
184 243 0
137 254 3
196 254 3
256 257 3
262 319 3
205 262 3
205 264 3
206 264 3
213 270 3
214 330 3
215 330 3
235 236 1
185 243 0
197 255 3
208 266 3
209 267 3
285 402 3
236 237 0
242 243 3
194 254 3
196 255 3
260 262 3
208 267 3
210 268 3
339 454 3
226 285 3
187 245 2
188 245 2
192 248 2
201 258 3
201 260 3
211 268 3
213 271 3
214 271 3
226 339 3
188 247 0
189 247 0
194 253 3
253 254 3
207 265 3
207 266 3
266 267 3
267 268 3
270 271 3
226 399 3
186 245 2
399 454 3
339 399 3
238 297 3
181 297 3
181 240 3
188 304 0
206 265 3
336 399 3
247 248 3
254 255 3
255 256 3
265 266 3
211 269 3
271 330 3
285 401 3
174 232 3
247 304 3
268 269 3
211 270 3
186 243 0
244 245 0
245 304 0
269 270 3
186 244 0
192 307 3
240 297 3
248 307 2
250 307 3
262 264 3
285 399 3
176 232 3
264 265 3
260 319 3
237 238 3
243 244 3
251 253 3
319 320 3
253 310 3
253 312 3
240 299 3
242 299 3
245 303 1
310 312 3
340 399 0
232 348 3
176 291 3
234 291 3
303 304 3
201 319 3
262 379 3
264 379 3
288 289 3
235 293 3
258 317 3
201 317 3
262 320 3
379 437 3
288 401 3
232 291 3
234 293 3
236 293 0
237 295 3
238 295 3
251 310 3
254 312 3
317 319 3
240 298 3
244 303 3
265 323 3
266 323 3
266 324 3
267 324 3
271 329 3
289 347 1
304 305 3
247 305 3
256 373 3
257 316 3
267 325 3
270 329 3
288 347 1
297 298 3
247 307 3
250 308 3
251 309 3
256 316 3
258 316 3
268 326 3
269 327 3
270 328 3
446 503 3
298 299 3
243 301 3
307 308 3
308 309 3
309 310 3
255 373 3
323 324 3
325 326 3
326 327 3
327 328 3
330 503 3
339 340 1
244 301 3
316 317 3
324 325 3
328 329 3
236 294 3
236 295 0
320 379 3
215 503 3
293 294 1
294 295 0
399 401 3
291 350 3
234 350 3
295 297 3
242 301 3
305 307 3
264 323 3
255 312 3
329 330 3
336 449 3
255 372 3
323 380 3
215 449 3
312 372 3
291 348 3
242 358 3
301 358 3
301 359 3
316 373 3
299 358 3
358 359 3
318 319 3
301 303 3
318 436 3
291 349 3
372 373 3
317 318 3
349 350 3
293 350 3
303 361 3
348 349 3
303 359 3
359 361 3
309 367 3
310 367 3
379 380 3
264 380 3
295 354 3
297 354 3
380 437 3
312 369 3
323 381 3
295 353 3
310 369 3
312 370 3
294 353 0
304 362 3
370 372 3
324 381 3
329 387 3
298 356 3
305 362 3
307 365 3
330 387 3
336 453 3
353 354 3
297 356 3
308 365 3
317 376 3
318 376 3
319 379 3
449 453 3
294 352 3
305 364 3
307 364 3
324 382 3
293 351 3
297 355 3
299 357 3
304 361 3
325 383 3
326 384 3
327 385 3
328 386 3
449 503 3
395 453 0
336 395 1
395 399 0
294 351 0
355 356 3
357 358 3
364 365 3
310 368 3
368 369 3
376 436 3
382 383 3
383 384 3
384 385 3
385 386 3
386 387 3
447 503 3
361 362 3
308 366 3
309 366 3
381 382 3
393 503 0
356 357 3
366 367 3
367 368 3
373 431 3
380 381 3
393 447 0
393 449 0
350 351 3
351 352 1
354 355 3
305 363 3
369 370 3
362 363 3
363 364 3
401 403 3
288 403 3
365 366 3
375 376 3
318 379 3
316 375 3
317 375 3
375 490 3
394 453 0
372 429 3
370 429 3
352 353 0
375 436 3
352 410 3
353 410 1
369 427 1
373 490 2
316 490 2
387 503 3
394 449 0
359 418 3
431 490 3
379 436 3
361 418 3
361 419 3
370 427 1
372 430 3
447 449 3
351 409 3
418 419 3
362 419 3
364 422 3
373 430 3
350 409 3
352 409 0
354 412 3
355 412 3
363 422 3
353 412 3
355 413 3
356 413 3
366 423 3
386 444 3
387 444 3
350 408 3
357 415 3
358 415 3
365 423 3
408 409 3
353 411 3
362 421 3
363 421 3
366 424 3
380 439 3
381 439 3
382 440 3
385 444 3
348 406 3
349 407 3
410 411 0
411 412 3
356 414 3
358 416 3
359 417 3
362 420 3
366 483 3
381 440 3
383 441 3
384 442 3
387 445 3
406 407 3
350 407 3
413 414 3
414 415 3
415 416 3
416 417 3
417 418 3
419 420 3
422 423 3
367 483 3
368 426 3
436 437 3
440 441 3
441 442 3
442 499 3
385 442 3
444 445 3
445 503 3
399 453 3
424 483 3
426 484 3
385 443 3
407 408 3
421 422 3
423 424 3
369 426 3
430 431 3
436 495 3
439 440 3
420 421 3
427 486 3
437 495 3
437 439 3
442 443 3
399 516 3
401 516 3
403 463 1
412 413 3
370 486 1
399 456 3
372 488 2
453 456 3
409 410 1
367 426 3
430 488 3
436 490 3
449 508 3
453 508 3
429 486 1
429 488 3
439 495 3
443 499 3
443 444 3
426 427 1
367 484 3
403 520 1
412 470 3
413 470 3
440 499 3
411 470 3
420 478 3
431 488 3
436 494 3
494 495 3
444 502 3
421 478 3
439 499 3
443 502 3
414 472 3
423 481 3
424 481 3
456 516 3
463 521 0
413 472 3
416 474 3
417 474 3
418 474 3
419 477 3
422 480 3
423 480 3
429 487 3
463 520 0
413 471 3
418 477 3
481 483 3
486 487 0
431 489 3
456 508 3
406 464 3
407 465 3
408 466 3
470 471 3
471 472 3
415 473 3
421 480 3
441 499 3
445 502 3
464 465 3
465 466 3
409 466 3
472 473 3
473 474 3
420 477 3
478 480 3
520 521 1
488 489 3
447 508 3
487 488 3
480 481 3
474 477 3
403 516 3
502 503 3
477 478 3
436 550 1
409 467 1
490 491 1
436 491 1
410 467 3
477 536 3
478 536 3
489 490 3
491 550 3
494 550 1
481 540 3
483 540 3
503 562 3
447 562 3
466 523 1
466 524 1
466 467 1
478 537 3
480 537 3
465 523 1
410 468 3
410 470 0
508 562 3
467 468 3
474 534 3
536 537 3
367 542 3
467 524 3
471 529 1
472 530 1
473 530 1
473 531 1
474 531 1
533 534 3
480 538 3
483 542 3
470 529 1
529 530 3
530 531 3
477 534 3
537 538 3
520 578 1
474 532 1
481 538 3
484 542 3
470 528 1
531 532 3
474 533 1
481 539 3
494 553 3
495 553 3
410 528 3
532 533 3
539 540 3
426 542 3
488 546 3
494 609 2
495 554 3
439 554 3
502 560 3
403 578 1
528 529 3
538 539 3
483 541 3
426 486 1
489 547 3
490 606 2
464 522 1
465 522 1
523 524 3
410 527 3
477 535 3
540 541 3
488 547 3
491 606 0
550 609 0
517 578 1
534 535 3
535 536 3
541 542 3
426 487 3
487 546 3
494 552 3
503 560 3
516 517 3
403 517 3
527 528 3
546 547 3
491 549 3
439 555 3
520 579 1
522 523 3
468 527 3
426 544 1
549 606 3
549 550 3
552 609 3
552 553 3
553 554 3
499 555 3
443 560 3
516 575 1
521 579 1
467 526 3
468 526 3
487 544 1
517 575 1
544 546 0
490 547 3
524 526 3
526 527 3
499 556 3
443 557 3
499 557 3
503 504 3
547 606 3
550 608 3
554 555 3
555 556 3
456 563 3
563 575 1
517 576 1
608 609 3
552 610 3
553 610 1
556 616 3
499 616 3
563 571 1
516 563 3
563 576 1
531 589 0
557 616 3
504 560 3
443 616 3
538 596 3
542 600 2
426 600 2
544 603 3
560 616 3
546 603 1
526 583 3
537 596 3
539 596 3
508 563 3
533 592 0
534 592 0
535 594 0
536 594 0
537 595 0
556 614 3
614 616 3
523 581 0
535 592 0
594 595 3
539 597 2
541 599 2
554 612 3
555 614 3
508 626 1
522 581 0
535 593 0
610 611 3
555 612 3
503 621 3
562 621 3
595 596 3
546 604 2
547 605 3
609 610 3
553 611 1
612 614 3
522 580 0
524 581 0
524 582 3
524 583 3
527 586 2
528 586 2
529 586 2
541 600 2
544 602 3
547 604 2
605 606 3
553 612 3
563 626 1
576 623 0
578 636 3
578 579 2
580 581 1
581 582 1
532 591 0
533 591 0
592 593 3
541 597 3
599 600 3
426 602 1
621 622 1
563 623 3
517 623 3
579 636 3
527 585 0
530 588 2
531 588 2
596 597 2
603 604 0
526 584 0
527 584 0
585 586 1
588 589 3
591 592 3
593 594 3
504 616 3
584 585 3
529 587 0
530 587 0
611 612 0
562 564 3
508 564 3
564 626 1
602 603 3
549 608 3
517 636 1
517 579 1
582 583 3
583 584 0
587 588 1
532 648 0
600 659 3
604 605 3
504 621 2
562 622 1
586 587 0
531 648 0
591 648 3
426 659 1
504 678 3
621 678 1
623 635 1
589 648 2
549 665 3
596 655 1
597 655 3
606 665 3
602 659 2
608 665 3
587 645 3
592 650 3
593 650 3
595 655 3
597 599 3
604 662 2
605 663 3
606 663 3
610 668 3
582 640 0
586 645 2
609 668 3
599 658 3
600 658 3
611 669 3
612 669 1
587 646 3
588 646 2
602 660 2
603 660 2
645 646 3
589 646 2
650 651 3
593 651 3
659 660 3
583 641 0
591 649 3
599 656 3
608 666 3
609 667 3
504 735 3
586 644 2
592 649 3
594 651 3
603 661 2
603 662 2
667 668 3
616 735 3
678 735 3
581 639 0
582 641 0
584 641 3
584 642 3
597 656 3
661 662 3
610 669 3
580 638 3
581 640 1
640 641 3
651 652 3
599 657 3
638 639 1
639 640 3
584 643 3
585 643 3
585 644 3
649 650 3
595 653 3
656 657 3
658 659 3
604 663 2
666 667 3
612 616 3
626 684 1
642 643 3
644 645 3
589 647 1
647 648 2
594 652 2
653 655 3
660 661 3
622 681 1
562 681 1
563 684 1
641 642 3
662 663 3
655 656 3
657 658 3
665 666 3
668 669 3
563 564 3
595 652 2
643 644 3
646 647 3
652 653 3
564 681 1
648 649 3
663 665 3
616 734 3
734 735 3
621 681 1
669 727 3
612 727 1
642 701 3
653 712 3
612 788 1
642 700 3
650 708 1
655 713 3
663 722 1
616 788 1
700 701 3
643 701 3
652 710 2
653 713 3
656 713 3
659 717 3
660 717 3
665 722 1
663 721 3
665 724 3
666 724 3
612 728 1
652 711 2
653 711 3
658 717 3
665 723 3
668 727 3
727 728 3
648 706 1
651 708 1
710 711 3
712 713 3
662 721 3
722 723 3
641 700 3
644 702 3
645 704 2
646 705 1
648 707 3
649 707 2
656 714 3
657 715 3
658 715 3
723 724 3
638 696 1
639 696 3
639 697 3
640 697 3
640 698 3
644 701 3
645 702 3
646 704 2
647 705 1
706 707 1
650 707 2
668 726 3
621 737 3
645 703 3
648 705 1
651 709 1
652 709 2
713 714 3
657 714 3
715 717 3
667 724 3
667 726 3
726 727 3
678 737 0
624 737 3
681 737 0
703 704 3
704 705 0
707 708 1
735 737 0
641 698 3
701 702 3
705 706 2
709 710 3
721 722 1
724 726 2
697 698 3
711 712 3
714 715 3
660 775 3
616 790 1
616 733 3
696 697 3
702 703 3
708 709 3
661 775 3
728 788 3
788 790 3
733 734 3
661 777 3
662 777 3
717 775 3
641 757 3
700 757 3
712 771 3
713 771 3
733 790 1
698 757 3
724 783 3
726 783 0
701 759 3
702 759 3
662 778 3
715 774 3
717 774 3
777 778 3
721 778 3
564 737 3
661 776 3
776 777 3
775 776 3
734 793 3
735 793 3
564 624 3
708 766 3
709 766 3
727 785 3
707 765 2
721 780 1
728 785 3
696 755 3
697 755 3
704 763 3
706 765 1
714 772 2
714 773 3
722 780 3
563 737 3
711 769 3
728 787 3
787 788 3
705 763 1
708 765 3
709 767 3
715 773 3
722 781 3
727 784 3
696 754 3
710 767 3
710 769 3
723 781 3
724 782 3
726 784 3
697 756 3
698 756 3
701 757 3
702 761 3
703 761 3
705 764 1
706 764 1
711 770 3
712 770 3
714 771 3
772 773 1
723 782 3
733 791 1
734 792 1
757 759 3
704 761 3
769 770 3
773 774 3
774 775 3
784 785 3
728 786 3
790 791 3
791 792 3
792 793 0
737 793 1
764 765 3
766 767 3
771 772 0
775 833 3
776 833 3
782 783 3
786 787 3
755 756 3
756 757 3
704 762 3
765 766 3
770 771 3
780 781 3
785 786 3
761 762 3
762 763 3
763 764 3
767 768 3
710 768 3
768 769 3
778 780 1
781 782 3
783 784 1
754 755 3
759 761 3
788 846 3
790 846 3
757 758 3
759 818 3
790 848 3
758 759 3
778 837 1
780 837 2
761 818 3
846 848 3
773 832 3
774 832 3
784 843 2
785 843 2
790 849 3
770 828 0
780 838 3
781 838 3
791 849 3
763 821 3
764 821 3
765 823 3
769 827 3
774 833 3
777 835 3
782 841 1
783 841 1
787 845 3
848 849 3
754 812 3
755 812 3
762 820 3
766 823 3
778 835 3
784 841 2
786 845 3
788 845 3
761 820 3
763 820 3
767 825 3
768 827 3
776 835 3
786 844 2
792 850 3
764 822 3
766 825 3
770 827 3
778 836 3
786 843 2
844 845 1
793 850 1
755 813 0
756 814 0
757 815 1
758 816 1
759 817 3
818 820 3
765 822 3
770 829 1
771 829 1
833 892 3
776 892 3
835 836 3
837 838 0
781 839 3
782 840 1
784 842 2
812 813 0
813 814 3
814 815 1
758 815 1
816 817 0
821 822 3
828 829 1
772 829 1
836 837 1
838 839 3
839 840 3
840 841 3
841 842 3
849 850 3
820 821 3
827 828 2
772 830 1
843 844 3
815 816 1
822 823 3
766 882 3
768 825 3
768 884 3
773 830 3
737 850 1
829 830 3
823 882 3
825 884 3
842 843 3
845 846 3
835 892 3
827 884 3
830 832 3
832 833 3
818 877 3
825 882 3
820 877 3
846 904 3
848 906 3
817 818 3
830 889 3
845 904 3
849 906 3
816 874 2
832 889 3
832 890 3
846 906 3
835 893 3
836 893 3
837 895 2
737 909 1
814 872 3
821 879 3
822 879 3
838 895 1
850 909 3
813 872 3
818 876 3
820 878 3
833 891 3
836 895 1
815 874 3
816 875 2
817 876 3
877 878 3
822 881 3
828 886 1
829 886 3
832 891 3
812 870 1
813 871 3
815 872 0
815 873 3
817 875 3
823 881 3
836 894 3
838 896 1
839 897 1
840 898 1
841 899 1
842 900 1
843 901 1
844 902 1
845 902 3
845 903 3
849 907 3
850 908 3
870 871 0
871 872 3
872 873 1
873 874 3
876 877 3
821 878 3
827 885 1
889 890 3
892 893 3
893 894 3
894 895 1
895 896 3
896 897 0
897 898 3
898 899 3
899 900 3
900 901 3
901 902 3
902 903 3
906 907 3
907 908 3
908 909 3
883 884 0
884 885 1
827 886 1
830 888 3
891 892 3
846 963 3
906 963 3
825 883 3
885 886 3
888 889 3
875 876 3
878 879 3
890 891 3
903 904 3
881 882 3
904 963 3
623 737 3
882 883 3
829 888 3
879 881 3
874 875 3
879 936 3
878 936 3
884 942 1
885 942 3
879 937 3
881 937 3
883 942 1
877 935 1
874 932 1
875 932 1
873 932 1
904 962 3
870 928 3
876 935 1
936 937 3
881 938 3
881 939 0
882 939 0
829 945 3
903 962 3
871 928 1
878 935 3
883 941 1
885 943 3
888 945 3
893 951 3
894 951 3
895 953 3
896 953 3
932 933 0
882 941 1
886 943 3
886 945 3
891 949 1
892 949 1
902 961 3
903 961 3
906 965 3
907 965 3
909 967 3
871 930 1
872 930 1
873 931 1
875 933 2
876 933 2
937 938 3
938 939 3
892 950 1
892 951 3
894 952 1
895 952 3
896 954 2
897 955 1
898 956 3
899 957 3
900 958 3
901 959 3
902 960 3
908 966 3
737 967 1
930 931 3
931 932 3
941 942 3
888 947 3
889 947 3
949 950 3
950 951 0
951 952 1
952 953 3
953 954 3
954 955 3
955 956 0
956 957 3
957 958 3
958 959 3
959 960 3
960 961 3
961 962 3
965 966 3
966 967 3
943 945 3
890 949 1
939 941 1
890 947 3
962 963 3
935 936 3
942 943 3
890 1006 3
928 930 3
933 992 1
876 992 1
945 1002 3
888 1004 3
949 1006 0
945 1004 3
947 1004 3
963 965 3
943 1002 3
935 992 2
928 987 3
930 987 3
965 1023 3
737 1026 1
965 1022 3
967 1026 3
963 1022 3
928 986 0
931 990 3
932 990 3
947 1006 3
960 1018 3
986 987 1
933 990 1
935 993 1
941 998 3
959 1018 3
962 1020 3
939 998 1
942 1001 3
943 1001 3
1001 1002 3
945 1003 3
961 1020 3
963 1021 3
1021 1022 3
936 994 3
937 994 3
938 997 3
939 997 2
941 999 3
942 1000 3
1003 1004 3
930 988 0
931 989 0
933 991 1
992 993 1
935 994 3
937 995 3
938 996 3
997 998 3
998 999 3
999 1000 3
947 1005 3
949 1007 2
950 1008 2
951 1009 0
952 1010 0
953 1011 0
954 1012 0
955 1013 0
956 1014 0
957 1015 3
958 1016 0
959 1017 3
1022 1023 3
966 1024 3
967 1025 3
987 988 0
988 989 3
990 991 0
991 992 3
993 994 0
994 995 3
938 995 3
996 997 3
1000 1001 3
1004 1005 3
1005 1006 3
1006 1007 3
1007 1008 3
1008 1009 0
1009 1010 3
1010 1011 3
1011 1012 1
1012 1013 0
1013 1014 3
1014 1015 1
1015 1016 0
1016 1017 1
1017 1018 3
961 1019 3
963 1020 3
1023 1024 3
1024 1025 3
1025 1026 3
989 990 1
995 996 3
1002 1003 3
1018 1019 3
1019 1020 3
1020 1021 3
