0.00572598 -0.0841587 25.478
0.0057258 -0.0841587 25.478
0.0135157 -0.133667 26.2132
-0.00418653 -0.159314 27.6339
-0.0324321 -0.0791558 30.2134
-0.0386145 -0.113823 30.6371
-0.0390237 -0.121018 31.2769
-0.0337136 -0.0894702 29.3075
-0.0160005 -0.104211 26.6166
-0.0272142 -0.0921482 28.7467
-0.0341863 -0.125568 31.5667
-0.04081 -0.0907786 34.0243
-0.0324563 -0.0124969 29.9011
-0.00598243 -0.0874338 23.92
-0.0369613 -0.102765 33.5677
-0.0621788 -0.0547675 40.64
-0.0533538 -0.0219662 35.7642
-0.700318 -0.018673 274.003
0.0108577 -0.0648165 6.01937
0.0105528 -0.0894444 7.09358
-0.0137725 -0.050107 16.5284
0.014677 -0.0124642 3.29319
0.00971554 0.0769468 3.74326
0.0187739 0.0608982 -6.90277
0.22159 0.0903582 -106.765
0.0691019 -0.0526529 -23.5805
-0.0779921 0.245756 54.2571
5.48088e-05 0.0281232 5.8584
-0.141509 -0.508356 104.37
-0.017287 0.0414094 16.617
0.0446594 -0.0634408 -20.177
0.0304954 -0.0799286 -10.46
-0.145415 -0.371613 119.559
-0.132908 0.0166953 102.439
-0.0523399 0.0240557 42.2198
-0.0324254 -0.000328127 27.3235
-0.0056397 -0.00828595 7.02173
-0.0233694 -0.00374866 21.4061
-0.0142409 0.00201226 13.5785
0.00726089 0.0106872 -4.85568
0.0310357 0.00886043 -25.0927
0.0130316 0.0317466 -10.4026
0.0129784 -0.00565821 -9.02473
-0.00946097 -0.0208743 12.7397
0.0101756 0.0186619 -6.5672
0.0118952 -0.0205943 -7.49332
-0.00458699 0.0590601 7.75033
-0.000437243 -0.00920819 3.70524
0.0018432 0.374185 -2.06969
0.00449159 -0.0009604 -1.8854
0.00369667 -0.00619753 -0.778749
-0.0352119 0.0916343 44.3259
0.00780327 0.00153474 -4.71954
-0.015347 0.257133 19.601
0.00515344 -0.0216474 -0.620566
0.00342785 -0.0178848 1.38326
0.00238437 -0.0160277 2.61559
0.00293176 -0.0176683 1.97414
0.00621585 -0.0861074 25.527
0.0105928 -0.135079 26.0761
-0.00126091 -0.139515 26.5722
0.0471495 -0.136195 23.3461
0.101033 0.0187171 15.5267
-0.00296972 -0.165551 26.9814
-0.0225026 -0.154928 29.7896
-0.00975958 -0.133586 27.0697
-0.0168508 -0.0869315 26.4084
-0.0226331 -0.0980495 27.9189
-0.010765 -0.129272 26.3675
-0.146132 -0.0230418 59.0718
-0.0130209 -0.117503 27.8693
-0.0414875 -0.101921 35.0287
-0.0596363 -0.0947839 40.7996
-0.05493 -0.0485397 37.7504
-0.0791728 -0.0233185 45.0831
-0.0161727 -0.0271691 21.4759
-0.0227058 -0.0366267 18.8937
0.0110199 -0.0422442 4.67325
0.0175745 -0.034402 2.0473
-0.0505658 0.0913841 31.4226
-0.0586913 0.0404885 42.8765
0.0392744 0.0536787 -15.2107
0.215675 0.229003 -102.71
-0.0368546 0.316916 23.5102
0.000698069 0.0307462 5.85086
-0.00755239 -0.0103494 12.5243
-0.0248328 0.0112199 21.6323
-0.0173986 0.0229961 17.4707
0.0181766 0.367178 -20.551
-0.0268568 -0.0119648 23.0144
-0.119424 0.032419 92.8375
-0.0588084 0.0270714 48.1523
-0.0726492 -0.0170984 58.5182
-0.041048 -0.00843747 34.2276
-0.0228485 -0.0346704 21.5843
-0.0203477 -0.0186708 18.9077
0.0020734 -0.000350438 -0.405768
0.0105399 -0.00195654 -7.23174
0.00672003 0.0108696 -3.99335
0.00714564 0.00452027 -3.96237
-0.00296718 -0.00148094 5.24077
0 0.0448008 1.04534
-0.572764 -0.0516343 562.118
0.0142443 0.0174764 -10.7961
0.0827404 0.0491469 5.57123
0.0187231 0.303533 -25.9628
-0.00258111 -0.0173412 6.19868
-0.0314837 0.092164 33.6288
0.0130164 -0.0105424 -10.8663
0.0191175 -0.0137976 -17.4244
0.0232142 -0.0153158 -21.8607
0.00188909 -0.00969452 1.84397
0.00742611 -0.0212658 -3.29271
0.036222 -0.104256 150.288
0.0162062 0.0537755 169.943
0.0162062 0.0537755 169.943
0 -0.101702 14.6218
0.0433594 -0.157813 27.852
0.0324146 0.0550499 -0.99969
0.0327034 0.0637599 -2.37918
0.040227 0.0172924 22.5963
-0.0186081 -0.198519 30.336
0.00350571 -0.195764 27.5828
0.00806178 -0.134164 24.1789
-0.010028 -0.0722478 23.8352
-0.00478913 -0.10736 23.7895
-0.023899 -0.0927103 27.3345
-0.0196231 -0.128092 28.7662
-0.0215305 -0.123624 29.4434
-0.0238359 -0.128177 31.1277
-0.0329547 -0.119006 33.8417
-0.0398961 -0.0618156 32.9431
-0.042054 -0.0417727 32.614
-0.0662986 -0.0290688 40.8402
-0.0195719 -0.0230515 17.1094
-0.00452209 -0.0673023 13.0689
0.00841432 -0.0221606 5.42021
-0.0049053 -0.0352604 12.9967
-0.0223188 -0.0367178 21.337
0.00582246 -0.0245513 6.64124
-0.000448972 0.026672 7.09865
0.00905501 0.0246205 1.93159
-0.00789564 -0.0475629 14.9299
-0.00312666 -0.00607709 9.43408
-0.0476004 -0.018746 37.137
-0.0134002 0.0208885 13.2075
-0.00256186 0.0331923 6.11437
-0.00477823 0.0673692 5.64189
0.0122321 -0.147638 9.99022
-0.0535251 0.0551954 44.9869
-0.0547708 -0.0469255 46.2195
-0.0264565 -0.0126258 23.4284
-0.0203252 -0.0191114 18.8557
-0.0138591 -0.00477233 13.0365
0.00986331 0.012053 -7.2803
0.00353717 0.00666617 -1.51604
0.000731977 -0.0520506 4.21901
0.0121287 -0.00448825 -8.01004
0.0108195 -0.0214238 -6.12969
0.00165183 -0.0280109 2.06998
0.000525714 0.0178491 2.69906
-0.0093721 -0.0165426 13.3725
0 -0.311488 19.9523
0 -0.437609 27.0646
-0.0411549 0.0883 44.1123
0.00250791 -0.013781 0.753822
0.0368538 0.0948896 -39.3608
0.0177674 -0.0135109 -15.8192
0.0213098 -0.0149181 -19.6844
0.0254325 -0.0194924 -24.0839
0.00454834 -0.0335054 0.711979
0.157523 0.0333304 -103.84
0.0180917 0.0784474 60.5473
0.0180917 0.0784474 60.5473
-0.0119355 0.0844565 -2.14229
0.00105823 0.0557888 -1.19971
-0.00377966 0.0898136 -2.51883
0.00481806 0.0937213 -3.07578
0.0417988 0.0132251 22.7452
0.0914559 -0.246376 17.2301
-0.0328087 -0.233599 33.8476
-0.043813 -0.0417905 19.2685
-0.0837751 -0.361592 55.51
-0.0994363 -0.485346 68.1767
-0.0299983 -0.0749614 28.4761
-0.0182341 -0.0983244 27.3383
-0.0261418 -0.154408 33.3196
-0.0312131 -0.0991851 31.3085
-0.0408437 -0.0911152 33.1985
-0.0344011 -0.146269 35.697
-0.0300355 -0.100152 32.3692
-0.0400168 -0.112847 36.3278
-0.0304453 -0.00313428 19.7922
-0.00748197 -0.0216789 11.9741
-0.00955622 -0.0252901 13.83
-0.00528377 -0.0428194 13.4669
-0.0150213 -0.0187616 15.4865
0.00178652 -0.0176402 7.64105
-0.0387284 -0.0177835 30.3128
-0.0262265 -0.0421978 24.4851
0.0131661 -0.0490728 1.60768
-0.00333668 -0.0391784 11.0501
-0.0195958 -0.0103507 19.7437
0.00147889 0.0379865 3.31116
-0.0238711 0.0469843 19.1257
0.0110218 -0.0657341 4.12293
-0.0529628 -0.103235 51.0864
-0.0616595 -0.0259354 49.9725
-0.0100939 -0.00458541 10.3742
-0.019461 0.00124128 17.4165
-0.0195837 0.00283862 17.2184
-0.00513689 -0.000439828 5.79121
0.00395559 -0.0128698 -0.416785
-0.00937556 -0.0161345 11.4704
0.00129103 -0.0117087 1.44135
0.0098009 -0.00706351 -6.1329
0.309185 0.026187 -281.393
0.00238793 0.0124237 -2.08033
0.00739097 -0.0108271 -3.36479
-0.13219 0.022012 138.498
-0.000221759 -0.0178568 3.68113
0.000129674 -0.0217741 3.70659
0.0098636 -0.0129203 -7.28145
0.00771991 -0.00866029 -5.40852
0.011431 -0.0127419 -8.96907
0.0828343 0.288174 -107.8
0.00405391 -0.0185058 0.480433
0.0156277 -0.0225813 -12.8101
0.00902608 -0.0211261 -5.60885
0.0203732 0.0760482 57.9419
0.00860625 -0.00577833 -7.04387
-0.00267624 -0.0192243 7.79617
-0.0179884 0.0982518 -2.57694
-0.0031593 0.0975809 -3.16175
-0.024083 0.0701949 0.758747
0.0090306 0.0928872 -3.27181
0.0851023 -0.0164054 20.4496
0.0710053 -0.0195347 0.712853
0.0143711 0.00611111 5.49373
-0.0130837 0.000552817 10.1385
-0.0146221 0.00292444 9.93473
-0.0510303 0.0758769 9.91249
-0.0343452 0.0738466 6.26843
-0.0123655 0.0813769 -0.455385
-0.0132449 0.0879199 -0.167591
0.0435315 -0.700246 62.2883
-0.00334129 0.011383 5.07032
0.0337434 -0.00554542 -5.54198
0.0110957 -0.238394 26.9217
0 0 -1
-0.00243234 0.00940984 7.52745
-0.00989809 -0.0088147 12.2866
-0.0202769 -0.053268 21.2277
-0.0162566 -0.0519549 19.6166
9.17145e-05 -0.0399919 10.3974
0.00396851 -0.0789552 12.2039
-0.0262701 -0.0514826 25.7926
-0.055635 -0.0567781 42.2038
-0.0172519 -0.0541319 20.219
-0.0105887 -0.0971427 20.938
0.00571653 -0.0680641 7.48901
0.0358465 -0.165281 -3.59765
0.0242181 -0.0487136 -5.82544
-0.126535 -0.201315 113.675
-0.0230287 -0.0472537 25.0291
-0.0512661 -0.0452766 44.5309
-0.00936274 -0.00717657 10.4655
-0.0110606 0.00173098 10.9018
-0.019356 0.00867931 16.6075
-0.00277373 0.0129405 2.88584
4.86341e-05 -0.00638908 2.49322
0.00210959 -0.00683041 0.604818
-0.00405438 -0.000722483 5.47936
0.00739574 -0.0204522 -3.1124
0.120719 -0.0466612 -104.747
0.0115877 -0.0114966 -7.58321
0.0053419 0.0208721 -3.22298
-0.00382183 0.000818136 5.13602
0 -0.000977184 1.5395
0 -0.000977184 1.5395
0 -0.000977184 1.5395
-0.00134466 -0.000461945 2.93186
0.0104938 -0.000869038 -9.22096
0 0 -1
0 0 -1
-0.00225784 -0.0196416 7.53967
-0.000740077 0.0329287 0.725959
-0.00154161 -0.0189201 6.47887
-0.00121697 -0.0125606 5.31151
-0.00141101 -0.0162363 5.95243
-0.0545498 0.0709499 1.73721
-0.0525999 0.0723818 1.80585
-0.0382981 0.0558056 2.93195
-0.00952917 0.0517389 1.48509
0.146634 -0.0155326 13.5803
0.00493253 0.0616203 0.897606
0.0218444 0.0542541 -1.03225
-0.00149079 0.0289851 5.35232
-0.00633386 0.0545151 2.91202
-0.00302985 0.0718163 0.586159
-0.0343679 0.0904165 4.72154
-0.0246733 0.0862404 2.50227
0 0 -1
-0.0245879 0.0512315 6.92686
0.000116587 0.0330103 1.43107
0.023212 0.0420471 -7.33506
0.0523841 0.0383381 -16.7023
0.0291054 0.0197766 -5.45833
-0.00638977 0.00344806 9.79199
-0.0180672 0.000611987 14.8573
-0.0456746 0.0020395 25.9837
-0.0364912 -0.0424965 27.1103
-0.0273571 -0.0716432 25.786
-0.00757219 -0.0959843 19.0362
0.00273626 -0.106188 15.3699
-0.0122935 -0.0793376 20.0526
-0.00820384 -0.0621491 15.9086
2.84497e-05 -0.0425428 8.04064
0.00930117 -0.00578974 -2.46248
0.0130721 -0.0506396 0.86445
0.0486348 -0.0236593 -25.7145
-3.56558e-05 -0.0353709 7.71401
-0.017197 -0.0549294 22.189
-0.0169525 -0.0272121 18.1096
-0.00567642 -0.0103895 8.1161
-0.00427883 0.00135391 5.88021
-0.0219388 0.00293738 19.2628
-0.0121737 0.00229573 11.562
-0.00517842 -0.00142495 6.28132
-0.0065346 -0.00889467 8.23949
0.00885199 -0.00195444 -6.2901
-0.00230752 -0.00670507 4.00865
0.00678722 -0.00590852 -4.01
0.00860343 -0.0111232 -5.24305
-0.077976 -0.155852 99.399
0.00141109 -0.0116261 2.67181
0.00165187 -0.0106848 2.30075
0.00575541 -0.00635914 -3.77504
0.00446641 -0.0108683 -1.8618
0.00360815 -0.0152746 0.618946
0.024601 0.227152 84.5888
0.00515303 -0.00881701 -2.19268
-0.000433202 -0.00632594 3.79886
-9.84855e-05 -0.0148615 4.24782
-0.00441208 0.0561007 2.32394
-0.00243124 -0.0161151 7.16282
0.0630663 -0.102614 -35.9295
0.147383 -0.105002 -139.292
-0.0514826 0.0664973 2.08413
-0.0721766 0.0390925 6.29511
-0.03035 0.059967 1.8906
-0.0233626 0.0719045 -0.233827
0.0269872 0.0463676 17.4237
-0.0265295 0.0355 8.94944
-0.0386875 0.0452604 9.2428
-0.00119526 0.0372342 4.77065
0.002987 0.0499203 2.44509
-0.00917928 0.0511589 4.71
-0.020769 0.0633053 5.37427
-0.0373806 0.0460788 11.9061
-0.0560654 0.0408707 17.0695
-0.0356232 0.0376507 11.3115
0.00923845 0.0444687 -2.84916
0.0311672 0.0538768 -11.1385
0.0330957 0.0366107 -9.20874
-0.0066788 0.00366112 9.87919
-0.0191323 -0.0138911 16.926
-0.0320387 0.0102002 19.5621
-0.0543997 0.013725 27.928
-0.0585668 0.0139722 29.8292
-0.0353808 -0.00257349 20.3272
-0.0125881 -0.0522163 16.5388
-0.0203581 -0.048957 19.3652
-0.0191517 -0.0458674 19.3222
-0.00602358 -0.00246609 6.59075
-0.0220242 0.00866235 14.3825
0.012448 -0.0222977 -2.01514
-0.00126043 -0.0139902 5.12348
0.000538831 -0.018137 4.6048
0.0107889 -0.00333361 -3.44042
-0.00760024 -0.0168866 10.4938
-0.00594346 -0.00678862 7.59351
0.000636558 -0.00995433 3.2084
-0.00117009 -0.00207041 3.74723
-0.0135851 0.00420233 12.4608
-0.0158881 0.00902314 13.7497
-0.0179687 -0.00630651 17.4649
0.00242133 0.00232218 -1.10636
-0.00209286 -0.00116304 3.33777
0.0362897 0.0491438 -37.8124
0.0104872 -0.00842322 -6.97267
0.0116693 -0.00680947 -8.25421
0.68889 -0.178029 -633.754
-0.0981674 0.0952598 91.8321
0.0279679 0.0839965 -20.0105
-0.140276 0.227231 132.535
-0.143296 0.267175 129.737
0.0213158 0.00735401 -22.06
0.0113525 0.0145962 -11.957
-0.00093582 -0.00976981 4.7825
0.504288 0.0486517 -573.587
-0.00157311 -0.0155026 6.04239
-0.000849795 -0.0193211 5.73418
-0.00382721 -0.00831551 7.8218
0.356165 0.0804481 -334.186
0.235904 0.442996 -242.274
-0.0462747 0.0508138 3.9744
-0.0320708 0.0591815 2.056
-0.0289824 0.0769555 -0.53301
-0.0359697 0.0980837 -3.31118
-0.103744 0.0797023 25.3963
-0.0164693 0.0159986 10.5656
-0.0168147 0.0266593 8.83174
-0.00507613 0.0200077 8.25504
-0.00614546 0.0228108 8.16939
-0.0191376 0.0285336 9.8381
-0.0172907 0.0293171 9.24806
-0.0269462 0.0317683 11.2456
-0.0411606 0.0488082 11.8718
-0.0050823 0.0497733 0.554489
-0.00794356 0.0632568 -0.584502
0.0177043 0.0415307 -4.87808
0.002013 0.0312574 2.57817
-0.0271224 -0.000107623 18.0922
-0.0467292 -0.00135089 25.534
-0.0206923 -0.0106816 16.7701
-0.0552707 0.0346964 24.6422
-0.134619 0.0147219 75.7761
-0.0360593 0.0145645 18.3103
-0.0324704 0.0163796 16.3022
0.00812478 -0.0100803 -0.866116
0.00613445 0.0488271 -9.30607
-0.136626 -0.0775619 90.5474
0.0138361 0.0776204 -18.4705
0.0535769 -0.382934 26.9933
-0.0166978 0.0683244 1.58018
-0.00614075 0.0152297 3.86711
-0.00488133 0.00249833 4.83241
0.00677676 -0.00713096 -1.4044
-0.00285074 0.00821922 2.71882
-0.00242562 -0.0040003 4.66961
-0.00817149 -0.0084869 10.0887
0.000465687 0.00408402 1.16579
-0.00188835 0.0301217 -1.52276
-0.00957052 -0.00196011 9.9109
0.00165923 0.00692755 -1.07525
0.0070921 -0.0019126 -4.43077
0.00534249 0.00190962 -3.32727
0.028025 -0.0164424 -21.9967
0.00597122 -0.00526204 -2.67223
0.0080691 -0.00723003 -4.6604
-0.176915 -0.570363 270.727
-0.0893709 1.20775 -73.2697
-0.00177624 -0.00776749 5.47376
0.00275362 -0.012366 1.30579
0.00733242 0.0380754 -11.9767
-0.00385494 -0.00548226 7.24734
0.622568 -0.0261671 -679.319
0.00265929 -0.0134608 1.56237
-1.77139e-05 0.0365777 -2.60876
0.180441 -0.00257117 -137.992
0.00923261 -0.288961 56.2317
0.115773 -0.368178 -60.1732
0.0842532 -0.00492007 -22.8834
-0.0240995 0.0598514 2.1481
-0.0150539 0.0908903 -3.69775
-0.0399188 0.101353 -3.89136
-0.0915935 0.10385 20.6421
-0.0990226 0.113679 19.8437
-0.00741061 0.0147278 9.65543
-0.00726492 0.0187699 8.90509
-0.0131207 0.0251621 8.39603
0.00475814 0.0130505 7.62705
-0.0126636 0.0235513 9.18424
-0.0166027 0.074551 0.829439
-0.0475742 0.276321 -27.1212
-0.0562161 0.275321 -24.8122
-0.0277413 0.147275 -9.00745
-0.0207851 0.111332 -4.96245
-0.014743 0.0884453 -2.49911
-0.0162888 0.0552685 4.41565
-0.0455749 0.0223706 20.9739
-0.0162559 0.0425338 5.66646
-0.00595141 0.0297879 3.40293
-0.0527265 0.0245823 24.3817
-0.127654 0.0136723 72.689
-0.125935 0.013888 71.7243
-0.0256309 0.0660709 4.43604
0.0162152 0.0807537 -20.6241
0.0335378 0.146577 -40.0518
-0.0116916 0.0946527 -5.49494
0.0336408 0.0521925 -17.0493
0.0324913 0.0318166 -12.5674
-0.0503659 0.152213 7.92412
-0.0218305 0.0801998 3.17917
-0.00537679 0.0308362 0.237337
0.0078163 0.0458124 -11.8008
-0.012017 0.051186 1.57781
0.00339929 0.0110267 -2.49372
0.00153095 0.0343964 -5.41569
-0.00429288 -0.00346221 6.05449
-0.00885813 0.017241 6.08949
0.000501737 0.0136312 -1.31255
0.00581367 0.00747133 -4.91413
0.0184968 0.071046 -27.2937
0 0.122555 -20.8729
-0.000463443 0.024682 -1.55241
0.00209522 0.0119983 -2.80158
-0.0025429 -0.00361951 5.53156
0.0132904 0.0266205 -16.1302
0.172749 -0.0480359 -136.616
0.017009 0.0444439 -23.0217
0.0130488 0.0584886 -21.394
0.00524796 0.0585207 -13.0474
0.930859 0.00638021 -946.428
0.765658 0.128834 -863.496
-0.00374709 -0.00850035 7.86518
-0.00526517 -0.00677691 9.23304
0.126709 -0.0206184 -71.1628
-0.152652 0.0371279 187.571
-0.408164 -0.187493 542.927
0.594958 0.000848599 -727.547
-0.0105309 0.141299 7.3049
-0.0105321 0.1413 7.30473
-0.0423073 0.10125 17.5944
-0.0645323 0.0968704 19.9458
-0.0762077 0.0944758 21.4892
-0.0994198 0.0918424 23.6296
-0.0856069 0.0945571 21.4103
-0.0727873 0.0666618 24.2021
-0.0759457 -0.00138599 39.4236
-0.0787516 -0.0156159 42.617
-0.118978 0.0887685 28.575
-0.0740098 0.150806 5.37597
-0.0312935 0.22513 -21.7681
-0.0613888 0.165642 -1.52697
-0.0573675 0.107011 8.89314
-0.0547209 0.0759128 14.1288
-0.0606521 0.0405102 23.2849
-0.0563394 -0.00355204 30.3946
-0.044449 0.0211279 20.8482
-0.0285768 0.0921072 0.804526
-0.0415648 0.0343064 18.8521
-0.073424 0.0385992 42.9499
0.087789 -0.0366416 -16.397
0.369142 -0.0993531 -142.363
0.0341129 0.138784 -40.0361
0.0519374 0.1665 -54.8328
0.105217 0.180799 -87.6467
0.0343862 0.091688 -26.083
0.000563052 0.0476171 3.77023
-0.0205125 0.296065 -39.0008
-0.0728509 0.290075 -4.34317
-0.0405769 0.097558 12.4826
-0.00159527 0.0664261 -8.1603
-0.00541858 0.0610519 -4.54232
-0.0188258 0.049819 8.45483
-0.00403883 0.0470934 -2.70933
-0.0115776 0.0327213 5.3774
-0.00240803 0.0558504 -6.31655
-0.00148041 0.0341913 -2.71784
-0.0170018 0.0383962 9.02307
0.000757532 0.00528182 0.405593
-0.00491354 -0.00476224 8.2561
-0.00498149 -0.00257942 7.76685
0.00852764 0.0277603 -11.5459
0.00652229 0.0227134 -8.77629
0.228076 -0.395169 -116.758
0.0358529 0.0541742 -43.7988
0.0208015 0.0842527 -34.2342
0.0136007 0.0826395 -26.2509
0.077192 0.00551703 -75.9819
-0.00537601 0.126865 -13.9664
-0.00585794 0.120033 -12.155
-0.00143897 0.0871519 -10.59
-0.0175639 -0.0595711 129.949
0.422858 0.110876 -449.772
-0.0961797 -0.29892 185.464
-0.103288 -0.124429 238.595
-0.0230749 0.0881678 94.4438
0 0 -1
-0.789913 0.0596146 37.834
-0.0497563 0.0883766 20.5863
-0.0549741 0.0792377 22.7919
-0.0475664 0.191557 -20.7652
-0.0333789 0.20682 -26.5809
-0.113407 -0.529344 159.468
-0.0664108 0.175822 -12.7045
-0.172141 -0.461012 157.558
-0.221743 -0.219833 112.176
0.000769248 0.268498 -48.0121
0.0143655 0.279322 -53.2343
0.00869622 0.248874 -46.0471
-0.0110963 0.275297 -46.3147
-0.0183798 0.284096 -46.8389
0.00787348 0.33611 -66.7165
-0.0481128 0.0688783 12.0183
0.0280799 0.308682 -68.2559
0.00168328 0.387568 -76.153
-0.00387733 0.326172 -58.9674
-0.0106182 0.374695 -67.2358
0.0940509 0.0557223 -40.2599
0.110217 -0.0146861 -32.2124
0.0861089 -0.0806379 -5.88032
-0.0289811 0.445104 -71.7825
0.0191179 0.2468 -52.9108
0.049698 0.227098 -65.5603
0.0235172 0.137201 -29.6851
-0.0429603 0.127874 13.0517
0.00444716 0.294395 -54.4513
0.0444869 0.306681 -83.255
0.0594901 0.36885 -107.509
-0.0140943 0.0981402 -7.34247
-0.0423068 0.113124 8.82118
-0.0161359 0.0813594 -1.1853
-0.00270078 0.0516307 -4.89784
0.000792867 0.0634284 -10.9737
-0.0918438 0.0935204 61.5595
-0.0475767 0.260169 -12.9917
-0.0175659 0.184754 -21.8862
0.0236264 0.0649874 -20.5098
-0.0153855 0.0079075 14.7994
0.656348 0.412725 -691.29
-0.00561061 -0.00523081 9.17409
-0.00580545 -0.00297397 8.67009
0.275787 -0.414841 -159.959
0.267735 -0.403227 -154.885
0.0398837 0.0993076 -56.8257
0.0371465 0.113261 -57.1154
0.0987659 -0.0143546 -95.0116
0.0845637 -0.0112645 -80.3895
-0.0123911 0.123914 -5.66993
-0.0114106 0.112629 -4.55621
-0.00913151 0.0939877 -3.4463
0.451119 0.0491466 -469.819
-0.607765 0.00782999 891.89
-0.0739502 -0.125752 202.644
-0.00430705 0.0618783 76.8717
0 0 -1
0.0372714 0.21104 -31.5747
0.0278574 0.205334 -29.5888
-0.0443745 0.180613 -17.9778
-0.0543323 0.187914 -18.8894
-0.0229171 0.21452 -29.2316
-0.0190069 0.219099 -31.3754
-0.0504587 0.216092 -25.7045
-0.0846405 0.107162 7.98729
-0.0640938 -0.0377636 41.1281
0.0767751 0.304446 -74.8588
0.0072328 0.262108 -48.5442
0.0132585 0.261189 -49.6531
0.00485562 0.335307 -65.2319
0.00120141 0.543902 -114.527
-0.0278104 0.341992 -54.3499
0.000141189 0.321561 -59.8767
-0.0051532 0.313347 -55.616
0.0125664 0.324583 -65.6702
-0.0144838 0.309039 -50.897
-0.0130051 0.316045 -53.0511
0.0362252 0.306995 -72.692
0.0130787 0.296489 -58.993
-0.0107269 0.243247 -33.211
-0.0573402 0.213425 -1.72412
-0.0415297 0.189151 -4.68239
-0.0285289 0.21315 -17.4215
0.00506191 0.163001 -24.7205
0.0312639 0.184395 -45.7551
0.0789759 0.227025 -86.3501
0.0717083 0.280793 -94.7344
0.0741963 0.309995 -103.665
0.0253086 0.307106 -70.3234
0.0177712 0.317744 -67.9238
0.00622849 0.0472447 -6.00474
-0.008127 0.0450201 5.39806
-0.00239207 0.0352995 3.41536
-0.0334768 0.051585 24.3425
-0.0249566 0.0231323 24.3687
0.0329807 0.0876568 -41.9838
0.0841985 0.0958508 -88.4676
-0.00675768 -0.0714184 44.863
0.178698 0.340408 -224.994
0.206382 0.0278395 -161.526
0.00397974 0.0171709 24.4517
0.236177 -0.104831 -193.882
-0.0663897 -0.0100719 101.682
-0.331544 0.472758 238.577
-0.0868896 0.312145 23.8096
0.000712117 0.0861524 9.93114
0.000742974 0.0863327 9.8534
0.000721202 0.0866469 9.80053
0.000510863 0.0870328 9.94219
8.48768e-05 0.0874233 10.3333
-0.000413347 0.0877589 10.83
-0.000933667 0.0881159 11.3597
-0.000933667 0.0881159 11.3597
-0.000933667 0.0881159 11.3597
0.0391014 0.216265 -33.0431
0.0369671 0.216933 -33.2678
0.0193086 0.199109 -26.9531
-0.0416889 0.204559 -24.4945
-0.0776405 0.183294 -16.2635
-0.0158677 0.257136 -42.1519
0.0149683 0.283701 -53.1289
0.00372452 0.299821 -55.7119
0.0239477 0.382053 -81.6229
0.132381 -0.256984 66.1716
-0.272098 -0.173143 130.723
-0.0629351 0.451266 -79.0835
-0.0189593 0.209603 -21.9636
-0.0149341 0.210952 -23.7498
-0.0138704 0.246303 -32.9485
-0.0435414 0.308114 -40.1357
-0.0353373 0.324063 -48.2304
-0.0165124 0.303928 -49.699
0.00445645 0.327832 -63.5138
-0.00855041 0.327605 -57.9348
0.00936808 0.313539 -61.7125
0.0124245 0.299263 -59.3342
-0.00622635 0.269192 -42.1746
-0.0463278 0.193553 -1.21443
-0.0675448 0.211448 3.87943
-0.0708048 0.203601 8.55728
-0.169173 0.127942 90.2523
-0.113878 0.173977 44.3759
-0.00280668 0.105264 -4.61362
0.179171 0.00264776 -91.8115
0.124032 0.252419 -122.156
0.0567117 0.283921 -85.4261
0.0721355 0.257851 -89.2362
0.0546383 0.318149 -94.0524
0.00480782 -0.0588118 22.8224
0 -0.0546272 25.2469
-0.0415455 0.0422257 33.1736
0.0129219 0.0724534 -22.6899
0.0189744 0.0738118 -27.8991
0.025173 0.0767964 -33.7287
0.0865874 0.0788111 -86.5903
-0.00615666 -0.00316296 9.09721
0.0335345 0.0586624 -34.4427
0.294588 0.0423478 -247.816
0.00234093 -0.275692 108.968
-0.00229832 -0.145206 78.6746
0.00351357 -0.157279 76.084
0.00582685 -0.147372 71.092
0.00462037 -0.14261 71.0704
0.00131013 -0.137926 73.3201
-0.00242362 -0.13886 77.5921
-0.00400365 -0.145251 81.0328
-0.00359742 -0.152248 82.4475
-0.00213455 -0.158239 82.3812
-0.000376825 -0.162948 81.6008
0.00101568 -0.161257 79.5357
0.00087419 -0.160972 79.6303
0.000633776 -0.161665 80.109
0.0397208 0.219075 -33.8203
0.038999 0.220457 -34.1984
0.0296519 0.223975 -34.6702
-0.0102328 0.226454 -32.7976
0.00156539 0.210738 -29.6125
0.0587544 0.260379 -50.8647
-0.015923 0.320162 -57.7262
0.02875 0.321332 -65.0119
0.0377728 0.365787 -79.6068
0.0405084 0.307345 -63.1142
-0.0270435 0.241485 -28.916
-0.0597415 0.180743 -3.909
-0.0197567 0.243564 -31.8543
0.0136361 0.252606 -43.218
0.00259454 0.187486 -20.2981
-0.00935067 0.243635 -34.0198
-0.000933496 0.270377 -45.0778
-0.00103573 0.29619 -52.654
0.0610179 -0.0484826 19.2935
-0.0339167 0.32057 -44.165
-0.0334853 0.27844 -32.2021
-0.020798 0.249434 -29.6026
-0.0332416 0.185353 -5.08303
-0.0615915 0.20281 4.13178
-0.0558774 0.213732 -2.87781
-0.121972 0.0840588 68.1614
-0.139247 0.11533 76.3461
-0.136128 0.122408 72.2894
-0.0989823 0.126215 48.7238
-0.0823133 0.116444 40.8533
0.0946827 0.249579 -101.828
0.079522 0.260583 -95.1294
0.0920488 0.25288 -101.531
0.0834271 0.275418 -102.277
0.0513193 0.277859 -79.0528
0.00178721 0.352215 -65.0391
0.0284203 0.251565 -54.7096
0.0231831 0.248205 -49.6908
0.0214102 0.247728 -48.1263
0.0382355 0.0746869 -44.2
0.099849 0.0721735 -95.9057
-0.0277621 0.298411 -23.4197
-0.0279824 0.297547 -22.9643
-0.0176269 0.344307 -44.9287
-0.010515 0.32077 -44.3378
0.00938182 0.319619 -63.3019
0.0167275 0.219883 -42.9879
0.0117079 0.222158 -38.5369
0.00590044 0.226788 -33.8764
0.00179071 0.222372 -28.2539
7.07909e-05 0.224981 -27.1775
-3.03235e-05 0.238094 -30.9084
-8.11593e-05 0.25251 -35.0665
-0.000243572 0.263388 -38.0619
-0.000286672 0.26931 -39.7462
0.00181213 0.258376 -39.1269
0.00164199 0.258874 -39.0684
0.00125621 0.260835 -39.171
0.0396292 0.21989 -34.054
-0.089787 0.149507 -13.8785
-0.0877173 0.153794 -15.2155
-0.0960644 0.190703 -6.62055
-0.0198963 -0.151466 97.4534
0.00155037 0.304692 -55.567
0.0313796 0.299802 -57.7099
0.00993042 0.284426 -50.2491
0.0343525 0.295476 -58.13
0.00230144 0.278705 -46.8123
-0.0343213 0.253658 -31.0183
-0.00999398 0.28553 -47.501
-0.00405498 0.277776 -46.1048
-0.00616252 0.236846 -33.0679
-0.0222688 0.165642 -6.5333
0.00118805 0.205552 -26.2979
-0.608916 0.200448 186.203
-0.0724732 0.169594 21.824
-0.11535 0.246777 13.2589
-0.10273 0.274375 -0.836159
-0.0903082 0.242699 3.92436
-0.0757013 0.194111 11.4874
-0.0509623 0.15624 12.0703
-0.0321946 0.179492 -4.72693
0.00280146 0.207836 -31.1606
-0.0993989 0.601505 -90.1325
-0.121754 0.108002 68.261
-0.0662906 0.106208 36.2011
0.0294938 -0.0515137 27.8292
0.0916158 -0.150997 20.1682
0.118954 -0.211584 21.5037
0.105295 -0.123898 3.4176
0.0989769 -0.0933652 -1.89786
0.0628002 0.255902 -81.2418
0.0364699 0.261736 -63.8428
-0.140311 0.112773 117.951
0.0233091 0.2485 -49.8526
0.0230846 0.247807 -49.5097
0.021857 0.249354 -49.005
0.00533646 0.296281 -51.6243
-0.01138 0.300085 -38.3583
-0.0252765 0.298223 -25.5697
-0.0284202 0.297562 -22.553
-0.0282134 0.297362 -22.6902
0.00451708 0.189158 -19.0791
-0.0298362 0.36561 -39.868
0 0.201208 -18.5495
-0.0414966 -0.0766217 113.789
0.00465197 0.227396 -32.7746
-0.000377639 0.220945 -25.5086
0.00675732 0.221971 -33.5526
0.0119027 0.237323 -43.9473
0.0110673 0.252121 -47.5843
0.00697322 0.262936 -46.2563
0.00279353 0.268798 -43.2121
-0.000405455 0.270165 -39.8457
0.00260138 0.257581 -39.8382
0.00210774 0.261225 -40.3464
-0.00602485 0.193289 -9.65543
-0.0905058 0.151308 -14.4192
-0.0921958 0.151338 -14.3243
-0.0892043 0.174485 -1.43851
-0.0749097 0.152517 3.98792
-0.0421214 0.246848 -31.1329
-0.00799243 0.249269 -36.2488
0.00240047 0.241119 -35.8515
-0.00385765 0.317277 -58.7023
-0.00282242 0.303019 -54.3913
-0.0484945 0.264766 -31.21
-0.00901296 0.296595 -50.4046
-0.00644604 0.261723 -40.1778
0.0102154 0.293192 -55.0521
-0.00319726 0.130138 -1.64036
-0.0306578 0.152928 12.1465
-0.0577801 0.15604 20.1588
-0.0673182 0.164932 20.8898
-0.0693152 0.188927 13.4469
-0.0837691 0.23672 3.63125
-0.114643 0.249374 12.9313
-0.123896 0.200421 31.8503
-0.0734473 0.145286 26.3162
-0.00931441 0.160374 -9.74954
0.00446118 0.156842 -15.9118
0.0593226 0.157124 -34.5943
0.0577551 0.164291 -36.1674
0.0132482 0.21579 -35.7236
0.0135078 0.216022 -35.9812
0.0163848 0.219488 -38.9815
0.0241924 0.223454 -45.4203
0.0394278 0.227495 -57.0291
0.062943 0.218859 -70.4914
0.0959811 0.20814 -90.2876
0.074519 0.245825 -86.6424
-0.0069852 0.261901 -29.8828
0.0257942 0.249078 -52.0925
0.0219749 0.255981 -51.3583
0.0220757 0.254186 -50.7847
0.019957 0.250614 -47.7931
-0.000782918 0.292001 -44.8645
-0.0277242 -0.28445 165.109
-0.028071 -0.283127 164.979
-0.0282274 -0.282422 164.886
-0.0196954 -0.255702 148.076
-0.0270609 -0.230029 147.251
-0.0353212 -0.219499 152.774
-0.0276869 -0.158481 125.065
-0.0422266 -0.0746055 113.87
-0.0425229 -0.0696132 112.49
0.00270736 -0.12134 81.8378
0.00828474 -0.151478 85.8366
0.00649628 -0.177697 96.6313
0.0021176 -0.199873 109.057
-0.00210385 -0.216895 119.657
-0.00456995 -0.228214 126.355
-0.0505881 -0.223743 181.701
-0.0419783 -0.220513 170.004
-0.00616287 0.193443 -9.69819
0.0124283 0.141997 7.43966
-0.00687434 0.192733 -9.40169
-0.0127256 0.194536 -9.64359
-0.0198465 0.201017 -11.3849
0.0622828 -0.476016 205.757
-0.0379737 -0.272725 158.346
-0.069624 0.242087 -19.9718
-0.0311081 0.246376 -28.3274
-0.0191645 0.281579 -43.2569
-0.0529842 0.282876 -36.2027
-0.0687157 0.481058 -104.279
0.0285253 0.0303542 38.5429
-0.00531713 0.00118187 58.8262
-0.0404043 0.0996905 33.7272
-0.0413105 0.157754 14.0486
-0.042707 0.145293 19.2401
-0.0400615 0.181672 4.75348
-0.0413112 0.209469 -4.86685
-0.0786712 0.210215 10.6239
-0.11948 0.236798 18.6949
-0.0726103 -0.355422 214.939
-0.0726461 -0.355261 214.899
-0.0106941 0.138706 -1.86762
0.0815906 0.168966 -50.7896
0.0985573 0.201858 -71.8201
0.106726 0.355943 -130.606
0.108294 0.362823 -133.903
0.0174401 0.215518 -38.2446
0.019935 0.219227 -41.1586
0.0288561 0.223514 -48.5178
0.0474114 0.229132 -63.0035
0.0579828 0.245409 -75.9924
0.080311 0.229537 -86.8121
0.112481 0.22983 -110.356
0.0421325 0.25711 -65.7686
-0.00431388 0.286646 -40.803
0.00800338 0.281901 -48.9281
0.00998086 0.261572 -43.2665
0.00771077 0.252495 -38.0959
0.00401553 0.273282 -42.6547
0.00461604 0.243316 -32.5109
0.0057627 0.220226 -25.3014
0.00528233 0.198606 -17.1261
0.000137392 0.193169 -10.3003
0 0.265449 -35.4715
0 0.265449 -35.4715
0 0.265449 -35.4715
-0.0008235 0.192254 -9.02405
-0.0397044 -0.0718413 110.266
0.0558737 0.115147 -57.5001
0.533104 0.0549965 -526.07
0.00661093 0.227685 -30.5219
0.00733639 0.221759 -29.2324
0.00747322 0.213167 -26.3174
0.0066078 0.204344 -22.1376
0.00565027 0.197525 -18.5498
0.00265904 0.194442 -13.7651
-0.0227209 -0.432925 211.499
-0.00606153 0.193307 -9.64799
-3.12551e-13 -0.436719 212.6
-3.25041e-13 -0.436719 212.6
-0.0176354 0.200413 -11.3742
0.145381 -0.178487 98.7767
0.175159 -0.176508 93.9445
0.0188996 0.253602 -32.5711
-0.0405662 0.250663 -27.8846
-0.0276649 0.272645 -38.3311
-0.0222899 0.272191 -39.3619
0.000942802 0.257237 -39.4228
0.0326554 -0.000685455 48.3267
0.0178784 -0.0044736 54.0655
-0.00115618 0.0967548 22.4262
-0.0161159 0.120684 18.6413
-0.0426958 0.132892 23.6426
-0.0470002 0.164526 13.5319
-0.0442658 0.18455 5.19329
-0.0608577 0.183174 12.5737
-0.0758441 0.205875 10.6777
-0.0734372 0.204537 10.0948
-0.0730724 0.201707 10.974
0.0437037 -0.0428279 7.76794
0.0432038 -0.0548942 12.5311
0.0438981 -0.0287705 2.42796
0 0.0429688 35.957
1.86827e-13 -0.0652344 40.1648
1.86827e-13 -0.0652344 40.1648
0.019935 0.219227 -41.1586
0 -0.0652344 40.1648
0.0568017 0.222871 -67.181
0.0631098 0.226728 -73.013
0.0870689 0.259365 -102.16
0.106592 0.24927 -112.609
0.0795532 0.246249 -90.7469
0.00650615 0.283846 -47.8877
-0.00521258 0.291117 -41.4731
-0.000817693 0.268271 -36.6669
0.00376133 0.254807 -35.5377
0.00525433 0.254176 -36.5917
-0.0066454 0.241885 -21.9196
-0.00581107 0.220579 -14.8137
-0.00336519 0.201586 -10.0683
-0.00138187 0.192952 -8.75347
-0.000324096 0.192804 -9.7267
0.00334762 0.169419 -4.87919
0 0.173131 -2.90416
-0.00047018 0.192663 -9.52748
-0.000936614 0.192677 -9.06087
-0.000780291 0.200052 -11.9623
-0.000165445 0.207817 -15.5163
0.000741348 0.209905 -17.3034
0.000741348 0.209905 -17.3034
0.00219874 0.213081 -20.0839
0.00184435 0.204192 -16.3805
0.00213399 0.197327 -14.193
0.00265904 0.194442 -13.7651
