0 1 3
1 3 2
3 4 3
4 5 0
5 6 3
6 9 3
9 10 3
10 12 3
12 13 3
13 14 3
14 15 3
15 17 1
17 18 0
18 19 3
19 20 1
20 21 0
21 22 3
22 25 3
25 26 3
26 28 3
28 29 3
29 30 0
30 31 0
31 33 0
33 34 2
34 35 3
35 37 3
37 154 3
154 218 3
101 218 0
101 103 0
103 454 3
454 512 3
111 512 3
52 111 3
11 12 3
28 85 3
26 85 3
6 67 3
10 11 3
9 67 3
38 154 3
37 38 3
37 95 3
12 70 3
18 76 3
22 82 3
25 82 3
52 113 3
22 81 3
111 113 3
66 67 3
11 70 3
31 90 3
33 90 2
38 96 3
1 60 3
6 65 0
65 67 1
14 73 3
15 73 3
22 80 3
25 83 3
26 83 3
35 93 3
37 93 3
3 60 3
65 66 3
21 80 3
34 93 3
103 512 3
37 94 3
81 82 3
28 87 1
29 87 1
30 88 0
93 94 3
38 95 3
96 154 3
0 59 3
1 59 3
4 63 0
5 63 3
17 73 2
17 74 2
19 78 3
20 78 0
31 88 3
12 71 3
13 71 3
34 92 3
94 95 3
95 96 3
0 58 3
59 60 3
21 78 3
80 81 3
33 92 2
101 503 0
58 59 3
3 61 3
4 61 3
14 71 3
73 74 3
19 77 3
5 64 3
6 64 0
18 77 3
77 78 3
82 83 3
33 91 3
10 67 3
76 77 3
29 88 1
92 93 3
64 65 3
70 71 3
85 87 1
91 92 2
101 446 0
446 503 3
60 61 3
4 120 3
67 127 3
10 127 3
11 127 3
71 73 3
17 76 2
90 91 2
503 512 3
63 120 1
63 64 3
103 503 3
61 120 3
78 80 3
26 201 3
85 201 3
88 90 3
83 201 3
52 346 3
402 512 3
111 402 3
87 88 3
227 402 3
70 127 3
78 195 3
80 195 3
142 201 3
87 144 3
92 151 3
113 346 3
83 142 3
93 151 3
65 123 3
113 402 3
126 127 3
85 144 1
67 126 3
127 128 3
71 130 3
73 130 3
70 128 3
70 129 3
17 133 1
80 138 3
71 129 3
74 133 3
76 133 3
138 195 3
88 147 3
158 218 3
64 123 3
73 131 3
74 131 3
74 132 3
132 133 3
81 140 3
87 146 3
88 146 3
90 147 3
92 150 3
154 212 3
161 503 3
162 503 0
60 118 3
63 121 3
64 121 3
64 122 3
66 123 3
82 140 3
150 151 3
94 152 3
95 152 3
95 154 3
58 116 0
59 118 3
61 118 3
128 129 3
76 135 3
83 141 3
87 145 3
91 150 2
161 162 3
59 116 0
59 117 0
77 135 3
82 141 3
144 145 3
93 152 3
116 117 1
117 118 1
122 123 2
67 125 3
141 142 3
146 147 3
95 153 3
172 346 0
66 125 3
125 126 3
129 130 3
144 201 0
91 149 1
153 154 3
101 328 2
120 121 3
130 131 3
131 132 3
78 135 3
138 140 3
140 141 3
145 146 3
147 149 1
90 149 1
149 150 3
151 152 3
118 120 2
152 153 3
328 446 3
121 122 3
123 125 3
135 195 3
125 182 2
218 328 3
138 196 3
140 196 3
158 328 3
123 182 2
76 192 3
127 184 3
128 184 3
135 192 3
129 187 3
126 184 3
128 187 3
131 189 2
132 189 2
151 209 3
133 192 3
135 193 3
193 195 3
142 200 3
200 201 3
152 209 3
227 286 3
286 402 3
120 178 3
125 184 3
130 187 3
130 188 3
194 195 3
149 206 0
150 207 3
187 188 3
193 194 3
121 178 3
182 184 3
141 199 3
149 207 0
207 265 3
152 211 3
153 211 3
117 176 1
118 176 3
123 181 2
128 186 3
142 199 3
144 203 3
145 203 3
147 204 3
147 206 3
150 266 3
151 266 3
118 177 3
120 177 3
184 185 3
140 198 3
207 266 3
152 210 3
113 229 3
229 346 3
116 175 3
117 175 0
122 181 0
128 185 3
192 250 3
146 204 3
209 266 3
210 211 3
153 212 3
176 177 3
177 178 3
185 186 3
186 187 3
196 198 3
206 207 3
209 210 3
175 176 1
131 188 3
141 198 3
145 204 3
204 206 3
265 266 3
195 196 3
199 200 3
201 203 1
154 328 3
215 328 3
116 232 3
121 179 0
198 199 3
178 179 0
122 179 0
188 189 3
211 212 3
154 270 3
181 182 3
175 232 3
192 249 3
192 251 3
135 251 3
203 204 3
215 273 3
249 250 3
193 251 3
212 270 3
174 232 3
133 249 3
273 328 3
174 175 3
182 241 0
184 241 0
132 249 3
194 254 3
195 254 3
250 251 3
201 259 3
206 379 3
196 254 3
198 254 3
198 256 1
179 181 2
241 242 3
189 248 3
200 259 3
203 259 0
204 379 3
184 242 0
132 248 3
253 254 3
200 316 3
215 389 3
328 389 3
389 446 3
203 261 3
289 346 0
204 261 3
182 240 2
194 253 3
199 257 1
209 267 3
181 238 2
181 239 2
189 247 2
248 249 3
200 257 1
261 262 3
266 267 3
272 328 3
273 389 3
176 234 0
178 237 0
179 237 3
238 239 3
182 239 2
210 267 3
210 268 3
211 269 3
211 270 3
272 273 3
229 289 1
175 234 0
239 240 3
185 242 0
186 244 0
187 244 0
193 252 3
199 256 1
267 268 3
268 269 3
229 405 1
177 234 0
179 238 3
185 244 0
194 252 3
256 257 3
289 405 0
247 248 3
259 261 3
446 512 3
240 241 3
244 245 3
187 245 0
251 252 3
174 234 0
188 245 0
178 293 3
204 262 3
320 379 3
206 265 3
270 329 3
154 329 3
328 329 3
113 405 1
177 293 3
237 293 1
256 313 3
265 379 3
273 330 3
286 342 1
189 245 2
198 313 3
257 316 3
259 316 3
262 379 3
342 402 0
237 238 3
189 304 2
272 329 3
247 304 3
269 270 3
185 243 2
245 304 3
252 253 3
237 294 3
238 297 3
239 297 3
254 313 3
243 244 3
257 315 3
261 319 3
293 294 0
262 319 3
272 330 3
242 243 3
249 307 3
256 315 3
232 290 3
174 290 3
249 306 3
250 307 3
329 330 3
239 298 3
240 298 3
244 302 3
245 302 3
248 306 2
259 317 3
265 323 3
174 291 3
234 291 3
234 293 1
238 296 3
247 305 3
251 308 3
251 425 3
313 314 3
256 314 3
316 317 3
323 379 3
113 461 3
237 296 3
240 299 3
241 299 3
304 305 3
250 308 3
308 425 3
259 319 3
266 324 3
269 327 3
402 461 3
405 461 0
242 299 3
247 306 3
259 318 3
265 324 3
270 327 3
270 386 3
252 425 3
317 318 3
318 319 3
267 325 3
268 326 3
329 386 3
234 292 3
306 307 3
307 308 3
314 315 3
325 326 3
326 327 3
291 292 3
292 293 1
298 299 3
323 324 3
266 325 3
330 389 3
290 291 3
297 298 3
252 310 3
252 254 3
324 325 3
305 306 3
254 312 3
312 313 3
294 353 3
237 353 3
327 386 3
296 353 3
252 312 3
262 320 3
295 353 3
295 296 3
296 297 3
310 425 3
319 436 3
262 436 3
302 304 3
243 302 3
290 348 3
291 350 3
292 350 3
299 358 3
243 299 3
243 358 3
302 361 3
315 316 3
302 359 3
319 377 3
243 359 3
320 323 3
292 351 3
293 351 0
297 355 3
359 361 3
312 370 3
304 362 3
305 362 3
313 370 3
318 377 3
377 436 3
329 387 3
330 387 3
298 355 3
386 387 3
355 356 3
298 356 3
314 372 3
291 348 3
299 356 3
315 373 3
317 375 3
318 434 3
324 382 3
325 382 3
302 362 3
306 364 3
308 366 3
366 425 3
252 369 3
312 369 3
315 372 3
316 373 3
318 375 3
348 349 3
291 349 3
293 410 3
299 357 3
307 364 3
310 368 3
310 369 3
372 373 3
373 374 3
316 374 3
317 374 3
377 434 3
323 381 3
324 381 3
325 383 3
326 384 3
327 385 3
385 386 3
349 350 3
294 410 1
296 354 3
356 357 3
357 358 3
307 365 3
368 425 3
374 431 3
381 382 3
382 383 3
325 384 3
384 385 3
297 354 3
361 362 3
305 363 3
306 363 3
364 365 3
365 366 3
353 354 3
363 364 3
368 369 3
369 370 3
330 388 3
350 351 3
351 410 1
362 363 3
388 389 3
405 463 3
358 359 3
320 381 3
387 388 3
461 463 1
313 372 3
383 384 3
289 463 0
353 410 1
370 372 3
374 375 3
375 434 3
342 403 0
402 403 3
370 429 3
372 429 3
373 431 3
354 355 3
359 417 3
369 485 1
351 409 1
409 410 3
425 426 3
381 440 3
382 440 3
342 401 0
354 412 3
361 417 3
365 423 3
366 423 3
368 426 3
401 403 3
403 461 3
349 407 3
350 407 3
350 409 1
353 412 3
361 419 3
434 436 3
383 441 3
384 441 3
384 442 3
385 442 3
386 444 3
387 444 3
401 402 3
350 408 3
362 419 3
369 428 3
370 428 3
362 420 3
363 420 3
369 426 3
320 380 3
385 444 3
348 406 3
348 407 3
353 469 3
353 411 3
357 415 3
358 416 3
358 417 3
363 421 3
364 422 3
426 485 1
380 381 3
407 408 3
408 409 1
410 469 0
411 412 3
354 413 3
355 413 3
356 413 3
356 415 3
358 415 3
419 420 3
421 422 3
422 423 3
262 380 3
387 445 3
356 414 3
417 419 3
420 421 3
380 496 3
441 442 3
385 443 3
406 407 3
416 417 3
366 482 3
428 485 1
428 429 3
442 443 3
443 444 3
444 445 3
388 445 3
411 469 3
414 415 3
415 416 3
425 482 3
380 434 3
380 436 3
380 440 3
383 440 3
440 496 3
412 413 3
413 414 3
372 431 3
423 482 3
461 521 1
372 488 2
463 521 0
425 483 3
429 488 3
496 497 3
440 497 3
417 475 3
419 475 3
425 484 3
440 441 3
442 500 3
401 461 3
426 484 3
431 488 3
440 556 2
483 484 3
497 556 3
441 499 3
431 489 3
440 499 3
428 487 3
429 487 3
488 489 3
375 433 3
389 502 3
446 502 3
411 470 3
412 470 3
414 472 3
415 472 3
482 483 3
388 502 3
408 465 3
413 471 3
416 475 3
434 437 3
443 501 3
407 465 3
414 471 3
421 478 3
421 480 3
422 480 3
433 434 3
380 437 3
406 464 3
412 471 3
471 472 3
415 473 3
416 474 3
419 478 3
420 478 3
478 480 3
487 488 3
437 496 3
441 500 3
442 501 3
446 511 1
464 465 3
409 469 0
473 474 3
423 480 3
499 556 3
444 501 3
445 502 3
446 561 3
511 512 0
470 471 3
474 475 3
485 487 0
374 433 3
499 500 3
500 501 3
502 561 3
469 470 3
484 485 1
409 465 0
472 473 3
500 557 3
445 501 3
475 478 3
423 481 3
409 467 1
480 481 3
481 482 3
511 561 0
465 467 1
374 489 1
374 548 1
433 491 1
433 550 1
402 511 1
489 548 3
374 491 1
491 550 3
437 551 2
485 486 1
486 487 0
434 551 2
478 535 3
478 537 3
550 551 0
475 535 3
480 537 3
434 550 1
437 552 2
551 552 3
402 561 3
469 527 1
470 527 1
470 528 1
470 529 1
471 529 1
478 536 3
488 547 3
489 547 3
409 526 1
409 527 3
472 529 1
472 531 1
473 531 1
535 536 3
536 537 3
437 553 3
529 531 3
473 532 1
475 534 1
484 543 2
487 545 1
467 523 2
528 529 3
474 532 1
474 533 1
475 533 1
480 539 3
481 539 3
483 541 3
485 543 0
548 549 3
374 549 1
401 576 1
401 521 1
465 523 1
467 526 3
531 532 3
533 534 3
534 535 3
482 541 3
552 553 3
527 528 3
532 533 3
486 545 3
530 531 3
482 539 3
491 549 3
521 577 1
464 522 1
526 527 3
529 530 3
482 540 3
484 541 3
484 542 2
488 546 3
402 457 3
401 457 3
465 522 1
540 541 3
542 543 3
486 543 0
546 547 3
549 550 3
497 555 3
501 502 3
401 577 1
537 539 3
541 542 3
487 546 2
553 554 3
437 554 3
576 577 3
496 554 3
497 554 3
501 559 3
502 559 3
522 523 0
467 525 3
554 555 3
504 561 3
521 579 1
467 524 3
538 539 3
539 540 3
538 540 3
547 548 3
499 557 3
500 558 3
501 558 3
402 504 3
523 524 2
524 525 3
525 526 3
537 538 3
545 546 0
555 556 3
557 558 3
577 579 0
556 557 3
543 545 1
550 608 3
561 624 3
551 608 3
532 590 3
533 590 3
538 597 3
524 582 3
525 582 3
555 613 3
559 561 3
540 597 3
553 610 1
553 611 1
532 589 3
534 592 3
535 592 2
538 596 3
542 600 3
543 601 3
554 613 3
531 589 3
533 592 1
541 600 3
545 601 0
610 611 3
557 615 3
504 624 3
504 510 3
401 459 3
459 576 1
525 583 2
537 596 3
558 615 3
510 565 3
552 610 3
565 626 1
526 583 2
527 583 2
527 585 2
528 585 3
533 591 3
536 594 3
537 594 3
596 597 3
547 605 3
551 609 3
552 609 3
556 613 3
556 615 3
558 616 3
559 618 1
459 577 1
522 580 3
523 581 0
590 591 3
591 592 1
535 593 3
535 594 3
537 595 3
540 598 3
541 598 3
548 605 3
548 606 3
501 616 3
501 618 1
561 618 1
522 581 3
589 590 3
594 595 3
595 596 3
543 600 3
545 603 0
546 603 1
549 607 3
550 607 2
608 609 3
609 610 3
556 614 3
457 504 3
580 581 3
592 593 2
593 594 3
597 598 3
601 660 3
545 660 0
547 603 1
548 607 3
606 607 3
613 614 3
614 615 3
615 616 3
530 588 3
531 588 3
605 606 3
554 611 1
611 613 0
616 618 2
598 600 3
457 565 3
401 565 3
583 585 3
528 586 3
529 586 3
529 588 3
588 589 3
600 601 3
561 620 1
561 564 3
459 565 3
459 579 1
607 608 3
611 612 1
612 613 0
564 620 1
565 633 1
524 581 0
618 675 2
585 586 3
603 660 1
547 661 1
616 675 3
564 624 3
581 582 1
582 583 0
603 661 1
586 645 3
529 645 0
564 681 1
583 642 0
588 645 3
547 663 3
561 677 3
588 646 3
590 648 2
661 663 3
605 663 3
618 677 0
582 640 0
581 640 2
589 646 3
591 649 2
600 659 3
601 659 3
564 678 3
585 642 0
590 649 2
561 678 3
620 678 0
564 679 3
605 664 3
606 664 3
677 678 3
678 679 3
607 666 3
608 666 3
565 624 3
592 649 0
593 650 3
593 652 3
594 652 3
597 655 3
598 655 3
598 657 3
663 664 3
611 669 3
613 671 1
614 671 1
564 565 3
586 644 3
645 646 3
589 647 2
590 647 3
650 652 3
595 652 3
596 654 3
596 655 3
600 657 3
610 669 3
612 671 0
397 504 3
397 457 3
583 640 2
644 645 3
592 650 2
607 664 3
609 666 3
610 668 3
504 565 3
397 565 3
580 638 2
581 639 2
585 644 2
647 648 3
648 649 3
595 653 3
598 656 3
609 668 3
668 669 3
612 670 3
615 673 1
616 674 1
565 683 1
565 686 1
638 639 3
583 641 2
585 643 3
649 650 3
652 653 3
656 657 3
659 660 3
665 666 3
611 670 3
614 673 1
673 674 3
674 675 0
618 676 3
640 641 3
641 642 3
642 643 3
595 654 3
654 655 3
655 656 3
657 659 3
660 661 3
607 665 3
675 676 3
676 677 3
639 640 3
643 644 3
646 647 3
653 654 3
457 514 3
664 665 3
397 514 3
514 565 3
565 681 1
640 698 1
666 668 3
669 670 3
670 671 3
565 679 1
614 672 3
672 673 1
641 698 2
661 720 3
663 720 3
666 725 3
668 725 3
565 685 1
671 672 0
397 510 3
650 708 3
642 700 3
659 717 1
663 721 3
565 737 1
641 700 3
671 730 0
679 737 3
649 708 3
659 716 3
660 717 2
661 719 3
720 721 3
663 722 3
664 722 3
672 730 3
657 716 3
660 719 3
676 735 3
677 735 3
643 701 2
645 703 2
646 703 2
678 735 3
650 709 3
653 711 3
660 718 3
721 722 3
668 726 3
642 701 3
643 702 2
644 703 2
652 710 3
654 711 3
656 714 3
657 714 3
718 719 3
665 722 3
666 724 3
669 726 3
669 727 3
671 729 3
673 732 3
674 732 3
678 737 3
638 696 3
639 697 3
700 701 3
701 702 3
644 702 2
646 704 2
648 707 3
653 710 3
654 712 3
716 717 1
717 718 3
719 720 3
665 723 3
665 724 3
675 733 3
676 734 3
696 697 3
640 697 3
641 699 3
649 707 3
652 709 3
655 714 3
725 726 3
726 727 3
670 729 3
729 730 0
732 733 0
733 734 3
698 699 2
699 700 3
703 704 3
647 704 3
708 709 3
734 735 3
702 703 3
711 712 3
722 723 3
724 725 3
678 736 3
647 707 3
710 711 3
735 736 3
697 698 1
655 712 3
723 724 3
736 737 3
709 710 3
707 708 3
712 714 3
714 716 3
670 727 3
672 732 1
704 707 3
672 789 1
732 789 1
711 770 3
712 770 3
703 761 3
670 786 3
707 763 3
727 786 3
704 763 3
714 773 3
716 773 3
729 786 3
730 789 1
698 756 2
699 757 2
712 771 3
714 771 3
699 758 2
700 758 2
717 775 3
725 783 3
697 755 3
697 756 3
757 758 3
708 766 3
709 766 3
718 775 3
720 778 3
724 783 3
727 785 3
719 778 3
729 787 3
732 791 1
733 791 1
699 756 2
701 759 2
707 766 3
709 767 3
710 767 3
714 772 3
721 778 3
722 780 3
726 783 3
700 759 2
702 759 3
707 764 3
718 777 3
721 780 3
723 780 3
786 787 3
696 754 3
704 761 3
771 772 3
772 773 3
716 774 3
717 774 0
719 777 3
721 779 0
723 781 3
724 782 3
730 788 1
734 792 1
735 793 1
754 755 3
758 759 1
702 760 3
702 761 3
711 769 3
779 780 1
780 781 3
781 782 3
782 783 3
726 784 3
726 785 3
787 788 3
791 792 3
792 793 3
736 793 1
756 757 0
759 760 0
760 761 3
711 767 3
769 770 3
773 774 3
783 784 3
785 786 3
788 789 0
774 775 3
459 515 3
761 763 3
766 767 3
770 771 3
775 777 3
777 778 3
784 785 3
764 766 3
767 769 3
778 779 0
789 791 3
767 826 3
769 826 3
791 848 0
737 1027 1
565 1027 1
515 565 3
755 756 3
763 764 3
789 848 0
736 1027 1
565 864 1
793 851 0
736 851 1
777 834 3
763 821 3
775 834 3
760 817 3
761 821 3
773 832 3
791 849 0
755 813 3
766 823 3
771 830 1
772 830 1
774 832 3
777 835 3
786 845 3
787 845 3
754 813 3
756 813 3
759 817 0
764 822 3
764 823 3
769 827 3
775 833 1
778 835 3
778 837 3
779 837 1
785 843 3
788 846 3
848 849 3
756 814 3
758 816 1
763 822 3
766 824 3
774 833 2
833 834 0
782 841 1
783 841 1
784 841 1
784 843 3
787 846 3
851 1027 1
754 812 3
812 813 3
813 814 3
757 814 1
757 815 1
759 816 2
760 819 3
761 819 3
821 822 3
770 827 3
778 836 3
780 838 3
781 839 3
782 840 3
785 844 3
786 844 3
789 847 1
791 850 0
792 850 0
758 815 1
823 824 3
767 824 3
826 827 3
770 828 3
835 836 3
836 837 3
837 838 3
838 839 3
839 840 3
840 841 1
846 847 3
847 848 0
850 851 3
822 823 3
771 828 3
773 830 2
784 900 1
844 845 3
849 850 3
814 815 3
815 816 1
832 833 2
841 900 3
843 844 3
816 817 3
817 818 3
760 818 3
830 832 3
834 835 3
845 846 3
818 819 3
821 878 3
827 828 3
828 830 3
843 900 1
761 878 3
851 910 1
834 891 1
910 1027 3
819 878 3
833 891 3
832 891 0
841 899 3
899 900 3
828 887 1
830 887 1
830 888 1
816 875 2
817 875 3
832 888 3
824 826 3
832 889 3
846 904 3
818 876 3
888 889 3
845 904 3
819 876 3
824 883 2
845 903 2
848 906 1
817 876 3
824 882 3
847 906 3
849 907 1
850 907 1
815 872 3
815 873 3
815 874 3
816 874 2
822 880 3
826 883 2
827 885 2
828 885 1
828 886 1
887 888 3
840 898 3
849 906 1
812 870 1
813 871 1
814 872 1
878 879 3
821 879 3
821 880 3
886 887 2
891 892 1
834 892 1
835 893 3
836 894 3
837 895 3
838 896 3
839 897 3
844 902 0
847 905 3
850 908 0
851 909 1
870 871 3
871 872 3
879 880 3
822 881 3
823 881 3
882 883 0
826 885 2
885 886 3
834 893 3
893 894 3
894 895 3
895 896 3
896 897 3
897 898 3
898 899 1
904 905 3
906 907 3
908 909 1
909 910 3
873 874 3
823 882 3
826 884 1
892 893 0
845 902 2
903 904 1
907 908 0
880 881 3
884 885 0
832 948 3
843 902 0
902 903 3
872 873 3
881 882 3
883 884 1
889 948 3
891 948 1
900 902 0
875 876 3
905 906 3
876 878 3
565 977 1
874 875 3
878 935 3
876 935 3
876 934 3
934 935 3
887 946 2
902 959 3
888 946 3
900 959 3
910 968 3
968 1027 3
887 945 3
945 946 3
904 963 3
905 963 3
872 931 3
873 931 3
885 943 2
889 947 3
874 932 3
875 932 3
880 938 3
881 940 3
884 943 3
948 949 1
891 949 1
883 941 1
886 945 3
889 946 3
892 949 3
892 950 0
900 958 3
902 960 3
903 960 3
515 981 1
874 931 3
875 934 3
879 937 3
879 938 3
881 938 3
882 941 3
884 941 0
893 950 3
899 958 3
870 928 3
871 929 3
872 930 3
931 932 3
878 937 3
938 940 0
946 947 3
893 951 3
894 952 3
895 953 3
896 954 3
897 955 3
898 956 3
899 957 3
903 961 3
904 962 3
906 964 3
907 965 3
908 966 1
909 967 3
928 929 3
929 930 3
930 931 3
875 933 3
937 938 3
884 942 0
947 948 3
950 951 3
951 952 3
952 953 3
953 954 3
954 955 3
955 956 3
956 957 3
957 958 3
958 959 3
960 961 3
961 962 1
905 964 3
964 965 3
965 966 3
966 967 3
967 968 3
932 933 3
933 934 3
882 940 3
941 942 1
942 943 1
886 943 3
959 960 3
949 950 0
962 963 3
878 994 3
935 994 3
937 994 3
943 945 3
963 964 3
940 941 3
968 1026 3
1026 1027 3
938 997 3
940 997 1
931 990 3
938 996 3
943 1001 1
932 990 3
940 998 1
941 998 1
943 1002 3
945 1002 3
963 1022 3
964 1022 3
996 997 3
947 1006 2
948 1006 2
949 1006 3
963 1021 3
941 999 1
942 1001 1
945 1003 3
946 1003 3
962 1021 3
942 999 3
965 1023 3
930 988 2
934 992 3
935 993 3
1001 1002 0
962 1020 3
1020 1021 3
964 1023 3
966 1023 3
928 986 2
929 987 2
929 988 2
933 991 3
933 992 3
935 992 3
993 994 3
937 995 3
998 999 3
942 1000 3
946 1004 3
947 1005 2
949 1007 3
950 1008 1
951 1009 1
952 1010 1
953 1011 1
954 1012 1
955 1013 1
956 1014 1
957 1015 1
958 1016 1
959 1017 1
960 1018 1
961 1019 1
966 1024 3
967 1025 3
986 987 3
987 988 3
931 988 2
933 990 3
992 993 3
995 996 3
997 998 3
999 1000 3
1000 1001 1
1004 1005 3
1005 1006 3
1006 1007 3
1007 1008 3
1008 1009 3
1009 1010 3
1010 1011 3
1011 1012 3
1012 1013 3
1013 1014 3
1014 1015 3
1015 1016 3
1016 1017 3
1017 1018 3
1018 1019 3
1019 1020 1
1023 1024 3
1024 1025 3
1025 1026 3
988 990 3
1002 1003 3
1003 1004 3
994 995 3
991 992 3
1021 1022 3
990 991 3
1022 1023 3
