0.0191111 0.0665268 21.2649
-0.000940564 0.0635852 22.0598
-0.0314308 0.11323 22.6711
0.143301 0.0708588 12.8446
0.117487 0.0179186 17.3632
-0.0259167 -0.0145715 23.3948
-0.00172925 -0.0745691 22.4671
0.000481831 -0.154881 22.5205
0.00740386 -0.150453 21.3288
0.0102356 -0.137553 21.8828
-0.0095116 -0.135237 25.1381
-0.0243146 -0.124965 29.353
-0.0122988 -0.0540652 24.7284
-0.0397496 -0.0202881 32.2306
-0.0585424 -0.00535138 37.124
-0.0618812 -0.00142258 37.6912
0.0217209 -0.479815 20.6803
0.0203371 -0.48217 20.9683
-0.0768912 -0.0656918 44.663
-0.0476711 -0.0724192 32.2177
0.022019 -0.0376423 21.9734
-0.0525853 -0.114817 37.8053
-0.0376182 -0.0832347 29.5575
-0.0726563 0.194531 44.5305
0 -0.187553 9.50966
-0.0298233 -0.0558993 25.0329
-0.00771601 -0.0507303 12.6285
0.0119095 -0.079031 1.16553
-0.00556686 -0.0989223 12.2797
-0.000813291 -0.13325 9.61563
1.11201 -0.0512171 -711.738
-0.0917586 -0.0859765 74.3927
0.0530596 -0.279704 -20.5436
0.0739842 -0.0733404 -45.4155
-0.107868 -0.0595466 87.8137
-0.0719107 -0.0254659 58.9046
-0.0123934 -0.0310602 13.3556
-0.0126042 -0.0119865 13.1239
0.0125781 -0.0271941 -7.04306
0.00768337 -0.0232156 -3.36289
0.0133443 -0.0103055 -9.9067
0.000745674 0.0327882 1.96271
-0.000477553 0.0592629 2.97505
0.534285 -1.43504 -460.103
0.00184126 -0.00182567 1.22739
0.0253922 0.0317404 -22.5106
-0.00694103 -0.00130842 10.153
-0.00506297 0.114292 6.92063
0.00647112 0.079167 -6.01191
0.0178619 0.0745045 -18.1994
-0.00270339 0.00525544 5.843
0.00562321 -0.00258269 -3.19281
0.0388589 0.0214709 -41.0297
0.000169814 -0.00592103 3.22666
0.00325026 0.330567 -2.59028
0.0015879 0.0288416 0.715346
0 0.346657 1.15322
-0.0135582 0.330326 17.9756
0.0282511 0.0637021 21.1456
0.0360618 0.0715156 20.6429
0.0695752 0.0796178 18.484
0.103166 0.0613643 17.439
-0.330783 0.104099 54.1576
-0.0776386 0.0955116 26.5902
-0.123082 0.0872051 32.1474
-0.0520708 0.0155577 23.877
0.0180653 -0.0620448 15.6165
0.00121365 -0.122918 22.0499
0.02127 -0.175618 19.5263
0.00912127 -0.167886 22.1039
0.00336716 -0.134205 22.6686
-0.026871 -0.0694025 29.5098
-0.0517984 -0.0451995 36.3573
-0.0477333 -0.0613807 35.1058
-0.0601327 -0.0626922 38.9362
-0.0583377 0.000184444 34.3831
-0.0620431 -0.0911492 40.0147
-0.0607951 -0.0809343 37.9346
-0.0234848 -0.0936769 22.7191
-0.0408292 -0.0472681 28.2971
-0.0364241 -0.10141 28.868
-0.0191221 -0.0775244 20.0446
-0.0269356 -0.0550399 23.5058
0.00310965 -0.0561094 6.83275
-0.00503975 -0.0353709 10.61
0.0052509 -0.0435833 4.27977
-0.0452708 0.0115855 40.8923
-0.0818222 0.0074242 63.5659
-0.0720102 -0.0359282 59.148
-0.105819 -0.0490725 82.7361
-0.129949 -0.0291611 98.3329
0.0992784 -0.0503507 -63.5249
-0.124871 -0.0428042 100.063
-0.0660082 -0.033044 54.8653
-0.0189504 -0.0244402 18.4428
0.00437127 -0.0130887 -1.07047
0.0106765 -0.0231396 -5.95796
0.0359422 0.0292898 -28.5604
0.0230562 0.0427412 -17.6288
0.0108411 0.0138237 -5.90599
-0.00557129 -0.0155499 8.95711
0.202164 -0.243944 -172.009
-0.0466393 -0.0145088 62.197
0.00345923 -0.0113642 0.156608
0.0861051 0.123569 -84.6584
0.0469459 0.146299 -45.8478
0.0177558 -0.0171525 -15.7483
0 -0.00970325 2.60595
-0.0205855 -0.00260131 24.8231
0.003698 0.000487516 -1.03936
0.00842706 0.00105167 -6.78884
0.0244751 0.0160307 -25.0713
0.00441398 0.112322 -4.99771
0.0373213 -0.0019542 -37.4192
-0.00126712 -0.0852678 181.663
-0.00223835 -0.0869835 182.943
0.171963 -0.000116203 5.21314
0.0965309 0.229204 -1.0891
0.0727815 0.05908 19.8488
0.0270197 0.040284 24.5718
-0.0789126 0.0086084 35.0239
-0.1456 0.107055 35.0996
-0.222132 0.112863 44.6104
-0.0261753 -0.0182008 21.8807
-0.0689048 -0.0121931 30.9906
-0.0293813 -0.0581954 25.2897
-0.0175397 -0.102581 25.3672
0.00377698 -0.135098 21.5173
-0.000149362 -0.121764 21.899
0.00199526 -0.146148 23.6023
-0.0207908 -0.115346 28.9898
-0.0220031 -0.0921609 28.2884
-0.0649055 -0.107583 43.6373
-0.0920128 -0.0732032 52.0362
-0.0955646 -0.0826592 52.95
-0.0376355 -0.0580303 27.3951
-0.0376408 -0.0464326 27.3144
-0.164945 -0.325752 111.233
-0.0192016 -0.0656856 19.0866
-0.0177179 -0.0398208 16.7667
-0.0105867 -0.0706582 15.2213
0.00914814 -0.0569933 4.01335
0.0140688 -0.0559841 1.20895
-0.000321871 -0.0325909 7.76726
-0.110336 -0.0288527 83.8069
-0.0720132 -0.0356441 59.6949
-0.0584431 -0.0128442 49.8284
-0.0791358 -0.0108838 63.7167
-0.210549 0.0798323 157.873
-0.192226 0.0870836 144.101
-0.14111 -0.0559069 112.682
-0.0622684 -0.0196938 51.2647
-0.0237293 -0.00543019 21.0726
0.00593264 -0.00959649 -2.14488
0.0134539 -0.0162403 -8.55517
0.0667853 -0.0150926 -52.8215
0.0457059 -0.0117134 -35.2927
-0.0161203 0.0122829 18.1101
0.0286515 -0.00197137 -22.2449
0.386386 0.00908615 -356.63
1.14978e-05 0.0944772 -1.14402
0.0803218 0.0102041 -73.9551
0.120989 0.132703 -119.827
0.101878 0.151666 -101.807
0 0.103875 4.56413
0 0.103875 4.56413
0 0.103875 4.56413
-0.00407032 0.110951 8.70863
0.0618468 -0.0249093 -66.0167
0.050769 -0.0216013 -53.4748
0 -0.372311 27.0785
0.325781 0.0679554 -382.661
0.182194 0.184796 -43.0776
0 0.0756053 184.271
0.152288 0.011694 3.51009
0.187743 -0.0214318 6.30817
0.00497447 0.0610581 24.1245
-0.0132954 0.0409101 27.0475
-0.126656 0.0133229 39.4195
0.0241311 0.0262797 2.54705
0.111725 -0.343085 22.2528
0.0173616 -0.357352 35.8365
0.0354123 -0.304518 28.8843
0.0372437 -0.356494 32.455
-0.00813587 -0.113739 24.2162
-0.015821 -0.192827 31.2236
0.0126525 -0.120109 18.8308
-0.000300789 -0.115369 21.9498
-0.0111207 -0.159967 27.9657
0.0403716 -0.273901 18.6267
-0.085262 -0.124036 52.2906
-0.0214119 -0.0455555 20.0553
-0.0600269 -0.0702236 37.8097
-0.0347176 -0.0345159 25.4669
-0.0164202 -0.0146207 14.4185
-0.0353533 -0.0471279 25.9272
-0.0215827 -0.0519902 19.3586
-0.01859 0.00923889 13.496
-0.00481056 -0.0515493 10.6664
0.0104749 -0.0552865 2.88484
0.014178 -0.0246809 -1.29855
-0.016163 -0.0355093 17.0867
-0.140888 -0.0764348 105.856
-0.052042 -0.0766603 49.9221
-0.0459361 -0.0944064 47.2323
-0.105867 -0.0413017 83.7898
-0.0711755 -0.084581 63.2461
-0.0598609 -0.04705 51.2268
-0.0351909 -0.0293356 31.4725
-0.0293062 -0.00736622 25.7579
-0.0183043 0.00379624 16.2531
-0.00457096 -0.0181035 6.80841
0.0335276 -0.0162101 -24.7452
0.00811277 -0.0116729 -3.69199
-0.0155611 -0.0187211 18.406
0.00122075 -0.0396428 5.8316
-0.043545 -0.033741 45.3991
0.0141566 -0.0127723 -10.4479
0.00733435 -0.0119292 -3.3002
0.0704605 0.0615548 -65.8944
0.0965585 0.12956 -95.2116
0.145926 0.71317 -182.119
-0.00321553 -0.168712 18.5316
0.028438 -0.163255 -15.8565
0.0014357 -0.00976949 2.2135
0.0121997 -0.0139976 -10.0533
-0.00556011 0.0124831 9.19355
0.0179223 0.000257554 -16.3952
0.004263 -0.00196561 -1.14004
0.0291232 -0.00504923 -27.7131
0.0163219 0.0194503 -16.5114
-0.010698 0.202247 2.95293
0.157345 0.00675076 4.66757
0.0156931 0.0517175 2.38548
-0.0301089 0.037539 4.87872
0 0 -1
-0.0595968 0.0243437 32.2758
0.0200001 0.0575171 -0.347527
0.0056598 0.0359222 3.99591
-0.00126171 0.0194656 6.50686
0.00225325 0.00679065 6.73856
-0.0400857 0.0546391 10.2603
-0.0262427 0.0649304 5.13477
-0.0182565 0.0484344 5.55864
-0.0183557 0.0102051 9.90637
-0.0187038 -0.000586036 10.913
0.0225813 -0.0511791 3.5416
0.0243468 -0.0258677 0.310997
0.0247531 -0.147774 13.3296
-0.0560947 -0.0736116 36.4285
-0.0241408 -0.00120961 17.4884
-0.0323494 -0.01154 22.2843
-0.040009 -0.0275975 26.8852
0.00561052 -0.0305709 7.37345
-0.0278269 -0.0368313 21.9453
0.0832158 -0.0911044 -27.2587
0.0324732 -0.116488 1.8681
-0.022155 -0.124352 33.1574
-0.0491854 -0.0305943 36.9969
0.00979391 -0.0440987 3.57359
0.0239277 -0.108949 2.59486
0.00155994 -0.114797 17.3425
-0.0287315 -0.0696229 31.2612
-0.0825056 -0.103134 72.0486
-0.0553467 -0.0692855 49.5147
-0.0597977 -0.016262 47.624
-0.0262668 -0.0135157 23.5788
-0.0174784 0.00424116 15.6515
-0.0149142 0.0118164 12.9277
-0.00909152 0.00507384 8.70558
-0.000843115 -0.00565602 3.11866
0.00225912 -0.0161758 1.7602
-0.032965 -0.0533953 36.5585
-4.39369e-05 -0.0228288 4.33814
0 -0.00563616 1.65813
0.0992187 -0.255469 -70.3812
-0.00234748 -0.0174168 5.78284
-0.00730847 0.170212 1.87107
0.0125686 -3.41705e-05 -11.5169
0.0174935 -0.0169768 -15.1443
0.00858024 -0.0186176 -6.0098
0.00578869 -0.0124224 -3.85764
0.00869656 -0.0292341 -5.44615
0.00457774 -0.00818373 -1.37134
0 0 -1
0 0 -1
0.00419407 -0.00642861 -0.590691
0.0199123 0.143229 -30.1369
0.00198522 -0.361487 37.6951
0.0188751 0.0148411 92.134
0.0512448 0.055293 1.63308
-0.0170621 0.033206 5.2158
-0.035735 0.0454409 4.42801
-0.0733085 0.0143524 34.4244
0.0669884 0.0895835 -9.64913
-0.0349941 0.0380301 9.88001
-0.0132103 0.057543 3.8899
-0.00883726 0.0390678 5.40456
-0.0122193 0.0617543 3.66612
-0.0321429 0.0778915 6.14032
-0.0432127 0.0903625 6.64295
0.00611743 0.0667427 -2.23886
-0.0214047 0.0471128 6.58295
-0.0274273 0.0256907 10.7966
0.000737339 0.0247794 2.37707
0.00118099 0.0304171 1.77585
0.050085 0.0203593 -12.6703
-0.00485672 0.00207313 9.89576
-0.0193 -0.000964212 15.793
-0.0321801 -0.00195322 21.1672
-0.0776685 -0.00868057 41.3825
-0.0406522 -0.0534664 30.0796
-0.0401099 -0.0476643 28.4896
0.0150033 -0.0629607 3.43014
0.0313298 -0.114305 2.52581
-0.00632308 -0.0993161 20.482
-0.0331489 -0.0691859 31.2514
-0.014296 -0.0716823 21.0295
-0.00137825 -0.0542563 11.333
-0.027082 -0.0649638 29.116
-0.030056 -0.0360343 27.6668
-0.0500851 -0.045411 42.2929
-0.0126601 -0.0397001 16.1118
-0.0342607 -0.0305041 30.5869
0.000978304 -0.0107162 3.15833
0.00497158 -0.0101493 0.0793158
-0.0174236 6.01261e-05 16.2448
-0.0110623 -0.0010338 11.0635
0.00364682 -0.00980266 0.0139233
0.00211824 -0.00822854 0.918129
0.00198794 -0.00814265 0.558714
-0.00306729 -0.0274773 7.22012
0.010509 -0.0023039 -7.29656
0.00472489 -0.00618404 -1.11896
0 0.00401212 0.163946
0 0.00401212 0.163946
0.00302147 -0.02616 2.1442
0 0.00401212 0.163946
-0.00435665 -0.010517 8.88802
0.000970489 -0.015461 3.1449
0.00444309 -0.00109939 -1.64
0 0 -1
-0.126299 -0.0483525 172.923
0.000743021 0.00282584 1.85527
0.000678189 -0.00609221 3.17221
0.00920972 -0.0104117 -6.94632
0.0312501 0.00997484 -31.172
0.332195 0.0296081 -307.068
0.010029 0.0665802 0.260516
-0.0151651 0.0613147 1.32701
-0.0263062 0.0683274 0.684521
-0.0511907 0.0398251 5.8673
0.155138 0.0846801 -17.1053
-0.0116674 0.0543267 4.60377
-0.0151166 0.0586446 4.18385
0.00145403 0.0588977 2.10578
-0.0187297 0.0470949 7.45345
-0.0237916 0.0446723 9.05056
-0.0315475 0.0465913 10.489
-0.035185 0.0438648 11.8745
-0.0413499 0.0439392 12.9533
-0.0395729 0.0522039 10.4555
0.000375906 0.0405963 0.82312
0.0401826 0.0489927 -13.0593
0.0150938 0.0143773 0.824908
-0.0143756 -0.0106792 15.0618
-0.0197975 -0.015633 17.794
-0.00760906 -0.0124833 12.3196
-0.0971465 -0.0374349 53.7045
-0.0624689 -0.0193403 35.6393
-0.0146176 -0.00409902 10.4188
0.0111166 -0.0536249 4.39563
0.00658798 -0.0586325 7.18854
-0.0180861 -0.0723524 22.8229
0.00360553 -0.0531738 8.00606
0.011019 -0.0400309 1.08908
0.00735513 -0.0625279 6.97098
-0.00775611 -0.0589388 16.1538
-0.0309823 -0.0442131 28.8253
-0.0638469 -0.0821107 57.0806
-0.00242666 -0.0218427 6.82208
0.00148966 -0.0156815 3.29266
0.00423052 -0.00500084 -0.165114
0.00596597 -0.00502402 -1.59989
-0.00905935 -0.00683605 10.4431
-0.00848982 -0.00242853 9.13357
-0.0148094 -0.00375906 14.634
-0.00577305 -0.00900505 7.51238
0.00837831 -0.000990709 -6.1155
0.0055132 -0.0051629 -2.7265
0.00399031 -0.0168283 -0.249535
0.00530019 0.0104005 -5.6187
-0.100184 -0.0293707 111.096
0.00249249 -0.0130592 0.983781
0 0.0271291 -2.90904
0.00500238 -0.0151545 -1.1952
0.00173426 -0.00657236 1.41222
-0.00309438 0.00685558 5.31794
0.00435653 -0.00340617 -1.82376
-0.00037419 0.00309659 3.03116
0.438364 -0.121826 -457.914
-0.000132939 0.00490939 2.42853
0.00310293 0.000519048 -0.548662
0.000123029 0.0028888 2.15809
0.627003 -0.0697166 -656.957
0.328415 0.0356481 -303.129
-0.00684064 0.0671311 0.332245
-0.0103859 0.0808571 -1.70819
-0.00395071 0.0880804 -3.00455
-0.0922994 0.0373289 31.6645
-0.0862235 0.0133459 35.383
-0.028882 0.0345952 9.47429
-0.00953797 0.0334739 7.21266
-0.00110811 0.0275103 7.08407
-0.00663124 0.014778 9.84269
-0.018325 0.0209516 11.1217
-0.0202537 0.0261057 10.6515
-0.0460519 0.0459412 13.834
-0.0510158 0.0592011 12.9268
-0.0169039 0.0534897 3.74382
0.00552706 0.0426787 -1.01369
0.00832386 0.0284849 0.827371
-0.011008 0.0152872 9.91534
-0.0374146 0.00171436 21.7031
-0.0179622 -0.0192819 17.5282
-0.0476791 -0.00796298 28.8136
-0.0770637 -0.0137672 41.5613
-0.056981 -0.00253959 30.9261
-0.0247915 0.0118345 13.3468
-0.0215246 0.0170342 10.9461
-0.00823066 -0.00713739 7.43313
-0.00597274 0.0415141 -1.22967
-0.00175852 -0.0568584 11.3523
0.00562076 -0.0277393 2.7245
0.00346299 -0.0137858 2.22779
-0.000505967 -0.0103625 3.77321
-0.0130067 -0.0401237 16.5004
-0.0118573 0.0487519 1.41752
0.00541398 -0.00532011 -1.42264
0.00718307 0.010538 -5.19247
0.00818918 -0.00257289 -3.58238
-0.000331796 -0.00512136 3.4348
-0.0103837 0.00689935 9.16236
-0.0161833 0.0170976 12.299
-0.0170734 0.000197395 15.5783
0.000949314 0.00754628 -1.00184
0.00597451 0.000857964 -3.7141
0.0147381 -0.00585038 -11.073
0.0149014 0.000249489 -12.0011
0.0145505 0.0034493 -12.2284
-0.225574 -0.0121374 229.271
0.00746252 -0.00240991 -4.32612
0.0111233 -0.00760731 -7.28896
0.00731475 -0.0149369 -2.95551
-0.0010754 -0.00402777 4.19273
0.00553953 -0.00385606 -4.42883
0.00536025 0.00194074 -3.68191
-0.00142952 0.00725491 3.46359
-0.785509 -0.0895416 915.149
-0.00347064 0.00565589 6.08529
0.75095 -0.0242293 -774.229
0.0128614 -0.0109863 -9.31969
0.300901 0.0243676 -289.687
0.306546 0.0446309 -277.633
0.00883186 0.080046 -1.87844
0.00452476 0.0940432 -4.25198
0.00934185 0.0991351 -5.4484
-0.0893658 0.0268111 37.4634
-0.0791376 0.198044 3.17274
-0.035063 0.0361639 9.98585
-0.028161 0.0306339 10.0714
-0.00908554 0.00940583 10.9778
-0.00657622 0.0239273 8.22103
-0.0154819 0.0216444 10.2567
-0.0124724 0.0267263 8.53468
-0.0248132 0.0781109 2.61917
-0.0414646 0.171377 -8.83172
-0.0208071 0.153976 -11.7843
-0.0250071 0.134579 -7.62888
-0.012676 0.103804 -5.46749
-0.0163153 0.0663618 2.58395
-0.0389465 0.0381957 15.8813
-0.02108 0.0463664 7.05141
-0.0213827 0.0262743 12.378
-0.0757998 0.029715 33.9825
-0.128279 -0.000768929 75.8761
-0.0190413 0.236 -5.46905
-0.0296469 0.0443669 10.4345
0.0264995 0.113512 -31.6474
0.0455185 0.153031 -47.448
-0.0505112 0.159686 4.33863
0.0465409 0.0274012 -20.2129
0.0378533 0.0185939 -13.3722
-0.0469393 0.0538695 23.801
-0.0294207 0.0893167 5.80819
-0.0138889 0.0825744 -3.55962
0.0119792 0.0635151 -17.7053
-0.00157725 0.0735938 -10.1708
-0.000957944 0.0089126 0.62172
-0.0077442 0.0322756 1.85651
-0.00644382 0.0337424 0.849662
-0.009777 0.0412552 2.2185
0.00801893 0.00475466 -6.43354
0.00527962 -0.00543753 -1.90982
-0.00326014 0.00716875 5.4135
0.0143378 -0.0170228 -8.72851
0.0186496 0.0183637 -18.6585
0.0194086 0.0269725 -20.8148
0.00583524 0.0131652 -5.269
-0.000773745 0.00101875 3.59384
-0.00353186 0.00669139 5.82937
0.164719 -0.306609 -81.8661
0.00641967 3.57626e-05 -4.03798
0.00140893 -0.00804296 2.7451
-0.00331611 0.00646534 5.68041
-0.00408902 0.00559858 6.79996
0.312955 0.115512 -284.801
0.875551 0.123498 -946.128
-0.0158982 -0.0534035 124.179
0.0272194 0.00186723 -29.7777
-0.297462 -0.0566166 448.76
0.141739 -0.256868 -50.3626
-0.00456398 -0.148213 60.2232
0.79376 -0.0180752 10.3784
-0.124006 -0.006795 46.7941
-0.117341 -0.0560422 56.1044
-0.0895074 -0.0405147 50.873
-0.0853184 0.0767457 25.1515
-0.0650616 -0.0470599 48.3184
-0.0752678 0.00241352 39.2212
-0.0880761 -0.0393639 50.2986
-0.10103 -0.0188498 48.115
-0.0993225 0.0611606 29.6772
-0.081146 0.0610146 25.8334
-0.101272 0.144008 14.8902
-0.0355584 0.182338 -12.2263
-0.0366895 0.184748 -12.474
-0.0301011 0.187521 -15.3927
-0.0531408 0.181323 -4.97563
-0.0379693 0.129454 -1.3977
-0.0375341 0.162474 -7.73595
-0.0195769 0.170261 -16.4321
-0.00340541 0.300639 -50.1951
0.0244783 0.318693 -66.4987
-0.0230664 0.248615 -6.00638
-0.0189307 0.262837 -11.0872
0.103827 0.157766 -80.022
0.0339381 0.221881 -55.3882
0.0424945 0.207621 -57.2485
0.081115 0.100819 -56.0695
0.0221679 0.0395519 -7.99262
-0.0492109 0.27747 -16.7289
-0.0547699 0.304559 -19.3894
-0.0238545 0.126752 -4.96738
0.00564331 0.134042 -25.8588
-0.00774376 0.152281 -20.1715
-0.0167111 0.128117 -8.43154
-0.0269573 0.12716 -0.732676
-0.0345013 0.108999 9.17002
0.00116512 0.0354901 -5.29895
-0.0184712 0.0714356 3.81754
-0.00028401 0.0190984 -0.106954
0.00267472 0.000804981 0.0607879
0.00242579 0.0276048 -6.32862
-0.0208521 0.0242602 19.1669
-0.00492056 0.00645892 7.42557
0.519943 -0.043658 -482.092
0.0430571 0.38713 -116.302
0.369968 -0.0202782 -347.95
0 0.539317 -104.132
-0.00721955 0.542456 -97.1764
0 0.539317 -104.132
-0.177337 -0.40517 287.509
0.00819434 -0.215836 44.7918
-0.00224026 -0.196331 52.3644
-0.00152756 0.512839 -97.1636
-0.269488 -0.18931 461.034
-0.283136 -0.172212 474.14
-0.00531032 0.0375149 84.4897
0.0246788 0.0729518 40.5221
0.000148082 -0.154717 61.5845
-0.0174014 -0.130694 56.65
-0.133549 -0.0345473 53.5647
-0.0141248 -0.348168 110.208
-0.00454761 -0.166481 68.8608
-0.0428389 -0.142193 66.7573
-0.0763674 -0.060193 51.968
-0.0875656 -0.0802644 57.6686
-0.0713726 -0.0414727 46.9072
-0.092241 -0.00100524 41.6318
-0.0848974 0.0638838 25.8968
-0.103553 0.0379404 35.904
-0.217618 0.0568067 66.9372
-0.016947 0.199367 -21.6659
-0.0264196 0.202276 -19.6231
-0.0135691 0.246455 -33.7561
-0.0221953 0.232475 -28.0793
-0.0130742 0.227343 -31.3429
0.0136324 0.246722 -45.2822
-0.00552443 0.23694 -35.0143
-0.0029382 0.252916 -39.6354
0.0321616 0.265485 -58.2735
0.095935 -0.01063 -21.0962
0.0981579 -0.143424 -1.43854
-0.0822407 0.0898674 42.4545
0.00908104 0.250844 -47.4246
0.0197224 0.250844 -53.8023
0.0066929 0.20782 -35.829
-0.0394634 0.153874 4.9447
0.0105415 0.280514 -55.3845
0.0350699 0.312835 -78.6568
0.0278809 0.366902 -86.2903
0.255679 0.144543 -189.732
-0.0385585 0.164168 0.557131
-0.0416984 0.136487 9.049
-0.0554528 0.1322 20.9756
-0.0327112 0.103122 9.28458
-0.020371 0.136388 -7.72136
0.19949 -0.0875714 -134.879
-0.0159833 0.0860725 -2.24294
0.153435 0.530094 -240.246
0.0255082 0.210024 -67.3397
0.0172396 0.125822 -23.8253
0.117946 -0.0795194 -70.8615
-0.0127736 0.0119359 14.1892
0.0247845 -0.186371 39.6707
0.326911 -0.00871187 -307.108
0.364827 -0.0134246 -344.221
0 0.00155752 7.43562
0.00201289 -0.0568729 18.0072
-0.0611848 -0.024042 79.8738
-0.0449547 0.135576 22.3402
-0.171639 0.0618993 215.143
-0.156118 0.0707087 195.244
0.572644 -0.522968 -459.789
-0.0051226 0.102355 14.4779
0.013754 0.123848 -13.189
0.0231811 0.0737103 42.2042
0.0210811 0.0932236 2.30798
0.0205629 0.139013 -9.18835
0.0396285 0.139843 -9.78287
-0.012744 0.155382 -10.3371
-0.0118339 0.222866 -28.2105
0.0366982 -0.0572564 36.5292
-0.0364575 0.0472682 20.0838
-0.0442653 0.0406456 21.781
-0.0167974 0.0925533 4.26995
0.0364427 0.265861 -48.8021
-0.0104444 0.319834 -51.2915
-0.0454854 0.337477 -48.29
-0.0285169 0.312024 -46.3592
-0.01005 0.346589 -60.1896
-0.0351987 0.288585 -37.8373
-0.0272135 0.277045 -36.1868
-0.0253983 0.264622 -33.3353
-0.00768969 0.252844 -38.3391
-0.00365958 0.290894 -49.1819
0.00142722 0.252243 -41.6422
-0.00728403 0.250837 -38.0024
0.0168444 0.212755 -39.2505
0.0209043 0.217707 -40.8123
-0.0248762 0.185661 -11.178
-0.0388909 0.195188 -6.16685
-0.0212951 0.267772 -34.1328
-0.00354608 0.252391 -40.2119
-0.0232908 0.228485 -23.5771
0.0342455 0.195599 -50.5221
0.0612414 0.245055 -79.5084
0.0554877 0.271872 -82.4228
0.0681585 0.303802 -98.9245
0.0896811 0.262974 -103.909
0.0829756 0.263346 -99.9689
-0.0446665 0.139078 10.6496
0.110231 0.0724134 -84.1085
0.110511 0.0805798 -86.4063
0.00731107 0.0816948 -17.3544
0.00436301 0.028296 -1.48173
-0.00642794 0.0759209 -5.17303
0.00456738 0.0902444 -18.7495
-0.00348785 0.104583 -14.76
0.281401 -0.344041 -157.038
0.110313 0.126716 -111.213
-0.0480841 0.110212 41.3766
0.124838 0.361253 -188.447
0.295506 0.00292003 -278.008
0.0664879 0.0197173 -41.74
-0.40368 0.219255 394.271
-0.357172 -0.0401671 423.595
0.030036 -0.0189924 -0.663415
0.009345 0.437004 -94.6189
-0.0134894 0.455051 -73.2289
0 0.435247 -83.8269
0 0.435247 -83.8269
0.0453131 0.464507 -145.297
0.0314181 0.424724 -120.158
0.0314181 0.424724 -120.158
0.0727294 0.0978656 0.523059
0.0715864 0.154115 -14.617
-0.354101 0.151401 12.1586
-0.00424014 0.202622 -23.3239
-0.00253941 0.227096 -30.4509
0.00667287 0.302335 -50.7575
-0.00823629 0.396033 -74.9026
-0.0142428 0.389222 -72.1694
0.0433182 0.344942 -70.7833
0.0333947 0.322349 -62.0696
-0.0376937 0.334312 -48.7508
-0.00837344 0.313651 -49.8305
-0.0249703 0.316337 -47.2206
-0.0302565 0.300446 -41.3432
-0.029892 0.297958 -40.7905
-0.0499289 0.266794 -26.5311
-0.0277157 0.239272 -26.7327
-0.0321376 0.223159 -20.8518
0.00639005 0.255614 -44.2942
0.0269953 0.279198 -59.2635
0.00281811 0.270707 -46.6536
-0.150883 0.17632 54.073
-0.104608 0.190499 27.6735
-0.0158529 0.169667 -11.5858
-0.00346339 0.184162 -21.5254
0.000256917 0.212308 -31.1256
-0.0224275 0.248356 -28.2806
-0.0373425 0.208047 -8.88328
0.0159402 0.232479 -48.311
0.0489898 0.216256 -64.5784
0.0993391 0.277789 -113.081
0.0618975 0.299169 -93.5744
0.0585915 0.288803 -88.8527
0.0732528 0.275929 -95.6914
-0.0446665 0.139078 10.6496
0.0129989 0.0482096 -11.4854
0.109799 0.076617 -84.8239
-0.00679278 0.0772825 -4.83561
-0.00758532 0.0549891 1.74772
-0.0160059 0.0728205 4.1748
0.0127703 0.076547 -21.9517
0.0313293 0.052818 -32.2421
0.0963455 0.105213 -103.939
0 -0.433554 127.988
0 -0.433554 127.988
0 -0.40403 120.091
0.0155546 -0.401882 103.638
0.0100797 -0.419557 113.896
0 -0.433554 127.988
0 -0.433554 127.988
-0.09042 -0.214444 166.095
0.0194826 -0.385506 93.5123
-0.00537092 -0.430039 133.099
0.00489566 -0.429348 121.167
0 -0.433554 127.988
0.0114708 -0.403969 106.115
1.80035e-12 -0.433554 127.988
1.90041e-12 -0.433554 127.988
0.114205 0.0930395 1.38896
0.120011 0.10675 -2.65047
0.118165 0.121418 -6.94453
-0.0293994 -0.103061 64.1667
-0.0513838 -0.0785838 59.0931
0.0781407 0.541614 -126.018
0.00190411 0.310538 -53.1885
-0.00972141 0.310063 -49.9446
-0.0239492 0.310751 -47.9841
-0.0140835 0.286116 -41.8146
-0.0179585 0.22214 -22.9957
-0.0275467 0.251285 -29.1517
-0.015875 0.274966 -38.8196
-0.0386786 0.292315 -36.1593
-0.06475 0.273101 -23.2998
-0.0600615 0.272264 -24.5495
-0.0626345 0.2507 -17.3113
-0.00819607 0.249677 -37.6641
0.016839 0.218504 -37.9799
0.00884935 0.327009 -65.5481
0.0013939 0.320251 -59.8904
-0.0707449 0.147868 23.8509
-0.059886 0.110339 29.0651
-0.050923 0.17531 5.12922
-0.00580027 0.186741 -21.6562
-0.00948091 -0.0402772 35.5485
-0.0233393 0.205622 -16.2117
-0.0196113 0.213549 -20.8964
0.0202896 0.235807 -51.7964
0.0754834 0.232908 -85.5267
0.116396 0.260945 -119.333
0.087853 0.255291 -97.8878
0.0556223 0.279555 -83.9798
0.0677749 0.281324 -93.3992
0.0796492 0.280182 -101.855
0.00874793 -0.267021 107.376
0 -0.313198 127.993
0.00874793 -0.267021 107.376
0.00874793 -0.267021 107.376
0.00874793 -0.267021 107.376
0.00866514 -0.26707 107.461
0.00866514 -0.26707 107.461
0.00640075 -0.266515 109.285
0.0259288 -0.549406 170.753
0 -0.313198 127.993
0 -0.313198 127.993
0 -0.304807 125.538
0 -0.313198 127.993
0 -0.350632 138.612
0 -0.313198 127.993
0 -0.52381 187.795
0.0272309 -0.089102 34.4044
0 -0.313198 127.993
0.0117736 -0.258418 98.0867
0.0119544 -0.258307 97.8417
0.0123541 -0.258234 97.3458
0.0125605 -0.2583 97.117
0.0125605 -0.2583 97.117
0.116476 0.09141 1.8209
0.119872 0.0947654 0.661153
0.153018 0.163917 -21.6403
0.0883613 0.323627 -66.3539
-0.106499 0.028569 50.222
-0.0553632 0.237654 -22.1365
-0.0215281 0.28528 -41.8998
-0.00502854 0.272877 -40.243
-0.0156684 0.253458 -32.4554
-0.0296537 0.235013 -23.9688
-0.023087 0.213435 -18.6275
-0.0306887 0.198324 -11.7253
-0.0298343 0.189111 -8.38687
-0.0251785 0.248533 -27.7515
-0.0293891 0.26728 -32.8606
-0.0343302 0.289301 -37.6974
-0.00914227 0.265585 -40.3915
0.0144538 -0.0357609 45.4424
-0.00323443 0.123 2.87267
-0.0217775 0.321573 -50.427
-0.0395418 0.301399 -36.5839
0.129738 -0.0389238 -8.82533
-0.0425228 0.143007 10.5673
-0.0290093 0.16831 -3.88648
-0.00689996 0.184762 -20.4622
0.00472606 0.183363 -26.2214
0.00337908 0.174379 -22.4762
0.00824721 0.184772 -28.6445
0.0127104 0.198083 -35.3495
-0.0758836 -0.239253 173.338
-0.0903376 -0.215297 174.609
0.0780164 0.255777 -92.0064
0.0657813 0.260304 -85.2799
0.0918629 0.249455 -100.788
0.0848096 0.282425 -106.231
0.0634104 0.251248 -80.0774
0.0018286 0.319443 -78.6086
0.0018286 0.319443 -78.6086
0.0018286 0.319443 -78.6086
0.0018286 0.319443 -78.6086
0.0011697 0.312252 -75.8146
0.000706572 0.313449 -75.788
0.000706572 0.313449 -75.788
0.000873634 0.328643 -80.7381
0 0.328962 -80.0145
0.00983339 0.241901 -62.3679
0 0.251432 -55.696
0 0.328962 -80.0145
0 0.2414 -52.6327
0.0147248 0.264925 -75.7347
1.45959e-12 0.2414 -52.6327
1.57782e-12 0.2414 -52.6327
-0.340646 -0.370193 525.904
-0.0186146 -0.374706 160.88
-0.00914754 -0.366975 147.461
-0.0041616 -0.361596 139.883
-0.00272437 -0.358907 137.317
-0.00272437 -0.358907 137.317
0.0377092 0.30401 -56.3811
0.0392722 0.30001 -55.0949
0.0455127 0.291218 -52.4843
0.0722097 0.299482 -56.4623
0.0649653 0.236757 -35.3948
0.021777 0.228382 -28.234
-0.0106201 0.27486 -40.5864
-0.0332403 0.275796 -36.2319
-0.022264 0.254058 -31.839
-0.0116114 0.243463 -30.0481
-0.0537593 0.257792 -25.6192
-0.0714328 0.180402 3.99972
0.00732628 0.112 5.54436
0.12542 -0.328283 113.132
-0.098447 0.137621 41.9193
0.106508 0.500976 -151.866
0.0529483 0.181829 -25.642
-0.164425 0.0865584 86.3776
-0.114269 0.222419 20.6076
-0.0644281 0.272605 -16.7455
-0.0477953 0.271799 -23.3717
0.0772687 -0.0506238 18.7034
-0.0124162 -0.0662926 84.4742
-0.013925 0.165919 -10.7325
-0.00119453 0.18715 -24.2785
-0.00171528 0.184846 -23.1778
-0.00205353 0.163428 -15.842
0.00600656 0.13956 -12.5645
0.00133941 0.10017 3.77305
-0.0463462 -0.268446 164.307
-0.0708465 -0.219336 163.207
-0.0951455 -0.184272 168.864
0.157247 -0.120091 -28.3532
0.144319 -0.151268 -8.91771
0.0610696 0.281062 -88.2066
0.0468065 0.250713 -67.0905
0.0444707 0.248984 -64.9027
0.0367553 0.259022 -62.1609
0 -0.268423 106.636
0.00159892 0.292852 -45.2862
0.0027092 0.29465 -46.8539
0.00116201 0.34797 -65.0876
0.00918484 0.0981635 12.6563
0.0208848 0.114791 -3.74539
0 -0.268423 106.636
0 0.0264919 8.99728
0.0136249 -0.249755 86.7969
0.000308091 -0.276118 108.875
0.000308091 -0.276118 108.875
0.000308091 -0.276118 108.875
-0.018627 -0.00782364 76.5583
-0.0842435 -0.0682575 136.094
-0.321186 -0.363115 501.539
-0.0987955 0.219333 121.573
-0.00224761 0.176881 24.8715
-0.00141142 0.172866 25.2246
-0.00109677 0.170859 25.5182
-0.00109677 0.170859 25.5182
0.0344458 0.304822 -56.6352
0.0395795 0.299151 -54.7854
0.0503969 0.311753 -59.6809
0.0203592 0.23543 -31.5162
0.0321983 0.202268 -20.8599
0.0573878 0.194472 -21.1006
0.0254599 0.258618 -38.5538
-0.00565649 0.26575 -37.4129
-0.0519609 0.279386 -34.4635
-0.0329041 0.269187 -34.8897
-0.0620513 0.302017 -39.5098
-0.433586 0.0235324 147.829
0.00855239 0.0726618 19.19
0.0270434 0.114038 -0.0199392
-0.0501543 0.235081 -14.5528
-0.0271297 0.070405 41.5089
-0.0251727 0.0194025 59.317
-0.0486207 0.137908 25.2919
-0.0669604 0.241193 -4.26124
-0.0453298 0.271597 -23.8502
-0.0309433 0.294403 -38.0352
-0.0436662 -0.0901557 107.499
-0.000277893 0.176272 -21.084
0.00529886 0.179435 -24.9793
0.00469027 0.192824 -29.2763
-0.0176604 0.18966 -16.014
-0.0356842 0.156835 5.63492
-0.0392468 0.10743 25.1134
-0.0128595 0.0179815 40.6676
-0.0253297 -0.245362 142.566
-0.0538275 -0.243804 160.364
-0.00710462 -0.214046 118.122
0.110925 -0.158109 17.0665
0.126763 -0.161385 7.11002
0.0875093 0.241971 -94.675
0.0475669 0.269465 -73.8823
0.0300075 0.276111 -62.7118
0.0236124 0.265986 -53.9723
0.0138514 0.276423 -49.7083
0.00440803 0.290741 -46.9309
0.00316304 0.294727 -47.283
0.0153598 0.335285 -73.4828
0.0263247 0.308079 -73.5637
0.00279218 0.41759 -91.8136
0.000191997 0.451945 -101.51
-0.00598326 0.432105 -88.5139
-0.00340847 0.438137 -93.1984
-0.00271011 0.440524 -94.7372
0.117469 -0.191284 129.685
0.161121 -0.223816 94.9829
-0.0202316 0.314108 100.7
0.000170207 0.46006 -104.834
0.000140067 0.460102 -104.815
0.115048 -0.0502062 71.9431
0.111647 -0.0581721 78.7171
-0.000554824 0.452544 -101.269
-0.000542221 0.452472 -101.259
-0.000537376 0.452479 -101.268
0.0251023 -0.0812798 84.9992
0.0208995 -0.103963 93.5154
0.0143086 -0.100233 92.4115
0.0105053 -0.13985 106.825
0.0403475 0.183886 -15.1865
0.0601997 0.242165 -38.2771
0.026265 0.250924 -37.0483
-0.000435539 0.250786 -33.1698
-0.0481355 0.282597 -36.248
-0.0409369 0.287893 -39.7401
-0.0278525 0.285562 -41.6745
-0.00877586 0.26251 -37.5338
-0.00404428 0.258667 -37.2138
-0.0174398 0.246594 -28.875
-0.026213 0.238875 -23.3981
-0.216184 -0.0808684 168.289
-0.0321719 0.138085 19.2981
-0.0461312 0.180043 9.33266
-0.0545101 0.197549 6.21792
-0.0613172 -0.0204196 89.7002
-0.0429092 -0.064488 97.71
-0.0334107 -0.0843186 100.712
-0.0207683 -0.11943 107.732
-0.0104369 -0.153323 115.182
-0.00251451 -0.185447 122.996
0.00289707 -0.21529 131.147
0.00652108 -0.242386 139.166
0.00839343 -0.266324 146.952
0.00901428 -0.286753 154.152
0.00881568 -0.303386 160.442
0.00830572 -0.316007 165.448
0.00780406 -0.324469 168.918
0.00755177 -0.3287 170.658
0.00755177 -0.3287 170.658
0.0839685 0.238037 -90.6267
0.0839205 0.227859 -86.9157
0.0425737 0.267756 -69.5666
0.0245827 0.279423 -59.5831
0.0160684 0.278751 -52.3806
0.00692419 0.289 -48.4708
0.00447029 0.295476 -48.7154
0.00334242 0.294967 -47.5258
0.00411179 0.123184 14.3652
0.0325109 0.253051 -59.7034
4.47734e-05 -0.0826167 93.6339
0.00252708 -0.174785 125.425
-0.00180371 -0.201934 139.767
-0.0028771 -0.216115 146.095
-0.00225223 -0.228231 149.933
-0.00127683 -0.237237 152.239
-0.000391231 -0.24403 153.803
1.27083e-05 -0.249466 155.378
-7.53287e-05 -0.250593 155.896
-0.000329865 -0.249227 155.681
-0.000502821 -0.24774 155.33
-0.000545157 -0.246403 154.884
-0.00053388 -0.245982 154.714
-0.000539549 -0.245945 154.708
