0.415842 0.178992 9.44233
-0.101473 0.188903 20.5067
-0.103887 0.17798 21.0562
-0.0121405 0.0137688 31.7144
0.0184045 -0.0710004 14.6127
0.0368789 -0.131977 13.7617
0.031548 -0.140333 13.7102
-0.00325912 -0.107595 18.6525
-7.81081e-05 -0.123124 18.8157
-0.00100621 -0.154745 20.421
-0.0436573 -0.0382839 27.1653
0.00762131 -0.129022 18.2477
0.0504228 0.0387186 4.87382
-0.0275205 -0.0957099 27.5719
-0.060856 -0.0908784 37.4498
-0.0936415 -0.0307408 46.4672
-0.106665 -0.00386447 51.2359
-0.132954 0.0158237 60.6068
-0.0811926 -0.0306133 40.7308
-0.0457284 0.01353 25.4312
0.251948 0.00618802 -100.456
-0.0190452 -0.04547 24.658
-0.0616626 0.048041 42.3271
-0.0627554 0.0223437 42.7435
0.0429436 -0.0482471 -17.8033
-0.0760426 -0.0174089 40.0901
0.0809087 -0.0432383 -38.5374
0.00326669 0.00347965 4.36658
0.115796 0.103604 -69.1774
0.00376186 -0.0336398 13.512
-0.66289 -0.00903222 445.529
0.0230276 0.0335052 -11.3959
-0.0115097 0.13301 9.05099
0.00109592 0.117823 1.7324
-0.0160834 0.0413671 15.9948
-0.0217772 0.00441097 19.9403
-0.00286226 0.00458091 5.14685
0.0116689 -0.0275613 -5.8778
0.095257 -0.0661443 -74.0816
0.00416125 -0.00330101 -0.0762093
-0.0258986 0.0416995 26.2768
-0.0123257 0.00760253 14.022
-0.0320082 0.0433789 31.3611
0.00276131 0.00345875 0.0677183
-0.00663756 0.012969 8.13057
0.00570696 0.0107929 -3.24488
0.00815438 -0.0164644 -6.20364
0.0153245 0.00882722 -14.6107
0.153646 -0.0852865 55.4379
0.0237945 -0.0142547 191.203
0.0183159 0.00920625 -17.9982
0.0208167 0.0260502 -21.2401
0.030784 0.00702125 -31.8952
0.0925511 -0.074992 -103.159
0.00899251 0.0103358 -5.67601
0.00867331 0.00733103 -6.21284
0.0306691 -0.0401657 -27.8469
0.111983 -0.0391115 -127.393
-0.139237 0.170985 22.776
-0.129426 0.173968 22.4245
-0.42937 0.0541152 58.0478
0.0127878 0.0193148 30.1995
-0.0135225 -0.0253796 16.9519
-0.00895168 -0.0200536 15.7809
-0.000619325 -0.0768934 17.2988
0.017821 -0.0930225 15.3534
-0.0139502 -0.0717997 20.424
-0.00791684 -0.117696 20.193
0.000867415 -0.162321 20.3786
0.0285072 -0.186313 14.524
0.0216695 -0.180289 16.375
-0.0394978 -0.167427 33.247
-0.0279338 -0.124646 28.2068
-0.042611 -0.072489 31.2842
-0.0851983 -0.0333458 44.5505
-0.0849312 -0.0114459 43.6989
-0.0937477 0.0220199 44.4751
-0.0358453 -0.0037334 22.0447
-0.0741126 -0.023591 39.3968
0.0327936 -0.405276 7.4595
0.0285424 -0.026448 -10.476
0.097318 0.00691063 -37.3532
-0.0133801 -0.00793535 10.6606
0.0301117 0.00190141 -10.7091
0.0282724 0.0249941 -10.1982
-0.0396253 0.00250085 28.846
-0.0144491 0.00690502 12.5814
0.138611 -0.0348109 -81.4543
0.151764 -0.0748518 -88.3953
-0.0604618 0.0516163 42.6976
-0.135484 0.0563372 101.98
-0.0443471 0.0622752 36.3219
-0.0715993 0.00140626 57.8255
0 0 -1
-0.0112048 -0.00436829 12.0776
-0.0051117 -0.0225092 7.33373
0.00168146 -0.00620871 1.7655
-0.138679 0.135159 121.905
0.0100893 -0.114702 4.45268
0.0497399 -0.115818 -30.2303
0.0694425 -0.127479 -47.9945
-0.0273759 0.0356995 26.9985
-0.0418023 0.0301605 40.4182
0.00986038 0.00986397 -7.50978
0.0210883 0.107451 -22.3517
0.0641498 0.093619 -60.0216
0.169227 0.414725 28.1028
0.0184214 -0.0249915 197.165
0 0.0832815 -0.68929
-0.000321367 0.041292 1.03415
0.00507232 0.00779547 -2.25243
0.00765547 0.0664628 -6.53833
0.00354776 0.00519348 -0.576338
-0.263165 0.00243763 317.945
0.12081 -0.0354746 -138.025
0.0762808 -0.0404612 -83.9488
-0.171201 0.167739 23.2872
-0.182482 0.146026 24.7475
0.0180438 0.00720529 30.0999
0.00274005 0.0153383 30.7737
0.665476 -0.10821 -50.1318
0.00982219 -0.0455883 15.783
-0.00884636 -0.0974671 20.0549
-0.00958321 -0.0755895 19.8242
-0.0374024 -0.0558921 23.6611
-0.0215274 -0.106425 22.7883
-0.012555 -0.124166 21.8366
0.0066841 -0.151977 18.1705
-0.00607201 -0.152415 21.7949
0.00693042 -0.177016 19.8963
-0.0113534 -0.156661 24.5292
-0.0146825 -0.113217 23.9998
-0.0372608 -0.0563252 28.5842
-0.0534491 -0.041888 33.316
-0.055054 -0.0249213 32.0239
-0.0611108 -0.00806814 33.3767
0.0125678 -0.0321245 2.87937
-0.0114547 -0.0553821 16.2177
-0.00452494 -0.0612501 13.1978
-0.0129904 -0.0696949 17.9141
-0.0573493 0.0196072 31.3418
0.0409034 0.0102369 -17.118
0.0057523 0.087972 -1.22729
-0.111178 0.324884 53.4089
0.0717733 0.0516716 -41.5429
-0.0120715 -0.000997216 22.6923
-0.0411384 0.229544 26.5578
0.015195 0.0375476 -8.16406
-0.17019 0.0251657 127.772
-0.108834 0.0189015 84.3024
-0.0722168 -0.0279445 59.1245
-0.0259951 -0.0111429 23.6328
-0.000231416 -0.0159799 3.01134
0.016887 -0.0133326 -10.9008
0 -0.106005 8.4291
-0.00358356 0.0101128 5.55122
-0.0588695 0.224225 50.6556
0.0431189 -0.108674 -25.3278
0.0693066 -0.167209 -46.0385
-0.029003 0.0509953 27.8495
-0.00519749 0.0138942 6.77417
-0.0050315 0.00104258 7.09602
0.0564423 0.127366 -53.306
0.123638 -0.00219238 -113.372
-0.0796017 0.148005 77.659
0 -0.607412 41.2443
-0.0283015 0.216149 21.4545
-0.0107662 0.104833 9.25169
0 0.0414497 1.12023
-0.155084 -0.234514 197.751
0.00660709 -0.0090579 -3.92506
0 -0.124424 9.56399
0.0206759 -0.00399062 -18.4831
0 -0.676153 43.9032
-0.0438452 -0.547785 74.1599
0.0402404 0.0806073 22.9593
0.0142525 0.0275676 29.0608
-0.0113983 0.0112607 31.8026
0.0101959 0.0272856 5.39212
-0.0227927 0.00871677 32.611
-0.00945496 -0.0501059 14.6653
0.00220072 -0.101858 18.5264
-0.0306337 -0.157273 28.9193
-0.0631339 -0.107521 30.8014
-0.0165392 -0.137403 23.3774
0.00434149 -0.117155 17.1941
1.29005e-05 -0.136069 19.1574
-0.00127428 -0.119154 17.9708
0.00494938 -0.11747 15.895
0.00478717 -0.197579 22.5828
-0.00482325 -0.0988218 18.9317
-0.0304734 -0.033588 23.0129
-0.0261674 -0.000134252 18.5284
-0.0535318 0.00385071 29.9991
-0.00687995 -0.0290712 10.9664
-0.00168398 -0.0485934 11.2287
-0.00127599 -0.0608175 11.0394
-0.00303324 0.026215 7.41918
-0.00191789 -0.00753843 6.07707
0.0293132 0.238082 -22.4975
-0.24776 0.0743485 153.41
0.131693 0.032548 -68.9599
0.0437032 0.00637959 -12.2724
0.00411433 0.0132322 11.4
-0.0315535 0.0790702 29.9729
-0.109896 0.0302284 86.1413
-0.149702 -0.0520828 118.003
-0.0702889 -0.0158347 56.7741
-0.00804939 -0.000458975 8.74951
-0.00947539 -0.00630707 10.5341
-0.00558973 -0.00621289 6.9433
-0.0015911 -0.00647358 3.80335
0.0118652 -0.00994071 -6.69212
0.0326247 -0.0215613 -23.2293
0.0572768 -0.0417765 -42.6546
0.0495027 -0.0848926 -32.3453
-0.00575859 -0.0392746 12.9545
-0.0115454 -0.0325352 16.4946
-0.00541144 0.00676666 7.54179
-0.0162513 0.00688078 17.8986
-0.0886825 0.231673 86.9883
-0.0110712 -1.06421 103.886
-0.0235282 0.00422988 52.6346
0.0522688 0.121372 -37.0824
-0.00416611 -0.107608 41.1844
0.0125695 -0.0482731 17.7452
0.00302172 -0.0471311 28.204
-0.00403098 -0.0857958 39.5315
-0.659818 -0.0585277 781.095
0.000803563 -0.119789 36.6769
-0.0210464 -0.078103 59.849
0.0260605 -0.0406348 -1.13709
0.0529208 0.032192 5.05763
-0.0089312 -0.062851 17.1148
-0.00724131 0.0424805 28.8421
-0.0693128 0.0205497 34.4594
-0.0240047 0.0388367 7.94039
0.00448995 0.0329093 4.92697
-0.0165614 -0.0228339 13.363
-0.00128862 -0.0691158 15.5141
0.00799579 0.0376506 2.38726
-0.130061 -0.0071152 34.7278
-0.0157096 -0.033792 12.7522
0.00303268 -0.000206862 5.12128
0.000704731 -0.0905203 14.5884
0.0133045 -0.0606385 8.05021
0.00448119 -0.0426996 7.96795
0.0480576 0.00806184 -10.6959
0.0312475 -0.0312818 -0.741113
-0.00304622 -0.0244352 11.6911
-0.00147102 -0.0050934 9.07444
-0.397412 -0.118103 188.173
-0.0539555 0.00388442 29.3927
-0.0015906 -0.037266 8.68971
0.0113932 -0.04188 3.17141
-0.00281988 -0.052279 10.9763
-0.0065271 -0.0256546 10.1439
0.007588 0.00978035 -0.76408
-0.0177681 0.0361636 12.1553
-0.0245626 -0.028067 21.3859
0.0854261 -0.320709 -10.4759
-0.0172226 -0.174005 42.5732
-0.0112279 -0.0225745 12.8826
-0.00224573 -0.00772313 5.0225
-0.0216842 -0.0290612 21.7668
-0.0689332 -0.015645 54.1915
0.00632648 0.00969196 -2.89675
-0.011149 -0.000544181 11.5569
-0.0131913 0.0150857 11.3989
-0.0134193 0.00902132 12.0103
0.00184248 -0.0111503 1.10059
0.0227298 -0.0242577 -14.8
0.0185503 -0.0430095 -9.46133
0.0177848 -0.0399353 -8.61114
-0.0162755 -0.0514499 22.6378
-0.00415988 -0.0347795 9.71263
0.0185345 -0.00489748 -14.0874
-0.0560609 0.261858 35.8372
0.0527927 -0.0687103 -40.0672
0 0.248819 -20.0055
0.0767654 0.150324 -65.486
0.0845186 0.150094 -73.6557
-0.246606 -0.649274 366.713
-0.00733474 0.0356167 148.371
0.0914017 0.0426091 37.0508
0 0 -1
0 0 -1
0.000111824 -0.0190317 88.3732
0.356928 0.138871 -365.587
0 0 -1
0.0428213 0.0127424 7.24719
0.0547786 0.0355637 4.39786
0.181162 0.21117 -27.4249
-0.0362498 0.0200592 32.0294
-0.0343679 0.060898 6.85511
-0.0540869 0.0459928 10.4623
-0.0312963 0.0514013 6.99226
0.0192284 0.0191014 1.87652
0.0076436 0.0623762 -0.0537279
-0.0112712 0.0794265 1.45658
-0.0314446 0.0756454 5.52339
-0.00804268 0.0275137 4.93294
-0.00378253 0.000160596 7.04205
0.00570544 -0.00432416 4.28812
0.0413989 0.0425622 -12.371
0.0105781 0.0179528 0.913851
0.029572 0.00476507 -2.9758
0.00396769 -0.00345279 7.59815
-0.000685331 -0.00505116 9.03938
-0.0544793 0.000314624 31.1564
-0.0752623 -0.0103506 40.8552
-0.0633592 -0.00764813 34.9331
-0.0331715 -0.0302823 22.7378
0.00163148 -0.0423515 7.20575
0.0210479 -0.107034 5.4254
0.0146658 -0.254244 26.8665
-0.0164419 -0.0496586 19.2883
-0.000370722 -0.0235692 5.37672
-0.00322119 -0.0609817 12.7455
-0.00344126 -0.0276966 8.9632
0.00874089 -0.00220612 -2.4992
-0.0136239 -0.000933805 11.6478
-0.00218999 -0.00872315 5.2722
-0.00368256 -0.0171875 7.21095
-0.0100273 -0.0044703 10.8014
-0.00524731 -0.00674975 7.46147
-0.0109596 -0.0030313 11.7525
-0.0110693 -0.00147408 11.5281
0.0108215 -0.000916663 -7.1633
0.0168721 -0.00663632 -11.9558
0.0147806 0.00666384 -11.5376
-3.9238e-05 -0.0519682 8.06571
0.010447 -0.0113574 -5.42982
0.0106995 -0.0196753 -5.0961
0.652036 0.260863 -651.962
0.0159041 -0.0172893 -10.3507
0 -0.0176132 3.76358
-0.00635761 0.208341 -14.6276
0 -0.0176132 3.76358
0.00605185 0.207744 -27.5434
-0.0374182 0.252812 14.7118
0.233069 0.243511 -143.665
-0.255896 0.0329621 317.879
-0.306949 -0.00649068 380.392
0.61482 0.0215882 -695.454
-0.0294183 0.266447 40.6893
0.005555 0.122084 57.9286
0.625985 0.0213092 -685.036
0.0557763 0.033415 4.77072
0.213148 0.354072 -38.4647
0.193009 0.357195 -38.2126
-0.0124367 0.0135648 31.2504
-0.0459834 0.0401085 10.8467
-0.0449514 0.0574083 7.84864
-0.0303696 0.112729 -2.16249
0.0178818 0.0757415 -3.78623
0.0283483 0.0665974 -3.93286
-0.0287085 0.0614679 7.43189
-0.0549837 0.046598 15.8663
-0.0588257 0.0630593 14.3508
-0.0344655 0.0283967 12.4197
-0.00703898 0.0111792 6.36458
0.0209313 0.0417977 -5.51467
0.0389167 0.0386223 -10.4667
0.0119014 0.0211593 1.25732
0.00514045 -0.00156684 6.79436
-0.00638522 -0.0224799 13.8461
-0.0261968 -0.0141083 21.2411
-0.0842978 -0.0332795 47.7403
-0.0666698 -0.00998694 36.3832
-0.0159068 0.000665176 10.3795
-0.0173122 -0.0224358 14.3784
0.0054402 -0.0318041 3.75982
-0.00234272 -0.0220133 6.33241
-0.0142398 -0.0604272 18.978
-0.0136543 -0.0381285 15.5071
0.00393652 -0.0160428 2.20701
0.00619964 -0.00422985 -0.667364
-0.0190623 -0.0141793 16.9094
-0.010343 -0.00167783 8.98882
-0.0137048 0.00660015 11.0156
-0.0112423 -0.00884673 11.3713
0.011975 0.00336243 -6.99077
0.00810553 -0.00243598 -3.31991
-0.0101116 -0.00598076 11.288
-0.00999458 0.00102545 10.0974
0.0144119 0.00674907 -11.9597
0.0136081 0.0104142 -12.3619
0.00474646 -0.0215733 0.360275
0.0061347 -0.0729283 6.22835
-0.00370854 0.0144408 6.23679
0.0111958 0.00715104 -8.73
0.0104633 -0.0126766 -5.82348
0.0101098 -0.0118887 -5.38862
0 0.118619 -9.26428
-0.0770979 -0.285813 123.506
0.399737 -0.0926367 -398.652
-0.0374994 -0.739426 149.661
0.107987 0.210174 -141.366
0.108968 -0.812456 2.35926
0.018237 -0.0739208 6.25639
0.0170294 -0.0278359 0.63269
0 -0.0812385 27.7061
0.000102202 -0.0542635 23.6522
0.00371903 -0.0633941 20.5793
0.0439419 -0.0820239 -26.3824
0 -0.12984 56.1501
-0.0666434 0.105329 20.759
-0.0645793 -0.00053084 36.6735
0.000629065 -0.0103577 34.0972
-0.00470458 -0.0257968 37.6565
-0.014661 0.0312103 8.37475
-0.00318115 0.0481253 4.50896
-0.00852934 0.0222801 9.308
0.00193207 0.0406329 4.61879
-0.0199056 0.0465963 7.58255
-0.0169894 0.0362176 8.42525
-0.0635861 0.0529952 16.7178
-0.0352342 0.0817587 4.4002
-0.00152716 0.0434665 0.896374
0.00371881 0.0415608 0.383865
0.0064534 0.0252081 2.23006
-0.00308715 0.00998662 8.40222
-0.0272684 -0.00423883 19.0452
-0.00855602 -0.0260212 15.1111
-0.0428836 -0.0254246 29.6607
-0.0653684 -0.0609324 43.9157
-0.100822 -0.00937361 64.4811
-0.0207454 0.0201068 9.70021
-0.0403737 0.0270261 18.4455
-0.00427562 -0.0342171 9.14087
-0.00957173 -0.0074086 8.72369
-0.013671 -0.193638 39.131
-0.0087941 0.00566962 7.7235
0.0493608 -0.139205 -8.42401
-0.0234077 0.0100695 16.3073
-0.0370766 -0.00170479 27.3304
-0.0463404 -0.197123 63.5071
0.00915177 -0.0205238 -1.47681
0.00247565 -0.00285153 0.648158
0.00934177 -0.00530899 -3.70575
0.00631213 -0.00273124 -1.78854
-0.0110954 -0.0141928 13.3432
-0.0125461 -0.0153234 14.6583
0.0179915 0.0143642 -16.7914
-0.00118531 0.0132146 2.67129
-0.00697272 0.0193932 6.77074
0.0143258 -0.00887239 -9.78979
0.0121652 -0.010381 -7.82617
0.0112123 0.000398813 -8.77517
-0.514199 -0.212024 542.783
-0.0335974 -0.159207 67.9752
0.25851 -0.243025 -205.504
0.00473963 -0.00143015 -0.987497
0.00744197 0.00458654 -4.35573
0.00866188 0.0089841 -6.16673
0.0137502 0.0140451 -11.8794
-0.00263458 0.0328435 5.8638
0.0321558 0.0321694 -36.9455
0.0204156 -0.0272417 -3.32171
0.206765 0.236612 -189.326
0.847618 0.201361 -943.005
0.000662048 -0.00356967 15.056
0.264812 -0.00206158 -246.448
-0.0438048 0.111084 19.6158
-0.0294588 0.142414 13.5125
-0.0455151 0.0903711 23.7945
-0.018797 -0.0161586 36.4506
-0.000496082 -0.0094036 33.8544
0.0865033 -0.0619635 32.7276
-0.107612 -0.00968016 48.1781
-0.107182 0.0172728 42.3617
-0.0207301 0.0248709 11.1891
-0.0179968 0.0371846 8.51496
-0.00616755 0.106923 -6.91356
-0.0162515 0.251568 -29.9056
-0.0424981 0.280562 -28.5622
-0.00878705 0.14535 -13.7804
0.00287234 0.0626386 -3.59568
-0.0084138 0.0817157 -2.71437
-0.0152764 0.0256 9.65834
-0.0315422 0.0114717 17.8725
-0.00135293 0.019101 4.12276
0.0831011 0.0361388 -32.4405
-0.0669163 -0.0332538 39.9748
-0.100474 -0.0241657 66.9017
-0.0819288 0.0829366 61.2329
-0.0386767 0.172611 -7.91811
0.0161582 0.245045 -48.9123
0.0107031 0.179448 -32.0077
-0.0029737 0.126552 -15.3531
0.0395975 0.029024 -16.365
0.0099857 0.0362918 0.0983178
-0.511059 0.218445 291.131
-0.033256 0.0233788 20.4328
-0.0173862 0.0282529 9.7833
-0.031296 0.177088 -9.38269
0.00140402 0.00130457 0.259812
0.00762724 0.0137921 -6.18249
-0.00450421 0.0111311 3.49565
0.00780654 0.0127776 -6.69934
-0.00640214 0.0256836 2.34737
0.00686944 0.0026749 -4.81895
0.00626361 0.00440211 -3.54629
-0.0072321 0.0132267 8.76994
0.0146508 0.0043298 -12.3212
0.00293268 -0.00269785 3.17563
0.0206454 0.0123622 -18.8216
0.364598 -0.0556299 -330.502
-0.234817 -0.076227 255.48
-0.0214263 -0.0757421 44.5644
-0.0160136 -0.0896694 42.1648
-0.0026791 -0.0541874 21.7366
-0.0215842 -0.098669 50.4811
0 -0.183138 43.3783
0.0192101 0.0159616 -18.2587
0.599011 -0.0765574 -579.752
0.106421 -0.0463103 -17.4462
0.233915 0.00832174 -182.405
0.101588 0.158333 -51.413
0.282619 -0.172042 -295.836
0.245208 0.0944332 -229.24
-0.0445814 0.0742822 26.8308
-0.0442427 0.0522549 31.5541
-0.0854509 0.010624 42.7113
-0.109169 0.0717651 31.3162
-0.127383 0.0833079 29.0197
-0.0133098 0.0103104 31.4239
-0.0490791 0.0448653 28.4235
-0.0788162 0.0382405 33.6403
-0.130554 0.0251478 45.1907
-0.14219 0.0922643 32.4472
-0.100733 0.124585 17.1798
-0.0739236 0.193409 -2.56686
-0.0491206 0.31355 -33.3583
-0.0523487 0.323815 -34.4054
-0.0489034 0.352024 -40.189
-0.0493563 0.400638 -50.1143
-0.0442864 0.384338 -48.0467
-0.0316296 0.394865 -55.2782
-0.0166833 0.409614 -64.4776
0.236756 0.091868 -107.511
0.220692 0.199461 -122.051
-0.107148 0.0729934 74.8744
0.0111165 0.00933646 37.8106
0.0294318 0.259514 -58.7808
0.0178491 0.252406 -51.0819
0.00997747 0.227959 -41.6809
0.00323171 0.215631 -35.7485
0.0519255 0.102563 -39.1645
0.0169847 0.0438542 -5.61531
-0.0709635 0.213808 10.3798
-0.0475042 0.351243 -33.7127
-0.0178407 0.350675 -53.3228
-0.0369467 0.271793 -23.785
-0.0556939 0.23207 -2.30417
-0.018109 0.113777 -5.50959
-0.00964824 0.111352 -11.2624
-0.0167386 0.0959156 -2.81568
-0.0387981 0.0752455 19.1039
-0.00079191 0.0352271 -3.69216
-0.0123186 0.00413066 12.1909
0.00562999 0.00195615 -2.2247
0.00639347 0.0364858 -11.9231
-0.0180772 0.00369089 19.3694
-0.00160601 0.00155224 2.89719
0.0231257 0.0131234 -21.7129
-0.235428 -0.291124 297.344
0 0.0545509 -5.61266
0.104173 -0.0420736 -74.494
0.546591 -0.0720318 -526.946
0.0198655 0.0033739 -12.3494
0 -0.0414196 17.9072
0.0184287 0.01612 -17.3569
0.957667 0.0185893 -1008.77
0.266111 -0.260749 -160.451
0.591875 -0.0204295 -506.373
0.169278 -0.618547 27.1256
-0.152107 0.0674001 268.661
0.22862 0.112444 -211.414
-0.0410601 0.023092 37.787
-0.0323403 0.0276884 36.505
0.0362776 0.00184924 38.5732
-0.160149 0.0835019 31.9544
-0.0966006 0.0877027 24.6532
-0.0966908 0.0120711 40.831
-0.121072 0.417168 -38.647
-0.110749 0.306457 -14.2523
-0.104918 0.260336 -4.42644
-0.099594 0.215049 4.84013
-0.0977704 0.203858 6.84143
-0.0695758 0.169387 6.64386
-0.0496068 0.276639 -24.1815
-0.0498852 0.272109 -23.6165
-0.0349076 0.251922 -23.995
-0.0444801 0.311486 -32.1977
-0.0375345 0.254535 -22.1252
-0.0348921 0.308929 -34.8905
-0.00241466 0.308071 -47.2785
0.0102962 0.235676 -36.1259
0.0284188 0.241704 -45.5652
-0.0183752 -0.0502712 65.2566
0.0145844 -0.0294748 44.7408
0.257308 -0.00612267 -100.22
-0.00211869 0.268576 -43.5927
-0.0314008 0.222946 -17.5068
-0.00221112 0.226878 -34.7346
0.006874 0.191308 -32.0723
-0.00824571 0.134762 -10.2065
-0.0296461 0.25013 -23.3586
-0.0051838 0.338327 -58.8013
-0.00254814 0.330966 -59.049
-0.0278138 0.357769 -48.2048
-0.0788245 0.290375 2.61482
-0.0461751 0.246242 -11.9555
-0.031138 0.0776241 13.0935
-0.013683 0.11719 -9.02624
0.0529672 0.109218 -54.4205
0.0753482 -0.181441 -5.53817
-0.0373358 0.0521004 23.8996
0.0142431 0.00492234 -10.4383
-0.00593345 0.0626137 -4.97605
0.19805 -0.55724 -44.4894
0.0121093 0.00880669 -9.82303
-0.0181042 0.102728 11.2644
0.00617038 -0.110534 21.6659
0.625 -0.441406 -495.635
-0.258739 0.0641989 275.614
-0.135891 0.187271 118.312
0.147873 0.0144186 -142.464
-0.0786337 0.216056 46.8164
0.0249245 0.0151089 -24.0146
0.011059 0.300632 -71.582
0.00998561 0.31255 -73.3595
0.031869 -0.0287014 -21.2059
0.17294 0.00772372 -193.702
0.0492187 -0.628906 174.778
0.256582 0.0181964 -225.711
-0.0166582 -0.0114373 45.4939
-0.00309559 -0.00813056 44.1137
-0.0200158 0.00797799 39.6462
-0.0816885 0.073802 26.9192
-0.0422998 0.141963 5.63887
-0.0255219 0.154153 0.399939
-0.0412568 0.148802 3.8612
-0.0641736 0.160573 4.43963
-0.0657973 0.284828 -26.6232
-0.0180113 0.199423 -14.0337
-0.0134847 0.234887 -24.3931
-0.0534613 0.184538 -1.00238
-0.0420727 0.236093 -18.1342
-0.0218533 0.271706 -32.2947
0.00601355 0.348372 -60.1505
-0.0506132 0.254487 -18.3349
-0.0246374 0.227788 -21.0001
-0.013344 0.215463 -22.4492
0.0107824 0.205145 -29.2656
0.0510821 0.205828 -46.3772
0.0262233 0.226783 -40.7214
-0.00447711 -0.0584057 60.4578
-0.0935868 0.237552 12.0127
-0.0724024 0.206744 9.35618
-0.0532767 0.226733 -5.56222
-0.0469955 0.212654 -6.35843
-0.0392972 0.194091 -5.58975
-0.0116222 0.154193 -12.1566
0.0158712 0.123608 -21.5173
0.0597078 0.208683 -69.9648
0.0329641 0.301897 -75.324
0.0238372 0.326584 -75.536
0.00936812 0.34877 -70.579
-0.0376709 0.0383443 27.6403
0.179736 0.0322493 -131.323
-0.0417901 -0.269731 106.913
-0.0208424 -0.331659 105.962
0.00304654 -0.373934 97.2466
-0.00163063 -0.00837064 8.07844
-0.0113281 -0.40489 116.791
-0.0113281 -0.40489 116.791
-0.0988375 0.0563197 82.5816
-0.0868464 0.0774621 65.7601
-0.0729629 0.066709 55.236
0.0390261 -0.124824 10.3672
0.145677 0.0569012 -135.752
0.121032 0.0783744 -118.114
-0.143006 0.111604 144.763
-0.0606647 0.24402 25.4817
0.0647344 0.036316 -52.9494
0 -0.370898 112.996
0 -0.370898 112.996
0 -0.370898 112.996
0 -0.370898 112.996
-0.607543 0.996771 491.755
0.193872 -0.286117 -118.073
-0.00399159 0.141068 11.678
0.0181929 0.00313844 19.7043
-0.0201638 -0.0137504 46.0265
-0.0147589 0.000669169 41.8842
0.00839712 0.0972186 15.2453
-0.0518382 0.130698 9.40242
-0.0357235 0.126198 9.5063
-0.0367158 0.110518 13.659
-0.0187136 0.11666 9.41477
-0.0321943 0.211238 -13.7147
-0.0795968 0.105199 22.0584
-0.0816472 -0.0923905 73.9967
-0.0745022 -0.0805086 70.7544
-0.0346435 0.254189 -23.9794
-0.0448446 0.26992 -24.8179
-0.052822 0.23091 -12.6414
-0.0293925 0.23406 -19.5606
-0.0505662 0.22891 -12.3985
-0.052182 0.226519 -10.7078
-0.0192886 0.255968 -31.6538
-0.00633547 0.262324 -38.0805
0.0198161 0.224132 -38.4566
0.0325607 0.238 -45.7802
-0.0555953 0.228985 -3.71236
-0.113451 0.188552 34.1124
-0.0766057 0.160374 23.7644
-0.0676526 0.215338 4.65824
-0.0146284 -0.048904 51.4505
-0.114401 0.212512 36.5116
-0.11807 0.274384 20.4239
0.112073 -0.0608046 -22.3943
0.110936 -0.0598755 -21.9685
0.0712554 0.277002 -94.1768
0.0408038 0.300415 -80.0869
0.0390315 0.295596 -77.7646
0.47059 0.215901 -362.091
9.10687e-14 -0.062955 46.6501
1.20829e-13 -0.062955 46.6501
6.19072e-14 -0.062955 46.6501
7.9066e-14 -0.062955 46.6501
6.95835e-14 -0.062955 46.6501
0.0242512 0.0672809 35.594
0.0216957 0.0543388 41.3655
0 -0.0735026 49.4652
0 -0.0735026 49.4652
0.00639906 -0.050631 37.3748
0.00240935 -0.0118837 4.90661
0 -0.0735026 49.4652
0 -0.0735026 49.4652
-0.118414 0.048625 135.114
0.0698789 0.0717032 -65.9461
-0.0552908 0.255461 17.8562
0 -0.0735026 49.4652
0 -0.0735026 49.4652
0 -0.0735026 49.4652
0.000739753 -0.0721628 48.2551
0 -0.0735026 49.4652
0.368383 -0.0533695 -387.071
0 0.191759 -7.56453
0 0.345267 -48.415
0.00838863 0.0200584 41.4296
0.00804266 0.0204393 41.3227
0.114473 0.21441 -23.447
-0.0665567 0.190064 -5.09877
-0.0739572 0.115211 16.463
-0.0669131 0.0862029 23.0894
0.189632 0.449179 -118.48
0.0713008 0.28674 -51.4401
0.0307632 0.220858 -25.5742
-0.0460596 0.169065 4.78994
-0.0497966 0.125065 18.3832
-0.0406925 0.230349 -15.6336
-0.0448226 0.237268 -15.6776
-0.0553534 0.221573 -8.87412
-0.0636669 0.220352 -5.24812
-0.0288165 0.272491 -32.4192
-0.0197253 0.281535 -38.7298
-0.0265267 0.297881 -40.6875
0.0482073 0.282044 -65.1655
0.0271743 0.282259 -56.1524
-0.0692017 0.20647 8.81169
-0.127489 0.186799 41.3091
-0.134351 0.14102 57.18
-0.147894 0.128748 67.3617
-0.000900226 -0.0223348 36.6835
-0.0219474 -0.0483688 55.3196
-0.202057 0.161383 101.807
0.170615 0.0765286 -89.3078
0.135998 0.0310471 -54.7117
-0.0273343 -0.545869 207.9
0.044216 0.190189 -52.3037
0.0370619 0.185406 -45.7555
0.0770787 0.247533 -90.3479
0.0441871 0.266525 -72.2625
0.243733 -0.113207 -103.511
0.248028 -0.0612844 -121.901
-0.00113099 0.0480477 34.5639
-0.000623972 0.0478993 34.1921
0.00165634 0.0476623 32.3825
0.00521237 0.0473998 29.4644
0.0085442 0.0471632 26.6657
0.0103449 0.0469847 25.1329
0.0103449 0.0469847 25.1329
0.00294985 0.129148 6.74283
-0.00578949 -0.13259 93.6162
-0.00683287 0.137468 13.7348
0 0.131479 8.81337
0.0261519 0.107968 -10.8893
0.00898067 0.141992 -3.72193
0 0.11746 13.0018
-0.0332079 0.179974 30.3696
0 0.11746 13.0018
0 0.166245 -1.66393
0.362757 0.162031 -365.027
0 -0.284263 107.469
0.211577 0.0322405 -244.875
0.210442 0.0607871 -252.119
0 0.0631696 2.9609
0.00969186 0.296837 -42.3156
0.00596091 0.294382 -41.4913
0.00883467 0.24113 -25.2424
0.0415775 0.245632 -28.5989
2.27911e-05 0.1594 3.35137
-0.0333964 0.131937 15.4877
-0.0471853 0.151213 11.0662
-0.0516839 0.176066 3.54579
-0.0475276 0.160864 6.5936
-0.0244173 0.209291 -13.232
0.00918039 0.259272 -35.8882
-0.0295448 0.225424 -16.305
-0.0537343 0.215762 -7.17514
-0.0691267 0.223395 -5.37597
-0.0521809 0.207906 -5.93302
-0.0228098 0.240661 -25.0168
-0.00755015 0.288725 -43.9708
0.00413631 0.317643 -57.2359
-0.00370865 0.292679 -47.0523
-0.041662 0.243605 -14.9488
-0.0990434 0.176064 30.4026
-0.114134 0.191562 32.8695
-0.130214 0.178359 44.8266
-0.236429 0.129486 111.119
-0.0985908 0.105973 66.3777
-0.00513626 -0.0489777 45.9766
-0.168473 0.370896 19.3276
-0.0595308 0.275878 -20.3257
0.249645 -0.00430967 -101.197
-0.0166926 -0.361986 170.149
-0.0293877 -0.323754 166.491
0.0884815 0.102197 -56.3819
0.0394258 0.268328 -68.9262
0.0437865 0.302038 -82.871
0.0118161 0.317004 -64.0475
0.0185088 0.316305 -69.2382
0.0149227 -0.153982 77.4439
0.0166773 -0.151906 75.3999
0.0166773 -0.151906 75.3999
0 0.0847656 2.21194
3.06182e-13 0.00451109 40.2956
2.80334e-13 0.00451109 40.2956
3.39695e-13 0.00451109 40.2956
-0.00299379 0.075748 7.91326
-0.00172334 0.0586049 25.099
-0.387386 0.294291 317.611
0 0.00451109 40.2956
0 0.222331 -41.585
0 0.00451109 40.2956
0 0.222331 -41.585
-0.00423235 0.0132741 42.1761
0 0.222331 -41.585
-0.0064699 0.0400781 36.5342
0.405678 0.124047 -403.4
0.884382 0.0151639 -927.503
0.274414 0.0859375 -281.549
-0.00397066 -0.119099 120.309
0.0429694 -0.277317 140.271
0.0319516 0.0221299 46.3255
0.0344176 0.0581443 34.2025
0.0501951 0.186106 -9.64366
0.00910616 0.192288 -8.70041
-0.00644141 0.134173 11.5698
-0.00626698 0.135675 10.5383
0.00492876 0.125816 11.8717
-0.012985 0.195351 -8.38152
-0.0540587 0.193575 -1.67922
-0.00650686 0.17079 -4.2344
0.0155294 0.216509 -22.486
-0.0460926 0.229346 -13.4377
-0.108154 0.163506 24.4156
-0.0832144 0.168697 15.9531
-0.107041 0.148145 29.5087
0.0114311 0.277073 -47.1221
0.0218982 0.288267 -54.285
-0.0111229 0.298792 -45.539
-0.036099 0.241152 -16.5465
-0.0743112 0.223545 5.06359
-0.0791346 0.243678 0.372237
-0.103392 0.229672 16.1656
-0.0837354 -0.1344 139.778
-0.116472 0.0561991 92.187
-0.0778998 0.107148 55.2542
-0.0641646 0.231122 6.36447
-0.0496118 0.353702 -42.8964
-0.0195143 0.36175 -62.9637
-0.00968053 0.357138 -67.2466
-0.013022 0.345443 -61.1693
-0.0127252 -0.0919093 97.3512
0.120015 0.0891722 -66.7929
0.096013 0.201651 -87.643
0.0866786 0.245024 -95.5176
0.06955 0.290292 -97.9167
0.0635811 0.306936 -99.1573
0.0582851 0.312427 -97.5227
0.00509306 0.0397772 -0.550887
0.0039197 0.0344487 2.23795
0.0021496 0.0138145 10.6518
0.00143177 -0.0149364 20.8856
0.00337758 -0.0434584 28.6879
0.0112153 -0.0720543 31.112
0.0240708 -0.075596 20.3828
-0.0785596 -0.220167 165.015
0.0788564 0.0444709 -62.2121
0 -0.123689 57.2554
0 -0.201405 83.7854
0 -0.150761 66.4804
-0.0134733 -0.205876 99.6983
0 -0.201405 83.7854
0 -0.171007 73.4128
0.00562135 0.0836726 -20.0531
0 -0.197143 82.4016
-0.0173975 -0.209622 107.028
0.28292 -0.0059593 -324.548
0.234991 -0.0648585 -247.45
0.0350925 0.0461643 -44.0151
0.0511914 0.0104985 50.1564
0.0544583 -0.0145075 59.0574
0.0529063 -0.079131 82.2179
0.0472377 0.123002 12.4928
0.00840805 0.10958 18.6624
0.00107119 0.182186 -6.01523
0.0138359 0.078674 31.6818
-0.012015 0.196078 -8.64217
-0.0880427 0.14643 21.6856
-0.00148309 0.144791 4.80278
-0.0120737 0.207701 -13.5818
-0.141599 0.218368 14.0023
-0.148138 0.146393 39.734
-0.0604441 0.275068 -22.6626
-0.192299 0.0375686 91.9811
0.0318759 0.286546 -57.2044
0.0386451 0.295857 -62.8682
0.011497 0.27028 -43.3348
-0.0378116 0.250467 -18.3284
-0.0494199 0.248484 -13.5304
-0.0229421 -0.0419919 74.7066
0.0111646 -0.102867 81.3153
-0.00811104 -0.161739 111.844
-0.0258256 -0.174075 124.933
-0.0345296 -0.19287 136.06
-0.0311299 -0.233212 148.629
-0.0264489 -0.276527 161.504
-0.0210738 -0.288769 162.726
-0.0165395 -0.299771 163.92
-0.0152002 -0.303005 164.245
-0.0115477 -0.094066 97.3455
0.213386 0.0792909 -127.108
0.142778 0.223216 -128.285
0.090938 0.24394 -98.648
0.0946267 0.257298 -105.512
0.0638086 0.303099 -98.7685
0.0549639 0.271419 -80.6331
0.0419274 0.265828 -68.4488
-0.0104774 0.0129342 11.6854
-0.0115183 -0.652988 252.659
-0.0129145 -0.651115 253.162
-0.0131697 -0.651487 253.513
-0.0146376 -0.65349 255.557
-0.0165385 -0.643753 253.798
0.0189509 0.0105654 -16.5473
0.0324193 -0.667678 217.084
0.0158744 0.0101171 -13.5211
0.0170985 0.0069873 -13.4753
-0.0133979 -0.711005 278.446
-0.0301959 -0.66369 279.687
0 -0.352018 138.137
0.0159906 -0.00226696 -9.28428
-0.03125 -0.210938 279.23
-0.649545 -0.473723 1082.54
-0.639825 -0.164711 820.021
0.214687 -0.0719434 -220.433
-0.41203 0.0721346 492.823
0.097737 0.111381 -148.209
0.0341848 -0.00162356 54.6358
0.0343445 -0.036971 67.6612
0.0483914 -0.0820233 83.4755
0.0572821 -0.0678043 78.3351
-0.0742204 -0.356621 196.561
0.0226927 0.187468 -10.4139
0.0165975 0.239844 -28.3881
-0.0415144 0.280142 -33.7191
-0.219116 0.0402214 83.378
-0.112649 -0.00463224 79.926
-0.104871 0.0382412 62.4338
0.232724 0.0803921 -33.3057
0.223723 0.0941522 -35.9264
-0.0491992 0.247859 -16.2772
-0.0292 0.275689 -32.7349
0.00372179 0.305902 -54.4944
0.0140087 0.282352 -49.1327
-0.0442158 0.191618 4.96954
-0.0400837 0.214666 -5.20855
-0.0298374 0.235344 -17.0302
-0.0179279 0.213233 -13.9662
-0.00976388 0.186429 -7.71695
-0.0048779 0.15916 0.0843585
-0.00255887 0.131273 9.28288
-0.00273916 0.102627 20.005
-0.00509725 0.0730889 32.2325
-0.00945595 0.0425507 45.996
-0.0146918 0.010935 60.7517
-0.0187343 -0.021797 75.2883
-0.0182018 -0.0556435 87.4357
-0.00959987 -0.0905658 94.7184
0.0180312 0.0892001 9.43748
0.0734078 0.268575 -95.492
0.10963 0.261748 -118.573
0.0845786 0.292961 -111.28
0.0597345 0.27508 -85.7811
0.0687527 0.270359 -91.7696
4.53654e-14 0.0644531 -7.09961
4.57591e-14 0.0644531 -7.09961
-1.49257e-14 0.0644531 -7.09961
-3.67202e-14 0.0644531 -7.09961
5.98131e-15 0.0644531 -7.09961
6.2314e-14 0.0644531 -7.09961
7.46116e-14 0.0644531 -7.09961
0 0.0644531 -7.09961
0 0.0644531 -7.09961
0 0.0644531 -7.09961
0 0.0644531 -7.09961
0 0.0644531 -7.09961
0 0.0644531 -7.09961
0 0.0644531 -7.09961
-0.0278014 0.33659 -31.3809
0.155208 0.335051 -133.653
0.109979 0.258339 -53.7966
0 0.040625 1.78828
0.483861 0.0450018 -583.382
-0.408901 0.0716574 489.15
0.123733 0.112992 -180.86
