0 1 3
1 3 0
3 4 3
4 5 3
5 6 3
6 7 3
7 8 3
8 10 3
10 11 3
11 12 3
12 14 3
14 15 3
15 16 3
16 17 0
17 18 0
18 19 2
19 20 2
20 79 0
79 81 0
24 81 0
24 82 0
24 27 3
27 261 0
31 261 3
31 32 3
32 33 3
33 92 0
35 92 3
35 36 3
36 37 3
37 96 3
96 97 3
97 333 3
333 502 3
163 502 3
163 173 3
85 261 0
27 85 1
43 333 0
24 84 0
27 84 0
37 95 3
86 261 3
95 96 3
35 93 3
36 93 3
36 95 3
10 67 3
278 502 2
173 221 3
221 341 0
8 67 3
82 84 2
93 95 3
1 60 3
11 70 0
14 71 2
84 85 1
31 89 3
0 59 3
1 59 3
10 70 3
12 71 3
14 72 3
89 261 3
32 89 3
59 60 3
71 72 3
17 75 1
18 75 2
18 77 0
19 77 0
106 163 0
3 60 1
4 62 3
20 77 3
82 83 1
83 84 0
85 86 0
3 62 3
15 72 3
0 58 3
5 63 3
6 63 3
8 65 3
10 68 3
12 70 3
81 82 2
58 59 3
3 61 1
4 63 3
67 68 3
15 73 3
15 74 3
16 74 3
61 62 0
73 74 3
17 74 1
81 195 1
32 90 3
33 90 3
92 150 3
163 221 3
170 173 3
62 63 3
68 70 3
72 73 3
35 150 3
60 61 0
79 195 3
81 254 2
89 90 3
93 150 3
106 502 0
6 122 3
18 134 0
77 134 3
140 254 0
81 140 1
63 122 3
7 122 3
7 65 3
65 67 3
77 79 0
158 333 3
394 502 2
70 71 3
158 502 3
77 136 3
79 136 1
97 158 3
82 140 1
90 92 3
387 502 3
65 122 3
74 75 3
143 261 0
113 173 0
113 221 0
65 125 3
67 125 3
85 143 3
86 143 1
70 127 3
75 134 0
195 254 3
84 142 1
68 127 3
83 142 3
113 170 0
65 123 3
71 130 3
72 130 3
136 195 0
82 141 1
161 502 3
122 123 3
68 125 3
72 131 3
73 131 3
77 135 3
83 141 3
85 142 3
89 147 1
158 387 3
63 121 3
134 135 3
96 387 3
97 387 3
169 221 0
170 221 3
62 121 3
74 131 3
93 152 3
95 152 3
169 170 0
58 116 3
59 117 3
59 118 3
60 118 3
68 126 3
133 134 0
116 117 3
61 118 1
61 119 0
62 119 3
65 124 3
130 131 3
74 132 3
75 132 3
135 136 3
140 141 3
117 118 3
124 125 3
71 128 3
147 261 0
90 147 1
95 154 3
123 124 3
71 127 3
131 132 3
75 133 3
142 143 3
92 149 1
96 154 3
96 447 3
121 122 3
125 126 3
127 128 3
141 142 3
387 447 3
118 119 0
126 127 3
132 133 3
90 149 1
149 150 0
150 207 3
194 195 0
136 194 3
147 149 3
150 152 3
204 261 0
150 209 3
152 154 3
278 394 3
147 204 3
152 209 3
128 130 3
122 180 0
142 200 0
142 201 3
154 213 3
154 447 3
121 180 3
140 198 3
141 200 3
143 201 3
152 213 3
133 191 3
149 207 0
164 502 0
163 281 1
130 188 3
198 254 0
141 198 3
207 209 3
213 447 3
281 502 0
221 281 1
123 180 0
128 188 3
272 387 3
134 193 3
135 193 3
94 95 3
337 502 0
117 175 3
119 121 3
272 447 3
118 175 3
119 178 3
124 182 0
125 182 0
127 185 3
135 194 3
141 199 3
200 201 1
149 206 0
152 270 3
169 171 0
116 174 3
123 181 0
128 185 3
128 186 3
134 191 3
199 200 3
213 270 3
171 221 3
169 227 3
170 171 3
117 174 3
121 179 2
124 181 0
260 261 3
171 227 1
119 177 3
119 179 3
179 180 3
180 181 3
185 186 3
131 188 3
131 189 3
132 189 3
143 260 0
261 319 3
204 319 0
147 206 2
206 207 3
207 265 3
118 177 0
177 178 2
126 185 3
188 189 3
133 189 2
134 250 3
260 319 3
174 175 3
178 179 3
186 188 3
193 250 3
195 196 3
196 254 3
198 199 3
181 182 3
126 182 0
193 252 3
135 252 3
194 252 2
94 152 3
216 387 3
147 263 0
206 263 0
118 234 3
177 234 1
189 191 3
191 250 3
201 260 0
216 272 3
281 337 0
182 241 3
175 234 3
189 248 3
213 272 3
282 341 0
126 241 0
204 263 0
206 264 0
221 282 1
178 236 3
179 236 3
272 502 3
126 242 2
204 321 0
263 264 3
241 242 3
185 242 2
188 246 2
189 246 3
191 248 3
195 252 3
196 253 3
196 255 1
209 268 3
195 253 3
254 255 1
319 321 3
206 265 0
209 267 3
152 268 3
152 269 3
213 329 3
177 235 1
178 235 3
179 237 3
180 238 3
186 245 3
267 268 3
269 270 3
272 329 3
174 233 0
175 233 0
191 249 3
200 258 3
201 258 0
263 321 3
181 239 3
182 240 3
249 250 3
174 232 0
180 237 3
180 239 3
185 243 3
264 265 3
232 233 3
235 236 3
238 239 3
182 239 3
186 243 3
248 249 3
199 258 3
237 238 3
242 243 3
252 253 3
268 269 3
236 237 3
239 240 3
240 241 3
186 244 3
188 245 3
233 234 1
245 246 3
270 329 3
246 305 3
198 255 3
171 344 1
243 244 3
189 305 2
318 321 3
272 445 3
445 502 3
171 287 1
250 309 3
193 309 3
198 315 3
258 260 3
287 344 1
199 315 3
394 445 3
244 245 3
196 312 3
255 312 0
258 315 3
265 324 3
209 265 3
196 311 3
209 324 3
252 309 3
240 299 3
248 305 3
255 315 3
236 294 3
270 328 3
278 337 3
241 299 3
267 324 3
171 402 1
233 291 3
235 294 3
328 329 3
252 311 3
253 311 3
269 327 3
237 294 3
237 296 3
248 306 3
249 306 3
250 308 3
260 318 3
267 325 3
268 326 3
270 327 3
239 297 3
308 309 3
255 372 3
267 326 3
238 297 3
245 361 3
246 304 3
304 305 3
249 307 3
252 310 3
258 316 3
324 325 3
326 327 3
327 328 3
232 290 1
305 306 3
307 308 3
260 316 3
238 296 3
244 302 3
245 302 3
306 307 3
310 311 3
312 372 3
318 319 3
264 321 3
264 323 3
265 323 3
325 326 3
233 290 1
237 295 3
323 324 3
290 291 0
295 296 3
296 297 3
302 361 3
309 310 3
311 312 3
315 372 3
258 374 3
272 330 3
294 295 3
315 374 3
316 374 3
329 330 3
240 297 3
299 356 3
241 358 3
242 358 3
337 394 3
297 299 3
299 358 3
243 302 3
221 337 1
234 291 0
177 351 1
297 356 3
302 359 3
177 294 1
243 359 1
330 445 3
242 359 3
388 445 3
246 361 3
234 350 3
260 376 3
318 376 3
291 350 1
294 351 3
297 355 3
304 361 3
316 375 3
260 375 3
318 377 3
221 632 3
171 632 3
375 376 3
295 353 3
312 371 3
315 373 3
295 352 3
302 360 3
321 377 3
234 351 0
352 353 3
358 359 3
359 360 3
350 351 0
294 352 3
311 369 3
321 379 3
305 363 3
307 365 3
310 368 3
310 369 3
371 372 3
264 379 3
328 330 3
296 354 3
296 355 3
356 357 3
299 357 3
306 364 3
308 365 3
308 366 3
309 368 3
311 370 3
312 370 3
323 379 3
324 381 3
328 386 3
388 394 3
290 348 3
291 349 2
351 352 3
295 354 3
355 356 3
304 362 3
305 364 3
306 365 3
309 366 3
309 367 3
370 371 3
372 373 3
323 381 3
324 382 3
325 383 3
326 384 3
327 384 3
327 385 3
330 386 3
348 349 0
349 350 1
357 358 3
361 362 3
305 362 3
364 365 3
365 366 3
366 367 3
367 368 3
369 370 3
377 379 3
325 382 3
383 384 3
385 386 3
363 364 3
368 369 3
384 385 3
374 375 3
381 382 3
353 354 3
360 361 3
362 363 3
379 381 3
382 383 3
373 374 3
337 620 0
376 377 3
377 436 3
379 437 3
350 409 0
351 409 3
386 444 3
330 444 3
361 419 3
362 419 3
379 436 3
349 407 1
353 411 3
368 426 3
381 437 3
381 440 3
382 440 3
350 407 3
352 411 3
369 426 3
394 620 0
354 355 3
360 419 3
356 414 3
357 414 3
358 416 3
363 421 3
364 421 3
369 428 3
370 428 3
370 429 3
371 429 3
354 412 3
355 412 3
357 416 3
360 418 3
372 430 3
373 430 3
359 416 3
359 417 3
359 418 3
418 419 3
367 426 3
357 415 3
417 418 3
365 423 3
366 423 3
366 482 3
384 443 3
385 443 3
348 406 3
350 408 3
352 410 3
354 411 3
415 416 3
362 421 3
364 422 3
364 423 3
375 432 3
382 441 3
383 441 3
384 442 3
385 444 3
406 407 1
407 408 3
408 409 0
355 413 3
355 414 3
414 415 3
416 417 3
362 420 3
421 422 3
369 427 1
373 431 3
374 432 3
375 433 3
436 437 3
441 442 3
442 443 3
221 620 3
352 409 3
410 411 3
419 420 3
422 423 3
426 427 1
427 428 0
372 429 3
430 431 3
374 431 3
432 433 3
443 444 3
330 560 3
171 576 1
409 410 3
413 414 3
376 433 3
381 495 3
440 441 3
444 560 3
420 421 3
367 482 3
431 432 3
437 495 3
445 560 3
576 632 0
367 425 3
429 430 3
495 496 3
441 499 3
355 471 3
423 482 3
425 426 3
428 429 3
381 497 3
440 497 3
412 471 3
425 482 3
377 433 3
411 412 3
413 471 3
495 497 3
171 577 0
437 494 3
496 497 3
388 509 1
436 494 3
443 501 3
394 509 1
576 577 0
388 620 3
426 485 1
427 485 3
494 495 3
442 500 3
420 478 2
431 433 3
440 498 3
443 500 3
417 475 3
418 475 3
419 478 3
429 487 3
411 469 3
428 487 3
497 498 3
500 501 3
409 467 3
412 469 3
433 436 3
436 551 2
410 467 3
421 478 2
433 551 2
408 467 0
469 471 3
494 551 2
440 499 3
444 501 3
406 464 2
408 466 2
410 469 3
414 471 3
415 473 3
415 474 3
416 474 3
418 476 2
419 476 2
421 480 3
422 480 3
425 483 3
426 483 3
430 488 2
498 499 3
407 464 0
466 467 0
414 473 3
416 475 3
478 479 3
421 479 3
423 481 3
428 486 1
431 488 2
441 500 3
407 465 2
408 465 2
474 475 3
475 476 3
479 480 3
480 481 3
481 482 3
427 486 3
486 487 0
410 468 3
419 477 2
477 478 3
485 486 3
499 500 3
473 474 3
430 487 3
487 488 3
465 466 3
431 489 1
464 465 1
467 468 3
468 469 3
476 477 3
433 489 1
433 548 1
501 560 3
488 489 3
433 549 1
433 550 1
221 569 3
569 620 3
514 569 3
489 548 3
548 549 3
549 550 3
471 473 3
483 485 1
468 526 1
469 528 1
471 528 1
471 529 1
482 483 3
550 551 0
469 527 1
487 545 1
468 527 1
527 528 3
528 529 3
471 531 1
473 531 1
486 545 3
526 527 3
529 531 3
474 532 1
475 533 1
482 540 3
483 542 1
485 542 1
494 552 2
473 532 1
474 533 1
476 533 3
479 481 3
483 540 3
485 543 1
551 552 3
532 533 3
476 534 3
486 543 1
488 545 3
465 524 2
466 524 2
467 524 1
530 531 3
529 530 3
533 534 3
477 534 3
481 540 3
496 554 2
497 554 2
531 532 3
478 534 3
478 481 3
497 555 2
498 555 2
632 633 3
543 601 0
486 544 1
488 546 3
576 633 0
577 579 1
467 526 1
544 545 0
489 546 3
489 547 3
495 554 2
543 544 3
547 548 3
554 555 3
495 552 2
495 553 2
553 554 3
464 522 1
542 543 1
620 629 1
569 629 1
465 522 2
465 523 2
524 526 3
481 539 2
539 540 0
545 546 3
522 523 3
523 524 3
481 595 3
552 553 3
498 556 3
498 500 3
478 595 3
539 595 3
569 632 3
483 601 0
542 601 0
555 556 3
540 601 0
498 616 3
500 616 3
540 599 2
546 547 3
556 616 3
501 616 3
534 595 3
593 595 3
599 601 0
524 583 3
534 592 1
592 595 3
592 593 3
445 562 3
526 583 3
601 602 3
543 602 0
551 610 3
560 616 3
544 602 0
552 610 3
577 636 1
522 580 3
533 591 1
534 591 1
577 635 1
556 615 3
576 635 0
529 587 3
532 590 1
533 590 1
591 592 3
539 597 3
540 597 1
547 605 3
555 615 3
615 616 3
560 561 3
560 562 3
530 588 3
531 588 2
531 590 1
546 604 3
546 605 3
388 683 1
590 591 3
544 603 0
545 604 2
551 608 3
552 611 3
553 611 3
555 613 3
561 562 3
620 683 1
577 637 1
579 637 0
593 594 3
545 603 3
604 605 3
608 610 3
554 613 3
504 613 1
636 637 3
528 587 3
548 605 3
548 606 3
550 608 2
554 612 2
635 636 1
523 580 3
588 590 1
549 606 3
610 611 3
504 561 3
539 596 3
540 598 2
598 599 3
605 606 3
612 613 1
523 581 3
529 588 3
595 596 3
603 604 3
614 615 3
561 616 3
524 581 3
528 585 3
597 598 0
611 612 0
504 614 1
504 616 2
561 565 3
569 633 3
527 585 3
602 603 0
526 585 3
585 587 3
594 595 3
549 607 3
613 615 3
583 585 3
549 608 3
504 615 1
633 635 1
580 581 3
581 583 1
588 647 2
590 647 0
590 648 0
606 607 3
504 612 2
587 588 3
591 648 2
594 596 3
607 608 3
613 614 3
583 642 0
585 642 0
610 667 3
608 667 3
562 565 3
647 648 3
504 565 3
569 630 1
585 643 0
603 660 1
635 692 0
596 597 3
602 660 1
610 668 3
611 668 3
565 620 3
565 629 1
569 689 1
633 692 3
585 644 3
611 669 3
445 683 1
565 686 1
642 643 3
643 644 3
598 657 3
599 657 3
612 669 1
612 670 1
565 683 1
633 690 1
581 640 3
583 640 0
587 644 3
592 650 2
601 659 3
602 659 3
569 690 1
636 694 0
592 651 2
659 660 1
668 669 3
583 641 0
591 649 2
592 649 2
593 651 3
597 654 3
603 662 3
604 662 3
607 665 3
608 666 3
667 668 3
629 687 1
635 693 3
637 694 0
641 642 3
650 651 3
594 651 3
596 654 3
597 655 3
660 661 0
603 661 3
605 662 3
606 664 3
665 666 3
666 667 3
504 670 1
569 687 1
580 638 3
581 639 3
648 649 3
598 655 2
599 658 3
601 658 1
661 662 3
445 618 3
633 691 1
692 693 1
693 694 1
637 695 0
638 639 3
649 650 3
598 656 2
669 670 3
690 691 2
691 692 0
694 695 0
639 640 3
596 653 3
655 656 3
656 657 3
605 664 3
618 683 1
687 688 1
640 641 3
587 645 2
657 658 3
644 645 2
588 645 2
607 664 3
653 654 3
658 659 0
664 665 3
654 655 3
445 565 3
565 687 1
630 687 2
662 664 3
565 618 3
630 688 1
569 688 1
594 710 3
662 721 3
664 721 3
645 647 3
651 710 3
594 653 3
645 704 3
647 704 3
653 710 3
648 706 3
649 706 3
660 718 1
647 706 3
653 711 3
658 717 2
659 717 1
661 718 3
692 750 1
644 702 2
654 711 3
691 750 1
693 750 3
643 702 3
645 702 3
655 714 3
656 714 3
660 717 1
668 726 3
669 727 3
657 715 2
658 715 2
658 716 2
667 726 3
668 727 3
688 689 3
638 696 3
641 699 3
642 699 3
650 710 3
656 715 3
716 717 3
717 718 3
661 720 3
662 720 3
665 724 3
666 724 3
666 725 3
667 725 3
689 747 1
693 751 3
639 696 3
643 700 3
643 701 3
647 705 3
654 712 3
655 712 3
715 716 2
664 723 3
665 723 3
569 747 1
750 751 3
694 751 0
640 698 3
642 700 3
649 708 3
710 711 3
721 722 3
664 722 3
725 726 3
504 729 1
694 752 0
695 753 3
641 698 3
699 700 3
701 702 3
645 703 3
706 708 3
649 710 3
661 778 3
722 723 3
751 752 3
752 753 3
639 697 2
640 697 3
698 699 3
700 701 3
705 706 3
708 710 3
723 724 3
697 698 3
711 712 3
720 778 3
724 725 3
702 703 3
703 704 3
704 705 3
718 778 3
720 721 3
726 727 3
670 727 3
696 697 3
707 708 3
714 715 2
569 691 2
706 707 3
712 714 3
670 729 3
569 750 1
727 729 3
718 775 3
698 756 3
699 756 3
717 775 3
710 767 3
710 768 3
711 768 3
721 779 3
708 767 3
721 837 2
697 756 3
722 837 2
705 764 3
706 764 3
767 768 3
712 772 3
714 772 3
715 772 2
722 781 3
723 781 3
750 810 1
751 810 1
706 765 3
727 786 3
700 758 2
704 762 1
705 762 1
711 769 3
729 786 3
699 757 3
701 759 2
702 759 2
702 760 1
764 765 3
707 765 3
768 769 3
712 769 3
718 776 3
720 779 3
779 837 0
726 784 1
752 810 1
696 754 2
697 755 2
756 757 3
701 758 2
759 760 1
765 767 3
772 830 3
723 782 2
724 782 2
725 783 2
725 784 2
727 784 1
753 811 1
754 755 3
702 761 1
703 761 1
708 765 3
716 774 3
716 775 3
782 783 3
783 784 2
727 785 3
810 811 3
755 756 3
700 757 3
758 759 3
715 773 3
716 773 3
774 775 3
775 776 3
781 782 0
784 785 1
569 749 3
749 750 1
757 758 0
760 761 3
769 770 3
712 770 3
770 772 3
703 762 1
770 830 3
778 779 3
772 773 3
773 774 3
776 778 3
781 837 3
785 786 3
705 821 3
762 821 3
765 824 3
767 824 3
504 566 3
786 845 3
729 845 3
565 566 3
764 821 3
761 762 3
504 845 1
504 847 1
765 823 3
767 825 3
776 835 3
778 835 3
781 839 0
782 839 1
749 810 1
764 823 3
768 770 3
779 836 3
837 838 3
781 838 3
778 836 3
774 832 3
776 834 3
756 814 1
757 814 1
759 817 1
761 819 3
764 822 3
773 832 3
775 834 3
755 814 2
758 816 1
758 817 1
770 826 3
760 818 3
761 818 3
762 819 3
821 822 3
822 823 3
768 825 3
768 826 3
774 834 3
760 817 3
823 824 3
782 840 1
754 812 2
755 813 2
839 840 1
783 841 1
784 841 1
784 842 1
785 843 3
566 860 1
812 813 3
813 814 3
757 815 1
824 825 3
840 841 0
841 842 1
842 843 0
565 569 3
814 815 1
815 816 3
825 826 3
773 830 3
834 835 3
838 839 0
816 817 3
770 827 3
836 837 0
786 843 3
569 977 1
818 819 3
819 821 3
835 836 3
565 977 1
810 869 1
811 869 1
826 827 3
847 904 2
817 818 3
832 834 0
504 904 1
843 845 3
773 888 3
830 887 3
830 888 3
832 888 3
845 904 3
818 876 3
770 887 3
815 874 3
816 874 3
887 888 3
837 895 1
822 880 3
827 887 3
836 895 1
749 977 1
821 878 3
832 891 3
819 878 2
819 877 3
826 883 3
827 886 3
818 875 3
877 878 3
823 880 3
823 881 2
824 881 2
825 883 3
817 875 3
827 885 3
886 887 3
834 891 1
838 895 1
843 902 1
845 902 3
814 872 1
815 872 2
826 885 3
834 893 3
835 893 3
749 869 1
836 893 3
839 897 1
840 897 1
843 901 1
812 870 1
813 871 1
817 874 3
821 880 3
824 882 3
883 884 2
826 884 3
834 892 0
836 894 1
838 897 1
840 898 1
841 899 1
842 900 3
870 871 3
871 872 3
878 880 3
882 883 3
832 890 3
890 891 3
893 894 1
894 895 3
838 896 1
897 898 3
898 899 3
842 899 1
900 901 3
566 977 1
873 874 3
875 876 3
819 876 2
880 881 2
881 882 1
891 892 0
892 893 1
896 897 3
899 900 0
884 885 3
885 886 3
888 890 3
815 873 3
876 877 1
901 902 3
902 904 3
895 896 1
504 905 1
874 875 3
904 905 3
566 905 1
888 946 3
749 1040 1
869 1040 0
872 873 3
887 946 3
888 947 3
877 936 3
878 936 3
887 945 3
890 947 3
874 933 2
876 934 1
881 939 1
886 945 3
875 933 1
880 938 3
880 939 3
874 931 2
878 937 3
938 939 3
885 943 1
886 943 3
945 946 3
902 961 0
904 961 0
873 931 3
880 937 3
882 941 1
883 941 1
884 941 1
891 949 0
892 949 3
895 953 0
904 963 3
871 929 0
874 932 3
876 933 1
877 934 3
935 936 3
882 940 1
884 942 1
890 949 0
894 953 0
896 953 0
898 956 0
901 959 0
902 959 0
905 963 3
870 928 0
872 929 0
931 932 2
934 935 3
937 938 3
881 940 1
940 941 3
885 942 1
892 950 3
893 951 0
894 952 0
896 955 0
897 955 0
898 955 0
899 956 0
899 957 0
900 958 0
902 960 0
566 963 1
928 929 3
932 933 1
941 942 3
890 948 0
949 950 3
950 951 3
951 952 3
952 953 3
896 954 0
955 956 3
957 958 3
958 959 3
959 960 3
960 961 1
933 934 3
953 954 3
956 957 3
942 943 3
947 948 0
948 949 3
954 955 3
961 963 1
872 931 2
886 1002 3
946 947 3
936 937 3
943 1002 3
945 1002 3
872 988 3
931 988 3
931 990 3
932 990 1
963 1020 3
929 988 1
939 940 3
566 1021 1
961 1020 1
963 1021 3
946 1004 3
933 990 2
947 1004 3
937 995 3
949 1007 1
1020 1021 3
931 989 3
935 993 3
935 994 3
936 994 3
940 998 3
945 1003 3
945 1004 3
947 1005 3
948 1006 1
950 1007 1
989 990 3
933 991 3
934 991 3
934 993 3
993 994 3
938 996 0
939 998 3
941 999 3
942 1000 3
948 1005 1
949 1006 1
928 986 1
929 987 1
988 989 3
939 997 0
997 998 1
941 998 3
942 999 3
943 1000 3
943 1001 3
1003 1004 3
950 1008 3
951 1009 3
952 1010 3
953 1011 3
954 1012 3
955 1013 3
956 1014 3
957 1015 3
958 1016 3
959 1017 3
960 1018 3
961 1019 0
986 987 0
987 988 1
936 995 3
937 996 0
996 997 3
998 999 3
1000 1001 3
1001 1002 3
1004 1005 3
1006 1007 3
1007 1008 0
1008 1009 3
1009 1010 3
1010 1011 3
1011 1012 3
1012 1013 3
1013 1014 3
1014 1015 3
1015 1016 3
1016 1017 3
1017 1018 3
1018 1019 3
994 995 3
1005 1006 3
1019 1020 1
995 996 0
1002 1003 3
990 991 3
999 1000 3
