0.00417541 0.0158003 33.3963
-0.000619131 0.0217084 33.4787
-0.0537679 -0.0997834 36.7376
-0.0261099 -0.109971 22.1663
-0.00545693 -0.0897877 19.3124
0.0130779 -0.102008 17.8765
-0.014436 -0.104368 21.2875
0.00669075 -0.0981837 18.3548
0.0276284 -0.131325 15.2071
-0.106561 0.0941864 42.9207
0.0116245 -0.132471 19.7524
-0.0127691 0.205246 23.2142
-0.034652 -0.0664242 30.8001
-0.0516521 -0.0512378 35.3795
-0.0580419 0.0501873 35.938
-0.0835576 0.00826219 43.0048
-0.0657759 0.00671695 37.0981
0.665141 -0.167676 -240.308
0.2599 0.00118997 -89.5253
-0.21989 0.0594439 106.604
0.0977922 0.0232297 -31.7358
-0.160807 -0.0244141 88.5592
0.113516 0.00985443 -34.6027
-0.0779918 0.215536 47.6028
-0.0607414 -0.270305 47.388
-0.105408 -0.12108 72.3249
-0.0781902 -0.198299 56.7962
-0.0647091 -0.270916 49.6285
-0.08935 -0.0356211 61.3764
0.0363634 0.136538 -17.1197
0.0281938 -0.164465 -8.89893
0.0299391 -0.0956397 -10.9596
0.0319863 -0.0747424 -13.3088
0.0487348 -0.0769672 -24.5999
0.0146062 -0.109143 0.710586
-0.0207275 -0.0873363 22.926
-0.0358735 -0.0707099 34.6347
-0.0183422 -0.0393683 19.4644
0.00911458 0.0602214 -4.44043
-0.0134716 -0.0337533 14.9701
-0.0248953 0.130668 24.0802
0 0.0779154 3.43296
-0.0329186 0.0982716 33.0303
0.152214 0.0507871 -131.737
-0.0133694 0.0406582 24.5074
0.246094 0.078125 -156.184
0 0.116209 11.1107
-0.1385 -0.00795415 174.813
-0.0439168 0.0949469 138.891
-0.000262954 -0.0318063 13.4213
-0.000262954 -0.0318063 13.4213
-0.000262954 -0.0318063 13.4213
0 0.636517 2.50156
6.86072e-14 -0.0319661 13.1346
6.59351e-14 -0.0319661 13.1346
5.85828e-14 -0.0319661 13.1346
1.92173e-14 -0.0319661 13.1346
8.72156e-15 -0.0319661 13.1346
0.00742959 0.0153833 33.3325
0.0130743 0.00939837 33.3587
0.0262677 0.00618075 33.1608
0.554606 0.0802283 -20.546
0.038465 -0.170194 17.3458
0.0171281 -0.106446 18.0453
-0.00510847 -0.0450699 18.8812
0.00205574 -0.0916859 19.5748
-0.0192876 -0.099522 23.7157
0.010133 -0.132402 18.7649
0.0139579 -0.152716 18.8073
0.0260618 -0.192038 17.3374
0.0158965 -0.137651 18.7074
0.0255248 -0.137323 15.9509
-0.0677965 -0.0419823 40.1849
-0.0716528 -0.0128678 40.1178
-0.0420087 -0.0147181 29.5394
-0.0383545 -0.024727 28.4766
0.0369177 0.0539546 -2.48641
0.0699107 -0.0367276 -17.8472
0.0633114 -0.0166529 -16.4393
-0.0467835 -0.0404091 29.5965
-0.0233749 -0.0347084 17.7845
0.571932 0.407013 -290.625
-0.465488 0.111016 250.907
0.0556663 -0.0765991 -14.1748
0.0340017 0.291828 -23.8681
0.0359322 -0.156635 1.63314
0.0422122 -0.0600367 -20.5113
0.086472 0.0502741 -52.8072
0.0246584 -0.0590448 -8.35795
0.016128 -0.076938 -2.63397
0.0154674 -0.0678272 -2.59704
0.069424 0.228059 -56.3363
-0.0300451 -0.0487548 28.8466
-0.0134907 -0.0584741 16.0797
-0.0163197 -0.0217557 16.9155
-0.0126668 -0.0342331 14.2965
0.00149527 -0.0198166 2.2016
0.00552406 -0.00638838 -1.39077
-0.000441062 -0.0144253 3.73722
-0.0694202 -0.413243 87.9144
-0.003662 -0.0215105 7.59861
0.00730416 -0.000287351 -3.25066
0 -0.153487 16.1369
0.0207411 0.126791 67.2857
0.0296197 0.108577 58.8792
-0.0036957 -0.545907 32.4792
-0.0360357 0.0774034 131.15
-0.0490828 0.0942359 144.316
0.0142479 -0.151827 84.3049
0.0903987 -0.0350347 -4.11692
6.34131e-07 0.152854 90.685
-0.0647783 -0.0813779 172.7
0.24805 0.090005 -231.151
0.244351 0.0760393 -226.175
-0.0066717 -0.155844 108.146
0.0414715 -0.14642 48.3884
-0.00299252 0.0192991 33.2802
-0.00614501 0.0162094 33.5097
0.00311172 3.9029e-05 34.4357
0.0730012 -0.116844 9.88033
0.133275 -0.145834 7.20889
0.062819 -0.208718 15.753
0.0318032 -0.0850495 14.9134
0.00783048 -0.0978005 19.2741
-0.0440861 -0.0636403 26.8469
-0.00514361 -0.103989 20.336
0.0124474 -0.177852 21.2816
0.00699424 -0.167843 21.0425
0.00642793 -0.176697 21.8775
-0.00200933 -0.184389 25.1003
0.000234797 -0.165854 24.1294
-0.0189085 -0.126998 27.5643
-0.0319585 -0.0772963 29.5138
-0.0542497 -0.0896984 37.303
0.0630935 0.0154026 -18.0299
0.0687908 -0.0524258 -16.6629
0.0846597 -0.0468022 -23.9776
0.087343 -0.163892 -17.4512
-0.0224273 -0.0325015 17.053
0.428657 -0.146699 -199.066
-0.0468722 -0.153319 46.6974
-0.0305815 -0.169323 37.6535
0.0602073 -0.126231 -14.3508
0.0381156 -0.129538 -0.807945
-0.0532937 -0.0137287 37.6369
0.108072 0.0303922 -67.1348
-0.0145955 -0.0298351 24.9483
0.0127833 -0.0295119 6.22891
0.0642259 -0.0317956 -28.5391
0.0336292 -0.0427892 -6.05285
-0.0135457 -0.0317578 14.6903
0 0 -1
-0.00737987 -0.0163329 9.78287
-0.00731489 -0.0181366 9.89665
-0.00527768 -0.0141726 8.03956
-0.010926 -0.018578 12.9382
0.00800221 -0.0154434 -3.52144
0.00344946 -0.0307276 2.08146
0.0051257 0.0102012 -1.13065
-0.000212882 -0.0155371 5.04603
0.0202751 0.250358 -29.2336
0.0281614 0.0138477 -23.604
0.00789832 0.0111612 -4.95856
0.00499918 0.0126479 -2.09725
0.0775727 -0.0599917 -37.5637
0.0679828 -0.180304 -19.4147
0.000735453 0.227496 -10.4854
-0.0700745 0.567437 51.3732
0 0.22745 -9.67876
-0.141863 0.368248 166.43
0.00808282 0.0199552 -6.37097
0.0109353 0.0243829 -9.91638
0.00208104 -0.00150265 0.295727
0.00462401 0.0145153 -1.82771
0.000733313 0.0223331 33.0608
0.00157823 0.00737648 34.3086
-0.170726 -0.0113619 43.9953
0.108228 -0.0861889 5.63865
-0.00161568 0.0106998 8.17112
0.00450113 0.00693407 7.62986
-0.0220351 -0.0167631 13.5119
-0.0268711 -0.0141114 14.3434
-0.0186296 0.00936992 10.6456
0.0386375 -0.0955589 8.80007
0.0140792 -0.205169 22.5593
0.026176 -0.166093 16.2972
0.00322011 -0.176294 23.6194
-0.0277465 -0.163697 30.8617
-0.0124775 -0.190084 28.0784
0.00968107 -0.161709 18.8546
-0.0179976 -0.109474 25.539
-0.00980635 -0.0197734 14.0823
0.0688167 0.0442129 -22.2944
0.00975477 -0.00953236 5.65605
0.10219 -0.0977486 -28.842
-0.031679 -0.0377733 22.2683
-0.0205066 -0.0171289 14.6305
-0.0890823 -0.17506 70.415
-0.0608185 -0.142674 53.3434
-0.0681768 -0.119438 55.0497
-0.0834187 -0.0947973 60.966
0.0132079 -0.116269 13.6136
0.020599 -0.127066 9.9394
-0.255055 0.0393631 172.603
-0.0430167 -0.0726159 46.3605
-0.0218152 -0.0620073 31.7621
-0.182725 -0.0485241 141.62
-0.0930421 -0.0546584 75.6116
-0.0139599 -0.0324463 15.613
0.00354731 -0.00760612 0.818519
-0.0183087 -8.27669e-05 17.333
-0.0174172 -0.0172521 18.2018
-0.00964681 -0.0200734 11.8536
-0.00266638 -0.0215906 6.26138
0.00668297 -0.00952725 -2.51709
0.0205057 -0.0217871 -14.0955
0.0239148 -0.0103369 -17.5397
0.00317873 -0.00911541 0.827146
0.0223355 0.0587799 -23.8374
-0.488281 -0.417969 517.572
0.22161 0.0420577 -217.732
0.00916804 0.0161426 -7.02234
0.0577623 -0.169458 -9.29074
-0.171033 0.0921529 202.175
0.00669643 0.106864 12.8834
-0.0194713 0.0219705 48.9957
-0.0191672 0.0251302 48.8377
-0.139613 0.364159 164.022
0.0273425 0.213338 -18.5089
-0.00396772 0.251816 15.6179
-0.00668824 0.25354 18.7318
-0.00668824 0.25354 18.7318
0.0271166 -0.0439226 11.1346
0.0269533 -0.0439338 11.1418
-0.0663189 0.00298001 37.38
0.0248603 0.0649283 1.13256
0.00222456 0.0510902 3.96321
-0.0170095 0.0234957 9.40378
-0.0207244 0.00816085 11.6882
-0.0322449 0.0118489 12.8822
-0.00630948 0.0395005 6.17311
-0.0446189 0.0725483 9.87934
-0.030373 0.0129058 13.5097
0.0405009 -0.10038 6.78314
0.0318743 -0.111338 8.67983
-0.0202198 -0.0880234 20.7753
0.0224992 -0.0181156 0.950735
0.086201 -0.0123076 -20.6338
0.0178266 -0.0140481 3.39893
-0.0138083 0.00987301 12.8927
0.00866744 0.00253276 4.75279
-0.0497123 -0.00642031 29.8914
-0.0593619 -0.0222068 35.1503
-0.0597488 -0.0140755 33.8133
-0.0176221 -0.0618585 17.261
-0.0576585 -0.127279 50.3302
-0.0613792 -0.12339 51.0405
-0.0259763 -0.104365 29.7395
-0.0431571 -0.076385 36.8793
-0.0350346 -0.025035 26.4759
-0.0162016 -0.032567 15.5419
0.0293587 -0.0345882 -12.8662
0.00749161 -0.0109381 -1.12737
-0.00590017 -0.027734 9.35628
-0.00719988 -0.0154794 9.15567
-0.00737106 -0.00549228 8.25504
0.013775 0.0125966 -8.50308
0.00242959 -0.00983954 2.66604
-0.00143501 0.00812289 3.47787
-0.0181282 -0.00448033 17.5983
-0.0148729 -0.0104208 15.3733
-0.0042742 -0.0134973 6.82308
0.0055342 -0.0104065 -1.93853
0.0133683 -0.00778997 -8.7687
0.00937877 -0.0122862 -4.82464
0.0464844 -1.99935 134.196
0.00685075 0.0114523 -3.55858
0.0636475 0.0336394 -62.9491
0.103106 0.0591186 -103.43
0.0184364 0.00408972 -14.3327
-0.0112249 -0.00378847 16.7535
-0.103552 0.260853 112.744
-0.0973295 -0.0775153 143.306
0.0158784 -0.0213051 12.8825
-0.030823 0.59642 2.93644
0.429184 0.333852 -502.672
-0.130663 -0.0386083 187.864
0.775078 0.00111887 -902.02
0.424783 0.360033 -449.04
0.169349 0.691951 -170.408
0.380187 0.0155893 4.68569
0.0472482 -0.0533069 11.6481
-0.0981317 0.0050306 38.8794
0.0264207 0.0716124 0.790102
0.00196501 0.0690911 3.39
-0.0483978 0.053258 9.98367
0.000342542 0.0287362 5.74028
0.00163501 0.0540699 3.01004
-0.00184264 0.0684795 2.13742
-0.0186568 0.0869115 3.39786
-0.0466116 0.0774422 10.0086
-0.0547335 0.0383384 17.9707
-0.0263901 0.0267991 10.3114
0.00017625 0.0121236 4.94583
0.033613 0.0356661 -8.27127
0.0412481 0.0317696 -10.1995
0.0182049 0.0121027 0.886702
-0.00221929 0.00704796 9.30367
0.00133141 0.00384065 7.81715
-0.0415445 -0.00541297 26.7092
-0.0742533 -0.00765083 40.5873
-0.0699095 -0.00315114 37.8437
-0.0134705 -0.00832658 10.6253
0.0045625 -0.0551341 7.7945
-0.00983549 -0.0671416 16.7883
-0.0587851 -0.102808 47.928
-0.0216624 -0.0381545 20.0274
-0.0301732 -0.041686 25.4887
-0.00546741 -0.0173551 7.39954
0.00873487 -0.0288423 -0.484748
0.00998507 -0.0207391 -1.40648
0.00345689 -0.0145623 2.01012
0.0060471 -0.0184555 0.346135
0.00162713 -0.00636722 1.92893
0.0132496 -0.00969597 -5.90692
-0.00515639 -0.0155569 8.87959
0.00174031 -0.0188655 4.07442
-0.0236192 -0.00454437 22.2906
-0.0138666 -0.00998839 14.8169
-0.00521752 -0.00394324 6.5168
0.00265942 -0.00301578 -0.315395
0.00745613 -0.0252322 -1.92382
-0.0010365 -0.0152139 4.47428
0.00326418 -0.00316832 0.604243
0 -0.00955146 1.91425
0.235151 0.050911 -235.647
0.145286 0.0382171 -144.234
0.11301 0.0779727 -114.505
0.241578 0.106379 -250.155
-0.106578 0.184018 124.003
-0.0104484 0.127354 4.19854
-0.055656 0.175516 49.8207
-0.102354 0.229339 96.0906
-0.109085 -0.0214708 160.743
-0.144865 0.0113231 198.889
-0.0992419 0.0407341 142.256
0.77441 -0.0142583 -899.605
0 -0.401123 84.2526
0.396087 0.0073403 5.73206
0.044299 0.285341 -32.1502
-0.0579136 -0.00283094 37.8701
0.0158824 0.0732232 1.25586
-0.0203321 0.0338332 10.0283
-0.0422937 0.0510719 9.33356
-0.0117284 0.0778423 1.90152
0.00735067 0.0484752 3.70183
-0.00392457 0.0571734 4.72915
-0.0185668 0.0388898 9.74789
-0.0268126 0.0661134 7.75438
-0.0521512 0.0303218 18.2829
-0.0369501 0.0347858 12.4828
0.0151798 0.0163278 -0.0460136
0.0238548 0.0425912 -5.74822
0.0459428 0.0407089 -12.2993
0.0122102 0.0248057 1.26682
-0.005816 -0.00595214 12.0996
-0.0236969 -0.0259846 21.6259
-0.055174 -0.0323364 36.0975
-0.0856889 -0.017491 46.9526
-0.0686186 -0.018879 39.1757
-0.0287491 -0.0031806 17.7162
-0.0182561 -0.0120608 13.9236
-0.0263779 -0.0560759 24.1592
-0.0246499 -0.0481642 22.905
-0.0240196 -0.0594013 24.5271
-0.0300347 -0.0308803 24.3994
-0.00786271 -0.0186064 9.0116
0.00051819 -0.0217313 4.51534
-0.00864133 -0.0247551 11.0187
0.00536572 -0.0217679 1.15842
0.0131406 -0.00908181 -5.80929
0.0085253 0.00600463 -4.7064
0.00888412 -0.00407967 -3.3491
0.00390425 -0.00448186 0.408293
-0.0115531 -0.00846166 13.1073
-0.0193506 -0.00941062 19.4359
-0.0141493 -0.00615765 14.7231
0.00789381 -0.0113241 -3.39379
0.0206648 0.00294956 -17.0043
0.00320229 -0.0173041 0.801784
0.0239088 -0.000362063 -19.6639
0.00726129 -0.00962645 -3.61176
0.0340441 0.0145763 -30.632
0.00557631 -0.0639471 8.85161
0.0810317 0.0296369 -78.1443
0.22602 0.0811728 -231.274
0.243949 0.170362 -260.108
0.100368 -0.0175745 -98.2787
0 -0.358131 62.6414
0.081809 0.033722 -85.1038
0.0865755 0.0891898 -98.3234
0.0847804 0.00155211 -84.1546
0.157362 0.0675222 -179.206
0.0194094 -0.0334662 -3.15615
0.0166865 -0.0383983 0.856646
0.0134746 -0.0382184 4.76405
0.377863 0.00071476 6.822
-0.0466106 -0.0231444 40.3763
-0.0450805 -7.99459e-06 36.6559
-0.0251196 0.0461484 8.75891
-0.0312171 0.0382005 10.3445
-0.0260166 0.0376138 9.73151
-0.00606564 0.0341132 7.90145
0.00176983 0.0363295 5.94231
-0.0124284 0.0309664 9.45678
-0.0211046 0.0303279 11.0725
-0.0291775 0.0410074 11.4801
-0.0721081 0.0441821 21.258
-0.0654919 0.0424362 19.4142
0.0229412 0.0618816 -8.43337
0.0238218 0.0286484 -3.4754
0.0195743 0.0191888 -0.426071
-0.00706514 0.0178085 9.21387
-0.0323682 0.00273744 20.4054
-0.024199 -0.00824111 18.3566
-0.0480124 -0.004049 28.8661
-0.0862952 -0.0226839 47.1976
-0.139742 -0.00163088 82.0144
-0.0295549 0.0139015 15.5909
-0.037583 -0.0134623 24.0179
-0.0292658 -0.0148249 20.1253
-0.0126079 -0.013781 10.9613
-0.00724522 -0.0379195 11.7998
0.0034973 -0.0056402 0.156087
-0.300781 -0.265625 224.531
0.000305197 0.0246479 -1.98565
0.00634931 -0.00656275 -1.98442
0.0186684 0.0158362 -13.4833
0.00990478 -0.0086569 -3.58151
0.00229278 -0.0102605 2.04027
0.0102478 -0.00625829 -4.09242
-0.000348762 -0.00485786 3.84357
-0.0176175 -0.00841584 17.9754
-0.0166644 -0.00590648 16.7212
-0.00532503 -0.00392225 6.64133
0.0182413 0.0050868 -15.5115
0.00966073 -0.00115604 -6.80183
0.00292489 -0.0162092 0.9201
0.0106102 -0.00674924 -7.41369
0.0168624 -0.0104405 -12.5215
0.0182552 -0.0113169 -13.5803
-0.00650288 0.0225224 59.5455
0.849282 0.592821 -936.76
0 0.106886 -7.24145
-0.00138927 0.107354 -5.86803
0.126599 -0.00244383 -128.285
0.1076 -0.000409605 -108.128
0.0327068 0.00635055 -27.7266
0.0267906 -0.0224978 -16.4623
0.0587559 0.0672802 -63.6996
0.195606 0.0719039 -224.689
-0.0025493 0.149271 -4.3944
-0.00295713 0.201372 -12.4391
-0.00647638 0.21354 -10.1931
0.377364 0.219474 -30.8991
0.0574064 0.243796 -10.7419
0.0413969 0.229263 -7.95485
-0.0294876 0.0427375 9.44071
-0.0332246 0.0367491 10.5956
-0.021105 0.0216999 11.7336
-0.00718973 0.0273087 9.02484
-0.00481027 0.0484574 4.92073
-0.00875007 0.0352832 7.93814
-0.014393 0.0532348 5.81101
-0.0187668 0.0382104 9.22549
-0.0398496 0.0706876 8.70092
-0.0524338 0.271812 -23.7152
-0.0625932 0.2466 -15.9443
-0.0375764 0.173658 -9.07311
-0.0365649 0.0904985 6.28488
-0.0203369 0.0433401 9.23532
-0.040467 0.110216 4.00442
-0.0285302 0.0370143 12.3145
-0.0633918 0.0487993 24.9881
-0.0649389 0.0457742 26.2499
-0.150622 0.00790517 85.4751
-0.144779 0.0255172 79.0997
-0.0358854 0.0496409 12.8455
-0.00145357 0.276994 -45.2789
-0.00833061 0.15086 -15.4442
-0.0169718 0.245176 -29.546
0.0302532 0.0191007 -8.2932
0.0250105 0.0161282 -4.49296
-0.775466 0.433766 421.03
0.00777912 0.0594197 -13.9394
0.0116735 0.0468135 -13.7687
0.0222088 0.034342 -19.822
0.00151711 0.00886206 -0.382428
0.00819865 0.0298928 -9.47364
-0.00244614 0.00411734 3.20753
-0.00120743 0.0190648 -0.188572
-0.00730074 0.0211918 3.84383
0.00787739 -0.00406608 -4.08227
-0.0107872 0.00864845 8.82137
0.008257 -0.014623 0.943746
0.00829579 0.00336208 -6.20023
0.00561674 -0.0100622 -1.22791
0.0481562 -0.0151349 -40.213
0.0133814 -0.0186941 -5.89997
0.124485 0.00913966 -106.893
0.136332 0.0132799 -119.352
0 0.0300297 -3.39952
0.00227575 -0.00345605 1.16749
0.150257 0.00673326 -155.048
0.00540549 -0.0154801 5.98401
0 -0.0085637 11.5147
-5.05867e-05 -0.0116582 11.9072
0.0051848 -0.0504644 13.04
0.879186 0.01989 -934.327
-2.75709e-07 0.212264 59.4967
-0.00467056 0.225722 62.7136
0.032851 0.137435 33.0069
0.0035406 -0.120736 62.6521
-0.00583597 -0.146883 68.6073
-0.0573687 -0.0805544 58.242
-0.0981563 -0.0215277 49.0175
-0.0823077 0.0123257 40.0694
-0.0779483 0.0562515 30.8229
-0.103785 -0.0104893 47.8167
-0.139775 0.00127288 51.517
-0.15426 0.00495807 53.4076
-0.128835 0.122951 23.9942
-0.0926361 0.0950434 22.3296
-0.0840413 0.20959 -2.67141
-0.0530431 0.221965 -13.3969
-0.0283413 0.257245 -27.5743
-0.0694334 0.113706 12.8449
-0.0192851 0.250958 -29.242
-0.0289662 0.243294 -24.9687
-0.0229631 0.338004 -45.8823
-0.0504448 0.106809 8.61072
-0.451582 -0.0462125 256.576
-0.280672 -0.022229 178.172
-0.286141 0.054799 173.704
-0.296531 0.0599665 177.667
-0.109611 0.185164 29.476
0.0027935 0.237577 -39.5047
-0.00538646 0.206615 -28.7558
0.00147481 0.2163 -34.7509
0.0344258 0.141059 -37.1723
0.0046889 0.0172138 7.59995
-0.0533268 0.255951 -9.62873
-0.0489928 0.34868 -31.9276
-0.0185959 0.387795 -59.9059
-0.036195 0.292006 -28.3361
-0.048323 0.242889 -9.52013
-0.024189 0.138042 -5.55617
-0.0420498 0.130026 9.89266
-0.0485285 0.088108 24.3868
-0.0420083 0.0550137 25.9112
-0.00498484 0.00802077 4.4425
-0.00483819 0.0110056 4.6098
0.00762891 0.0117796 -6.6878
0.0216011 -0.00765389 -16.8332
0.00916244 0.024959 -11.6446
0.0108879 0.00540113 -7.82947
0.00671289 -0.00653507 -0.289442
0.123438 -0.629427 19.1349
-0.00127858 -0.03541 11.1036
0.0228691 0.0145107 -21.4341
0.242638 -0.0112986 -250.39
0.101766 0.0447586 -110.288
0.0759792 0.0423465 -82.031
0.00821191 0.0178894 -2.95872
-0.0377509 0.00559723 50.6919
0.897868 -0.0160554 -949.373
0.77587 0.02961 -815.202
-0.0306231 0.270538 -17.2504
-5.83066e-05 0.450832 12.3851
0.1819 0.158928 -37.9348
-0.000712722 -0.110472 60.3148
-0.00557577 -0.110831 60.2521
0.00890626 -0.117822 61.6967
-0.107939 -0.0264244 51.0768
-0.0735326 0.0262583 36.209
-0.106498 -0.0232253 50.3814
-0.0967263 -0.109326 68.9084
-0.0997157 -0.0602165 57.1997
-0.074355 -0.0344929 47.2393
0.00214031 0.254844 -36.3864
-0.13288 0.0286028 53.2538
-0.0971413 -0.164943 86.5119
-0.0809281 -0.0177249 49.4799
0.00493122 0.170345 -18.2363
-0.0095794 0.258807 -34.5686
-0.0337607 0.235971 -21.0738
0.0152506 0.259283 -43.648
0.00497757 0.252644 -38.0083
0.0100852 0.524163 -106.105
0.0508404 0.446755 -105.116
0.00278545 0.567277 -109.679
0.742271 0.00481198 -340.217
0.74365 0.00240118 -340.276
-0.0356252 0.263278 -24.2408
-0.010784 0.284769 -42.2818
-0.0178221 0.255368 -31.9555
0.00752233 0.210512 -36.8749
-0.0210373 0.2142 -20.7866
-0.0211789 0.23348 -24.5495
-0.0146484 0.226323 -27.0025
-0.00433103 0.291333 -48.3341
-0.009623 0.331531 -54.2719
-0.149906 -0.376864 195.973
-0.0584394 0.252108 -4.27556
-0.0595542 0.194052 9.48646
-0.0347648 0.156728 -1.16597
-0.0241595 0.0760932 7.63471
-0.044626 0.0149817 37.1842
0.00985226 0.010589 -8.57956
-0.0155557 0.0435216 6.70406
0.0170821 0.0120127 -15.31
0.00555774 0.0154572 -5.98121
-0.00235969 0.00571695 3.7447
0 0.126123 -23.2925
0.0147377 -0.0728202 23.0924
0.318152 -0.10871 -270.136
0.0144079 0.15047 -43.3299
0 0.149691 -28.6229
-0.0551508 -0.175387 118.722
-0.0780362 -0.203734 149.183
-0.070841 -0.0086606 91.2688
-0.0268939 0.0632716 24.7664
0.019121 0.0263753 -19.2715
0.0347124 0.0222787 -36.3014
-0.0354978 0.262947 -9.85126
0.0644446 0.0159089 -56.9369
0.156375 0.256089 -183.304
0.158225 0.259189 -186.272
0.00179349 -0.0568393 47.5302
-0.0066548 -0.0364286 42.5596
-0.0141715 0.0445989 22.4657
-0.0371457 0.139547 0.413484
-0.0790601 0.136898 4.64554
-0.0290325 0.203456 -16.6992
-0.0820338 -0.0216118 45.3309
-0.014838 0.283094 -40.7923
0.00544008 0.318692 -53.199
0.0105851 0.270551 -42.0397
-0.00149461 0.236897 -30.751
0.0185088 0.28149 -47.4631
0.0364182 0.295745 -56.1331
0.0411508 0.27763 -54.3058
-0.00834731 0.302508 -45.3351
-0.0291518 0.266991 -30.0881
0.00366675 0.250302 -37.0155
-0.0172142 0.252693 -30.2816
0.0322829 0.273279 -54.9013
0.055132 0.425374 -101.647
0.0470501 0.465312 -107.73
0.743837 0.00365609 -340.661
0.366582 -0.427645 -45.4687
-0.0727581 0.242966 -0.140168
-0.0410699 0.244117 -16.3841
-0.0270953 0.198221 -12.1949
-0.0244782 0.227816 -21.0189
-0.0191314 0.216472 -21.4452
-0.0129905 0.266419 -37.6303
0.0372677 0.273776 -71.8149
0.0258606 0.287857 -66.8475
0.0433858 0.307487 -83.8402
0.0496578 0.247052 -71.968
0.0339125 0.250528 -61.8254
0.0626177 0.272354 -87.7679
-0.0628453 0.0442359 45.7083
0.0673906 0.214707 -94.3088
0.0960924 0.166464 -105.162
0.00327151 0.288504 -59.6388
0.0290091 0.136659 -44.7944
0.0720395 0.297677 -122.77
0.0682978 0.330771 -127.307
-0.0104334 0.457566 -87.6206
0.220836 -0.104918 -161.651
0.0605434 0.00264637 -42.4754
0.0827545 -0.0997935 -38.8963
0 0.0545533 4.69192
0.021588 0.0759124 -18.3088
0.0200676 0.0831324 -18.5277
-0.703338 0.112807 746.359
-0.156407 0.280235 120.94
-0.171786 0.172624 165.01
0.0951551 -0.207104 -44.7178
0.33397 -0.140558 -334.387
0.0347124 0.0222787 -36.3014
0.0567314 0.020536 -49.0075
-0.203107 0.147734 244.716
0.0525708 0.0257893 -45.3096
0.048106 0.00830748 30.1136
0.0698171 0.165174 -12.6282
0.0396316 0.175758 -13.5675
-0.017473 0.202251 -17.0133
-0.0210367 0.209075 -19.322
-0.00762618 0.245132 -30.2104
-0.0410944 0.308539 -42.8778
-0.0204473 0.271821 -35.3238
0.00136487 0.278989 -41.8753
0.0170322 0.293585 -48.6117
-0.00981933 0.278151 -38.8551
0.00219994 0.28258 -42.4276
-0.00909087 0.281865 -39.6223
-0.0307291 0.231908 -19.81
-0.0228932 0.2612 -29.6614
-0.0314399 0.224192 -18.7057
-0.00520381 0.21568 -24.4477
-0.0187988 0.206506 -17.2358
0.007061 0.223816 -32.3312
0.155152 0.197599 -85.619
-0.0672563 0.176283 16.6234
-0.097178 0.158696 35.1592
-0.104458 0.138381 44.1265
-0.081712 0.203483 15.4331
-0.0456736 0.196372 -1.33625
-0.0385931 0.186257 -2.74236
-0.0017054 0.147678 -13.1883
-0.0150055 0.180994 -14.8876
0.0140788 0.223763 -43.5034
0.0295568 0.276138 -67.0427
0.0565198 0.255048 -79.1869
0.0738177 0.268146 -94.063
0.0572508 0.291934 -89.1193
0.0501026 0.281719 -81.6157
-0.0101137 -0.297768 103.463
0.00621074 -0.258971 80.4556
-0.0109668 -0.295812 103.977
0.013718 -0.292233 83.2832
0.0115976 -0.153801 47.5549
0.0115976 -0.153801 47.5549
0.0115976 -0.153801 47.5549
-0.0116087 -0.0806259 48.085
0.00443503 -0.288079 89.3418
0.0183494 -0.285829 75.4739
0 -0.305403 97.9096
0.0149791 -0.0992707 27.9556
0 -0.237942 79.4838
0.00220067 -0.233501 75.9727
0.00220067 -0.233501 75.9727
-0.223179 0.220005 208.459
-0.0467715 0.388093 -26.8531
-0.074143 -0.138886 151.041
-0.000695702 -0.0411674 42.6765
0.0228691 0.0145107 -21.4341
0.0570069 0.0213982 -49.5167
0.0568213 0.0200445 -48.889
0.0540446 0.0228355 -46.3023
0.052816 0.025725 -45.5859
0.098967 0.4373 -90.5841
0.0949792 0.407098 -81.4646
0.0353765 0.264335 -38.1462
-0.013292 0.24321 -28.2184
0.0303157 -0.145003 75.2492
0.067727 -0.0549927 45.0811
-0.13785 -0.0194731 75.1642
-0.0882621 0.0335192 51.8007
-0.0582345 0.114597 22.29
-0.0456085 0.314247 -40.9793
-0.0292469 0.274113 -32.5578
-0.0191274 0.243462 -26.4543
-0.0117042 0.252115 -30.7117
-0.0263898 0.227646 -19.282
-0.0330637 0.197003 -9.48214
-0.00705532 0.189239 -16.9853
0.00799383 0.242157 -36.7822
-0.000157053 0.232934 -31.3731
-0.000246489 0.25745 -38.764
0.0260148 0.243127 -44.1157
-0.0904936 0.176413 26.7422
-0.101142 0.145501 40.2728
-0.070784 0.107193 37.0907
-0.0444761 0.116081 20.8883
-0.0469957 0.157706 10.3045
-0.0368434 0.151996 6.71928
-0.002471 0.0539239 12.8738
0.100196 0.0784602 -53.0361
0.0434108 -0.679264 191.752
0.0466505 -0.710782 199.014
0.22466 -0.706004 82.176
0.116582 0.235747 -114.791
0.107902 0.261927 -116.232
0.0487991 0.304329 -86.7798
0.263947 -0.21598 -81.9794
0.0437602 -0.128754 57.455
-0.00507291 0.369498 -66.4451
-0.00259729 0.373155 -69.4509
-0.000732387 0.374972 -71.4975
0.0046282 0.383375 -78.4835
0.00604823 0.385162 -80.2323
0.00307477 0.32769 -61.3118
0.0465414 0.502097 -153.049
-0.0295038 0.495349 -80.8105
0 0.519401 -115.515
0 0.673828 -160.04
-0.0235186 0.406621 -59.1741
-0.0284636 0.310299 -24.0456
0 0.0220424 26.6352
-0.0731191 0.557736 -47.7804
-0.0219619 0.549287 -100.45
-0.0110739 0.405587 -70.8684
0.0129031 0.423129 -103.669
0.0129485 0.423125 -103.721
0.0130549 0.423094 -103.836
0.0131982 0.423071 -103.999
0.0132609 0.42306 -104.071
0.0132609 0.42306 -104.071
0.102877 -0.153995 88.1753
0.108359 -0.134578 81.9136
0.131999 -0.10297 70.8819
-0.0663151 0.0938084 29.9283
-0.0771382 0.0817871 34.6285
-0.0977361 -0.0255795 70.8512
-0.0882476 -0.00347464 62.8078
-0.0418517 0.14275 9.86423
-0.0338705 0.298838 -40.0126
-0.0580949 0.272289 -26.5294
-0.0369413 0.270102 -29.6273
-0.0397411 0.233226 -17.8757
-0.0109575 0.183325 -9.92425
-0.069418 0.159739 12.5468
0.0245637 0.206345 -31.1715
0.038535 0.259034 -51.001
0.0186275 -0.0805144 63.7918
0.0441556 -0.050008 45.2874
0.00830838 0.289149 -51.7967
0.0196464 0.282946 -53.3827
-0.0111237 0.267804 -35.5064
-0.0377996 0.329272 -43.2148
-0.089492 0.113348 43.6389
-0.033342 0.112309 15.6322
-0.0122962 0.118904 3.28371
0.0840096 -0.0222632 -14.6361
0.104209 0.0162894 -37.2751
0.333635 0.00741364 -177.2
0.0876324 0.339353 -129.11
-0.052304 -0.157763 110.992
0.0662017 0.183657 -59.3723
0.122478 0.202945 -108.945
0.128272 0.297673 -141.378
0.0819934 0.305458 -111.151
0.0378891 0.311664 -81.6044
0.211361 -0.223992 -41.4199
0.00679485 0.366647 -74.9668
0.00452233 0.374127 -75.4933
0.00585241 0.381564 -78.9506
0.00825049 0.385969 -82.374
0.00369062 0.333366 -63.6235
0.00348168 0.328829 -62.0198
0.00945223 -0.275453 126.473
0.00486677 -0.284648 133.379
0.00692337 0.307767 -59.2061
0 0.290941 -47.1992
0 0.306393 -52.1167
-0.0284636 0.310299 -24.0456
0.0995534 -0.039861 144.47
0.0170075 -0.096144 248.722
0.00112854 -0.109938 270.395
0.00102108 -0.110052 270.55
-0.000939691 -0.111148 273.134
-0.000943668 -0.111148 273.138
-0.000959251 -0.111148 273.156
-0.000975204 -0.111148 273.175
-0.000981798 -0.111148 273.183
-0.000981798 -0.111148 273.183
-0.0155713 -0.0664998 79.2901
-0.0154143 -0.0664744 79.2721
-0.0143032 -0.0664631 79.2107
-0.0295006 0.0491042 41.4592
-0.106053 0.0652914 43.2041
-0.0962881 -0.00908922 66.0355
0.010283 -0.0479019 63.5076
-0.000587212 0.29607 -44.7629
-0.0357115 0.361166 -59.8527
-0.0635295 0.306544 -36.6132
-0.0472753 0.302609 -39.1787
-0.218147 -0.106003 135.956
-0.124157 0.174148 24.0898
-0.111057 0.129758 33.8619
0.0978074 0.20245 -53.0767
0.0645054 0.230765 -51.6846
-0.00129958 0.339699 -63.5155
-0.00608563 0.307874 -51.4096
-0.00772154 0.256313 -33.1973
-0.0187787 0.245541 -24.9522
0.00884498 0.257483 -39.8973
0.00573948 0.294003 -50.8191
-0.0262968 0.0171057 34.4299
-0.0450751 0.090598 29.0096
0.146704 -0.243861 48.5459
0.14818 -0.243345 47.5509
-0.0544116 0.0719826 69.3328
-0.0638592 0.0127391 94.3924
-0.0405042 -0.00370962 85.7385
-0.0289326 0.0112001 73.5991
0.0886512 0.191878 -77.0272
0.0969016 0.267508 -107.753
0.0693988 0.346529 -114.544
0.0355755 0.319422 -81.9116
0.0476917 0.30676 -86.791
0.0560195 0.28217 -84.7159
0.0314652 0.345542 -87.562
0.0168688 0.366468 -82.9575
0.0112461 0.377397 -82.0721
0.00966887 0.384831 -83.2291
-0.0108662 0.170054 9.96843
0.0259056 0.151794 -15.8192
0.000664466 -0.169772 112.317
0.257693 -0.179914 -72.8557
0 -0.252555 117.781
0 -0.252555 117.781
0 -0.252555 117.781
0 -0.252555 117.781
0.0965754 -0.0623978 154.606
-0.0514092 -0.0980154 120.251
-0.00350569 -0.115635 75.2126
0.00130686 -0.125125 73.0521
0.0013081 -0.125129 73.0523
0.00131351 -0.125137 73.0486
0.0013212 -0.125144 73.0422
0.00132768 -0.12515 73.0364
0.00133016 -0.125153 73.0343
0.00133016 -0.125153 73.0343
0 0 -1
0 0 -1
0.0400514 -0.0150195 58.4416
0.105765 0.0639765 25.7624
-0.208451 0.0802244 47.842
0.00219933 0.309186 -50.7466
-0.0205521 0.258328 -28.963
-0.00520349 0.154559 6.08106
-0.0285722 0.235889 -18.0691
-0.0592014 0.295142 -33.7032
0.00423814 0.251053 -32.0555
0.046292 0.28744 -54.696
0.0341441 0.342747 -70.8829
0.00764176 0.371342 -73.7118
-0.0579295 0.399313 -63.1632
-0.0812416 0.340407 -35.1928
-0.0442532 0.335825 -46.1078
-0.0639003 0.268984 -15.3047
-0.0416754 0.239399 -13.8592
-0.0020138 0.196566 -15.544
-0.0137786 0.0245809 25.8968
-0.0137489 0.0245805 25.8824
-0.00562543 0.0195914 23.7774
-0.00201654 0.0117997 24.9979
-0.00464332 0.00522391 28.6723
-0.00529479 0.00511665 29.0534
-0.00522338 0.0055328 28.8604
-0.00448407 0.00578908 28.335
-0.00343597 0.00575531 27.7134
-0.00237824 0.00561435 27.1029
-0.00159846 0.00550639 26.6387
-0.00115017 0.00546854 26.3545
-0.00104722 0.00550674 26.2709
-0.0886465 0.137442 64.0774
0.112298 0.220458 -106.055
0.107991 0.236469 -108.081
0.111357 0.217723 -104.509
0.0296283 0.353126 -88.6476
0.0234369 0.375703 -91.6769
0.0216371 0.385949 -93.8291
0.0049074 0.1642 -1.49306
0.00494821 0.140957 6.7259
-0.0423544 0.247273 11.0959
-0.0629803 0.211321 90.8038
-0.00385506 -0.0363147 78.9265
0 -0.0485677 79.6757
-0.00158753 -0.0516218 83.2625
-0.000702414 -0.0504352 81.9297
-0.000697988 -0.0501673 81.8282
-0.0640226 -0.0836074 128.8
0.00388121 -0.00636462 60.7801
0.00376797 -0.00498721 60.4119
0.00301746 0.00141622 58.9663
0.0020123 0.0101649 56.9997
-0.000870335 0.0191444 57.1642
-0.00552245 0.0158648 63.8342
-0.0073221 0.0126373 67.1425
-0.00781657 0.0115445 68.1334
-1.87853e-15 0.341358 -68.1472
0.225449 6.36272 -2316.33
0.0853737 -0.00152225 51.6002
0.125658 0.112526 7.31287
0.135505 0.145662 -5.31876
0.0372773 0.319775 -58.6935
-0.0469357 0.214755 -9.74838
-0.0223736 0.132555 16.0824
0.0125197 0.120702 14.8539
-0.0166631 0.1957 -6.76916
0.0382598 -0.0211564 50.9969
0.0382598 -0.0211564 50.9969
0.0325316 0.364702 -78.4348
0.000555158 0.377391 -73.8089
-0.0677363 0.344149 -40.8234
-0.0832039 0.322932 -28.2783
-0.0757405 0.316081 -28.3136
-0.0949231 0.225526 11.4631
-0.0644076 0.167025 20.6101
-0.0471466 0.155895 17.7646
-0.0459072 0.0753382 47.0501
-0.0278211 0.036246 53.0814
-0.00129463 0.00174269 27.9975
0.00143064 -0.00162616 27.9899
-0.00204862 0.00270549 28.1919
-0.004241 0.00497494 28.5241
-0.00489546 0.00574217 28.599
-0.00445742 0.00594269 28.265
-0.00352014 0.00585704 27.7293
-0.00248586 0.00567747 27.1491
-0.00168122 0.0055188 26.6888
-0.00116709 0.00544365 26.3748
-0.000978384 0.00548938 26.2288
-0.000978384 0.00548938 26.2288
0.130361 0.187211 -108.093
0.117313 0.194921 -100.668
0.0971578 0.252252 -105.638
0.0533831 0.32305 -96.9733
0.0341484 0.392862 -106.927
0.0187929 0.387593 -91.9895
-0.0175913 0.149015 23.5455
-0.00842519 0.129785 22.6409
0.00767222 -0.124864 101.819
-0.000541211 -0.0955516 98.4622
0 -0.0941685 97.4397
-0.00159693 -0.0517095 83.303
-0.000656315 -0.0504417 81.8847
-0.000594688 -0.0504294 81.8169
-0.000321383 -0.0498303 81.3109
0.000411896 -0.0400371 76.9054
0.0042797 -0.00593252 60.1862
0.00541415 -0.00450839 58.4114
0.00733306 0.00110923 54.1834
0.00959011 0.0105349 48.1176
0.165017 0.089078 -164.07
0.625167 -0.0189782 -670.731
-0.00796572 0.585968 -142.201
-0.00808747 0.58692 -142.406
