0 1 3
1 2 3
2 4 3
4 5 3
5 6 3
6 7 3
7 8 3
8 9 3
9 10 3
10 11 3
11 12 3
12 13 3
13 14 2
14 15 1
15 16 1
16 19 0
18 19 0
19 20 3
20 21 3
21 79 3
22 79 0
22 23 3
23 24 3
24 25 3
25 26 3
26 28 3
28 29 3
29 30 3
30 31 3
31 32 3
32 33 3
33 34 3
34 35 3
35 36 1
36 37 3
37 38 3
38 39 3
39 40 3
40 41 3
41 42 3
42 43 3
43 44 0
44 45 1
45 46 3
46 47 3
47 48 3
48 49 3
49 50 3
50 51 3
51 52 3
52 53 3
53 54 3
54 55 3
55 56 3
56 57 3
4 61 3
2 61 3
19 75 1
43 101 3
101 102 3
40 97 3
10 68 3
42 101 3
47 105 3
52 111 3
53 111 3
7 65 3
23 138 0
39 97 3
46 105 3
6 65 3
16 75 2
24 138 0
26 84 3
28 85 3
29 87 3
26 85 3
40 99 3
41 99 3
31 90 3
32 90 2
44 101 1
48 106 3
48 50 3
54 112 3
30 87 3
47 106 3
2 60 3
14 72 3
55 113 3
56 113 3
56 115 3
1 60 3
5 64 3
10 69 3
11 69 3
48 107 3
51 109 3
52 109 3
54 111 3
56 114 3
57 115 3
13 71 3
15 74 1
16 74 3
44 102 1
50 107 3
113 114 3
0 58 0
68 69 3
11 70 3
12 70 3
12 71 3
14 71 2
15 73 3
25 83 3
35 94 3
38 96 3
42 99 3
45 103 3
46 103 3
50 108 3
114 115 3
1 58 0
4 63 3
5 63 3
6 64 2
8 65 3
9 68 3
69 70 3
15 72 3
20 78 1
23 79 0
24 83 3
83 84 3
84 85 3
31 89 3
34 92 0
37 96 3
96 97 3
42 100 3
102 103 3
46 104 3
107 108 3
108 109 3
52 110 3
111 112 3
61 63 3
63 64 3
33 91 0
34 91 0
36 94 0
99 100 3
100 101 3
102 160 0
112 113 3
58 60 1
60 61 3
74 75 0
19 78 1
24 139 3
85 87 3
89 90 3
35 92 0
103 104 3
104 105 3
109 110 3
64 65 3
71 72 3
28 87 3
30 89 3
33 90 2
110 111 3
70 71 3
73 74 1
87 89 3
91 92 3
92 94 3
65 68 3
72 73 3
79 138 3
83 139 3
90 91 3
106 107 3
36 96 3
105 106 3
60 118 0
138 139 1
36 153 0
65 125 3
68 125 3
68 126 3
96 153 0
58 118 3
60 119 0
61 119 0
101 159 3
125 126 3
94 153 3
61 120 0
87 146 3
97 99 3
102 159 3
19 134 1
87 144 3
89 146 3
19 135 1
21 78 1
89 148 3
94 151 3
63 120 2
97 156 3
99 156 3
58 116 3
58 117 3
117 118 3
72 130 3
134 135 3
78 135 3
90 148 2
92 151 3
109 167 3
110 167 3
116 117 3
65 123 3
65 124 3
71 130 3
75 134 2
112 169 3
64 123 3
83 198 3
84 142 3
85 144 3
107 166 3
108 166 3
108 167 3
112 170 3
119 120 3
124 125 3
84 143 3
92 150 3
150 151 3
100 157 3
106 163 3
106 164 3
113 170 3
123 124 3
139 198 3
142 143 3
85 143 3
147 148 3
105 163 3
107 164 3
118 119 2
63 121 3
79 137 3
83 141 3
89 147 3
99 157 3
102 161 0
103 161 0
107 165 3
111 169 1
170 171 3
113 171 3
114 172 3
120 121 3
73 130 3
75 133 3
137 138 3
141 198 3
87 203 3
96 154 3
97 155 3
156 157 3
159 160 0
160 161 3
104 162 0
163 164 3
164 165 3
165 166 3
169 170 3
113 172 3
115 172 3
64 121 3
68 185 3
69 185 3
78 136 3
84 141 3
144 203 3
94 152 3
153 154 1
154 155 3
161 162 2
104 163 3
70 129 3
71 129 3
78 137 0
21 137 3
141 142 3
143 144 3
146 203 3
91 148 3
151 152 3
100 158 0
162 163 2
115 173 3
126 185 3
135 136 3
152 153 3
157 158 0
100 159 3
166 167 3
111 168 3
91 150 3
158 159 1
110 168 3
69 129 3
129 130 3
74 190 3
133 134 3
155 156 3
172 173 3
75 190 1
167 168 3
168 169 3
73 190 2
133 190 3
146 147 3
148 150 3
171 229 3
121 123 3
185 186 3
136 137 3
171 172 3
129 185 3
129 186 3
130 131 3
73 131 3
121 179 0
170 229 3
157 216 0
158 216 3
159 276 0
172 229 3
131 189 2
139 197 3
118 176 3
123 179 3
131 190 0
147 206 3
159 217 3
117 176 3
179 180 0
123 180 2
123 181 3
148 206 3
217 276 0
168 226 3
169 226 3
124 182 3
130 188 2
141 199 3
142 199 3
148 207 3
150 207 3
160 218 3
119 177 3
120 179 3
180 181 1
125 182 3
129 188 3
146 204 3
147 204 3
161 218 3
166 225 3
167 225 3
167 226 3
226 284 3
118 177 3
203 204 3
160 276 3
163 221 3
172 230 3
126 184 3
129 187 3
134 193 3
135 193 3
143 201 3
144 201 3
151 209 3
152 209 3
154 212 3
158 217 1
161 219 3
162 221 2
164 221 3
225 226 3
229 230 3
116 174 3
117 175 3
176 177 3
119 178 3
120 178 3
125 184 3
131 188 0
133 191 3
152 210 3
153 211 3
155 212 3
156 214 3
162 219 2
173 231 3
174 175 3
123 182 3
186 187 3
134 191 3
137 197 1
138 197 1
198 199 3
144 260 3
203 260 3
210 211 3
211 212 1
155 213 3
157 214 3
162 220 3
165 223 3
166 223 3
166 282 3
230 231 3
177 178 3
178 179 3
181 182 3
184 185 3
150 208 3
212 213 3
156 213 3
157 215 3
216 217 1
218 276 3
218 219 3
220 221 3
187 188 3
135 194 3
136 194 1
215 216 0
219 220 1
164 223 3
225 282 3
175 176 3
191 193 3
137 194 1
137 195 3
143 199 3
201 260 3
151 208 3
209 210 3
213 214 3
223 282 3
169 229 3
193 194 3
194 195 0
197 198 3
204 206 3
206 207 3
208 209 3
164 280 3
190 191 3
195 197 1
223 280 3
188 189 2
221 280 3
169 285 3
207 208 3
226 285 3
125 241 0
204 263 3
182 241 0
206 263 3
214 215 3
229 286 3
177 235 3
184 241 0
143 259 3
201 259 3
169 286 3
176 235 3
189 190 0
284 285 3
285 286 3
197 255 3
199 257 3
143 257 3
211 270 3
185 241 0
191 250 3
195 255 3
212 270 0
219 278 1
191 249 3
193 250 3
195 254 3
198 255 3
257 259 3
203 261 3
216 274 1
217 274 3
220 278 3
187 246 3
188 246 3
190 249 3
254 255 3
260 261 3
204 261 3
219 277 1
180 238 1
241 242 3
185 242 0
185 244 0
193 252 3
194 252 3
207 265 3
208 266 3
212 271 3
213 271 3
277 278 3
220 279 3
221 279 3
229 288 3
230 288 3
231 289 3
179 238 3
181 238 3
242 244 3
209 266 3
214 273 3
215 273 3
225 283 3
229 287 3
230 289 3
186 244 0
198 256 3
259 260 3
206 264 3
209 267 3
210 268 3
211 269 3
269 270 3
214 272 3
216 273 1
275 276 0
218 277 1
226 283 3
286 287 3
176 234 3
178 237 3
179 237 3
189 305 0
255 256 3
264 265 3
266 267 3
267 268 3
211 268 3
271 272 3
272 273 3
273 274 3
217 275 3
280 281 3
223 281 3
282 283 3
287 288 3
288 289 3
178 236 3
187 244 0
249 250 3
199 256 3
263 264 3
265 266 3
268 269 3
279 280 3
234 235 3
236 237 3
270 271 1
276 277 1
278 279 3
174 232 3
175 234 3
237 238 3
182 298 0
187 303 0
256 257 3
274 275 3
178 235 2
181 298 3
189 246 2
261 263 3
246 303 0
250 252 3
257 314 3
283 284 0
175 232 3
175 292 3
235 236 3
244 303 3
256 314 3
281 282 3
232 292 3
248 249 3
234 292 3
241 298 3
190 248 3
257 316 3
259 316 3
298 299 3
241 299 3
195 252 2
283 341 3
190 307 0
252 309 3
263 320 3
284 341 3
291 292 3
189 307 0
195 311 2
261 319 3
261 320 3
232 290 3
254 311 3
252 311 3
263 321 3
282 340 3
236 293 3
238 298 3
246 305 3
248 307 3
254 312 3
255 312 3
264 321 3
281 340 3
284 342 3
284 343 3
290 291 3
235 293 3
305 307 3
269 327 3
278 336 0
279 336 0
279 337 2
341 342 3
285 343 3
288 346 3
232 291 3
309 311 3
280 338 3
281 338 3
283 340 3
287 345 3
287 346 3
244 301 3
244 302 3
249 307 0
259 318 3
260 318 3
286 343 3
286 345 3
242 301 3
250 309 3
256 312 3
268 326 3
269 326 3
270 327 3
270 328 3
271 330 3
272 330 3
272 331 3
273 331 3
274 332 3
336 337 3
280 337 2
289 347 3
250 307 0
257 315 3
264 322 3
265 323 3
266 324 3
267 325 3
270 329 3
271 329 0
273 332 3
276 335 1
277 335 3
278 335 3
337 338 2
281 339 3
288 347 3
237 295 3
238 295 2
314 315 3
261 318 3
320 321 3
321 322 3
322 323 3
323 324 3
324 325 3
325 326 3
326 327 3
327 328 3
328 329 3
331 332 3
276 334 3
339 340 3
342 343 3
234 293 3
236 352 3
311 312 3
329 330 1
330 331 3
275 332 3
338 339 3
286 344 3
345 346 3
346 347 3
293 352 3
302 303 3
316 374 3
259 374 3
319 320 3
275 333 3
334 335 1
344 345 3
246 362 0
305 364 3
332 333 3
335 336 0
343 344 3
352 353 3
237 352 2
301 302 3
303 362 3
305 363 3
307 364 3
309 310 3
315 316 3
275 334 0
292 293 3
310 311 3
295 354 3
238 354 2
242 358 3
301 358 3
318 374 3
318 319 3
333 334 0
338 397 0
339 397 0
340 341 3
298 354 3
312 314 3
319 376 3
242 299 3
305 362 3
318 376 3
297 298 3
312 369 3
299 357 1
312 371 3
362 363 3
314 371 3
297 354 3
311 369 3
346 404 3
347 404 3
327 385 3
334 392 3
295 352 3
303 361 3
328 385 3
335 392 0
299 358 3
302 361 3
320 378 3
321 378 3
332 390 3
337 395 3
338 395 0
292 350 3
310 368 1
310 369 3
369 370 3
312 370 3
291 350 3
293 350 3
295 353 3
298 357 1
301 359 3
368 369 0
319 378 3
329 387 3
330 387 0
330 388 3
345 403 3
290 348 3
353 354 3
302 359 3
370 371 3
314 372 3
315 372 3
318 375 3
324 382 3
325 382 3
325 384 3
326 384 3
331 388 3
346 403 3
347 405 3
291 348 3
293 351 3
358 359 3
302 360 3
315 373 3
374 375 3
321 379 3
322 380 3
323 381 3
324 381 3
331 389 3
333 391 0
334 391 3
336 394 3
340 398 3
343 401 3
344 401 3
344 403 3
291 349 3
350 351 3
357 358 3
361 362 3
309 368 1
316 373 3
375 434 3
379 380 3
380 381 3
384 385 3
328 387 3
332 389 3
333 390 3
339 398 3
341 398 3
342 400 3
404 405 3
348 349 3
349 350 3
360 361 3
378 379 3
387 388 1
335 393 0
335 394 0
336 395 2
343 400 3
344 402 3
403 404 3
359 360 3
250 367 1
309 367 1
381 382 3
382 384 3
389 390 3
392 393 3
394 395 3
401 402 3
363 364 3
307 367 1
371 372 3
372 373 3
375 376 3
388 389 3
391 392 3
402 403 3
359 418 3
367 368 3
390 391 0
360 418 3
398 399 3
341 399 3
351 352 3
373 374 3
385 387 3
397 398 1
399 457 3
341 400 3
400 401 3
297 414 1
297 357 1
363 421 3
393 394 3
357 414 3
376 434 3
395 397 2
399 400 3
403 461 3
368 484 3
384 443 3
385 443 3
385 444 3
362 478 3
369 484 1
353 411 1
354 413 1
363 478 3
367 425 0
319 434 3
382 441 3
392 450 3
354 411 1
297 413 1
319 435 3
384 441 3
384 442 3
391 450 3
393 450 3
395 454 2
397 454 3
413 414 3
307 423 3
307 424 3
367 426 3
378 435 3
441 442 3
398 456 3
403 462 3
404 462 3
411 413 3
361 418 3
361 419 3
307 482 3
367 482 0
368 426 3
369 428 3
370 428 3
391 449 3
397 456 1
461 462 3
362 419 3
421 478 3
364 423 3
425 482 3
426 484 3
432 434 3
382 440 3
390 449 0
449 450 3
394 453 3
395 453 2
401 460 3
357 415 3
358 415 3
358 475 3
359 475 3
425 426 1
381 440 3
385 445 3
394 452 3
399 456 3
402 460 3
348 406 3
349 407 3
350 407 3
379 437 3
387 445 3
389 447 0
390 448 3
393 452 3
397 455 3
400 459 3
401 459 3
405 463 3
406 407 3
414 415 3
423 424 3
369 427 3
373 375 3
378 436 3
380 437 3
380 438 3
381 439 3
388 446 0
388 447 0
389 448 3
450 451 3
393 451 3
451 452 3
452 453 3
454 455 3
455 456 1
400 457 3
459 460 3
403 460 3
404 463 3
371 428 3
375 432 3
435 436 3
436 437 3
437 438 3
438 439 3
439 440 3
442 443 3
444 445 3
445 446 3
446 447 3
447 448 1
400 458 3
460 461 3
352 410 3
352 411 3
427 484 1
440 441 3
453 454 3
458 459 3
418 475 3
427 428 3
442 499 3
457 458 3
350 466 3
350 409 3
410 411 3
372 428 3
372 431 3
373 431 3
441 499 3
443 444 3
448 449 0
350 352 3
352 409 3
418 419 3
419 478 3
428 487 1
428 431 3
431 488 1
407 466 3
409 466 3
456 457 0
409 410 3
431 487 1
411 470 3
413 470 3
415 475 3
434 435 0
425 483 3
428 486 3
487 488 3
432 492 3
424 482 3
482 483 3
486 487 1
434 492 0
435 492 3
462 463 3
409 467 3
375 431 3
407 465 3
418 476 3
484 486 0
437 495 3
406 465 3
410 468 3
411 468 3
475 476 3
363 423 3
436 495 3
406 464 3
410 467 3
413 471 3
414 472 3
493 495 3
444 503 3
460 519 3
470 471 3
413 472 3
439 498 3
440 498 3
443 500 3
445 503 3
456 514 0
457 514 0
461 519 3
462 520 0
463 520 0
471 472 3
435 493 3
436 493 2
442 500 3
446 505 3
447 505 3
449 507 3
455 513 3
456 513 0
465 466 3
466 467 3
415 473 3
421 423 3
427 486 3
431 432 3
499 500 3
450 507 3
452 510 3
513 514 3
459 517 3
464 465 3
414 473 3
438 496 3
441 498 3
443 501 3
444 501 3
444 502 3
445 504 3
446 504 3
448 505 0
448 507 0
453 510 3
457 516 3
458 516 3
461 520 0
473 475 3
421 480 3
423 482 3
425 484 1
437 496 3
439 497 3
501 502 3
502 503 3
450 508 3
451 509 3
459 516 3
472 473 3
419 477 3
423 480 3
495 496 3
496 497 3
497 498 3
500 501 3
504 505 3
508 509 3
509 510 3
453 511 3
454 513 3
519 520 0
463 521 0
468 470 3
419 476 3
448 506 0
510 511 3
516 517 3
460 517 3
520 521 3
476 477 3
503 504 3
507 508 3
454 512 3
460 518 0
517 518 0
518 519 1
423 481 3
454 511 3
480 481 3
481 482 3
431 490 1
432 490 1
432 549 1
506 507 3
468 527 3
467 468 3
475 533 3
476 533 3
477 478 3
483 484 1
490 549 3
512 513 3
514 516 1
501 559 2
511 512 3
517 575 0
519 578 0
475 532 3
486 543 1
518 575 3
470 527 3
473 532 3
532 533 3
484 543 3
492 549 1
492 493 3
495 552 2
500 559 2
516 573 3
520 578 3
486 544 3
493 552 3
495 553 2
503 561 2
505 506 3
514 573 3
518 578 3
543 544 3
492 550 3
496 553 2
501 560 2
558 559 3
502 560 2
502 561 2
518 577 3
577 578 3
492 551 3
552 553 3
500 558 2
560 561 3
505 563 3
465 523 3
466 524 3
483 541 1
431 547 1
490 547 3
550 551 3
493 551 3
506 563 3
510 568 3
513 571 3
521 578 3
467 524 3
467 526 3
468 526 3
470 528 3
482 541 1
559 560 3
509 568 3
512 571 3
484 542 3
487 544 2
549 550 0
551 552 3
514 572 3
526 527 3
527 528 3
472 530 3
478 480 3
484 541 3
542 543 3
498 557 3
441 557 2
504 562 3
506 564 3
506 565 3
507 565 3
508 566 3
511 568 3
513 572 3
516 574 3
517 574 3
464 522 3
465 522 3
465 524 3
471 529 3
472 529 3
473 530 3
473 531 3
478 537 1
481 539 1
482 539 1
482 540 1
431 546 1
553 554 3
499 557 2
505 562 3
563 564 3
509 566 3
509 567 3
511 570 3
512 570 3
517 633 2
518 576 3
528 529 3
530 531 3
531 532 3
480 537 1
540 541 3
541 542 3
546 547 1
496 554 1
497 554 1
503 562 3
564 565 3
565 566 3
567 568 3
511 569 3
575 633 3
575 576 3
576 577 3
521 579 3
529 530 3
488 546 2
497 556 1
498 556 3
557 558 3
499 558 2
561 562 3
562 563 3
568 569 3
569 570 3
571 572 3
572 573 3
574 633 2
523 524 3
480 539 1
578 579 3
522 523 3
524 526 3
477 533 3
539 540 3
490 548 3
478 536 1
487 545 2
548 549 3
554 556 3
556 557 3
570 571 3
477 536 1
537 539 3
544 545 3
488 545 2
477 593 1
545 546 3
566 567 3
477 534 1
536 537 3
547 548 3
554 555 3
555 556 3
573 574 3
533 534 1
534 593 3
536 593 3
560 618 3
534 592 3
592 593 3
559 618 3
539 596 3
537 596 3
561 619 3
562 619 2
572 630 3
532 590 1
532 534 1
552 610 3
553 610 3
531 589 1
531 590 1
534 590 3
550 607 1
549 607 3
573 630 2
589 590 3
547 606 3
548 606 3
550 608 3
557 616 3
560 619 3
576 635 3
577 635 3
578 636 3
523 581 2
524 583 2
607 608 3
555 613 2
556 613 2
558 616 3
571 629 3
575 634 3
576 634 3
579 636 3
522 581 2
526 583 2
539 597 3
542 600 2
543 600 2
543 601 2
544 601 3
551 608 3
553 612 2
554 612 2
555 612 2
556 615 3
557 615 3
558 617 3
559 617 3
565 623 3
572 629 3
573 631 3
574 632 3
578 635 3
523 582 2
524 582 2
526 585 1
530 588 1
540 598 3
546 604 3
547 604 0
549 606 3
556 614 3
617 618 3
630 631 3
632 633 2
522 580 2
581 582 3
526 584 1
527 585 1
527 586 1
528 586 1
536 594 3
537 595 3
540 597 3
541 598 3
600 601 3
544 602 3
545 603 3
547 605 3
551 609 3
614 615 3
616 617 3
564 623 3
566 623 3
569 627 3
629 630 3
574 631 3
635 636 3
580 581 3
583 584 1
584 585 3
585 586 3
529 586 1
529 588 1
588 589 3
590 591 3
534 591 3
594 595 3
541 599 2
602 603 3
546 603 3
605 606 3
606 607 3
608 609 3
612 613 3
564 622 2
570 627 3
570 629 3
631 632 3
579 637 3
582 583 3
529 587 1
591 592 3
599 600 3
601 602 3
552 609 3
615 616 3
618 619 3
563 622 2
622 623 3
568 626 3
569 626 3
636 637 3
586 587 3
587 588 3
593 594 3
595 596 3
598 599 3
609 610 3
563 621 3
626 627 3
570 628 3
634 635 3
596 597 3
597 598 3
604 605 3
627 628 3
628 629 3
553 611 3
611 612 3
567 626 3
603 604 3
610 611 3
613 614 3
562 621 3
619 621 3
620 621 3
623 624 1
633 691 3
613 672 1
614 672 1
619 620 3
567 625 3
566 624 1
566 625 3
621 622 3
623 681 1
624 625 3
625 626 3
622 681 3
633 634 2
611 669 3
612 669 2
616 674 3
617 674 3
582 640 1
624 681 3
581 640 1
583 641 1
627 687 3
628 687 3
629 687 3
584 641 3
598 657 3
599 657 3
609 667 3
620 622 3
632 691 3
583 640 1
585 644 3
586 644 3
586 645 3
587 645 3
592 650 3
604 662 3
605 662 2
608 667 3
610 669 3
624 626 0
634 692 2
640 641 3
591 649 3
593 650 3
594 652 3
596 654 2
605 663 2
606 663 2
606 664 2
607 664 2
612 670 2
612 671 2
613 671 2
615 673 1
617 675 3
618 677 3
619 677 3
626 685 2
627 685 2
584 642 3
585 642 3
592 649 3
595 652 3
597 654 3
601 660 3
602 660 3
603 662 3
662 663 3
663 664 3
608 664 3
608 665 3
616 673 1
624 683 3
635 692 3
635 694 1
580 638 1
581 639 1
585 643 3
644 645 3
588 646 3
589 647 3
590 648 3
593 651 3
593 652 3
595 653 3
597 655 2
598 655 3
600 658 3
601 659 3
603 661 3
664 665 3
608 666 3
666 667 3
610 667 3
610 668 3
671 672 3
673 674 0
617 676 3
618 676 3
620 678 3
620 680 3
622 680 3
624 682 3
626 683 1
685 687 2
630 687 3
630 688 2
631 688 2
636 694 1
638 639 3
639 640 3
642 643 3
643 644 3
645 646 3
646 647 3
647 648 3
648 649 3
652 653 3
653 654 3
658 659 3
659 660 3
660 661 3
668 669 3
670 671 3
615 672 1
675 676 3
620 677 3
680 681 3
681 682 3
692 693 3
635 693 1
651 652 3
599 658 3
665 666 3
676 677 3
633 692 2
693 694 3
637 694 1
641 642 3
649 650 3
654 655 3
661 662 3
667 668 3
672 673 3
674 675 3
620 679 3
687 688 3
631 689 3
632 689 2
691 692 3
637 695 1
650 651 3
655 657 3
669 670 3
678 679 3
679 680 3
626 684 1
632 690 3
694 695 3
657 658 3
682 683 3
683 684 3
684 685 3
688 689 3
677 678 3
689 690 3
690 691 3
670 729 3
671 729 3
687 744 1
687 746 1
655 714 3
657 714 3
685 744 2
744 746 3
672 730 2
676 735 3
681 739 3
672 729 2
672 731 2
680 739 3
695 753 2
730 731 3
673 731 2
681 740 3
682 740 3
647 705 3
648 705 3
657 715 3
658 715 3
667 726 3
668 726 3
673 732 2
674 732 3
745 746 3
694 752 3
644 702 3
646 704 3
650 708 3
661 720 3
662 720 3
675 733 3
677 735 3
678 735 3
679 738 3
680 738 3
685 743 2
744 745 3
688 746 3
752 753 3
642 701 3
643 701 3
647 704 3
651 708 3
653 711 3
654 711 3
654 712 3
663 721 3
664 721 3
670 728 3
729 730 3
674 733 3
734 735 3
683 742 3
684 742 3
693 752 1
638 696 3
639 697 3
640 698 3
641 699 3
642 700 3
644 701 3
644 703 3
645 703 3
648 707 2
649 707 3
650 707 3
651 709 3
652 710 3
655 712 3
658 716 3
659 717 3
660 718 3
664 722 3
665 723 3
666 724 3
667 724 3
667 725 3
728 729 3
676 734 3
678 736 3
684 743 3
689 747 1
691 749 2
696 697 3
697 698 3
698 699 3
699 700 3
703 704 3
704 705 3
708 709 3
709 710 3
653 710 3
716 717 3
717 718 3
662 721 3
721 722 3
722 723 3
723 724 3
724 725 3
725 726 3
669 728 3
732 733 3
676 733 3
735 736 3
679 736 3
738 739 3
739 740 3
743 744 3
689 746 1
690 749 2
692 749 2
702 703 3
707 708 3
711 712 3
714 715 3
715 716 3
661 718 3
720 721 3
668 728 3
733 734 3
682 741 3
683 741 3
690 747 1
648 706 2
710 711 3
731 732 3
746 747 3
690 748 2
700 701 3
701 702 3
705 706 3
706 707 3
712 714 3
726 728 3
740 741 3
742 743 3
747 748 3
741 742 3
692 750 1
693 750 1
693 751 1
679 737 3
737 738 3
736 737 3
751 752 3
748 749 3
750 751 3
718 720 3
718 777 3
720 777 3
726 785 3
728 785 3
749 750 3
714 771 3
712 771 3
728 786 3
729 787 3
737 795 3
704 763 2
705 763 3
730 787 3
746 804 3
715 773 3
743 801 3
745 804 3
706 763 3
714 773 3
725 783 3
785 786 3
728 787 3
731 790 3
732 790 3
738 795 3
741 800 3
742 800 3
744 801 3
747 805 3
752 810 3
700 758 3
701 758 3
703 762 2
704 762 3
711 769 3
712 770 3
721 779 3
724 783 3
725 784 3
726 784 3
734 793 3
735 793 3
736 795 3
738 797 3
740 798 3
748 805 3
751 809 3
753 810 3
696 754 3
697 755 3
698 756 3
699 757 3
701 759 3
702 760 3
762 763 3
706 764 3
707 765 3
708 766 3
709 767 3
710 768 3
769 770 3
714 772 3
716 774 3
717 775 3
718 776 3
720 778 3
720 779 3
722 780 3
723 781 3
724 782 3
786 787 3
730 788 3
733 791 3
734 791 3
735 794 3
736 794 3
739 797 3
739 798 3
741 799 3
745 803 3
747 804 3
748 806 3
749 806 2
750 809 3
754 755 3
755 756 3
756 757 3
700 757 3
758 759 3
759 760 3
703 760 3
764 765 3
765 766 3
767 768 3
768 769 3
772 773 3
773 774 3
774 775 3
775 776 3
776 777 3
777 778 3
778 779 3
779 780 3
780 781 3
781 782 3
784 785 3
732 791 3
740 799 3
799 800 3
743 800 3
744 802 3
744 803 3
803 804 3
753 811 3
703 761 2
708 767 3
770 771 3
771 772 3
782 783 3
783 784 3
731 788 3
790 791 3
734 792 3
795 797 3
800 801 3
801 802 3
804 805 3
752 809 3
761 762 3
766 767 3
791 792 3
792 793 3
793 794 3
794 795 3
797 798 3
798 799 3
749 807 2
809 810 3
810 811 3
763 764 3
787 788 3
802 803 3
806 807 3
750 807 3
750 808 3
808 809 3
757 758 3
760 761 3
807 808 3
731 846 3
788 846 3
790 846 3
805 806 3
785 844 3
786 844 3
846 847 3
790 847 3
804 862 3
790 848 3
797 854 3
797 856 3
787 845 3
795 854 3
798 856 3
762 820 3
786 845 3
795 853 3
799 856 3
801 859 3
803 862 3
759 817 3
760 817 3
763 820 3
775 833 3
776 833 3
793 850 3
853 854 3
799 857 3
800 857 3
800 859 3
805 863 3
810 867 3
810 868 3
763 821 3
772 830 3
773 830 3
847 848 3
791 849 3
792 850 3
793 852 3
794 852 3
802 861 3
806 865 3
807 865 3
809 867 3
811 868 3
811 869 3
754 812 3
755 813 3
756 814 3
758 817 3
761 819 3
820 821 3
764 821 3
764 822 3
765 822 3
765 823 3
766 824 3
768 826 3
769 827 3
770 828 3
771 830 3
774 832 3
776 834 3
777 835 3
778 836 3
779 837 3
780 838 3
781 839 3
782 840 3
783 841 3
784 842 3
785 843 3
788 845 3
790 849 3
793 851 3
795 852 3
800 858 3
802 859 3
802 860 3
803 861 3
806 864 3
808 865 3
808 866 3
868 869 3
812 813 3
813 814 3
757 814 3
757 815 3
758 816 3
760 819 2
819 820 3
821 822 3
823 824 3
767 824 3
826 827 3
827 828 3
771 828 3
773 831 3
773 832 3
832 833 3
833 834 3
834 835 3
835 836 3
836 837 3
837 838 3
838 839 3
839 840 3
840 841 3
841 842 3
842 843 3
843 844 3
852 853 3
857 858 3
804 863 3
805 864 3
865 866 3
809 866 3
867 868 3
815 816 3
760 818 2
822 823 3
767 826 3
831 832 3
848 849 3
791 850 3
851 852 3
854 856 3
856 857 3
858 859 3
859 860 3
864 865 3
818 819 3
767 883 3
830 831 3
844 845 3
860 861 3
861 862 3
863 864 3
866 867 3
816 817 3
817 818 3
824 883 3
771 887 3
849 850 3
814 815 3
828 887 3
845 846 3
850 851 3
826 883 3
830 887 3
862 863 3
864 922 3
865 922 3
854 913 3
856 913 3
851 909 3
852 909 3
861 919 3
846 905 3
860 919 3
845 903 3
845 904 3
846 904 3
850 908 3
867 925 3
868 925 3
826 884 3
827 884 3
844 903 3
849 908 3
869 927 3
814 872 3
815 872 3
817 875 3
853 911 3
854 911 3
862 920 3
866 925 3
868 927 3
813 871 3
814 871 3
818 875 3
834 892 3
847 905 3
856 914 3
858 916 3
859 917 3
860 917 3
863 920 3
812 871 3
819 878 3
820 878 3
821 878 3
828 886 3
833 891 3
833 892 3
834 893 3
835 893 3
836 893 3
904 905 3
848 905 3
849 907 3
911 912 3
854 912 3
913 914 3
857 915 3
858 915 3
863 921 3
864 921 3
812 870 3
815 873 3
816 874 3
818 876 3
819 877 3
821 879 3
822 880 3
823 881 3
824 882 3
827 886 3
830 888 3
831 889 3
832 890 3
832 891 3
836 894 3
837 895 3
838 896 3
839 897 3
840 898 3
841 899 3
842 900 3
843 901 3
844 902 3
907 908 3
852 911 3
858 917 3
862 919 3
866 924 3
870 871 3
871 872 3
873 874 3
874 875 3
875 876 3
876 877 3
877 878 3
879 880 3
880 881 3
824 881 3
882 883 3
886 887 3
888 889 3
889 890 3
891 892 3
892 893 3
894 895 3
895 896 3
896 897 3
897 898 3
898 899 3
899 900 3
900 901 3
901 902 3
848 907 3
916 917 3
919 920 3
921 922 3
865 924 3
868 926 3
878 879 3
881 882 3
887 888 3
890 891 3
851 908 3
917 919 3
925 926 3
926 927 3
872 873 3
883 884 3
893 894 3
902 903 3
852 910 3
857 914 3
915 916 3
924 925 3
909 910 3
920 921 3
865 923 3
923 924 3
827 942 3
886 942 3
848 964 3
907 964 3
912 913 3
922 923 3
903 904 3
905 964 3
884 942 3
914 915 3
910 911 3
925 982 3
924 982 3
908 909 3
942 943 3
886 943 3
902 961 3
903 961 3
917 975 3
917 976 3
927 984 3
904 963 3
905 963 3
913 970 3
916 975 3
919 978 3
875 933 3
876 933 3
877 935 3
909 967 3
912 970 3
919 977 3
920 978 3
922 980 3
926 984 3
872 930 3
876 935 3
880 938 3
881 938 3
903 962 3
904 962 3
908 967 3
919 976 3
921 980 3
923 980 3
871 930 3
874 933 3
878 936 3
883 941 3
884 941 3
897 955 3
907 966 3
911 969 3
912 969 3
923 981 3
925 984 3
873 930 3
874 932 3
878 935 3
879 936 3
879 937 3
879 938 3
886 945 3
887 945 3
888 945 3
891 949 3
892 949 3
898 955 3
908 966 3
913 971 3
914 972 3
976 977 3
977 978 3
921 978 3
980 981 3
870 928 3
871 929 3
873 932 3
932 933 3
876 934 3
937 938 3
881 939 3
882 940 3
886 944 3
888 946 3
889 947 3
890 948 3
892 950 3
893 951 3
894 952 3
895 953 3
896 954 3
898 956 3
899 957 3
900 957 3
900 958 3
901 959 3
902 960 3
907 965 3
914 971 3
927 985 3
928 929 3
929 930 3
934 935 3
935 936 3
939 940 3
940 941 3
943 944 3
945 946 3
946 947 3
947 948 3
948 949 3
949 950 3
950 951 3
951 952 3
952 953 3
953 954 3
954 955 3
955 956 3
956 957 3
958 959 3
959 960 3
960 961 3
964 965 3
966 967 3
910 967 3
910 969 3
914 973 3
915 973 3
984 985 3
936 937 3
944 945 3
963 964 3
965 966 3
970 971 3
971 972 3
972 973 3
933 934 3
938 939 3
957 958 3
969 970 3
975 976 3
921 979 3
979 980 3
962 963 3
916 973 3
924 981 3
941 942 3
961 962 3
910 1026 3
916 1032 3
978 979 3
925 1041 3
975 1032 3
981 982 3
982 1041 3
984 1041 3
969 1026 3
967 1026 3
930 932 3
973 1031 3
930 989 3
972 1031 3
976 1033 3
973 1032 3
975 1033 3
932 989 3
971 1029 3
1032 1033 3
978 1036 3
966 1024 3
967 1024 3
967 1025 3
969 1028 3
970 1028 3
981 1040 3
982 1040 3
932 990 3
962 1020 3
1025 1026 3
977 1035 3
940 998 3
941 1000 3
942 1000 3
943 1000 3
947 1005 3
961 1020 3
970 1029 3
971 1030 3
972 1030 3
935 994 3
936 994 3
937 994 3
941 998 3
944 1002 3
946 1005 3
952 1010 3
956 1014 3
965 1023 3
1030 1031 3
976 1035 3
981 1039 3
985 1043 3
989 990 3
933 990 3
937 995 3
945 1002 3
953 1010 3
957 1014 3
958 1016 3
963 1020 3
964 1021 3
964 1023 3
966 1023 3
976 1034 3
978 1035 3
979 1037 3
980 1039 3
1039 1040 3
984 1042 3
928 986 3
929 987 3
930 988 3
933 991 3
934 992 3
935 993 3
938 995 3
938 996 3
939 997 3
939 998 3
941 999 3
943 1001 3
945 1003 3
946 1004 3
948 1006 3
949 1007 3
949 1008 3
950 1008 3
951 1009 3
951 1010 3
953 1011 3
954 1012 3
955 1013 3
957 1016 3
959 1018 3
960 1018 3
961 1018 3
961 1019 3
963 1021 3
969 1027 3
1029 1030 3
1033 1034 3
1034 1035 3
980 1037 3
980 1038 2
984 1043 3
986 987 3
987 988 3
988 989 3
990 991 3
991 992 3
992 993 3
993 994 3
996 997 3
997 998 3
998 999 3
1001 1002 3
1002 1003 3
1003 1004 3
1004 1005 3
947 1006 3
1006 1007 3
1008 1009 3
1009 1010 3
1010 1011 3
1011 1012 3
1012 1013 3
1013 1014 3
959 1016 3
959 1017 3
1018 1019 3
1019 1020 3
1023 1024 3
1024 1025 3
1026 1027 3
1027 1028 3
1028 1029 3
1031 1032 3
1037 1038 0
1038 1039 1
1040 1041 3
1041 1042 3
999 1000 3
1007 1008 3
1016 1017 3
1017 1018 3
978 1037 3
1042 1043 3
995 996 3
1000 1001 3
1005 1006 3
1020 1021 3
1035 1036 3
1036 1037 3
994 995 3
1021 1023 3
