2 58 0
2 3 3
3 4 3
4 5 3
5 6 3
6 7 3
7 9 3
9 11 3
11 12 3
12 72 3
15 72 3
15 16 3
16 17 3
17 19 3
19 20 3
20 21 0
21 22 3
22 23 3
23 24 1
24 26 0
26 27 3
27 28 3
28 29 3
29 30 3
30 31 2
31 90 0
31 91 0
35 91 3
35 93 3
93 214 3
43 214 3
43 505 3
40 505 3
40 450 3
337 450 3
49 450 0
51 450 3
53 450 3
53 56 3
91 92 3
35 92 3
40 46 1
40 104 3
11 70 3
46 104 0
104 450 3
9 70 3
90 91 3
89 90 3
97 214 3
9 66 3
7 66 3
40 163 3
108 450 0
31 89 0
163 505 3
46 163 0
49 108 1
19 76 0
27 85 3
28 85 3
17 76 0
19 77 0
20 77 0
105 450 0
4 62 3
9 67 3
12 71 3
71 72 3
2 60 0
3 62 3
66 67 3
24 25 0
25 26 3
58 60 3
12 70 3
28 86 3
49 107 0
67 70 3
20 78 0
29 86 3
107 450 0
107 108 1
3 60 0
4 63 3
5 63 3
17 75 0
76 77 3
21 78 1
7 65 3
15 73 3
16 73 3
77 78 3
22 80 3
30 89 0
62 63 3
6 65 3
65 66 3
70 126 3
72 73 3
16 75 0
21 137 3
21 80 3
23 80 3
29 87 3
30 87 0
53 57 3
67 126 3
23 25 3
56 57 3
75 76 3
80 137 3
85 86 3
60 62 1
6 63 3
26 142 3
104 105 1
57 450 3
58 117 3
60 117 3
25 80 3
87 89 3
89 91 3
93 94 3
26 85 3
214 273 3
43 273 3
25 142 3
94 214 3
153 214 3
273 505 3
104 163 3
72 130 3
73 130 3
73 75 3
78 137 0
86 87 3
57 114 1
58 174 3
63 65 3
70 71 3
94 153 3
117 174 3
80 139 3
71 130 3
25 139 3
73 132 3
62 121 3
63 122 3
70 128 3
163 450 2
63 121 3
126 128 3
85 142 3
94 152 3
60 119 3
62 119 3
65 124 3
93 152 3
63 124 3
25 141 3
87 146 1
66 124 3
76 135 3
77 135 3
85 143 3
89 146 1
107 166 0
108 166 0
67 124 3
67 125 3
125 126 3
73 131 3
131 132 3
75 132 3
76 132 3
78 135 3
141 142 3
142 143 3
86 143 3
78 136 3
80 138 3
212 214 3
71 128 3
153 212 3
124 125 3
137 138 3
139 141 3
86 144 3
89 205 1
89 148 1
91 148 1
92 148 1
166 450 0
138 139 3
87 144 3
146 205 2
212 273 3
117 119 3
123 124 3
143 144 3
122 124 3
126 185 3
132 135 3
136 137 3
119 121 3
122 123 3
128 185 3
130 131 3
135 136 3
159 273 3
135 192 3
159 505 3
128 130 3
93 209 3
152 209 3
94 209 3
148 205 3
208 209 3
153 209 3
132 190 3
87 203 3
130 187 3
144 203 3
146 203 3
121 122 3
128 187 3
190 191 3
135 190 3
218 505 0
163 218 1
279 337 3
119 178 3
279 450 3
121 178 3
125 185 3
142 201 3
143 201 3
148 207 0
92 207 3
93 208 3
119 177 3
35 208 3
117 177 3
122 180 3
130 188 3
278 450 0
227 450 0
187 188 3
131 190 3
135 191 3
139 198 3
59 174 3
59 117 3
177 178 3
121 179 3
122 179 3
123 180 3
191 192 3
136 194 3
141 198 3
128 186 3
131 188 3
137 194 3
138 196 3
141 199 1
146 204 3
153 211 3
211 212 3
135 193 3
142 199 1
144 201 3
203 204 3
117 176 1
176 177 0
178 179 3
179 180 3
136 193 3
138 197 3
139 197 3
204 205 3
205 263 0
209 210 3
125 183 3
185 186 3
193 194 3
137 196 3
196 197 3
199 201 0
123 181 3
124 181 3
124 183 3
192 193 3
197 198 3
198 199 1
144 260 0
273 275 3
59 176 1
180 181 3
186 187 3
92 208 3
275 505 3
201 260 3
148 263 0
213 273 3
203 260 0
212 213 3
188 190 3
218 450 0
220 450 0
181 183 3
183 241 3
183 185 3
194 196 3
194 253 3
196 253 3
153 210 3
209 267 3
208 267 3
210 211 3
183 242 3
185 242 3
203 261 0
92 265 3
208 265 3
57 229 1
241 242 3
185 243 3
204 261 0
207 265 3
178 236 3
180 238 3
242 243 3
185 244 3
186 244 3
388 505 3
188 247 3
191 249 3
194 252 3
199 258 2
176 235 0
177 235 3
192 249 3
193 252 3
201 258 3
212 270 3
279 338 3
338 450 3
190 247 3
213 270 3
179 237 3
192 250 3
193 250 3
198 256 3
199 256 2
207 263 0
211 268 3
278 279 0
187 303 3
209 268 3
210 268 3
57 344 1
229 287 3
57 287 1
57 289 1
178 237 3
181 239 3
187 247 3
246 247 3
190 306 2
191 306 3
250 309 3
193 309 3
260 261 3
211 269 3
218 278 0
227 285 1
344 450 0
178 235 3
180 237 3
181 238 3
244 303 3
249 250 3
252 309 3
256 258 3
211 270 3
218 336 0
256 315 3
258 315 3
204 319 0
268 269 3
336 505 3
278 336 0
285 450 0
59 291 3
176 234 0
237 238 3
238 239 3
181 240 3
261 319 3
204 263 0
267 268 3
269 270 3
273 388 3
286 344 3
57 286 1
59 234 3
235 236 3
183 240 3
243 244 3
187 246 3
249 306 3
253 311 3
196 311 3
270 271 3
213 271 3
234 235 3
239 240 3
252 253 3
197 256 3
263 319 3
229 286 1
236 237 3
246 303 3
197 313 3
247 304 3
196 313 3
256 313 3
258 260 3
263 265 3
278 392 0
279 392 3
234 291 3
247 306 3
291 580 0
246 304 3
196 312 3
213 330 3
273 330 3
311 312 3
265 267 3
336 388 3
312 313 3
336 392 3
244 302 3
302 303 3
252 311 3
338 392 3
263 321 3
271 330 3
240 299 3
313 314 3
256 314 3
260 317 3
265 321 3
265 324 3
267 324 3
229 344 1
241 299 3
304 306 3
258 317 3
268 326 3
239 297 3
252 310 3
310 311 3
260 319 3
267 326 3
282 338 0
282 450 0
236 294 3
249 307 3
265 323 3
267 325 3
269 327 3
270 328 3
271 328 3
271 329 3
287 289 3
291 348 3
237 294 3
237 296 3
238 296 3
242 299 3
306 307 3
250 307 3
321 323 3
325 326 3
270 327 3
328 329 3
235 294 3
239 296 3
240 297 3
243 302 3
250 308 3
314 315 3
268 327 3
234 294 3
307 308 3
308 309 3
309 310 3
317 319 3
323 324 3
327 328 3
329 330 3
258 373 3
326 327 3
297 356 3
240 356 3
315 373 3
317 373 3
319 321 3
299 356 3
324 325 3
287 344 1
303 304 3
237 353 3
296 297 3
296 353 3
243 359 3
319 376 3
294 353 3
302 359 3
317 376 3
319 377 3
321 379 3
289 575 0
297 355 3
304 364 3
323 379 3
450 574 3
287 575 0
296 355 3
306 364 3
373 374 3
317 374 3
344 574 0
299 357 3
299 358 3
243 299 3
294 352 3
299 359 3
304 362 3
304 363 3
352 353 3
356 357 3
357 358 3
363 364 3
313 371 3
388 392 3
344 575 0
358 359 3
312 371 3
376 377 3
291 350 3
234 350 3
324 382 3
325 382 3
574 575 3
302 360 3
303 361 3
313 372 3
314 372 3
403 575 0
294 350 3
354 355 3
359 360 3
304 361 3
362 363 3
392 450 3
350 408 3
296 354 3
311 369 3
312 370 3
450 565 3
350 580 0
355 356 3
307 364 3
308 367 3
310 368 3
310 369 3
312 369 3
314 373 3
376 433 3
323 381 3
328 386 3
329 386 3
307 365 3
308 365 3
309 367 3
310 367 3
374 376 3
325 383 3
326 384 3
327 385 3
329 387 3
330 387 3
392 395 1
353 354 3
302 361 3
308 366 3
369 370 3
370 371 3
379 555 3
324 381 3
383 384 3
384 385 3
385 386 3
395 450 0
361 362 3
364 365 3
365 366 3
366 367 3
371 372 3
377 433 3
319 379 3
323 555 3
386 387 3
330 388 3
367 368 3
381 382 3
382 383 3
408 580 0
372 373 3
294 351 3
379 437 3
387 388 3
350 351 3
351 352 3
360 361 3
388 451 1
381 555 3
351 408 3
373 431 3
374 431 3
375 376 3
375 433 3
377 379 3
368 369 3
372 430 3
371 430 3
374 375 3
397 450 0
386 444 3
387 444 3
352 411 3
360 419 3
361 419 3
366 424 3
367 425 3
368 426 3
381 440 3
351 409 3
353 411 3
365 423 3
366 423 3
367 424 3
382 440 3
392 451 1
348 580 0
352 409 3
355 414 3
356 414 3
357 415 3
362 421 3
363 421 3
368 425 3
348 464 1
408 409 3
356 415 3
358 415 3
359 417 3
362 419 3
354 411 3
358 417 3
360 417 3
370 428 3
383 442 3
384 442 3
385 443 3
386 443 3
352 410 3
354 413 3
355 413 3
358 416 3
363 422 3
364 422 3
364 423 3
369 427 1
369 428 3
371 429 3
374 490 2
382 441 3
383 441 3
384 443 3
450 452 1
565 574 3
409 410 3
413 414 3
414 415 3
415 416 3
360 418 3
418 419 3
369 426 3
427 428 0
429 430 3
416 417 3
417 418 3
362 420 3
423 424 3
370 429 3
375 490 3
442 443 3
443 444 3
410 411 3
354 412 3
419 420 3
422 423 3
372 431 3
441 442 3
412 413 3
451 507 0
411 412 3
428 429 3
420 421 3
425 426 3
426 427 1
431 490 3
421 422 3
440 441 3
388 444 3
430 431 3
388 446 3
565 573 3
573 574 3
441 556 3
446 451 1
420 478 3
381 498 3
441 498 3
427 485 3
433 493 3
498 555 3
440 498 3
498 556 3
444 502 3
444 503 3
392 507 3
429 488 3
377 493 3
388 503 3
430 488 3
426 485 1
379 493 3
466 580 0
408 466 3
443 502 3
421 478 3
421 479 3
422 479 3
428 485 1
431 488 3
379 436 3
411 469 3
416 474 3
417 474 3
423 480 3
424 482 3
424 425 3
436 555 3
446 507 3
464 580 0
409 467 3
410 467 3
410 469 3
415 473 3
478 479 3
422 480 3
488 490 3
436 493 3
500 556 3
441 500 3
442 500 3
443 500 3
507 509 1
409 466 3
411 470 3
412 470 3
413 471 3
414 472 3
415 472 3
423 482 3
425 482 3
433 490 3
443 501 3
507 565 3
470 471 3
471 472 3
415 474 3
479 480 3
425 483 3
500 501 3
501 502 3
450 507 3
469 470 3
472 473 3
473 474 3
418 534 2
419 534 2
426 483 3
502 503 3
466 467 3
436 554 3
420 534 2
428 486 1
488 489 1
489 490 0
554 555 2
418 474 3
480 482 3
428 488 3
490 548 3
575 576 1
489 548 3
490 549 3
490 550 1
433 492 1
467 469 3
486 488 0
548 549 3
490 492 1
492 493 0
483 485 1
492 550 3
467 526 1
469 526 1
469 527 1
470 528 1
471 528 1
575 629 3
527 528 3
485 486 0
574 629 3
576 629 0
524 580 0
526 527 3
528 529 3
471 529 1
418 533 1
478 534 3
436 552 2
466 524 1
471 531 1
472 531 1
473 531 1
474 531 1
474 532 1
474 533 1
482 539 0
425 539 0
483 539 0
549 550 3
575 637 1
529 531 3
531 532 3
532 533 3
488 546 3
493 552 2
480 539 0
489 546 3
492 552 0
503 563 3
388 563 3
533 534 3
485 543 1
486 543 1
573 629 3
480 538 3
538 539 0
466 525 1
467 525 1
539 540 1
530 531 3
483 540 1
483 541 1
483 542 2
485 542 0
501 560 3
502 560 3
503 560 3
479 538 3
540 541 3
464 522 3
522 580 0
580 696 3
524 696 0
525 526 3
524 525 3
529 530 3
486 545 2
488 545 3
545 546 3
501 559 3
388 564 3
576 637 0
479 534 3
538 595 3
555 613 3
446 564 3
565 568 1
479 595 3
500 558 3
552 609 3
552 611 3
555 556 3
559 560 3
534 536 3
479 536 2
542 543 1
489 605 2
492 609 0
436 611 1
556 558 3
500 559 3
546 605 3
536 595 0
548 605 3
563 564 3
550 609 3
554 611 3
554 612 3
554 613 2
611 612 3
558 559 3
524 582 2
525 582 3
533 536 3
555 614 3
522 696 0
543 602 0
486 602 2
556 614 3
565 571 3
531 589 3
545 602 3
613 614 3
565 570 1
571 573 3
532 589 3
541 599 0
483 599 3
543 601 0
558 615 3
530 589 3
533 591 3
540 598 0
483 600 3
542 600 3
542 601 1
549 607 3
612 613 0
529 587 3
530 587 3
532 590 3
532 591 3
598 599 3
599 600 3
556 615 3
589 590 3
536 593 0
536 594 0
600 601 1
601 602 0
546 604 3
548 606 3
548 607 3
550 608 3
614 615 3
582 696 0
590 591 3
594 595 0
538 596 3
539 597 0
539 598 0
545 604 3
605 606 3
608 609 3
558 616 2
559 616 2
563 620 1
565 625 1
570 571 0
536 592 0
596 597 3
597 598 3
606 607 3
549 608 3
552 610 3
562 616 3
637 694 0
527 585 3
536 591 0
595 596 3
604 605 3
610 611 3
615 616 3
570 629 0
573 631 1
592 593 3
609 610 3
560 616 3
503 616 3
565 743 3
570 743 0
571 629 3
629 631 1
528 585 3
528 644 3
591 592 3
607 608 3
562 563 3
503 562 3
507 564 3
629 743 3
529 644 3
602 604 3
585 644 3
587 589 3
593 594 0
526 585 3
629 630 1
576 694 0
587 645 3
576 693 0
587 644 3
589 645 3
629 693 1
507 622 1
590 648 3
594 652 1
598 656 1
598 657 1
599 657 1
693 694 3
525 642 0
526 642 0
591 648 3
597 656 1
609 667 3
563 621 1
564 621 1
694 695 1
637 695 3
601 659 1
507 681 1
630 631 2
585 642 3
585 643 3
606 664 3
589 647 3
656 657 3
611 668 3
615 672 3
620 621 2
507 621 1
610 668 3
614 672 3
507 620 1
604 662 3
607 664 3
589 646 3
602 660 3
608 666 3
609 666 3
611 670 3
612 670 3
643 644 3
644 645 3
645 646 3
648 649 3
591 649 3
593 651 3
601 660 0
616 620 1
620 678 0
525 641 0
592 651 3
595 653 1
596 654 1
605 663 3
609 668 3
668 670 3
561 616 3
563 616 3
616 617 3
616 678 1
617 678 1
507 678 1
622 680 2
507 680 1
565 683 1
565 684 1
684 743 0
582 641 0
590 647 3
591 650 3
592 650 3
651 652 3
652 653 3
653 654 3
597 654 1
600 659 1
600 658 1
605 662 3
606 663 3
607 723 3
607 666 3
667 668 3
561 676 1
561 617 3
507 627 3
565 627 3
627 684 1
582 640 0
646 647 3
647 648 3
649 650 3
650 651 3
658 659 1
662 663 3
666 723 3
666 667 3
613 670 1
616 731 3
561 678 1
680 681 3
627 683 1
627 743 3
629 749 1
640 696 0
641 642 3
642 643 3
613 672 3
615 731 3
683 684 1
693 749 1
659 660 0
664 723 3
627 681 1
507 682 1
597 655 1
600 657 1
604 660 3
663 664 3
627 682 1
640 641 3
654 655 3
655 656 3
660 662 3
672 731 3
657 658 3
629 688 1
663 720 3
688 743 0
662 720 3
613 729 1
629 747 1
672 729 1
688 747 1
749 750 3
693 750 1
696 698 1
743 746 1
646 704 2
668 727 3
670 727 3
670 729 3
688 746 1
640 698 3
644 702 1
645 702 2
645 704 2
659 718 0
660 718 3
642 700 3
643 700 3
645 703 2
647 704 2
651 709 1
656 714 1
662 719 3
666 724 3
667 724 3
668 726 3
703 704 3
650 708 1
651 708 1
655 714 1
660 719 3
695 753 0
641 700 3
648 704 2
648 706 1
657 716 1
658 716 1
659 717 1
723 724 3
726 727 3
746 747 1
694 753 1
649 706 1
657 714 1
717 718 3
627 680 1
693 751 1
643 701 2
644 701 2
649 707 1
649 708 1
652 710 0
653 711 1
654 712 0
655 713 1
750 751 3
694 751 1
694 752 1
641 698 3
641 699 3
706 707 3
707 708 3
709 710 0
710 711 1
711 712 0
712 713 1
713 714 2
663 721 3
507 561 3
629 748 1
752 753 0
698 699 3
699 700 3
700 701 3
718 719 3
719 720 3
720 721 3
664 721 3
667 726 3
747 748 0
748 749 3
702 703 3
708 709 3
704 706 3
657 715 1
658 717 1
751 752 2
704 705 3
714 715 0
715 716 3
672 788 1
729 788 3
731 788 1
664 780 3
561 627 3
705 706 3
716 717 3
723 780 3
727 729 3
701 702 3
721 780 3
667 783 3
724 783 3
726 783 3
727 786 3
746 803 1
743 803 1
696 754 3
638 696 3
638 698 1
743 859 1
748 807 0
749 807 0
702 761 1
703 761 1
729 786 3
750 807 0
701 760 1
702 760 1
706 764 3
707 764 2
719 777 3
698 756 3
701 759 3
709 767 3
718 777 3
746 804 0
747 804 0
700 758 3
760 761 3
707 766 3
708 766 3
709 766 3
713 770 0
715 773 3
720 778 3
724 782 2
726 784 3
638 754 3
699 757 3
700 757 3
701 758 3
703 762 3
704 762 2
705 762 3
766 767 3
712 770 1
713 772 0
714 773 0
716 773 3
716 774 3
719 778 3
721 778 3
723 782 2
782 783 1
727 784 3
627 859 1
803 804 0
748 806 0
638 756 1
698 757 3
758 759 3
711 769 0
714 772 0
721 779 1
780 781 3
723 781 2
561 792 1
747 805 3
747 806 0
806 807 0
750 808 0
751 809 2
752 810 2
753 810 2
759 760 1
761 762 3
710 769 1
769 770 3
773 774 3
778 779 1
779 780 0
781 782 3
804 805 1
805 806 0
807 808 1
808 809 1
809 810 2
756 757 3
638 757 1
705 763 3
705 764 3
764 766 3
709 769 3
772 773 1
717 774 3
718 776 3
776 777 3
777 778 3
561 731 3
753 811 0
757 758 3
762 763 3
767 769 3
810 811 0
763 764 3
770 772 3
717 776 3
783 784 3
774 776 3
786 788 3
784 786 3
788 845 3
784 843 3
786 843 3
786 845 3
788 904 3
731 904 1
743 860 1
859 860 0
803 860 0
772 829 3
770 829 3
760 819 3
761 819 3
763 822 3
767 825 3
769 826 3
774 833 3
776 833 3
783 841 0
764 822 3
766 825 1
767 826 3
782 841 3
859 916 0
783 842 0
627 916 1
762 820 3
763 820 3
769 827 3
777 835 3
784 842 0
561 904 1
760 818 3
762 819 3
764 823 3
766 823 1
766 824 1
826 827 3
770 827 3
773 831 3
774 832 3
778 835 3
759 816 1
822 823 3
823 824 3
824 825 3
772 831 1
774 831 3
832 833 3
778 836 3
779 837 0
780 838 3
781 839 3
782 840 3
786 844 3
561 853 1
803 861 0
804 862 1
805 863 0
806 864 1
807 865 1
808 866 1
809 867 1
810 868 1
811 869 1
758 816 1
763 821 3
821 822 3
772 830 1
776 835 3
835 836 3
836 837 3
837 838 3
838 839 3
839 840 3
840 841 3
841 842 3
843 844 3
844 845 3
860 861 3
861 862 3
862 863 1
863 864 2
864 865 3
865 866 3
866 867 3
867 868 3
868 869 3
820 821 3
825 826 3
829 830 1
842 843 1
757 816 1
759 818 1
818 819 3
819 820 3
830 831 3
831 832 3
827 829 3
638 816 1
816 818 3
638 815 1
845 904 3
815 816 3
818 875 3
822 880 3
816 875 2
821 880 3
833 892 3
776 892 3
835 892 0
823 881 3
827 885 1
829 887 1
830 887 3
627 1029 1
826 885 1
827 886 1
829 886 1
561 1029 1
638 872 1
815 872 3
825 883 3
826 883 3
833 891 3
627 972 1
859 917 0
819 877 3
820 877 3
824 881 3
832 890 3
833 890 3
972 1029 1
916 972 0
860 917 3
815 873 3
815 874 3
818 877 3
823 880 3
826 884 2
885 886 3
831 889 3
843 901 3
844 901 3
916 973 0
816 874 2
820 878 3
821 878 3
821 879 3
824 883 3
883 884 2
884 885 2
830 889 3
835 893 0
836 894 3
837 895 3
838 896 1
839 897 1
840 898 1
841 899 1
842 900 1
972 973 3
860 918 3
861 919 3
862 920 3
863 921 2
864 922 2
865 923 1
866 924 1
867 925 1
868 926 1
869 927 1
874 875 3
877 878 3
890 891 3
891 892 3
892 893 3
893 894 1
894 895 3
895 896 3
896 897 3
897 898 3
898 899 3
899 900 3
900 901 3
916 917 3
917 918 3
918 919 3
919 920 3
920 921 1
921 922 2
922 923 1
923 924 3
924 925 3
925 926 3
926 927 0
873 874 3
818 876 3
879 880 3
880 881 3
844 960 3
844 903 3
845 903 3
876 877 3
878 879 3
886 887 3
832 889 3
901 960 3
872 873 3
875 876 3
889 890 3
561 963 1
881 883 3
830 945 3
889 945 3
903 960 3
903 904 3
887 945 3
638 987 1
945 946 3
889 946 3
904 963 3
881 939 3
881 941 1
883 941 1
884 942 1
638 929 1
883 942 1
880 939 3
561 965 1
879 939 3
874 932 3
940 941 1
929 987 3
872 931 3
875 932 3
879 937 3
937 939 3
941 942 3
886 1002 1
892 950 1
922 980 0
873 931 3
881 940 2
893 950 1
923 980 0
923 981 0
923 982 0
924 982 0
924 983 0
925 983 0
875 933 3
876 933 3
878 994 3
884 943 2
885 943 3
890 948 0
891 949 1
893 951 1
894 952 1
895 953 1
896 954 1
897 955 1
898 956 1
899 957 1
900 958 1
901 959 1
916 974 0
917 975 1
918 976 0
919 977 0
920 978 0
921 979 0
921 980 0
926 984 0
927 985 0
876 935 3
877 935 3
877 994 3
879 994 3
889 1005 3
889 948 0
948 949 1
949 950 3
950 951 3
951 952 1
952 953 3
953 954 0
954 955 1
955 956 0
956 957 3
957 958 3
958 959 3
903 961 1
973 974 3
974 975 1
975 976 0
976 977 3
977 978 3
978 979 3
979 980 3
981 982 3
983 984 0
984 985 3
874 931 3
942 943 3
886 943 3
887 1002 3
959 960 0
960 961 1
903 963 3
932 933 3
982 983 2
638 931 1
931 932 3
937 994 3
939 940 0
943 1002 1
945 1002 3
948 1005 1
935 994 3
980 981 3
946 1005 3
972 1030 1
973 1030 1
933 935 2
935 992 3
933 992 2
994 995 3
937 995 3
903 1020 1
963 1022 3
1029 1030 3
980 1039 1
981 1039 1
937 996 0
939 996 0
961 1020 3
561 1022 1
940 998 1
995 996 0
941 998 0
945 1004 3
963 1020 3
946 1004 3
933 991 1
993 994 3
993 995 3
941 999 0
942 999 0
950 1008 3
932 990 3
991 992 0
935 993 3
945 1003 3
949 1008 3
951 1008 3
963 1021 3
982 1039 1
931 990 3
933 990 3
992 993 3
940 996 1
1002 1003 3
1021 1022 3
940 997 1
998 999 3
942 1000 0
943 1001 0
948 1006 1
949 1007 3
951 1009 3
952 1010 0
953 1011 0
954 1012 3
955 1013 0
956 1014 3
957 1015 3
958 1016 3
959 1017 3
960 1018 2
961 1019 3
973 1031 1
974 1032 1
975 1033 3
976 1034 1
977 1035 1
978 1036 1
979 1037 1
980 1038 1
982 1040 1
983 1041 1
984 1042 1
985 1043 1
638 990 1
996 997 3
999 1000 3
1000 1001 3
1001 1002 1
1003 1004 3
1005 1006 3
1006 1007 3
1007 1008 3
1008 1009 3
1009 1010 3
1010 1011 3
1011 1012 3
1012 1013 3
1013 1014 3
1014 1015 3
1015 1016 3
1016 1017 3
1017 1018 3
1018 1019 1
1020 1021 3
1030 1031 3
1031 1032 3
1032 1033 1
1033 1034 3
1034 1035 3
1035 1036 3
1036 1037 3
1037 1038 3
1038 1039 3
1040 1041 3
1041 1042 3
1042 1043 3
1004 1005 3
1039 1040 3
997 998 3
561 1021 1
1019 1020 3
