0 1 3
1 2 3
2 3 3
3 4 3
4 6 3
6 7 3
7 9 3
9 10 3
10 11 3
11 12 3
12 13 3
13 14 3
14 15 3
15 74 3
74 83 0
78 83 0
80 83 0
80 84 0
84 85 3
28 85 3
31 85 3
31 89 3
89 90 3
32 90 3
32 34 0
34 35 3
35 36 3
36 96 3
96 446 3
162 446 3
103 162 3
50 103 3
50 52 3
52 55 1
52 53 3
53 55 1
53 56 1
75 83 0
81 84 3
74 75 0
79 80 3
6 63 3
79 83 0
4 63 3
9 67 3
7 67 3
80 81 0
37 96 3
31 87 3
36 94 3
35 94 3
96 97 3
7 64 3
36 37 3
6 64 3
11 70 3
28 31 3
95 96 3
7 66 3
35 93 3
37 94 3
37 95 3
1 59 3
2 59 3
2 60 3
66 67 3
10 70 3
28 87 3
34 92 3
93 94 3
103 106 1
53 114 1
3 60 3
12 70 3
13 70 3
13 71 3
75 133 3
83 133 1
35 92 3
70 71 3
56 114 3
0 58 0
0 59 3
59 60 3
3 61 3
14 72 3
15 73 3
60 61 3
4 61 3
10 67 3
13 72 3
15 72 3
73 74 3
50 108 1
53 115 1
83 135 1
32 92 0
94 95 3
50 107 1
50 452 3
133 135 3
78 135 2
50 106 1
107 452 0
109 452 0
10 68 3
72 73 3
47 103 3
52 452 3
58 59 1
61 63 3
67 68 3
72 130 3
28 145 3
103 105 1
47 106 1
71 72 3
84 141 3
106 107 3
108 452 0
68 70 3
71 130 3
87 89 3
92 93 3
47 105 1
64 66 3
85 142 3
63 64 3
81 141 3
28 142 3
107 108 3
105 106 3
84 142 3
106 452 0
141 142 3
90 147 1
92 149 1
280 452 0
60 119 0
63 120 0
63 121 0
64 121 2
67 125 3
105 162 0
61 119 0
61 120 0
87 145 3
89 147 1
32 149 1
60 118 0
162 163 1
105 163 1
105 451 0
106 451 0
90 148 1
64 122 2
70 128 3
73 132 3
74 132 3
94 152 3
121 122 3
64 124 3
66 124 3
68 128 3
32 148 1
93 152 3
120 121 3
68 125 3
97 155 3
59 117 0
60 117 0
118 119 3
66 125 3
73 130 3
95 153 3
96 153 3
162 336 3
53 452 3
58 117 3
119 120 3
64 123 3
75 132 1
78 136 2
87 146 3
147 148 3
95 152 3
96 154 3
97 154 3
336 446 3
163 451 0
167 452 0
168 452 0
170 452 0
123 124 3
68 126 3
128 187 3
135 136 3
83 136 1
89 146 3
148 149 3
149 208 0
96 155 3
167 168 2
117 118 3
124 125 3
79 136 1
142 202 3
28 202 3
92 208 3
122 123 1
125 126 3
71 128 3
146 147 3
93 208 3
154 155 3
145 146 3
152 153 3
451 452 3
126 128 3
71 187 3
132 133 0
79 195 1
163 336 0
58 174 3
136 195 3
80 139 2
81 139 3
130 188 3
130 132 3
153 154 3
117 174 3
71 188 3
145 203 3
93 209 3
155 214 3
169 452 0
171 452 0
80 195 1
152 209 3
96 214 3
168 169 2
187 188 3
133 192 3
139 195 1
135 192 3
139 196 1
208 209 3
146 203 3
135 194 3
141 202 3
146 204 3
147 204 3
125 183 2
136 194 3
145 202 3
215 446 3
118 176 3
120 179 3
121 179 2
123 182 0
124 182 0
135 252 3
130 189 3
132 189 2
133 191 3
194 252 3
202 203 3
148 206 0
149 206 0
96 215 3
171 229 2
117 176 3
128 186 3
152 210 3
153 210 3
154 213 3
155 213 3
214 215 3
229 452 0
117 175 3
124 183 0
126 186 3
153 211 3
154 212 3
221 336 0
163 221 3
224 452 0
170 229 3
120 177 2
126 183 2
126 184 3
192 252 3
204 205 3
147 205 3
211 212 3
223 280 0
223 452 0
228 452 0
170 228 3
174 175 3
122 181 2
123 181 0
181 182 3
183 184 3
188 189 3
147 206 0
212 213 3
133 189 1
209 210 3
210 211 3
221 451 0
228 229 3
175 176 3
119 177 3
182 183 2
184 186 3
186 187 3
141 258 3
203 204 3
118 177 3
121 181 2
202 259 3
215 330 3
330 446 3
177 179 3
191 192 3
141 259 3
205 206 3
206 265 3
149 265 3
176 177 3
208 265 3
179 181 3
213 214 3
189 191 0
226 452 0
183 241 2
194 195 3
189 248 2
191 248 3
258 259 3
215 273 3
179 238 3
181 238 3
81 255 1
141 255 1
206 264 3
188 246 0
273 330 3
452 512 3
195 196 3
139 255 1
204 262 3
446 509 3
336 509 3
278 336 0
189 246 0
203 262 3
252 309 3
196 255 3
223 224 3
179 237 3
192 309 3
214 272 3
229 287 0
237 238 3
182 241 3
187 246 0
192 250 3
196 254 3
255 258 0
205 262 3
213 272 3
287 452 0
191 250 3
250 309 3
195 253 3
203 261 3
205 263 3
206 263 3
211 269 3
215 272 3
174 232 3
186 243 0
186 244 0
191 249 3
194 253 3
253 254 3
258 315 3
209 267 3
210 267 3
210 268 3
212 269 3
212 270 3
213 271 3
286 452 0
228 286 3
53 289 1
179 236 3
181 239 3
184 243 2
187 303 0
249 250 3
255 315 0
261 262 3
262 263 3
263 264 3
268 269 3
270 271 3
271 272 3
53 287 1
175 233 3
176 233 3
177 236 3
236 237 3
182 239 3
183 242 2
184 242 2
187 244 0
246 303 3
248 249 3
267 268 3
269 270 3
278 509 0
53 288 1
175 232 3
243 244 3
208 324 3
272 273 3
177 233 3
254 255 3
267 324 3
238 239 3
239 241 3
244 303 3
202 261 3
265 324 3
336 451 3
242 243 3
252 310 3
194 311 3
259 261 3
264 265 3
278 451 0
287 288 1
239 298 3
241 242 3
252 311 3
253 311 3
241 298 3
310 311 3
255 314 0
314 315 3
261 318 3
232 291 3
175 291 3
246 248 3
259 318 3
233 291 3
248 306 3
272 330 3
267 325 3
233 292 3
249 306 3
324 325 3
289 512 0
232 290 3
288 289 0
290 291 3
177 292 3
241 299 3
309 310 3
236 294 3
298 299 3
242 299 3
258 316 3
259 376 3
268 326 3
288 512 0
254 311 3
255 313 0
259 316 3
264 323 3
265 323 3
267 326 3
237 295 3
246 306 3
315 316 3
318 376 3
236 295 3
246 304 3
249 307 3
254 313 3
313 314 3
269 327 3
270 328 3
271 330 3
291 292 3
236 292 3
237 296 3
238 296 3
304 306 3
306 307 3
316 376 3
323 324 3
326 327 3
327 328 3
271 328 3
271 329 3
451 509 3
337 451 0
295 296 3
249 308 3
250 308 3
311 313 3
328 329 3
294 295 3
307 308 3
325 326 3
329 330 3
452 514 3
303 304 3
287 512 0
292 351 3
292 294 3
294 351 3
243 359 3
243 360 3
239 296 3
242 358 3
242 359 3
308 309 3
337 452 0
290 349 3
291 349 3
358 359 3
243 303 3
263 379 3
264 379 3
359 360 3
262 320 3
263 320 3
323 379 3
239 355 3
261 320 3
330 388 3
296 355 3
298 355 3
303 360 3
320 379 3
388 446 3
329 388 3
451 514 3
295 353 3
306 363 3
324 382 3
294 353 3
304 363 3
325 382 3
299 358 3
294 352 3
315 375 3
316 375 3
351 352 3
309 425 3
311 369 3
313 370 3
313 429 3
314 372 3
261 376 3
425 482 3
313 369 3
313 372 3
320 376 3
303 361 3
307 365 3
308 365 3
310 369 3
370 429 3
323 382 3
391 446 3
299 357 3
304 361 3
304 362 3
306 364 3
372 429 3
512 514 3
290 348 3
296 354 3
298 356 3
298 357 3
362 363 3
307 364 3
308 425 3
310 368 3
369 370 3
323 381 3
382 383 3
325 383 3
326 384 3
327 385 3
328 386 3
329 387 3
295 354 3
354 355 3
356 357 3
361 362 3
363 364 3
309 368 3
315 373 3
375 376 3
381 382 3
383 384 3
384 385 3
385 386 3
386 387 3
387 388 3
352 353 3
368 369 3
315 372 3
373 375 3
379 381 3
355 356 3
360 361 3
309 367 3
367 368 3
372 373 3
348 349 3
291 351 3
357 358 3
353 354 3
364 365 3
375 433 3
376 433 3
388 509 3
351 408 3
291 408 3
349 408 3
367 425 3
451 513 3
513 514 3
362 421 3
376 378 3
363 421 3
365 425 3
368 426 1
320 378 3
367 426 1
373 432 3
365 423 3
423 425 3
375 432 3
360 418 3
361 418 3
381 440 3
384 442 3
349 407 3
365 422 3
382 440 3
383 442 3
348 407 3
407 408 3
351 410 3
352 410 3
357 416 3
358 416 3
360 417 3
364 422 3
369 427 1
354 412 3
359 417 3
370 428 3
383 441 3
512 519 3
355 412 3
361 419 3
368 427 1
369 428 3
382 441 3
385 443 3
386 443 3
348 406 3
351 409 3
353 411 3
354 411 3
355 413 3
356 414 3
358 417 3
417 418 3
418 419 3
362 419 3
440 441 3
385 442 3
408 409 3
409 410 3
353 410 3
412 413 3
413 414 3
357 414 3
357 415 3
421 422 3
428 429 3
372 430 3
376 434 3
378 434 3
378 379 3
441 442 3
442 443 3
451 564 3
411 412 3
415 416 3
416 417 3
427 428 0
373 431 3
381 496 3
387 443 3
509 564 3
513 564 3
406 407 3
414 415 3
422 423 3
425 426 1
426 427 3
372 431 3
432 433 3
379 437 3
381 437 3
437 496 3
513 515 3
512 517 3
410 411 3
362 420 3
420 421 3
429 430 3
433 434 3
378 437 3
453 564 0
453 513 0
453 515 0
514 517 3
431 432 3
419 420 3
430 431 3
441 500 3
420 476 3
419 476 3
440 496 3
514 516 3
516 517 3
431 490 3
432 490 3
378 493 1
378 494 2
437 494 3
387 445 3
418 476 3
442 500 3
388 445 3
440 498 3
441 498 3
443 500 3
408 466 3
496 498 3
409 466 3
434 493 1
493 494 0
423 481 3
426 485 0
427 485 0
428 485 3
425 481 3
443 445 3
517 519 3
406 464 3
407 464 3
407 465 3
410 468 3
411 469 3
411 470 3
412 470 3
413 471 3
413 472 3
414 472 3
415 473 3
416 475 3
417 475 3
420 479 3
421 479 3
422 480 3
426 484 3
432 491 2
433 491 2
499 500 3
443 501 3
465 466 3
468 469 3
469 470 3
470 471 3
472 473 3
416 474 3
479 480 3
423 480 3
481 482 3
425 484 1
434 491 1
441 499 3
415 474 3
418 475 3
480 481 3
490 491 3
409 468 3
471 472 3
474 475 3
429 486 3
498 499 3
500 501 3
445 501 3
464 465 3
473 474 3
484 485 0
428 486 3
494 495 3
515 564 3
437 495 3
430 486 3
430 545 2
430 489 1
490 547 1
496 554 3
431 489 1
431 547 1
434 492 1
498 554 2
485 486 3
489 545 0
489 547 3
492 493 2
465 523 1
466 523 1
466 526 1
409 526 1
468 526 1
514 518 3
466 525 1
468 527 1
469 527 1
470 527 1
476 536 3
420 536 3
491 492 1
513 518 3
516 518 3
525 526 3
526 527 3
479 536 3
486 545 3
490 548 3
493 552 0
470 528 1
418 534 1
482 600 2
474 533 1
476 534 3
547 548 3
493 550 2
472 531 1
473 531 1
473 532 1
474 532 1
475 533 1
475 534 1
425 600 2
485 545 0
492 550 3
471 529 1
533 534 3
444 445 3
445 509 3
470 529 1
531 532 3
532 533 3
550 552 0
495 553 2
495 496 3
500 558 3
501 558 3
534 536 3
480 538 3
494 552 3
496 553 2
527 528 3
471 530 1
472 530 1
479 538 3
481 538 3
491 548 0
491 549 2
492 549 3
464 522 1
484 600 0
548 549 3
465 522 1
528 529 3
530 531 3
494 553 3
499 558 3
501 502 3
481 540 3
482 540 3
545 546 3
489 546 0
445 502 3
522 523 3
529 530 3
538 592 0
481 539 1
540 600 2
541 600 3
484 542 1
485 542 1
485 543 2
501 559 3
523 524 3
466 524 1
536 592 0
479 592 0
539 540 0
540 541 1
542 600 0
543 545 3
498 556 3
502 559 3
524 525 3
538 594 0
538 539 1
549 550 3
552 553 3
499 556 3
515 518 3
534 592 0
518 630 1
558 559 3
542 543 0
552 609 3
554 556 3
592 594 3
546 547 3
550 609 3
556 558 3
518 570 1
533 592 0
496 611 1
532 592 0
548 606 3
554 611 3
522 580 0
553 611 3
556 614 3
517 518 3
545 603 3
550 608 3
554 614 0
515 570 1
542 601 1
543 603 3
549 606 3
608 609 3
444 502 3
543 601 1
592 593 3
543 602 3
549 608 3
523 580 0
591 592 3
593 594 3
602 603 3
547 605 2
531 589 0
590 592 0
546 604 3
548 605 3
552 610 3
552 611 2
502 558 3
529 587 0
530 587 0
530 589 0
531 590 0
532 590 0
590 591 0
594 595 3
545 604 3
509 515 3
580 581 1
523 581 3
528 586 0
529 586 0
603 604 3
546 605 3
605 606 3
609 610 3
558 614 3
509 620 3
519 635 1
524 581 3
586 587 0
619 620 3
520 635 1
530 588 0
538 595 2
604 605 3
611 614 0
502 614 3
587 588 3
588 589 3
589 590 3
527 585 0
527 586 0
538 596 2
539 596 0
539 597 0
539 598 0
540 598 2
541 598 0
600 601 1
601 602 0
509 622 1
509 623 1
596 597 3
597 598 3
541 599 1
525 583 0
526 583 0
526 584 3
527 584 3
585 586 3
595 596 3
598 599 1
622 623 3
524 583 0
584 585 0
599 600 0
549 607 3
610 611 3
581 583 0
583 584 1
606 607 3
607 608 3
519 520 3
611 670 3
509 624 1
581 639 0
614 670 1
614 729 1
619 623 1
502 729 1
583 639 2
518 520 3
519 695 1
601 659 0
520 631 1
517 520 3
520 695 1
592 650 3
600 658 1
601 658 0
444 622 1
619 622 1
591 650 3
593 650 3
606 664 2
444 619 3
586 644 2
587 644 2
587 646 2
588 646 2
594 652 3
607 666 3
608 666 3
444 509 3
509 684 1
583 640 3
593 652 3
595 652 3
599 658 3
605 664 3
609 667 3
610 668 3
580 638 2
585 644 2
595 654 3
596 654 3
598 656 3
602 659 2
603 661 3
605 663 3
609 666 2
611 668 3
623 624 3
619 624 1
581 638 0
639 640 3
597 656 3
599 656 0
604 661 3
604 663 3
607 664 2
610 667 3
620 684 1
584 642 0
585 642 2
585 643 2
644 645 3
587 645 3
590 648 2
591 648 3
591 649 3
593 651 3
595 653 3
597 655 3
602 660 3
620 624 1
583 641 2
583 642 2
642 643 3
643 644 3
588 647 2
589 647 2
589 648 2
649 650 3
653 654 3
654 655 3
659 660 2
603 660 3
604 662 3
666 667 3
667 668 3
611 669 3
515 684 1
641 642 3
648 649 3
650 651 3
651 652 3
661 662 3
662 663 3
668 669 3
638 639 1
645 646 3
646 647 3
652 653 3
647 648 3
655 656 3
599 715 3
658 659 0
664 666 0
669 670 3
640 641 3
658 715 2
684 685 1
515 685 1
510 515 3
660 661 3
663 664 3
510 685 1
620 683 1
641 699 3
666 723 1
670 729 3
640 699 3
510 684 1
664 723 1
683 684 0
502 789 1
729 789 3
510 620 3
645 703 2
643 701 3
646 703 3
658 716 3
659 716 2
640 698 3
642 700 3
644 703 3
661 719 3
639 698 3
641 700 3
660 719 3
668 727 3
669 727 3
510 518 3
656 715 1
667 726 1
668 726 1
510 687 1
654 712 3
656 714 2
662 721 3
663 721 3
638 696 1
638 697 1
639 697 3
698 699 3
699 700 3
647 705 3
648 706 3
649 707 3
650 708 3
651 709 3
652 709 3
652 710 3
653 711 3
653 712 3
655 712 3
655 713 3
655 714 3
714 715 3
666 724 1
667 725 3
670 727 3
502 503 3
642 701 3
646 704 3
646 705 3
705 706 3
706 707 3
707 708 3
708 709 3
710 711 3
713 714 3
660 718 3
662 719 3
724 725 3
725 726 1
726 727 2
503 789 1
444 503 3
644 701 3
709 710 3
716 717 0
659 717 0
659 718 2
718 719 3
670 728 3
696 697 3
697 698 3
703 704 3
704 705 3
717 718 3
727 728 3
728 729 3
715 716 3
723 724 3
700 701 3
663 780 3
711 712 3
664 780 2
644 760 3
712 713 3
701 760 3
662 777 3
719 777 3
662 778 3
721 778 3
703 760 3
777 778 3
723 780 3
520 809 1
663 779 3
779 780 3
727 785 3
721 779 3
728 785 3
729 846 3
789 846 3
717 776 3
718 776 3
696 755 3
697 755 3
701 759 3
712 770 1
723 781 3
724 781 3
728 787 3
698 755 3
700 759 3
703 762 1
704 762 1
711 770 1
713 770 1
696 754 3
703 761 0
705 763 1
706 764 1
707 765 1
708 766 1
709 767 1
716 773 2
716 832 2
717 832 3
717 775 3
780 781 3
724 782 3
725 783 3
726 784 3
727 784 3
729 787 3
754 755 3
698 756 3
698 757 3
699 757 3
759 760 3
760 761 0
761 762 1
762 763 3
763 764 3
764 765 1
765 766 0
766 767 3
710 767 1
714 772 3
773 832 3
775 776 3
776 777 3
781 782 3
782 783 3
726 783 3
756 757 3
700 757 3
713 772 3
715 772 3
715 773 2
784 785 3
755 756 3
757 759 3
775 832 3
778 779 3
510 520 3
710 769 1
711 769 1
713 771 1
772 773 1
783 784 3
787 846 3
710 768 1
770 771 3
771 772 0
767 768 3
768 769 3
769 770 3
444 620 3
503 1021 1
444 1021 1
757 816 3
759 816 3
785 844 3
728 844 3
789 847 3
503 847 1
761 820 2
762 820 3
787 844 3
787 845 3
757 815 0
755 813 1
756 813 1
756 815 0
775 834 3
776 834 3
777 836 3
778 836 3
779 837 3
844 845 3
759 817 3
763 820 3
778 837 3
754 813 1
760 818 3
763 822 3
764 822 3
766 824 1
771 830 3
772 830 1
776 835 3
777 835 3
780 837 3
783 841 3
846 847 3
754 812 1
760 817 3
761 818 2
761 819 2
819 820 3
763 821 3
765 822 0
765 824 3
767 825 3
768 826 3
769 827 3
770 828 3
771 829 3
773 830 3
780 838 3
781 839 3
782 840 3
783 840 3
784 842 3
785 843 3
845 846 3
620 858 1
812 813 3
756 814 1
821 822 3
824 825 0
825 826 3
826 827 3
827 828 3
828 829 3
834 835 3
835 836 3
837 838 3
838 839 3
839 840 3
840 841 3
783 842 3
843 844 3
813 814 3
816 817 3
817 818 3
829 830 3
775 891 3
784 843 3
814 815 0
820 821 3
773 831 3
832 891 3
836 837 3
841 842 3
815 816 1
830 831 3
834 891 3
847 1021 3
831 832 3
822 823 3
765 823 0
444 506 3
842 843 3
506 1021 1
506 620 3
818 819 3
823 824 1
620 916 1
824 883 0
825 883 3
846 904 3
847 904 3
858 916 1
817 875 3
817 876 3
818 876 3
845 904 3
819 877 3
831 889 3
834 892 3
835 892 3
510 916 1
815 873 2
820 878 3
830 888 3
840 899 3
841 899 3
842 899 3
845 903 3
812 870 3
813 871 3
814 871 3
875 876 3
818 877 3
820 877 3
826 884 3
827 885 3
828 886 3
831 888 3
832 890 3
835 893 3
836 894 3
837 895 3
838 896 3
839 897 3
840 898 3
842 900 3
844 903 3
870 871 3
814 873 3
815 874 2
816 874 2
817 874 1
876 877 3
877 878 3
821 879 3
883 884 3
884 885 3
885 886 3
829 886 3
829 888 3
831 890 3
890 891 3
893 894 3
894 895 3
895 896 3
896 897 3
897 898 3
898 899 3
899 900 3
843 900 3
873 874 3
820 879 3
821 880 3
822 880 3
823 883 0
829 887 3
888 889 3
891 892 3
892 893 3
843 901 3
874 875 0
823 880 3
886 887 3
900 901 3
903 904 3
878 879 3
887 888 3
889 890 3
844 901 3
879 880 3
883 940 1
814 930 3
823 940 3
871 930 3
873 930 3
887 945 3
844 960 3
823 939 3
939 940 3
888 945 3
901 960 3
903 960 3
880 939 3
883 941 1
940 941 3
891 949 0
892 949 0
847 963 3
884 941 1
890 949 0
963 1021 3
890 948 3
876 934 3
885 943 3
886 943 3
889 948 3
901 959 3
904 963 3
875 934 3
877 935 3
878 935 3
878 936 3
886 945 3
888 947 2
889 947 2
900 959 3
870 928 3
871 929 3
873 931 3
877 934 3
879 937 3
879 939 3
884 942 1
947 948 3
892 950 0
893 951 0
894 952 3
895 953 3
896 954 3
897 955 3
898 956 3
899 957 3
900 958 3
903 961 3
904 961 3
928 929 3
879 936 3
937 939 2
884 943 3
948 949 0
949 950 0
950 951 2
951 952 1
952 953 3
953 954 3
954 955 3
955 956 3
956 957 3
957 958 3
958 959 3
929 930 3
874 931 3
875 933 3
935 936 3
936 937 3
942 943 3
959 960 3
960 961 3
874 933 0
933 934 3
941 942 3
888 1004 3
930 931 3
937 996 3
939 996 3
934 935 3
947 1004 1
961 963 3
874 990 3
931 990 3
933 990 3
945 1004 3
935 993 3
943 1002 3
886 1002 3
963 1020 3
934 993 3
961 1020 3
940 998 3
941 998 3
945 1002 3
936 994 3
937 994 3
929 988 3
930 988 3
931 988 3
939 998 3
941 999 3
942 999 3
943 1001 3
942 1001 3
947 1005 1
935 994 3
998 999 3
948 1005 1
949 1007 1
951 1010 1
952 1010 3
953 1010 3
959 1017 1
510 1036 1
510 1037 1
937 995 3
942 1000 3
950 1007 1
960 1017 1
928 986 3
929 987 3
931 989 3
933 991 3
995 996 3
939 997 3
1000 1001 3
948 1006 1
948 1007 1
950 1008 1
951 1009 1
953 1011 3
954 1012 3
955 1013 3
956 1014 3
957 1015 3
958 1016 3
958 1017 1
960 1018 1
961 1019 3
986 987 3
987 988 3
988 989 3
989 990 3
990 991 3
934 991 3
996 997 3
1005 1006 3
1006 1007 3
1007 1008 3
1008 1009 3
1009 1010 3
1011 1012 3
1012 1013 3
1013 1014 3
1014 1015 3
1015 1016 3
1016 1017 1
1017 1018 3
1018 1019 3
1019 1020 3
993 994 3
997 998 3
1001 1002 3
1010 1011 3
1036 1037 3
1004 1005 3
994 995 3
999 1000 3
