0.0315751 -0.0330896 23.2897
0.0357081 -0.0326927 23.1869
0.0396843 -0.0194645 22.954
0.00184867 -0.0595787 26.1167
-0.0168977 -0.108709 28.7131
-0.0487787 -0.0265927 30.4612
-0.0150027 -0.0694629 26.3004
-0.00232683 -0.0801935 24.2713
0.108808 -0.412574 7.52817
0.0130025 -0.170745 23.8075
0.000226722 -0.141067 26.6961
-0.0264006 -0.077041 31.5569
-0.0368367 -0.0385716 34.1246
-0.0291091 -0.0673615 32.2999
-0.0384735 -0.0923843 35.3001
-0.0307602 -0.107127 32.8329
-0.0159914 -0.0918634 27.2663
0.0559814 -0.137395 2.87043
-0.0311896 -0.102638 27.3586
-0.100207 -0.163864 59.4267
-0.0176445 -0.203803 24.4154
-0.0594552 -0.335081 46.4463
-0.0423242 -0.312603 37.0596
-0.0035095 -0.0229376 4.90884
0 0.272589 1.86808
0.0088216 0.271721 -2.99999
0.0107485 0.0510166 -1.52628
0.15413 0.0180189 -90.4942
0.0038116 0.0182771 0.636259
0.0153098 0.0305888 -5.59737
-0.060553 0.0627441 42.369
0.00665422 0.0281441 -1.22136
0.0899317 -0.00304985 -57.0438
0.0797521 0.0158125 -50.0114
0.0138508 -0.00868016 -7.63974
0.019958 -0.021122 -11.8057
-0.00949072 -0.059846 12.3273
-0.0182879 -0.0416506 19.1326
-0.0219199 -0.0372174 21.5847
-0.00610376 0.00297282 7.48317
0.00375286 -0.00302957 -1.06479
-0.00453876 -0.0205845 7.88484
0.0603301 -0.0421049 -49.6206
-0.00297528 -0.0639024 6.40207
0.0775378 -0.319341 -67.7541
-0.00331006 -0.0676392 6.69079
-0.00331558 -0.0541449 6.56491
-0.00261894 -0.00307776 4.70506
-0.0440212 -0.442319 78.2224
-0.0589252 -0.452508 94.3508
-0.00333337 -0.00273799 5.44226
0 -0.331799 6.27316
-0.00326581 -0.00249916 5.34693
-0.00318365 -0.0023313 5.23924
0.112068 0.215933 -105.451
0.112127 0.209391 -105.509
-0.022262 0.0293288 48.4127
0.00931041 0.0813162 9.34526
-0.00486796 0.00897699 7.7297
0.0253628 -0.0293718 23.36
0.0125474 -0.0517075 24.8384
-0.0309699 -0.14497 30.4085
-0.1556 -0.576335 52.4679
-0.0196362 -0.0561913 27.599
-0.00560962 -0.0733929 26.2551
-0.0275937 -0.0463379 28.175
-0.00975802 -0.0674903 26.1085
0.005352 -0.123517 23.5633
-0.00215308 -0.133369 25.5826
-0.0650888 -0.416161 50.764
-0.0123185 -0.111167 29.3547
-0.0201384 -0.142547 32.8369
-0.0410699 -0.0713723 35.9453
-0.0469794 -0.0771777 37.9535
-0.00146881 -0.113944 22.4437
0.0102912 -0.0501867 9.87608
-0.0264648 -0.0777638 24.493
-0.0403645 -0.197718 34.3934
-0.0136212 -0.235886 24.6077
-0.0736265 -0.31259 52.5747
-0.0786662 -0.281987 54.2914
0.0213034 -0.0279617 -7.51476
-0.0905244 0.191899 54.6114
-0.0682139 0.120626 28.6938
0.0116511 0.000170657 -3.29426
0.00635528 0.0147789 -0.687879
0.0762888 0.00378587 -40.8027
0.0157441 0.0564654 -6.68505
-0.0274949 0.10078 19.5848
-0.00954148 0.0741306 8.63824
0.0463531 -0.00351486 -28.3502
0.0728208 0.0496988 -46.372
0.0102197 -0.0047491 -4.70291
-0.00386859 0.00715912 5.28644
0.000522902 -0.0119515 3.02507
-0.0120785 -0.0140049 12.6656
0.00131652 -0.0240791 1.7114
0.000625298 -0.0146238 1.82641
0.00165828 -0.00406678 1.01184
-0.00323797 -0.0223725 5.65853
-0.00773174 -0.0228231 9.82655
-0.00537447 -0.00135415 6.79591
-0.00559107 -0.00713597 7.2323
-0.00263134 -0.00303629 4.70758
0.136896 -0.242188 -114.272
-0.0607727 -0.460759 96.5082
-0.0471814 -0.474331 82.7137
-0.0733896 -0.466988 110.517
-0.0888393 -0.186267 118.848
-0.171482 -0.00415144 207.795
-0.00518057 -0.0911022 22.7308
-0.0361077 -0.292106 66.1019
-0.0113785 -0.260411 37.2324
0.0368104 0.104937 -24.8421
0.0420155 0.0661574 -30.1032
0.308121 -0.0430462 -351.831
-0.0102389 -0.272195 25.2151
-0.0251371 0.0183991 7.50987
0.0215451 0.0236241 4.76193
0.0924063 -0.0242878 2.67738
0.119219 -0.174005 8.36304
0.144028 -0.352412 15.2056
0.107954 -0.472959 26.5323
-0.0156788 -0.111005 28.7452
-0.0225062 -0.0812689 29.0037
-0.0170752 -0.110536 28.7392
0.00966083 -0.145948 24.6255
-0.0794881 0.0923327 34.0328
0.0016506 -0.129365 25.623
0.15308 -0.459554 -1.63111
-0.0307683 -0.157701 37.585
-0.0882197 -0.0039613 48.1904
-0.0532794 -0.0731074 40.1823
-0.0140113 -0.0534633 18.1877
-0.000493668 -0.0104527 10.1437
0.00364086 -0.0324667 9.73528
-0.00926581 0.0289637 11.9783
0.463882 0.0555892 -205.16
0.262112 -0.388013 -93.5827
0.0201244 -0.00249719 -8.47128
0.0182202 0.0316425 -8.60849
0.0373404 -0.00438037 -16.5086
0.00994603 0.0385859 -3.04479
0.0481728 0.0412161 -25.7967
0.128154 0.0473955 -74.9506
0.0434212 0.024784 -21.4411
0.0384816 0.0642891 -21.0822
0.0525531 -0.0547803 -22.4164
-0.0355381 -0.13085 43.5087
-0.0479374 -0.124667 50.8634
-0.0328102 0.004428 27.8771
0 0 -1
-0.0117444 0.00901894 11.8426
-0.0149759 -0.00818997 14.9491
-0.00749084 -0.00549333 8.60959
0.00225905 -0.0141283 0.596687
0.00148264 0.000291809 0.923502
-0.00685166 0.00175866 8.17065
-0.0104298 -0.0130846 12.931
-0.106804 0.228636 90.5806
-0.00133884 -0.00436588 3.98989
0.0299872 0.249616 -41.0181
-0.00166833 -0.00289519 3.72658
0.0554396 -0.185058 5.74417
0.233415 0.0430275 -233.946
-0.000371584 -0.0662657 28.1354
0.329756 -0.117405 -331.731
0.33852 -0.0751095 -343.636
0.0228509 0.000394611 7.03444
0.0807973 0.414766 -82.5753
0.0546235 -0.0836652 -22.5299
-0.0363148 0.459526 51.8348
-0.0521232 0.682417 43.7858
-0.0521232 0.682417 43.7858
0.00705237 0.0304523 6.20776
0.012242 0.0538512 3.48086
-0.00484908 0.0471627 3.87512
0.00316843 0.0432991 4.62784
0.0502013 0.00552922 3.54625
0.00172574 -0.0117277 10.6337
-0.00444548 0.0105268 9.38499
-0.0132564 -0.000134041 11.5219
-0.0290012 -0.0457065 18.5766
0.090555 -0.391526 22.8348
0.0728326 -0.306091 20.4535
0.0140154 -0.21608 27.9301
0.0258796 -0.135319 19.7689
-0.0042475 -0.0947385 24.1066
-0.00237099 -0.20121 29.8161
0.019183 -0.286139 29.0431
-0.0832164 -0.0840487 46.8853
0.00655418 -0.00818798 7.53985
0.0060601 -0.0115895 7.72314
-0.0305595 -0.0136386 23.2604
-0.020917 -0.032707 20.3935
-0.0037836 -0.0078332 10.7693
0.00647433 0.00292344 5.16733
-0.0361602 0.153588 13.4816
0.0661959 0.0347142 -28.3944
0.0906665 0.0176646 -46.8383
0.0762922 0.0186872 -39.1082
0.00101782 -0.0978643 14.5693
0.0222184 0.00802839 -8.01192
0.00387663 -0.034781 7.81623
0.0317154 -0.0799639 -6.40081
-0.0410191 -0.112782 43.7356
-0.0278423 -0.017415 25.725
-0.13943 -0.117081 116.058
-0.0236614 -0.0111961 21.385
0.00752632 0.0164519 -3.75129
-0.0195169 0.0040866 18.1675
-0.0197708 0.00984463 17.7147
-0.0204729 -0.00680717 19.6099
-0.00431042 -0.00534793 5.83498
0.000869789 -0.0142633 2.07012
0.00401103 -0.00816302 -0.840163
0.0098032 -0.0149535 -5.56452
0 -0.0593312 7.96905
-0.00600247 -0.00371387 7.68513
-0.00224855 -0.232184 21.5486
0.350071 0.25317 -324.946
0.0786009 -0.171192 -18.9754
0 -0.0808036 28.7615
0.11374 0.176322 -100.865
0.0942783 0.195027 -81.2353
0.331924 -0.0879867 -335.588
0.032236 0.672597 -44.0259
0.258663 0.132337 -267.926
0.0540746 -0.0806616 -22.3348
0.0579565 -0.0735918 -27.2314
0.02789 -0.0318795 5.51872
0.02789 -0.0318795 5.51872
0.0230664 0.0409178 4.81785
-0.00549734 0.0873481 2.1877
-0.00717051 0.117213 -0.688993
-0.00569631 0.100673 0.800929
0.00211527 0.0664467 3.63905
-0.00599535 0.040453 7.22938
-0.0136976 0.0320666 8.85432
-0.00942705 0.0511956 6.29378
-0.0490182 0.0798781 10.7105
-0.0346475 0.0516207 10.169
0.00365154 0.038279 3.56512
-0.0460455 -0.0043722 20.5079
-0.00743775 -0.047519 15.782
-0.0462279 0.030356 17.6621
0.0393422 0.0353371 -9.35643
0.0868441 0.0113 -21.9099
0.0466686 0.00666102 -7.75317
-0.008548 0.00385084 12.4868
-0.00712426 -0.00604569 12.688
-0.0624722 -0.014277 36.5865
-0.0467071 -0.0216287 30.874
-0.00467336 -0.0517305 15.0265
0.0213186 -0.0705603 3.81508
0.0418346 -0.0346523 -9.30074
0.0773641 0.00651354 -31.6751
0.0472625 -0.0709078 -13.9197
0.0067851 -0.00625872 3.0319
0.0180484 -0.0537429 -0.283606
-0.00749519 -0.108524 20.7383
0.0129124 -0.0682181 3.81477
0.00331728 -0.0958064 12.1993
-0.0114837 -0.0698117 19.8905
-0.022814 -0.0624923 27.0838
-0.050641 -0.0678588 47.1147
-0.00508122 -0.000467998 7.1336
-0.0157385 -0.00885902 16.283
-0.0142919 -0.00700503 15.1076
-0.0263586 -0.000429854 24.0678
-0.0181656 0.000935132 17.0628
-0.00674471 -0.0054467 7.9383
0.000918925 -0.0150956 2.22398
0.00156579 -0.0171897 1.95717
0.0267439 -0.0629061 -16.9532
0.0105929 -0.0572675 -3.01979
-0.00653549 -0.0565069 13.1566
0 -0.0592126 7.18886
0.409112 0.321303 -390.643
-0.0244636 -0.156684 84.883
-0.533127 -0.115713 576.901
0.0557292 0.0662988 -58.0586
0.0130969 0.144464 -20.7941
0.051076 0.0745005 -55.8914
-0.0232561 0.0983638 24.7048
-0.0140157 0.124863 11.8483
0.0672504 -0.0655104 -38.9114
-0.952648 -0.01599 1177.6
0.0126175 0.161099 139.479
0.256941 -0.0734308 -283.603
0.0204455 0.0632562 2.05617
0.0498502 0.0521503 2.85589
-0.00565133 0.0946415 1.85107
-0.0213738 0.0668291 6.58106
-0.0130737 0.0620061 6.33874
-0.00658221 0.0573588 5.53761
0.00102801 0.0706575 3.19333
-0.00373666 0.0828817 2.26544
-0.0249196 0.0769803 6.98623
-0.0358384 0.0850435 7.97016
-0.0169523 0.0735475 4.91925
-0.066855 0.0181257 23.9194
-0.0394847 -0.0431987 23.3776
-0.0261963 0.0179137 12.774
0.0267925 0.0504409 -6.81802
0.0619639 0.0461825 -17.1601
0.0329097 0.0150613 -3.52688
-0.0119515 -0.000578705 14.3244
-0.0229522 -0.0195983 20.7649
-0.0683365 -0.0124597 39.0349
-0.0578906 -0.00793832 32.9403
-0.0270082 -0.0689811 26.1519
0.0101166 -0.109517 12.3092
-0.02781 -0.0363734 21.8057
-0.00523673 -0.0225658 7.93134
0.0211677 -0.0550317 -1.49136
0.00855066 -0.0591521 6.38638
-0.0179987 -0.0675036 22.5812
0.0166901 -0.0683242 1.00847
-0.00750013 -0.048116 13.7285
-0.00430512 -0.0611165 13.2931
0.0126473 -0.0832648 4.70393
0.322752 -0.033199 -218.616
-0.00417887 -0.0321776 10.0019
-0.00837356 -0.0126167 10.648
-0.00416227 -0.0234677 9.14677
-0.00481096 -0.0143946 8.33246
-0.0158722 -0.000455344 15.5156
-0.0193878 -0.00559468 18.7294
-0.00266325 -0.00219763 4.08439
0.00555211 -0.00725996 -2.80183
0.0104743 -0.00860653 -7.07315
0 0.00622662 -0.103799
-1.21905 1.16382 1001.25
0.00706541 -0.00924308 -3.59174
-0.00239166 0.000409965 4.54384
-0.00231001 -0.00195164 4.26308
0.229975 0.0675049 -205.634
-0.191592 -0.361049 247.7
0 0.0891927 -4.14355
0.00511605 0.0152234 -0.861412
-0.00487237 0.0392667 7.24656
0 0.0236328 3.70178
-0.00411557 0.01703 9.25434
0 -0.0217435 40.5522
-0.390215 0.00132921 645.333
0.00894949 0.163435 143.701
0.338245 -0.14847 -376.776
0.0108791 0.0902229 -1.16277
0.0156627 0.0814668 -0.599884
0.0511547 0.0630898 1.71591
0.00847888 0.0307657 9.10515
-0.0189498 0.0327391 10.7337
-0.00551552 0.042106 7.85021
0.00909081 0.0422894 5.98143
-0.00380181 0.0461901 7.21408
-0.0214805 0.0382949 11.2791
-0.020518 0.0351848 11.4027
-0.0248068 0.0370565 11.9376
-0.0413594 0.0427493 14.4452
-0.0395379 0.0304708 14.2762
0.0106002 0.0374801 -0.137347
0.0310526 0.0423802 -6.82085
0.0220695 0.0242879 -0.938342
-0.00926587 0.00307479 12.8041
-0.0297941 -0.0234264 23.8689
-0.00421701 -0.0339923 15.509
-0.093526 -0.0206793 50.0138
-0.0762753 -0.0184065 42.4719
-0.0486902 -0.0188861 29.7316
-0.0295122 0.00386704 17.3165
-0.0323237 -0.0132887 21.3079
-0.00148361 -0.0236546 6.40987
-0.0214382 -0.04083 20.1399
-0.0401286 -0.197469 53.623
-0.00530299 -0.0600812 14.1387
0.0003249 -0.0579189 10.4074
-0.00455044 -0.0499755 12.2725
-0.000508441 -0.0452219 8.71709
0.0055112 -0.0384038 3.53379
0.00323973 -0.0469087 7.0843
0.0034573 -0.00989295 1.7964
-0.0046649 -0.00240374 6.66907
0.00545672 -0.00510747 -0.67441
-0.000523821 0.00790245 2.21203
-0.0121833 0.000462443 12.429
-0.0208489 -0.00025937 19.3165
-0.0043054 0.000854497 5.16667
0.00549824 -0.00200447 -3.3428
0.020368 -0.00450212 -16.22
0.0138285 -0.00503769 -9.88958
-0.0096795 0.0316556 9.99083
0.0415382 0.0515938 -42.0642
0.0223378 0.0972152 -30.7068
-0.0389252 0.0798329 32.6258
-0.00335103 -0.0274796 44.2486
-0.0206359 0.355766 -21.9894
0.00527863 0.351652 -48.6777
0.0222065 0.366245 -69.0876
0.197656 0.282031 -252.425
0 0.0147135 2.76181
0 0.365972 -44.8479
0 0.0147135 2.76181
0 0.0147135 2.76181
0.148599 0.291071 -214.106
-0.0461174 0.269976 26.7061
0.0138056 0.0812252 0.182836
0.0177567 0.0872265 -0.962692
0.0326309 0.0563399 3.51435
-0.00761371 0.0196907 11.6881
-0.0172148 0.0231059 11.9397
-0.00907641 0.0177474 11.9258
0.00331586 0.0234115 9.13685
-0.0185257 0.00990506 14.7502
-0.0209754 0.00462288 15.9755
-0.0194238 0.00706303 15.299
-0.0350712 0.022867 16.317
-0.0779831 0.0398416 23.6531
-0.0109339 0.0451751 4.34131
0.0032739 0.0441922 0.893596
0.00532461 0.052886 -0.737204
-0.00760374 0.0193786 9.69918
-0.0322386 -0.00397132 21.9565
-0.0467 -0.00848783 27.2856
-0.00444976 -0.0117801 12.1005
-0.0439128 -0.0250235 30.1942
-0.13418 -0.0121211 81.7528
-0.125767 0.00224757 75.5106
-0.0363784 0.0101397 19.9512
-0.0517358 -0.00808907 30.517
-0.0308495 -0.0107507 20.1044
-0.00327127 -0.0116859 5.43074
-0.00226067 -0.0268464 6.99295
-0.00225247 -0.0521383 11.0151
-0.0074154 -0.045664 13.2317
0.335738 0.3861 -273.644
0.114988 0.0677072 -85.2037
0.00242421 0.000173272 -0.198814
0.0178404 -0.0230462 -6.88304
0.0089291 -0.018559 -1.09461
-0.0152437 -0.00543849 14.7607
-0.00447312 -0.00829799 7.48109
-0.0142048 -0.0087904 15.4739
-0.00752495 -0.00028092 8.5246
-0.00593141 0.00403506 6.57869
0.000458341 0.0124986 -1.13835
0.000254046 -0.00290838 1.94946
-0.025142 -0.149029 45.8619
0.0169098 -0.00396309 -13.0046
0.0110589 -0.00937745 -6.51525
-0.0166464 -0.0202859 22.0074
-0.0021768 -0.000806596 3.98526
-0.00304349 -0.00191382 5.04252
-0.0332989 0.0987406 77.6091
0 0.257777 -27.4391
0 0.272339 -29.7526
0 0.272339 -29.7526
0 0.272339 -29.7526
-0.0120073 0.266194 -15.2524
0.0047728 0.275 -35.6737
0 0.272339 -29.7526
-0.00748786 0.273824 -21.0712
-0.0489787 0.27571 29.431
-0.00081405 0.191135 -16.3213
0.00782536 0.0758669 1.1183
0.00647059 0.071088 1.85798
0.0120268 0.0505115 5.2898
-0.0537536 0.0579639 8.29655
-0.00920581 0.00074256 14.7471
-0.00530449 0.0226352 10.4104
-0.00563341 0.0345271 8.41466
-0.0162057 0.0130643 13.6802
-0.0211892 0.0138705 14.4657
-0.02039 0.0233883 12.5078
-0.0262139 0.000282032 17.9589
-0.0598389 0.0458198 17.9957
-0.0432193 0.131717 -0.734726
-0.0749394 0.234482 -10.3929
0.00111925 0.101851 -8.29327
-0.0504327 0.0318597 21.744
-0.0477066 -0.00147227 26.9091
-0.0193349 -0.00625425 17.0853
0.00939605 -0.031294 11.2876
-0.0971867 -0.00764322 50.6006
-0.125724 -0.00446781 76.7991
-0.0666948 -0.0360983 42.5684
-0.0303278 0.00660494 17.3377
-0.0440371 0.0227508 21.6187
-0.0290376 0.0200434 14.2731
-0.0943517 -0.0230583 67.1934
0.0114984 0.165275 -33.3878
-0.0217185 0.498249 -72.2444
0.0143694 0.00960279 3.03295
-0.410577 0.217717 230.103
0.00456831 0.165423 -30.5291
0.00758949 0.0801149 -17.5045
-0.00311776 0.0385818 -2.02253
0.0103969 0.0344492 -11.3436
-0.0163931 0.0230509 10.3613
-0.0134813 0.0142494 9.67677
-0.00413987 -0.00515021 6.29183
-0.00750543 0.015983 5.05977
-0.0125841 0.0145425 9.66451
-0.010027 0.00786905 9.17307
0.00236804 -0.00193478 0.235768
0.0491123 0.0417187 -50.1012
-0.00586195 0.00302106 6.79076
-0.00354488 -0.0103177 7.26847
0.0059769 0.0728067 -17.8898
-0.00221613 0.00130602 3.64095
-0.0043506 0.000637914 6.01047
-0.0417954 0.0967376 86.6584
-0.0035323 -0.00107676 5.50273
-0.00275981 -0.000383894 4.54505
-0.00314051 -0.000795755 5.02193
-0.00272667 0.00067397 4.28289
-0.00360856 -0.00036063 5.46551
-0.00365105 -0.000485873 5.54007
-0.00374538 -2.477e-05 5.53949
-0.00397673 -0.000544934 5.94217
-0.00407063 -0.000196831 5.95718
1.19137 0.241825 -1401.45
0.0331881 0.0719433 20.4274
0.0331873 0.0719435 20.4274
0.032122 0.0584186 24.4009
-0.0094502 0.148429 8.28317
-0.0646391 0.0665577 29.6748
-0.100696 0.00792357 44.9258
-0.14541 0.064796 38.8005
-0.147424 0.165945 16.9792
-0.084443 0.123026 15.5686
-0.0759376 0.16075 5.7789
-0.0741983 0.112456 14.8412
-0.0844583 0.111725 17.4987
-0.0759668 0.16668 3.91383
-0.0723569 0.118851 12.194
-0.0453467 0.135011 0.899801
-0.0766613 -0.0126132 39.0149
-0.0416823 -0.026503 29.2114
-0.229224 0.0673083 162.332
0.0639446 -0.00802647 -14.6971
-0.018931 0.407028 -61.3147
-0.562071 -0.0241506 334.63
0.0159901 0.308035 -64.2691
0.0107712 0.321683 -64.7968
0.0361983 0.260245 -65.9943
0.0690681 0.256974 -82.0092
-0.0251472 0.078489 7.38937
0.0426586 0.234894 -62.947
0.0581408 0.0798658 -38.1649
0.00401195 0.04003 3.13583
-0.100875 0.0839968 58.5272
-0.0527933 0.257125 -9.55359
-0.0635716 0.287547 -8.75423
-0.0539344 0.223617 -0.724698
-0.0566938 0.220116 0.861664
-0.0329327 0.0603223 16.108
-0.0305634 0.0456223 16.7569
-0.0192557 0.0290261 11.7263
0.00197553 0.0263325 -4.23746
-0.0252906 0.0212756 18.2419
-0.005676 0.00519584 6.19251
0.00175575 0.0184585 -0.258923
0.128893 0.0829688 -128.472
-0.00148782 -2.45044e-05 3.16512
0.0109705 0.130966 -34.1475
-0.0224801 0.107659 2.73255
0.00584379 0.103113 -23.8527
0.00698614 0.0855982 -21.6021
0 0.12213 -21.981
-0.141505 -0.0881941 262.929
4.01032e-07 0.17152 58.7144
-0.469754 0.0491078 655.609
0.522227 -0.0469823 -415.781
0 0.153694 117.979
0.00370214 0.154649 113.52
0 0.153694 117.979
0.216237 -0.0836967 -139.084
0 0 -1
0.761212 0.0933136 -841.587
0.118538 0.0999282 -7.93533
0.0269094 0.0514316 25.0392
0.0208034 -0.0264996 42.1617
-0.137961 0.187232 -20.1942
-0.0997028 0.0381586 38.7951
0.0148552 -0.218456 62.6144
0.0239702 -0.305696 81.7432
0.0147653 0.131835 -20.0923
0.0127977 0.0671218 -4.76947
0.0106584 0.0487096 -0.12959
0.0145762 -0.0104565 11.8322
0.0169188 0.372281 -79.9449
0.0273637 0.361898 -80.5946
0.0249822 0.353806 -78.0177
0.0293322 0.348409 -78.1487
0.0277923 0.325597 -72.3692
0.0273717 0.339147 -75.5192
0.0472296 0.362984 -88.3174
0.0456712 0.413219 -99.5074
0.201287 0.0928498 -77.8877
-0.0171758 0.408548 -62.7777
-0.115249 0.085038 153.509
-0.0167504 0.345783 -57.2856
0.0115539 0.341022 -69.5461
0.0270041 0.335109 -76.0111
0.0251788 0.3046 -68.2822
0.0214122 0.170865 -36.8252
0.0214716 0.118908 -25.2647
0.0203324 0.0866486 -17.3417
-0.0485325 0.198576 1.36793
-0.00604932 0.289457 -45.9674
0.0370716 0.341112 -87.9347
0.00349223 0.256624 -46.2072
-0.020212 -0.00268715 19.6937
-0.0238387 0.0229349 16.9039
-0.152186 0.428412 25.6965
-0.00970487 0.000811955 10.4753
-0.0182228 0.0142659 14.354
-0.0114754 0.35314 -64.1885
-0.00577065 0.00283507 6.75741
-0.00537371 0.00229022 6.53858
-0.0736956 0.0975167 67.9096
0.0782638 -0.0631462 -33.0889
0.0435387 -0.0841943 4.18639
0.00352524 -0.0607328 36.545
-0.285156 -0.503906 426.355
0.153546 0.263767 -185.464
0.149399 0.272317 -183.177
-0.113375 -0.147068 245.909
-0.121264 -0.14049 252.918
-0.234529 -0.0128786 410.57
-0.225049 0.424744 181.829
-0.0112872 0.0325491 155.238
-3.15096e-06 -0.140206 180.065
0.0193848 0.0542772 114.858
0.193589 -0.189778 -41.5527
0.225393 0.0256391 -173.252
0.20684 -0.0468678 -202.144
0.0784702 -0.24929 75.1329
0.0210012 0.214347 -34.3734
-0.0470357 0.24536 -39.3695
-0.0360312 0.348053 -66.5499
0.00590335 0.394895 -81.9274
-0.0133065 0.357682 -70.8295
0.0108821 0.351812 -71.7905
0.00413612 0.228567 -41.0109
-0.00826766 0.35394 -69.3612
0.000531115 0.358515 -72.1892
-0.0185806 0.36492 -69.509
-0.000662124 0.368817 -74.751
0.0186793 0.360098 -77.6656
0.015811 0.349038 -74.1912
0.0191794 0.339051 -72.7934
0.0188003 0.31624 -67.0935
0.0357214 0.315376 -72.728
0.0636661 0.30154 -79.4027
0.0687002 0.389888 -103.052
0.0657414 0.0117008 -0.0785388
0.252054 0.0112626 -80.1239
-0.474123 0.386834 150.465
0.00835954 0.348396 -69.5223
0.0124216 0.332762 -67.3147
0.0118908 0.319811 -64.2429
-0.00695421 0.302668 -48.8948
-0.0851059 0.405 -30.3874
0.106733 0.0764877 -66.8049
0.0889512 0.0915152 -59.4578
0.0725857 0.260063 -89.8971
0.00403749 0.316224 -58.5306
0.0415876 0.333744 -87.8901
0.101458 0.287354 -118.236
0.113017 0.25258 -117.066
0 0.328516 -54.0441
0.150553 0.183594 -143.729
-0.00222738 0.254202 -34.2462
-0.00569462 0.291996 -40.5687
0.0175226 0.383222 -81.8476
0.0124497 0.355801 -71.2694
-0.000385541 -0.0759622 51.8635
-0.00529627 0.322527 -47.8489
0.0657482 -0.0203759 -31.1522
0.0276474 -0.065876 14.7464
-0.0290039 -0.0653971 68.7938
0.0419623 0.177533 -48.9002
0.0226779 -0.0853836 27.82
-0.0758225 0.0507859 105.039
0.0554184 -0.157319 9.7303
-0.132712 0.284319 98.1703
-0.0697001 0.310252 24.1685
-0.185458 -0.355931 322.592
0 -0.106286 54.9963
0.019956 -0.0966271 29.5819
0.0162162 -0.113756 37.7126
0.0203844 -0.122916 34.8249
-0.0064287 -0.0893621 58.5145
0.167178 0.0260273 -170.03
0.0308638 0.303939 -58.6779
0.0295099 0.259575 -46.5977
0.0153904 0.279536 -52.1985
-0.0253145 0.32695 -62.4942
0.0117547 0.386011 -80.6878
0.0159246 0.374673 -78.0123
-0.00740411 0.396167 -80.6269
-0.00580877 0.398922 -81.6097
0.00124917 0.341143 -67.482
-0.00348107 0.357864 -71.1305
-0.00449756 0.361292 -71.8015
-0.00289391 0.365647 -73.3767
0.00105273 0.358082 -72.3969
0.00461281 0.339978 -68.58
0.00092816 0.331401 -65.1781
0.00548619 0.314908 -62.3087
0.0278274 0.292704 -64.1482
0.06666 0.229516 -61.7182
0.13781 0.186125 -77.6406
0.141111 0.093651 -53.2002
0.113214 0.0105194 -19.3854
-0.0104735 0.248626 -33.4739
-0.0145635 0.293389 -43.7137
0.000208452 0.29908 -52.8826
0.0375644 0.308684 -74.9848
-0.0189083 0.314385 -46.0901
0.0659582 0.190711 -59.8453
-0.0364848 0.142043 14.4192
-0.0758743 0.18288 26.4561
-0.0743275 0.285141 -2.67378
-0.130014 0.129721 80.4907
0.0465469 0.26563 -73.9213
0.072949 0.268891 -93.2136
0.0640063 0.264333 -85.0369
0.0911968 0.239425 -97.8863
0.143824 0.200313 -142.813
-0.117715 -0.0363397 119.211
-0.000337158 -0.0759153 51.81
-0.000344987 -0.0759323 51.821
-0.000369628 -0.0759502 51.8466
-0.000383997 -0.0759584 51.8611
-0.000385387 -0.0759605 51.8629
0 -0.073112 50.7852
7.52286e-13 -0.073112 50.7852
8.39646e-13 -0.073112 50.7852
0.037356 0.180112 -44.9897
0.052925 0.182137 -60.8534
0.0313266 0.0650187 -8.65423
-0.0697858 0.296816 27.9511
-0.0985981 0.34258 46.6076
-0.053409 0.0920741 67.2918
0 -0.245728 97.2377
0.0456429 0.315986 -101.259
0.00674149 -0.190757 82.3488
-0.0287161 -0.123219 105.995
0.162207 -0.0464196 -141.461
0.143666 -0.14315 -91.059
0.193177 -0.175553 -142.035
0.0286053 0.307389 -59.6031
0.026892 0.314516 -61.6194
0.0257427 0.311477 -60.2689
-0.00651329 0.393483 -82.1506
0.0305268 0.429704 -95.7847
0.00912279 0.416428 -89.554
0.0124608 0.385771 -80.172
0.0504914 0.75904 -198.05
0.0844117 0.233172 -47.1073
0.0654197 0.201368 -33.6188
0.0672934 0.171397 -25.2541
0.0267474 0.219294 138.306
0.071475 0.210807 -45.5761
0.0714093 0.210833 -45.5658
0.0580195 0.239186 -49.8203
0.0347028 0.259219 -48.0973
0.000387082 0.260554 -36.5399
-0.0355983 0.25397 -21.4358
0.124129 0.131352 -56.8274
-0.0472256 0.294794 -29.9218
-0.0396671 0.234796 -15.6125
-0.0209875 0.22071 -20.0225
-0.00365992 0.251358 -37.5223
0.0208523 0.297718 -63.2669
0.00940613 0.289802 -53.6233
-0.0375197 0.297784 -31.4227
0.0234172 0.228574 -45.8102
-0.0220387 0.190781 -8.19755
-0.00483043 0.22299 -28.3191
-0.00930883 0.212271 -21.8568
0.00388433 0.181762 -21.8371
0.0609823 0.221858 -71.0183
0.0816351 0.247717 -92.9426
0.0723479 0.259805 -89.8263
0.0895041 0.2398 -96.7679
0.0531431 0.274854 -79.6391
0.0422243 0.258901 -66.8892
0.039094 0.265197 -66.2767
0.00557609 0.184882 -15.5427
-0.00498708 0.227055 -18.9646
-0.00350203 0.252279 -27.6106
0.0044152 0.260203 -36.9084
0.0144051 0.248452 -42.4892
0.00168929 0.233231 -27.3958
-0.0175475 0.101782 30.1141
-0.00921789 0.109855 19.5923
-0.00518845 0.092263 20.8449
-0.0272592 0.0932841 43.1303
0.0248886 0.10666 -22.1173
0.00362845 0.240878 -31.9063
0 0.235838 -26.5678
0 0.235838 -26.5678
0 0.235838 -26.5678
0.00311959 0.226356 -27.415
-0.0187383 -0.138346 98.6569
0.242848 -0.251007 -180.862
0.232175 -0.263294 -164.527
0.235675 -0.246092 -173.426
0.0200457 0.0213422 43.254
0.0199004 0.0271396 41.4349
0.0181269 0.0333721 39.5371
-0.0682383 0.992664 -265.679
-0.012761 0.520694 -118.404
-0.00530696 0.357692 -69.1786
-0.0120206 0.331497 -59.5892
-0.0140052 0.241858 -31.8115
0.0118811 0.235784 -34.5791
0.0289772 0.187817 -21.612
0.0611712 0.160142 -20.4256
0.0644532 0.158876 -20.418
0.0269672 0.219152 138.29
0.102612 0.206854 -53.498
0.0788903 0.244976 -58.1584
0.0474341 0.256108 -51.3925
0.00277153 0.268254 -39.6619
-0.0436888 0.255866 -18.7722
-0.0636403 0.264293 -13.8399
-0.0864935 0.242962 2.40366
-0.0506877 0.213593 -4.63163
-0.0308748 0.224419 -16.4403
-0.00725084 0.256263 -37.9237
0.0349657 0.273919 -64.0443
0.0407298 0.270049 -64.9492
-0.0294244 0.274307 -28.4584
-0.0450792 0.251734 -13.0633
-0.0328818 0.226635 -12.4148
-0.0111215 0.212254 -21.0878
-0.00857929 0.203322 -19.8822
0.0102195 0.214902 -35.9374
0.0476326 0.219346 -62.0733
0.0972428 0.259042 -107.847
0.0729062 0.272983 -94.2009
0.0664612 0.263642 -87.222
0.0880233 0.269716 -106.083
0.0519576 0.2625 -75.6797
0.0435181 0.269812 -71.2601
-0.0291524 0.242701 -4.26004
-0.0406156 0.100881 49.4988
-0.0261839 0.0135421 64.3561
-0.0126419 -0.0341154 67.3415
-0.00925044 -0.0543936 70.683
-0.0151022 -0.0301446 68.4838
0 -0.135563 87.5972
-0.023669 0.100821 36.3825
0.0451125 -0.0616776 18.1365
0.110114 -0.148312 165.643
0.00742763 -0.206867 287.47
-0.00735581 -0.157081 287.687
-0.00661594 -0.139204 281.507
-3.67612e-07 -0.120398 268.527
0.00876012 -0.13004 261.563
-0.00484119 -0.15152 283.897
-0.0047823 -0.151532 283.832
-0.00466587 -0.151573 283.706
-0.0046059 -0.151594 283.641
-0.0046059 -0.151594 283.641
0.0250055 0.0191396 43.923
0.0253695 0.0265938 41.4296
0.00718919 0.0393919 37.7592
0.0206169 0.0719378 25.7552
0.0750373 0.100175 11.9923
0.0196306 0.240467 -33.8565
0.00124509 0.289942 -48.1671
-0.0216774 0.276579 -40.6282
-0.00413315 0.271532 -42.7485
0.00178715 0.224401 -28.5996
0.041648 0.145139 -11.3603
0.0921211 0.178714 -33.8883
0.144947 0.201072 -63.9376
0.136285 0.211085 -64.6987
0.0936553 0.257662 -66.909
0.0623094 0.257293 -56.8078
-0.00760235 0.262713 -33.9218
-0.0366914 0.256444 -21.8511
-0.0686946 0.241224 -3.99802
-0.123675 0.182033 38.1356
-0.0573615 0.198172 3.51972
-0.0204274 0.232369 -23.5874
0.0138549 0.253414 -46.8878
0.0458197 0.282144 -72.0033
0.0187282 0.287332 -59.1697
-0.0311393 0.268789 -26.0603
-0.056963 0.258928 -8.53473
-0.0510304 0.243963 -7.14519
-0.0317148 0.228653 -13.7403
-0.00545193 0.217848 -26.6685
0.061237 0.244339 -79.1469
0.100129 0.272444 -114.367
0.105914 0.279799 -120.881
0.0958517 0.279195 -112.994
0.0620744 0.295087 -93.3641
0.0355048 0.294401 -73.4473
0.0625504 0.281532 -90.3133
0.0197532 0.28439 -57.4835
0.0131037 0.286732 -52.9672
0.0120004 0.275368 -48.1188
0.00633984 0.268014 -40.795
0.00681573 0.262899 -39.524
0.00992476 0.257186 -40.4148
0.0109386 0.250947 -39.2401
0.00941561 0.245742 -36.0352
-0.00426996 0.318462 -50.3956
0.161761 0.015613 62.8921
0.287656 0.00820194 -62.0841
0.00257001 -0.0203937 2.18953
0.0170097 -0.187277 276.135
-0.0735445 -0.194963 377.18
-5.8818e-07 -0.0901661 262.583
-0.00311739 -0.034785 248.096
-0.0034434 -0.0330874 247.898
-0.00393715 -0.0303783 247.56
-0.00398498 -0.0272993 246.58
-0.0022257 -0.0250253 243.678
-0.0022257 -0.0250253 243.678
0.0255281 0.0148107 45.4084
0.0255556 0.0103925 47.0084
0.0307214 0.0375503 37.4528
0.0354309 0.0286338 40.1102
0.063607 -0.102919 84.7539
0.0781632 0.192291 -24.9159
0.0175239 0.256748 -38.8095
-0.0390677 0.266203 -34.5573
-0.024819 0.235771 -26.9585
-0.0443465 0.21213 -14.8151
0.0153255 0.183036 -17.4512
0.074983 0.131777 -13.4068
0.132763 0.13808 -29.8898
0.0700411 0.0699823 12.4773
-0.0108197 0.180827 -3.19889
0.00466689 0.280559 -45.0329
-0.0107284 0.235235 -23.3473
-0.0271832 0.239935 -19.0653
-0.0412526 0.279541 -27.873
-0.0681724 -0.101581 113.201
-0.0477609 0.115923 27.5348
-0.0181197 0.0163343 30.0002
0.0661769 0.361262 -137.39
1.00671 0.361705 -604.523
-0.0418781 0.317213 -37.1108
-0.0616389 0.288135 -15.9839
-0.0710819 0.264582 -2.41412
-0.0624175 0.251903 -3.08453
-0.0383391 0.242371 -14.341
0.000441826 0.24025 -37.9738
0.0520429 0.246025 -73.4757
0.101376 0.250689 -107.855
0.11675 0.272687 -125.848
0.0771444 0.319389 -113.461
0.0666112 0.29917 -98.3729
0.0637285 0.283119 -90.7162
0.0343521 0.289649 -70.2219
0.00927743 0.286381 -49.5742
0.00633867 0.283815 -46.2755
0.00332915 0.273843 -40.2002
0.00140284 0.26766 -36.3607
0.00236947 0.262998 -35.5733
0.00443538 0.257226 -35.3927
0.00603584 0.250985 -34.6537
0.00684603 0.246598 -33.8612
0.00740332 0.245371 -33.9638
-0.0576374 0.0325997 279.329
0.0823754 0.0174807 142.684
-2.24618 12.593 -1967.71
-0.00470439 -0.0508889 255.44
-0.183668 0.0794704 373.652
-0.0954727 -0.194571 378.742
-0.00201212 -0.0344725 246.734
-0.00172459 -0.0329098 245.852
-0.00147403 -0.0303004 244.636
-0.0022257 -0.0250253 243.678
-0.0022257 -0.0250253 243.678
-0.0022257 -0.0250253 243.678
0.0189218 0.00962286 47.3171
0.0191878 -0.00292544 51.9335
0.0267313 -0.0184725 57.233
0.0392512 -0.0735779 76.2448
0.0394921 0.0393032 35.3947
0.0816533 0.186182 -22.901
0.0555582 0.203492 -25.8788
-0.0524038 0.235047 -21.1444
-0.0618536 0.21632 -13.0621
-0.0598803 0.144719 12.4923
0.00875342 0.0796396 20.9747
0.0868319 0.110053 -8.39911
0.122336 0.11082 -17.4154
0.0576788 0.105043 3.23752
0.0355632 0.176514 -16.2164
-0.0186992 0.271672 -33.4587
-0.0159135 0.250395 -27.0078
-0.0195437 0.260771 -29.3292
-0.0272864 0.281325 -33.8283
-0.00594888 0.273248 -39.4748
0.00312079 0.286501 -48.2284
0.00342934 0.30149 -53.8522
-0.00544508 0.322079 -57.2008
-0.0225258 0.335297 -53.5602
-0.047951 0.328788 -37.8634
-0.079221 0.292505 -7.87097
-0.0816525 0.26966 1.84938
-0.0674136 0.259023 -2.63885
-0.040303 0.254997 -17.596
-0.00925806 0.253977 -36.6394
0.00904731 0.231532 -40.0627
-0.066628 0.194197 39.559
-0.0702609 0.227511 29.5154
0.0023971 0.441294 -102.136
0.0507371 0.39428 -120.274
0.0774713 0.276431 -99.7517
0.0305649 0.278371 -63.4045
0.00937871 0.280291 -47.506
0.00313279 0.278505 -41.7315
-0.000386801 0.272159 -36.4377
-0.00147788 0.267462 -33.7733
-0.000885455 0.263087 -32.6892
0.000490255 0.257252 -31.784
0.00251544 0.25109 -31.3876
0.00458003 0.24671 -31.7248
0.00606419 0.244778 -32.4423
0.00672771 0.244809 -33.103
0.00117469 0.19888 -11.3066
0.00117469 0.19888 -11.3066
0.00117469 0.19888 -11.3066
-0.102369 -0.0284197 324.925
-0.0968631 -0.113065 350.248
-0.102972 0.0205638 307.652
1.02938e-07 -0.465234 236.865
9.27372e-08 -0.465234 236.865
9.2737e-08 -0.465234 236.865
9.27441e-08 -0.465234 236.865
9.27444e-08 -0.465234 236.865
