59 174 0
2 59 3
2 3 3
3 4 3
4 5 3
5 7 3
7 8 3
8 10 3
8 11 3
11 12 3
12 13 3
13 14 3
14 15 3
15 16 3
16 17 0
17 18 3
18 19 3
19 20 3
20 21 3
21 22 3
22 23 3
23 24 3
24 27 2
27 28 3
28 29 3
29 30 3
30 31 3
31 32 3
32 33 0
33 92 0
90 92 3
35 92 3
35 36 3
36 97 3
44 97 3
97 98 2
44 98 1
98 387 0
329 387 3
48 387 3
47 48 3
47 50 1
50 53 0
53 55 1
55 520 0
33 90 0
36 94 3
10 11 3
24 84 2
27 84 3
7 65 3
24 25 3
35 150 3
94 97 3
5 65 3
92 150 3
25 84 3
53 54 3
54 55 1
115 520 0
10 67 3
18 76 2
32 90 0
5 63 3
8 67 3
10 68 3
15 73 3
16 73 2
17 76 2
53 109 1
67 68 3
50 109 3
63 65 3
23 83 3
24 83 3
44 94 3
2 60 3
3 60 3
11 70 3
12 70 3
22 81 0
23 81 3
27 85 3
28 85 3
28 87 3
29 87 3
4 63 3
64 65 3
4 62 2
63 64 3
19 76 0
44 95 3
55 113 3
13 70 3
13 71 3
14 73 3
16 74 0
76 77 1
19 77 3
22 80 3
30 87 3
30 89 2
31 89 3
35 94 3
113 520 0
59 60 3
8 66 3
70 71 3
73 74 3
17 74 1
20 77 1
20 78 1
21 79 3
21 80 3
84 85 3
94 95 3
10 70 3
20 79 1
79 80 3
81 83 3
14 71 3
78 79 3
54 113 1
3 62 0
66 67 3
17 133 1
77 78 3
80 81 0
32 89 3
47 109 1
7 66 3
76 133 3
54 109 1
117 174 3
60 62 0
62 63 2
68 70 3
25 83 3
65 66 3
71 73 3
85 87 3
89 90 0
71 130 3
87 144 1
87 146 1
30 146 1
90 148 1
73 130 3
74 133 3
85 144 1
98 214 0
214 387 3
68 127 3
70 127 3
89 146 3
92 148 1
47 391 3
60 118 0
109 391 0
62 118 0
89 148 2
44 214 3
48 391 3
84 143 3
85 143 1
148 150 0
94 152 3
104 391 0
54 520 3
62 121 1
387 391 3
62 119 2
63 121 2
65 124 3
166 391 0
118 119 3
66 124 3
127 128 3
70 128 3
74 132 3
25 142 3
95 152 3
44 154 3
59 117 0
77 134 0
81 139 3
83 139 3
84 142 3
59 118 0
64 122 0
73 132 3
132 133 3
78 137 0
79 137 0
89 147 2
164 391 0
67 125 3
71 128 3
73 131 3
76 134 3
78 136 2
143 144 3
87 145 2
147 148 3
94 150 3
157 214 1
157 387 1
391 396 1
172 520 0
173 520 0
115 173 3
118 176 3
64 121 2
65 122 3
123 124 3
67 127 3
130 131 3
131 132 3
133 134 3
77 136 2
136 137 0
25 198 3
144 145 0
145 146 1
146 147 3
150 152 3
157 215 1
59 176 0
121 122 3
65 123 3
67 124 3
125 127 3
77 135 0
83 198 3
95 154 3
214 215 1
387 396 1
122 123 3
134 135 3
80 139 0
142 198 3
124 125 3
135 136 0
79 196 0
150 207 1
119 121 1
80 196 0
148 207 3
142 143 3
128 130 3
137 196 2
95 211 3
54 172 1
127 185 3
139 196 3
154 211 3
128 185 3
152 211 3
130 189 3
133 192 2
137 195 3
195 196 3
139 198 3
148 206 3
121 178 2
128 189 3
119 178 3
125 184 3
127 184 3
128 186 3
147 206 3
185 186 3
206 207 3
150 209 3
117 176 3
125 183 3
133 191 3
54 391 3
183 184 3
134 192 3
135 251 3
143 200 3
143 202 3
144 202 3
146 204 3
150 208 3
152 209 3
222 391 0
164 222 3
132 191 0
134 251 3
142 200 3
145 204 2
44 212 3
128 187 3
131 189 3
136 194 1
144 203 3
145 203 2
154 212 3
231 520 0
184 185 3
186 187 3
192 251 3
215 387 0
118 177 3
119 177 3
187 189 3
122 181 3
123 181 3
132 247 0
137 194 1
147 204 3
209 210 3
152 210 3
122 180 2
180 181 3
124 181 3
191 247 3
135 194 3
139 197 3
205 206 1
44 213 3
387 509 3
177 178 3
121 180 2
196 197 3
210 211 3
215 509 0
54 517 3
178 180 3
197 198 3
200 202 3
202 203 3
203 204 0
147 205 0
207 265 3
208 209 3
213 214 3
216 509 3
391 502 3
117 233 3
176 177 3
191 192 3
204 205 0
207 208 0
176 233 3
177 235 3
178 235 3
124 183 3
131 247 0
209 267 3
224 391 0
181 183 3
142 257 3
212 213 3
198 257 3
208 265 3
204 263 0
205 263 3
211 212 3
329 509 3
222 280 0
517 520 3
189 247 2
215 216 2
280 391 0
181 241 3
183 241 0
117 232 3
232 233 3
200 257 3
54 502 3
502 517 3
180 237 3
246 247 3
194 251 3
202 259 0
187 247 0
247 248 3
191 248 3
210 267 3
186 244 3
198 256 3
212 271 3
213 271 3
195 254 3
196 254 3
197 256 3
256 257 3
212 270 3
214 272 3
216 272 3
289 520 0
176 234 3
177 234 3
178 236 3
191 249 3
195 253 3
211 270 3
213 272 3
215 272 2
231 289 1
187 244 3
192 249 3
194 195 3
200 259 3
211 269 3
271 272 3
187 246 0
269 270 3
216 274 3
283 391 0
235 236 3
180 236 3
184 242 3
194 253 3
197 254 3
200 258 3
272 274 3
181 239 2
185 243 3
186 243 3
192 308 3
210 269 3
270 271 3
236 237 3
185 242 3
257 258 3
208 267 3
274 509 3
233 234 3
243 244 3
248 249 3
203 261 0
204 261 3
210 268 3
183 242 3
242 243 3
251 308 3
194 252 3
253 254 3
258 259 3
202 261 0
267 268 3
268 269 3
244 246 0
251 252 3
261 263 3
205 321 3
180 239 3
239 241 3
249 308 3
206 321 0
208 325 3
259 318 3
202 318 0
263 321 3
267 325 3
272 329 3
347 520 0
254 313 3
254 256 3
206 322 0
206 265 2
329 500 3
387 500 3
347 517 0
289 347 3
239 298 3
241 298 3
265 322 3
274 329 2
396 500 0
256 313 3
261 318 3
321 322 3
252 253 3
256 315 3
247 305 3
257 315 3
248 305 3
251 309 3
391 500 3
235 293 3
246 305 3
308 309 3
252 309 3
234 235 3
236 293 3
252 310 3
237 239 3
243 302 3
259 317 3
232 290 3
236 295 3
237 295 3
241 242 3
244 302 3
246 303 3
258 317 3
233 292 3
236 294 3
244 303 2
265 323 3
265 325 3
270 386 3
271 386 3
232 292 3
293 294 3
258 315 3
317 318 3
265 324 3
324 325 3
272 386 3
234 292 3
309 310 3
254 312 3
323 324 3
268 327 3
269 327 3
339 502 0
248 306 3
249 307 3
312 313 3
256 314 3
270 328 3
305 306 3
306 307 3
253 312 3
313 314 3
314 315 3
258 316 3
268 325 3
269 328 3
316 317 3
322 323 3
327 328 3
328 386 3
329 386 3
246 304 3
268 326 3
347 502 0
347 521 0
304 305 3
307 308 3
325 326 3
326 327 3
502 521 3
237 354 3
239 354 3
242 302 3
303 304 3
315 316 3
391 454 1
235 292 3
294 295 3
454 502 0
232 349 3
292 349 3
295 354 3
242 358 1
302 358 3
290 349 3
253 310 3
321 378 3
239 355 3
302 303 3
241 358 3
347 405 3
298 355 3
298 357 3
263 378 3
387 501 3
241 357 3
321 379 3
454 500 0
294 352 3
354 355 3
378 379 3
324 382 3
292 293 3
293 352 3
325 382 3
304 362 3
310 312 3
312 369 3
312 370 3
325 383 3
357 358 3
303 361 3
304 361 3
305 362 3
305 363 3
313 371 3
326 383 3
261 378 3
309 367 3
310 369 3
312 371 3
323 382 3
327 385 3
293 351 3
294 353 3
295 353 3
362 363 3
305 364 3
306 364 3
306 365 3
307 365 3
309 366 3
310 367 3
369 370 3
370 371 3
328 385 3
290 348 3
351 352 3
298 356 3
358 360 3
308 365 3
308 366 3
310 368 3
314 372 3
315 372 3
315 373 3
317 375 3
318 375 3
323 381 3
326 384 3
348 349 3
355 356 3
356 357 3
302 360 3
363 364 3
364 365 3
366 367 3
313 372 3
318 377 3
261 377 3
322 379 3
322 381 3
381 382 3
382 383 3
384 385 3
365 366 3
367 368 3
372 373 3
316 373 3
383 384 3
385 386 3
405 521 0
368 369 3
375 377 3
303 360 3
292 350 3
353 354 3
360 361 3
371 429 3
371 372 3
350 351 3
370 429 3
316 375 3
352 353 3
361 362 3
316 432 3
349 350 3
373 432 3
377 378 3
381 437 3
358 417 3
378 436 3
322 437 3
375 432 3
379 437 3
377 436 3
360 417 3
365 423 3
366 481 3
367 425 1
367 426 1
381 440 3
348 350 3
353 411 3
354 411 3
360 418 3
365 481 3
368 426 1
386 558 3
357 415 3
361 418 3
423 481 3
425 426 2
382 440 3
356 415 3
329 558 3
405 463 3
348 407 3
350 407 3
362 421 3
363 421 3
366 482 3
369 426 1
371 430 3
372 430 3
384 442 3
385 442 3
386 445 3
348 406 3
364 422 3
367 482 3
406 407 3
350 408 3
350 409 3
351 409 3
352 410 3
354 412 3
355 413 3
356 414 3
358 416 3
417 418 3
361 419 3
361 420 3
362 420 3
364 421 3
365 422 3
369 428 3
370 428 3
373 431 3
383 441 3
383 442 3
385 445 3
463 521 0
352 409 3
411 412 3
412 413 3
413 414 3
414 415 3
415 416 3
416 417 3
418 419 3
431 432 3
375 433 3
441 442 3
408 409 3
419 420 3
421 422 3
422 423 3
383 440 3
445 558 3
426 484 0
429 430 3
432 433 3
375 434 3
377 434 3
440 441 3
409 410 3
353 410 3
433 434 3
426 428 0
373 430 3
410 411 3
379 436 3
437 494 3
442 445 3
420 421 3
436 437 3
428 429 3
407 408 3
481 482 3
430 431 3
437 495 3
381 496 3
521 636 3
425 482 2
381 495 3
502 636 3
494 495 3
495 496 3
419 476 3
420 478 3
482 483 3
425 483 0
377 493 3
417 475 3
476 478 3
436 493 3
440 497 3
440 499 3
416 475 3
436 494 3
440 557 3
441 499 3
411 469 3
431 490 3
432 490 3
381 497 3
499 557 3
410 469 3
412 469 3
434 493 3
493 494 3
496 497 3
500 558 3
407 465 3
408 465 3
497 557 3
442 499 3
502 630 1
408 467 3
409 467 3
418 476 3
421 480 3
422 480 3
426 483 0
429 487 3
433 491 3
406 464 3
410 468 3
412 470 3
413 471 3
414 472 3
415 473 3
416 474 3
428 487 3
500 685 1
454 685 0
464 465 3
467 468 3
468 469 3
469 470 3
470 471 3
471 472 3
472 473 3
473 474 3
474 475 3
423 480 3
490 491 3
445 499 3
430 487 3
421 479 3
418 475 3
420 479 3
479 480 3
428 486 2
519 521 3
478 479 3
519 636 3
463 519 0
418 534 1
476 534 1
480 481 3
489 490 0
434 491 3
428 543 2
486 487 0
431 487 3
431 489 1
558 685 1
426 599 3
487 489 1
490 548 1
491 549 1
434 550 1
497 555 2
475 534 1
483 599 1
491 550 1
502 685 1
486 543 0
555 557 3
499 558 3
467 525 1
468 526 1
469 526 1
469 527 1
484 599 1
465 525 1
408 525 1
468 525 1
526 527 3
480 539 3
481 539 3
476 535 3
525 526 2
469 528 1
470 528 1
475 533 1
534 535 3
478 535 3
489 546 3
473 532 1
474 532 1
533 534 3
486 545 0
487 546 1
490 549 1
527 528 3
472 530 1
483 541 3
472 529 1
473 530 1
473 531 1
474 533 1
479 539 3
482 541 3
487 545 1
489 547 3
494 552 2
524 525 3
471 529 1
529 530 3
530 531 3
531 532 3
532 533 3
547 548 3
493 552 2
478 539 3
426 543 0
493 550 1
465 523 1
523 525 3
471 528 1
495 552 2
496 554 2
464 522 1
523 524 3
528 529 3
486 602 0
497 554 2
522 523 3
481 541 3
543 602 3
545 602 3
539 541 3
546 547 3
540 541 3
549 550 3
550 552 0
555 556 3
539 540 3
541 599 1
495 553 2
556 557 3
484 543 3
552 553 3
554 555 3
478 594 1
539 594 1
543 599 1
535 594 1
539 596 3
496 553 2
553 554 3
594 596 0
540 596 3
552 609 3
557 558 2
550 609 0
557 673 3
525 582 3
525 583 3
545 546 2
558 673 3
558 617 3
558 559 3
524 582 3
540 598 3
541 598 3
550 608 3
388 558 3
548 549 2
608 609 3
388 617 3
559 617 3
388 673 3
523 582 3
532 590 2
547 605 2
530 589 2
531 589 2
531 590 2
533 590 2
534 592 1
535 592 1
598 599 1
548 605 3
548 607 3
549 607 2
582 583 3
527 586 3
528 586 3
529 586 3
553 612 2
554 612 2
558 564 3
522 580 0
523 581 0
533 592 1
545 604 3
546 604 2
546 605 2
548 606 3
549 608 3
555 612 3
564 622 1
580 581 1
526 583 3
526 584 0
527 584 0
545 603 3
605 606 3
606 607 3
552 610 3
603 604 3
553 611 3
388 559 3
558 619 1
529 587 2
530 587 2
589 590 3
592 594 0
604 605 3
552 611 3
673 674 3
388 674 1
586 587 0
530 588 2
533 591 2
591 592 1
602 603 3
611 612 3
556 846 1
557 846 1
443 674 1
583 584 0
587 588 3
590 591 3
596 598 3
543 659 3
607 608 3
609 610 3
555 613 2
613 846 1
519 637 3
588 589 3
602 659 3
612 613 0
556 613 2
584 586 1
673 846 1
330 558 3
569 636 3
330 619 1
330 564 3
502 569 3
599 658 0
543 658 3
610 611 3
636 637 3
581 582 1
658 659 3
388 619 1
584 643 3
586 643 0
594 653 0
596 653 1
598 656 1
599 657 3
608 666 3
613 671 1
570 636 3
586 588 0
592 651 3
594 651 1
594 652 0
596 654 1
599 656 3
657 658 3
612 671 1
570 690 1
651 652 0
652 653 3
653 654 1
596 655 1
598 655 1
569 570 3
581 639 3
592 650 3
654 655 0
607 666 3
637 693 1
580 639 1
582 639 0
650 651 3
602 660 3
636 693 1
656 657 3
603 662 3
604 662 3
606 664 3
609 667 3
330 620 3
583 641 0
584 641 3
659 660 3
660 719 3
603 661 3
607 664 3
608 667 1
569 685 1
582 641 0
584 642 3
591 650 1
655 656 0
605 664 3
609 668 3
610 668 3
603 660 3
661 662 3
666 667 3
667 668 3
611 668 3
611 670 3
612 670 1
619 620 2
558 682 1
558 684 1
582 640 0
642 643 3
639 640 0
641 642 3
588 590 3
605 662 3
605 663 3
670 671 3
330 682 1
682 684 3
640 641 3
588 643 1
588 591 3
684 685 3
660 661 3
662 663 3
663 664 3
668 670 3
591 649 1
607 723 3
580 813 3
649 650 1
664 723 3
666 723 3
639 813 0
591 647 1
666 724 3
388 443 3
620 682 1
661 719 3
667 724 3
443 619 1
588 704 1
588 647 1
670 727 3
647 704 3
662 720 3
668 727 3
588 702 1
647 649 1
650 708 0
702 704 3
663 720 3
620 684 1
636 751 1
649 707 3
649 708 3
651 708 0
658 716 3
659 716 3
659 717 3
660 717 3
667 726 3
668 726 3
565 569 3
693 751 1
707 708 3
662 719 3
723 724 3
565 688 1
639 697 2
640 697 3
716 717 3
726 727 3
443 620 3
569 748 1
570 748 1
570 751 1
702 703 3
653 712 3
654 712 2
655 712 3
656 714 1
657 772 1
658 772 1
671 729 3
565 685 1
703 704 3
652 708 1
653 711 3
655 771 3
655 714 3
657 714 1
719 720 3
663 722 3
664 722 3
670 729 3
697 813 0
643 702 3
647 705 1
647 706 3
649 706 0
652 711 3
711 712 3
716 772 1
674 846 1
565 747 1
704 705 1
722 723 3
667 725 3
613 729 1
640 814 0
641 814 0
642 816 0
643 816 0
712 771 3
688 747 0
637 751 1
642 814 0
702 816 0
712 770 3
725 726 3
565 748 1
697 814 0
705 706 0
770 771 3
714 771 3
724 725 3
680 684 1
680 685 1
708 710 0
652 710 3
714 772 3
717 719 3
670 786 3
620 680 3
727 786 3
729 786 3
814 816 3
663 779 3
706 707 1
720 779 3
710 711 3
722 779 3
723 781 3
719 777 3
722 781 3
846 847 3
674 847 1
717 776 1
719 776 1
726 784 3
720 778 3
724 781 3
443 847 1
707 710 0
772 773 2
716 775 1
717 775 1
776 777 0
719 778 3
724 782 3
725 784 3
716 773 3
777 778 3
778 779 3
722 780 1
725 782 3
565 680 3
716 774 1
775 776 3
781 782 3
813 814 3
703 816 0
774 775 3
727 784 3
771 772 3
773 774 3
779 780 2
727 843 3
613 845 1
711 770 3
729 845 3
845 846 3
711 828 0
780 781 0
710 828 0
770 828 0
784 843 3
786 843 3
703 705 1
843 844 3
786 844 3
725 841 3
570 637 3
782 841 3
784 841 3
706 710 1
786 845 3
771 830 2
772 830 2
812 813 3
812 814 3
773 830 3
781 840 3
782 840 3
570 810 1
703 818 0
816 818 3
705 818 0
771 829 3
829 830 3
784 842 3
776 835 3
777 835 1
841 842 3
774 832 3
778 835 1
780 838 0
781 838 3
706 820 0
710 820 0
770 829 3
775 832 2
775 833 3
778 836 1
779 837 1
779 838 3
781 839 3
706 818 0
706 822 1
820 828 1
835 836 3
836 837 3
837 838 0
838 839 3
839 840 3
840 841 3
844 845 3
845 847 3
773 832 3
832 833 3
776 833 3
776 834 3
833 834 3
834 835 3
847 1022 3
443 1022 1
830 832 3
818 822 1
842 843 3
847 904 3
812 815 3
814 815 3
820 822 1
845 904 3
443 562 3
562 908 1
562 620 3
830 888 3
814 817 3
816 817 3
828 886 3
832 888 2
828 829 2
832 890 3
888 890 3
841 899 3
833 890 2
840 899 3
842 899 3
845 903 3
820 886 1
829 887 1
844 903 3
830 887 1
833 891 3
834 891 3
836 894 3
843 901 3
844 902 3
902 903 3
562 1022 1
815 817 3
835 894 3
842 901 3
843 902 3
887 888 0
834 893 3
835 893 3
837 895 3
838 896 3
839 897 3
840 898 3
842 900 3
818 820 3
893 894 3
894 895 3
895 896 0
896 897 3
897 898 3
898 899 3
899 900 3
900 901 3
901 902 3
562 680 3
828 887 3
847 963 3
886 887 3
963 1022 3
903 904 3
834 892 3
892 893 3
904 963 3
817 818 3
888 947 3
891 892 3
562 969 1
890 947 3
890 891 3
820 942 1
570 981 1
887 945 2
888 945 3
891 949 1
894 952 3
890 949 2
893 951 3
895 952 3
902 960 1
565 570 3
886 1002 1
886 945 1
890 948 3
892 951 3
895 953 0
896 954 3
897 955 3
898 956 3
899 957 3
900 958 1
901 959 1
901 960 1
903 961 3
570 983 1
820 1002 1
948 949 2
892 949 1
951 952 3
952 953 0
953 954 3
954 955 3
955 956 3
956 957 3
957 958 1
958 959 3
959 960 2
960 961 0
904 961 3
945 1002 3
945 947 3
947 948 3
904 1020 3
961 1020 3
963 1020 3
945 1004 3
947 1004 3
892 1008 1
949 1008 2
951 1008 1
565 974 1
963 1021 3
562 565 3
945 1003 3
1003 1004 3
1021 1022 3
947 1005 3
948 1006 1
949 1007 1
951 1009 1
952 1010 1
953 1011 1
954 1012 1
955 1013 1
956 1014 1
957 1015 1
958 1016 0
959 1017 0
960 1018 0
961 1019 3
1020 1021 3
1004 1005 3
1005 1006 3
1006 1007 3
1008 1009 3
1009 1010 3
1010 1011 3
1011 1012 3
1012 1013 3
1013 1014 3
1014 1015 3
1015 1016 3
1016 1017 3
1017 1018 3
1018 1019 3
1019 1020 3
1007 1008 3
1002 1003 3
