2 3 3
3 4 3
4 5 3
5 7 3
7 9 3
9 11 3
11 12 3
12 13 3
13 14 2
14 15 0
15 16 1
16 17 0
17 18 3
18 76 3
76 136 0
23 136 0
23 24 0
24 25 3
25 26 3
26 28 3
28 29 3
29 88 0
88 90 3
34 90 3
34 35 3
35 93 3
93 620 3
501 620 3
105 501 3
99 105 3
99 106 3
50 106 0
50 51 3
51 55 0
55 56 3
23 80 0
94 620 3
51 106 0
55 109 1
51 109 0
106 109 1
5 64 3
9 10 3
10 11 3
2 60 0
2 61 3
7 64 3
28 87 0
29 87 0
93 94 3
3 61 3
28 85 0
9 67 3
26 85 0
24 80 0
7 67 3
60 61 1
76 79 0
79 136 0
4 63 3
16 75 0
55 454 3
56 454 3
4 61 3
26 84 0
501 559 3
60 174 3
5 63 3
10 12 3
14 72 3
88 89 3
559 620 3
10 67 3
25 80 0
87 88 3
89 90 3
35 151 3
55 110 1
13 72 3
15 72 3
15 75 3
18 75 3
80 81 1
85 87 0
34 151 3
109 110 3
7 65 3
17 75 3
25 83 0
26 83 0
84 85 3
10 68 3
12 70 3
13 71 3
80 83 1
93 151 3
63 64 3
64 65 3
65 67 3
10 70 3
13 70 3
71 72 3
80 82 1
83 84 3
94 95 1
95 620 1
67 68 3
76 135 0
80 136 0
81 82 0
79 135 3
79 80 1
82 83 3
105 106 3
110 454 0
61 63 3
67 125 3
18 134 2
65 125 3
70 71 3
15 131 3
75 131 3
75 134 3
76 134 2
60 119 1
61 119 0
34 150 3
85 144 3
87 144 1
150 151 3
72 130 3
90 150 3
109 167 3
110 167 3
87 145 1
10 127 3
88 145 1
65 124 3
68 127 3
145 146 3
88 146 1
124 125 3
72 131 3
80 137 0
61 120 0
64 121 0
70 127 3
79 137 3
84 143 3
85 143 3
144 145 3
89 146 1
106 283 3
109 283 0
63 120 0
63 121 0
64 122 3
65 122 3
89 148 1
90 148 1
94 152 1
121 122 3
130 131 3
75 133 3
81 137 2
90 149 1
149 150 0
94 153 1
95 153 2
331 620 3
167 454 0
120 121 3
68 126 3
133 134 3
134 135 3
152 153 3
153 620 0
331 504 3
105 283 3
167 283 0
119 120 3
68 125 3
79 195 3
148 149 0
331 559 3
125 126 3
137 195 3
81 139 2
143 144 3
60 176 3
82 139 1
174 176 3
84 199 3
126 127 3
71 127 3
71 187 3
137 139 2
143 199 3
127 187 3
71 130 3
131 133 3
83 199 3
122 124 3
82 199 3
146 148 3
151 208 3
137 196 3
139 196 0
131 190 3
135 193 3
135 194 3
150 208 3
167 226 3
127 186 3
133 190 3
79 194 3
226 454 0
186 187 3
134 192 3
193 194 3
194 195 3
144 202 3
119 177 0
130 187 3
143 202 3
120 177 0
133 191 3
139 199 0
145 202 3
145 203 3
210 620 3
331 387 3
122 180 3
143 201 3
146 203 3
146 207 0
153 210 2
387 504 3
121 179 3
126 184 3
148 207 0
119 176 0
120 178 0
122 179 3
124 181 3
127 185 3
185 186 3
187 189 3
130 189 3
190 191 3
133 192 3
134 193 3
201 202 3
224 283 0
121 178 3
124 180 3
125 184 3
191 192 3
192 193 3
195 196 3
151 209 3
177 178 3
178 179 3
179 180 3
180 181 3
126 185 3
208 209 3
93 152 2
167 225 3
199 254 3
143 254 0
203 204 0
146 204 2
149 208 2
225 283 0
176 177 3
125 181 3
184 185 3
202 203 3
204 207 0
152 210 3
105 447 3
201 254 0
447 501 3
181 184 3
225 226 3
131 189 3
174 232 3
139 254 0
210 269 3
269 620 3
189 190 3
149 207 2
269 331 3
283 447 3
405 454 3
181 241 0
184 241 0
196 256 3
139 256 0
151 152 2
189 246 3
254 256 3
207 208 3
151 210 3
177 235 3
195 253 3
196 253 3
194 252 3
195 252 3
176 233 3
179 237 3
241 242 3
174 233 3
178 235 3
184 242 0
201 259 0
204 379 1
209 210 3
228 454 0
187 246 0
190 249 3
202 259 0
209 268 3
232 233 3
178 236 3
191 249 3
192 308 3
207 266 3
176 234 3
179 236 3
189 248 3
252 253 3
210 268 3
177 234 3
234 235 3
235 236 3
190 248 3
254 315 3
203 379 0
208 266 3
281 447 0
233 234 3
181 239 2
239 241 3
184 243 0
180 239 3
192 249 3
202 318 0
207 379 3
268 269 3
236 237 3
185 243 0
186 243 2
186 244 2
186 246 0
248 249 3
249 308 3
193 251 3
194 251 3
259 318 3
225 341 1
226 341 1
242 243 3
192 251 3
201 258 0
243 244 3
244 246 3
254 258 3
203 318 0
267 268 3
341 454 0
251 308 3
196 313 3
256 313 3
283 340 1
258 315 3
340 447 0
283 341 1
189 305 2
251 252 3
207 322 3
207 323 3
266 323 3
258 259 3
322 379 3
209 267 3
248 305 3
322 323 3
246 305 3
209 266 3
340 341 1
266 267 3
253 312 3
196 312 3
232 290 3
241 298 3
312 313 3
308 309 3
251 309 3
267 323 3
239 298 3
248 306 3
249 306 3
252 309 3
179 239 3
258 316 3
323 324 3
267 324 3
233 291 3
239 297 3
253 311 3
267 326 3
268 326 3
335 501 0
401 454 3
235 293 3
241 243 3
246 303 3
252 311 3
318 379 3
320 379 3
234 293 3
236 293 3
244 303 3
320 322 3
234 291 1
236 295 3
297 298 3
244 302 3
305 306 3
252 310 3
269 327 3
334 501 0
237 295 3
249 307 3
309 310 3
327 331 3
328 331 3
330 387 3
334 391 0
306 307 3
307 308 3
311 312 3
256 315 3
327 328 3
243 302 3
315 316 3
318 377 3
377 379 3
267 325 3
237 239 3
313 315 3
324 325 3
325 326 3
268 327 3
243 300 3
259 374 3
326 327 3
405 462 1
295 353 3
258 374 3
328 387 3
387 559 3
454 462 1
300 302 3
310 311 3
318 374 3
320 377 3
237 354 3
237 297 3
297 354 3
295 354 3
397 447 0
313 372 3
315 372 3
232 291 3
316 374 3
341 399 2
290 291 3
234 350 3
353 354 3
340 399 1
291 350 3
293 352 3
236 352 3
295 352 3
243 357 3
246 362 3
341 457 2
454 518 3
293 350 3
241 357 3
300 357 3
302 303 3
324 382 3
454 457 1
462 518 0
305 362 3
312 371 3
313 371 3
325 382 3
325 383 3
447 503 3
303 362 3
309 368 3
310 368 3
312 370 3
501 503 3
298 357 3
311 369 3
312 369 3
316 372 3
374 375 3
382 383 3
370 371 3
318 375 3
290 348 3
326 384 3
350 351 3
293 351 3
297 355 3
300 359 3
302 359 3
308 366 3
309 366 3
310 369 3
369 370 3
318 376 3
326 383 3
354 355 3
303 361 3
376 377 3
322 438 3
327 385 3
328 386 3
503 559 3
297 356 3
298 356 3
300 358 3
302 361 3
305 363 3
306 364 3
307 365 3
308 365 3
316 373 3
322 381 3
323 381 3
323 382 3
326 385 3
328 385 3
386 387 3
334 335 3
335 391 0
335 393 3
340 398 3
291 348 3
355 356 3
357 358 3
363 364 3
364 365 3
309 367 3
367 368 3
381 382 3
384 385 3
385 386 3
391 501 3
391 393 1
398 447 0
351 352 3
352 353 3
358 359 3
361 362 3
362 363 3
365 366 3
368 369 3
375 376 3
399 457 1
366 367 3
372 373 3
383 384 3
398 399 2
393 501 0
371 372 3
320 436 3
320 438 3
381 438 3
356 357 3
373 374 3
436 437 3
436 438 3
359 418 3
302 418 3
366 425 3
367 425 3
361 418 3
366 423 3
361 419 3
365 423 3
377 436 3
291 407 3
418 419 3
348 407 3
350 407 3
405 463 1
462 463 3
369 427 3
359 416 3
416 418 3
368 427 3
381 440 3
373 432 3
374 432 3
437 438 3
357 415 3
358 415 3
358 416 3
423 481 3
368 426 1
382 440 3
382 441 3
383 441 3
354 412 3
355 412 3
426 427 0
375 432 3
351 410 3
352 410 3
353 411 3
354 411 3
356 415 3
370 427 3
384 442 3
385 442 3
370 429 3
371 429 3
371 430 3
372 430 3
383 442 3
348 406 3
406 407 3
350 408 3
351 409 3
411 412 3
355 413 3
356 414 3
362 419 3
362 421 3
363 421 3
364 422 3
365 422 3
367 426 1
517 518 3
408 409 3
412 413 3
355 414 3
414 415 3
421 422 3
370 428 3
372 431 3
373 431 3
385 443 3
447 455 1
454 517 3
407 408 3
353 410 3
423 424 3
427 428 3
376 434 3
377 434 3
441 442 3
398 574 0
399 574 0
457 517 0
409 410 3
413 414 3
366 424 3
425 426 1
429 430 3
434 436 3
386 443 3
422 423 3
424 481 3
431 432 3
375 433 3
376 433 3
387 558 3
457 574 0
425 483 3
432 433 3
386 558 3
462 520 0
463 520 0
415 416 3
422 481 3
428 429 3
442 443 3
558 559 2
518 520 3
410 411 3
440 441 3
447 574 3
433 434 3
430 431 3
457 458 1
458 517 0
418 475 2
424 425 3
386 557 3
557 558 3
419 421 3
424 483 3
458 516 0
418 474 3
474 475 3
419 477 3
421 478 3
429 487 3
441 498 3
458 574 0
516 517 3
416 474 3
443 500 3
386 500 3
410 468 3
419 478 3
431 433 3
440 498 3
442 500 3
500 557 3
411 468 3
477 478 3
430 487 3
441 500 3
503 509 3
516 574 3
407 465 3
408 465 3
426 484 0
381 498 3
518 519 3
519 520 3
409 468 3
434 437 3
406 465 3
414 472 3
414 473 3
415 473 3
416 473 3
421 479 3
422 480 3
426 483 0
427 484 3
438 498 3
408 466 3
409 466 3
411 469 3
413 472 3
418 476 2
478 479 3
421 480 3
480 481 3
427 485 3
438 495 3
520 521 3
465 466 3
468 469 3
412 469 3
472 473 3
475 476 3
419 476 2
484 485 3
428 485 3
437 495 3
495 498 3
479 480 3
483 484 3
437 552 2
406 464 3
428 487 3
434 552 2
413 471 3
483 541 3
498 500 3
464 465 3
412 471 3
473 474 3
485 544 1
428 544 1
434 551 2
430 488 1
430 547 1
431 490 1
551 552 3
503 574 3
487 488 1
430 490 1
433 490 1
574 630 1
471 472 3
487 544 1
488 547 3
490 547 3
433 550 1
495 555 2
503 630 1
517 575 3
518 575 3
476 477 3
433 551 2
498 555 3
469 471 3
550 551 0
437 553 2
466 525 1
466 468 3
468 525 1
468 526 1
495 553 2
495 554 2
516 575 3
465 524 1
466 524 1
478 536 3
484 542 3
552 553 3
465 523 1
524 525 3
525 526 3
469 526 1
474 532 1
477 536 3
490 550 1
518 576 3
519 576 3
523 524 3
473 532 1
490 548 3
554 555 3
575 576 3
520 578 3
424 540 2
521 578 3
469 527 1
469 528 1
471 528 1
471 529 1
472 529 1
472 530 1
473 530 1
478 537 3
479 537 3
481 540 3
483 540 3
483 542 2
487 545 3
488 545 0
388 559 3
388 503 3
519 578 3
527 528 3
530 532 3
476 536 2
488 546 3
549 550 3
388 566 3
388 624 1
572 574 3
526 527 0
529 530 3
475 532 3
480 537 3
540 541 3
553 554 3
388 509 3
464 523 1
528 529 3
480 538 3
481 538 3
547 548 3
548 550 1
531 532 3
481 539 3
498 557 3
558 560 3
464 522 1
530 531 3
537 538 3
538 539 3
541 542 3
485 542 3
546 547 3
521 579 3
522 523 3
536 537 3
548 549 3
578 579 3
475 534 3
476 534 3
545 546 1
498 556 3
475 533 3
533 534 3
532 533 3
534 536 3
539 540 3
519 577 3
485 543 3
444 558 3
574 575 3
576 577 3
577 578 3
444 560 3
543 544 2
544 545 2
550 608 2
556 557 3
574 632 1
575 632 1
551 608 3
542 543 3
555 556 3
502 558 3
553 611 3
444 502 3
542 600 3
554 611 3
556 615 3
557 615 3
557 616 3
557 617 3
574 631 1
543 600 3
554 669 3
555 669 1
558 617 3
532 590 0
533 590 0
533 591 1
534 591 1
544 602 2
545 602 3
555 613 3
575 633 1
575 634 3
576 634 3
531 589 1
590 591 1
534 592 1
534 593 1
545 604 3
546 604 2
552 610 3
613 669 1
560 617 3
630 631 1
632 633 1
589 590 0
591 592 0
592 593 3
536 593 1
551 609 3
551 610 3
611 669 3
530 589 1
536 594 1
537 594 1
537 595 1
539 597 3
608 609 3
631 632 0
526 584 1
527 584 1
530 588 1
538 595 1
547 604 2
547 605 2
548 605 3
615 616 3
616 617 3
522 580 2
523 581 2
524 582 2
525 583 2
526 583 2
527 585 1
528 586 1
529 587 1
529 588 1
538 596 1
540 597 3
541 599 3
543 602 3
548 606 3
556 613 3
388 558 3
577 634 3
579 637 3
580 581 3
581 582 3
582 583 3
584 585 3
585 586 3
586 587 3
587 588 3
588 589 3
595 596 0
538 597 3
541 600 3
602 603 3
545 603 3
549 606 3
553 610 3
578 637 3
603 604 3
605 606 3
609 610 3
610 611 3
540 598 3
541 598 3
604 605 3
570 630 1
594 595 3
595 653 3
596 597 0
597 598 3
549 608 3
570 629 1
575 691 3
598 599 3
613 615 3
502 560 3
633 691 0
634 691 1
583 584 1
536 652 1
578 927 1
593 652 0
594 652 0
388 681 1
503 570 3
577 927 1
637 927 1
600 602 3
606 608 3
632 691 0
558 737 1
502 737 1
634 927 1
562 617 3
560 562 3
580 639 1
599 600 3
608 665 3
610 669 3
669 670 0
613 670 1
562 616 3
502 562 3
388 570 3
581 639 1
606 665 3
631 690 0
632 690 3
600 659 3
690 691 0
605 664 3
613 729 1
615 729 1
592 650 0
593 650 0
597 655 1
602 659 3
606 664 3
634 692 3
585 644 1
586 644 1
596 655 0
598 655 1
600 658 3
608 666 3
610 668 3
692 927 1
582 639 1
587 644 1
590 649 1
591 649 2
599 658 3
609 666 3
668 669 3
609 668 3
562 615 3
582 640 1
583 641 1
584 642 1
585 643 1
587 645 1
588 646 1
589 647 1
590 648 1
603 661 3
604 661 3
665 666 3
630 747 1
631 747 0
639 640 3
640 641 3
641 642 3
642 643 3
643 644 3
645 646 3
646 647 2
647 648 0
648 649 1
591 650 0
664 665 3
639 812 0
649 650 0
596 654 0
602 661 3
604 663 3
562 729 1
690 747 0
691 692 0
650 652 1
654 655 1
658 659 3
605 663 3
388 741 1
666 668 3
644 645 3
652 709 0
598 658 3
663 664 3
639 817 0
650 709 3
596 653 1
659 661 3
661 663 3
681 741 3
570 747 1
812 817 3
595 652 0
670 729 1
640 817 0
670 728 1
641 817 0
595 710 0
598 715 3
658 715 3
652 710 0
653 710 0
598 714 1
653 654 0
714 715 2
668 725 3
669 728 3
388 742 1
691 749 1
653 711 0
661 719 3
666 725 3
388 737 1
690 749 0
692 749 1
659 719 3
668 726 3
669 727 3
642 817 0
668 727 3
710 711 1
655 714 0
727 728 3
642 820 0
646 706 0
647 706 0
648 706 0
649 706 0
649 708 0
650 708 3
817 820 3
643 820 0
645 705 0
646 705 0
654 711 3
654 712 3
655 712 0
664 722 3
726 727 3
690 748 0
644 705 0
705 706 3
706 708 3
708 709 3
658 716 3
663 720 3
663 722 3
665 722 3
665 723 3
747 748 3
748 749 2
644 820 0
659 716 3
661 720 3
663 721 3
666 723 3
570 927 1
655 713 0
722 723 3
666 724 3
570 751 1
705 820 0
715 716 3
659 717 3
720 721 3
721 722 3
723 724 3
725 726 3
716 717 3
717 719 3
724 725 3
709 710 1
711 712 3
749 927 1
712 713 3
713 714 0
728 729 2
706 820 0
706 878 0
719 720 3
570 752 1
820 878 3
751 752 3
388 1036 1
729 787 3
814 817 3
708 878 0
728 787 3
708 822 0
709 822 0
725 783 3
716 774 2
717 774 2
721 779 2
726 783 3
726 784 3
727 784 3
822 878 3
719 776 2
727 786 3
728 786 3
737 852 0
714 772 1
715 773 1
717 776 2
724 782 3
502 852 1
715 772 1
719 777 3
720 777 3
720 778 2
721 778 2
722 780 3
723 780 3
388 852 1
570 749 1
710 822 0
772 773 3
716 773 2
721 780 2
729 904 3
570 925 1
711 822 0
723 781 3
725 782 3
786 787 3
562 904 1
774 776 3
776 777 1
778 779 1
780 781 3
781 782 3
783 784 3
779 780 3
747 749 2
925 927 3
698 817 0
712 822 0
713 822 0
777 778 0
782 783 3
698 814 0
773 774 2
784 786 3
786 843 0
787 904 3
766 878 0
766 822 0
822 826 1
784 843 2
698 812 0
814 872 3
822 825 1
812 813 3
814 816 1
766 825 0
714 822 0
698 813 0
698 872 0
772 822 0
562 907 1
502 907 1
570 1037 1
813 872 3
824 825 3
774 832 1
766 824 0
773 832 1
562 964 1
820 876 3
783 842 3
784 842 3
904 964 3
570 923 1
876 878 3
823 878 0
774 833 1
786 845 3
787 845 3
923 1037 1
776 833 1
782 841 3
783 841 3
907 964 3
776 834 2
777 834 0
786 844 3
502 851 1
388 1037 1
923 925 3
781 840 2
782 840 2
851 852 3
816 872 0
817 818 1
818 820 0
851 907 3
773 831 1
832 833 3
777 835 3
778 836 1
779 837 3
780 838 3
822 831 1
831 832 3
833 834 1
778 835 1
836 837 3
837 838 3
781 838 3
841 842 3
845 904 3
834 835 0
835 836 3
781 839 3
840 841 1
844 845 3
818 876 0
878 879 1
772 831 1
839 840 0
842 843 2
876 879 1
766 823 1
838 839 3
907 908 3
851 908 3
927 985 1
925 985 1
814 875 1
817 875 1
843 844 1
816 875 0
818 875 0
823 879 3
812 870 3
813 870 3
824 882 3
825 826 1
388 911 1
825 882 3
822 888 1
852 911 3
872 873 3
766 881 3
824 881 2
816 873 0
875 876 0
831 888 3
832 891 3
833 891 3
813 871 3
842 900 1
843 900 1
843 902 1
844 902 3
871 872 3
881 882 2
822 884 1
823 881 0
825 884 1
851 909 3
852 909 3
832 890 3
825 883 1
822 886 1
831 890 3
890 891 3
834 892 0
835 893 3
836 894 0
837 895 3
838 896 3
839 896 3
839 898 1
840 898 1
840 899 1
841 899 1
842 899 1
845 902 3
963 964 3
852 910 3
883 884 3
891 892 3
892 893 1
893 894 0
894 895 1
895 896 3
908 909 3
909 910 3
910 911 3
870 871 3
822 885 1
904 963 3
884 885 0
885 886 3
822 887 1
887 888 3
882 883 1
899 900 3
902 904 3
925 984 1
984 985 3
886 887 3
898 899 3
900 902 0
888 890 3
923 980 1
890 948 3
980 1037 3
888 948 3
896 898 1
902 961 3
925 982 1
873 875 1
876 933 1
876 935 1
879 935 0
902 959 1
923 982 1
875 933 3
823 937 2
900 959 3
879 937 3
881 937 1
907 965 3
871 929 1
879 936 1
881 938 1
888 946 3
946 948 3
902 962 3
904 962 3
964 965 3
908 965 3
870 929 1
871 930 1
872 930 1
873 930 1
937 938 3
979 1037 3
979 980 3
923 981 1
981 982 3
929 930 0
873 931 1
935 936 1
936 937 0
925 983 1
930 931 1
898 955 3
902 960 1
982 983 3
983 984 3
873 932 1
875 932 1
884 942 3
885 942 1
896 955 1
900 958 3
959 960 3
961 962 3
388 970 1
980 981 3
898 956 3
899 958 3
911 970 3
876 934 1
881 940 3
883 942 3
885 943 3
886 943 3
899 956 3
960 961 0
933 934 1
882 940 3
962 963 3
932 933 0
886 944 3
887 944 3
910 968 3
911 968 3
870 928 1
891 949 3
892 950 1
893 951 3
894 952 2
895 953 3
896 954 3
899 957 3
908 966 3
909 967 0
911 969 3
978 1037 1
928 929 0
934 935 0
883 940 2
948 949 3
949 950 3
950 951 3
951 952 0
952 953 1
953 954 3
954 955 1
955 956 3
956 957 3
957 958 3
958 959 3
965 966 3
966 967 0
967 968 1
968 969 3
969 970 3
942 943 0
978 979 1
931 932 3
883 941 3
941 942 1
943 944 3
388 973 1
888 944 3
938 940 0
940 941 3
944 1002 3
888 1002 3
948 1005 3
941 999 1
946 1005 3
964 1022 3
965 1022 3
940 997 3
940 999 2
963 1022 3
985 1043 3
946 1002 3
1002 1003 3
984 1043 3
938 996 3
946 1003 3
940 996 1
979 1038 3
980 1038 3
933 991 1
981 1038 3
932 991 1
934 991 1
940 998 3
942 1000 3
943 1000 2
946 1004 3
961 1019 3
962 1019 3
996 997 0
1004 1005 3
959 1017 3
960 1017 3
969 1027 3
970 1027 3
935 993 1
936 993 1
997 998 3
941 1000 1
957 1016 3
958 1016 3
958 1017 3
960 1019 2
968 1027 3
998 999 3
999 1000 3
943 1001 3
1022 1023 3
965 1023 3
928 986 1
929 987 1
930 988 1
931 989 1
932 990 1
934 993 1
938 995 3
1000 1001 3
1001 1002 0
1003 1004 3
948 1006 3
949 1007 3
950 1008 3
951 1009 3
952 1010 1
953 1011 3
954 1012 2
955 1013 3
956 1014 3
957 1015 3
960 1018 3
962 1020 3
966 1024 3
967 1025 1
968 1026 3
970 1028 3
981 1039 3
982 1040 0
983 1041 3
984 1042 3
986 987 3
987 988 3
988 989 3
989 990 3
990 991 3
934 992 1
936 994 1
937 995 3
995 996 3
1005 1006 3
1006 1007 3
1007 1008 3
1008 1009 3
1009 1010 3
1010 1011 3
1011 1012 3
1012 1013 3
1013 1014 3
1014 1015 3
1015 1016 3
1017 1018 3
1018 1019 3
1019 1020 3
963 1020 3
1023 1024 3
1024 1025 3
1025 1026 3
1026 1027 3
1027 1028 3
388 1028 1
1038 1039 3
1039 1040 0
1040 1041 1
1041 1042 3
1042 1043 3
991 992 3
992 993 3
993 994 3
994 995 0
1016 1017 3
1037 1038 3
