0 1 3
1 3 3
3 4 3
4 6 3
6 7 3
7 9 3
9 10 3
10 69 3
12 69 3
12 13 3
13 14 3
14 15 3
15 16 3
16 17 3
17 18 3
18 19 3
19 20 3
20 21 1
21 22 3
22 23 0
23 24 3
24 83 1
26 83 1
26 27 3
27 28 3
28 29 3
29 33 3
33 34 0
34 150 3
34 35 3
35 37 2
37 507 0
40 507 2
151 507 3
46 151 3
46 47 3
47 48 3
48 49 3
49 50 1
50 54 0
54 55 3
55 56 1
56 57 3
36 37 1
35 36 3
6 63 3
33 150 0
49 111 3
50 111 0
9 66 3
14 72 3
13 72 3
7 66 3
54 111 3
29 86 1
54 110 1
29 146 1
24 82 2
86 146 0
1 59 3
4 63 3
23 82 3
26 84 3
27 84 3
110 111 0
6 64 3
7 65 3
21 79 0
21 80 0
22 80 0
28 86 1
46 104 3
48 111 3
54 112 3
55 112 3
0 59 3
3 59 3
7 64 3
104 151 3
47 104 3
12 71 3
13 71 3
16 75 3
17 75 3
19 77 3
20 77 3
36 507 3
55 113 3
56 114 3
57 115 3
0 58 3
3 61 3
4 61 3
9 68 3
10 68 3
71 72 3
15 72 3
15 73 3
16 73 3
29 147 1
151 160 3
112 113 3
113 114 1
114 115 3
58 59 3
66 68 3
79 80 1
23 80 1
27 85 3
33 147 1
160 507 3
109 111 3
63 64 3
64 65 3
68 69 3
72 73 3
17 76 3
18 76 3
83 84 0
84 85 3
28 85 3
91 150 0
103 151 3
109 110 1
19 76 3
20 79 2
82 83 3
147 150 0
36 95 1
103 104 3
47 111 3
65 66 3
75 76 3
85 86 1
146 147 3
37 95 3
73 75 3
76 77 3
59 61 3
61 120 0
61 63 3
66 125 3
68 125 3
75 133 3
69 71 3
77 79 0
23 139 2
53 111 3
80 139 0
82 139 3
53 109 3
83 141 3
104 111 3
68 126 3
69 126 3
77 136 0
65 124 3
84 141 1
66 124 3
71 126 3
82 140 3
83 140 3
104 161 3
59 118 3
63 120 0
79 136 1
111 161 3
58 117 3
59 117 3
61 118 3
71 128 3
140 141 3
53 166 1
110 169 0
54 169 1
112 169 1
61 119 0
119 120 0
63 121 3
126 128 3
109 166 1
118 119 0
64 122 3
71 130 3
79 139 1
146 207 0
103 161 3
109 167 3
110 167 0
120 121 2
65 122 3
65 123 3
72 130 3
73 130 2
75 131 3
79 138 1
86 207 0
110 168 0
112 170 3
113 171 3
114 172 0
115 173 0
117 175 0
122 123 3
128 188 3
73 131 3
131 133 3
76 134 3
151 161 3
167 168 1
168 169 3
169 170 0
170 171 3
171 172 1
172 173 0
117 118 3
64 121 3
75 134 3
124 125 3
77 135 0
139 140 3
36 153 1
76 135 0
166 167 0
123 124 3
79 195 1
160 161 3
111 511 3
121 122 3
125 126 3
133 134 3
135 136 3
161 511 3
163 511 0
126 184 3
84 142 3
53 511 3
125 184 3
130 131 3
85 142 2
35 150 3
128 130 3
138 139 0
85 207 0
93 150 3
93 147 1
35 93 3
36 211 3
136 195 3
138 195 0
141 142 0
153 211 3
126 185 3
130 188 3
131 189 3
133 189 3
134 135 0
35 211 3
119 178 1
120 178 2
128 185 3
203 207 0
141 199 3
85 201 2
189 190 3
133 190 3
140 199 3
142 201 2
201 207 0
160 334 3
161 334 3
133 191 3
133 250 3
134 250 3
166 511 0
184 185 3
35 210 3
191 250 3
139 197 3
168 226 0
169 227 0
117 176 3
118 178 3
140 198 3
167 225 1
169 226 0
170 228 1
171 228 1
171 229 1
172 230 3
173 231 1
118 176 3
121 178 3
123 181 3
190 191 3
139 198 3
198 199 3
166 225 0
225 226 3
226 227 1
227 228 3
229 230 3
230 231 3
118 234 3
178 234 3
121 237 3
122 181 3
124 181 3
185 186 3
128 186 3
131 188 3
138 197 0
142 199 1
93 146 1
504 507 3
228 229 1
178 235 3
178 237 3
136 194 3
36 504 3
160 504 3
166 224 1
121 180 3
188 189 3
194 195 3
195 253 3
224 225 0
122 180 3
124 182 0
125 182 0
138 253 0
197 198 3
234 235 3
180 237 3
181 182 0
182 184 1
135 194 3
176 234 3
186 188 3
93 207 3
224 511 0
175 176 1
184 241 3
36 269 3
180 181 3
182 241 3
134 251 3
197 253 3
211 269 3
269 504 3
175 232 1
135 251 1
334 511 3
188 246 3
178 236 3
189 246 3
189 248 3
235 236 3
186 246 3
190 248 3
194 251 3
93 322 1
35 322 1
504 620 3
210 211 3
444 620 3
334 504 3
182 240 3
191 249 3
249 250 3
250 251 3
197 255 3
35 267 3
229 287 0
230 287 0
185 243 3
190 249 3
198 255 3
236 237 3
184 243 3
186 243 3
189 247 3
248 249 3
210 267 3
228 287 0
247 248 3
198 256 3
199 256 3
35 266 3
210 268 3
282 511 0
224 282 0
230 288 3
180 238 3
194 253 3
142 257 1
142 259 2
201 259 3
211 268 3
329 504 3
225 282 1
225 283 2
226 284 1
227 285 1
228 286 0
287 288 1
231 289 3
175 233 1
181 238 2
186 244 3
255 256 3
269 329 3
282 283 0
283 284 1
284 285 3
285 286 0
286 287 3
288 289 3
241 243 3
243 244 3
199 257 1
257 259 0
266 322 3
253 255 3
256 257 1
201 317 3
207 317 2
267 268 3
241 242 3
244 246 3
255 311 3
232 233 3
176 233 3
181 297 2
242 243 3
246 247 3
253 311 3
207 320 1
266 323 3
268 269 3
233 234 3
237 238 3
238 297 3
240 241 3
259 317 3
182 297 3
317 320 1
322 323 3
340 511 0
282 340 3
253 310 3
240 297 3
240 298 3
194 310 3
334 620 3
251 310 3
207 322 2
297 298 3
257 314 0
257 316 0
235 293 3
251 309 3
259 316 3
394 511 3
283 340 1
234 292 3
309 310 3
255 312 3
334 394 3
311 312 3
256 314 3
35 325 3
232 290 3
310 311 3
320 378 0
266 325 3
233 290 3
246 303 3
248 307 3
249 307 3
317 378 3
267 325 3
283 341 3
244 303 2
248 306 3
268 325 3
284 341 0
284 343 0
285 343 0
285 344 0
286 344 3
286 345 3
287 345 3
233 291 3
235 292 3
236 293 3
247 306 3
251 308 3
255 313 3
320 322 3
268 326 3
269 328 3
328 329 3
329 388 3
343 344 3
292 293 3
241 298 3
243 302 3
244 302 3
247 305 3
250 307 3
312 313 3
325 326 3
328 385 3
344 345 3
288 345 0
290 291 3
250 308 3
256 313 3
302 303 3
305 306 3
306 307 3
308 309 3
269 326 3
340 341 0
237 293 3
237 295 3
234 291 3
246 305 3
237 297 3
243 358 2
302 358 2
246 362 3
305 362 3
284 342 0
242 300 3
242 358 2
316 317 3
269 385 3
342 343 3
293 295 3
242 357 1
326 385 3
237 354 3
297 354 3
290 348 3
300 357 3
300 358 3
341 342 3
291 292 3
295 354 3
241 357 3
303 362 3
388 504 3
298 357 3
313 314 3
266 382 3
388 501 3
394 620 3
399 511 2
340 399 0
317 377 3
377 378 3
325 382 3
358 359 3
312 370 3
313 370 3
323 381 3
341 399 1
342 344 3
302 359 3
306 364 3
307 364 3
322 379 3
322 381 3
329 501 3
345 753 3
288 753 0
320 379 0
297 355 3
298 355 3
316 373 3
317 375 3
357 358 3
257 373 0
325 383 3
444 501 3
388 444 3
291 349 3
292 349 3
293 352 3
370 429 3
313 429 3
314 373 3
316 375 3
378 379 3
326 383 3
385 386 3
388 620 3
305 363 3
305 364 3
309 368 3
310 368 3
310 369 3
311 369 3
311 370 3
322 438 3
326 384 3
328 386 3
328 501 3
344 402 3
291 348 3
293 351 3
295 352 3
295 353 3
298 356 3
362 363 3
307 365 3
368 369 3
369 370 3
314 372 3
381 438 3
266 381 3
382 383 3
384 385 3
345 402 3
292 350 3
292 351 3
355 356 3
356 357 3
303 361 3
364 365 3
308 424 3
308 367 3
313 372 3
372 373 3
375 377 3
383 384 3
450 620 3
342 402 3
350 351 3
353 354 3
363 364 3
309 367 3
394 450 3
511 513 3
348 349 3
349 350 3
351 352 3
302 361 3
367 424 3
379 438 3
394 513 3
399 513 2
342 399 1
352 353 3
250 365 3
250 424 3
391 620 3
354 355 3
367 368 3
365 424 3
372 429 3
373 375 3
342 400 1
342 401 0
361 362 3
386 501 3
501 559 3
391 450 3
399 400 3
444 559 3
401 402 1
359 361 3
381 382 3
359 418 3
361 418 3
354 413 3
373 432 3
400 401 0
355 413 3
361 419 3
362 419 3
383 441 3
399 456 1
450 451 1
394 451 1
450 513 3
402 461 1
345 461 1
375 432 3
385 443 3
559 620 3
461 753 0
369 427 3
381 440 3
386 443 3
445 620 3
348 406 3
349 406 3
365 423 3
368 426 1
370 427 3
353 411 3
356 413 3
367 426 1
369 426 1
372 430 3
373 430 3
359 417 3
364 422 3
378 436 3
381 439 3
439 440 3
382 440 3
400 459 1
401 459 1
349 408 3
350 408 3
351 409 3
354 412 3
412 413 3
358 417 3
417 418 3
418 419 3
363 422 3
365 422 3
367 425 3
377 436 3
456 513 0
399 457 1
400 457 1
402 459 1
349 407 3
351 408 3
352 409 3
356 414 3
363 421 3
424 425 3
370 428 3
379 436 3
384 442 3
384 443 3
456 457 3
352 411 3
353 412 3
413 414 3
357 414 3
362 421 3
423 424 3
428 429 3
430 431 3
381 496 3
383 442 3
442 443 3
400 458 1
402 460 3
406 407 3
407 408 3
408 409 3
411 412 3
357 415 3
421 422 3
425 426 1
426 427 0
427 428 3
373 431 3
438 496 3
439 496 3
383 440 3
441 442 3
457 458 3
458 459 3
459 460 0
460 461 1
414 415 3
358 415 3
429 430 3
409 411 3
358 474 3
440 441 3
417 474 3
422 423 3
426 484 0
431 432 3
443 501 3
415 474 3
419 421 3
427 484 3
450 625 3
513 625 3
411 469 3
379 437 3
437 438 3
409 469 3
421 478 3
375 433 3
436 437 3
445 559 3
419 476 2
432 433 3
377 433 3
419 478 3
441 498 3
437 496 3
440 498 3
625 692 0
418 476 3
436 493 1
458 517 0
459 517 0
460 519 3
461 519 0
412 470 3
413 470 3
432 490 2
620 682 2
519 753 3
424 482 3
431 490 2
441 500 3
442 500 3
457 515 0
458 515 0
409 467 3
409 468 3
414 472 3
415 472 3
425 484 3
433 490 1
498 500 3
456 515 0
460 517 3
406 464 3
407 464 3
408 467 3
468 469 3
429 487 3
430 487 3
496 555 3
443 559 3
467 468 3
417 476 3
421 479 3
433 436 3
439 555 2
440 555 2
413 471 3
422 479 3
422 480 3
423 480 3
423 481 3
425 483 3
407 465 3
408 465 3
469 470 3
471 472 3
474 476 3
478 479 3
424 483 3
484 542 1
428 484 3
433 493 1
436 494 2
437 494 2
443 500 3
470 471 3
480 481 3
424 481 2
483 484 3
493 494 0
437 495 2
515 517 3
419 477 2
495 496 3
498 557 3
500 559 3
450 624 3
476 477 3
479 480 3
431 487 3
620 624 3
464 465 3
484 485 1
428 485 1
515 573 3
517 573 3
517 519 3
477 478 3
482 483 3
428 487 3
494 495 3
500 557 3
433 492 1
495 554 3
624 625 3
513 515 3
487 489 1
431 489 1
433 549 1
493 550 1
496 554 2
498 555 3
474 533 1
476 533 3
481 482 3
485 487 0
517 576 3
520 753 3
489 490 0
492 549 3
492 493 0
519 520 3
408 466 1
490 549 1
513 629 3
466 467 0
472 474 3
492 550 3
515 629 3
465 466 1
487 545 1
519 576 3
465 523 1
466 523 3
467 526 1
468 526 1
472 530 1
472 532 1
474 532 1
485 545 3
470 527 1
471 530 1
532 533 3
469 526 1
469 527 1
470 529 1
471 529 1
530 532 3
477 533 3
478 537 2
479 537 2
529 530 3
477 537 3
482 540 2
490 548 3
548 549 3
519 577 3
489 546 3
576 577 3
466 526 0
477 535 3
483 541 1
485 543 3
526 527 3
535 537 3
480 537 2
481 540 2
482 541 1
484 543 1
495 553 3
554 555 3
520 577 3
464 522 1
527 529 3
483 542 1
494 552 3
494 553 3
522 523 3
540 541 1
542 543 0
485 544 3
487 546 1
493 552 2
552 553 3
553 554 3
567 624 3
577 753 3
500 558 3
567 625 3
625 629 3
543 544 3
544 545 3
558 559 3
541 542 3
498 556 3
557 558 3
549 550 3
550 610 0
493 610 2
573 633 1
517 633 1
533 535 3
480 538 3
481 538 3
538 540 3
552 610 3
517 634 3
576 634 3
537 538 3
550 608 3
559 617 3
693 753 3
608 610 3
573 629 3
577 693 3
538 597 3
558 617 3
466 584 1
526 584 1
533 591 1
535 591 1
540 597 3
545 603 3
487 603 1
489 548 2
555 556 3
633 634 0
466 583 0
527 586 3
529 586 3
556 557 3
558 616 3
445 618 3
445 561 3
523 583 0
583 584 1
553 611 3
554 611 3
557 616 3
559 618 3
523 581 0
527 584 1
532 590 3
533 590 3
617 618 3
561 618 3
581 583 3
527 585 1
530 588 3
530 590 3
543 601 3
544 601 3
546 603 3
489 605 2
554 671 3
555 671 3
573 631 1
584 585 0
585 586 0
529 587 3
530 587 3
588 590 3
590 591 3
596 597 3
546 604 2
546 605 2
548 605 3
629 630 1
587 588 3
538 596 3
548 607 3
549 607 2
556 671 3
556 614 3
573 630 1
631 633 1
544 603 3
603 604 3
556 615 3
557 615 3
625 630 1
535 594 3
537 594 0
614 671 3
522 580 1
523 580 1
591 592 0
535 593 3
537 596 3
541 657 0
541 600 3
542 600 3
542 601 3
544 602 3
604 605 3
548 606 3
611 671 3
614 615 3
580 581 0
535 592 3
601 602 3
605 606 3
553 610 3
615 616 3
616 617 3
586 587 3
592 593 3
593 594 3
600 657 3
602 603 3
606 607 3
550 607 2
610 611 3
594 596 3
630 631 3
600 601 3
577 634 3
603 661 3
607 608 3
594 595 3
595 596 3
590 647 3
590 648 3
541 597 0
588 647 3
647 648 3
541 656 2
611 670 3
620 622 1
625 684 1
684 692 0
597 656 3
608 666 3
634 693 3
591 650 2
607 666 3
590 650 3
656 657 3
624 682 1
580 638 0
581 638 2
581 639 2
581 640 2
583 640 2
583 641 2
584 641 0
587 645 3
588 645 3
596 654 3
597 654 3
608 667 2
610 667 3
611 668 3
638 639 3
639 640 3
640 641 3
584 642 3
585 642 1
610 668 3
668 670 0
503 617 2
641 642 1
592 650 3
614 673 3
615 673 3
503 618 2
622 679 3
600 658 3
600 659 2
601 659 2
631 691 0
633 691 0
604 661 3
670 671 3
616 674 3
617 674 3
445 622 1
634 691 1
586 645 3
648 650 3
658 659 3
594 652 3
615 674 3
503 674 1
659 660 3
601 660 2
604 663 3
605 663 3
606 663 3
614 672 3
672 673 3
503 673 1
625 683 1
625 688 3
630 688 0
593 652 3
595 652 3
595 654 3
607 665 3
667 668 3
503 672 1
625 682 1
687 692 0
625 687 3
630 689 0
631 689 0
657 658 3
602 660 3
603 660 3
606 665 3
665 666 3
666 667 3
671 672 3
673 674 3
688 692 0
688 689 2
689 692 0
693 811 3
663 665 3
691 693 0
661 663 3
445 503 3
682 683 2
683 684 3
689 691 1
665 723 3
585 701 0
586 701 1
593 651 3
660 661 3
693 751 2
642 701 3
586 702 3
588 705 3
647 705 3
593 650 3
651 652 3
666 723 3
622 682 0
691 751 0
645 702 3
701 702 0
654 656 3
650 651 3
684 742 3
692 742 1
645 704 3
588 704 3
648 706 3
650 706 3
595 711 3
654 711 3
656 714 3
657 714 3
671 729 1
665 722 3
670 729 1
686 692 0
704 705 3
663 722 3
672 729 1
642 700 3
652 711 3
661 719 3
661 720 3
670 728 1
641 700 1
650 708 3
660 718 3
661 718 3
663 720 3
667 726 3
668 726 3
651 708 3
659 718 3
668 728 3
651 710 3
652 710 3
656 713 3
719 720 3
663 721 3
668 727 3
728 729 2
683 742 3
647 706 3
654 713 3
672 730 1
503 730 1
691 749 0
700 701 3
711 712 3
713 714 3
657 716 3
658 716 3
659 716 3
666 724 3
727 728 3
749 751 0
638 696 1
639 697 1
640 698 1
641 699 1
645 703 3
654 712 3
721 722 3
667 724 0
682 741 2
683 741 3
696 697 3
697 698 3
698 699 3
699 700 0
702 703 3
703 704 3
651 709 3
714 715 3
657 715 3
659 717 3
720 721 3
722 723 3
741 742 3
693 752 1
706 708 3
708 709 3
709 710 3
715 716 3
716 717 3
717 718 3
723 724 3
729 730 3
689 806 1
691 806 0
752 811 0
712 713 3
749 806 1
751 752 0
705 706 3
718 719 3
710 711 3
726 727 3
724 726 1
503 622 1
622 741 3
706 765 1
622 796 3
708 765 1
692 806 1
714 772 3
715 772 3
705 763 3
742 859 3
692 859 1
704 763 3
706 764 1
710 768 3
503 729 1
622 798 3
741 798 3
764 765 3
718 777 3
719 777 3
711 768 3
503 906 1
706 763 3
711 770 3
726 784 3
622 797 3
701 759 0
712 770 3
717 776 3
718 776 3
720 778 3
796 797 3
749 808 3
700 759 0
711 769 3
721 778 2
721 779 1
724 784 1
726 785 3
751 808 2
768 769 3
715 773 3
723 781 1
727 785 3
727 786 3
741 800 3
742 800 3
699 757 1
700 757 1
702 759 3
713 771 3
772 773 3
776 777 3
722 779 1
722 781 1
724 781 1
728 786 3
729 786 2
696 754 0
697 755 1
698 756 0
708 766 1
709 766 1
709 767 3
710 767 3
769 770 3
713 770 3
719 778 3
722 780 1
785 786 3
797 798 3
751 809 2
752 809 1
754 755 1
755 756 0
756 757 1
763 764 1
765 766 3
716 774 3
777 778 3
778 779 3
779 780 3
780 781 2
724 782 3
784 785 3
715 774 3
717 774 3
782 784 1
800 859 3
806 808 0
808 809 3
766 767 0
770 771 3
781 782 3
729 788 3
503 788 1
809 811 0
767 768 3
786 788 3
702 760 1
702 704 3
704 762 1
713 772 0
774 776 3
798 800 3
757 759 0
759 816 1
704 760 1
762 763 0
757 816 0
759 760 1
760 762 3
771 772 0
773 774 3
782 841 1
784 841 3
622 853 3
692 926 3
806 926 0
766 825 3
767 825 1
796 853 3
808 867 1
798 857 3
800 857 3
806 867 3
776 833 0
796 854 3
777 834 2
797 854 3
776 834 0
762 819 3
771 830 3
772 830 1
786 845 3
788 845 3
760 819 3
503 847 1
798 856 3
764 822 3
765 823 3
766 823 3
770 828 3
771 828 3
773 832 0
774 832 0
503 967 1
622 967 1
797 856 3
759 817 1
760 817 3
762 820 3
763 822 1
769 827 3
773 830 1
763 820 1
770 827 3
774 833 0
781 839 3
782 839 2
784 842 3
785 842 3
764 823 3
768 826 3
769 826 3
777 835 3
778 836 3
779 837 3
780 838 3
782 840 0
841 842 3
785 843 3
797 855 3
856 857 3
800 858 3
809 867 1
816 817 1
767 826 3
833 834 3
834 835 3
835 836 3
836 837 3
837 838 3
838 839 3
839 840 0
840 841 1
842 843 3
786 843 3
853 854 3
854 855 3
855 856 3
857 858 3
858 859 3
859 917 1
692 917 1
760 818 0
827 828 3
828 829 3
771 829 3
755 812 3
755 813 3
756 814 1
757 815 3
818 819 1
822 823 3
786 903 3
811 867 1
812 813 3
813 814 3
757 814 3
817 818 0
819 820 3
826 827 3
829 830 3
832 833 3
843 903 3
788 846 3
622 911 1
814 815 3
823 825 3
845 846 3
846 847 3
911 967 3
853 911 1
845 903 3
823 882 3
825 882 3
820 822 1
902 903 0
815 816 0
825 826 0
830 832 0
830 889 0
832 889 1
917 926 0
811 985 1
867 985 3
820 879 0
822 879 0
867 926 0
816 874 3
843 902 1
845 904 3
846 904 3
815 874 0
825 883 0
826 883 3
832 890 1
817 874 0
829 887 3
830 887 3
833 890 1
917 1035 0
926 1035 1
817 875 0
822 880 0
837 895 1
874 875 3
818 875 1
823 880 0
839 897 3
841 900 0
842 900 0
812 870 0
813 871 0
814 872 0
815 873 0
818 876 3
819 877 0
820 878 0
823 881 3
826 884 3
827 885 3
827 886 3
828 886 3
833 891 1
834 892 3
835 893 3
836 894 1
838 896 3
840 898 3
841 899 0
842 901 1
843 901 1
846 905 3
847 905 3
854 912 1
855 913 1
856 914 1
857 915 1
858 916 1
870 871 3
871 872 3
872 873 3
873 874 2
875 876 0
876 877 3
877 878 3
878 879 0
880 881 1
881 882 3
882 883 0
884 885 3
885 886 3
889 890 1
890 891 3
891 892 0
892 893 3
893 894 1
894 895 2
895 896 0
896 897 3
897 898 0
898 899 3
899 900 3
900 901 1
911 912 3
912 913 3
913 914 3
914 915 0
915 916 3
916 917 3
879 880 1
883 884 3
829 886 3
901 902 3
503 905 1
903 904 3
904 905 3
886 887 3
887 889 0
911 968 3
967 968 3
887 945 3
889 945 1
875 933 3
905 906 2
889 946 1
945 946 3
904 962 3
905 963 3
905 964 3
881 939 0
882 939 0
886 944 3
903 962 3
906 964 2
887 944 3
503 964 1
873 932 1
874 932 1
885 943 3
891 949 3
892 949 1
892 950 1
926 985 1
870 928 1
871 929 1
872 930 1
873 931 1
875 932 1
877 935 2
880 938 3
881 938 0
882 940 0
883 941 3
884 942 3
886 943 3
889 947 1
890 948 3
893 951 1
894 952 1
895 953 1
896 954 1
897 955 3
898 956 1
899 957 1
900 958 1
901 959 3
901 960 3
902 960 3
904 963 3
911 969 3
912 970 0
913 971 0
914 972 0
915 973 1
916 974 1
917 975 0
928 929 3
929 930 3
930 931 3
931 932 3
876 933 2
876 935 2
878 935 2
878 937 2
879 937 1
879 938 1
939 940 0
940 941 3
941 942 3
942 943 3
947 948 3
948 949 3
949 950 3
950 951 3
951 952 3
952 953 3
953 954 3
954 955 0
955 956 1
956 957 3
957 958 3
958 959 3
959 960 3
903 960 2
968 969 3
969 970 0
970 971 3
971 972 1
972 973 1
973 974 3
974 975 0
975 1035 3
932 933 3
946 947 3
937 938 1
943 944 3
962 963 3
963 964 3
935 937 3
938 939 3
960 962 3
503 966 1
944 945 3
503 1023 1
966 1023 3
933 935 3
967 1025 3
937 994 3
968 1025 3
935 994 3
503 1024 1
933 992 3
935 992 3
966 1024 3
1034 1035 3
944 1002 3
960 1019 1
961 962 3
937 995 3
943 1002 3
962 1019 1
961 1019 1
975 1034 3
938 995 0
938 996 3
939 996 3
960 1018 1
964 1023 3
1023 1024 3
967 1024 3
945 1002 3
1018 1019 3
963 1022 3
964 1022 3
970 1029 3
971 1029 3
932 990 3
933 990 3
935 993 3
945 1003 3
1022 1023 3
928 986 3
929 987 3
930 988 3
931 989 3
932 989 3
993 994 3
939 997 3
940 998 3
941 999 3
942 1000 3
943 1001 3
946 1003 3
946 1004 3
947 1005 3
948 1006 1
949 1007 1
950 1007 1
950 1008 1
951 1009 1
952 1010 1
953 1011 1
954 1012 1
955 1013 1
956 1014 1
957 1015 1
958 1016 1
959 1017 1
962 1020 3
968 1026 0
969 1027 0
972 1030 0
973 1031 0
974 1032 0
975 1033 3
986 987 3
987 988 3
988 989 3
992 993 3
996 997 3
997 998 0
998 999 3
999 1000 3
1000 1001 3
1001 1002 3
1002 1003 3
1004 1005 3
1005 1006 1
1006 1007 0
1007 1008 3
1008 1009 3
1009 1010 3
1010 1011 3
1011 1012 3
1012 1013 3
1013 1014 3
1014 1015 3
1015 1016 3
1016 1017 3
1017 1018 3
1019 1020 0
1024 1025 3
1025 1026 0
1026 1027 3
970 1027 1
970 1028 1
1029 1030 3
1030 1031 3
1031 1032 3
1032 1033 3
1033 1034 3
1003 1004 3
1028 1029 0
995 996 1
990 992 3
994 995 3
963 1020 3
1027 1028 3
989 990 3
