-0.0172569 -0.145333 24.7682
-0.0247083 -0.14444 25.5709
-0.0247593 -0.150711 25.4039
-0.0301837 -0.129249 25.1019
-0.016432 -0.09476 23.5109
-0.0250245 -0.0737494 23.2888
-0.00285381 -0.0786221 20.6225
0.00635414 -0.103263 19.7198
0.0330575 -0.195486 16.9535
0.00733197 -0.208842 22.4002
-0.0322493 -0.135043 30.0552
-0.0153589 -0.0893552 25.3433
-0.0361899 -0.0724642 31.149
-0.0696757 -0.0435705 39.7236
-0.107923 0.0338802 49.4992
-0.109343 0.0147552 50.6255
-0.071036 0.0457043 36.2411
-0.00216936 0.0240213 10.9201
0.00309756 0.0300937 8.96185
-0.0192048 0.042732 18.2104
-0.0771947 -0.00925079 43.79
-0.019241 0.379459 17.396
0.0139817 0.549697 -0.253127
0.0158663 0.0991412 0.0358131
0.0107267 0.259428 0.807738
0.0815827 -0.0420601 -28.6457
0.0872806 0.0479129 -40.575
0.0466754 0.0483752 -16.607
-0.0577692 0.0759319 45.1971
-0.00846572 0.0816181 12.151
0.114142 0.0958021 -62.3771
0.17513 0.0973307 -113.043
0.0309628 0.0589153 -14.4523
0.014992 0.0631221 -3.10127
-0.00663314 -0.0316685 9.0705
0.00827738 -0.0169939 -1.63823
0.0128455 0.0107746 -6.80355
0.12042 0.123586 -90.0278
-0.00459799 0.125284 10.7464
-0.00917709 0.119489 14.5648
0.00477186 -0.158227 2.41202
-0.0731131 -0.249057 70.6873
0 0.138853 6.4922
-0.000415731 0.141859 6.887
-0.00219437 0.184943 8.36531
0.00422762 0.139777 2.36965
0.000878216 -0.000736371 3.96794
0.00547144 0.00279543 -0.753919
0.00688918 0.00529133 -2.28781
0.00797021 0.00545745 -3.4329
0.144705 -0.0819172 -68.4837
-0.0282035 0.297998 114.199
0.143085 0.225944 -77.074
0.0296594 0.00378692 -25.9415
0.00909469 0.073643 -6.51919
0.0201448 0.0918277 -19.4036
0.404728 -0.0139056 -406.167
0.410487 -0.01882 -413.126
-0.0303639 -0.120364 24.2764
-0.0238687 -0.126659 24.0142
-0.0132209 -0.115954 22.9699
-0.00626858 -0.125855 22.6576
0.00988009 -0.298497 26.7491
-0.0130385 -0.0937006 22.8974
-0.00146256 -0.0924197 21.3089
-0.00250694 -0.115319 22.1053
-0.0148343 -0.124494 24.1682
-0.0149242 -0.155445 25.5891
-0.00150613 -0.200956 23.5867
0.00487383 -0.17336 22.5235
0.00806295 -0.170533 21.2267
-0.0131983 -0.125169 25.737
-0.0641314 -0.0505055 38.6288
-0.0995049 0.00710179 47.453
-0.0682391 -0.0279105 37.5118
-0.0234209 0.0165514 19.4024
0.00692404 0.0284547 8.06163
-0.0122217 0.060869 15.2568
0.106217 -0.21745 -33.2454
-0.0295811 -0.299243 30.2787
0.454721 -0.113202 -205.508
0.103771 -0.0661013 -39.5409
0.108115 -0.0146536 -44.0708
0.105433 -0.0511562 -41.4685
0.0871442 0.0148865 -39.1119
0.0210746 0.0847284 -2.31778
0.222391 -0.344309 -104.653
0.0960218 0.131022 -49.5694
0.0529577 0.0172637 -15.4869
-0.0268612 -0.0316309 41.6445
0.0286556 -0.162249 7.95432
0.0868511 -0.0943303 -36.5304
0.191797 2.8072 -202.044
-0.02072 -0.00918363 19.2686
0.0114197 -0.00470735 -6.34166
0.121984 0.160413 -91.6535
0 -0.11662 12.1419
0 -0.11662 12.1419
0.0115843 -0.0980241 1.39376
0.000819371 -0.116066 11.3869
0.00300865 -0.113916 9.29369
0.00184902 -0.126116 10.7589
-0.00770554 -0.10878 19.2743
0.00217818 -0.00431373 2.80351
0.00368031 -0.00270826 1.25334
0.0449353 -0.0494093 -37.1081
0.0271413 -0.0424783 -18.8832
0.021239 -0.0316093 -13.0797
0.195807 -0.0837194 -124.582
0.0547498 0.0799249 -55.5335
0.186575 0.140771 -123.76
0.00848129 0.00599436 -3.96796
0.0236226 0.0840977 -23.2762
0.0319975 0.0995041 -33.5996
0.39862 -0.0148663 -398.712
0.403245 -0.0197518 -404.187
-0.0303978 -0.116552 24.398
-0.0372222 -0.0990234 23.646
-0.0417026 -0.103484 23.785
0.0569841 -0.237085 16.3724
0.23093 0.162957 -21.1264
0.0278087 -0.0964217 16.7983
0.0131592 -0.118621 19.2688
0.0126678 -0.0967391 18.3682
0.00682287 -0.118372 20.1442
-0.0046732 -0.137263 22.4527
-0.000732895 -0.133748 21.2245
-0.00208089 -0.112304 20.492
-0.00698609 -0.13747 23.2502
0.00282895 -0.200946 23.8496
-0.00632607 -0.150181 24.4579
-0.0224018 -0.0521806 23.0618
-0.0153032 -0.0477619 19.6536
-0.00773102 0.0108869 12.8321
0.000792342 -0.0130787 11.7178
0.0690913 -0.0345297 -21.6042
0.0121419 -0.0474325 4.69526
0.0101283 -0.0632993 6.61122
0.148906 -0.0646554 -51.7404
0.0799987 -0.094844 -26.2755
0.0881163 -0.0787663 -31.0084
0.0965212 -0.0875444 -34.7766
0.199253 -0.0572309 -99.7199
0.0860576 0.0485161 -39.7476
0.0771572 0.0583139 -35.0993
0.0648021 0.11325 -28.9681
0.0527937 0.0669855 -18.5797
-0.00105233 0.0215319 21.3235
0.00634031 -0.192324 25.2299
0.0579026 -0.444228 0.583993
-0.0258349 -0.020457 23.2503
0.00135489 -0.00591741 3.64578
0.0920523 -0.0529842 -62.8226
-0.00532324 -0.126024 20.3464
0 -0.303111 25.1614
0 -0.0983729 12.9456
-0.00649025 -0.306899 31.03
0 -0.294372 24.6178
0.0343534 -0.284897 -7.41408
-0.00331902 -0.0133189 7.60722
0.00226796 -0.00976533 2.94879
0.00574647 -0.00431988 -0.697205
0.00111144 -0.0318644 5.19588
-0.332369 -0.263114 418.803
0.0342509 -0.0560903 -25.8687
0.0348132 -0.0395615 -27.2985
0.163512 0.175692 -142.758
0.0366379 0.104127 -35.9456
-0.0231741 0.436393 50.9192
-0.022706 0.438166 50.2599
0.0463588 0.0696401 -49.5938
0.0543348 0.0864381 -59.7612
-0.0787765 0.0530063 156.411
0.0582108 -0.229671 -51.4695
-0.221988 -0.117819 24.9888
0.166019 0.216168 -15.2553
-0.0800689 -0.0601994 22.3357
-0.0132189 -0.0026176 12.8465
-0.0158418 -0.0498802 17.4218
0.0185517 -0.0732982 15.2215
-0.0139916 -0.0905641 20.1054
0.00792105 -0.118465 19.9
0.016731 0.111163 -4.94837
0.0784336 -0.0631429 -2.07125
-0.00668822 -0.097203 20.94
-0.0175025 -0.0937777 23.7871
-0.0388838 -0.0783093 28.2375
-0.0623057 -0.102864 36.4779
-0.00962161 -0.0982264 20.1227
0.00974821 -0.0212209 8.62652
0.0230682 -0.00559917 2.68992
0.00636334 0.00529273 7.91069
-0.114956 0.0959879 50.5841
-0.0198889 0.100013 6.70235
-0.0177417 -0.00300894 14.0928
-0.00245983 -0.0453016 11.2758
0.0687706 -0.0491629 -21.6588
0.0277549 -0.0928885 -0.89917
0.0798043 -0.0980903 -25.9747
0.0957694 -0.109666 -33.4051
0.0671385 -0.183192 -13.4821
0.0346276 -0.166244 4.37192
0.0945824 -0.265113 -22.7443
-0.117479 -0.26237 112.161
-0.00766925 0.136685 16.2092
0.0826691 0.11296 -55.5377
-0.205993 -0.0784132 160.456
-0.0421812 0.0804347 27.7276
0.0271788 -0.0080272 -17.0294
0.0656811 -0.052845 -41.9179
0.0275284 -0.00850408 -15.9157
0.0249847 0.00701702 -14.7984
-0.00506699 -0.0560349 14.7028
-0.00115464 0.00643006 9.60347
0.0183414 0.0700569 -12.444
0.0104247 0.0132046 -1.25996
0 0.0785535 2.91782
-0.0183092 0.0381301 23.3784
0.00850004 0.00225758 0.745527
0 -0.180453 21.7202
0.0211367 0.0854808 -18.6674
0.00453739 -0.0013015 4.42313
0.00762675 -0.0550333 1.54288
0.279561 0.188923 -241.68
0.00358528 -0.0718859 73.1904
-0.0590128 -0.394876 113.883
-0.0538467 -0.40663 109
0.0547566 0.160229 -50.6683
0.0515229 0.161633 -47.0664
-0.0537136 0.0430392 126.565
-0.0551049 0.0514864 127.672
-0.0531603 0.05573 124.969
0.00337895 0.0482462 8.9333
-0.0213667 0.0248186 12.6873
-0.0738327 -0.00902836 17.0476
-0.00511047 0.0385845 8.15195
-0.027829 0.0237648 12.2925
-0.0132582 0.0139441 11.6498
-0.0195075 0.0324326 10.3197
-0.0500543 0.0911311 9.54017
0.00758481 0.121529 -4.1065
0.0281249 0.0346969 0.596784
0.0363511 -0.0198306 2.49746
0.0112549 -0.0851869 16.3412
-0.039801 -0.0882945 29.4028
-0.0183768 -0.0269349 16.4979
0.0282714 -0.00442334 -0.115645
0.0364254 0.00610684 -1.71268
-0.0182869 0.0239452 14.9061
-0.0128238 0.0212217 13.3608
-0.0125172 -0.0143409 17.5859
-0.0965809 -0.017936 50.4964
-0.0358622 -0.0283395 24.9152
-0.00470773 -0.0360603 10.582
-0.0152588 -0.042821 16.3694
0.0174437 -0.069401 2.90014
0.0448796 -0.111266 -6.56073
0.170953 0.0235828 -82.7456
0.0489932 -0.128081 -8.82512
-0.00647302 -0.158324 27.681
0.0152489 -0.139889 12.5858
-0.0138144 -0.0746404 21.6713
0.0145229 -0.150373 19.1018
0.049704 0.180748 -42.1912
-0.0299165 -0.119528 40.9635
-0.127415 -0.0634556 104.017
-0.0550067 -0.0318666 46.9809
0.0240067 -0.0144337 -13.4536
0.0237792 -0.0346562 -10.8004
0.00147985 -0.00578281 3.93505
-0.0109525 -0.0347849 17.6198
0.136719 0.0625 -118.219
0 0.0552565 1.22802
-0.0147463 0.0760589 12.5466
0 0.0307795 3.49997
0 0.0307795 3.49997
-0.00459 0.113659 0.252909
0 0.0307795 3.49997
0 0.0307795 3.49997
0 0.0068579 5.71333
-0.00411709 0.0410432 6.85582
-0.0107488 0.0755702 10.8426
0.044215 0.0831997 10.1421
-0.0399074 -0.10391 67.439
-1.26039e-06 0.374721 29.2752
-1.26039e-06 0.374721 29.2752
-0.000868558 0.00299778 8.86541
0.00293183 0.00120642 4.54257
-0.0313228 0.0582576 97.756
-0.0337058 0.0567681 100.834
0.00933469 0.036448 10.1718
-0.0136428 0.056089 8.87898
-0.0291597 0.0539107 9.01571
-0.0491605 0.0351536 12.8818
-0.00215281 0.0512152 6.57979
-0.000346621 0.0633871 6.12916
-0.0182453 0.0864217 5.34377
-0.0247735 0.0941282 5.31917
-0.0194399 0.0697906 7.54091
-0.0219866 0.118663 0.819737
0.0141409 0.0820887 -2.17614
-0.0623155 0.00535614 24.0348
-0.00296399 -0.0467718 14.3631
0.0465175 0.0310869 -9.01994
0.0710279 0.0559538 -19.073
0.027368 0.0223878 -1.03821
0.000355656 0.00335428 10.6477
0.00136579 -0.00577107 10.8018
-0.0823004 -0.0377547 47.3405
-0.0665125 -0.048375 41.7448
-0.0584108 -0.0192585 34.5113
-0.0220497 -0.0329348 18.2715
0.0168958 -0.0316414 -0.662975
0.00332705 -0.0377276 6.29179
0.0136615 -0.0751704 5.00217
0.164782 0.0227559 -79.2291
0.00737361 -0.113286 14.1265
-0.0077785 -0.133435 25.9482
0.0436369 -0.0359857 -16.3855
-0.0442223 -0.0931042 51.2509
-0.0695958 -0.00177197 57.1357
-0.108226 -0.0760047 91.6065
-0.0614591 -0.08934 58.9719
-0.0653051 -0.0838883 62.0396
-0.0179002 -0.0154883 17.7801
0.0100992 -0.0154359 -2.75876
-0.000194799 -0.0329231 7.28566
0.0152989 -0.0354908 -4.38106
0.00240623 -0.0389766 6.7494
-0.0073306 -0.0159663 11.9839
-0.0122143 -0.00862558 15.343
-0.00374938 -0.00294837 6.96137
-0.0101586 -0.283477 44.4629
0.0135147 -0.264038 20.0959
0.00793499 -0.00998085 -2.45235
0.915625 0.710938 -969.709
0.148616 0.158718 -137.562
0.0323844 -0.367038 36.5424
0.0150145 -0.262195 41.0381
0 0.22168 3.59389
0.0308498 0.0844049 24.4968
-0.0261163 -0.0985522 51.3705
-0.0289723 -0.0297794 45.9221
-0.0257871 -0.0137295 40.2108
-0.0176426 -0.00506989 29.637
0.0108314 -0.000631166 -4.70315
-0.0455646 0.0541162 115.589
-0.0948313 -0.014904 122.428
-0.00312397 0.045088 9.17087
-0.019806 0.0419258 10.4092
-0.0180368 0.0338943 11.6268
-0.0216953 0.0503871 9.16034
0.00305732 0.0508031 7.30095
-0.00653173 0.0217473 12.9508
-0.00656507 0.0522758 8.39068
-0.0214824 0.0490907 10.6839
-0.0149516 0.0393571 10.7077
-0.0276037 0.0350987 13.7021
-0.0547298 0.0444015 17.5109
-0.0193898 0.0389464 8.16977
0.0166445 0.0443996 -1.97643
0.0406593 0.0410519 -8.17383
0.0417873 0.0340946 -6.71914
-0.0189839 -0.00830261 18.6603
-0.0119666 -0.0240092 18.3854
-0.0412732 -0.0459428 31.611
-0.0581482 -0.0462262 38.4722
-0.0719437 -0.0386732 43.2305
-0.0736843 -0.0228749 41.3682
-0.0397603 -0.0257853 25.979
-0.012181 -0.000815788 9.69528
-0.02803 -0.00887227 18.1866
0.00039077 -0.0175326 4.69655
-0.00384539 -0.0553657 12.5017
-0.0114924 -0.0738536 19.5869
-0.00160062 -0.0854726 15.4743
0.0915142 -0.528708 22.3768
-0.0145824 -0.0902543 24.3827
-0.0190337 -0.0903402 27.4398
-0.00190351 -0.0962711 17.6793
9.43939e-05 -0.0551106 10.2955
-0.0376227 -0.0592217 38.0929
-0.00345148 -0.0226488 8.19723
0.00494181 -0.015223 1.09491
0.00202292 -0.0237778 4.48278
0.00560432 -0.0362525 3.2636
-0.00231844 -0.033138 9.30444
0.000966236 -0.020256 4.43513
0.00303697 -0.012247 2.06994
0.00366436 -0.0119884 1.31068
0.00435126 -0.0112186 0.0344478
0.0188645 -0.0184871 -10.5385
0.018818 -0.000685779 -13.4373
-0.0621637 0.077536 73.8706
0.0152194 -0.00575085 -10.1977
0.162909 -0.154607 -139.667
-0.0285984 -0.131636 52.28
-0.0104906 -0.132579 33.9633
0.0198263 0.0285104 39.9329
0.205847 -0.0341415 -209.104
0.205847 -0.0341415 -209.104
0 0 -1
-0.0152825 -0.0273691 29.7447
0.0178334 -0.0093852 -11.9581
-0.0324499 -0.0311915 49.8983
0 -0.305919 60.346
-0.00834948 0.037643 10.5549
-0.015018 0.0181503 13.9063
-0.0172322 0.0207068 13.6035
-0.0099159 0.0346955 10.8442
-0.00993413 0.0197623 13.2113
-0.0159381 0.0300689 11.999
-0.0204466 0.0250699 13.8915
-0.0270685 0.0221159 15.2156
-0.0234537 0.0233713 14.5701
-0.0460781 0.0223094 19.2629
-0.0835801 0.0343077 25.2382
-0.044788 0.0516686 12.3997
0.00902143 0.0514163 -0.737241
0.0213017 -0.0220947 7.85821
0.0169947 0.00284405 5.24272
0.000940342 0.00105991 10.6263
-0.0364752 -0.00135242 23.1684
-0.048231 0.0285775 21.6096
-0.0282839 -0.0307294 23.9598
-0.0516663 -0.0103905 30.2114
-0.0240732 0.0373081 26.4717
-0.0142938 0.0171198 8.07932
-0.0320577 0.0166676 16.8409
-0.0565611 0.00363818 31.0431
-0.0105613 -0.0101711 9.63501
-0.00218811 0.0110858 1.2463
-0.00784581 -0.0433426 12.818
-0.0094312 -0.0526632 15.4649
0.0629649 0.187905 -69.4317
0.0177931 0.0590553 -18.2194
-0.00563986 -0.0763748 16.8353
0.0205188 -0.0569152 -3.47366
-0.00429318 -0.0764917 16.8901
-0.00845425 -0.0535066 16.4151
0.00858914 -0.0211059 -0.916455
-0.00808239 -0.023455 12.8837
-0.00550946 -0.0193205 9.91573
-0.0100515 -0.0223337 14.098
0.0042859 -0.0119969 0.0852469
-0.00214073 0.0116909 1.18532
-0.0075847 -0.0254344 12.3305
-0.00525917 -0.0257467 10.4522
0.0141272 -0.0203974 -7.66301
0.00785399 0.0520304 -14.3873
0.0175964 0.00434266 -13.6278
-0.00168554 0.127991 6.51647
0 0.0197699 21.1189
0 0.045638 16.8675
0 -0.264797 66.9947
0.028257 0.229384 -41.6688
0.0301325 0.0142497 31.0536
0.0279643 0.013815 33.4991
0.0271017 0.0142667 34.3906
0.0271017 0.0142667 34.3906
0.017846 -0.0264937 -9.60404
0.0284749 -0.0613473 41.6656
0.0284749 -0.0613473 41.6656
0.0284749 -0.0613473 41.6656
-0.00861124 0.0314068 11.5475
-0.0212483 0.011563 15.0841
-0.0980188 0.0707933 34.1056
-0.0197971 0.0414333 10.2244
-0.0206641 0.0583661 7.43129
-0.0124671 0.0842157 2.0068
-0.0208148 0.0304766 12.7153
-0.034621 0.0426829 12.7587
-0.0286541 0.0157137 16.5231
-0.031454 0.0352658 13.8275
-0.0454846 0.0509334 14.0212
-0.0522834 0.174841 -5.23632
-0.0432864 0.166844 -6.9392
-0.0331697 0.265494 -26.711
-0.0143179 0.0626886 4.33869
-0.0196895 0.0334753 11.5777
-0.0543798 0.0996986 11.4752
-0.0668613 0.140074 8.61785
-0.0539332 0.036893 23.1552
-0.0565875 0.0240254 26.4819
-0.0448342 0.0317766 19.5985
-0.0587155 0.0676772 29.6781
-0.0884096 0.109 35.8213
-0.0334814 -0.000750581 20.149
-0.0191415 0.0208976 22.1117
-0.0877935 -0.0165314 65.3396
0.0269114 0.315249 -67.2291
0.141007 0.181099 -106.54
0.0198738 0.0191786 -2.1092
-0.0841122 0.00188334 60.3407
-0.0242772 0.244678 -27.1144
0.0132139 0.197161 -43.4471
0.0132613 0.00148597 -8.09022
0.0356483 0.0575948 -33.9567
-0.00754017 0.0404405 0.0541164
-0.000977389 -0.0435153 10.4691
-0.00600347 0.00266019 6.1892
-0.00885715 -0.0295308 14.272
-0.00792123 0.0139156 5.6254
-0.0277133 -0.0125751 30.0831
0.00302822 -0.0103447 2.30565
0.0108409 -0.00313313 -7.43967
0.017333 -0.00496664 -12.2589
0.00380821 -0.0154096 1.94386
0.00395699 0.00982103 -2.48093
0.0037183 0.0101429 -2.20475
-0.00729279 0.0140886 7.77964
0.0126852 0.000187024 -8.11304
-0.0361941 0.0583838 28.629
0.0180057 0.00941653 -14.8191
0.0334424 0.00165092 29.4924
-0.00121426 0.0394356 0.99657
0.177709 -0.00349601 -191.552
-0.00469872 -0.0236434 15.9008
-0.0111933 -0.0197907 23.256
0.030451 -0.012507 -26.7656
0.0455154 -0.00576493 -45.6099
0.0161743 -0.00200878 -12.3283
-0.105886 0.0386582 41.3106
-0.105886 0.0386582 41.3106
0 0 -1
-0.106748 0.00139083 48.8362
-0.121022 0.0951201 25.4344
-0.0951394 0.096869 22.8088
-0.0920979 0.0624261 29.1283
-0.0929672 0.10873 20.0769
-0.078181 0.142408 10.4582
-0.0689284 0.120607 12.7609
-0.0763423 0.161127 5.93426
-0.0758439 0.199849 -2.21024
-0.0742558 0.25719 -14.3576
-0.0405802 0.234166 -19.2584
-0.0444466 0.281921 -27.3882
-0.0497232 0.383402 -44.9845
-0.0348761 0.308475 -34.7212
-0.0338019 0.302826 -33.9129
-0.0137706 0.392155 -60.3075
-0.0849799 -0.0457415 69.5297
-0.095489 0.0263235 58.1741
-0.000493858 0.127789 -9.74309
-0.0540754 0.140291 12.6463
-0.0786737 0.140999 24.306
-0.0734189 -0.0079127 55.9366
-0.136975 0.158781 56.5059
0.0202171 0.235205 -48.4485
0.0444083 0.0358589 -20.1867
0.00701028 0.0467078 0.0478007
-0.0285919 0.277962 -29.9571
-0.0427249 0.304717 -26.7074
-0.0385786 0.276401 -23.514
-0.0154323 0.257366 -35.6443
-0.00171539 0.170254 -27.7989
-0.0557174 0.191082 7.42404
-0.0176978 0.127925 -9.1468
0.0161592 0.0778069 -25.5816
0.00339887 0.00721402 -2.60243
-0.00341588 0.0584557 -6.68382
-0.0160542 0.016789 12.8916
0.0015446 -0.00160142 1.35699
0.00641587 0.00816468 -6.15873
0.00245063 -0.00162715 0.550847
0.0301714 0.00899267 -27.805
0.0197819 0.014612 -18.7442
0.0161759 -0.000305963 -11.62
-0.0175888 0.0213081 16.7244
0.002329 -1.98704e-05 0.420679
0.0121537 0.0235874 -14.1989
0 -0.000675834 2.95197
0.0548019 -0.00885103 -51.9086
-0.00667284 0.0100745 12.3546
0.176266 -0.00151307 -190.232
0.224076 -0.137032 -100.445
0.039377 -0.0116035 -36.9436
0.0455037 -0.0150189 -44.5349
0.49537 -0.00905837 -589.309
0.00621616 -0.360063 73.1736
0 0.680377 -52.3495
-0.00762199 -0.13791 52.9895
0 0 -1
-0.00762199 -0.13791 52.9895
0.32364 0.0601435 54.7132
1.22691 0.098429 -63.3414
-0.081811 0.122281 15.5424
-0.082365 0.130116 13.8685
-0.0616051 0.149682 5.74815
0 0 -1
-0.04912 0.174372 -2.41788
-0.0362495 -0.00181086 34.7628
-0.0163654 0.255253 -31.7156
-0.022447 0.269424 -32.4128
-0.0208088 0.272864 -34.2665
-0.000706634 0.243474 -34.0632
0.0103055 0.239759 -35.3254
-0.00782005 0.263025 -34.2833
0.171105 0.138771 -76.8647
-0.0704929 0.0612068 39.1509
-0.111436 0.0803655 53.2046
-0.102135 0.117765 40.7565
-0.0379083 0.168021 -1.48729
-0.0207157 0.189467 -14.6919
-0.0255436 0.230042 -20.5211
-0.0390427 0.231287 -13.6887
-0.0342547 0.230231 -16.0274
-0.0150828 0.210905 -22.6926
-0.0179004 0.141916 -5.8127
-0.0235452 0.296098 -37.1617
-0.0257261 0.307178 -38.1577
-0.0457453 0.279419 -19.0751
-2.34774e-05 0.240495 -41.9538
-0.0503287 0.251793 -9.68851
-0.0632939 0.192899 13.0494
-0.0645113 0.165853 19.4905
-0.0409603 0.143915 5.90953
-0.0211789 0.0617372 8.26533
-0.0162375 0.0339687 9.74986
-0.00928118 0.00265133 10.4916
0.0140403 -0.00822892 -8.58389
-0.0381613 0.0611956 22.2954
0.00751797 -0.124465 40.8662
0.160199 -1.20183 139.822
0.0176297 0.0100102 -14.7146
0.0177574 0.0270196 -17.6403
0 0.0834898 -15.6943
0.0162044 0.108161 -31.2098
-0.0145804 0.0865818 4.52366
0.0122521 0.0228431 -10.8912
0.310194 0.287316 -317.711
0.31056 0.284971 -317.527
0.180335 -0.199168 -35.6885
0.189225 -0.146462 -57.9984
0.0414807 -0.0313945 -36.0912
0.010363 -0.0235913 -0.795248
0.0499469 0.0152825 -56.991
0.0160281 -0.00249573 -12.0568
-0.00762199 0.556151 -106.298
-0.00762199 0.556151 -106.298
-0.00762199 0.556151 -106.298
-0.00762199 0.556151 -106.298
0.317035 0.0640553 54.3896
0 0 -1
0 0 -1
-0.0674493 0.137234 9.78681
0 0 -1
-0.0446961 0.164695 -1.11058
-0.0444269 0.173524 -3.34744
-0.0131492 0.334664 -49.2215
-0.0427086 0.20429 -11.3748
-0.00810552 0.232647 -27.4409
-0.0249191 0.290105 -36.1569
-0.0054354 0.275053 -39.7124
0.00366034 0.234201 -32.5915
-0.0214613 0.229497 -21.7663
-0.00293689 0.179511 -17.0279
-0.0108753 0.195284 -17.7956
0.00596062 0.161857 -17.543
0.00342023 0.240193 -35.4065
-0.0042776 0.285178 -44.4728
-0.0194423 0.233278 -24.2071
-0.0266161 0.241418 -22.7092
-0.0524922 0.238419 -8.04653
-0.0470507 0.212941 -4.94481
-0.0486708 0.181124 3.61332
0.00038985 0.181242 -25.1292
0.0167782 0.315198 -67.2979
-0.00742528 0.337146 -57.119
-0.221102 0.456558 57.1399
-0.00102331 0.229125 -39.0838
-0.0371958 0.237337 -14.927
-0.0860782 0.226896 22.322
-0.0944755 0.186706 37.9233
-0.0372643 0.134476 5.58026
-0.0688355 0.0891424 41.5683
-0.0624217 0.089145 36.0097
0.171057 0.343543 -221.482
-0.267714 -0.0412163 264.695
-0.00413057 -0.146423 57.8738
-0.0611704 0.0273215 66.5651
-0.0891083 0.463282 -22.0148
0.320542 0.174946 -338.399
-0.0154162 -0.0684195 48.4907
-0.0207794 -0.0808097 56.7972
-0.0451397 0.079617 37.6981
-0.135384 -0.433341 262.373
0.0248121 0.0355077 -26.4288
0.0126203 0.0435363 -15.8574
0.252941 0.077876 -287.627
0.335169 0.294555 -434.705
0.0380645 0.315889 -46.0538
0.0552018 -0.0387808 -46.2257
0.0417875 -0.0120069 -40.6703
0.24416 0.111065 -317.432
-0.019515 -0.290407 100.166
-8.48581e-05 -0.0688655 123.565
-8.48581e-05 -0.0688655 123.565
-8.48581e-05 -0.0688655 123.565
-8.48581e-05 -0.0688655 123.565
0.321545 0.0653328 53.5922
0.322762 0.0658619 53.3955
-0.0595222 0.131457 10.1014
-0.0578956 0.140105 7.53446
-0.0535801 0.147039 4.95177
-0.0374112 0.153968 0.117711
-0.0321364 0.171062 -5.50242
0 0 -1
-0.0145479 0.206315 -19.0154
0.00397807 0.218033 -27.1803
0.00829392 0.218989 -28.5723
-0.00887394 0.238396 -28.8511
0.0059655 0.229974 -31.467
0.00458458 0.24364 -34.8763
-0.00686015 0.183339 -15.7731
0.0331006 0.194041 -35.3758
0.00497903 0.20091 -26.3841
-0.0221363 0.219688 -17.4911
-0.0509112 0.238081 -8.57218
-0.0309769 0.212472 -12.1595
-0.0404653 0.244518 -15.4771
-0.0969969 0.250571 13.6756
-0.074905 0.16677 23.172
-0.0328284 0.127323 8.75954
-0.00189928 0.165805 -20.6736
0.0372262 0.246612 -62.0993
0.00244552 0.286239 -49.8182
0.0105545 0.290675 -57.0276
0.0527553 0.237008 -71.7296
0.205275 0.0853246 -138.091
0.234667 0.0925668 -160.976
-0.0844507 0.127095 44.5085
-0.0643171 0.113111 32.1748
-0.0707975 0.0293445 58.0632
0.0118389 -0.223734 60.0366
-0.00393507 -0.252243 80.8692
-0.0035567 -0.253915 80.9711
0.000147995 -0.25762 78.6572
0.00946942 -0.258285 70.359
0.0340739 -0.0473702 -8.03565
0.0306334 -0.077373 3.40822
0.000762437 -0.110309 43.4647
-0.0176752 -0.0817582 53.9114
-0.00809749 -0.0288817 28.6259
-0.0289306 0.0327813 31.9825
0.0031572 0.040244 -4.038
-0.026496 0.108945 10.3209
0.11477 0.0219792 -120.911
0.40305 -0.148652 -397.21
0.0137149 0.109933 -25.4042
-0.0113942 0.108606 4.08593
-0.0638646 0.462074 -33.416
0.0642946 -0.50789 70.1437
0.0375832 -0.0123641 -35.3282
-0.00199058 0.185478 -19.0071
-6.94488e-06 -0.0293098 168.928
0 0.187973 -19.7504
-6.94486e-06 -0.0293098 168.928
-0.000131847 0.227834 -31.2508
-0.0595222 0.131457 10.1014
0.0503428 0.0181845 146.254
0 0 -1
0.0508019 0.0182756 146.147
-0.0361635 0.152849 0.199181
0.00648983 -0.0264126 214.443
0.00995646 -0.0288487 214.344
0.0126959 -0.0333227 214.948
0.00351315 0.221192 -28.0067
-0.0116572 0.223939 -24.4752
0.00252783 0.23807 -32.7432
0.0261938 0.248962 -44.3034
0.0412156 0.23797 -45.939
0.0683079 0.200561 -52.2841
0.0519324 0.228306 -52.466
0.00195423 0.250579 -37.5663
-0.00744391 0.235897 -28.8263
-0.042608 0.199262 -1.58437
-0.0407622 0.171771 3.68313
0.0393964 0.184663 -40.4702
0.0565648 0.078581 -17.7707
0.0398689 0.0253484 7.03257
-0.24742 0.056999 165.058
-0.227853 0.220938 104.772
0.0231398 0.202458 -41.0365
0.0536411 0.232655 -68.8597
0.0428399 0.244486 -65.5331
0.0565742 0.254377 -78.9867
0.0763293 0.250026 -92.3306
0.0836885 0.174069 -74.7892
-0.0765653 0.127418 38.2096
-0.0724553 0.0178325 62.6049
0 -0.237858 79.6326
0.0125799 -0.0126607 2.46865
0.216216 -0.151589 -128.091
0.00985769 -0.0878692 27.1287
0.0053162 -0.0956154 33.3936
0.00890558 -0.122097 38.9445
0.00917631 -0.11974 38.0388
0.00528752 -0.114036 40.1119
0.00228095 -0.0927142 35.2217
-0.00200439 -0.098227 42.7087
-0.00353898 -0.0401706 27.0808
4.97582e-05 -0.0309704 20.6465
0.0160548 0.0256046 -13.7101
0.043039 0.0360566 -45.8786
0.0663371 0.0262213 -68.6042
0.0129604 0.13426 -8.51972
-0.00149685 0.206502 -15.3394
-0.04445 0.145809 32.2579
-0.0589629 0.147639 49.097
-0.0121083 0.176435 7.28596
0.0417875 -0.0120069 -40.6703
-6.94487e-06 -0.0293098 168.928
-6.94487e-06 -0.0293098 168.928
-6.94485e-06 -0.0293098 168.928
-6.94485e-06 -0.0293098 168.928
0.247152 0.105588 37.5787
0.0503428 0.0181845 146.254
-0.0332978 0.315397 -1.86097
0.0512241 0.0167986 146.543
0.0509066 0.0180578 146.2
0.0421812 0.0219534 146.409
-0.00385355 -0.0234327 215.893
0.00712908 -0.0288254 215.031
0 0 -1
0.00789467 -0.0368934 217.404
0.00105208 0.256924 -38.178
0.0167966 0.261174 -44.8126
0.0355703 0.257036 -50.1914
0.0448691 0.256002 -53.3815
0.0330285 0.268123 -52.1178
0.138011 -0.0970915 -1.90413
0.134922 -0.0970661 -0.523081
0.128311 -0.0570644 -9.91345
0.0931682 0.00832377 -13.6572
0.0648071 0.0765482 -21.142
0.0485048 0.137193 -31.3265
0.00958033 0.0779504 8.24586
-0.0480714 0.0195981 58.8629
-0.107656 0.0335522 89.0566
0.0114441 0.0111054 4.04422
0.0461293 0.213376 -58.7465
0.0508651 0.223469 -65.0664
0.0519946 0.257516 -76.3548
0.0587268 0.241075 -75.4665
0.0397954 0.282852 -75.4415
0.0379453 0.263574 -68.254
0.0573084 0.296061 -92.9423
-0.00867128 -0.14253 59.704
-0.0527427 -0.0551048 69.2688
-0.0231336 -0.0387202 39.9523
-0.00750752 -0.070399 36.7316
-0.00139764 -0.0874438 36.8161
0.00869948 -0.122686 39.3034
0.0106246 -0.120826 37.0104
0.0121561 -0.118361 34.8462
0.010412 -0.114065 35.1994
0.00563518 -0.105439 37.2448
0.00113336 -0.0971027 39.1751
-0.00281258 -0.0922194 41.7348
0.00924587 -0.0387115 13.2842
0.00647741 -0.0363674 15.4765
0.0429476 0.0304184 -44.1006
0.0500506 0.0244585 -50.0133
-0.013296 0.12758 23.1572
-0.0120978 0.172238 8.62262
-0.00979602 0.183372 2.3577
0.0124069 0.135333 -8.20553
-0.0123241 0.177527 7.21549
-0.00891729 0.149311 11.7763
-0.0207534 0.122822 55.4491
-0.0207203 0.12278 55.4618
-0.0205653 0.122716 55.476
-0.020313 0.122648 55.482
0.247116 0.105613 37.5745
0.209639 0.047687 61.8279
-0.0317745 0.316945 -2.63779
-0.0299406 0.349083 -13.4678
-0.034969 0.30739 1.24963
-0.127622 0.164684 1.51444
0.0273738 -0.218229 251.214
0.0072151 -0.0306582 215.655
0.00396624 -0.0374008 218.623
0.0141995 0.299843 -55.9219
0.00899704 0.29888 -54.0791
0.016877 0.307526 -59.5981
0.0281038 0.30387 -62.2791
0.04141 0.300078 -65.6303
0.0601579 0.292255 -70.0592
0 0.191618 -29.9106
-0.125215 -0.085846 140.306
-0.142012 -0.085057 147.537
0.0818526 0.0167244 -10.8014
0.0739347 0.0344957 -12.748
-0.288602 -0.336467 305.868
0.288144 -0.335876 -5.48085
-0.0803974 0.0139089 79.166
-0.0859264 0.000148491 86.9619
0.012465 0.0110505 3.4402
0.0121626 0.0110586 3.62502
0.0121626 0.0110586 3.62502
0.0688855 -0.0268165 11.2475
0.0823021 0.0012386 -7.19663
0.0271157 0.268239 -61.9368
0.0734854 0.260186 -92.7982
0.0438794 0.299518 -83.8794
-0.462546 0.26821 321.918
0.046192 -0.0252394 15.4485
0.0358252 -0.0846267 43.8418
0.0223314 -0.132985 71.3708
0.0011443 -0.202809 113.189
-0.0279343 0.239679 -4.66744
-0.0256562 0.238279 -6.22428
-0.0247057 0.238698 -7.23955
-0.0247057 0.238698 -7.23955
0.0195692 -0.23634 104.796
0.0195692 -0.23634 104.796
0.0195692 -0.23634 104.796
0.0219431 -0.235332 102.011
0.0233503 -0.234732 100.326
0.024126 -0.234099 99.2809
0.024126 -0.234099 99.2809
-0.00284513 -0.25146 133.552
0.0144082 -0.0219198 -6.00445
-0.00865508 0.176005 3.42643
-0.0144478 0.159996 15.0583
0.0552018 -0.0387808 -46.2257
-0.00860803 -0.23987 137.297
-0.00315999 -0.0134003 110.62
-0.00366312 -0.0156443 111.456
-0.00780888 -0.0202126 113.303
-0.0170821 -0.0273819 116.508
-0.0278171 -0.0322517 119.19
-0.0361989 0.00212333 108.035
-0.0454536 -0.0727128 135.787
-0.0520735 -0.056622 130.649
-0.00829959 -0.133553 151.453
-0.0494396 -0.0757433 137.025
0.0370451 -0.220237 249.862
0.0378019 -0.251632 260.779
0.00748266 0.31863 -60.3245
0.00936752 0.314718 -59.5185
0.0149459 0.316939 -62.0291
0.0223053 0.32123 -65.9326
0.0323755 0.312071 -66.1026
-0.0194684 0.225711 -16.1155
-0.0320211 0.134705 20.2151
-0.0426972 0.0528743 54.1571
-0.0881931 -0.0910028 125.3
-0.126607 -0.076558 137.098
-0.107222 -0.0401433 115.13
-0.0888801 -0.0400983 106.072
-0.0784452 -0.0401228 100.719
-0.0746368 -0.040135 98.6941
-0.0746368 -0.040135 98.6941
-0.111912 -0.00711025 104.675
0.0406059 -0.0259916 30.2342
0.0402759 -0.0254053 30.2121
0.0426433 -0.0245659 28.3329
0.0521385 -0.0238778 21.663
0.0633843 -0.0233735 13.6556
0.119596 0.159064 -92.3141
0.106709 0.180448 -90.3264
0.103552 0.265141 -116.974
0.0404575 0.323562 -89.3333
-0.0408321 0.211868 16.9839
-0.0279437 0.206436 8.36963
-0.0308265 0.239244 -2.00914
-0.0295455 0.239442 -3.18604
-0.0285123 0.239285 -4.03023
-0.0483061 -0.00858601 68.3034
-0.0453987 -0.0193648 69.4237
0.268694 -0.366071 -101.39
3.34864e-12 0.182057 -7.94692
3.34864e-12 0.182057 -7.94692
0.0514556 -0.0418409 -18.2631
0.0627256 -0.0430758 -29.7386
0.061399 -0.0288253 -33.4027
-0.0176781 0.159793 18.7599
-0.0176781 0.159793 18.7599
-0.0176781 0.159793 18.7599
-0.0141494 0.160076 14.6774
-0.00346986 0.177636 -3.1843
0.000942743 0.18449 -10.848
0.00340398 0.185182 -14.0465
0.0124069 0.135333 -8.20553
-0.00445388 -0.0118602 110.091
-0.00576273 -0.014257 111.035
-0.012484 -0.0190278 113.142
-0.0265759 -0.0297706 118.135
-0.0454585 -0.044662 125.469
-0.0555435 -0.0581961 131.599
-0.0591847 -0.0958427 145.523
-0.0441744 -0.0908452 141.488
-0.047286 -0.0788015 137.707
-0.0478566 -0.0772393 137.244
0.0346125 -0.263086 265.562
0.0391817 -0.254441 261.422
0.0107203 0.318261 -61.0691
0.0124006 0.322681 -63.2167
0.0172652 0.327848 -66.608
0.0189012 0.32918 -67.5746
0.00758571 0.29006 -49.3429
-0.053053 0.198446 6.26082
-0.0735089 0.166861 25.463
-0.0755865 0.0792982 58.6238
-0.0225565 -1.56344 652.127
-0.00643067 0.116873 21.8299
-0.00630872 0.115609 22.2319
-0.00490796 0.11313 22.4412
-0.00133113 0.109503 21.9146
0.00453238 0.104816 20.4701
0.0132576 0.0991787 17.6483
0.024263 0.0927268 13.6117
0.0367813 0.085616 8.68014
0.049989 0.0780155 3.22935
0.0623673 0.0700988 -1.84563
0.0742859 0.0620379 -6.82187
0.0841607 0.0661167 -15.1559
0.0858799 0.057448 -13.0514
0.133797 0.223761 -125.537
0.113676 0.247265 -118.535
0.0419031 0.29657 -80.8377
0.0125324 0.239513 -36.4827
-0.0486333 0.240662 12.7059
-0.0369956 0.239111 3.33618
-0.0188608 0.0170271 60.4179
-0.018865 0.0170293 60.421
-0.0187574 0.0157992 60.7657
-0.0422913 -0.0211583 67.1803
-0.0273085 -0.0440725 61.3566
-0.00943282 -0.0320483 39.5153
0.0126239 -0.0202166 13.2007
0.0342408 -0.0452435 0.616759
0.0506397 -0.0497082 -14.7226
0.0543681 -0.03464 -23.7856
1.32173e-05 0.126079 2.09552
1.32173e-05 0.126079 2.09552
1.32173e-05 0.126079 2.09552
1.32173e-05 0.126079 2.09552
1.32221e-05 0.126079 2.09552
1.6759e-05 0.12608 2.0911
1.71431e-05 0.12608 2.09064
1.71431e-05 0.12608 2.09064
