0 2 3
2 3 3
3 5 3
5 6 3
6 7 3
7 8 3
8 9 1
9 10 3
10 11 3
11 12 3
12 14 3
14 15 3
15 16 3
16 17 3
17 18 0
18 19 0
19 20 2
20 21 0
21 22 3
22 23 3
23 81 3
25 81 3
25 26 3
26 27 3
27 28 3
28 29 1
29 30 1
30 31 0
31 33 0
33 35 3
35 36 3
36 391 3
391 561 3
278 561 3
278 280 3
51 280 3
51 52 3
52 54 1
53 54 1
53 55 1
35 150 3
54 55 3
50 51 0
2 59 3
5 62 3
150 207 3
36 150 3
0 59 3
3 62 3
14 71 3
52 224 3
12 71 3
33 150 3
51 224 3
9 67 0
8 67 3
31 89 1
31 90 1
33 90 1
278 559 3
11 70 3
19 77 1
25 83 1
30 89 3
559 561 3
2 60 3
10 70 3
12 70 3
81 83 1
16 75 3
17 75 3
18 75 0
18 77 0
52 53 3
53 111 1
53 112 1
15 73 3
16 73 3
26 84 3
26 85 1
27 85 1
28 86 1
29 86 2
30 88 3
95 391 0
59 60 3
3 60 3
3 61 3
6 64 3
10 67 3
14 73 3
75 77 3
20 78 1
25 84 3
84 85 1
28 85 1
29 88 1
89 90 3
0 58 3
61 62 3
7 64 3
7 123 3
8 123 3
8 124 3
19 78 1
21 78 1
83 84 0
53 115 1
60 61 3
6 62 3
123 124 3
67 124 3
14 72 3
85 86 3
71 72 3
73 75 3
52 223 3
53 223 3
58 59 3
10 126 3
88 89 3
111 223 0
112 223 0
67 126 3
72 73 3
62 64 3
64 123 3
89 147 3
90 147 3
70 126 3
77 78 3
22 137 3
22 138 3
23 138 3
86 145 3
86 88 3
62 121 0
67 125 3
126 127 3
70 127 3
70 71 3
21 137 3
73 131 3
75 131 3
223 224 3
137 138 3
88 145 3
90 150 0
36 152 3
152 391 3
62 120 0
131 133 3
78 137 0
150 152 3
224 280 3
169 223 0
120 121 3
64 121 0
81 138 3
169 224 0
138 139 3
81 139 3
81 198 3
83 198 0
95 152 0
77 136 0
78 136 0
125 126 3
75 133 3
77 134 0
83 141 0
59 117 3
84 141 3
95 561 0
60 117 3
139 198 3
85 144 0
86 144 0
88 146 2
89 146 2
279 280 3
77 133 0
133 134 3
278 279 3
61 120 0
64 122 3
122 123 3
70 128 3
90 148 2
58 117 3
61 118 0
127 128 3
141 198 3
85 143 3
147 148 0
60 118 0
124 125 3
133 192 3
134 136 3
84 143 2
145 146 3
70 72 3
134 192 3
136 137 3
146 147 3
90 207 0
118 120 3
72 128 3
72 131 3
143 144 0
144 145 1
148 207 0
64 179 0
224 282 3
117 118 0
95 211 0
280 282 3
53 225 3
121 179 3
211 561 3
223 225 3
122 179 3
152 211 3
84 200 3
117 232 0
72 188 3
141 200 3
128 188 3
58 232 0
223 228 1
169 228 0
133 190 3
276 278 3
131 188 3
131 190 3
134 193 3
136 193 3
276 559 3
276 279 3
122 124 3
133 191 3
136 194 3
143 200 3
126 184 3
191 192 3
192 193 3
152 210 3
125 184 3
127 185 3
128 185 3
186 188 3
137 194 3
137 195 3
147 206 0
148 206 2
150 210 3
169 227 0
225 228 1
128 186 3
138 195 3
147 205 0
224 227 1
146 204 3
205 206 3
210 211 3
224 226 1
227 228 3
175 232 1
117 175 0
118 176 3
179 180 3
122 180 3
193 194 3
194 195 3
144 203 1
145 203 2
145 204 2
146 205 0
120 178 3
121 178 3
122 182 0
124 182 0
124 183 0
125 183 0
126 185 3
190 191 3
139 197 3
197 198 3
207 210 3
226 282 0
226 227 3
118 175 3
120 176 3
183 184 3
178 179 3
138 197 3
204 205 0
206 207 3
225 229 1
176 178 3
182 183 3
138 254 3
203 204 3
184 185 3
185 186 3
188 190 3
143 201 3
144 201 2
207 208 3
208 210 3
175 176 3
176 235 3
186 246 3
195 254 3
206 208 3
228 229 3
197 254 3
200 201 3
188 246 3
198 200 3
270 561 3
203 260 0
211 270 3
198 257 3
200 257 3
144 260 2
208 265 3
206 265 3
201 260 3
387 561 3
226 283 1
178 237 3
179 237 3
180 182 3
270 387 3
387 559 3
282 283 1
175 233 1
178 235 3
208 267 3
227 283 1
178 236 3
210 267 3
236 237 3
191 308 3
192 308 3
210 268 3
188 247 3
190 247 3
194 253 3
195 253 3
197 255 3
267 268 3
235 236 3
191 248 3
254 255 3
225 227 1
225 286 3
190 248 3
211 268 3
445 559 3
276 445 3
280 338 3
180 238 3
185 243 3
186 243 3
191 249 3
249 308 3
197 257 3
201 257 3
444 445 3
276 335 3
279 338 3
282 338 3
180 237 3
247 248 3
192 251 3
197 256 3
201 259 3
204 262 0
282 398 3
176 292 3
243 246 3
193 251 3
194 252 3
203 262 0
205 263 3
279 335 3
338 398 3
175 292 1
248 249 3
253 254 1
204 263 0
206 263 3
232 233 2
193 252 3
255 256 3
256 257 3
246 247 3
251 252 3
252 253 3
257 259 3
262 263 3
227 342 1
233 292 3
184 242 3
307 308 3
251 308 3
259 260 3
444 559 3
283 342 0
225 342 1
182 238 3
183 242 3
249 307 3
206 322 3
185 242 3
260 319 3
203 319 0
242 243 3
265 322 3
235 292 3
237 238 3
182 297 3
182 242 3
387 444 3
262 319 3
263 322 3
238 297 3
251 309 3
252 309 3
254 312 0
268 386 3
211 386 3
211 387 3
247 305 3
257 315 3
386 387 3
235 293 3
243 302 3
246 302 3
256 315 3
246 303 3
259 316 3
267 325 3
282 341 1
302 303 3
246 304 3
265 323 3
208 324 3
268 325 3
283 341 0
232 290 2
236 294 3
247 304 3
252 310 3
255 312 3
322 323 3
267 324 3
225 343 1
233 290 3
309 310 3
257 316 3
265 324 3
324 325 3
268 326 3
292 293 3
235 294 3
335 445 0
248 305 3
248 306 3
237 294 3
237 295 3
249 306 3
253 312 3
255 314 3
256 314 3
315 316 3
263 379 3
342 343 0
225 344 1
305 306 3
308 309 3
325 326 3
326 386 3
341 398 0
343 344 3
233 348 3
294 295 3
304 305 3
306 307 3
262 379 3
290 348 3
316 317 3
259 317 3
262 320 3
323 324 3
341 342 3
293 294 3
242 357 1
260 317 3
320 379 3
322 379 3
279 569 3
238 295 3
182 356 3
314 315 3
335 569 3
338 569 3
292 348 3
242 356 1
243 357 2
317 319 3
319 320 3
297 356 3
356 357 3
302 357 2
225 345 1
295 297 3
252 312 3
303 304 3
344 345 1
225 405 1
314 371 3
385 386 3
295 354 3
297 354 3
303 362 3
304 362 3
255 371 3
319 377 3
293 351 3
308 366 3
325 384 3
292 349 3
357 359 3
302 359 3
310 312 3
312 371 3
326 385 3
342 400 0
343 400 3
348 349 3
305 363 3
312 369 3
312 370 3
314 373 3
315 373 3
320 377 3
357 358 3
362 363 3
309 367 3
310 368 3
325 383 3
326 384 3
225 403 1
294 351 3
358 359 3
312 368 3
317 377 3
383 384 3
445 563 3
335 563 3
345 403 0
403 405 3
303 360 3
306 364 3
310 367 3
368 369 3
369 370 3
370 371 3
314 372 3
295 353 3
302 360 3
305 364 3
307 364 3
372 373 3
324 382 3
325 382 3
292 350 3
292 351 3
351 352 3
294 352 3
295 352 3
353 354 3
297 355 3
307 365 3
316 374 3
317 374 3
323 381 3
382 383 3
397 398 3
341 399 1
349 350 3
352 353 3
354 355 3
363 364 3
364 365 3
308 365 3
367 368 3
315 374 3
322 381 3
338 397 3
343 401 3
344 401 3
344 403 1
350 351 3
355 356 3
303 361 3
309 366 3
373 374 3
317 375 3
379 380 3
342 399 1
358 417 3
359 417 3
361 362 3
366 367 3
322 380 3
384 385 3
398 399 1
380 381 3
400 401 3
360 361 3
324 381 3
563 569 3
371 372 3
375 377 3
399 400 0
359 360 3
374 375 3
381 382 3
365 366 3
397 399 1
338 571 3
397 571 3
401 578 3
344 578 3
377 379 3
403 578 0
569 571 3
368 425 1
355 414 3
356 414 3
366 424 1
367 425 1
377 436 3
405 462 0
379 436 3
379 437 3
385 443 3
386 443 3
403 462 0
365 423 3
436 437 3
357 414 3
364 422 3
365 422 3
386 444 3
359 418 3
370 429 3
400 458 3
401 458 3
354 413 3
355 413 3
357 415 3
360 418 3
360 419 3
366 425 1
368 484 3
371 429 3
348 406 3
349 406 3
414 415 3
361 419 3
368 427 3
369 427 3
370 427 3
384 442 3
366 423 3
443 444 3
349 407 3
350 408 3
351 409 3
352 409 3
353 411 3
354 412 3
363 421 3
364 421 3
382 441 3
383 441 3
384 443 3
399 458 0
405 463 0
406 407 3
407 408 3
351 408 3
352 410 3
352 411 3
411 412 3
412 413 3
357 417 3
417 418 3
361 420 3
362 420 3
423 424 1
371 430 3
372 431 3
373 431 3
383 442 3
418 419 3
362 421 3
424 425 0
370 428 3
428 429 3
429 430 3
372 430 3
380 437 3
442 443 3
444 501 3
399 457 3
458 578 3
462 463 3
410 411 3
413 414 3
422 423 3
423 481 3
425 484 0
374 431 3
377 493 1
399 571 0
457 458 0
408 409 3
409 410 3
415 417 3
420 421 3
421 422 3
424 482 0
427 484 3
427 428 3
375 434 3
377 434 3
434 493 1
436 493 1
462 578 3
422 481 3
430 431 3
441 499 3
457 571 0
381 441 3
441 442 3
419 420 3
415 473 3
442 499 3
458 517 3
517 578 3
417 473 3
419 476 3
418 476 3
423 482 1
374 433 3
375 433 3
567 569 3
417 476 3
380 438 3
563 567 3
433 434 3
437 438 3
473 476 3
443 501 3
515 571 3
457 515 0
518 578 0
409 467 3
517 518 1
406 464 3
407 464 3
410 467 3
381 438 3
381 499 3
407 466 3
408 466 3
412 471 3
413 471 3
413 472 3
414 472 3
415 472 3
425 483 0
431 433 3
438 499 3
458 516 3
411 469 3
412 469 3
419 478 3
421 479 3
422 480 3
424 483 0
436 494 2
442 500 3
442 501 3
457 516 0
462 521 3
463 521 3
466 467 3
471 472 3
420 478 3
420 479 3
421 480 3
480 481 3
493 494 2
500 501 3
462 520 3
410 469 3
478 479 3
437 494 2
501 558 3
516 517 3
520 521 3
472 473 3
481 482 1
433 490 1
499 500 3
520 578 3
479 480 3
482 540 1
482 483 3
407 465 3
445 567 3
464 465 3
465 466 3
429 488 1
430 488 1
431 488 1
431 489 1
433 492 1
434 492 1
494 495 3
437 495 2
499 556 3
476 478 3
484 485 1
427 485 1
428 485 1
488 489 3
431 490 1
438 495 2
571 572 3
489 490 0
493 550 2
569 627 3
515 572 3
515 516 3
473 474 1
478 535 3
492 493 2
567 627 3
476 535 3
428 545 1
429 545 1
438 556 2
569 570 3
518 577 0
577 578 3
473 534 3
476 534 3
438 554 2
570 571 3
495 554 3
469 471 3
490 492 1
438 555 2
444 558 2
570 627 3
467 469 3
474 534 3
555 556 3
472 531 1
472 474 1
533 534 3
534 535 3
535 536 3
478 536 3
554 555 3
517 575 3
467 526 1
469 528 1
471 529 1
472 530 1
479 536 3
516 575 3
518 575 0
467 525 1
469 526 1
469 527 1
469 529 1
529 530 3
530 531 3
474 531 3
479 537 3
490 548 3
493 552 2
516 574 3
466 525 1
527 528 3
528 529 3
474 533 3
480 537 3
484 542 2
485 542 0
485 545 0
429 546 1
488 546 3
492 548 3
494 552 3
492 550 3
515 573 3
465 524 1
466 524 1
526 527 3
567 619 3
572 573 3
516 573 3
574 575 3
465 523 1
525 526 3
536 537 3
481 539 3
425 542 0
550 552 3
619 624 1
518 691 0
464 522 1
464 523 2
482 539 2
483 541 2
485 543 3
492 549 3
495 553 3
577 691 3
522 523 0
523 524 1
425 541 0
542 543 1
548 549 3
494 553 3
553 554 3
445 558 2
474 532 3
445 619 3
573 574 3
575 691 3
482 541 2
545 546 2
564 619 3
524 525 0
532 533 3
489 546 3
531 532 3
552 553 3
500 558 3
521 578 3
537 539 3
480 539 2
540 541 0
544 545 3
571 629 3
572 629 3
578 636 3
485 544 3
499 558 3
570 629 3
552 610 3
556 558 3
539 540 1
543 544 3
549 550 3
550 609 3
550 610 3
609 610 3
541 599 3
490 605 3
577 636 3
521 636 3
490 546 2
548 605 3
529 587 2
530 587 2
546 605 2
553 612 3
554 612 3
539 596 3
540 599 0
544 602 3
546 603 3
556 614 3
558 615 3
572 630 3
574 632 3
545 603 3
555 614 3
556 615 3
573 630 3
577 635 1
533 592 3
544 603 3
558 617 3
445 617 3
618 619 3
574 691 3
635 691 0
528 586 2
587 588 3
530 588 3
534 592 3
536 594 3
537 594 3
537 596 3
540 598 3
542 600 3
625 627 3
524 582 3
527 585 3
529 586 2
532 591 3
533 591 3
535 592 3
539 598 1
598 599 0
425 600 0
543 601 3
553 611 3
614 615 3
445 618 3
567 625 3
573 631 1
635 636 0
522 580 3
523 581 0
531 588 3
541 600 3
602 603 3
552 611 3
626 627 3
574 631 1
580 581 0
581 582 1
525 582 1
526 585 3
528 585 3
586 587 3
535 594 3
542 601 2
548 606 3
555 612 3
555 613 3
619 625 2
625 626 3
629 630 3
585 586 2
591 592 3
539 597 3
597 598 1
600 601 3
549 606 3
610 611 3
630 631 1
631 632 0
632 691 3
532 590 3
537 595 3
544 601 3
611 612 3
558 616 3
617 618 3
570 628 3
585 643 0
590 591 3
595 596 1
596 597 3
546 662 2
612 613 3
613 614 3
627 628 3
628 629 3
525 583 0
526 583 0
586 643 0
531 590 3
599 600 3
601 602 3
603 662 3
605 662 3
549 608 3
550 608 3
615 616 3
616 617 3
582 583 0
535 593 3
594 595 3
605 606 3
592 593 3
593 594 3
606 608 3
608 609 3
531 647 0
583 585 1
614 622 0
586 644 0
588 647 3
611 669 3
590 647 3
590 648 2
610 669 3
588 646 3
646 647 3
632 633 1
594 653 3
596 654 3
633 691 0
587 645 2
587 646 2
595 653 1
616 622 2
606 665 3
608 665 3
627 686 2
628 686 2
581 639 3
583 642 3
585 642 0
645 646 3
595 654 1
626 686 1
602 660 3
610 668 3
615 622 0
629 687 3
582 639 0
583 699 0
643 644 3
586 645 2
603 660 3
668 669 3
612 669 3
628 687 3
630 687 3
600 658 3
605 664 3
606 664 3
599 655 3
599 657 3
600 657 3
609 667 3
631 689 0
632 690 3
580 638 0
582 640 0
583 640 0
593 650 1
593 651 1
594 651 3
653 654 3
598 655 2
601 658 3
662 663 3
605 663 3
608 666 3
609 666 3
610 667 3
612 670 2
624 682 3
630 689 3
638 639 1
640 699 3
642 643 3
644 645 3
591 649 2
592 650 2
597 654 3
664 665 3
669 670 0
613 670 2
619 682 1
630 688 3
689 690 3
633 690 0
590 649 2
592 649 3
619 621 1
621 625 3
687 688 3
688 689 3
639 640 3
642 699 3
647 648 3
597 655 3
655 657 3
601 659 3
663 664 3
665 666 3
666 667 3
613 622 0
648 649 3
657 658 3
658 659 3
617 622 2
618 622 3
621 626 3
649 650 3
650 709 3
602 659 3
659 660 3
667 668 3
650 651 3
686 687 0
690 691 3
654 655 3
621 686 1
635 750 0
622 670 1
691 750 3
636 750 1
651 653 3
655 714 3
657 714 3
660 719 3
668 727 3
669 727 3
638 697 1
639 697 3
651 709 3
603 719 1
653 710 3
651 710 3
662 719 3
640 698 3
642 700 3
643 701 3
646 705 2
647 705 2
662 720 3
698 699 3
642 701 3
663 720 3
663 722 3
664 723 3
665 723 3
622 729 1
700 701 3
644 702 3
666 724 3
667 724 3
670 729 1
643 702 3
649 707 1
653 711 3
655 713 3
658 716 3
659 716 3
666 723 3
667 725 3
636 695 3
638 696 1
699 700 3
645 702 3
648 706 1
657 715 3
657 716 3
659 718 1
664 722 3
724 725 3
668 726 3
669 728 3
670 728 1
728 729 3
621 687 3
687 745 1
688 747 1
689 747 1
691 749 1
695 752 1
696 697 3
640 697 2
646 703 3
648 705 2
649 706 1
706 707 3
653 655 3
713 714 3
714 715 3
660 718 3
621 860 1
690 749 1
695 750 1
645 703 3
646 704 2
710 711 3
655 711 3
718 719 3
720 722 3
725 726 3
726 727 3
621 745 1
701 702 3
705 706 2
727 728 3
690 747 1
697 698 2
703 704 3
650 707 3
723 724 3
687 747 1
709 710 3
715 716 3
719 720 3
722 723 3
704 705 3
749 750 0
702 703 3
659 775 1
622 847 1
621 747 1
716 775 1
718 775 3
711 713 3
690 748 1
747 748 3
707 709 3
748 749 3
727 785 3
722 779 2
726 785 3
749 807 3
750 807 1
696 754 1
709 767 3
710 767 3
720 779 0
728 786 3
747 806 3
748 806 3
701 760 3
702 760 3
706 764 3
710 768 3
719 778 3
720 778 1
727 786 3
749 806 3
705 763 2
706 763 3
707 764 3
711 768 3
723 781 3
729 786 3
700 758 1
724 781 3
725 783 1
726 783 1
703 760 3
703 761 1
764 765 3
707 765 3
713 771 3
713 772 3
714 772 3
715 772 3
716 774 1
718 777 3
719 777 3
722 780 3
724 782 3
724 783 1
701 759 3
703 762 1
704 762 1
763 764 3
711 769 3
711 771 3
715 774 2
722 781 3
782 783 1
785 786 3
759 760 3
704 763 1
707 767 3
768 769 3
778 779 0
781 782 3
729 787 3
695 807 1
701 758 1
771 772 3
774 775 3
696 755 1
697 755 1
697 756 1
698 756 1
698 757 1
699 757 1
700 757 1
760 761 1
762 763 3
767 768 3
769 771 0
786 787 3
622 787 1
621 806 1
806 807 3
754 755 3
755 756 3
756 757 3
761 762 3
621 978 1
757 758 3
758 759 0
765 767 3
779 780 0
780 781 3
787 847 3
619 622 3
806 978 1
775 777 0
777 778 2
783 785 0
772 774 3
760 819 1
761 819 3
765 824 3
769 829 0
771 829 3
807 865 1
759 817 1
760 817 1
767 824 3
787 846 3
846 847 3
806 865 1
777 835 3
778 835 3
779 837 2
622 966 1
772 829 3
756 814 0
778 837 3
780 837 1
785 843 3
755 814 0
767 825 3
769 827 3
769 828 1
772 830 1
772 831 1
774 831 2
775 832 2
775 833 0
777 834 3
786 843 3
621 976 1
817 819 3
762 820 3
768 825 3
768 827 3
829 830 1
774 832 2
832 833 3
775 834 0
783 841 0
783 843 2
619 976 1
754 812 0
755 813 0
757 815 0
758 816 0
759 816 1
763 820 3
765 823 3
833 834 3
834 835 3
778 836 3
780 838 3
781 839 3
782 840 3
782 841 3
783 842 2
812 813 3
813 814 3
814 815 3
815 816 3
761 820 3
764 823 3
828 829 0
836 837 3
837 838 0
838 839 3
839 840 3
840 841 3
786 844 3
787 844 3
819 820 3
763 821 3
823 824 3
831 832 3
841 842 1
843 844 3
764 821 3
824 825 3
835 836 3
695 865 1
825 827 3
827 828 1
830 831 3
820 821 3
817 877 3
819 877 3
842 843 3
816 817 3
821 823 3
787 904 3
806 922 1
844 903 3
844 904 3
846 904 3
865 922 3
903 904 3
847 905 3
922 978 1
827 884 3
846 905 3
825 884 3
821 880 3
619 1035 0
823 880 3
621 918 1
621 919 1
918 976 3
918 919 3
919 978 3
824 883 3
825 883 3
824 882 3
831 890 3
816 875 3
817 875 3
882 883 3
827 886 2
828 886 0
831 889 2
832 890 3
836 894 0
844 902 0
622 905 1
976 1035 0
820 879 3
821 879 3
830 889 2
835 894 0
837 895 3
838 895 1
843 901 1
812 870 3
813 871 3
814 872 3
815 873 3
816 874 3
875 877 3
820 877 3
829 887 2
830 888 0
889 890 0
833 891 2
834 892 3
835 893 0
838 896 3
839 897 3
840 898 3
841 899 3
842 900 0
901 902 1
902 903 3
622 1035 0
870 871 3
871 872 3
872 873 3
873 874 3
879 880 3
823 882 3
883 884 3
886 887 0
887 888 3
890 891 3
891 892 1
892 893 0
894 895 1
896 897 3
897 898 3
898 899 3
899 900 0
900 901 1
874 875 3
820 878 1
827 943 2
888 889 1
893 894 1
895 896 0
904 905 3
865 982 1
877 878 1
886 943 3
922 982 1
695 982 1
878 879 0
884 943 3
880 882 3
622 965 1
905 965 3
880 939 3
882 939 3
978 979 0
922 979 0
879 937 3
884 942 3
622 964 1
877 934 3
879 938 2
880 938 3
882 940 3
904 963 3
905 963 3
905 964 3
875 934 3
878 936 3
878 937 3
938 939 3
883 940 3
883 942 3
942 943 3
904 962 3
695 1041 1
903 962 3
922 980 3
979 980 1
980 982 1
877 935 3
887 945 1
888 946 1
889 946 3
962 963 3
934 935 3
878 935 3
888 945 1
895 953 0
896 953 0
870 928 1
871 929 1
872 930 1
873 931 1
874 932 1
875 933 0
936 937 3
883 941 3
886 944 3
889 947 3
890 948 1
891 949 1
892 950 2
893 951 1
894 952 1
896 954 0
896 955 0
897 955 0
898 956 3
899 957 3
900 958 1
901 959 0
902 960 0
903 960 0
903 961 0
961 962 1
918 977 0
919 977 0
977 978 1
928 929 3
929 930 3
930 931 3
931 932 3
932 933 0
935 936 2
939 940 3
940 941 3
941 942 3
944 945 3
946 947 3
947 948 3
948 949 3
949 950 3
950 951 0
951 952 1
952 953 0
954 955 3
955 956 1
956 957 3
957 958 3
958 959 3
959 960 3
960 961 1
933 934 1
953 954 3
945 946 3
937 938 3
963 964 3
943 944 3
976 1036 0
978 1037 0
1035 1036 1
977 1037 0
979 1037 0
622 1024 1
976 977 0
980 1039 0
982 1039 0
934 992 0
935 992 0
977 1036 1
966 1024 3
933 991 3
962 1020 3
963 1020 3
934 991 0
935 993 3
936 993 3
936 994 3
939 997 3
940 997 3
937 994 3
938 996 3
938 997 3
941 1000 3
942 1000 3
944 1002 3
963 1022 3
964 1022 3
992 993 1
937 996 3
943 1000 3
943 1002 3
945 1002 3
961 1020 1
963 1021 3
980 1038 0
932 990 0
933 990 3
1020 1021 3
622 1022 1
1037 1038 1
1038 1039 1
695 1039 1
928 986 0
929 987 0
930 987 0
931 989 0
993 994 3
937 995 3
996 997 3
940 998 3
941 999 3
943 1001 3
945 1003 3
946 1004 3
947 1005 3
948 1006 3
949 1007 3
950 1008 3
951 1009 1
952 1010 3
953 1011 1
954 1012 1
955 1013 1
956 1014 1
957 1015 1
958 1016 1
959 1017 1
960 1018 1
961 1019 1
986 987 3
930 988 0
930 989 0
989 990 3
994 995 3
995 996 3
997 998 3
998 999 3
999 1000 3
1001 1002 3
1003 1004 3
1004 1005 3
1005 1006 3
1006 1007 3
1007 1008 3
1008 1009 3
1009 1010 3
1010 1011 3
1011 1012 3
1012 1013 3
1013 1014 3
1014 1015 3
1015 1016 3
1016 1017 3
1017 1018 3
1018 1019 3
1019 1020 1
988 989 3
990 991 3
991 992 3
987 988 3
1000 1001 3
1002 1003 3
1021 1022 3
1036 1037 0
