-0.055026 -0.119005 29.6015
-0.0456899 -0.0783313 28.6488
-0.053057 -0.0975035 28.9629
-0.047284 -0.140314 29.7049
-0.03759 -0.115134 28.5359
-0.0495155 -0.115463 29.6845
-0.0460708 -0.11533 29.0127
-0.0171915 -0.0809571 24.214
-0.00961521 -0.12488 23.9412
-0.0488991 -0.0784172 35.1668
-0.0185474 -0.154282 28.112
0.00125509 -0.102591 21.3872
-0.059374 -0.0481914 38.0248
-0.0904894 -0.0265725 45.9694
-0.067718 -0.0196003 38.3763
-0.0147357 -0.0711765 22.2176
-0.0189422 -0.0760625 24.0469
-0.00518456 -0.100803 19.7145
-0.173743 0.506852 76.2632
-0.101598 0.00168301 48.9057
0.435735 0.00706781 -183.017
0.00811085 -0.0437934 5.58744
-0.0171886 -0.040174 18.0466
-0.0342394 -0.0341617 25.4835
-0.076801 0.00985997 44.1804
0.0696577 -0.00158506 -29.1684
0.0625742 -0.0049869 -25.0151
0.057183 -0.0319996 -21.947
0.057183 -0.0319996 -21.947
-0.635655 0.0477704 418.624
0.0512862 0.134017 -17.8069
-0.0270239 -0.0769235 31.0287
-0.0920224 -0.0796865 76.0562
0.00598235 -0.070033 2.21216
-0.00907825 -0.0976555 14.0359
-0.00487716 -0.0809366 10.8681
-0.0274811 0.0182146 25.1259
0.260124 0.0459349 -203.97
0.0153165 0.0268026 -10.7105
-0.0195442 0.00737591 19.0631
-0.0200598 0.00459594 19.535
0 0.0359767 1.81468
0.00337255 0.0343691 -1.29274
0.0193704 0.0317442 -16.2352
0.0064389 0.00758858 -4.71337
-0.0173686 0.0474171 18.8771
0.000259377 0.00238005 2.21262
0.00803895 0.0138318 -6.75697
-0.0136931 0.103726 15.9306
-0.015301 0.0351787 18.2595
-0.282906 -0.0887002 421.619
-0.00936256 0.0213043 13.1373
-0.0104078 0.0287986 14.1532
-0.0122791 0.0361638 16.2151
-0.170592 -0.154449 294.189
-0.187038 -0.154721 313.88
-0.721931 0.116531 958.751
0 0.430794 80.8588
-0.0502117 -0.13503 30.0126
-0.0384127 -0.124839 29.6818
-0.0394172 -0.124454 29.6034
-0.0578076 -0.121283 30.2552
-0.0444947 -0.100351 28.9732
-0.0526023 -0.10166 30.0256
-0.0235726 -0.132049 26.9981
-0.000878943 -0.145531 23.7871
-0.0290099 -0.130724 28.9186
-0.000997669 -0.139993 22.5839
-0.00229881 -0.184323 24.7212
0.00448565 -0.181026 23.0269
-0.0141236 -0.156818 27.3968
-0.041307 -0.0668559 32.767
-0.0305684 -0.100526 29.473
-0.0354888 -0.0433083 28.9757
0.309158 0.0255898 -99.8977
-0.0196889 -0.0570319 23.3087
-0.0132666 -0.188887 29.4866
0.011797 0.152829 4.66886
0.034312 0.238383 -7.10741
-0.0111213 -0.0806248 15.5193
-0.0611931 -0.0505059 38.654
0.015213 -0.0187989 -0.367719
0.215698 0.099997 -97.5169
0.227406 0.239302 -113.795
0.111307 -0.0349369 -51.4893
0.0255297 -0.205976 10.7971
0.0298664 -0.0220313 1.57779
-0.0130504 0.0234483 28.5565
0.0395077 0.0859636 -8.35663
0.0461796 0.0911177 -12.9428
0.0369612 0.0120381 -3.50258
0.0109525 0.100687 11.7492
0.0197404 0.151914 -15.7469
0.00759551 -0.00724256 -1.89527
0.0307788 0.024746 -20.7842
0.079906 -0.0649688 -49.2034
0.0789731 -0.0774898 -47.9765
0 -0.29134 24.2325
0 0.241218 5.61973
-0.0385735 -0.282058 58.2896
0 0.241218 5.61973
-0.00975228 0.261481 14.0622
0.0103977 0.264569 -5.18176
0 0.241218 5.61973
0.00799381 -0.286192 16.09
-0.00400981 0.227808 10.1947
0 -0.29134 24.2325
0.012833 -0.471616 18.4829
0.0129256 -0.470843 18.3638
0.0357688 -0.437014 -8.0804
0.0128287 -0.17978 7.40516
0.0366684 0.133397 -28.5273
0.103551 0.349394 -77.0698
-0.00547981 -0.367838 33.9163
-0.0063609 0.16628 21.0454
-0.0374438 0.172491 59.1289
-0.0492509 -0.152374 30.4955
-0.0389183 -0.16732 31.1121
0.0730969 -0.058053 11.1096
0.0135255 -0.0302776 12.5672
0.0132471 -0.0475694 13.6705
-0.0147543 -0.0983132 19.555
0.0157469 -0.149075 20.2405
0.0237122 -0.142093 20.115
0.0124361 -0.144752 20.7939
-0.0110726 -0.127294 25.0361
0.00570668 -0.13807 20.7868
0.0110863 -0.141677 18.9364
-0.010574 -0.137333 24.3726
-0.00797266 -0.161708 25.6754
-0.0450597 -0.102744 34.5639
-0.0486343 -0.085541 35.2091
-0.0340264 -0.0174031 24.4938
-0.034898 -0.0163418 24.8511
-0.0699875 0.0499881 34.639
-0.0770416 0.114273 34.2345
-0.0320971 0.0557013 16.9754
0.000443788 -0.0298231 8.07288
-0.017198 -0.0149791 15.9779
0.00914037 -0.012969 2.0899
-0.028382 0.00951435 19.5531
0.0673443 -0.0467637 -26.1875
0.0368586 -0.0561227 -7.78398
0.0768785 -0.192506 -21.7657
-0.111877 0.115836 69.367
0.000608792 -0.0221706 21.1599
0.0249263 -0.11715 10.329
0.056023 -0.0100354 -15.6774
0.0304667 -0.799184 36.679
-0.55317 0.219878 394.773
-0.004802 -0.0159452 8.47021
0.0415124 -0.0066168 -27.7718
-0.0033697 0.0186056 6.80492
0.0752401 0.0279913 -55.8256
-0.0266045 -0.522053 58.3185
0.0336383 -0.623975 11.811
-0.0304836 -0.532362 61.7791
0 -0.0357737 8.60329
-0.0408874 -0.512507 71.1166
0.0064264 0.00748605 -4.69385
0 -0.0357737 8.60329
0.0109633 -0.721564 35.3688
-0.00121677 0.03443 1.94715
0.012315 -0.587084 25.4763
-0.000204014 0.0245661 0.977001
-0.00553149 0.0121415 7.84703
0.0189608 -0.483758 12.5247
-0.00398701 0.0093205 6.31668
0.0548837 -0.124529 -42.8054
0.0567905 0.235729 -64.4995
0.0605498 0.25058 -69.5816
0.235716 -0.0231053 -270.203
-0.00494251 0.043336 6.1542
-0.131307 0.180452 150.326
0.0861964 0.140603 -5.60085
0.0914968 -0.0669342 9.9139
0.0627974 0.0515536 3.11002
0 0 -1
0.00101478 -0.010014 12.188
-0.0010135 -0.0222537 12.523
-0.00380435 -0.0323554 13.8657
-0.0113168 -0.133059 22.746
-0.0428701 0.0678572 10.1644
0.0380702 -0.0707551 6.88871
0.0380423 -0.163619 15.4643
0.00901945 -0.134276 19.5447
-0.0193193 -0.127738 26.5979
-0.0732728 -0.193541 46.1193
0.00901484 -0.100317 15.7341
-0.00818724 -0.0604678 18.9517
-0.0152797 -0.0318074 18.8474
-0.0102628 0.0106145 14.3584
-0.0536581 0.00934557 31.962
-0.0760299 0.0119586 39.5338
-0.020315 -0.027522 18.3584
-0.00243095 -0.00572151 8.75362
-0.0473228 0.00790075 30.3194
-0.0216651 -0.0145426 18.1895
0.0465515 -0.0368809 -16.0128
0.0751174 -0.0610522 -30.1033
0.072678 -0.0796663 -27.1818
0.0351371 -0.124644 -2.19415
0.194776 -0.260509 -84.8039
0.0255782 -0.227234 18.4214
-0.0103335 -0.178505 37.8474
-0.0500809 -0.0417747 45.0069
-0.055432 -0.0230893 46.2008
-0.0059867 -0.00306769 7.40983
-0.011605 -0.0181569 12.8716
0.0422444 -0.0208924 -26.6767
0.0335276 -0.0132638 -20.8984
-0.0245988 -0.0254244 27.4382
0.0756847 -0.10953 -46.3218
0 0.269025 -16.6722
-0.0212409 0.00303304 20.7236
0.00929909 0.00302846 -5.766
0 0.269025 -16.6722
0 0.269025 -16.6722
-0.221175 0.138605 206.322
-0.00252999 0.235527 -11.8916
-0.000971832 0.232461 -13.1857
-0.00500095 0.238293 -9.44423
0.00179096 0.00947744 0.733193
-0.010016 0.0352142 13.5258
-0.00792489 0.0219319 11.5931
-0.0172303 0.0368351 22.1674
-0.0566855 0.0657616 72.1356
-0.064681 0.0689658 81.2006
-0.0593102 0.119462 70.9
0.00235508 0.126912 -2.12653
-0.110621 0.715608 89.8603
-0.131153 0.180345 150.145
0.123574 0.35173 -21.5972
-0.0245051 0.0365007 12.309
-0.0463768 0.0719034 8.39737
0.00347966 0.084365 3.88903
-0.0298575 0.0531359 9.84975
-0.0243459 0.0404556 10.5095
-0.0252751 0.0875394 6.21549
-0.0561489 0.115031 8.58704
-0.0656221 0.107233 10.8289
-0.0631999 0.115976 9.80157
0.00383189 -0.0978964 16.5499
-0.0127382 -0.0596457 17.4987
-0.00898462 -0.0420694 15.0144
0 0 -1
0.0195478 -0.0181216 3.5459
0.0401446 -0.00350997 -1.88124
0.00759641 0.00267064 8.57647
-0.00611093 0.00842267 12.6789
-0.0598432 0.00479231 34.6156
-0.0926005 -0.000509536 47.4861
-0.0688261 -0.00623361 37.915
-0.0302835 -0.0621399 25.3799
-0.0651951 0.0169504 38.678
-0.0310507 -0.0696748 28.2541
-0.00344578 -0.044741 11.4137
0.0341802 -0.0583206 -7.58431
-0.00229561 -0.0616738 15.6905
0.0135433 -0.086838 7.68929
0.00382612 -0.11001 15.1668
0.00936356 -0.0932201 9.84301
0.0275162 -0.0888532 -2.37508
-0.0434031 -0.0433579 39.8096
-0.070924 -0.0335257 58.0814
-0.0443239 -0.0185594 37.7715
-0.0399318 -0.0194087 34.3107
0.0222142 -0.0209161 -11.5988
0.0145462 -0.0414538 -3.97544
0.0249534 -0.0594641 -10.1297
-0.0295535 -0.0053633 30.3414
-0.0124802 -0.0189156 18.4231
0.00320419 -0.00722536 0.505648
-0.00814821 0.00412339 9.25817
-0.00633911 0.22383 -11.3604
0.00676151 0.228203 -23.9621
0.0163133 -0.00476981 -10.3857
0.0289766 0.0440549 -26.1796
0.000892946 -0.000954325 3.73925
-0.00588851 0.0118759 9.8895
-0.00644524 0.0159355 10.2771
0 -0.00567756 7.87965
-0.00632334 0.0181067 10.0318
0.0808406 -0.085561 -11.5176
0.0789761 -0.0826535 -9.68324
-0.0185177 0.0457669 22.9718
-0.0390454 0.0304615 49.3106
0.00375011 0.0303008 47.5462
-0.00849626 0.049417 10.1043
-0.00993239 0.0491278 11.864
-0.00839568 0.0446623 11.3443
-0.0431968 0.0360469 13.1154
-0.0221995 0.0745441 7.12462
-0.0490572 0.0813184 8.11645
0.00105712 0.0819993 4.30742
-0.0169876 0.0794147 6.82771
-0.00147174 0.0965384 2.45164
-0.0256523 0.0885965 7.24528
-0.0529962 0.112835 8.31008
-0.0541488 0.0666845 14.7332
-0.0407192 0.0406376 14.1121
-0.00590606 0.0151515 7.88805
-0.0021164 -0.0169228 10.5444
0.0514756 0.0582155 -12.9731
0.0659542 0.0428172 -15.291
0.00519962 -0.0116878 11.2145
-0.0212515 -0.0082211 19.9215
0.00455989 -0.0101509 10.6739
-0.0655653 0.00354053 37.2256
-0.095453 -0.0234632 51.5303
-0.0720158 -0.0410589 43.3742
-0.0698693 -0.037733 41.3778
-0.0373014 -0.0343661 25.9183
0.00798971 -0.0629111 6.82637
0.0185828 -0.0585596 0.586906
0.0212036 -0.0747514 1.49307
0.0208898 -0.0994862 5.15958
0.00494827 -0.0944159 13.1214
0.00341398 -0.07391 11.6465
0.0176574 -0.0757809 2.58179
0.0267546 -0.0586675 -4.82478
-0.0178914 -0.0565454 24.4422
-0.0473005 -0.0430975 42.869
-0.0426816 -0.0346854 37.9514
-0.00952468 -0.0213718 11.8611
0.0148133 -0.0114082 -6.95273
0.00191033 -0.0208593 3.99356
-0.00863808 -0.00495797 10.5723
-0.00331585 -0.0125972 7.76053
-0.0160323 -0.00557401 16.6699
0.00129383 -0.00548964 2.73961
0.0131036 -0.00476723 -8.55077
-0.0136365 -0.0283154 19.1701
-0.000651251 0.0729677 -4.14363
0.0211203 0.044146 -18.1788
-0.0243659 0.0179882 28.7919
-0.00985698 -0.00598514 15.8086
0.00697613 0.00362066 -4.34263
-0.00249529 0.0187596 5.8528
-0.00896478 0.0280595 10.0039
0 -0.161439 25.2423
0.287072 0.0751967 -278.227
0.281815 0.0596281 -270.639
0.0112649 -0.075397 7.84457
0.000165339 -0.0750785 20.7374
0.018375 0.0268896 30.5006
0.00618016 0.0285668 44.8059
0.00618016 0.0285668 44.8059
-0.029536 0.0283703 13.7773
-0.0270519 0.0362258 12.1793
-0.0223356 0.0401158 11.4062
0.00229211 0.0479463 8.7686
-0.0108373 0.0379015 11.4189
-0.0111071 0.0285441 12.7925
-0.0321413 0.0202235 16.8199
-0.0306421 0.0337963 14.7315
-0.0268071 0.079598 8.04091
-0.0881109 0.0409289 25.3956
-0.0765526 0.0455378 21.1577
-0.0412571 0.0473122 12.7361
0.0317544 0.0478871 -6.17862
0.0420924 0.0397641 -6.83386
0.0267995 0.0146795 1.30455
-0.0269677 -0.00628682 21.3837
-0.0198832 -0.0198004 20.8035
-0.0185971 -0.0374187 22.6534
-0.0721934 -0.0405052 44.1378
-0.0976279 -0.0457777 54.8346
-0.0458315 -0.00236268 25.7047
-0.0197989 0.00467441 12.5727
-0.0196218 -0.0023986 13.623
-0.0236106 -0.0351057 19.802
-0.00128298 -0.0282944 7.33776
-0.0126563 -0.0590239 17.9711
0.000307451 -0.0696427 12.0566
0.0163256 -0.0625975 1.34113
-0.00478707 -0.0273415 11.6213
0.0150395 -0.0838914 5.56368
0.0211363 -0.0883674 2.52952
0.00413689 -0.074617 11.8069
-0.00042039 -0.0664405 12.3718
-0.00456763 -0.0330604 10.2242
0.0166827 -0.00305211 -9.57723
0.0138534 -0.011077 -6.13592
0.0126531 -0.015635 -4.93104
0.000560579 -0.0213159 5.49047
0.00187226 -0.0285757 4.68473
-0.0110525 -0.0190731 15.1057
-0.0103933 -0.00416031 11.6777
-0.0101103 0.00102557 11.0573
-0.00347644 0.00120049 4.93128
0.00472548 0.0214399 -0.353162
0.0193572 -0.00769654 -12.7931
0.0117061 -0.0634309 1.36055
0.0195839 -0.00233595 -15.9537
0.0214565 0.0102437 -19.5068
0.024094 0.000976752 -21.064
-0.00116866 0.0219567 4.09723
-0.00251152 0.020943 5.64082
0.0168245 -0.0146745 51.7309
0.026676 -0.0696493 -10.5648
-0.00259683 -0.0685074 22.9687
-0.116609 -0.0282004 166.068
-0.160012 -0.0100546 214.878
-0.0764102 -0.0140735 115.903
-0.160012 -0.0100546 214.878
-0.0326059 0.0161641 15.2773
-0.0190393 0.0241959 13.5387
-0.0105102 0.0305932 12.218
-0.0205912 0.0166968 15.3277
-0.0123431 0.0161179 14.1308
-0.00848469 0.0168438 13.9487
-0.0285341 0.00414045 18.5697
-0.0231337 0.00426644 17.796
-0.0484028 0.031768 18.3338
-0.0649479 0.0321788 21.5042
-0.0292814 0.12116 -2.11423
-0.0513181 0.0610595 12.653
-0.00119984 0.0544937 1.79126
0.0037376 0.0339494 4.30422
-0.000306682 0.00108295 11.452
-0.024011 0.00111708 19.0611
-0.031188 0.00566671 20.447
-0.0181518 -0.000421988 16.4352
-0.0930788 0.00506231 64.9902
0.0280642 0.00794509 9.58338
-0.0376505 0.0600502 11.9414
-0.0221754 0.0138888 12.4024
-0.0253857 0.0138718 14.1938
-0.0566535 -0.00906541 33.0261
-0.0209637 -0.0143629 15.5668
-0.0124603 -0.0358018 14.3971
-0.00465647 -0.0480262 11.7166
-0.00159912 -0.0352194 8.10017
0.00629492 -0.0643772 8.09569
-0.105806 0.126049 53.1348
0.0115747 -0.0977822 9.45687
0.00923841 -0.0853124 8.99589
0.0101547 -0.0495857 2.32282
0.0158239 -0.0246091 -5.96453
0.00965066 -0.0175203 -2.33237
0.011814 -0.0249078 -2.65216
0.00113229 -0.0218718 4.92217
-0.00792017 -0.0126492 10.9613
0.00431627 -0.01108 -0.335084
0.0137139 0.00198773 -10.1041
-0.00164989 -0.0105289 4.83447
-0.0212517 0.0162163 20.7458
0.0152366 0.0052135 -12.9306
0.0139925 -0.00382582 -10.2714
0.00691093 0.0387257 -10.3626
0.383327 0.465363 -438.204
0.0118104 -0.0190714 -5.90855
0.0186605 -0.0348929 -10.2314
0.0210106 -0.0297992 -13.5675
0.0293003 -0.00670747 -26.0161
0.0411361 -0.0154274 -37.2286
0.0245409 -0.0185992 43.7488
-0.0142409 -0.0456874 32.9133
0.0304587 -0.0112164 -24.2051
0.0351675 0.506341 -100.285
0.00528922 0.0908054 -10.7248
-0.0453832 -0.0385317 68.7733
-0.0485035 -0.0479619 74.0685
-0.0208946 0.0304056 12.5133
-0.0171575 0.0487583 9.40527
-0.0150768 0.0349718 11.4759
-0.0187506 0.0232049 13.6765
-0.00805754 0.0192737 13.2688
-0.018392 0.0439277 10.2823
-0.0315748 0.0275153 14.9712
-0.0308963 0.015346 16.9372
-0.0263462 0.0153462 16.4679
-0.0200623 0.127807 -4.8454
-0.0647414 0.0843015 18.3119
-0.0449987 0.389163 -45.3263
-0.0236877 0.152761 -9.0746
-0.0260322 0.126014 -2.42417
-0.0240424 0.116438 -1.53549
-0.0447263 0.0859902 10.7273
-0.0549769 0.0839812 15.1157
-0.0191418 0.0939438 -0.267931
-0.163224 0.0225457 73.1706
-0.156797 0.0792729 59.0339
-0.047417 0.0439937 19.1207
-0.0370427 0.0261948 28.2575
-0.0554942 0.0246113 27.0042
-0.0532871 0.0206128 26.7037
-0.0826619 -0.0148117 63.2582
-0.0817456 -0.0156563 62.8999
-0.0780715 0.196128 16.0296
0.0876208 0.142362 -67.3138
0.0227807 0.0311212 -6.39372
-0.453032 0.00172228 297.316
-0.0675408 0.228531 4.88611
-0.0423795 0.267227 -19.1555
-0.0231449 0.258752 -30.7673
-0.0110878 0.124926 -13.2858
-0.00261343 0.0184552 0.437868
-0.000921536 0.013579 -0.0670356
-0.000776139 0.00952047 0.492948
-0.00444242 -0.00643346 6.60279
-0.0195122 -0.0158177 20.9398
-0.00514456 -0.00786652 7.27762
0 0.0225035 -3.26471
0.0154834 0.0109298 -14.0207
-0.0907986 -0.692188 204.633
-0.371241 0.0574483 347.099
0.0359312 0.0517705 -40.0523
-0.00253044 0.11506 -16.107
0 0.0291548 0.378089
-0.0295514 -0.279671 87.329
0.012103 0.0494577 -18.05
0 -0.26105 53.919
0 -0.283337 57.9019
0.0162113 0.00677863 -11.842
0.0183333 -0.0302129 -7.02229
-0.0145968 -0.0410011 32.6188
0.0448139 0.893891 -177.668
-0.0215943 -0.0530939 43.3465
-0.045363 -0.0227479 66.1676
-0.0467489 -0.0474052 71.7667
0.00672551 -0.0998931 66.0377
0.853395 0.350399 -67.4413
-0.121356 -0.000946753 51.0592
-0.0953727 0.146263 13.751
-0.104548 0.105184 22.2352
-0.0920586 0.0845445 25.0768
-0.105719 0.0651565 31.2764
-0.109419 0.0597755 32.4306
-0.0823214 0.011057 37.5621
-0.0500201 0.0629928 20.3511
-0.077153 0.0547933 27.4159
-0.0754992 0.0729301 23.0721
-0.0405681 0.144698 -1.08106
-0.0186975 0.130853 -5.09859
-0.0417975 0.143471 -1.16527
-0.00353482 0.164804 -18.3002
0.00581882 0.205738 -29.4188
-0.0160315 0.210745 -22.2344
0.189107 -0.0538317 -37.0728
-0.0344067 0.32417 -39.1018
0.0475094 0.363232 -83.0241
-0.0439889 0.0968344 17.0986
-0.0529321 0.119568 16.2
0.106899 0.135712 -67.439
-0.0728678 -0.00177442 55.1454
-0.122115 0.120338 56.3583
0.0528314 0.190235 -57.6875
0.0292026 0.115954 -27.7681
-0.0552399 0.122243 22.3212
-0.132445 0.180851 58.294
-0.0792517 0.279877 3.32671
-0.0483008 0.2896 -19.5171
-0.0370698 0.274004 -24.1709
-0.0231228 0.256772 -30.6562
-0.0166341 0.160296 -15.9529
-0.0282775 0.115998 2.18706
-0.0187693 0.0728938 3.36787
0.00645938 -0.010124 -1.40608
-0.0204647 0.0600604 7.12547
-0.00297903 -0.00667618 7.40085
0.00892459 -0.000535341 -6.0536
0.0194554 -0.0161396 -10.9438
0.00944407 0.00132053 -4.87594
0.0118595 0.0338763 -13.5893
0.0387057 0.11513 -55.3777
0.0257904 -0.00097537 -19.576
-0.0182029 0.0403224 15.9656
0.00373066 0.0118644 0.566938
0.00489817 0.018182 -1.65459
0.00358267 0.0191897 -0.484084
0.00638111 0.0162071 -2.9214
0.00739881 0.000176696 -0.833054
0.0170198 -0.00730629 -10.4657
0.0126614 -0.014301 -3.63991
0.519762 0.277516 -534.45
-0.0597392 -0.0409742 86.6444
-0.0298945 -0.0525646 52.6709
-0.032631 -0.0443676 53.9879
0.00672551 -0.0998931 66.0377
-0.220009 0.240348 -29.5904
-0.116073 -0.00770176 52.0707
-0.0875957 0.108386 4.91103
-0.0177545 0.155109 -12.131
-0.0963654 0.0806007 26.54
-0.162981 -0.355817 130.001
-0.0789821 -0.272521 97.6678
-0.0194459 -0.0127558 29.5717
-0.0356868 0.0120193 27.1122
-0.0564103 0.0116626 31.6327
-0.0651065 0.056081 23.9846
-0.0622968 0.090342 15.3044
0.00530151 0.0653633 1.23207
-0.0082291 0.191052 -22.2112
-0.095409 0.111258 22.9538
-0.00446636 0.247648 -35.0611
-0.0193888 0.231548 -26.1257
0.203995 -0.075985 -38.0345
-0.0123123 0.249742 -31.3147
-0.0263205 0.270482 -30.6
-0.0340808 0.158768 -1.75537
-0.0208489 0.20815 -19.1991
-0.00190774 0.157913 -17.9065
-0.00944164 0.189576 -19.7879
-0.0234477 0.221503 -20.3941
-0.000460707 0.200354 -28.6698
-0.00783997 0.167511 -16.6444
-0.0119277 0.16862 -14.6827
-0.0315841 0.207109 -11.3672
-0.0292893 0.274917 -28.0502
-0.0621748 0.305619 -13.3882
-0.0413597 0.30888 -28.0133
-0.075636 0.296277 -0.280855
-0.0568626 0.211563 4.03475
-0.0277719 0.13442 -1.5443
-0.0364344 0.0825999 16.3153
-0.0201976 0.038223 12.7506
0.00042522 0.00903045 0.893865
0.00834134 -0.00816159 -1.02334
-0.0315393 0.0351456 22.1252
0.00505346 0.0368044 -5.77047
0.00179414 -0.0229907 9.70127
0.0995481 -0.130831 -50.3709
-0.0279275 0.0927381 16.772
0.0243794 0.0319092 -24.2031
0.00572281 0.035794 -5.86532
0.017993 0.0191009 -15.3118
0.00594363 0.0285108 -4.9174
0.00181805 0.0210951 1.03198
-0.00449667 0.0156266 9.03742
0.0682291 0.0314879 21.1859
0.0334385 0.00968891 -33.2965
0.21424 0.0875549 -162.582
0.0660552 -0.0499796 74.1964
0.209871 -0.0527823 -96.1796
-0.0710095 -0.0359806 98.554
0 -0.0265717 8.86689
0 0 -1
-0.032534 0.201308 -27.7642
-0.0119084 0.216908 -31.4118
0.118568 0.205598 -39.0494
0.0354735 0.158166 -18.9657
0.00809583 0.199175 -25.3825
-0.0395563 0.225734 -26.4219
-0.0263099 0.142848 -8.38325
-0.0128276 0.125348 -5.14494
-0.0158395 0.124858 -4.30388
-0.0661694 0.252216 -23.7577
0.0101635 0.225391 -35.2255
0.02045 0.351613 -68.042
0.0150834 0.323228 -59.9338
-0.00451882 0.3173 -52.1892
0.00148659 0.274553 -43.1237
-0.0135922 0.259786 -33.7717
-0.00740934 0.238487 -31.4409
-0.00361037 0.233223 -31.3466
-0.0276856 0.201738 -13.7214
-0.0403501 0.184588 -4.80823
-0.00245437 0.201005 -26.0538
-0.0102554 0.286879 -42.4949
-0.0186241 0.267572 -33.5834
-0.00711364 0.255639 -36.2598
-0.0559668 0.250088 -9.3306
-0.0302916 0.226018 -17.9464
-0.0247594 0.201501 -15.2191
-0.0110377 0.195528 -21.437
0.0192591 0.223353 -47.3809
0.0157965 0.287282 -59.9407
-0.0145787 0.333773 -51.0011
0.0463459 -0.0096964 -13.9473
0.00920473 0.0205957 4.96554
-0.475479 0.524421 241.676
-0.0329929 0.0995993 10.0304
-0.0500167 -0.0513681 58.9352
-0.086778 0.100827 52.7098
-0.0517148 0.0455326 37.4303
-0.00771699 0.303622 -60.3952
0.00487354 0.306716 -71.952
-0.00609849 0.301484 -60.9841
0.00488508 0.309044 -72.7338
0.187569 -0.0468826 -154.395
-0.0488617 0.0334804 49.2353
-0.0455309 0.0356621 45.4046
-0.0324595 0.0709476 24.1647
0.0141132 0.0800784 -24.5103
-0.327774 0.665874 190.328
-0.0040948 0.0302561 5.21589
-0.0116291 0.0172201 16.4512
-0.00716697 0.0029456 14.99
0.010786 0.00229185 -5.54522
0.0155911 0.0100658 -12.6325
0.0174269 0.0560484 103.747
0.324057 0.0965075 -267.706
0.65955 0.00328133 -809.467
-0.0709857 -0.0359657 98.5204
0.192918 0.263736 -53.5965
0.185069 0.224071 -41.7379
-0.0373286 0.256187 -40.1704
0.0456037 0.234345 -41.3385
0.0439306 0.190072 -27.7909
0.0275063 0.19082 -25.8659
-0.0130581 0.216425 -27.8022
-0.0125626 0.182109 -19.5941
0.106154 0.321664 -77.9547
0.207949 0.429459 -126.49
-0.0282455 0.200708 -13.0246
-0.0384398 0.257933 -26.5222
-0.0111059 0.283321 -41.2137
-0.00268487 0.294857 -45.9926
-0.00488233 0.25947 -36.5132
0.00376569 0.258481 -39.2354
-0.00800215 0.288649 -43.6618
-0.0204842 0.195519 -14.1314
-0.0342053 0.217863 -14.2501
-0.0516098 0.223942 -10.002
-0.0517879 0.144014 10.723
-0.049152 0.132286 19.8836
-0.062766 0.252483 -6.64677
-0.00289836 0.273303 -41.9568
-0.0523938 0.267022 -14.8099
-0.0183169 0.214225 -20.1202
-0.0451336 0.224577 -8.29389
-0.03581 0.204792 -9.39813
-0.0139467 0.188335 -18.0358
0.0679038 0.240202 -83.8552
0.0865401 0.277018 -104.807
0.0431586 0.281468 -76.6432
0.0789918 0.260989 -96.0564
0.102625 0.210304 -98.3043
0.0168957 -0.176727 56.2596
0.00261932 -0.173019 65.8977
0 -0.176402 68.8306
0 -0.15369 62.5929
-0.00579636 -0.167101 71.0973
0 -0.19425 73.7396
0 -0.15369 62.5929
0.00685733 -0.160631 58.3582
0 -0.16092 64.5914
-0.00385332 -0.100035 52.6469
-0.00843298 -0.0928639 55.079
-0.0174348 -0.0753879 59.0488
0.00871203 0.034321 1.63727
0.0119979 0.0345057 -1.82817
0.0353647 0.0453454 -29.1629
-0.105789 -0.0893326 158.438
0.118141 -0.107191 -82.1805
0.158981 -0.0817494 -136.094
0.158864 -0.0808842 -136.21
0.159402 -0.0818433 -136.572
-0.0032455 0.053056 -0.415643
0.0507695 -0.263649 32.6691
-0.000723781 -0.312555 109.379
0.0319989 -0.291515 63.362
0.00119261 0.48869 -97.5629
0.00119261 0.48869 -97.5629
0.00119261 0.48869 -97.5629
0.00119261 0.48869 -97.5629
0.00119261 0.48869 -97.5629
-0.00442735 0.195202 -23.5437
-0.0192486 0.193432 -21.1278
-0.0405892 0.149913 5.03312
-0.0139462 0.104014 13.6575
-0.0326775 0.18165 -5.99961
-0.050022 0.201254 -7.89751
-0.00995838 0.237423 -29.4106
-0.0112815 0.21904 -23.3072
-0.0143422 0.225742 -24.1732
-0.00508113 0.228378 -28.0915
0.0213102 0.24573 -41.6736
-0.0855776 0.113763 32.9634
-0.00223692 0.104815 3.7863
0.0179717 0.167122 -21.5152
0.0348687 0.19483 -36.225
0.0672405 0.373222 -102.575
0.0651112 0.319621 -85.0574
-0.058631 0.168794 13.3094
0.0247105 0.216443 -40.7497
0.188132 0.231318 -127.992
0.141115 0.788954 -269.486
-0.0738989 0.230853 6.50449
-0.0643563 0.201815 9.04229
-0.0947823 0.15063 42.1818
-0.0768934 -0.279238 175.506
0.0662108 0.296466 -96.4598
0.0390411 0.274628 -71.5614
0.0417028 0.25131 -67.1041
0.0627734 0.257541 -84.1028
0.406187 0.18001 -317.687
0.143829 0.105111 -97.138
0.00556156 -0.192114 71.2229
0.00516332 -0.198918 73.3556
0.0106562 -0.190077 66.1371
0.0052232 -0.199963 73.3781
0.132812 0.134115 -103.435
0 -0.185125 73.616
0 -0.185125 73.616
0.000487033 -0.0989027 48.2483
0.000636123 -0.0916968 46.0371
0.000220981 -0.0722311 40.8195
-0.000693656 -0.0290293 29.2432
0.00931281 0.0343468 1.00165
0.0114533 0.0303804 -0.0676498
0.000929856 0.00125754 19.5815
-0.00277321 -0.0157125 28.3987
0.0219124 -0.043944 9.20009
0.159475 -0.082509 -136.429
0.159595 -0.0829807 -136.376
0 0.0545802 2.58761
0.0308659 -0.204367 39.9327
0.0138907 -0.325224 95.0008
0.0398653 -0.032919 -19.8874
0.0130214 0.139957 1.50671
0.0125387 0.141148 1.15069
0.0105213 0.143123 0.632082
0.0061384 0.145968 0.042789
-0.00018087 0.148513 -0.173409
-0.0120155 0.138608 4.40704
-0.0123408 0.121096 9.67047
-0.0547822 0.08028 29.134
-0.027664 0.154849 0.982322
-0.0247981 0.174092 -4.4591
-0.0476631 0.196197 -7.09623
-0.0408834 0.148676 6.2426
-0.0317669 0.144719 5.36055
-0.0151689 0.165994 -5.76493
0.00954887 0.228985 -32.8465
0.0395557 0.209318 -36.405
-0.479724 0.825313 -33.4754
-0.00060923 0.106274 3.35275
-0.106911 -0.112662 119.238
-0.0524159 -0.0971587 91.4268
-0.0212852 -0.131897 89.7832
-0.0164051 0.089453 17.4917
0.0480488 0.240518 -60.4482
0.127644 0.192447 -85.0844
0.174539 0.22884 -120.057
0.178578 0.208187 -115.795
-0.0922675 0.168689 36.4858
-0.122369 0.173742 52.0243
-0.1233 0.144125 61.6262
-0.111408 0.143736 54.3958
-0.0467183 0.211497 6.38649
-0.00174043 0.26796 -41.6119
0.0353221 0.251952 -62.43
0.0512134 0.256012 -75.3176
0.0641 0.245871 -81.7367
0.0906609 0.231131 -96.4204
0.18322 -0.114325 -58.0752
0 0.29384 -45.6343
0 0.29384 -45.6343
0.0984097 0.0165752 -37.8888
0.0969651 0.0261382 -39.5525
0.032594 -0.325806 123.83
0 -0.155273 98.2988
0.0396186 -0.00650124 12.4595
0.0283171 0.000975438 20.9425
0.00780298 0.00723773 38.6823
0.01211 -0.176567 93.5508
0.0147173 0.0123175 1.68897
0.0364297 -0.00410129 -15.6922
-0.0176788 0.00672739 37.9757
-0.0208474 -0.00549112 45.1155
0 0 -1
0.0749271 -0.0769293 -40.9093
0.0862568 0.501584 -216.035
0.0887173 -0.337574 52.6991
0 -0.131315 62.74
0 -0.131315 62.74
0.00695037 -0.131494 54.1886
0.0137747 0.140307 1.38709
0.0138039 0.141455 1.01236
0.012555 0.143411 0.431398
0.00880127 0.146295 -0.262278
0.00182605 0.15001 -0.872525
-0.00568248 0.1624 -4.15837
0.0230813 0.188482 -17.2891
-0.0185034 0.172288 -5.79754
-0.0753888 0.019091 61.3904
-0.00900326 0.164215 -4.5234
-0.0611281 0.0994384 27.2517
-0.0672045 0.0828563 33.845
-0.0372318 0.0754542 28.6394
-0.0123501 0.057485 27.7794
-0.00597587 0.0509337 28.8266
0.0419852 0.0434899 15.7946
0.0459357 -0.0420305 43.584
-0.0666399 -0.336824 171.611
-0.0699292 -0.346227 175.916
-0.014206 0.14124 -1.22362
0.027444 -0.168853 79.8061
0.0336393 -0.213319 92.0358
0.0576435 0.25689 -70.2451
0 0 -1
0 -0.41787 173.788
0.202016 0.187044 -122.299
-0.0743104 0.113552 43.9968
-0.118366 0.155676 55.3885
-0.129401 0.16071 60.0538
-0.117494 0.1573 53.7919
0 0 -1
-1.94629 0.469024 1224.74
0.127749 0.410667 -182.242
0.0654403 0.289007 -96.7115
0.0560435 0.268924 -82.6149
0.0550341 0.248062 -75.291
0.0544622 0.253871 -76.3035
0.0354138 0.375539 -102.897
-0.0172205 0.347318 -50.2842
0 0.298469 -48.3204
0.0544622 0.253871 -76.3035
0.00879816 0.225583 -32.1066
0.00681589 0.223459 -29.6255
-0.00091878 0.246203 -30.202
0.00595866 0.254977 -39.686
0.00863262 0.249333 -40.3592
-0.000473095 0.232841 -25.6771
-0.00282883 0.240421 -25.8288
-0.00215367 0.252948 -30.7551
-0.00215367 0.252948 -30.7551
-0.00185528 0.270892 -37.2078
-0.017463 0.00353777 17.0888
0.0862568 0.501584 -216.035
0.0872212 0.494704 -214.834
0.0879563 0.492334 -214.89
-0.00974898 0.329864 -46.8544
6.78669e-07 0.339898 -62.0313
0 0.301675 -48.9288
0.00043428 0.0419768 41.3433
0.00043428 0.0419768 41.3433
0.00043428 0.0419768 41.3433
0.00043428 0.0419768 41.3433
0.00043428 0.0419768 41.3433
-0.0633895 0.385764 -109.837
0.0213346 0.198422 -19.9079
0.0671595 0.189822 -23.1538
-0.0996891 0.0615743 51.0344
-0.12986 0.0719857 52.9245
-0.145604 0.0624086 59.2274
-0.060835 0.0901822 28.8099
-0.0410179 0.053223 36.6504
-0.0157085 0.0283926 38.5202
0.00321645 0.0270088 33.303
0.0264908 -0.0267743 44.6812
0.0071663 -0.0388914 55.7196
-0.0125082 0.0129938 44.2532
-0.0214639 0.118045 9.95768
0.0139224 0.137267 -11.4763
0.0430313 0.103855 -12.0024
0.057829 0.0622226 -3.75875
0.062351 0.0162717 10.5637
0 0.0914714 0.239258
0.0167952 -0.0968349 74.4911
6.95836e-13 0.0914714 0.239258
7.35854e-13 0.0914714 0.239258
7.28049e-13 0.0914714 0.239258
-0.117087 0.159269 52.9473
-0.112013 0.162344 48.6475
-0.107748 0.161243 46.3346
-0.107544 0.157009 47.7126
-0.107544 0.157009 47.7126
0 0.127668 -6.07609
0.0955405 0.246339 -104.284
0.0665212 0.277851 -93.639
0.0526663 0.286126 -86.0401
0.0685055 0.243673 -84.1676
-0.0155209 -0.108906 130.05
0.00879816 0.225583 -32.1066
-0.0121086 -0.0480804 104.807
0.00879816 0.225583 -32.1066
0.00879816 0.225583 -32.1066
0.00882513 0.242242 -38.001
0 0 -1
-4.16945e-05 0.246519 -30.8782
-0.00125723 0.236239 -26.0325
0.0131817 0.516792 -128.128
-0.00215367 0.252948 -30.7551
0 0 -1
-0.00215367 0.252948 -30.7551
-0.017463 0.00353777 17.0888
0.0862568 0.501584 -216.035
0.680434 0.238918 -657.987
-0.042538 -0.0400657 281.158
-0.0540477 -0.0583543 301.358
-0.0035462 0.10679 183.308
2.18531e-05 0.138994 167.682
-0.0321462 0.397377 -116.863
-0.0323552 0.397223 -116.784
-0.0348191 0.397743 -116.842
-0.0441739 0.387203 -112.265
-0.0568528 0.387416 -111.198
-0.064738 0.381137 -108.102
-0.064738 0.381137 -108.102
-0.0511201 0.13189 16.7804
-0.108597 0.072272 48.6739
-0.136774 0.0616812 57.9429
-0.143468 0.0618759 59.1007
-0.0883772 0.0489899 50.4449
-0.0565883 0.0476428 42.8468
-0.0290324 0.0186322 45.8774
-0.00234043 -0.00474569 46.385
0.00753562 -0.0153928 47.0785
0.00592734 -0.00862537 45.2197
0.012588 0.0208778 31.9576
0.0134784 0.101955 1.67017
0.0173346 0.130462 -10.4823
0.0247916 0.106541 -4.87126
0.0297759 0.0637042 8.739
0.0275269 0.0117076 29.0842
0.0165869 -0.0417162 54.2882
0.00794156 -0.094982 78.4887
0.000207935 -0.0944341 82.4348
-0.00463269 -0.0938376 84.9112
-0.00688149 -0.0932405 85.9883
-0.00742467 -0.0926846 86.103
-0.00695476 -0.0922044 85.6279
-0.00617845 -0.0918265 84.9855
-0.0054819 -0.0915686 84.4259
-0.00514659 -0.0914397 84.1483
-0.00514659 -0.0914397 84.1483
0.0807286 0.254253 -96.1313
0.0885196 0.265468 -105.967
0.0682993 0.286481 -98.1819
0.0548363 0.27192 -82.6669
-0.0153487 -0.109989 130.297
-0.0134462 -0.0516639 107.269
-0.0108414 -0.0478785 103.633
-0.00918277 -0.0474166 102.002
-0.00918277 -0.0474166 102.002
0.00233521 -0.0105657 78.1464
-0.0132525 9.87533 -3582.12
0.253987 4.97874 -2023.59
0.144202 2.54803 -1013.74
0.0131817 0.516792 -128.128
0.0131817 0.516792 -128.128
-0.0165586 9.93298 -3598.37
0.245063 4.92123 -2020.26
0.661831 11.1593 -4812.44
0.426487 5.60103 -2487.41
0.166212 2.66023 -1100.83
-0.00122796 0.152221 23.3311
-0.00122796 0.152221 23.3311
-0.00261227 -0.0784902 108.702
0.0305925 0.0255387 29.339
