0 1 3
1 3 3
3 4 3
4 5 3
5 6 3
6 7 3
7 9 3
9 10 3
10 11 3
11 12 3
12 14 0
14 15 3
15 16 3
16 17 3
17 18 3
18 19 3
19 77 0
23 77 3
23 26 3
26 27 2
27 28 2
28 29 0
29 30 3
30 31 3
31 91 1
36 91 1
36 37 3
37 96 3
96 97 3
41 97 0
41 501 0
47 501 3
47 48 3
48 49 1
49 52 1
52 344 0
111 344 3
55 344 0
55 114 0
57 114 0
22 23 0
49 344 0
91 93 0
36 93 3
9 66 3
23 83 3
7 66 3
26 83 3
111 112 3
112 344 3
23 82 3
31 90 1
82 83 3
36 153 3
37 153 3
56 114 0
14 72 2
18 76 0
29 88 1
30 88 1
19 76 0
77 81 3
48 106 3
49 106 0
1 59 3
12 70 3
12 72 3
17 74 0
23 81 3
113 114 2
0 59 3
1 60 3
6 64 3
11 70 3
55 113 0
56 113 0
3 60 2
5 64 3
7 65 3
90 91 3
12 129 3
15 72 3
28 87 3
29 87 1
5 63 3
10 70 3
70 129 3
47 106 3
0 58 3
3 62 2
4 62 2
4 63 3
65 66 3
10 66 3
10 68 3
15 73 3
16 73 3
16 74 0
26 85 2
27 85 3
113 344 3
58 59 3
59 60 3
62 63 3
66 68 3
72 129 3
93 153 3
97 501 3
63 64 3
72 73 3
73 74 0
76 77 3
60 62 3
81 82 3
114 173 3
6 65 3
18 74 2
96 153 3
106 344 3
26 142 3
87 88 3
31 88 1
68 70 3
83 142 3
28 85 2
77 135 3
77 195 3
85 142 2
85 87 2
106 501 3
66 125 3
81 195 3
135 195 3
70 127 3
64 65 3
68 127 3
76 134 3
113 171 1
59 117 2
77 134 3
97 445 3
171 344 0
114 171 3
445 501 3
82 140 3
68 125 3
74 132 3
81 140 3
58 117 2
134 135 3
88 145 3
88 90 3
59 118 0
60 118 0
60 119 0
62 119 0
62 120 0
62 121 0
87 144 3
87 145 3
83 140 3
85 144 2
88 146 3
63 121 0
66 124 3
114 172 3
172 173 3
118 119 3
120 121 3
65 124 3
72 130 3
73 130 3
145 146 3
90 147 3
171 172 2
64 123 2
129 130 3
88 147 3
91 150 0
119 120 3
65 123 3
90 150 0
58 116 2
117 118 0
124 125 3
73 132 0
96 445 3
70 128 3
18 132 2
90 206 0
501 565 3
106 565 3
63 123 3
127 128 3
128 129 3
18 134 2
144 145 3
146 147 3
147 206 0
150 206 3
153 211 3
96 211 3
106 284 1
284 344 0
123 124 3
130 189 0
73 189 0
18 250 2
93 150 3
123 180 3
134 250 3
63 180 0
68 183 3
132 189 3
81 196 3
83 199 3
93 208 3
132 250 3
195 196 3
140 196 3
140 197 3
140 199 3
153 208 3
285 344 0
116 117 3
125 183 3
132 191 3
196 197 3
85 202 0
208 211 3
171 285 1
194 195 3
144 202 0
121 180 3
135 194 3
142 200 3
127 186 3
191 250 3
142 199 3
173 231 1
68 184 3
127 184 3
128 186 3
129 188 3
150 208 3
85 200 2
171 229 2
172 229 2
183 184 3
130 188 3
132 190 3
134 193 3
135 193 3
283 344 3
172 231 1
283 285 1
124 183 3
206 208 3
208 210 3
189 190 3
190 191 3
229 285 1
118 175 2
120 178 3
184 186 3
211 445 3
283 284 1
117 175 0
144 203 0
146 204 0
147 204 0
120 179 3
121 179 3
134 192 3
145 203 0
178 179 3
192 193 3
197 199 3
116 174 0
117 174 0
179 180 3
128 188 3
188 189 3
199 200 3
202 203 3
193 194 3
145 204 0
174 175 3
124 182 0
203 204 3
119 178 3
123 182 0
200 202 2
204 206 3
270 445 3
106 514 0
172 288 2
118 234 2
180 182 0
182 183 1
192 250 3
211 270 3
514 565 1
284 514 0
231 288 0
175 234 3
182 240 3
184 242 3
188 245 0
180 240 0
184 243 3
119 234 2
183 242 3
186 243 3
196 253 1
229 288 3
195 253 1
210 211 3
229 286 1
178 234 3
189 247 3
190 247 3
285 286 0
178 235 3
179 236 3
186 188 3
210 268 3
175 233 3
234 235 3
178 236 3
179 237 3
200 259 3
202 259 3
180 237 2
203 260 3
188 246 2
189 246 3
202 260 3
174 233 2
200 257 3
204 263 3
208 266 3
235 236 3
186 244 0
245 246 3
246 247 3
199 257 3
206 263 3
211 268 3
229 287 3
244 245 3
197 255 3
199 255 3
204 262 3
180 238 2
191 248 3
248 250 3
199 256 3
257 259 3
203 262 3
266 267 3
210 266 3
286 287 0
237 238 3
190 248 3
194 252 3
196 255 3
208 263 3
272 445 3
332 445 3
288 289 3
231 289 0
243 244 3
193 251 3
194 253 2
255 256 3
256 257 3
210 267 3
211 269 3
269 270 3
287 288 3
247 248 3
193 252 3
252 253 3
259 260 3
262 263 3
270 272 3
174 232 2
233 234 3
268 269 3
232 233 3
236 237 3
267 268 3
272 332 3
288 404 3
238 240 3
251 252 3
263 266 3
387 501 3
341 404 3
250 308 3
387 445 3
387 565 3
182 242 3
242 243 3
248 308 3
193 250 3
270 329 3
284 285 2
250 251 3
329 445 3
246 305 3
240 297 3
329 386 3
285 341 0
240 242 3
203 320 3
262 320 3
286 341 0
287 341 3
238 297 3
248 306 3
306 308 3
260 320 3
238 296 3
251 309 3
267 326 3
268 326 3
329 387 3
346 404 3
288 346 3
234 292 3
244 302 3
245 302 3
247 305 3
253 255 0
262 321 3
284 341 0
252 309 3
266 324 3
251 308 3
256 314 3
257 373 3
320 321 3
263 321 3
270 328 3
328 329 3
289 346 3
236 294 3
238 295 3
247 306 3
253 312 3
257 315 3
259 317 3
267 324 3
268 327 3
287 404 3
232 290 3
235 292 3
237 294 3
237 295 3
295 296 3
255 372 3
256 372 3
256 315 3
315 373 3
260 317 3
324 381 3
269 327 3
314 315 3
267 325 3
270 327 3
289 347 3
246 362 3
255 312 3
257 317 3
317 375 3
260 318 3
325 326 3
326 327 3
327 328 3
284 400 1
346 347 3
294 295 3
243 301 3
305 362 3
317 318 3
260 377 3
263 324 3
341 400 1
235 294 3
297 356 3
240 356 3
242 299 3
245 362 3
305 306 3
318 377 3
320 377 3
324 325 3
400 514 0
287 345 1
299 356 3
242 301 3
252 312 3
345 404 0
233 290 3
296 297 3
308 309 3
312 372 3
341 345 1
233 292 3
314 372 3
317 373 3
243 302 2
321 380 3
263 380 3
263 381 3
290 292 3
299 301 3
309 368 3
252 368 3
328 386 3
301 302 3
380 381 3
301 358 3
292 349 3
299 358 3
245 361 3
312 370 3
320 378 3
290 349 3
235 351 3
302 361 3
321 379 3
292 351 3
361 362 3
308 365 3
320 379 3
297 355 3
355 356 3
308 366 3
312 369 3
306 365 3
366 424 1
324 382 3
296 355 3
309 366 3
252 369 3
369 370 3
370 372 3
318 375 3
379 380 3
325 382 3
326 384 3
327 384 3
327 385 3
514 626 1
290 348 3
301 359 3
302 360 3
306 364 3
377 378 3
565 626 1
348 349 3
292 350 3
294 351 3
294 352 3
295 353 3
296 354 3
360 361 3
305 363 3
364 365 3
368 369 3
325 383 3
328 385 3
346 405 3
347 405 3
349 350 3
352 353 3
353 354 3
354 355 3
362 363 3
363 364 3
365 366 3
366 368 3
378 379 3
382 383 3
383 384 3
386 387 3
351 352 3
356 357 3
299 357 3
301 360 3
314 373 3
381 382 3
384 385 3
385 386 3
357 358 3
373 375 3
375 377 3
350 351 3
358 359 3
372 373 3
509 565 0
372 429 3
373 374 3
370 429 3
374 375 3
341 458 3
404 405 2
359 360 3
400 458 0
404 458 3
428 429 3
366 425 1
368 425 1
370 428 3
458 514 0
458 459 1
359 418 3
360 418 3
404 459 1
356 414 3
368 426 3
369 426 3
381 439 3
382 439 3
355 414 3
357 414 3
365 423 3
380 439 3
405 462 3
358 415 3
360 419 3
361 419 3
363 421 3
364 421 3
375 434 3
377 434 3
404 462 2
357 415 3
415 417 3
358 417 3
359 417 3
366 423 3
425 426 0
378 438 3
385 443 3
386 443 3
415 416 3
362 419 3
362 420 3
377 436 3
378 436 3
379 438 3
382 441 3
383 441 3
384 443 3
349 407 3
350 407 3
351 409 3
352 410 3
416 417 3
363 420 3
372 430 3
348 406 3
350 409 3
353 411 3
354 412 3
355 413 3
364 423 3
423 424 1
369 427 3
369 428 3
436 438 3
384 441 3
349 406 3
350 408 3
410 411 3
411 412 3
412 413 3
419 420 3
427 428 3
386 442 3
407 408 3
413 414 3
418 419 3
420 421 3
364 422 3
424 425 0
426 427 3
429 430 3
434 436 3
380 438 3
387 442 3
406 407 3
408 409 3
352 409 3
375 433 3
459 517 0
404 517 2
409 410 3
417 418 3
384 442 3
442 443 3
421 422 3
439 498 3
441 442 3
422 423 3
433 434 3
405 463 3
373 430 3
438 439 3
462 463 3
373 431 3
374 431 3
375 431 3
439 441 3
414 415 3
431 433 3
441 499 3
418 476 3
438 498 3
441 498 3
442 499 3
417 476 3
430 431 3
419 477 3
475 476 3
404 461 1
461 462 0
417 475 3
424 482 0
418 477 3
413 471 3
434 495 2
436 495 2
458 517 1
412 471 3
414 471 3
414 472 3
425 482 0
438 495 2
342 514 1
404 519 1
407 465 3
409 468 3
410 468 3
415 472 3
416 475 3
499 500 3
461 519 0
408 465 3
416 474 3
420 478 3
434 493 1
442 500 3
462 520 3
406 465 3
408 466 3
408 467 3
409 467 3
411 469 3
412 469 3
415 474 3
421 478 3
428 486 3
493 495 2
342 626 1
519 577 0
462 519 3
463 520 3
406 464 3
465 466 3
410 469 3
471 472 3
476 477 3
419 478 3
421 479 3
423 480 3
425 483 0
429 486 3
431 490 1
433 490 2
493 494 0
494 495 3
498 499 3
467 468 3
477 478 3
478 479 3
422 480 3
426 484 3
427 484 3
514 517 1
404 518 1
464 465 3
466 467 3
468 469 3
474 475 3
421 480 3
423 482 3
483 484 3
497 498 3
342 517 1
517 518 1
479 480 3
482 483 3
427 486 3
430 488 1
430 490 1
495 498 2
519 520 3
429 487 1
430 487 1
430 547 1
484 485 1
427 485 1
487 488 3
488 547 3
490 547 3
433 550 1
433 492 1
434 492 1
492 493 2
495 497 3
498 556 3
499 556 3
485 486 0
492 550 3
518 519 1
500 556 3
412 470 3
495 554 3
497 554 3
469 470 3
470 471 3
486 487 1
472 474 3
490 550 1
472 532 1
500 616 3
442 616 2
565 624 1
476 534 3
493 550 2
565 567 1
467 525 1
471 529 1
474 532 1
475 533 1
477 534 3
478 536 3
479 536 3
483 541 3
490 549 1
549 550 3
493 551 0
387 617 2
531 532 3
475 532 1
476 533 3
477 536 3
479 537 3
480 537 3
482 541 3
565 617 2
470 529 1
472 529 1
472 530 1
472 531 1
490 548 3
463 579 1
466 524 3
468 527 1
469 527 1
469 528 1
529 530 3
530 531 3
532 533 3
533 534 3
486 544 3
488 546 3
548 549 3
520 579 1
467 524 3
470 528 1
487 544 0
567 626 3
517 633 0
465 523 3
477 535 3
485 543 0
466 523 3
524 525 2
468 525 1
534 535 3
535 536 3
536 537 3
480 538 3
482 540 3
540 541 3
484 542 3
486 543 3
543 544 3
487 546 2
494 551 3
497 556 3
387 616 2
342 633 3
520 577 2
464 522 0
464 523 3
468 526 1
528 529 1
480 539 3
483 542 3
550 551 0
497 555 3
520 578 3
523 524 3
525 526 1
526 527 3
527 528 0
423 539 3
423 540 3
546 547 3
547 548 2
554 555 3
555 556 3
500 558 3
518 577 0
577 578 2
578 579 1
522 523 1
537 538 3
538 539 3
484 543 3
544 545 1
487 545 2
558 616 3
518 633 0
541 542 3
494 553 3
495 553 3
553 554 3
556 557 3
545 546 2
551 553 3
500 557 3
577 633 1
539 597 2
539 540 3
504 626 1
616 617 3
536 594 0
537 595 3
551 610 3
530 588 0
531 588 0
538 595 3
553 610 3
557 558 3
567 625 3
342 504 3
531 590 0
532 590 0
625 626 3
529 587 0
529 588 0
531 589 0
533 591 0
536 595 0
554 612 0
528 586 0
532 591 0
534 592 0
594 595 3
542 543 3
553 612 0
556 615 3
616 619 3
589 590 3
535 594 0
541 599 2
556 614 3
557 615 3
523 581 0
525 584 0
526 584 0
528 587 0
538 597 2
542 599 2
544 602 3
545 602 2
547 605 2
548 605 3
551 609 3
555 614 3
577 636 1
578 636 3
579 636 0
522 581 3
527 585 0
587 588 3
534 591 0
535 592 0
535 593 0
593 594 3
543 602 3
550 609 2
609 610 3
554 613 3
555 613 3
565 625 1
526 585 0
527 586 0
588 589 3
543 600 3
546 605 2
553 611 3
557 616 3
617 619 3
504 566 3
522 580 0
524 582 3
524 583 0
525 583 0
584 585 3
586 587 3
590 591 3
542 600 3
545 603 2
545 604 2
546 604 2
566 628 1
342 566 3
581 582 1
582 583 0
583 584 3
585 586 3
592 593 3
538 596 2
540 597 3
605 606 3
548 606 3
580 581 1
591 592 3
604 605 3
549 606 2
610 611 3
611 612 0
612 613 1
444 617 3
579 637 3
595 596 3
540 599 1
602 603 3
603 604 3
549 607 3
550 608 3
613 614 3
444 619 3
636 637 1
606 607 3
549 608 3
615 616 3
444 563 3
543 659 3
607 608 3
608 609 3
614 615 3
563 679 1
599 600 3
600 659 3
602 659 3
616 672 2
444 616 2
589 647 3
588 647 3
596 597 3
626 684 3
577 694 1
504 684 1
636 694 3
587 646 3
588 646 3
615 672 3
587 645 3
613 671 3
581 639 0
586 645 3
646 647 3
596 655 3
597 655 3
540 656 1
607 665 1
611 669 1
614 671 3
645 646 3
590 647 3
597 656 3
599 656 3
614 672 3
655 656 3
605 663 3
610 669 3
625 684 3
580 638 1
581 638 0
586 643 3
600 658 3
609 667 3
610 668 3
582 639 0
585 643 3
591 649 3
593 652 3
594 652 3
594 653 3
595 653 3
596 654 3
599 658 3
658 659 3
606 663 3
610 667 3
566 633 3
586 644 3
592 649 3
656 658 3
604 662 3
605 662 3
612 670 1
566 690 3
582 640 0
584 642 3
585 642 3
643 644 3
590 648 3
654 655 3
602 660 3
603 660 3
603 661 3
662 663 3
606 664 3
607 664 2
668 669 3
612 669 1
613 670 3
444 672 1
583 640 3
583 641 3
583 642 3
648 649 3
596 653 3
659 660 3
603 662 3
577 635 3
639 640 3
644 645 3
647 648 3
663 664 3
664 665 3
669 670 2
670 671 3
502 672 1
633 635 0
635 694 1
637 694 0
640 641 3
641 642 3
642 643 3
652 653 3
653 654 3
667 668 3
671 672 3
444 502 3
661 662 3
566 687 1
660 661 3
608 665 1
592 708 1
593 651 3
593 708 3
651 652 3
649 708 1
608 667 1
565 684 1
617 684 1
566 635 0
651 708 3
638 639 3
665 667 3
649 707 1
667 724 3
669 727 3
670 727 2
566 746 1
663 721 3
687 746 3
640 699 3
641 699 3
645 703 3
655 712 3
664 721 3
639 697 3
646 703 3
654 712 3
656 715 2
667 725 3
668 725 3
643 701 3
644 701 3
644 702 3
647 705 2
648 705 2
655 713 3
655 714 2
656 714 3
658 716 3
659 716 3
668 727 3
642 700 3
652 711 3
653 711 3
713 714 3
662 720 3
662 721 3
563 617 3
563 684 1
638 696 3
640 697 3
641 700 3
643 700 3
645 702 3
646 704 2
646 705 2
651 709 3
711 712 3
653 712 3
658 715 3
639 696 3
703 704 1
648 706 1
708 709 3
714 715 3
660 718 3
566 744 1
566 637 1
696 697 3
701 702 3
705 706 1
715 716 1
659 718 3
661 718 3
670 729 1
671 729 1
566 752 3
704 705 3
652 709 3
664 722 3
670 786 1
640 698 3
702 703 3
661 720 3
665 722 3
665 724 3
727 786 3
672 729 1
698 699 3
700 701 3
649 706 1
722 724 3
566 1042 1
697 698 3
699 700 3
716 718 3
720 721 3
724 725 3
566 684 1
707 708 3
721 722 3
668 784 3
729 786 2
635 637 1
725 784 1
727 784 3
709 711 0
712 770 1
502 729 1
712 713 1
716 775 1
718 775 2
718 720 3
706 707 3
711 768 1
713 770 3
720 777 2
702 759 3
704 762 1
709 768 2
711 770 1
715 773 1
716 774 3
718 777 2
724 782 3
725 782 3
701 759 3
703 761 1
706 763 3
714 772 3
714 773 2
774 775 1
725 783 1
727 785 3
702 760 2
761 762 3
708 767 3
709 767 3
715 774 1
782 783 2
759 760 3
713 772 3
772 773 3
722 782 3
785 786 3
637 1042 0
697 755 3
699 757 3
700 757 3
700 758 3
705 763 2
706 764 3
720 778 2
696 755 3
757 758 3
700 759 3
704 763 0
763 764 3
770 771 3
713 771 3
721 778 2
722 780 2
783 784 2
784 785 3
696 754 0
698 755 3
758 759 3
702 761 1
707 764 3
711 769 1
769 770 3
718 776 3
721 779 2
780 782 2
754 755 1
760 761 1
775 776 2
778 779 0
779 780 1
781 782 0
729 788 3
771 772 3
773 774 3
776 777 0
777 778 1
780 781 1
502 788 1
762 763 3
707 765 3
707 767 3
768 769 3
698 757 3
764 765 3
634 635 0
755 757 3
729 787 3
786 787 3
563 796 1
566 634 3
767 768 3
765 767 3
787 788 3
563 566 3
767 824 3
784 841 1
765 824 3
783 841 1
758 816 1
759 816 1
784 842 1
785 842 3
769 828 3
770 828 3
775 833 3
782 840 1
755 814 1
757 814 1
759 817 1
760 817 2
762 820 2
776 833 3
777 835 1
778 835 2
781 840 3
783 840 1
761 820 1
767 825 3
771 828 3
772 830 3
774 832 3
775 832 0
841 842 3
786 844 3
787 905 3
788 905 2
757 815 1
768 825 3
768 827 3
769 827 3
771 830 3
773 830 3
776 835 1
781 839 3
785 843 3
785 844 3
502 905 1
754 812 1
755 813 1
758 815 1
816 817 3
760 818 2
771 829 3
773 831 3
773 832 3
776 834 3
778 837 0
779 837 0
780 838 2
780 839 2
840 841 3
842 843 3
787 845 3
812 813 3
813 814 3
814 815 3
761 818 3
828 829 3
829 830 3
831 832 3
833 834 3
834 835 3
837 838 1
838 839 3
839 840 3
843 844 3
786 845 3
845 905 3
815 816 3
817 818 3
824 825 3
832 833 3
827 828 3
844 845 3
830 831 3
762 822 1
763 822 3
764 822 3
825 884 3
768 884 3
820 822 3
444 912 1
765 822 3
827 884 3
778 894 0
837 894 1
563 912 1
835 894 3
822 824 3
845 904 3
824 882 3
904 905 3
818 877 3
820 878 2
822 878 3
502 912 1
761 877 1
820 877 2
824 881 3
825 882 3
814 872 3
815 874 3
816 874 3
817 876 3
818 876 3
822 881 3
828 886 3
829 886 3
845 902 3
815 872 3
844 902 3
502 965 1
812 870 3
813 871 3
825 883 3
827 885 3
827 886 3
829 887 1
830 888 1
831 889 2
832 890 2
833 891 2
834 892 2
835 893 3
837 895 1
838 896 3
839 897 3
840 898 3
841 899 3
842 900 3
843 901 3
845 903 3
870 871 3
871 872 3
883 884 3
887 888 3
888 889 0
889 890 3
890 891 3
891 892 3
892 893 3
893 894 3
895 896 3
896 897 3
897 898 3
898 899 3
899 900 3
900 901 3
901 902 3
902 903 3
876 877 3
877 878 3
822 880 3
882 883 3
884 885 3
885 886 3
894 895 3
903 904 3
881 882 3
872 874 2
886 887 1
878 880 3
817 874 3
876 933 3
880 881 3
817 933 2
912 970 3
872 931 2
874 931 3
874 933 3
502 970 1
563 970 1
985 1042 1
878 937 3
880 937 3
880 938 3
905 963 3
881 938 3
904 963 3
502 967 1
881 939 3
893 952 3
894 952 3
895 952 3
502 964 1
878 936 3
938 939 3
882 939 3
902 961 3
903 961 3
964 965 3
889 947 3
890 948 3
897 955 3
899 957 3
903 963 3
566 1036 1
870 928 3
871 929 3
872 930 3
931 932 0
874 932 0
933 934 1
876 934 1
877 935 1
878 935 1
882 940 3
882 941 3
883 941 3
884 942 3
885 943 3
886 944 3
887 945 0
888 946 0
890 947 3
891 948 3
891 949 3
892 950 3
893 951 3
895 953 3
896 954 3
896 955 3
898 955 3
898 957 3
900 958 3
901 959 3
905 964 3
928 929 3
929 930 3
930 931 1
877 934 1
937 938 3
939 940 3
940 941 3
941 942 3
942 943 3
943 944 3
944 945 3
945 946 3
946 947 3
949 950 3
950 951 3
951 952 3
952 953 3
953 954 3
954 955 3
957 958 3
958 959 1
902 959 3
932 933 2
935 936 3
936 937 3
947 948 3
948 949 3
963 964 3
934 935 0
961 963 3
970 1027 1
563 1028 1
502 1027 1
970 1028 3
898 1014 3
963 1020 3
935 993 3
955 1014 3
957 1014 3
959 1018 3
902 1018 3
961 1018 3
934 993 0
1042 1043 3
961 1020 3
985 1043 1
1020 1021 3
963 1021 3
930 989 1
931 989 3
935 994 3
936 994 3
964 1023 3
965 1023 3
933 991 1
934 991 3
964 1022 3
932 991 1
939 997 3
942 1000 3
963 1022 3
502 1023 1
931 990 3
932 990 1
937 995 3
938 996 3
939 996 3
940 997 3
941 1000 3
989 990 3
934 992 3
993 994 3
936 995 3
938 995 3
961 1019 3
928 986 1
929 987 1
930 988 1
990 991 3
992 993 0
995 996 3
996 997 3
940 998 3
941 999 3
943 1001 3
944 1002 3
945 1003 3
946 1004 3
947 1005 3
948 1006 3
949 1007 3
950 1008 3
951 1009 3
952 1010 3
953 1011 3
954 1012 2
955 1013 3
957 1015 3
958 1016 3
959 1017 0
1018 1019 3
1019 1020 3
986 987 3
987 988 3
988 989 3
994 995 3
997 998 3
998 999 3
999 1000 3
1000 1001 3
1001 1002 3
1002 1003 3
1003 1004 3
1004 1005 3
1005 1006 3
1006 1007 3
1007 1008 3
1008 1009 3
1009 1010 3
1010 1011 3
1011 1012 1
1012 1013 0
1013 1014 3
1014 1015 3
1015 1016 3
1016 1017 3
991 992 3
1017 1018 1
1027 1028 0
1022 1023 3
1021 1022 3
