0.0149528 -0.282112 29.9128
-0.000497765 -0.225561 30.0505
-0.0132314 -0.237829 30.0884
-0.0452129 -0.0153347 29.3614
-0.0538939 -0.0448921 31.3687
-0.0695113 -0.0265829 32.2196
-0.0270221 -0.0868209 27.6497
0.00979829 -0.0961977 21.9591
0.0489122 -0.218926 17.092
-0.00246057 -0.176086 26.8875
-0.0038388 -0.159371 27.3396
-0.0138624 -0.110345 28.6454
-0.0237939 -0.113067 30.607
-0.034554 -0.142243 33.9722
-0.075046 0.161694 38.9636
-0.0517542 0.0455096 32.7711
-0.0173717 0.0228695 21.529
0.00723862 -0.0711796 13.9985
0.0229507 -0.118824 8.18027
0.0300962 -0.116151 5.38023
0.0432042 -0.10737 -0.481616
0.0485491 -0.0602679 -3.2948
-0.072867 0.0142744 57.1271
0.0152924 0.0491875 -3.12904
-0.0693658 0.447484 46.7369
0.0563304 -0.0155892 -23.3171
0.0594161 -0.0363989 -24.7341
0.551238 -0.0132965 -310.031
0.00327618 -0.0927515 22.0914
-0.0413878 0.0411387 31.6969
-0.0431058 0.0175283 33.331
-0.0479366 0.0135916 36.6387
-0.0366147 -0.221732 54.8089
0.0194529 -0.0702459 11.165
-0.131743 -0.322575 130.053
-0.0617473 0.0584055 52.9513
-0.0205413 -0.0190477 19.921
-0.00444575 0.0201689 6.70977
0.00586797 0.0210308 -1.77387
-0.00372619 -0.0156807 7.75306
0.0454905 0.102428 -27.0256
-0.173894 0.183938 167.73
-0.17669 0.176269 170.285
0 -0.012404 12.3304
-0.0152918 -0.0162568 27.1172
0.00345764 -0.0145258 2.00095
0.00366063 -0.0136907 1.76878
0.00446992 -0.0145688 0.496936
0.00584693 -0.013774 -0.907818
-0.272681 0.165632 337.777
-0.274433 0.104425 340.618
0 -0.0332384 12.6742
0.187849 0.0604625 -96.3137
-0.00459333 -0.00962445 58.8913
0 -0.0102262 53.5531
0.102724 -0.0573748 -69.497
0.0275745 -0.0301641 23.1629
0.0104569 0.134436 41.0832
0.0222814 -0.278087 29.5587
0.0185725 -0.281959 29.7318
0.0237621 -0.294453 29.6793
0.0360872 -0.271041 28.2472
0.00082964 -0.239059 30.5857
-0.0664136 -0.0736468 33.1961
-0.0329106 -0.0566158 28.585
-0.0134913 -0.112428 27.3434
0.00899919 -0.122751 23.0779
-0.00543039 -0.132338 26.1317
-0.00582356 -0.149121 26.3054
-0.00537797 -0.137027 28.0438
-0.0174911 -0.166439 30.9419
-0.0382595 -0.111973 34.8876
-0.0695271 -0.0518052 41.7672
-0.0509554 0.0255232 33.0748
0.0504126 0.0552831 -9.18521
0.0226466 -0.00336353 2.63771
0.00150375 0.0771729 4.8713
-0.0425438 -0.00465509 26.1551
-0.0688388 -0.0196393 38.5715
-0.0657639 -0.462569 53.9107
0.0538189 0.486138 -29.5328
-0.011515 -0.0214286 11.747
0.0184014 -0.00333637 -3.95445
0.0445702 -0.012227 -17.2293
0.116374 -0.0348644 -56.7125
0.531364 -0.055845 -296.295
0.176835 0.0125281 -85.4155
-0.0288288 -0.0986251 42.2928
0.00390242 -0.110579 21.0616
-0.0416045 -0.0476859 50.5031
0.0164339 -0.14893 14.6453
-0.00776058 -0.225765 33.95
-0.0535508 -0.173463 65.45
-0.00267507 -0.00953655 5.23667
0.0143166 -0.00203003 -7.719
0.0205177 -0.0110634 -12.0001
0.00643387 0.000388838 -1.04161
-0.00452006 -0.0159454 9.16454
-0.0387852 -0.00172023 54.5183
-0.171887 -0.0439009 168.364
-0.163785 -0.0441772 161.045
-0.0160545 -0.144253 25.3534
-0.0443876 -0.0212565 49.027
-0.0436347 0.00118969 48.206
0.00301106 -0.0137936 2.4073
0.00626753 -0.0120998 -0.931552
0.00732585 -0.0142986 -2.38386
-0.020784 -0.136885 32.204
-0.0389448 -0.101307 51.09
0.0111645 0.00467106 -6.9636
-0.0133588 -0.0967923 23.4112
0.0231329 0.0389607 -21.5604
0.0266 0.0450862 -25.6295
0.0128174 0.0554736 -10.6693
-0.18798 0.138486 229.857
0.521811 0.0896924 -642.527
0.0424335 -0.0991575 21.1762
0.0531974 -0.10308 21.2637
0.120487 -0.151261 12.5639
0.0536093 -0.0952241 14.1478
0.00480226 -0.0773553 17.5771
0.0258954 -0.134683 18.9232
0.0466256 -0.192222 19.8245
-0.0169037 -0.225381 32.535
-0.0105166 -0.176178 29.6143
-0.01771 -0.148263 30.4624
-0.0253019 -0.177448 33.0044
-0.00875177 -0.132895 25.6524
-0.025091 -0.171962 32.1702
-0.0336892 -0.145238 34.7668
-0.0355498 -0.0864103 33.5854
-0.0954487 -0.115748 53.0001
-0.000682744 0.00927948 10.6065
-0.0123749 0.0343918 13.593
-0.0564439 0.00606758 32.2184
-0.0794748 -0.00955822 43.0901
-0.0894961 0.139599 41.8462
0.260182 0.135605 -115.512
-0.00173287 0.0713908 15.3018
-0.040286 0.0825896 33.3324
0.0180499 -0.0220971 -2.8851
-0.00347977 0.140248 13.7308
0.045302 -0.0270991 -17.1253
0.292629 -0.0404341 -156.149
-0.0317328 -0.0682523 42.2849
-0.0370922 -0.076704 45.5142
0.0126736 -0.0933364 14.3596
0.03353 -0.119503 1.80708
-0.037111 -0.00504741 30.647
-0.0601415 -0.0413615 56.486
-0.0211889 -0.0161521 19.4878
0.0140949 -0.012108 -7.17247
0.0356887 -0.0771707 -19.7342
0.0157021 0.000379515 -8.74988
-0.015962 -0.00136491 17.5688
0.0688004 -0.0136089 -38.1379
-0.00868053 -0.00103246 11.5074
-0.00805426 -0.0999808 19.0071
0 -0.0631792 9.48915
-0.00114247 -0.06257 10.5238
0.00387498 -0.0573127 5.40648
0.0187038 -0.0754783 -8.10193
0.02585 -0.0997409 -14.1744
0.0030716 -0.0611927 6.21825
0.189278 -0.298803 -177.414
-0.00313147 -0.0609573 12.6981
0 -0.0631792 9.48915
0 -0.0631792 9.48915
0 -0.0631792 9.48915
0.0428113 0.414126 -61.3557
0.173759 -0.147842 -188.618
-0.135917 0.176364 165.976
-0.276921 0.150482 337.958
-0.231064 0.14523 282.262
-0.00348872 0.288599 -11.5169
-0.0266099 0.131604 1.08307
0.0316601 0.111677 0.305902
0.0483132 -0.108062 15.4726
-0.021971 -0.0168405 14.8827
-0.0112868 -0.0595487 16.9827
0.0421552 -0.148819 17.5189
-0.0498505 0.100345 8.16262
-0.00212407 0.0420041 4.22348
-0.00441833 -0.186588 29.123
0.00726769 -0.164632 24.8649
-0.040751 -0.195375 38.8398
-0.0191193 -0.13386 29.5612
0.0773241 -0.311278 9.49918
-0.0335297 -0.164478 35.1249
-0.0238584 -0.0166838 20.5893
-0.0157816 0.00435553 16.3514
-0.00727068 0.0123346 12.852
-0.0731377 0.015466 38.5938
-0.0773487 0.00267358 41.2638
-0.0503775 0.0026139 28.6799
-0.0536442 -0.0403214 32.3104
0.00432283 -0.0319504 4.44312
0.0196672 -0.0220454 -3.75772
0.020831 -0.011092 -5.21874
0.0216517 -0.0283973 -4.09235
0.066809 -0.0711988 -26.2338
0.327538 -0.260425 -162.819
-0.0507286 -0.0218548 38.1658
-0.0281659 0.00174498 21.9262
-0.0190263 0.000872729 16.4081
-0.0100651 -0.030958 13.258
-0.0150816 -0.0264036 16.3582
-0.0116384 -0.0109943 12.3195
0.00204858 -0.00527853 1.6011
0.0289846 0.0128873 -20.4519
0.0227335 -0.00414589 -13.6576
0.0134742 -0.00385518 -6.36394
-0.0302541 0.00178994 29.9282
-0.00263932 -0.203638 22.9968
0.000605978 -0.105786 12.2987
-0.012097 -0.0100736 14.999
-0.00128227 -0.160896 18.4603
0 -0.161336 17.3158
0.00601406 -0.0928317 6.50273
-0.0140644 -0.215058 35.4005
0 -0.225214 22.4694
-0.0408841 -0.179878 60.6846
0 -0.161336 17.3158
0.198828 -0.302142 -187.355
-0.0248344 0.218221 18.3871
0 0.216605 -8.62685
0.238636 0.328776 -170.525
0.0380955 -0.163575 -26.5441
-0.0413912 -0.319457 151.962
-0.0772384 -0.0639088 110.38
-0.0717187 -0.08387 105.071
0.46804 0.137404 -421.75
-0.00693119 0.0915029 6.20899
-0.0415538 0.0887894 6.44193
0.00807255 0.107625 1.51512
-0.00959813 0.0653351 6.79914
-0.00900398 0.0374535 8.87643
-0.0141825 0.0656396 7.0597
-0.0360441 0.0987047 7.25283
-0.0692837 0.13482 8.34012
-0.030817 0.105173 4.69286
-0.00775277 0.0592389 4.44167
0.0195506 -0.0712859 11.7695
0.00918239 -0.1359 21.024
-0.0286216 0.0439159 11.5824
0.0330934 0.0581324 -7.92986
0.0728886 0.0227796 -14.4943
-0.0108659 0.00510773 14.9295
-0.0207526 0.00066078 18.7742
-0.0030033 0.00615756 11.8804
-0.0558825 0.000535313 32.948
-0.0749901 -0.0151874 41.1741
-0.0349089 -0.0304857 25.6794
0.07177 -0.0955488 -16.7397
-0.0744999 -0.113798 53.162
0.0013145 -0.0322333 6.6868
-0.000703236 -0.0666947 12.0741
0.0154347 -0.0575443 1.71222
0.0261232 -0.0169843 -7.55394
-0.022163 -0.0345864 22.4721
-0.0230224 -0.0439411 23.2388
-0.0219503 -0.0285503 20.9906
-0.028084 0.000854604 22.1702
-0.00742869 -0.0207855 10.197
-0.00365315 -0.0244459 8.34832
-0.0292454 -0.0164416 26.0248
-0.00911741 -0.02634 11.7449
0.00935882 -0.0329938 -0.69442
0.00849057 -0.0203924 -1.76558
0.0339709 -0.0298207 -21.1928
0.0127417 -0.0139941 -4.4406
-0.00228856 -0.0429676 10.4632
-0.022315 -0.00734693 24.4522
0.00546163 0.000414494 -0.620818
-0.00012451 -0.00870088 3.64361
-0.00457166 -0.0101378 7.67971
0 -0.0476765 7.02529
-0.00824961 -0.068002 17.0162
-0.00928303 -0.0516503 16.7286
-0.0209337 -0.0363292 27.5368
-0.00235366 -0.0370635 8.6054
0 -0.0855989 10.5497
0.00303388 -0.00963186 0.685142
0.0162928 0.0314402 -13.7091
-0.101628 0.0862753 175.784
0.218255 -0.0671613 -173.008
-0.0430448 0.252119 97.8086
-0.0112905 -0.0811645 32.2818
-0.0664804 -0.0914682 99.2037
-0.0721526 -0.0868777 105.51
-0.0316015 0.0542648 10.2236
-0.154301 0.132201 4.68648
-0.020096 0.0741088 7.28031
0 0 -1
-0.00473625 0.0843791 4.88991
-0.0112587 0.095389 4.58895
-0.0389045 0.0621159 12.438
-0.0431534 0.101229 8.48399
-0.037295 0.102106 6.9545
-0.0709637 0.0459917 20.6289
-0.0234047 -0.00230635 14.5999
-0.0232054 0.000323252 13.7504
0.0208186 0.0486968 -2.7105
0.0518097 0.078135 -14.9147
0.0715104 0.0514443 -17.6972
-0.00222924 -0.00249472 12.6935
-0.0160286 -0.00103365 17.1903
-0.0371178 -0.023974 28.2567
-0.063651 -0.0123247 37.3524
-0.0839359 -0.0198415 45.6597
-0.0617669 -0.038827 38.4393
-0.0366704 -0.045062 26.9748
-0.0190718 -0.0609536 20.4832
0.0436123 -0.0247671 -16.9649
0.000940874 -0.0365008 6.47095
-0.00718128 -0.0515175 12.6909
0.0383448 -0.0695581 -10.1543
0.00562141 -0.0610388 8.14709
-0.0048256 -0.0694095 15.0066
-0.0240386 -0.0320566 22.971
-0.0129216 -0.0311692 15.3963
0.00254416 -0.0453237 6.77134
-0.00430717 -0.038634 10.5631
-0.0579482 -0.0273545 48.9762
-0.00324067 -0.0206062 7.00784
0.00371776 -0.00983528 0.860075
-0.00191116 -0.0256593 7.09211
0.0221144 -0.0291827 -11.9778
0.00672129 -0.0480479 3.18942
-0.00665285 -0.0327414 12.6875
-0.0102026 -0.0280501 15.3824
-0.16906 0.129263 139.749
-0.02336 -0.0283463 26.319
-0.0018086 -0.0208448 6.18049
-0.0049861 -0.0120366 8.19893
-0.00425638 -0.00994947 7.31077
0.00695659 -0.000335216 -3.60967
0.00806837 -0.00202004 -4.51419
0.00712371 -0.00619643 -3.02984
0.0093587 -0.00594139 -4.54535
0.00736682 -0.0025155 -3.72896
-0.00668647 -0.0874656 27.405
0.00236691 0.00358419 1.81982
1.18281 -0.479687 -1238.87
0.0160353 0.0311137 -13.3859
0.0764129 -0.0473525 -63.3016
-0.0547502 -0.0788498 83.0864
-0.0548891 -0.0564124 80.8299
-0.0302973 0.0272567 13.322
-0.0194111 0.0348839 12.0249
-0.0191229 0.0285313 12.8371
-0.00472654 0.0485188 9.36656
-0.00168816 0.0174676 13.4173
-0.0129843 0.0169201 14.8367
-0.026282 0.0168296 16.4007
-0.0352004 0.0354588 15.273
-0.0166762 0.063213 8.32385
-0.0628934 0.0463522 19.1083
-0.0712493 0.0495108 18.7951
0.0079407 0.0343733 2.03744
0.042311 0.043364 -7.84085
0.0454894 0.0807673 -13.144
0.0246348 0.0421952 -1.76752
-0.0159529 -0.00114733 16.8357
-0.00470955 -0.00983229 13.8588
-0.0205479 -0.0042235 19.3965
-0.0813386 -0.00847136 43.3054
-0.067902 -0.029111 39.8033
-0.0550423 -0.0340992 34.9294
-0.0418036 -0.0162891 25.8937
-0.0257754 0.00270441 15.5958
-0.0335707 -0.0163935 22.0218
0.00297673 -0.0289458 4.91336
0.00143967 -0.0409051 7.1188
0.000103715 -0.0361708 7.23408
-0.00289218 -0.0466145 10.4393
0.00298873 -0.0231549 3.13737
0.00210662 -0.0542086 8.65012
-0.0147853 -0.043131 17.7815
-0.0115057 -0.0364327 14.6466
0.00184083 -0.0375173 5.5826
0.0163119 -0.0399981 -4.23729
0.00435106 -0.0140628 1.00445
-0.00601242 -0.0118424 8.60354
-0.00252306 -0.0204789 6.92233
-0.00300781 -0.0255703 8.15933
-0.00115737 -0.0211411 5.7031
0.00391791 -0.0210968 1.14862
0.00362586 -0.0311424 3.46316
-0.00203268 -0.0233722 6.67458
-0.00283585 -0.0244823 7.57039
0.00450338 -0.0178084 -0.163171
-0.00546131 -0.0105454 11.8859
-0.0103266 0.00575201 12.1518
0 0.195031 -20.8014
0 0.249239 -28.4481
0 0.231567 -25.9393
0.00814313 0.201079 -30.3806
-0.0581501 0.270933 31.7719
0.0211301 0.231341 -49.5044
0.110902 -0.187268 26.9106
-0.0680337 -0.0463626 156.024
0.0241954 -0.156075 2.75994
0 0.0823397 -6.37875
-0.00725254 -0.0685536 25.392
-0.0914899 -0.0187759 120.955
-0.0167505 0.0374602 11.5106
-0.0235593 0.0248228 13.5314
-0.0228783 0.0318613 12.3824
-0.0182681 0.0110556 15.4976
0.00706526 0.014749 12.3997
-0.0114756 0.00319997 16.5444
-0.0213697 0.0179106 15.2416
-0.0196853 0.0150191 15.5515
-0.0370853 0.0210234 17.7778
-0.0777675 0.0496404 20.7893
-0.0538531 0.113258 4.12603
-0.0301166 0.0711364 5.39292
0.0320887 0.0513795 -6.80088
0.0201904 0.026311 1.70431
-0.0161433 0.00779915 15.6449
-0.0329778 -0.0049401 22.6808
0.00645748 -0.0146185 9.77342
0.003992 0.00369183 8.85792
0.0282102 -0.0106455 20.9861
-0.0465878 0.00407001 43.7627
-0.0382461 0.00470771 21.1238
-0.0236794 0.0281017 10.7077
-0.0266783 0.00825222 15.4571
-0.050547 0.00987857 26.4148
-0.00673949 -0.013679 7.67856
-0.00652652 -0.0321163 10.5187
0.00322614 0.000753537 -0.137008
-0.00993193 -0.00546307 8.29547
-0.00580139 -0.0467597 12.3557
-0.026111 -0.0210603 26.4648
-0.0080136 -0.0567315 15.374
0.0588024 -0.164707 -13.1381
0.00583393 -0.0395825 3.26413
0.0123648 -0.0325053 -2.41914
-0.0104472 -0.0523539 18.1542
0.00423535 -0.0319947 3.60431
-0.00217364 -0.0127622 5.31606
-0.00739808 -0.0148908 10.241
-0.0209428 0.0399859 12.0853
-0.00819982 -0.0222795 12.9893
0.0643761 -0.14323 -33.0736
0.0076942 -0.00502533 -5.31249
0.00133588 -0.0146527 2.82508
-0.000392327 -0.00971852 3.13946
0.00210883 -0.0117085 1.23968
0.123135 0.00819644 -109.882
-0.30323 -0.174759 345.968
0.00451732 -0.00358824 -0.68702
-0.0106913 0.637635 -90.4057
0.00891134 0.000804079 -5.70474
0.00380167 0.00115597 -1.45486
0.0283625 0.145002 -50.6719
-0.0102275 -0.100248 33.1849
-0.0700474 -0.0507949 159.079
0 0.123822 -13.3255
-0.0567677 0.273669 53.7872
-0.0945042 0.0379572 115.876
-0.124796 0.0102155 157.431
0.00721266 0.0681775 5.95117
-0.0292131 0.0673968 6.35666
-0.0300434 0.0966969 1.038
-0.0428357 0.0677481 7.32087
-0.0231513 0.0361784 11.6869
-0.0048248 0.0399946 9.35777
-0.0181261 0.076782 4.65806
-0.0221655 0.0133275 16.052
-0.0393255 0.0451794 13.7669
-0.0806415 0.319962 -25.7098
-0.0573256 0.0732609 11.9895
-0.0305899 0.0955709 1.68287
-0.0447347 0.207118 -13.4902
-0.032999 0.129901 -1.54947
-0.0309607 0.0430286 13.9559
-0.0460081 0.0411129 18.9486
-0.0240699 0.0145315 16.1389
-0.0109426 -0.0296831 20.3374
-0.0971888 0.0523517 37.7826
-0.0278448 0.0891353 1.89923
-0.00414991 0.0867967 -8.1676
-0.0382231 -0.0436978 42.5027
-0.0539465 0.103959 12.5008
-0.0714711 0.0536576 46.0174
-0.113842 -0.0724005 91.8013
-0.156597 0.0412814 88.1295
-0.184937 0.137116 86.6822
0.0571284 0.0707123 -35.6602
0.0195789 0.0229436 -2.93204
-0.452371 0.330632 237.036
-0.0435785 0.260739 -17.243
-0.0404318 0.184207 -4.47862
-0.0212632 0.205541 -22.0009
-0.0200747 0.162138 -14.2897
0.0123637 0.0193064 -11.5908
0.000979232 0.0366419 -5.95252
-0.00732757 0.0647245 -4.94102
0.00165296 -0.0205665 3.4785
-0.0209428 0.0399859 12.0853
-0.00165362 0.0206492 -0.809862
0.00535018 0.0028177 -1.12011
-0.0040686 0.00343257 5.32754
0.00693986 -0.0159084 -1.70202
0 -0.0393845 8.30874
0 -0.0393845 8.30874
0.081802 -0.068519 -55.1293
0.0939121 -0.00305338 -78.8895
-0.0177898 -0.0488708 40.1847
-0.0596876 0.137873 45.7981
0.039095 -0.000467852 -37.4457
-0.211257 0.250415 192.306
-0.0041732 0.28245 -38.3562
0.0132924 0.189036 -39.82
-0.163811 0.0648867 186.237
-0.419967 -0.110933 525.988
-0.0989549 0.0517683 119.137
-0.101367 0.0627904 119.888
-0.200251 0.0158333 249.394
-0.0026088 0.0965805 -3.83379
-0.0158743 0.099546 0.288861
-0.0162158 0.134885 -6.90392
0.292358 0.132514 -26.5206
-0.0628772 -0.00699541 39.5948
-0.0452587 -0.023378 40.7948
0.0871732 -0.415463 98.5885
-0.124854 0.208185 4.42405
-0.086013 0.153865 8.85521
-0.0870219 0.184392 3.07778
-0.0760871 0.211548 -4.63368
-0.0891064 0.198935 0.968697
-0.062972 0.170285 -0.38383
-0.0707318 0.138292 8.32152
-0.0504286 0.10479 8.57169
-0.0370765 0.0317169 17.6735
-0.00940865 0.0740656 -1.29151
-0.0093842 0.00863046 12.3346
-0.077773 0.0512361 30.679
-0.0299832 0.10063 0.106871
0.0200265 0.155965 -31.7363
0.00571009 0.232331 -40.7497
0.0304703 0.25934 -58.5187
0.130098 -0.389034 31.9009
-0.151163 -0.156271 128.794
-0.233701 0.00846041 139.898
-0.0165332 0.208733 -22.8568
0.0445577 0.0907223 -32.2664
0.00770758 0.0256798 3.86667
-0.0497934 0.29033 -18.3382
-0.0383463 0.307226 -29.29
-0.0511324 0.278902 -15.1329
-0.0321665 0.246952 -22.1357
-0.0229353 0.236146 -26.6163
-0.0153993 0.149367 -15.1348
-0.0289094 0.13852 -2.11075
-0.0249698 0.105907 1.11192
0.00960701 -0.0101433 -4.40799
0.00771313 -0.00239117 -4.12208
-0.0137345 0.0472807 3.90493
-0.0279462 0.0815277 8.85773
0.000550923 0.0205114 -2.45057
0.0042802 0.00115492 -1.21698
0.00867051 -0.0162446 -3.62247
0.0139224 0.00151291 -10.0243
0.0732974 -0.0108087 -57.3635
-0.00330933 -0.00276795 7.64718
0.0123502 -0.0884709 10.1928
0 -0.081143 21.4434
-0.0209961 -0.0654073 40.6996
0.00291778 -0.0822484 18.4644
-0.0250827 -0.0724922 47.5366
-0.0242188 0.0109375 37.1281
-0.293896 -0.0459363 355.969
-0.0323464 -0.0224581 45.9007
0.591417 0.178526 -740.434
-0.0959868 0.117503 102.539
0.437426 -0.0554265 -368.672
0 0 -1
-0.00278209 0.0964664 -3.80127
-0.00997095 0.170561 -14.5267
0.0347448 0.249584 -48.2458
-0.00043119 0.196847 -33.1232
0.00565866 0.249093 -46.46
0.0327984 0.235398 -45.5345
-0.00167292 0.187255 -28.9611
0.00822019 0.187994 -31.1695
0.00496897 0.16524 -25.1976
-0.00506308 0.211533 -34.5396
-0.0136954 0.213725 -32.9963
-0.00722783 0.209019 -33.0478
0.0166236 0.36036 -73.4704
0.00339973 0.318112 -59.4604
0.0383748 0.230269 -51.949
0.0417725 0.317284 -72.5555
0.0351478 0.289845 -64.0963
-0.00929718 0.371513 -66.3258
0.00356019 0.362415 -69.1716
0.0300742 0.256797 -57.3081
0.0281621 0.278745 -61.2012
0.023286 0.280398 -59.213
0.017978 0.275747 -55.0472
-0.0328043 0.237624 -19.3592
-0.0426862 0.244579 -16.081
-0.0241512 0.252099 -27.9163
-0.030191 0.123528 5.24343
0.00391453 0.100879 -9.91812
-0.0165217 0.265319 -33.6392
-0.024104 0.297733 -36.0753
-0.0965702 0.265306 18.8499
0.10485 0.0519102 -81.3513
-0.0795073 0.292571 2.97066
-0.0483994 0.236028 -7.69223
-0.0381541 0.205346 -8.5714
-0.0277046 0.107257 3.13164
-0.0158448 0.0408191 7.19697
-0.0327313 0.0584759 17.6305
-0.0253594 0.045644 14.8737
-0.036991 0.00639124 34.4128
0.0130703 -0.13588 32.5509
-0.0721267 0.548803 -52.7732
-0.00880489 0.604528 -123.337
-0.0231987 0.0794823 12.4104
0.0871533 -0.00181407 -73.394
0.0684389 0.00329372 -54.7258
-0.203259 -0.0664297 237.196
0.246242 -0.0377444 -235.106
0 0.0701623 -11.316
-0.00517711 0.0803474 -7.91368
0 0.233833 -47.2317
0.039975 0.160685 -74.0958
-0.00356805 0.00616838 7.55329
0.0139224 0.00151291 -10.0243
0.591417 0.178526 -740.434
-0.0638437 0.165075 53.3879
0.434005 -0.0597884 -363.303
0.0449011 0.242989 -45.687
0.0248792 0.248121 -46.4286
0.0183778 0.256726 -48.8402
0.0218534 0.24247 -45.0956
0.0154459 0.253887 -48.1886
0.0385896 0.286993 -58.4988
0.020174 0.268407 -52.1016
0.0050127 0.228589 -40.2813
-0.00291864 0.227059 -38.7926
0.00682374 0.222138 -39.6528
0.00957439 0.256016 -48.257
-0.00227918 0.269678 -48.9756
0.0973245 0.363888 -96.7289
0.00892473 0.369191 -72.7589
-0.00307803 0.301818 -52.5896
0.0202829 0.28496 -56.8776
0.0453433 0.225399 -51.1777
0.0534887 0.250005 -60.0361
0.00306446 0.266868 -45.0161
-0.0157829 0.14469 -7.00131
0.0221064 0.245262 -49.2464
0.0279458 0.281982 -61.5601
0.00371594 0.28852 -50.7916
0.00162105 0.267664 -45.2145
-0.014246 0.280739 -39.2591
-0.0264745 0.313378 -41.8479
-0.00760321 0.321986 -54.2675
-0.0233003 0.181725 -8.63608
-0.00417553 0.147511 -11.6688
-0.0196951 0.218812 -19.7842
0.0389156 0.26023 -68.1828
0.0610532 0.286732 -89.4007
-0.196149 0.202074 108.174
-0.0989864 0.219465 34.7319
-0.101169 0.224054 35.391
-0.101007 0.218625 36.5077
-0.0223308 0.255485 -32.5193
0.00586323 0.269449 -58.2391
0 0.281426 -56.7548
-0.0224753 0.306749 -43.7739
-0.0328179 0.320766 -37.7988
0.0124679 -0.127924 31.1075
-0.0118476 0.413441 -79.2166
0 0.372514 -79.6948
0.0412557 0.254166 -91.9686
0.122751 0.0503723 -120.725
0.0690678 -0.00297314 -54.4542
-5.38869e-05 0.136573 -19.8643
0.17617 0.976252 -403.53
0.0782879 -0.0860905 -40.9939
0.0951881 -0.0720845 -62.5698
0 0.0547097 -5.32181
0.0214479 -0.0147827 -12.9276
0.0921108 0.0296007 -104.229
0 0.211866 -42.6449
-0.0250232 0.103359 13.2593
-0.0170187 0.181135 -6.49794
0.279127 -0.040764 -176.664
0.0506886 0.253139 -48.6766
0.0452255 0.291079 -58.763
0.0477236 0.300051 -61.8273
0.0227627 0.287535 -57.85
0.0240592 0.306196 -62.6442
0.0190203 0.313317 -63.5594
-0.00931386 0.290916 -54.1572
-0.0311448 0.217666 -31.9617
0.039184 0.932847 -229.222
0.0298178 0.776504 -186.125
-0.063121 0.197554 -6.68887
-0.0268807 0.273275 -36.9227
-0.00469204 0.333839 -59.6761
0.0461212 0.355991 -80.7537
0.0410954 0.484633 -114.22
-0.0215886 0.240965 -32.492
0.0233441 0.15579 -26.5009
-0.0429463 0.238682 -18.9837
-0.0886779 0.201989 8.16928
-0.0598194 0.0740845 29.0285
0.0177016 0.302895 -61.9026
-0.00289243 0.435932 -87.7089
0.00620474 0.29784 -54.8834
-0.0139064 0.290073 -43.2667
0.00586996 0.275651 -49.1483
-0.0219812 0.308036 -42.1354
-0.0676358 0.221439 7.14167
-0.0781095 0.171911 26.2936
-0.0415224 0.130608 14.8133
-0.036021 0.121153 14.4728
0.0153105 0.299812 -62.6699
0.0510914 0.290058 -83.9812
0.130414 0.192766 -111.795
0.13961 0.0589995 -81.6882
0.129954 0.0701165 -77.4899
0.00603009 0.173342 -32.7487
0.00482122 0.170743 -31.1976
-0.0207501 0.0231624 30.4352
0 -0.0714844 39.3046
-0.0246574 0.508166 -100.025
-0.0288804 0.0426122 33.3697
-0.058228 -0.0971917 86.9994
0 0.0299361 11.6387
0 0.0299361 11.6387
0 -0.033138 17.783
0.105141 0.00449499 -92.2365
0 -0.033138 17.783
0 -0.033138 17.783
0.115498 -0.0602346 -87.0154
0.071389 -0.0546275 -41.415
0.0499459 -0.0766097 -12.3507
-0.108053 -0.102686 170.403
-0.114323 0.242708 84.7781
0 -0.53984 162.601
0 -0.449805 139.149
0.00290185 -0.375119 116.44
0.0668012 -0.027922 -58.0784
-0.011937 0.100168 4.75607
0 0 -1
0.074279 0.284682 -58.5037
0.0844329 0.334225 -73.0704
0.0473418 0.341233 -72.5558
0.0319322 0.324538 -67.7333
0.0471148 0.367682 -81.3597
0.005092 0.637731 -152.765
-0.0484853 -0.0160575 52.7956
-0.0803422 -0.029004 62.2063
-0.0460828 0.179542 -5.00997
-0.0433229 0.230555 -21.5643
-0.0064838 0.245936 -33.0697
0.00815719 0.287532 -50.2316
-0.00516889 0.272293 -41.6367
-0.0257068 0.163621 -3.45511
-0.0359828 0.149515 3.26125
-0.0329551 0.157511 0.21369
-0.0200164 0.202545 -17.7696
-0.0303901 0.227504 -21.3355
0.0560089 0.285199 -74.0299
0.101154 0.280976 -91.7147
-0.298082 0.312919 84.5262
0.00616194 0.316232 -60.0262
-0.0309362 -0.0362729 55.8095
0.0720216 0.626237 -181.989
-0.0371599 -0.0391188 63.6915
-0.0670825 0.766929 -146.67
-0.00376961 -0.0165385 53.4508
-0.0534198 0.157252 15.77
0.233896 0.200543 -175.799
0.0108003 0.285049 -55.7361
0.0101963 0.279575 -52.4249
0.0559762 0.246901 -75.1122
0.0895215 0.183636 -80.4272
0.116366 0.0893568 -72.7549
0.126314 0.0672036 -73.726
0 0.294147 -45.0685
0 0.302157 -47.3504
0 0.32048 -52.4934
-0.00704273 0.298276 -40.1684
-0.0355738 0.288051 -12.1508
0.0105906 0.300083 -56.2077
-0.0458924 -0.0744116 141.08
-0.133388 0.0486644 185.647
1.018e-06 -0.0575635 93.3092
-0.0169438 -0.0996392 122.506
-3.67612e-07 -0.160103 123.962
0.00895501 -0.0519117 82.4354
-0.00375135 -0.154777 126.293
-0.172965 0.205566 148.487
-0.00263058 -0.138139 120.252
0.00559381 -0.0410698 82.1628
1.08708e-06 -0.0853966 101.603
0.00463945 -0.0389679 82.3975
-0.0054449 -0.0775369 105.665
9.45289e-07 -0.0853966 101.603
-9.45289e-07 -0.0853966 101.606
-0.0229357 -0.135492 144.923
-0.029696 -0.0592158 70.8089
-0.025426 -0.0806965 77.4593
-0.0293404 -0.101805 84.3702
-0.0821446 -0.0952348 86.0528
-0.114058 -0.0118998 62.0963
-0.0953319 0.0596833 35.7866
0.00478823 0.0802744 16.6149
-0.210724 -0.0137866 78.7417
-0.022688 0.354777 -63.8306
-0.0073389 0.17966 -10.4923
-0.0143932 0.231141 -26.3238
-0.0468878 0.242593 -22.1543
-0.0402995 0.201294 -10.9604
-0.0263193 0.184563 -9.84812
-0.0421815 0.169213 -0.69273
-0.0157633 0.189278 -16.0751
0.00618852 0.182835 -21.9104
-0.00415607 0.206186 -24.7211
-0.0007685 0.2381 -36.1383
0.0568295 0.299468 -78.5145
0.0710281 0.287671 -80.5989
-0.0139388 0.269606 -35.6615
0.0555414 0.28404 -73.4933
0.0825751 -0.00387481 3.8261
0.0827467 -0.0672073 23.66
0 0 -1
-0.0222532 -0.0248967 66.9595
-0.0062204 -0.00665276 51.8257
-0.0326605 -0.0150382 70.7204
-0.0662955 0.0174722 81.3811
-0.0844923 0.14215 53.6871
-0.00687477 0.230125 -25.9421
0.0370316 0.245589 -60.944
0.0456288 0.254134 -69.6198
0.0134475 0.308292 -63.5693
0.00765757 0.299249 -56.1263
0 -0.0716146 49.2135
0 -0.0716146 49.2135
-0.000833015 -0.0732577 50.4239
0 -0.0716146 49.2135
0.00257259 -0.0714947 46.938
0 -0.0716146 49.2135
0 -0.0716146 49.2135
0 -0.0716146 49.2135
-5.88813e-17 -0.0716146 49.2135
-1.86738e-15 -0.0716146 49.2135
0 -0.0716146 49.2135
0 -0.0716146 49.2135
0 -0.0716146 49.2135
0 -0.0716146 49.2135
-0.0691917 -0.166261 332.567
0.311364 -0.0529382 -122.687
0.113738 0.0337753 69.681
0 -0.0716146 49.2135
0 -0.0716146 49.2135
0.10752 -0.128668 -62.3276
0.59375 -0.290039 -599.668
0 -0.415318 158.629
-0.0494262 -0.0535743 69.1842
-0.0446497 -0.0698311 74.4295
-0.00935395 -0.0666578 71.5021
-0.0697999 -0.0209281 61.2668
-0.140503 -0.0312343 69.9963
-0.0569708 -0.214695 122.417
0.0762627 -0.00341946 33.6185
0.0681493 0.0212526 27.6515
0.0443554 0.10246 4.37369
-0.0108048 0.155896 -2.51067
-0.0100706 0.156776 -3.7789
-0.0264427 0.184507 -8.72276
-0.0482388 0.198064 -8.23981
-0.0413717 0.193715 -8.60356
-0.0317773 0.184385 -8.61683
-0.015819 0.200847 -19.3339
-0.00746095 0.199887 -21.8794
-0.116406 -0.0523724 113.711
-0.116351 -0.0546271 114.411
0.0388044 0.0910247 -3.19613
0.0277048 0.0594722 12.3915
0.000746259 0.0172186 38.9531
-0.0084808 -0.0182191 55.1083
0.00408116 -0.0237408 50.3227
0.0325506 -0.0377397 40.2478
0.0283399 -0.0381026 42.5255
0.00733279 -0.0199487 48.4234
-0.0111506 -0.0105247 56.0055
-0.0188718 -0.0139395 61.7228
-0.0111805 0.0144758 47.2327
0.0164778 0.0870845 4.98531
0.0469304 0.22672 -61.6384
0.0491604 0.246268 -69.7324
0.0668374 0.250908 -83.7747
0.028961 0.301233 -72.4905
0.0218957 0.294578 -65.2781
0.0341139 0.3367 -88.8669
0.0166184 -0.14269 91.1911
0 0.118955 18.8972
-0.0109482 -0.153558 117.761
-0.0536505 0.0195385 93.9986
-0.077312 0.0382508 108.575
-0.0373505 0.277587 -9.14524
0.000923846 0.124684 14.2238
0 0.120677 18.4151
0.0015785 0.126378 13.0063
0.00213287 0.128238 11.8352
0.0012031 0.119043 17.6396
0 0.118955 18.8972
0.0109426 0.118641 7.3056
-0.0425051 0.0640634 228.705
0.239106 0.0374952 -71.9867
0.124014 -0.149335 117.416
8.8227e-07 0.0271291 49.6661
-0.00686431 0.0759653 41.3498
-1.3234e-06 0.0781829 32.5163
-0.00823056 0.0553917 50.2418
0.0376778 0.0616814 -8.45219
-0.0631718 -0.0496727 68.0757
-0.0730045 -0.061319 72.5277
-0.101442 -0.0693604 76.9209
-0.0393973 0.212732 -19.9198
0.562328 -0.276814 77.7281
-0.0426935 -0.194981 113.852
0.138844 0.105162 1.12419
-0.0329506 0.00619575 55.2226
-0.0178049 0.122305 10.4065
-0.000345202 0.172619 -10.4966
-0.0189534 0.131024 7.6706
-0.0220423 0.144403 4.32625
-0.0261567 0.174081 -5.67702
-0.0370199 0.20743 -14.5039
-0.0441837 0.195392 -8.2767
-0.0274597 0.198266 -14.5885
-0.0224309 0.18408 -11.2224
-0.0190579 0.149234 -0.0723577
-0.00939605 0.114621 8.48241
0.0091445 0.0738043 15.3724
0.000900317 0.0326669 33.6603
-0.0222727 0.010598 51.8744
-0.0276346 -0.0102955 61.7091
-0.0161949 -0.0191846 59.0449
0.0182039 -0.0308149 45.1059
0.0368407 -0.03518 36.8951
0.0140021 -0.0157129 43.2019
-0.0150389 -0.013352 59.3734
-0.0248269 -0.0255587 69.333
0.0112089 -0.00893077 41.0823
0.0259148 0.0276609 18.8193
0.050957 0.251057 -72.5931
0.045222 0.231741 -62.008
0.0769871 0.226971 -82.9735
0.0793962 0.241064 -89.7453
0.0560253 0.287592 -88.1489
0.0358326 0.311616 -81.1404
0.0238295 0.268761 -56.4804
-0.0361856 -0.00228898 86.4942
-0.0239971 -0.107605 112.913
-0.050859 0.0343684 86.4192
0.135373 0.0303405 -38.325
-0.0360544 0.277452 -10.3026
-0.023419 0.454249 -83.8139
0.00131598 0.124972 13.7432
0.00289224 0.126095 11.822
0.00351389 0.127899 10.5674
0 0.0677916 29.5949
-0.00941775 0.591229 -142.384
0.225928 0.0131561 -142.997
-0.173662 0.0436829 240.463
-0.184708 0.0627435 245.826
0 0.0676067 29.6594
7.35225e-07 -0.276842 160.002
0 0.0676067 29.6594
0 0.0676067 29.6594
7.35225e-07 0.0676067 29.6585
0 0.0676067 29.6594
0.0033419 0.219371 -25.2736
0.00323487 0.219355 -25.26
0.00224763 0.219327 -25.1984
-0.000399211 0.217476 -24.3283
0.0245951 0.192021 -17.5015
0.0906083 0.102276 8.42729
0.119865 0.120051 -1.50475
-0.0471678 -0.0483878 77.1775
-0.0232617 0.0405963 41.1015
-0.022187 0.0941355 21.4078
-0.0108169 0.0658316 28.7021
0.00589609 0.105483 10.5296
0.00172574 0.155111 -6.48445
-0.0169097 0.197735 -16.9431
-0.0432849 0.215795 -15.5837
-0.0430909 0.205075 -11.7558
-0.0401222 0.178481 -2.94473
-0.036309 0.149269 6.42905
-0.0305227 0.117309 15.9772
-0.0253321 0.0767925 28.8382
-0.0272409 0.0268115 48.1817
-0.0336798 0.0042386 59.412
-0.0323828 -0.00652016 62.6765
-0.0193479 -0.00955461 57.241
0.00190785 -0.013055 47.4883
0.0139814 -0.0466609 53.5189
0.00796948 1.17978 -391.468
-0.0214264 -0.0277216 68.2449
-0.0150417 -0.0222538 62.2586
0.0162622 -0.00799335 37.5957
0.0265635 -0.00175258 28.7883
0.0265635 -0.00175258 28.7883
0.0476114 0.235206 -64.8527
0.0664383 0.222612 -73.8981
0.0734513 0.228806 -81.1393
0.078406 0.239267 -88.2094
0.0395774 0.281417 -73.5124
0.00919848 0.271455 -45.8195
-0.0018715 0.269292 -36.0862
0.0197331 0.283385 -58.7141
0.0197331 0.283385 -58.7141
0.126187 0.0272867 -28.9886
-0.0360544 0.277452 -10.3026
-0.00372222 0.143914 11.4732
0.00151252 0.124696 13.643
0.00430726 0.125739 10.5584
0.00426231 0.127339 10.0134
0.0160451 -0.0325555 56.5491
-0.0153699 -0.0344389 89.7636
-0.0698491 -0.16531 197.118
-0.0732505 0.00756945 141.35
-8.8227e-07 -0.0470567 78.7067
1.26826e-06 -0.020795 68.7249
0.0113546 -0.0404396 63.0824
-0.0327956 -0.0456847 116.537
1.10284e-06 -0.020795 68.725
0.0470841 -0.043549 18.8817
0.0470841 -0.043549 18.8817
