0 1 3
1 2 3
2 3 3
3 4 3
4 5 3
5 7 3
7 9 3
9 10 3
10 11 3
11 12 3
12 13 3
13 14 3
14 15 1
15 16 0
16 17 1
17 18 0
18 19 3
19 23 1
23 24 1
24 25 3
25 84 0
84 90 1
35 90 1
35 36 3
36 512 3
501 512 3
397 501 3
397 624 3
459 624 3
54 459 0
54 55 0
55 56 3
56 57 2
84 88 1
84 85 3
7 66 3
9 66 3
84 87 1
88 90 3
87 88 3
19 139 0
84 86 1
86 87 3
23 140 2
9 67 3
66 67 3
36 95 3
2 60 3
5 65 3
11 69 3
12 70 3
19 77 1
23 139 0
95 512 3
1 59 3
2 59 3
3 60 3
3 61 2
7 65 3
10 69 3
13 70 3
16 74 3
16 134 3
18 77 1
10 67 3
13 72 3
14 72 3
17 134 0
77 139 0
0 58 3
1 58 3
4 61 2
5 63 3
65 66 3
18 76 1
85 86 1
35 91 1
55 113 3
56 114 3
57 115 3
58 59 3
63 65 3
12 69 3
15 73 3
16 73 1
55 403 0
56 113 3
114 115 2
60 61 0
70 72 3
90 91 3
54 403 0
113 403 0
59 60 3
4 63 3
23 83 1
24 83 2
25 83 2
25 141 2
90 147 3
36 91 1
403 459 3
113 114 3
67 69 3
14 73 3
76 77 3
83 141 0
84 141 0
88 147 3
36 208 3
61 63 2
69 70 3
74 134 3
17 76 0
139 140 3
36 151 3
73 74 0
151 208 3
91 208 0
72 73 3
63 120 0
155 512 3
66 124 3
76 134 3
137 139 0
61 120 3
67 124 3
83 140 0
85 201 0
154 512 3
65 124 3
69 128 3
85 142 0
95 154 3
136 139 0
84 142 0
86 201 0
155 501 3
72 130 3
135 139 0
91 149 0
95 151 3
65 123 3
67 125 3
70 128 3
77 135 3
58 117 0
59 117 0
123 124 3
67 128 3
70 130 3
73 130 3
86 145 3
87 145 3
154 155 3
63 122 0
67 126 3
90 148 2
60 117 0
74 132 3
138 139 0
142 201 3
88 145 3
88 146 3
91 148 2
58 116 0
60 118 0
60 119 0
61 119 2
63 121 0
125 126 3
76 135 3
140 197 3
146 147 3
148 149 0
113 171 3
114 172 1
115 172 1
115 173 2
116 117 3
120 121 3
121 122 3
65 122 3
141 142 3
145 146 3
95 153 3
171 172 1
172 173 1
117 118 3
118 119 3
124 125 3
126 128 3
73 132 0
134 249 3
147 148 3
151 153 3
153 154 3
273 501 3
171 403 2
119 120 3
86 144 3
149 208 3
155 273 3
501 506 3
74 249 3
134 135 3
144 145 3
273 506 3
156 506 3
122 123 3
136 137 3
137 138 0
144 201 0
70 129 3
83 197 0
128 129 3
130 132 0
132 249 3
132 189 3
141 197 3
129 130 3
134 192 3
135 136 3
192 249 3
132 190 3
138 196 1
139 196 1
190 249 3
140 196 1
501 624 3
146 204 0
147 204 0
130 188 0
189 190 3
119 178 3
129 188 3
151 211 3
118 178 3
124 183 2
125 183 2
130 189 0
142 200 3
153 211 3
135 192 3
135 193 3
197 199 3
141 199 3
141 200 3
148 204 0
154 211 3
121 180 3
122 180 0
123 181 0
124 181 0
188 189 3
136 193 3
137 195 3
116 174 3
120 178 2
136 194 3
136 195 3
137 196 3
224 459 0
171 229 3
172 229 1
173 231 0
117 174 3
123 180 0
126 183 2
126 184 2
128 186 3
129 186 3
192 193 3
200 201 3
151 210 3
224 624 0
172 231 1
183 184 2
126 186 3
145 203 0
210 211 3
193 194 3
144 203 0
149 265 3
121 178 2
181 183 1
184 186 1
194 195 3
199 200 3
146 203 0
154 212 3
118 176 3
195 196 3
208 210 3
211 212 3
155 212 3
329 506 3
329 501 3
176 178 3
180 181 3
196 197 3
229 403 3
117 176 3
203 204 3
148 265 0
174 176 3
129 245 0
204 263 3
208 265 3
180 237 3
188 245 0
210 266 3
121 237 2
208 266 3
178 236 3
181 240 3
201 203 3
204 264 3
148 264 0
155 272 3
229 231 3
178 235 3
272 273 3
176 235 3
235 236 3
178 237 3
186 245 0
264 265 3
211 269 3
212 269 3
197 198 3
198 199 3
229 230 3
230 231 3
176 234 3
201 260 3
234 235 3
184 244 2
186 244 0
210 269 3
244 245 3
265 266 3
174 233 3
176 233 3
237 238 3
180 238 3
188 246 3
190 248 3
248 249 3
200 313 3
203 260 3
212 272 3
329 624 3
189 246 3
196 253 3
199 313 3
210 268 3
174 232 3
242 244 3
245 246 1
193 251 3
195 253 3
196 254 3
266 268 3
232 233 3
183 240 2
189 247 3
192 251 3
198 254 3
200 258 3
231 289 3
247 248 3
198 313 3
258 313 3
268 269 3
230 289 3
183 242 1
184 242 1
246 247 3
194 251 3
194 252 3
201 258 3
263 264 3
272 329 3
400 459 3
236 237 3
251 252 3
258 260 3
260 262 3
233 234 3
181 238 3
192 308 3
194 253 3
203 262 3
249 308 3
212 329 3
286 459 0
286 403 0
240 242 3
252 253 3
286 400 0
273 329 3
240 297 3
251 308 3
269 327 3
212 328 3
459 577 3
181 297 3
204 262 3
577 624 3
253 254 3
266 325 3
271 329 3
268 325 3
212 327 3
328 329 3
271 272 3
229 345 3
260 317 3
327 328 3
345 403 3
230 345 3
237 295 3
313 314 3
258 314 3
393 624 3
236 294 3
237 294 3
238 295 3
198 314 3
264 322 3
329 393 3
393 577 3
400 403 3
234 293 3
235 293 3
238 297 3
242 301 3
245 302 3
253 312 3
254 312 3
314 315 3
262 320 3
329 331 3
238 296 3
244 301 3
244 302 3
251 309 3
204 322 3
296 297 3
246 304 3
247 304 3
265 323 3
266 323 3
233 292 3
254 314 3
260 318 3
264 323 3
268 326 3
269 326 3
272 331 3
295 296 3
252 309 3
262 318 3
325 326 3
232 290 3
234 292 3
247 305 3
248 305 3
248 306 3
308 309 3
314 316 3
258 316 3
262 322 3
289 347 3
240 356 3
304 305 3
305 306 3
315 316 3
326 327 3
230 347 3
236 293 3
242 356 1
258 317 3
317 318 3
293 294 3
297 356 3
245 304 1
249 306 3
242 300 3
300 301 3
316 317 3
292 349 3
252 312 3
320 322 3
323 325 3
292 293 3
294 295 3
329 386 3
233 290 3
300 356 3
309 368 3
252 368 3
345 347 3
301 302 3
318 377 3
322 323 3
328 386 3
290 292 3
262 377 3
290 349 3
312 370 3
312 314 3
322 380 3
325 383 3
245 361 3
249 365 3
320 380 3
326 383 3
345 404 3
304 361 3
306 365 3
347 404 3
302 361 3
314 370 3
315 373 3
308 365 3
320 377 3
293 350 3
297 355 3
306 364 3
314 373 3
325 382 3
292 350 3
355 356 3
320 379 3
323 382 3
314 372 3
400 458 3
370 372 3
377 379 3
379 380 3
403 458 3
296 355 3
361 418 3
322 381 3
327 385 3
302 360 3
364 365 3
312 368 3
369 370 3
326 385 3
402 459 0
290 348 3
294 352 3
294 353 3
295 353 3
296 354 3
300 358 3
360 418 3
304 362 3
304 363 3
305 363 3
312 369 3
316 373 3
317 375 3
458 459 3
348 349 3
350 351 3
293 351 3
293 352 3
353 354 3
354 355 3
301 358 3
301 360 3
306 363 3
372 373 3
316 375 3
323 381 3
328 385 3
329 445 3
347 405 3
301 417 3
362 363 3
363 364 3
381 382 3
326 384 3
385 386 3
329 617 2
445 566 3
404 405 3
361 362 3
368 369 3
318 375 3
380 381 3
382 383 3
384 385 3
403 404 3
351 352 3
352 353 3
356 358 3
360 417 3
383 384 3
358 417 3
373 375 3
356 415 3
458 577 3
404 462 3
349 350 3
358 415 3
403 462 3
318 376 3
309 365 3
365 423 1
375 376 3
355 414 3
356 414 3
368 426 3
369 426 3
376 377 3
393 445 3
368 483 3
377 437 3
309 483 3
365 425 1
309 425 1
350 408 3
365 424 3
376 437 3
382 441 3
383 441 3
349 408 3
351 409 3
364 422 3
352 409 3
358 416 3
365 422 3
370 428 3
372 428 3
375 433 3
388 445 3
458 461 1
354 413 3
355 413 3
415 416 3
426 483 3
372 429 3
376 433 3
388 393 3
403 461 1
361 419 3
425 483 0
428 429 3
373 432 3
375 432 3
386 444 3
349 407 3
351 408 3
413 414 3
362 419 3
363 421 3
364 421 3
433 490 2
384 442 3
385 444 3
386 617 3
348 406 3
348 407 3
352 410 3
353 411 3
354 412 3
362 420 3
369 427 3
370 427 3
372 430 3
383 442 3
385 442 3
385 443 3
404 463 3
405 463 3
408 409 3
352 411 3
411 412 3
412 413 3
417 418 3
419 420 3
420 421 3
422 423 1
427 428 3
429 430 3
375 490 2
381 497 3
442 443 3
406 407 3
407 408 3
410 411 3
418 419 3
421 422 3
432 490 2
380 497 3
461 462 0
462 463 3
409 410 3
422 480 3
426 427 3
379 437 3
381 441 3
423 480 0
424 425 1
443 444 3
414 415 3
416 417 3
381 498 3
441 442 3
388 577 3
458 460 1
373 430 3
497 498 3
444 617 3
460 461 3
441 498 3
460 577 0
412 469 3
423 424 0
441 558 3
408 467 3
411 469 3
442 558 3
409 467 3
418 476 3
498 557 3
379 497 3
557 558 3
444 559 3
443 559 3
430 432 3
433 437 3
417 475 3
408 466 3
410 467 3
412 470 3
413 471 3
416 475 3
419 477 3
379 495 2
559 617 3
393 455 1
407 465 3
407 466 3
465 466 3
469 470 3
418 477 3
420 477 3
421 480 3
437 495 2
410 468 3
411 468 3
413 472 3
414 472 3
415 472 3
415 473 2
416 473 3
417 476 3
424 482 3
437 551 2
379 496 2
443 558 3
406 464 3
416 474 3
420 478 3
421 478 3
423 482 0
426 484 3
495 551 3
466 467 3
474 475 3
475 476 2
476 477 2
423 539 3
425 482 0
427 484 3
496 497 3
517 577 3
460 517 0
463 521 3
471 472 3
472 473 3
473 474 3
477 478 3
421 479 3
480 539 1
482 539 1
483 484 3
427 486 3
428 486 3
433 551 2
495 496 3
462 521 3
467 468 3
413 470 3
478 479 3
479 480 3
461 517 0
462 520 3
468 469 3
430 488 1
430 489 1
432 489 1
495 552 3
462 517 3
520 521 3
470 471 3
484 485 2
427 485 1
428 487 1
429 487 1
430 487 1
551 552 3
485 486 0
486 487 1
489 490 2
490 549 3
433 549 1
433 492 1
487 488 3
492 549 3
488 546 3
517 520 3
487 546 3
488 489 0
492 551 0
558 559 3
406 465 3
485 543 0
509 577 3
464 465 3
388 509 3
476 534 2
484 543 0
498 556 2
466 524 3
467 524 3
475 534 1
477 535 3
484 542 0
476 535 2
556 557 3
473 530 0
473 532 3
474 532 1
477 536 3
478 536 3
479 536 3
490 548 3
517 635 3
475 532 1
480 536 3
488 547 0
548 549 3
577 635 3
465 523 3
465 524 3
472 529 1
535 536 3
523 524 3
468 526 1
471 529 1
472 530 3
532 534 3
425 542 0
483 542 0
485 544 0
486 544 3
517 578 3
469 526 1
470 529 1
480 538 3
546 547 0
492 550 3
497 555 2
497 556 2
578 635 3
520 578 3
464 522 0
464 523 3
469 527 1
470 528 1
530 532 1
536 538 2
538 539 1
539 540 0
482 540 3
549 550 3
496 555 3
521 579 1
522 523 1
467 583 3
467 526 1
526 527 3
470 527 1
528 529 3
529 530 0
425 540 0
543 544 3
489 547 2
521 578 3
524 583 3
527 528 3
534 535 3
555 556 3
542 543 3
495 554 3
496 554 3
577 750 1
578 579 1
526 583 0
546 605 0
509 750 1
635 750 1
487 544 0
489 548 2
487 603 0
547 548 3
552 553 3
495 553 3
546 603 0
547 605 3
530 589 0
532 589 0
532 591 0
534 591 0
536 537 0
544 603 3
550 551 2
553 554 3
554 555 3
534 592 0
540 599 2
537 595 3
537 538 3
538 597 0
539 597 0
425 599 0
526 584 0
535 592 0
551 609 3
535 594 0
536 594 0
550 609 3
542 599 3
552 611 3
556 613 3
553 611 3
555 613 3
556 614 3
583 584 3
532 590 0
590 591 3
540 598 2
543 601 3
544 601 3
613 614 3
537 594 0
542 600 3
553 612 3
554 612 3
554 613 3
505 617 3
528 587 0
529 587 0
530 587 0
589 590 3
539 598 0
552 609 3
557 615 3
558 615 3
594 595 3
537 596 2
599 600 3
542 601 3
557 614 2
558 617 3
617 620 3
329 505 3
523 581 3
524 582 3
592 594 3
538 596 2
614 615 3
558 616 3
505 620 3
522 581 1
523 582 3
582 583 3
527 585 0
528 585 0
596 597 3
600 601 3
544 602 3
603 604 3
546 604 2
548 606 3
445 505 3
578 637 1
579 637 3
584 585 2
528 586 0
602 603 3
549 606 3
609 610 3
552 610 3
612 613 3
615 616 3
616 617 3
452 578 3
586 587 2
530 588 0
588 589 3
592 593 3
593 594 3
598 599 3
601 602 3
604 605 3
509 632 1
452 635 3
452 753 1
452 637 1
591 592 3
581 582 3
585 586 2
549 608 3
550 608 3
611 612 3
445 622 1
587 588 3
547 606 3
549 665 3
608 609 3
610 611 3
522 638 0
606 665 3
608 665 3
581 638 0
605 606 3
388 628 1
595 596 1
388 626 1
509 628 1
509 629 1
505 622 1
635 692 3
597 598 3
692 750 1
610 668 3
611 668 3
586 643 0
560 615 2
582 640 2
585 643 0
591 649 3
592 649 3
635 693 3
452 693 3
595 653 1
560 616 3
388 685 1
628 685 3
692 693 3
590 648 2
594 653 3
606 664 3
560 790 1
583 640 2
583 641 2
589 646 2
596 653 3
601 659 3
602 659 3
609 666 3
613 671 3
614 671 3
615 790 1
584 641 2
588 646 2
591 648 3
599 657 3
600 657 3
608 666 3
609 667 3
611 669 3
612 670 3
581 640 0
584 642 3
585 642 2
593 652 3
594 652 3
664 665 3
666 667 3
610 667 3
560 617 3
628 686 3
589 647 2
590 647 2
647 648 3
593 651 3
652 653 3
597 655 3
597 656 3
598 656 3
598 657 3
600 659 3
603 661 3
605 720 3
606 720 3
668 669 3
611 670 3
612 671 3
560 620 3
509 686 1
638 639 3
581 639 0
639 640 3
642 643 3
587 645 2
588 645 2
646 647 3
596 655 3
669 670 3
614 790 1
509 689 1
586 645 1
592 650 3
593 650 3
651 652 3
596 654 3
664 720 3
670 671 3
641 642 2
653 654 3
604 661 3
604 720 3
720 721 3
667 668 3
640 641 3
649 650 3
671 730 3
614 730 3
650 651 3
654 655 3
656 657 3
657 659 3
730 790 1
655 656 3
603 659 3
665 666 3
641 699 3
642 699 1
685 686 3
586 702 1
659 718 3
603 718 3
643 702 1
645 646 3
659 717 3
640 699 3
648 649 3
659 716 3
661 718 3
661 720 3
445 564 3
564 681 1
509 687 1
638 696 3
642 700 1
643 700 1
643 701 1
509 807 1
750 807 1
505 564 3
657 716 3
717 718 3
664 721 3
645 702 2
693 750 1
700 701 3
648 706 3
649 706 3
657 715 3
664 723 3
665 723 3
671 729 1
452 750 1
645 703 3
645 704 2
651 709 2
716 717 3
667 726 3
670 729 3
445 685 1
702 703 1
703 704 0
646 704 2
649 708 1
650 708 2
652 709 2
653 712 3
664 722 3
638 640 2
640 697 3
701 702 3
649 707 3
651 708 2
652 769 2
653 769 3
721 722 3
666 723 3
666 724 2
667 669 3
638 697 3
699 700 3
706 707 3
707 708 3
654 712 3
715 716 3
722 723 3
667 724 2
669 728 3
670 728 3
646 705 3
647 705 3
648 705 3
655 712 3
656 715 3
661 777 3
667 725 2
669 726 3
729 730 0
705 706 3
708 709 3
652 710 0
723 724 1
724 725 3
696 697 3
704 705 3
655 715 3
725 726 0
710 769 2
726 728 3
640 756 2
709 710 0
712 769 3
655 771 3
790 848 3
560 848 1
699 756 3
728 729 3
697 756 3
712 771 3
718 777 3
452 751 1
720 777 3
715 772 2
655 772 2
771 772 0
728 785 3
730 787 1
726 785 3
729 787 3
452 810 1
753 810 1
721 779 0
722 779 0
706 764 3
705 764 3
716 775 3
717 775 3
718 775 3
720 778 3
730 788 1
788 790 3
705 763 3
715 773 3
721 778 0
726 784 3
787 788 3
452 807 1
772 773 1
778 779 3
722 780 0
723 780 0
725 784 0
789 790 3
696 754 3
697 754 3
723 781 3
788 789 3
701 759 2
702 760 1
703 762 2
704 762 1
705 762 1
763 764 3
706 765 2
707 765 3
708 765 3
709 768 1
710 768 1
715 775 3
779 780 3
780 781 1
724 781 0
759 760 1
762 763 3
764 765 0
708 768 2
724 782 0
725 782 0
784 785 3
789 848 3
564 620 3
452 509 3
697 755 3
756 757 3
699 757 2
700 758 1
769 771 3
773 775 3
777 778 3
728 787 3
564 685 1
564 686 1
452 1036 1
754 755 3
701 758 1
760 762 0
718 834 3
781 782 3
564 678 3
700 757 1
758 759 1
775 834 3
620 678 3
769 828 3
777 834 3
708 825 1
768 825 1
771 828 3
725 841 0
560 678 3
755 756 3
757 758 0
782 841 3
784 841 3
768 769 3
775 832 1
728 844 3
773 832 1
787 844 3
762 819 3
765 824 1
708 824 1
509 564 3
760 819 0
824 825 3
757 815 1
758 815 1
785 844 3
784 842 3
815 816 3
758 816 1
777 835 3
778 835 3
779 837 1
841 842 3
785 842 3
452 564 3
756 814 2
760 818 0
778 837 1
755 814 2
757 814 3
759 816 2
818 819 3
765 823 1
780 837 1
764 822 3
769 827 3
827 828 2
775 833 3
759 817 0
762 821 3
763 822 3
773 831 0
833 834 3
780 838 1
781 838 1
787 845 3
755 813 3
759 818 0
763 821 3
764 823 2
823 824 3
768 826 2
769 826 2
771 830 0
772 830 3
772 831 3
788 845 3
754 812 3
813 814 3
762 820 3
831 832 1
778 836 3
781 839 1
782 840 3
840 841 3
842 843 3
785 843 3
789 847 3
812 813 3
817 818 3
771 829 0
830 831 3
834 835 3
836 837 1
837 838 3
838 839 3
839 840 0
844 845 3
788 847 3
847 848 3
814 815 1
821 822 3
826 827 2
828 829 0
832 833 0
835 836 3
843 844 3
560 965 1
816 817 0
822 823 3
848 965 3
825 826 3
829 830 3
820 821 3
788 904 3
817 876 3
818 876 3
847 904 3
819 820 3
816 874 3
845 904 3
815 874 3
560 1023 1
678 1023 1
814 872 2
965 1023 3
833 892 3
834 892 3
840 899 3
841 899 3
842 899 3
827 886 3
828 886 3
835 892 3
822 880 3
825 883 3
829 886 1
842 900 3
843 900 3
847 906 3
848 906 3
821 880 3
824 883 3
815 872 2
823 880 3
835 893 3
899 900 3
843 901 3
844 901 3
906 965 3
825 884 3
826 884 3
830 888 3
844 902 3
812 870 1
813 871 1
815 873 2
823 881 3
824 882 3
883 884 0
827 885 3
829 888 3
830 889 1
831 889 1
832 890 3
833 891 3
836 894 1
837 895 3
838 896 3
839 897 3
840 898 1
898 899 0
845 902 3
845 903 3
870 871 3
871 872 3
872 873 3
817 874 3
817 875 2
821 879 3
880 881 3
824 881 3
882 883 3
884 885 1
889 890 3
890 891 3
891 892 3
892 893 3
893 894 1
894 895 3
895 896 3
896 897 3
897 898 3
900 901 3
901 902 3
875 876 3
819 876 3
819 877 1
820 879 3
885 886 3
902 903 3
903 904 3
873 874 3
874 875 3
876 877 1
820 877 1
879 880 3
881 882 3
847 905 3
888 889 1
904 905 3
905 906 3
820 936 1
879 936 3
886 888 0
877 936 3
886 945 3
888 945 1
882 940 1
876 934 1
879 938 2
880 938 3
874 932 1
877 934 3
888 946 1
903 961 3
875 933 3
872 930 3
876 933 3
879 937 2
881 938 3
881 940 2
883 941 2
889 946 3
892 950 3
904 962 3
904 963 3
905 963 3
906 964 3
882 941 2
945 946 3
891 950 3
893 950 3
903 962 3
905 964 3
870 928 3
871 929 3
875 932 3
937 938 3
881 939 3
884 942 1
885 943 3
889 947 3
890 948 3
891 949 3
893 951 3
894 952 3
895 953 3
896 954 3
897 955 3
898 956 3
899 957 3
900 958 3
901 959 3
902 960 3
928 929 3
929 930 3
939 940 1
940 941 0
941 942 3
942 943 1
886 943 3
946 947 3
947 948 3
948 949 3
949 950 3
950 951 3
951 952 3
952 953 3
953 954 3
954 955 3
955 956 3
956 957 3
957 958 3
958 959 3
959 960 3
960 961 3
961 962 3
963 964 3
964 965 3
872 989 3
873 989 1
873 932 1
934 936 2
936 937 3
938 939 3
930 989 3
933 934 1
962 963 3
932 933 3
932 989 2
934 993 3
936 993 3
943 945 3
945 1003 3
946 1003 3
936 994 3
937 994 3
933 991 3
937 995 3
945 1002 3
962 1021 3
932 991 0
934 991 3
934 992 3
943 1002 3
963 1021 3
964 1022 3
994 995 3
963 1022 3
932 990 0
992 993 3
965 1022 3
928 986 0
929 987 0
930 988 0
990 991 3
991 992 3
938 995 3
938 996 3
939 997 3
940 998 0
941 999 2
942 1000 2
943 1001 3
1002 1003 3
946 1004 3
947 1005 3
948 1006 3
949 1007 3
950 1008 3
951 1009 3
952 1010 3
953 1011 3
954 1012 3
955 1013 3
956 1014 3
957 1015 3
958 1016 3
959 1017 3
960 1018 3
961 1019 3
962 1020 3
452 1035 1
986 987 3
987 988 3
988 989 1
989 990 0
995 996 3
996 997 3
997 998 3
998 999 3
999 1000 3
1000 1001 3
1001 1002 3
1003 1004 3
1004 1005 3
1005 1006 3
1006 1007 3
1007 1008 3
1008 1009 3
1009 1010 3
1010 1011 3
1011 1012 3
1012 1013 3
1013 1014 3
1014 1015 3
1015 1016 3
1016 1017 3
1017 1018 3
1018 1019 3
1019 1020 3
1020 1021 3
993 994 3
1022 1023 3
1021 1022 3
