0 1 3
1 2 3
2 3 3
3 4 3
4 5 3
5 6 3
6 7 3
7 9 3
9 10 3
10 11 3
11 12 3
12 13 3
13 14 3
14 15 3
15 16 3
16 17 3
17 18 3
18 19 3
19 20 3
20 80 3
22 80 3
22 82 1
25 82 1
25 28 0
28 30 1
30 31 1
31 32 0
32 33 3
33 34 3
34 94 0
94 95 3
95 448 3
43 448 0
43 451 0
451 455 3
47 455 0
47 456 0
456 458 3
458 460 3
455 456 3
80 82 1
3 62 3
4 62 3
43 332 0
28 87 1
332 451 3
7 66 3
9 66 3
25 84 3
30 87 1
112 458 0
18 77 3
28 84 1
79 80 0
30 88 3
31 88 0
95 96 3
112 460 0
1 60 3
2 60 3
15 73 3
20 79 2
31 89 0
96 448 3
5 64 3
6 64 3
14 72 3
18 75 3
32 89 3
3 60 3
5 63 3
15 72 3
16 75 3
17 75 3
75 77 3
87 88 0
33 92 3
99 448 0
105 456 0
0 58 0
4 63 3
10 71 3
11 71 3
15 74 3
16 74 3
19 77 3
25 83 3
32 90 3
33 90 3
34 92 3
1 58 0
12 71 3
72 73 3
332 448 3
105 455 0
7 64 3
9 68 3
13 71 3
13 72 3
73 74 3
82 83 0
83 84 3
88 89 1
89 90 3
34 150 0
60 62 3
63 64 3
66 68 3
10 68 3
92 150 0
62 63 3
20 77 3
74 75 3
94 150 3
115 460 0
58 60 1
7 123 3
90 92 3
448 623 3
66 123 3
82 139 3
64 123 3
123 124 3
66 124 3
80 139 2
332 623 3
58 117 3
60 117 0
68 71 1
84 87 1
77 134 3
77 135 3
90 149 0
92 149 0
80 138 2
60 119 0
62 119 3
72 130 3
73 130 3
138 139 2
71 127 0
68 127 3
71 72 3
77 79 2
79 138 3
62 120 3
79 136 2
94 152 1
63 120 3
75 134 3
79 137 1
83 374 0
95 152 1
71 129 2
77 136 3
87 374 0
60 118 2
66 184 3
138 193 3
83 139 1
84 374 0
118 119 0
68 184 3
127 129 3
75 133 3
133 134 3
137 138 0
150 267 3
94 267 3
58 116 3
117 118 1
119 120 3
63 121 3
124 184 3
73 131 3
74 131 3
136 137 1
152 267 0
96 154 3
116 117 3
120 121 3
64 121 3
87 203 2
95 154 3
154 448 3
88 203 1
135 136 3
130 131 3
146 203 1
88 146 3
72 129 2
74 133 3
134 135 3
89 146 0
90 206 0
74 190 3
149 206 3
133 190 3
456 576 3
89 206 0
149 150 3
455 576 3
127 184 3
149 207 3
150 207 3
161 451 0
131 190 3
127 187 3
206 207 3
121 123 3
129 130 3
139 198 3
152 211 0
95 211 3
154 211 3
450 455 3
456 457 3
457 458 3
123 181 3
124 181 3
129 187 2
131 189 3
203 374 0
450 451 3
121 180 3
189 190 3
124 240 3
139 193 2
146 206 3
154 212 3
212 448 3
332 450 3
123 180 3
193 198 3
120 178 3
121 178 3
152 210 0
117 175 3
118 175 2
180 181 3
181 240 3
124 183 3
127 185 3
186 187 3
83 198 3
183 184 3
185 187 3
134 192 3
193 196 3
83 256 3
256 374 3
200 374 0
210 267 3
116 174 3
119 178 3
184 185 3
133 192 3
315 374 3
200 315 0
210 211 3
117 174 3
185 186 3
136 193 3
256 315 3
183 240 3
129 131 3
198 256 3
211 212 3
174 175 3
239 240 3
131 187 3
135 193 3
315 372 3
150 208 3
208 267 3
561 623 3
231 460 3
193 252 3
208 266 3
448 561 3
119 235 3
178 235 3
137 193 0
207 208 3
457 576 3
178 180 3
193 253 3
196 198 3
206 208 3
175 234 3
119 175 2
181 239 2
252 253 3
450 623 3
457 460 3
135 192 2
256 372 3
331 448 3
184 242 3
331 561 3
175 235 3
183 242 3
185 242 3
196 253 3
270 448 3
221 455 0
178 237 3
131 246 3
189 246 3
203 262 0
212 270 3
234 235 3
146 262 3
180 238 3
187 246 3
320 374 3
181 238 3
187 245 3
315 320 3
203 320 0
245 246 3
189 248 3
190 248 3
133 249 3
211 270 3
183 241 3
192 249 2
206 262 3
178 236 3
185 243 3
186 244 3
192 193 2
198 255 3
210 268 3
236 237 3
240 241 3
211 268 3
330 448 3
178 238 3
185 244 3
190 249 3
267 268 3
270 330 3
330 331 3
286 460 0
288 460 0
231 288 1
235 236 3
241 242 3
242 243 3
243 244 3
248 249 3
206 322 3
208 322 3
450 576 3
174 232 3
237 238 3
187 244 3
192 252 2
252 309 3
255 256 3
372 431 3
175 232 3
189 247 3
238 239 3
246 247 3
247 248 3
192 309 3
244 245 3
196 255 3
262 321 3
206 321 3
321 322 3
262 320 3
232 234 3
192 308 2
196 312 3
244 302 3
255 312 3
238 296 3
245 302 3
192 307 2
308 309 3
252 311 3
253 312 3
315 375 3
270 327 3
327 330 3
234 291 3
234 292 3
236 294 3
249 307 3
320 375 3
291 292 3
237 296 3
253 311 3
266 322 3
268 326 3
235 293 3
236 293 3
243 301 3
307 308 3
211 327 3
232 291 3
293 294 3
239 296 3
242 301 3
239 297 3
239 298 3
240 298 3
372 375 3
267 326 3
454 576 3
454 457 3
296 297 3
231 347 1
297 298 3
245 304 3
246 304 3
208 326 3
288 347 0
347 695 0
237 295 3
247 306 3
248 306 3
311 312 3
320 434 3
266 324 3
266 326 3
211 326 3
295 296 3
241 300 3
247 304 3
375 434 3
288 346 3
236 295 3
247 305 3
249 306 3
255 371 3
346 460 0
346 347 0
234 293 3
241 298 3
242 300 3
300 301 3
304 305 3
305 306 3
459 460 3
298 300 3
243 302 3
457 459 3
306 307 3
312 371 3
294 295 3
301 302 3
313 431 3
313 372 3
322 324 3
327 387 3
320 321 3
330 387 3
302 304 3
324 382 3
266 383 3
331 446 3
300 357 3
255 372 3
324 383 3
326 383 3
330 446 3
446 560 3
561 619 3
291 348 3
298 357 3
302 361 3
304 361 3
311 370 3
312 370 3
327 386 3
331 619 3
619 623 3
292 293 3
373 375 3
326 385 3
446 619 3
294 352 3
375 431 3
320 378 3
298 356 3
304 362 3
309 368 3
378 434 3
382 383 3
326 384 3
297 356 3
361 362 3
383 384 3
386 387 3
295 352 3
297 355 3
311 369 3
321 378 3
384 385 3
211 385 3
327 385 3
387 446 3
293 351 3
300 358 3
307 365 3
252 368 3
322 381 3
294 351 3
296 354 3
297 354 3
355 356 3
356 357 3
301 358 3
306 364 3
311 368 3
369 370 3
370 371 3
255 313 3
324 381 3
305 364 3
308 365 3
313 371 3
373 431 3
322 438 3
404 460 0
292 351 3
354 355 3
321 438 3
450 454 3
346 404 3
291 349 3
292 349 3
295 353 3
302 360 3
305 363 3
306 365 3
368 369 3
438 495 3
385 386 3
296 353 3
301 359 3
302 359 3
363 364 3
364 365 3
381 438 3
404 695 0
292 350 3
351 352 3
360 361 3
304 363 3
365 423 3
352 353 3
353 354 3
358 359 3
357 358 3
362 363 3
378 438 3
348 349 3
350 351 3
381 382 3
349 350 3
359 360 3
309 367 3
309 425 3
368 425 3
560 619 3
367 425 3
405 695 0
309 366 1
365 366 1
308 366 1
366 367 0
375 378 3
363 422 3
364 422 3
371 429 3
378 435 3
370 429 3
313 430 3
375 435 3
371 430 3
435 438 3
454 623 3
352 410 3
360 419 3
361 419 3
430 431 3
351 409 3
353 410 3
385 443 3
386 443 3
358 416 3
359 416 3
359 418 3
360 418 3
364 423 3
369 427 3
386 444 3
352 409 3
353 411 3
362 420 3
370 427 3
382 496 3
454 459 3
404 461 0
404 405 0
409 410 3
354 411 3
357 416 3
418 419 3
363 420 3
370 428 3
431 432 3
381 495 3
381 496 3
460 461 3
405 463 3
348 406 3
350 408 3
354 412 3
366 425 0
428 429 3
443 444 3
404 463 0
349 406 3
411 412 3
355 412 3
355 413 3
357 415 3
359 417 3
417 418 3
362 419 3
368 426 3
459 461 3
349 407 3
350 409 3
416 417 3
363 421 3
422 423 1
425 426 3
426 427 3
427 428 3
384 443 3
387 444 3
350 407 3
410 411 3
412 413 3
415 416 3
421 422 3
375 432 3
384 442 3
463 695 0
356 413 3
357 414 3
420 421 3
365 482 3
366 483 0
429 430 3
495 496 3
383 442 3
406 407 3
407 408 3
414 415 3
425 483 3
387 501 3
408 409 3
356 414 3
423 482 3
366 482 0
382 498 3
446 501 3
419 420 3
383 498 3
442 556 3
442 443 3
444 501 3
496 498 3
383 556 3
498 556 3
413 414 3
435 495 3
408 466 3
423 481 3
493 495 3
409 466 3
404 521 0
463 521 3
418 476 3
419 476 3
461 521 1
482 540 2
407 466 3
410 468 3
411 468 3
414 472 3
415 472 3
416 474 3
421 479 3
412 470 3
417 474 3
474 476 3
422 479 3
443 501 3
459 695 3
406 465 3
407 465 3
466 467 3
409 467 3
411 469 3
413 472 3
415 474 3
422 480 3
375 495 3
442 501 3
461 695 3
406 464 3
410 467 3
412 469 3
413 471 3
417 476 3
420 478 3
420 479 3
423 480 0
375 493 3
454 512 1
521 695 0
464 465 3
467 468 3
471 472 3
419 477 3
419 478 3
480 481 1
465 466 3
412 471 3
476 477 3
477 478 3
478 479 3
495 552 2
501 556 3
501 560 3
469 470 3
470 471 3
430 489 1
431 489 1
432 489 1
493 552 3
449 623 3
468 469 3
479 480 3
507 619 3
427 485 1
428 485 1
429 487 1
430 487 1
430 546 1
489 546 1
506 507 3
454 513 1
459 568 3
472 474 3
426 483 3
429 485 1
375 492 1
375 550 1
454 568 3
568 695 3
481 482 3
426 484 1
427 484 1
432 548 1
432 492 1
492 550 3
484 485 3
487 546 3
496 554 2
498 554 2
449 454 3
520 695 0
485 487 1
375 551 2
564 619 3
483 484 1
489 548 3
550 551 0
512 513 2
472 531 1
474 533 3
485 544 1
487 544 3
507 564 3
465 523 2
466 523 1
474 531 1
474 532 1
474 534 3
481 540 2
432 549 1
533 534 3
476 534 3
478 536 2
479 536 2
532 533 3
482 483 3
487 545 3
531 532 3
544 545 3
480 538 3
481 538 3
467 523 1
472 530 1
477 535 2
477 536 2
548 549 3
464 522 0
465 522 0
530 531 3
476 535 3
535 536 3
481 539 2
539 540 3
495 553 2
522 523 1
523 525 1
467 525 1
467 526 1
468 527 1
469 527 1
470 528 1
482 541 2
483 541 2
485 543 3
545 546 3
492 549 3
493 551 3
552 553 3
449 568 3
468 526 1
526 527 3
527 528 3
471 529 1
472 529 1
484 541 0
484 542 3
543 544 1
496 553 2
568 569 1
523 524 1
525 526 3
470 529 1
534 535 3
540 541 3
485 542 3
549 550 3
501 559 3
524 525 3
528 529 3
529 530 3
479 538 3
542 543 3
551 552 3
536 538 3
538 539 3
489 605 3
553 554 3
564 623 3
568 571 1
541 542 1
546 605 0
554 555 3
556 616 3
556 559 3
454 631 3
548 605 3
568 570 1
568 631 3
498 555 3
572 631 0
536 595 3
538 595 3
569 570 2
546 604 0
604 605 3
555 556 3
559 616 3
535 592 3
552 611 3
553 611 3
555 613 3
554 613 2
556 614 3
614 616 3
555 614 3
533 535 3
545 603 0
559 560 3
523 580 0
523 582 2
524 582 3
544 603 0
554 611 3
554 612 3
522 580 3
612 613 2
560 618 3
637 695 3
532 592 1
533 592 1
542 600 3
543 600 3
551 609 3
559 618 3
502 560 3
623 625 3
449 626 3
449 627 1
568 627 1
568 686 1
530 589 3
531 589 3
531 592 1
539 597 3
541 600 2
546 603 0
549 605 2
550 609 2
551 610 3
552 610 3
449 625 3
524 526 3
530 588 3
538 596 3
540 597 3
540 598 3
610 611 3
559 617 3
580 582 1
527 586 3
528 586 3
529 586 3
588 589 3
539 596 3
613 614 3
580 581 1
581 582 3
526 582 3
529 588 3
589 592 1
595 596 3
541 598 3
543 601 3
544 601 0
603 604 3
609 610 3
616 617 3
617 618 3
572 630 3
535 593 3
536 594 3
544 602 0
602 603 3
549 606 3
550 608 3
630 631 0
527 584 2
535 594 3
596 597 3
600 601 3
605 606 3
549 607 3
549 608 3
608 609 3
611 612 3
626 627 1
570 686 2
526 584 3
590 592 1
591 592 1
597 598 3
606 607 3
607 608 3
620 625 1
593 594 3
592 650 2
594 595 3
598 600 3
590 591 3
601 602 3
592 593 2
616 675 3
560 564 3
625 626 3
570 687 1
568 687 1
586 588 3
589 590 3
614 675 3
502 564 3
591 650 3
598 657 3
600 657 3
584 586 3
586 645 3
588 645 3
611 668 3
560 675 3
686 687 3
586 643 2
610 668 3
618 675 3
568 633 1
526 641 3
526 642 3
584 642 3
584 643 3
586 644 3
502 675 3
502 623 1
568 693 3
693 695 3
581 639 3
641 642 3
643 644 1
598 656 3
611 669 3
617 675 3
582 641 3
588 646 3
589 646 3
589 647 3
605 663 3
606 663 3
614 730 1
623 681 3
582 639 2
590 647 3
595 653 3
656 657 3
601 659 3
602 659 3
602 660 3
607 665 3
608 665 3
668 669 3
502 680 1
623 680 3
625 681 3
590 649 3
680 681 3
646 647 3
591 649 3
593 650 3
596 654 3
597 654 3
597 656 3
601 658 3
604 663 3
608 666 3
609 667 3
613 730 1
614 1027 3
675 1027 3
620 626 3
626 683 3
580 638 2
593 651 3
596 653 3
665 666 3
609 666 3
673 1027 0
620 683 3
627 686 0
581 638 3
594 651 3
594 652 3
653 654 3
600 658 3
659 660 3
603 662 3
604 662 3
610 667 3
612 669 1
627 683 0
639 640 0
582 640 0
644 645 3
650 651 3
594 653 3
662 663 3
568 688 1
638 639 3
649 650 3
651 652 3
652 653 3
657 658 3
658 659 3
606 664 3
666 667 3
620 681 1
627 685 1
687 688 0
694 695 3
642 643 3
645 646 3
663 664 3
607 664 3
685 686 0
603 660 3
664 665 3
667 668 3
612 670 1
693 694 3
640 641 3
613 670 1
597 713 3
669 670 3
683 685 1
654 713 3
730 1027 0
502 1027 3
590 706 2
603 719 3
656 713 3
660 719 3
647 706 3
649 706 1
662 719 3
649 708 1
502 681 1
568 690 1
649 707 1
650 708 3
707 708 3
667 725 3
673 731 3
639 697 2
644 701 3
666 725 3
667 726 3
668 726 3
731 1027 0
568 749 1
638 697 2
641 700 2
642 700 2
686 745 1
687 745 1
643 701 1
654 712 3
656 715 3
657 715 3
659 717 3
659 718 3
669 726 3
502 620 3
643 700 2
646 704 2
651 709 3
654 711 3
712 713 3
717 718 3
660 718 3
669 727 3
670 727 3
688 745 1
639 698 2
646 705 3
653 711 3
665 723 3
725 726 3
683 686 3
638 696 2
640 698 2
641 698 2
641 699 2
644 702 2
647 705 3
658 716 2
664 723 3
670 728 3
693 752 1
696 697 3
698 699 3
700 701 3
701 702 3
645 702 3
704 705 3
705 706 3
650 709 3
652 709 3
652 768 3
658 715 3
659 716 2
666 723 3
726 727 3
727 728 3
697 698 3
699 700 3
645 703 3
646 703 3
706 707 3
709 768 3
713 715 3
715 716 2
683 745 1
708 709 3
716 717 1
666 724 3
724 725 3
688 806 2
568 806 1
711 712 3
664 722 0
703 704 3
652 711 3
718 719 3
722 723 1
723 724 3
702 703 3
711 768 3
568 750 1
662 778 3
663 778 1
663 722 0
719 778 3
613 728 1
716 773 1
722 778 1
715 773 1
745 806 1
709 767 3
778 779 0
722 779 3
699 757 3
708 766 3
712 769 3
693 751 1
698 757 3
767 768 3
713 771 2
613 787 1
712 771 2
728 787 3
730 787 2
707 766 3
711 769 3
713 772 0
693 810 1
771 772 1
683 800 1
698 756 3
704 706 3
717 775 3
718 775 3
725 783 1
725 784 2
726 784 0
727 785 3
620 800 1
453 683 3
453 745 1
749 808 3
568 808 1
697 756 3
708 767 3
715 772 2
716 775 1
718 777 3
719 777 3
723 781 3
724 781 3
724 783 1
727 784 0
728 785 3
730 847 2
847 1027 0
696 754 3
697 755 3
700 758 3
702 760 3
703 761 3
707 765 3
722 781 1
749 807 3
750 808 3
752 811 2
754 755 3
755 756 3
700 757 3
701 758 2
701 760 3
702 761 3
704 707 3
765 766 3
784 785 1
693 809 1
752 810 2
693 811 1
756 757 3
757 758 3
701 759 3
704 761 3
766 767 3
768 769 3
772 773 3
722 780 3
453 806 1
807 808 3
568 809 1
758 759 3
760 761 3
704 765 2
777 778 3
779 780 3
780 781 1
783 784 0
806 807 3
568 807 1
810 811 3
761 763 3
704 763 3
773 775 2
785 787 3
809 810 3
769 771 0
787 847 3
769 828 3
808 809 3
759 760 1
763 820 3
771 828 1
761 820 3
502 1024 1
453 800 1
763 765 3
775 777 3
1024 1027 0
777 834 3
502 1028 3
806 865 0
773 831 3
775 834 3
784 843 1
787 844 3
620 1028 3
807 865 0
768 826 3
772 831 3
773 832 3
785 843 3
785 844 3
724 840 2
781 840 2
783 840 3
787 846 3
846 847 3
763 823 3
769 826 3
831 832 3
775 832 3
453 860 1
757 815 3
758 815 3
765 823 3
828 829 3
775 833 3
842 843 3
453 865 3
819 820 3
771 829 1
778 836 3
783 841 3
784 841 1
784 842 1
787 845 3
1024 1028 0
453 620 3
755 813 1
756 814 1
757 814 1
761 819 3
821 823 3
833 834 3
777 836 3
453 858 1
756 813 1
769 827 3
772 829 3
808 866 0
754 812 1
813 814 1
814 815 0
759 817 1
763 821 3
826 827 3
772 830 3
777 835 3
779 837 1
780 838 0
781 839 2
841 842 1
453 1028 2
807 866 0
809 867 0
810 868 0
811 869 1
812 813 3
758 816 1
760 817 3
820 821 3
767 826 3
830 831 3
835 836 3
836 837 0
837 838 0
838 839 1
839 840 3
840 841 3
843 844 3
906 1027 0
800 858 3
866 867 1
867 868 3
868 869 1
815 816 1
759 816 1
832 833 3
834 835 3
845 846 3
847 906 3
760 818 3
761 818 3
818 819 3
766 823 3
827 828 3
829 830 3
817 818 3
823 880 3
816 817 0
821 880 3
766 882 3
966 1027 0
966 1024 3
823 882 3
844 845 3
817 875 3
767 882 3
818 875 3
865 866 0
819 877 3
865 1041 1
882 883 3
767 883 2
453 1041 1
846 905 3
847 905 3
826 883 2
832 890 3
865 923 1
866 923 1
833 890 3
815 872 1
831 889 1
816 874 3
830 889 1
845 903 3
845 904 3
846 904 3
814 872 3
815 873 2
815 874 2
817 874 2
820 879 1
826 885 0
827 885 0
844 902 0
844 903 3
872 873 3
820 877 3
821 879 1
828 886 0
829 886 0
832 889 1
833 891 3
834 891 3
843 902 0
903 904 3
905 906 3
906 966 3
453 1033 1
812 870 2
813 871 2
819 934 3
823 881 2
826 884 2
827 886 0
829 887 0
830 888 1
834 892 3
835 893 3
836 894 3
837 895 3
838 896 1
839 897 3
840 898 3
841 899 3
842 900 0
843 901 0
866 925 1
867 925 1
868 926 1
869 927 0
870 871 3
871 872 3
873 874 3
818 934 2
877 879 3
880 881 3
883 884 3
884 885 0
886 887 3
887 888 1
888 889 3
889 890 0
890 891 3
891 892 3
892 893 3
893 894 3
894 895 0
895 896 2
896 897 3
897 898 3
898 899 3
899 900 3
900 901 1
901 902 0
902 903 2
925 926 3
926 927 3
877 934 3
885 886 3
881 882 3
865 980 1
904 905 3
980 1041 1
923 980 3
874 875 3
875 934 3
879 880 3
923 925 1
875 933 3
890 948 3
882 940 2
883 940 3
889 948 0
873 931 2
877 937 3
879 937 3
881 940 3
906 965 3
965 966 3
874 933 3
874 932 3
877 935 3
886 945 1
887 945 1
889 947 1
872 931 2
933 934 3
935 937 3
884 942 3
887 946 1
888 946 0
888 947 2
891 948 3
927 985 1
874 931 2
932 933 3
881 939 3
885 942 2
903 961 3
904 963 3
905 963 3
925 984 1
926 984 1
926 985 1
870 928 2
871 929 2
872 930 2
930 931 3
880 937 3
939 940 3
883 941 3
883 942 3
885 943 2
891 949 3
892 950 3
893 951 3
894 952 3
895 953 1
896 954 1
897 955 1
898 956 1
899 957 1
900 958 1
901 959 1
902 960 1
902 961 2
904 961 3
904 962 3
975 1033 3
925 983 1
928 929 3
929 930 3
934 935 3
880 939 2
940 941 3
941 942 3
886 943 2
947 948 0
948 949 3
949 950 3
950 951 3
951 952 3
952 953 3
953 954 3
954 955 3
955 956 3
956 957 3
957 958 3
958 959 3
959 960 3
960 961 3
453 975 1
923 983 1
931 932 0
942 943 3
946 947 1
906 964 3
984 985 3
961 962 3
905 964 3
964 965 3
937 939 3
962 963 3
983 984 3
945 946 0
963 964 3
943 945 1
923 1042 1
983 1042 3
937 996 0
939 996 3
937 994 3
962 1021 1
932 990 1
962 1020 1
931 990 2
935 994 3
943 1002 1
945 1002 3
945 1003 1
946 1003 1
1020 1021 3
933 990 1
933 992 3
934 992 3
923 1041 1
963 1021 3
1041 1042 3
935 993 3
995 996 3
996 997 3
939 997 3
943 1001 3
946 1004 0
947 1004 0
963 1022 3
964 1022 3
934 993 3
937 995 0
940 997 3
942 1001 3
948 1006 0
949 1006 0
993 994 3
947 1006 0
965 1023 3
984 1043 3
985 1043 3
928 986 3
929 987 3
930 988 3
931 989 3
933 991 3
992 993 3
940 998 3
941 999 3
942 1000 3
1001 1002 1
947 1005 0
949 1007 0
950 1008 0
951 1009 0
952 1010 0
953 1011 0
954 1012 0
955 1013 0
956 1014 0
957 1015 0
958 1016 0
959 1017 0
960 1018 0
961 1019 0
966 1023 3
984 1042 3
986 987 3
987 988 3
988 989 3
989 990 2
990 991 0
991 992 3
997 998 3
998 999 3
999 1000 3
1000 1001 3
1003 1004 0
1004 1005 3
1005 1006 3
1006 1007 3
1007 1008 3
1008 1009 3
1009 1010 0
1010 1011 1
1011 1012 3
1012 1013 3
1013 1014 3
1014 1015 3
1015 1016 3
1016 1017 3
1017 1018 3
1018 1019 3
1019 1020 1
1022 1023 3
1002 1003 2
1021 1022 3
453 1035 1
1023 1024 3
994 995 0
1042 1043 3
