117 178 3
122 178 3
6 122 0
6 7 3
7 240 0
9 240 0
9 10 3
10 12 0
12 133 1
78 133 1
18 78 3
18 20 0
20 21 2
21 195 3
23 195 3
23 25 3
25 26 3
26 27 3
27 28 3
28 29 3
29 30 3
30 31 3
31 33 3
33 149 0
90 149 3
98 149 3
98 99 3
99 216 3
102 216 3
101 102 3
101 108 3
52 101 0
52 108 0
108 521 3
57 521 0
12 71 1
71 133 1
40 99 0
95 149 3
31 89 0
33 89 0
95 98 3
5 122 0
45 102 0
25 83 3
26 83 3
5 178 0
7 122 0
18 76 3
20 76 1
26 84 3
27 84 3
55 521 0
10 68 3
45 103 3
9 68 3
102 103 1
122 240 3
68 240 0
101 225 3
108 225 3
68 305 0
12 68 1
12 69 1
27 85 3
28 85 3
68 69 3
30 88 3
29 88 3
31 88 3
69 71 3
178 180 3
20 78 1
83 84 3
29 146 3
101 103 1
5 180 0
84 85 3
101 105 3
101 218 3
122 180 3
29 85 3
23 81 3
88 89 3
102 218 3
103 218 0
122 293 3
76 78 3
81 195 3
25 81 3
88 146 3
89 149 3
180 293 3
29 145 3
93 149 3
98 216 3
105 218 3
85 145 3
21 78 3
25 140 3
83 140 3
93 95 3
216 218 3
240 305 3
71 72 0
72 133 1
81 140 3
145 146 3
95 269 3
98 269 3
68 128 3
84 143 2
85 143 1
172 521 0
69 128 3
95 152 3
108 228 3
228 521 3
71 128 3
83 141 3
84 141 3
93 152 3
98 214 3
21 194 3
194 195 3
195 197 3
89 260 3
214 216 3
194 197 3
149 260 3
172 228 0
78 194 3
81 197 3
152 269 3
72 131 1
131 133 2
140 141 3
72 128 1
85 144 3
144 145 3
238 293 3
122 238 3
128 305 0
78 191 1
141 143 2
88 260 3
117 174 1
101 222 3
176 178 3
78 192 1
105 222 3
222 225 3
117 176 3
191 192 3
192 194 0
108 226 3
108 227 3
133 191 3
143 144 0
227 228 3
215 216 3
225 226 3
122 239 3
214 269 3
214 215 3
216 217 3
226 227 3
239 240 3
131 191 3
141 142 3
142 143 1
217 218 3
239 305 3
128 411 0
146 260 3
72 411 0
93 210 3
152 210 3
190 191 3
131 190 3
149 205 3
238 239 3
140 198 3
141 198 3
205 260 3
93 205 3
218 220 1
105 220 1
305 411 3
210 269 3
220 278 0
224 225 3
178 293 3
81 198 3
222 224 3
194 252 3
105 278 3
197 252 3
142 198 3
144 204 3
145 204 3
222 278 3
146 147 3
147 260 3
222 223 3
198 199 3
142 199 3
142 144 3
201 260 3
147 201 3
225 281 3
215 217 3
226 281 3
117 175 1
131 411 0
81 255 3
198 255 3
145 147 3
205 267 3
93 267 3
223 224 3
197 255 3
210 267 3
192 252 0
288 521 0
175 176 2
218 278 3
228 288 1
174 175 0
175 178 2
201 205 3
214 273 3
215 273 3
174 178 0
142 204 3
197 254 3
252 254 3
254 255 3
224 281 3
179 238 3
199 204 3
147 204 3
228 229 1
178 233 1
218 277 3
229 288 1
174 233 0
239 411 3
302 411 3
204 317 3
217 275 3
218 275 3
277 278 3
227 281 3
179 239 3
131 302 0
217 273 3
192 251 0
251 252 3
198 257 3
199 257 3
269 273 3
178 234 1
234 293 0
199 316 3
234 354 0
199 317 3
273 275 3
257 316 3
201 267 3
275 277 3
233 234 2
191 251 0
255 257 3
252 311 3
254 311 3
281 341 1
233 354 0
238 354 3
179 411 3
273 332 1
227 633 3
293 354 3
201 317 3
201 204 3
267 269 3
271 273 0
275 332 1
222 281 3
281 627 3
281 633 3
201 381 3
267 381 3
269 271 1
222 627 3
179 354 3
228 633 3
288 346 0
271 274 0
273 274 3
276 277 3
276 278 3
228 346 1
251 311 3
316 317 3
227 344 1
344 633 0
191 661 0
254 313 3
255 313 3
278 279 3
190 661 0
366 661 0
251 661 3
257 314 3
222 279 3
269 274 3
276 279 3
255 314 3
341 627 0
251 777 3
251 310 3
274 332 1
190 297 0
310 777 3
314 316 3
275 276 3
281 342 1
131 297 0
313 314 3
267 440 3
269 440 3
275 333 1
341 633 0
342 633 0
343 633 0
346 633 0
233 638 1
310 311 3
297 302 3
254 312 3
332 333 0
627 633 3
297 661 3
311 312 3
312 313 3
354 638 3
279 395 1
276 395 1
314 374 3
661 777 3
268 269 3
316 374 3
317 433 3
381 440 3
268 440 3
268 274 3
261 433 3
201 433 3
343 401 1
346 404 3
279 624 3
222 624 3
316 433 3
276 333 1
401 633 0
302 357 3
395 624 0
404 633 0
179 638 3
310 312 3
402 633 0
403 633 0
403 404 2
201 261 3
270 333 1
270 276 3
297 357 3
270 332 1
357 411 3
396 624 0
222 396 1
179 357 3
396 627 0
201 495 3
440 443 3
274 796 3
332 796 0
381 495 3
268 443 3
404 520 0
381 439 3
312 314 3
179 412 3
332 563 0
276 624 3
412 638 3
312 374 3
268 796 3
563 796 3
201 552 3
366 424 3
261 552 3
439 495 3
539 661 3
439 440 3
402 403 2
539 777 3
495 552 3
270 563 3
424 661 0
374 433 3
459 633 0
459 627 0
627 634 3
459 634 0
460 633 0
403 461 3
259 495 3
624 627 3
459 637 0
459 460 2
402 460 2
402 461 2
461 520 0
404 461 2
259 437 1
437 495 0
460 637 0
312 372 3
312 373 3
373 374 3
465 638 3
310 372 3
372 487 3
259 552 3
412 465 3
270 624 3
634 637 3
580 638 0
270 507 3
372 373 3
460 461 0
259 439 3
297 478 1
357 478 1
259 440 3
478 661 0
310 426 1
573 627 3
426 777 0
373 433 3
432 433 3
433 552 3
573 624 3
179 296 3
296 412 3
373 432 3
357 540 3
310 544 1
460 520 0
410 412 3
296 471 3
478 540 0
372 544 1
410 526 1
573 634 3
410 465 3
544 777 0
432 552 3
520 637 3
465 580 1
296 357 3
624 628 3
573 628 3
356 357 3
259 443 3
563 564 3
270 564 3
296 356 3
465 524 1
356 540 3
524 580 1
443 730 1
443 678 3
624 626 3
412 526 1
259 730 1
626 628 3
296 526 1
373 376 3
376 432 3
552 611 3
259 611 3
268 678 3
410 524 1
372 376 3
376 605 3
678 796 3
621 796 3
507 564 3
563 621 3
507 624 3
376 552 3
507 623 3
579 637 0
623 624 3
624 625 3
564 621 3
625 626 3
630 634 3
376 609 3
678 730 1
564 623 3
573 630 3
623 625 3
296 644 1
526 644 0
535 540 0
524 582 1
540 595 1
580 582 3
573 629 3
540 661 3
376 544 1
489 544 1
625 740 1
626 740 1
628 629 3
629 630 3
376 489 3
623 740 1
356 590 1
564 680 3
628 740 1
636 637 0
678 850 1
796 850 1
621 680 3
410 582 1
410 644 1
356 588 1
595 661 0
552 609 3
609 611 3
730 850 0
259 729 1
410 584 1
729 730 3
584 644 0
611 729 1
623 680 3
356 644 1
630 635 3
634 635 3
489 777 3
795 796 3
795 850 1
621 795 3
535 661 0
628 685 3
299 584 1
685 740 1
582 696 0
410 696 3
299 644 1
540 660 3
650 660 0
584 699 0
376 779 3
580 696 0
299 356 3
356 660 3
777 893 1
489 779 3
609 842 1
611 842 1
628 687 3
629 687 3
584 641 0
602 893 1
489 893 1
410 641 1
376 842 1
680 795 3
641 699 3
628 686 3
539 660 3
660 777 3
685 686 3
641 696 0
658 660 0
686 687 3
635 637 3
299 699 3
660 661 3
729 842 0
660 893 1
630 687 3
623 739 1
635 687 3
696 698 1
739 740 3
654 660 0
680 739 1
356 821 1
299 821 1
779 893 1
729 843 1
740 742 3
842 843 1
685 742 1
696 754 3
739 795 0
740 741 3
730 788 0
730 789 0
741 742 3
685 743 1
686 743 1
660 707 1
650 707 3
729 788 0
788 789 3
789 850 1
742 743 0
696 699 1
376 899 1
842 899 0
602 660 3
376 838 1
779 838 1
838 899 0
660 712 1
740 798 0
686 802 1
660 821 1
739 797 0
739 798 0
741 798 0
743 802 1
687 802 1
790 850 1
795 797 1
789 790 3
696 755 3
698 755 0
660 766 1
729 787 0
698 699 3
787 843 1
787 788 3
754 755 3
699 816 1
299 816 1
299 818 1
698 816 1
791 850 3
797 798 3
790 791 1
741 799 3
742 800 3
743 801 1
637 805 1
798 799 1
799 800 3
800 801 3
801 802 3
755 816 1
778 779 3
778 893 1
299 817 1
299 877 1
299 660 3
816 817 3
817 818 3
818 877 3
660 877 1
795 908 1
797 854 1
850 908 3
795 854 1
635 1035 1
843 844 0
687 1035 1
637 1035 1
787 844 1
802 860 1
687 860 1
637 1042 3
755 814 1
842 900 0
814 816 3
843 900 0
620 795 3
620 908 1
899 900 3
1035 1042 0
778 838 1
620 854 1
797 855 1
798 855 1
801 860 1
687 918 1
788 846 1
860 918 0
918 1035 0
787 845 1
789 846 1
788 845 1
849 850 0
754 812 1
755 813 1
815 816 3
789 847 1
790 848 1
790 849 1
791 849 1
849 908 0
854 855 0
798 856 1
799 857 1
800 858 0
801 859 1
754 813 1
813 814 1
844 845 1
845 846 3
846 847 0
847 848 1
848 849 3
855 856 3
856 857 1
857 858 0
858 859 1
859 860 3
838 898 0
812 813 0
814 815 3
898 899 3
660 878 1
877 878 3
660 879 1
843 902 0
844 902 0
816 874 3
817 874 3
900 902 3
815 874 3
878 879 1
602 950 1
893 952 1
778 952 1
860 917 0
814 872 3
859 917 0
815 872 3
893 1011 3
812 870 0
813 871 0
815 873 3
818 876 3
602 1011 1
952 1011 0
899 957 1
845 903 0
846 904 0
847 905 0
848 906 0
849 907 0
854 912 0
855 913 0
856 914 0
857 915 0
858 916 1
917 918 3
870 871 0
871 872 2
872 873 3
873 874 3
876 877 3
900 957 1
902 903 3
903 904 3
904 905 3
905 906 3
906 907 3
907 908 3
620 912 1
912 913 3
913 914 3
914 915 3
915 916 3
916 917 3
778 898 1
908 967 1
898 957 1
900 959 1
620 967 1
818 874 3
902 959 1
778 953 1
898 953 1
874 876 3
660 876 1
918 976 1
976 1035 0
952 953 3
917 975 1
918 975 1
874 931 2
876 934 3
873 931 2
874 932 2
902 960 1
975 976 3
931 932 3
872 930 2
900 958 1
959 960 0
913 971 1
870 928 3
871 929 1
871 930 2
957 958 3
958 959 3
902 961 1
903 961 1
904 962 1
905 963 1
906 964 1
907 965 1
908 966 1
912 971 1
913 972 1
914 972 1
915 973 1
916 974 1
928 929 3
929 930 3
876 932 2
960 961 1
961 962 0
962 963 1
963 964 3
964 965 3
965 966 3
966 967 3
972 973 3
973 974 3
974 975 3
873 930 3
898 1012 3
971 972 3
930 931 3
932 934 0
660 934 1
660 941 1
953 1012 0
898 1013 3
620 970 1
912 970 1
660 935 1
1012 1013 3
898 1016 3
957 1016 0
1013 1016 3
970 971 3
967 1025 0
620 1025 1
975 1034 0
976 1034 0
960 1019 0
961 1019 0
934 992 3
1034 1035 3
934 991 3
660 992 1
971 1029 0
930 988 3
932 991 0
952 1012 0
972 1029 0
929 988 3
931 988 3
991 992 3
958 1017 0
959 1017 0
1041 1042 0
928 986 3
929 987 3
931 989 0
932 990 0
960 1017 0
962 1020 0
963 1021 0
964 1022 0
965 1023 0
966 1024 0
970 1029 0
972 1030 0
973 1031 0
974 1032 0
975 1033 0
986 987 3
987 988 3
988 989 0
989 990 3
990 991 3
957 1017 0
1019 1020 3
1020 1021 3
1021 1022 3
1022 1023 3
1023 1024 3
1024 1025 3
1029 1030 3
1030 1031 3
1031 1032 3
1032 1033 3
1033 1034 3
1017 1019 3
1016 1017 3
