0.00106751 0.0759371 19.3125
0.00137715 0.0822496 19.1242
0.0465826 -0.0148123 17.1229
0.0117536 -0.0286924 19.2266
-0.024029 -0.00473667 21.9662
-0.0261414 0.00794292 20.9121
0.0559853 -0.25955 14.4508
-0.00963338 -0.186787 25.1757
-0.0165532 -0.0829539 24.9584
0.00366227 -0.0619578 19.7877
-0.0382638 -0.0481738 29.0354
-0.0339402 -0.0760843 28.0964
-0.00378853 -0.0752145 20.056
-0.000763673 -0.142788 20.7275
-0.0375322 -0.135382 32.0482
-0.0431183 -0.115431 33.1552
-0.0545981 -0.0640227 36.0089
-0.0555553 -0.0643629 36.2577
-0.0777067 -0.0521204 44.2501
-0.0651755 -0.0707409 39.2195
-0.0126061 -0.223164 18.5621
0.0413102 -0.100295 -7.93394
0.0428386 -0.135164 -7.85908
0.00299309 -0.019132 10.5652
-0.0104775 -0.0117758 17.586
-0.00745424 0.0738267 14.4828
0.103617 0.00695996 -45.853
0.0343766 -0.0555493 -4.09659
0.00543803 -0.0516458 13.1384
-0.0173644 -0.115668 28.3448
0.0345738 0.0738267 -7.31075
0.00870219 0.0784956 9.74933
0.00675259 -0.196839 6.4979
0.0434556 -0.361444 -17.5275
0.00513071 0.0231081 3.23872
0.0895548 -0.339325 -56.9327
0.0926504 -0.341756 -59.3315
-0.049676 -0.0298532 54.0045
-0.0318084 -0.0655955 39.5171
-0.0331617 -0.0239879 39.6673
-0.023962 -0.0796843 33.3078
-0.0565281 -0.106121 62.0595
-0.0734046 -0.0720783 76.6993
-0.0987987 -0.0392743 99.9539
-0.0595282 -0.0314087 61.8122
-0.00474999 -0.0262511 7.78251
0.000894936 -0.011422 2.26176
0.00824671 0.00223145 -5.85301
0.279948 0.101562 -287.609
-0.0164259 -0.0415527 21.9709
0 0.10538 1.68158
0.00516256 -0.130302 -1.0759
0.00440314 -0.148048 -0.118306
0.031667 0.0678909 -34.7161
-0.030806 -0.0382637 39.6053
-0.0372996 -0.394749 118.238
-0.0379054 -0.397705 119.015
0.0303623 -0.292025 33.4472
0.0188214 0.00830416 10.9785
0.0565451 -0.0916148 13.4691
0.110279 -0.310362 19.6471
0.0700653 -0.2211 19.3285
-0.00916395 -0.00923343 20.0613
-0.04296 -0.0681052 25.1897
-0.043795 0.00606537 22.9196
0.00178905 -0.128264 21.2086
-0.0160878 -0.132224 23.9526
0.0512566 -0.243016 14.5984
0.0107701 -0.103344 18.3583
5.80461e-05 -0.0868324 19.9581
0.0104625 -0.0917204 17.3546
-0.0115953 -0.0827668 21.9783
-0.0294069 -0.0871305 27.1132
-0.0343771 -0.103001 30.4702
-0.0481653 -0.0518038 33.2234
-0.0380269 -0.076864 29.9931
-0.0185132 -0.0493163 21.1493
0.0210664 -0.129869 9.13111
0.0161318 -0.143392 11.5403
0.0744826 -0.0556867 -24.2286
-0.0846395 0.0270457 54.7783
-0.0473622 0.0115689 35.8927
0.00622864 -0.0518339 9.74719
0.0441414 -0.0154536 -11.627
0.0785082 -0.0120388 -30.9924
0.016004 -0.0635265 6.84857
-0.0634684 -0.168605 58.097
-0.136577 -0.15265 103.21
-0.109364 -0.122258 83.316
-0.00892969 -0.177756 17.5902
-0.0586632 -0.0783678 51.5412
-0.0951928 -0.081652 77.4279
-0.0103871 -0.0899329 15.039
-0.0137456 -0.0968157 18.1612
-0.0343294 -0.0943682 33.7416
-0.0124284 -0.0393882 13.7873
0.0221019 -0.0363568 -14.0638
-0.0347274 -0.0429043 41.3816
-0.0734521 -0.0448883 74.1744
-0.0600967 -0.0846504 64.5594
-0.0705449 -0.0759226 73.9299
-0.0465861 -0.0547588 50.9676
-0.0649114 -0.0409987 67.5752
-0.0819655 -0.0241301 83.486
0.000545026 -0.0188258 1.89454
0.00243094 -0.00740047 -0.234486
0.0140484 -0.0134693 -10.8266
-0.00774962 -0.00804265 11.7
0 0.370909 -6.64802
0.0386751 0.341075 -48.8648
0.00314352 0.37305 -10.2707
0 0.123509 1.70866
0 0.123509 1.70866
0.0207571 0.385528 -31.7595
-0.0707031 -0.265234 156.227
0 0.164631 0.433878
-0.0181365 0.0419856 10.1188
-0.012049 0.0160298 11.2379
0.00220429 -0.0273021 12.5735
0.0633777 -0.101009 13.0102
0.0409733 -0.157606 18.0148
0.0294283 -0.20084 21.9801
-0.0123271 -0.150114 25.0547
-0.00708148 -0.123027 23.5572
0.0061194 -0.104085 19.6737
0.00621783 -0.0778248 17.4192
-0.00394583 -0.0727165 19.1417
0.012383 -0.0807485 14.9997
-0.0702393 -0.106076 41.5927
0.0328623 -0.132472 12.6921
-0.0304748 -0.0780919 27.6038
-0.0324236 -0.0880814 28.4311
-0.0308086 -0.0937993 28.0741
-0.0634932 0.0135262 32.5653
-0.0289497 -0.0780424 25.5854
0.00976997 -0.132412 13.2887
0.00457508 -0.147758 16.6329
-0.00300565 -0.0833724 14.5396
-0.0795527 0.044214 51.8103
-0.0307182 0.0885067 16.6741
-0.0510904 -0.0868649 40.7159
-0.0243486 0.0749312 12.7506
0.00483993 0.0268473 -1.44118
-0.00779582 0.0252979 5.82955
-0.010639 0.0358275 6.95273
-0.0329061 -0.0791207 30.7938
-0.0728352 -0.102261 57.8289
-0.0406721 -0.0742823 34.3096
-0.0208644 -0.140031 24.6088
-0.0159474 -0.102985 19.2159
0.000735517 -0.0493784 4.40118
-0.0217133 -0.064596 22.4795
-0.0132526 -0.0324123 14.0004
0.00300202 -0.0204468 0.173033
0.0566205 -0.013874 -43.4074
-0.057922 -0.0225372 60.3552
-0.0851141 -0.000989377 83.3498
-0.0830707 -0.00196083 81.5324
-0.0824287 0.0226217 79.5722
-0.0422669 0.00481658 41.9209
-0.0436344 -0.0306561 46.7734
-0.018923 -0.0178704 21.0992
0.00712126 -0.0107276 -4.88284
0.0349983 -0.00138112 -33.491
0.0231498 -0.00775598 -20.3577
-0.00408723 -0.00452782 7.09944
-0.00987778 -0.00950976 14.2145
-0.0168082 -0.00481815 21.5826
-0.0111796 0.00602364 13.9526
-0.00140459 -0.00555659 4.46619
-0.000502536 -0.00302662 3.368
-0.000249654 -0.00237781 2.98839
0.00133255 -0.00659418 1.4826
0.00146578 -0.00940401 1.51595
-0.0383803 0.0504502 9.62777
-0.0288801 0.0261227 11.4091
-0.0344755 0.0201637 12.0874
-0.0126728 -0.0795519 17.6369
0.0065485 -0.200028 24.7299
0.00670682 -0.259525 29.471
-0.00273014 -0.244804 29.0941
0.0222584 -0.157451 20.0886
0.0250985 -0.0905758 15.4471
0.014707 -0.047417 14.1552
-0.0271983 -0.0326542 22.1577
-0.0360354 0.00986108 21.3042
0.00724483 -0.0853343 16.0001
-0.00848359 -0.077949 20.4764
0.17903 -0.159671 -36.429
-0.0185707 -0.0905627 23.2319
-0.0192076 -0.101867 24.1448
-0.0109239 -0.0493971 17.2059
-0.0261849 -0.0161352 19.3034
-0.00236842 -0.122945 16.6668
-0.00780085 -0.113421 20.4455
-0.00705361 -0.0976594 17.753
0.0249223 -0.0781945 -0.771487
-0.0717942 0.0812194 39.0181
-0.060347 0.115086 30.4931
-0.0219352 -0.00297554 15.5559
-0.0330735 0.0155393 20.9078
0.014299 0.0388112 -6.97177
0.0113119 -0.0292263 -2.07139
-0.0482896 -0.0581694 39.2446
-0.0506132 -0.0733339 41.3773
-0.0470928 -0.0600991 37.9636
-0.00875342 -0.0188455 8.63145
0.00544812 -0.0144035 -1.75274
0.00949474 -0.0197735 -4.28339
-0.00102919 -0.0218198 3.89968
-0.00613313 -0.0120627 7.31068
0.0115281 -0.00328533 -7.65458
0.0178959 -0.0274977 -10.9418
0.0236101 -0.00979744 -16.5376
-0.0344974 0.0142471 37.6605
-0.033559 0.00984263 36.9646
-0.0865539 0.0481219 82.0442
-0.0818569 0.0646053 76.0231
-0.0408555 0.00964478 40.7781
-0.0180989 -0.00236482 19.515
0.00143123 -0.0016102 0.465112
0.0182442 -0.00807903 -16.0725
0.00225385 -0.010683 0.645814
-0.00571941 -0.00381079 8.62155
-0.00440637 -0.00702426 7.52363
-0.00800797 0.00241207 10.7755
-0.00553119 0.0123651 7.18729
-0.00492723 0.0124569 6.45348
-0.0256265 0.072923 25.9195
0 0.134842 -8.61338
-0.0127356 0.111369 8.68888
0.00131552 -0.00164536 1.07079
-0.0455277 0.146457 1.28994
-0.0351084 0.013845 12.456
-0.034414 0.00758133 13.3658
-0.0414508 0.000366726 14.1769
-0.0870489 -0.122438 26.9932
-0.0494778 -0.199629 29.9448
-0.030836 -0.0775974 16.2153
-0.0150031 -0.0030667 5.88036
-0.0264926 0.0262552 4.42411
-0.140008 0.140077 14.5093
0.0158291 6.91404e-05 -1.35304
0.0137238 -0.0432978 3.74036
-0.000485216 -0.0499015 8.24009
0.0322838 -0.384773 34.9839
0.00382436 -0.114339 18.8897
-0.154145 0.026967 56.0366
0.0908096 -0.0449253 -19.2821
0.0145337 -0.0273758 6.37
0.0210361 -0.0170312 1.93662
0.044493 -0.0881113 -5.97461
0.0250257 -0.0942524 3.3261
0.00342439 -0.091135 12.0424
0.0195336 -0.0570357 -0.46012
0.153013 0.148549 -85.5003
-0.613029 -0.314325 362.798
-0.011783 0.00056126 9.77134
-0.0106746 -0.0157307 10.0798
0.0122818 0.105356 -10.8945
0.020486 0.0916122 -14.3823
-0.0293622 -0.030004 24.3795
-0.0427042 -0.0389164 33.6807
-0.0138767 -0.0124925 11.8895
-0.00440549 0.0177636 2.72795
0.00542358 0.0121968 -3.61306
0.00359604 0.000424901 -1.229
0.00273216 -0.00111125 -0.52347
0.00146809 0.00363561 0.238576
0.00687702 -0.00201685 -3.67034
0.0168761 -0.0130315 -10.4408
0.0492245 -0.0123424 -38.2518
0.226436 -0.0434188 -186.983
0.00998251 -0.0251426 1.78716
-0.0822135 0.0291206 79.7125
-0.0692367 0.0682999 64.4736
-0.0936643 0.0280415 90.6623
-0.0111464 0.0111928 11.4234
0.00352984 -0.00112946 -1.54635
0.00156327 -0.00634783 0.867412
0.00394799 -0.0105222 -1.03721
0.000246629 -0.00379776 2.23674
0.00109264 -0.00419828 1.5871
-0.00715895 0.00211062 9.95585
-0.00552886 0.00362893 7.97496
-0.0053352 0.00639059 7.48613
-0.00369671 0.00650839 5.58304
-0.00176014 0.00779484 3.18589
-0.000958467 0.00831407 2.1854
-0.00177183 0.00992932 3.00621
0.098227 0.159478 -0.509193
0.0880456 0.0633894 11.3398
-0.00865891 -0.0278507 15.2008
-0.035945 -0.008593 14.7177
-0.00476505 -0.0553394 10.3304
-0.00433922 -0.0428748 8.85671
-0.010386 -0.0132495 6.10966
-0.00830712 0.00474769 3.28763
-0.0309539 0.0554934 2.18371
0.00792892 0.0325897 -3.33588
0.0111886 0.0241972 -3.09104
-0.00276788 0.00150864 2.82896
-0.00100254 0.0162171 0.435525
0.00734841 -0.00354297 0.743968
0.00383534 -0.00338019 2.39022
-0.0123468 -0.0242833 9.08801
-0.00605115 0.00201813 3.71158
-0.0340277 0.0350776 10.3194
0.426552 -0.0716621 -156.767
0.0211295 -0.0809598 3.37586
0.021552 -0.0425856 -1.83268
0.00872738 -0.0667041 7.18231
-0.011497 -0.048675 14.2791
-0.00489665 -0.0593909 12.4109
-0.458397 -0.0986657 260.959
-0.00875966 -0.0161385 9.60792
0.0173497 0.00121028 -7.02614
0.0098045 -0.0101876 -2.63617
0.00973783 0.0205064 -5.22603
-0.0299073 0.0004438 21.17
-0.0150604 -0.00510262 12.1202
0.00837595 0.0124235 -5.47097
0.00259619 0.0130231 -1.34785
-0.00672009 0.0110889 5.45995
0.000926479 0.00715037 0.0919786
-0.00193082 0.0187388 0.868206
-0.00473284 0.00168828 5.33441
-0.00627475 0.00292985 6.20282
0.0295151 -0.0211857 -20.1819
0.0646063 -0.00324699 -51.767
0.126286 -0.0240871 -102.196
0.121003 0.0163533 -107.341
0.0417535 -0.0149889 -30.3291
-0.0367756 0.00906817 39.685
-0.103599 -0.0135105 104.846
-0.0717315 0.0180783 70.7142
-0.00870063 -0.00585334 11.2852
-0.0964286 -0.290067 130.385
0.0078557 -0.00844344 -5.43621
0.0117997 -0.00882331 -9.40651
0.00841669 -0.0100113 -5.52639
-0.00772998 0.000936485 10.7115
-0.0039578 0.000449233 6.53582
-0.0032999 0.00249084 5.53853
-0.00239766 0.000850092 4.66347
-4.76358e-05 0.00147824 1.80406
0.000729594 8.65607e-05 1.00245
-0.000303746 -0.00180389 2.44338
0.0267893 0.104578 7.59694
-0.00381856 0.0489096 16.3521
-0.0531612 0.0220014 21.8309
-0.0107783 0.0616141 3.67301
-0.00218909 -0.0177797 5.57235
-0.0052 -0.00667801 4.71237
-0.00661922 0.00750584 3.13866
-0.00689212 0.0262748 0.734447
0.0613331 0.380578 -54.5446
-6.21347e-05 0.011089 10.3995
0.00312299 0.0536848 -5.27685
-0.00170647 0.0456277 -3.21731
0.00368098 0.0369548 -3.5948
0.00769773 0.0332936 -4.04845
-0.0188877 0.0110961 7.11697
0.000924262 0.0106802 0.380802
-0.00197925 0.0348711 -2.06961
-0.0232864 0.0326944 6.48836
-0.0288875 0.0692944 3.19091
-0.173904 0.0995394 75.2607
-0.09669 0.00301647 55.3059
0.00575785 -0.0378355 4.74343
-0.0592445 -0.0918029 42.68
0.0114555 -0.0227137 -0.873949
0.00220316 0.0155841 -1.75804
0.0079695 -0.0228106 1.24653
0.0476493 -0.189006 1.75894
0.0517324 0.0386304 -31.9245
0.0204033 0.0293766 -11.7849
-0.0622422 0.015111 39.9016
-0.00167071 -0.00427525 3.40811
0.00651242 0.00426712 -3.00934
-0.000929514 0.00549519 1.94938
0.00116613 0.00892805 0.0170865
0.00979724 0.0276816 -9.09027
0.0407442 0.0221742 -31.2544
-0.0185027 0.010775 14.8212
0.00800705 -0.0073563 -4.05909
0.0161426 -0.0116202 -10.2205
0.0455992 -0.0365064 -31.3337
0.169843 -0.0333462 -138.267
0.0628027 -0.00170569 -52.4853
0.0482238 -0.00619093 -36.637
-0.0149882 -0.00872729 21.855
-0.042848 -0.0109621 47.2618
0.00164789 -0.00822817 1.17859
-0.00757576 -0.0116464 10.5918
0.00567902 -0.00671635 -3.42163
0 -0.163096 24.9017
0 -0.163096 24.9017
-0.0034655 0.000282027 6.51811
-0.00685315 0.00119886 9.84165
-0.00602761 -0.00604721 9.68634
-0.0224211 0.177535 3.93355
-0.0208281 0.183941 1.67783
0.00734233 0.174077 -30.142
-0.00256877 -0.00861041 6.00698
-0.00151843 -0.00731076 4.53609
-0.0204926 0.0544096 15.6029
-0.0409878 8.15784e-06 25.0749
0.084043 0.103265 -7.83671
-0.00128565 -0.0382686 23.5389
-0.0269917 -0.115482 38.0548
-0.03335 -0.0782516 33.2452
-0.0475091 -0.0552827 31.3442
-0.0395165 -0.0107199 22.81
-0.0338721 -0.00152024 19.634
-0.0527676 0.0204282 19.953
-0.00445073 0.117257 -13.8404
-0.00710426 0.132637 -15.1258
0.0110734 0.0880436 -13.5843
0.0168326 0.124272 -21.157
0.0862825 0.0205837 -18.9338
-0.00442215 -0.0123179 7.1075
-0.0289629 0.129847 -7.13525
-0.0268636 0.0759641 0.51931
-0.0166521 0.0680143 -1.36003
-0.144624 0.0351547 71.9429
-0.128482 0.0132238 67.9025
-0.0159073 -0.0153328 11.4408
-0.00288812 -0.0264016 6.86699
-0.0499832 0.0146609 33.8409
-0.0565867 0.0118665 37.9226
-0.0580344 0.0221029 36.9471
0.0236543 -0.00200764 -10.1266
0.0719031 0.0116135 -39.7513
-0.258551 0.110981 150.73
-0.247247 0.0871988 147.532
-0.00625834 0.0238415 2.02103
-0.00849489 0.0212546 4.15407
0.00311663 0.0143807 -2.49513
0.0113184 0.0143107 -8.28543
0.00637556 0.0161476 -4.93198
-0.0195454 0.0299571 13.599
-0.0362276 0.0150501 27.9345
-0.00833319 0.00179666 7.78847
0.0219266 0.00144617 -17.0758
0.019236 -0.0146506 -12.3507
0.0341116 -0.0214336 -23.6341
-0.0133008 0.0536627 8.11669
0.0285785 -0.011484 -18.437
-0.031441 -0.0101619 36.2124
-0.000881301 -0.00284201 2.84624
-0.000333113 -0.0105329 3.33455
-0.0050458 -0.00204 8.3026
0.00680413 -0.00580956 -4.73118
0.00938178 -0.00575488 -7.30009
0.0026148 -0.00854405 0.307467
0.00674141 -0.00487811 -4.50498
-0.0106672 0.000767796 13.9345
-0.00789732 0.00466914 10.0004
-0.00299519 -0.000238855 5.96933
0.00137619 -0.0019494 1.26405
0.0172964 -0.111182 0.398174
0.00334755 -0.118526 18.3553
0.00352023 -0.00256706 -1.47377
-0.0657239 0.04559 17.3081
-0.0697802 0.0160474 22.9203
-0.0939151 0.00929143 25.5034
-0.096709 0.134152 1.03856
-0.0901431 0.177663 -9.07603
-0.0451685 0.0914156 4.0703
-0.0483215 -0.0187225 23.9296
-0.0176373 0.0388779 10.3814
-0.0428995 0.0345862 14.8907
-0.0791148 0.0153122 25.833
0.00405538 0.347276 -57.3312
-0.0180238 0.244647 -32.3101
-0.0261678 0.183876 -18.5249
-0.0134356 0.153661 -15.8801
0.00198144 0.182163 -25.874
-0.0541227 0.146454 0.210504
-0.0950283 0.163573 10.8906
-0.0559948 0.138895 1.07474
-0.0473984 0.0956107 6.03422
-0.0487284 0.0814469 9.46083
-0.0457756 0.0704356 9.90984
-0.0227575 -0.00130318 12.4505
-0.0176626 0.00507309 9.1635
-0.0293975 0.0140858 23.5103
-0.0368008 0.0255519 25.0187
0.0130147 0.0314612 4.17116
0.00207716 0.0270293 11.2412
0.00178953 0.033623 10.4327
-0.278267 0.112444 163.027
-0.0378236 0.214351 -11.0692
-0.00585518 0.137448 -18.1043
-0.0021724 0.0267746 -0.979432
-0.0200358 0.0531408 6.73924
0.00628989 0.0545063 -12.1032
0.00209531 0.0232228 -3.27967
-0.0130258 0.045396 4.17257
-0.00779718 0.0120281 5.71459
-0.00308534 0.0415939 -3.40134
-0.000155207 0.0198015 -1.85967
-0.00601855 -0.0110737 8.60744
0.0192085 0.0194853 -17.7934
-0.0240631 -0.0894339 43.6133
0.00143256 -0.0211905 7.8947
-0.0187436 -0.0214289 25.4313
-0.00882193 -0.00457689 11.5799
0.00380966 -0.00290073 -1.57042
0.00346488 -0.00405649 -1.34303
0.00334288 -0.00932052 -0.414379
0.00616498 -0.00191181 -4.19503
0.00584809 -0.00152733 -3.91512
0.00551528 -0.00249174 -3.53567
-0.0121843 0.00150501 15.4696
0.0568175 -0.00275742 -59.2496
-0.0303724 -0.16731 67.5724
0.000951945 0.0270464 -4.23339
0.00420261 -0.000946964 -2.31862
0.0416283 0.205035 -19.1017
0.0780132 -0.00451113 -42.1231
-0.0684345 0.0517042 15.9381
-0.0697794 0.0539351 15.4463
-0.0723697 0.0868766 8.81008
-0.0816287 0.124101 1.46682
-0.0559675 0.140171 -3.78142
-0.0535159 0.133325 -2.63266
-0.0393312 0.0906992 3.93305
-0.0341865 0.0572142 9.96913
-0.043432 0.0692668 8.8977
-0.0384902 0.205386 -19.6943
-0.0172976 0.280386 -39.2416
-0.00414187 0.291813 -43.8259
-0.0436957 0.227192 -21.7049
-0.0994766 0.00555681 52.1563
-0.0852802 -0.0429757 58.1841
-0.00403937 0.188425 -24.9017
-0.0476977 0.154938 -4.08476
-0.182626 -0.041414 102.53
-0.17759 -0.032911 98.9471
-0.169866 -0.030452 95.5694
-0.183851 -0.0597767 107.528
-0.142737 0.188682 38.1139
0.00747202 0.197192 -34.2721
0.0453121 -0.0347667 -5.78991
0.0645916 0.00387328 -23.7885
0.0369971 0.0312415 -9.08412
0.0101663 0.0415291 3.87216
-0.0108723 0.0235809 19.8888
-0.0166617 0.330252 -48.2535
-0.0111748 0.258677 -37.5215
-0.0167394 0.25046 -32.4154
-0.0410511 0.269817 -20.2476
-0.0230104 0.322778 -43.2761
0.0053284 0.31418 -62.0815
-0.0293872 0.321379 -37.8435
-0.0427284 0.271852 -16.8538
-0.0297774 0.173445 -6.32529
-0.0317696 0.136431 2.5969
0.00371429 0.0302211 -6.67153
-0.0185275 0.0550151 8.2271
-0.0139594 -0.00139897 16.1236
-0.0142855 -0.00982803 19.0731
-0.0197652 -0.0035041 22.0545
-0.0156386 -0.0104567 19.6444
-0.0189482 -0.0013278 20.4345
-0.00618348 -0.00445608 9.0748
-0.00265491 -0.00200412 5.20178
0.00366606 -0.00208451 -1.83769
0.00256637 -0.0045896 0.135157
0.0148499 -0.0566978 -2.71088
0.000576812 -0.00293454 1.89457
0.00949621 0.00660485 -9.06056
0.10918 -0.305143 -54.7167
0.00291316 -0.00447672 -0.312533
-0.00524824 0.0359843 0.838515
-0.00486518 0.0199233 3.9551
0.0704241 -0.18006 20.9644
0.00352023 -0.00256706 -1.47377
-0.0522669 0.06197 13.776
-0.0500765 0.106718 4.05477
-0.0600564 0.11636 2.11059
-0.0567227 0.126331 -0.282623
-0.015826 0.964598 -185.547
-0.0192066 0.943042 -180.717
-0.0379796 0.704833 -124.627
-0.0641841 -0.0163702 49.7976
-0.0990562 -0.00813618 54.0492
-0.0736605 0.00360947 46.487
-0.101313 -0.0288396 60.3154
-0.0770918 -0.0390577 56.6313
-0.0531115 0.042559 31.7604
-0.119954 0.00352743 58.9518
-0.069211 -0.040514 52.4827
-0.187709 -0.0412096 104.466
-0.0163908 0.214167 -25.8166
-0.0318985 0.21423 -20.0265
-0.0155224 0.245885 -33.9945
-0.000252236 0.270648 -46.2119
0.00242453 0.305897 -55.9239
0.0100059 0.288353 -55.1742
-0.015406 0.27314 -40.4474
0.00835337 0.316592 -60.8009
0.0431403 0.328193 -81.9758
0.0739102 0.049015 -33.7385
0.0166011 0.0539433 -2.52481
-0.0286221 0.0390226 27.1349
-0.0509252 0.0507484 37.8308
-0.0418496 0.34171 -34.6698
-0.0384011 0.357117 -41.0902
-0.028671 0.343376 -44.822
-0.0125846 0.271985 -40.4131
-0.0167061 0.320853 -47.6418
-0.0323919 0.300223 -31.1955
-0.0153491 0.291126 -41.2975
-0.0349709 -0.0326014 42.8288
-0.0636911 0.0211716 55.5433
-0.0678861 0.196195 19.8286
-0.0288468 0.122866 2.71481
-0.0311212 0.0341298 23.8422
-0.0337269 0.00174107 33.4743
-0.0324793 -0.00962145 34.9953
-0.0270826 -0.006906 29.782
-0.00179149 -0.00554931 5.05886
-0.0402938 0.000663881 39.7794
-0.00452275 -0.00566199 7.87814
-0.0101986 -0.010022 15.4004
0.0166672 0.0201452 -20.315
0.0218897 0.0313881 -14.2205
0.176571 -0.0287242 -169.482
0.0120794 0.0138111 -13.4933
0.00411137 -0.000434596 -2.51416
-1.02344 7.78125 -495.031
-0.00780766 0.0351278 4.16648
0 0.0573706 -10.0945
0.00352023 -0.00256706 -1.47377
-0.00804894 0.0289896 5.81635
-0.0365637 0.00329827 46.1439
-0.0449475 0.00850299 45.1393
-0.0608955 0.0155045 44.2054
-0.0819487 -0.00582277 50.7329
-0.0871477 -0.0308941 57.7141
-0.104162 -0.0296929 58.9838
-0.109934 0.0332095 43.166
-0.0696672 -0.00260292 47.1942
-0.0846491 0.00990426 46.4593
-0.0625686 -0.0103936 47.6287
-0.115255 -0.053657 69.4633
-0.0951088 -0.0154586 54.2843
-0.0548842 0.181734 -5.82462
-0.0171895 0.137174 -5.31885
-0.0167285 0.208955 -23.7751
-0.0222431 0.20864 -22.2463
-0.00250883 0.211577 -29.6419
-0.0175494 0.233416 -29.2738
-0.0661517 0.192381 -0.593803
-0.00775488 0.307533 -52.6587
-0.00488764 0.319062 -56.006
0.0213042 0.304116 -63.907
0.0215604 0.329089 -69.9816
0.0216805 0.333616 -71.4493
-0.00517417 0.311512 -51.9547
-0.00310612 0.327624 -57.1864
-0.00718038 0.0866519 3.57934
-0.0123542 0.0355177 18.5577
-0.0190352 0.0949278 8.18254
-0.0446315 0.356477 -36.1856
-0.0304895 0.343589 -42.2067
-0.0289475 0.38101 -52.5925
-0.0358971 0.388189 -50.3974
-0.0283112 0.318912 -38.7025
-0.0527222 0.281844 -11.2677
-0.0865516 0.294263 11.8049
0.0835562 -0.182772 -2.21449
0 0.298361 -54.6049
-0.0660488 -0.0106216 64.3609
-0.0290335 -0.0343362 37.79
-0.0671962 -0.146233 101.383
-0.117428 -0.0216271 115.485
-0.00630184 0.232947 -45.3564
0 0.226171 -49.4555
0.00937097 0.246352 -63.4635
0 0.226171 -49.4555
0 0.226171 -49.4555
0 0.226171 -49.4555
-0.00694424 0.234925 -44.3586
0.0107349 0.0312027 -16.129
0.00942401 0.0290394 -14.2137
0.00765414 0.0273066 -11.9043
0 0.243479 -53.7716
0.00602833 0.027432 -10.1584
-0.00775346 -0.00107285 12.072
-0.00800887 0.298029 -57.5118
0.00919974 0.293549 -77.2064
0.0135169 0.299539 -84.1921
-0.0335443 0.0101529 44.2212
-0.0386782 0.00976305 44.5316
-0.071486 0.024772 42.1684
-0.0925141 0.00995411 47.2239
-0.0828954 -0.00397371 49.8064
-0.680523 -0.0262598 132.235
-0.0713537 0.0426159 35.7833
-0.0798379 0.0075879 46.5665
-0.0777247 0.0490448 34.2601
-0.0599986 0.0526907 29.8489
-0.0511436 0.205537 -13.801
-0.0579016 0.221736 -16.0766
-0.0280771 0.225148 -24.8463
-0.0153327 0.222122 -27.4469
-0.02707 0.247154 -29.9036
-0.0341478 0.20956 -17.5352
-0.0260806 0.181195 -13.1499
0.0175759 0.269923 -52.5213
0.0512775 0.371631 -91.4835
-0.00582149 0.374509 -69.5523
-0.0401113 0.339139 -45.1488
0.0344138 0.293856 -66.7352
0.0346315 0.308157 -70.9912
0.0247539 0.316713 -68.5414
0.0143991 0.314603 -62.8317
0.00739919 0.290178 -52.0481
0.151475 0.00366386 -65.8984
-0.0677457 -0.0896348 93.0059
-0.0399272 0.128149 12.7411
-0.0317537 0.306979 -32.2316
-0.0041585 0.326008 -55.1432
0.0350882 0.323218 -80.3539
-0.00613264 0.374425 -66.1282
0.0467103 -0.1944 57.2565
0.0259407 0.22901 -56.5782
-0.0125352 0.0367164 24.5424
0 0.0117984 21.5842
-0.00783963 0.103562 4.08455
-0.00783963 0.103562 4.08455
-0.00656746 0.103762 2.95275
-0.00504698 0.104122 1.54187
-0.00370387 0.104102 0.362008
-0.00300514 0.103971 -0.231847
-0.00300514 0.103971 -0.231847
0 0.0395665 14.2395
0.0168568 0.0425504 -3.13576
0 0.125878 -8.55082
-0.00961027 0.144152 -3.45567
0.0164207 0.156317 -33.6423
-0.0168978 -0.0183254 47.6925
-0.0168978 -0.0183254 47.6925
-0.0168978 -0.0183254 47.6925
0.00381008 -0.0200013 33.3855
-0.297659 -0.0768904 394.448
0 0.146873 -13.9533
0.00590622 -0.0165136 21.9171
0.0333004 -0.0109941 -13.6713
0.0333004 -0.0109941 -13.6713
-0.0363499 0.038928 35.9624
-0.0205166 0.0274731 38.7332
0.0608377 0.082822 20.0399
-0.0866776 0.0249606 42.3766
-0.089912 0.0194213 44.2091
-0.0672461 0.052019 32.1173
-0.069258 0.0691974 27.4245
-0.0317643 0.213045 -20.1456
-0.0240807 0.197817 -17.6627
-0.0369926 0.171058 -6.91238
-0.0216701 0.225098 -25.5524
-0.0162795 0.229752 -28.2903
-0.0259169 0.248236 -31.3006
-0.00164809 0.237321 -35.0703
-0.0279605 0.221574 -21.8919
-0.112652 0.200498 11.961
-0.0858393 0.139604 19.48
-0.170249 0.153473 45.3748
-0.0621527 -0.280179 136.847
-0.0585793 -0.195405 110.858
-0.0187194 0.329296 -51.5462
0.0046898 0.320688 -59.7126
0.0116477 0.294491 -56.1917
0.0327005 0.306055 -70.7002
0.043853 0.293365 -72.1382
-0.0191173 0.302605 -40.6523
-0.086816 0.3155 -6.75528
-0.13318 0.350847 9.52053
-0.162526 0.398211 13.2274
-0.0274023 0.298224 -32.2196
-0.00489738 0.279485 -41.3404
0.0272872 0.294475 -67.223
0.0546602 0.300277 -87.7435
0.0702721 0.278769 -92.9357
-0.111988 0.212429 50.7066
0.0794701 0.294738 -104.796
0.081083 0.294003 -105.845
0.0814862 0.293694 -106.076
-0.00400384 0.173504 -5.40437
-0.00541839 0.19279 -10.0299
-5.21398e-05 0.214346 -20.95
0 0 -1
0.0254889 0.22574 -46.794
-0.00100232 0.206643 -18.1323
0 0.241254 -29.4144
0.00725285 0.253887 -40.3242
-0.00473162 0.212731 -14.996
0.00468014 0.146605 -4.98573
0 1.06303 -276.945
-0.00782524 0.153686 6.0339
-0.00561668 0.166283 -0.317163
-0.00548793 0.168437 -1.09517
-0.00127062 -0.0508648 47.7557
-0.291001 -0.0745911 386.073
-0.0083134 0.171555 1.29908
0.00354302 0.199962 -21.3531
0.00273131 0.548045 -124.838
0.00349119 -0.00425534 -1.0517
-0.0406361 0.0868889 21.5287
-0.0455197 0.111511 13.8901
-0.0734175 0.0915767 20.6951
-0.0678246 0.176331 -5.97756
-0.0393906 0.182219 -10.5353
-0.00270893 0.241318 -31.9625
-0.015089 0.28581 -44.2646
-0.0545707 0.247922 -26.8979
-0.0302112 0.210096 -20.187
-0.00882192 0.24249 -33.7805
-0.0270921 0.210958 -19.0691
-0.0191078 0.168978 -8.9824
-0.00452811 0.200224 -22.1511
0.0019659 0.196352 -22.9196
-0.0153841 0.216511 -23.7676
0.277743 0.0610682 -79.9906
-0.15929 0.193614 29.8963
-0.126803 0.157781 46.5566
-0.0823226 0.180275 21.8306
-0.0387336 0.236824 -13.9822
-0.0100779 0.269736 -37.3962
-0.0100836 0.30414 -48.4486
0.0122854 0.307835 -60.2816
-0.0012289 0.313368 -55.8918
0.0291835 0.310086 -69.1796
-0.0228703 0.300921 -38.2242
-0.0806443 0.339597 -17.5108
-0.0354709 0.0557673 21.2528
0 0.152223 -9.28302
0 0.0581752 -0.448242
0.00912025 -0.876412 298.939
0.0822687 0.252399 -92.8967
0.0647092 0.267625 -84.9222
0.0569073 0.285738 -85.3251
0.0689747 0.289285 -95.2134
0.0790626 0.294056 -104.288
0.0818756 0.292978 -106.157
-0.0102752 0.0653102 33.3138
0.00459309 0.145649 -4.15788
0.0187307 0.202392 -33.6436
0.0227214 0.218821 -42.1949
0.0240618 0.222375 -44.4871
0.00526491 0.024029 33.1426
0 0.031746 35.6455
-1.25252 0.0554969 1212.68
0.0624209 0.0625371 -63.01
0.0634336 0.0668126 -65.4215
0.00747143 0.165818 -14.0178
0.0015309 0.156002 -4.63613
-0.00464431 0.16574 -1.20757
-0.00404645 0.167008 -2.24871
-0.00361262 0.169389 -3.46686
-0.00397494 0.171759 -3.79371
-0.00583213 0.172306 -1.83418
-0.00783308 0.171549 0.733529
0.00264398 0.0393718 30.0744
0 0.031746 35.6455
0.00290954 -0.00474879 -0.25015
-0.016617 0.125783 8.70919
-0.0202323 0.160595 -2.84022
-0.0529534 0.179737 -7.44237
0.0111976 0.271917 -43.1072
-0.0164785 0.271303 -39.4163
-0.010269 0.249027 -33.3495
-0.0325387 0.248268 -30.1504
-0.0404784 0.231308 -23.5264
-0.0194607 0.220784 -24.1464
-0.0262046 0.204621 -17.5675
0.479971 -0.45769 76.3667
-0.0152157 0.191119 -16.983
-0.0101626 0.187394 -17.0079
0.0418846 0.0477515 30.8154
-0.00051458 0.172415 -14.6685
-0.380355 0.163122 111.267
0 0 -1
-0.0751529 0.198996 12.3957
-0.0474855 0.202839 0.882636
-0.0468893 0.211986 -3.15433
0.00487529 0.281951 -47.7574
-0.00964015 0.343932 -61.3905
-0.0294027 0.347431 -53.1451
0.0263553 0.34614 -80.1095
0.0180733 0.319763 -66.1675
-0.0192673 0.325618 -48.1553
-0.306138 -0.14414 261.727
-0.0530845 0.274306 -11.5379
-0.037589 0.275185 -21.2322
-0.0143373 0.276461 -36.2622
0.0149044 0.274674 -54.6578
0.0570061 0.262663 -78.9163
0.11348 0.227501 -106.101
0.0689834 0.276649 -90.6325
0.0740352 0.293101 -100.189
0.346732 0.100008 -234.121
-0.0119975 0.334643 -52.2785
-0.00627928 0.336557 -57.5853
0.00926949 0.285685 -53.3207
0.0228897 0.222928 -43.7755
0.0244152 0.219602 -43.9401
-0.00936984 0.368561 -64.7252
0 0.383666 -78.2117
0.0214201 0.389599 -100.317
0 0.383666 -78.2117
-0.0168551 0.304107 -34.8753
-0.0184337 0.278079 -24.6305
-0.0127292 0.191062 -1.38894
-0.00668136 0.163741 1.46342
-0.00269303 0.165879 -3.34539
-0.00193013 0.167566 -4.73149
-0.00159134 0.16979 -5.83723
-0.00289173 0.171492 -4.93517
-0.00559468 0.172003 -2.01263
-0.00789474 0.171892 0.695835
-0.00805597 0.171623 0.974532
0 0.383666 -78.2117
0 -0.0433594 62.1854
0.013781 0.152004 -0.654578
0.00219226 0.1729 -7.84502
-0.00641485 0.203185 -18.2729
0.0453225 0.290687 -52.3798
-0.00750245 0.252654 -33.1222
-0.0539933 0.222074 -17.892
-0.067449 0.195547 -6.75918
-0.0351392 0.191338 -11.113
-0.0338372 0.210915 -18.235
-0.0443488 0.200614 -12.5358
-0.0535211 0.199079 -10.0925
-0.0514053 0.197209 -10.0168
0.0591488 0.0399016 28.546
0.0323925 0.0457039 34.4274
-0.0016195 0.101863 24.5436
-0.0474727 0.171952 14.3872
-0.074919 0.265121 -9.70331
-0.0783486 0.25045 -3.48719
-0.0611286 0.220099 0.177732
-0.0312445 0.219851 -11.9742
-0.0189161 0.381982 -70.2933
-0.0199964 0.35228 -59.4067
-0.0156978 0.340413 -57.441
0.00650719 0.341154 -68.4074
0.0208319 0.332231 -72.238
0.00488757 0.319338 -59.107
-0.0582184 -0.131809 131.215
-0.0459684 -0.161911 134.84
-0.0342006 -0.163194 128.139
-0.0140881 -0.163073 115.448
0.0120467 -0.165959 99.5059
0.0401227 -0.180943 86.0284
0.0570785 -0.250387 98.712
0.107954 0.247233 -108.673
0.0401055 0.296379 -76.0483
0.0688467 0.276026 -90.3883
0.0848531 0.28732 -106.685
0.0975288 0.199644 -85.2779
0.00929344 0.146348 2.23487
0.00973676 0.139157 4.44053
0.00809025 0.13789 6.29559
0.0236508 0.00283346 41.9247
-0.0647499 0.341802 2.33115
-0.0485833 0.14151 59.1915
0.0214687 0.16285 -17.509
0.0230496 0.147103 -13.4008
0.0191234 0.124404 -1.39075
0.0163961 0.101982 9.35901
0.0129734 0.0325498 38.2896
0.0118859 0.0282448 41.0262
-0.00751065 0.224809 -7.23374
-0.00830765 0.031195 62.0669
-0.0141429 0.0442079 63.944
-0.0178185 0.0625837 61.5781
-0.0204664 0.0828465 57.4149
-0.0238684 0.0917893 58.2424
-0.0244015 0.0970255 57.0043
0.0775376 0.027271 -41.7412
0.0191835 0.161707 -4.15633
0.0174001 0.186617 -13.288
0.0446152 0.222686 -27.8664
0.0776247 0.256655 -42.5742
-0.00801243 0.194834 -13.0086
-0.0700398 0.183771 -2.93016
-0.0561891 0.139416 11.1583
0.0240625 -0.0197462 58.0212
0.0219971 -0.144117 104.798
0.0219971 -0.144117 104.798
-0.0535211 0.199079 -10.0925
0.0552991 0.0636834 21.3091
0.0552946 0.0636825 21.3106
0.0255722 -0.0588746 74.4163
-0.000996494 0.129873 14.3096
-0.0227426 0.165055 8.56574
-0.0655444 0.246315 -6.55272
-0.083663 0.239503 2.3812
-0.0771303 0.236468 0.910122
-0.0566005 0.219587 -1.30712
-0.0361767 0.363233 -55.9672
-0.0346759 0.350549 -52.0473
-0.000512737 0.330111 -61.2128
0.0191283 0.328685 -70.191
0.00742619 0.320398 -60.9812
-0.0139177 0.302272 -42.7248
-0.0338424 0.297504 -29.8794
-0.0393839 0.293281 -25.1682
-0.0333084 0.289615 -27.5429
-0.0183077 0.286393 -35.7782
0.000905108 0.283419 -47.1343
0.0231139 0.280498 -60.9137
0.0477838 0.290901 -81.8274
0.0738862 0.307427 -106.498
0.077778 0.259039 -91.0594
0.0506065 0.259906 -70.7018
0.085724 0.265539 -99.8996
0.0845915 0.291083 -107.653
-0.000882817 0.150971 9.06559
0.00405811 0.137105 10.04
-0.0101644 0.392601 -72.9675
0 0.551897 -141.153
0 0.391462 -81.4429
0.0192643 0.16348 -15.6172
0.0169463 0.162007 -12.8695
0.0116787 0.146146 -1.89315
0.0065903 0.124081 11.3005
0.00365629 0.102293 22.3079
0.00992537 0.0327401 41.4243
0.00871337 0.0269397 44.8773
0.00364198 0.0219199 52.2412
-0.00174626 0.0292755 55.4492
-0.00466873 0.0442431 53.1961
-0.00774547 0.0628476 49.8558
-0.0133216 0.0811099 49.6242
-0.0216401 0.0918961 55.5321
-0.0229196 0.0982488 54.739
-0.0240315 0.0976721 56.3168
