0 1 3
1 2 3
2 3 3
3 5 3
5 6 3
6 7 3
7 9 1
9 10 3
10 11 2
11 12 2
12 13 3
13 14 3
14 15 0
15 16 3
16 18 3
18 20 0
20 21 2
21 22 3
22 23 3
23 24 3
24 82 3
82 87 0
87 202 0
32 202 0
33 202 0
33 34 2
34 94 0
93 94 3
38 94 3
38 39 3
39 41 1
41 42 3
42 43 3
43 45 0
45 47 1
47 106 0
49 106 0
49 50 3
50 343 0
109 343 3
111 343 3
109 111 3
43 44 1
44 45 0
56 343 0
3 63 3
5 63 3
49 109 0
18 77 3
20 77 1
82 142 0
106 109 3
7 66 3
32 33 3
9 66 0
87 142 0
89 202 0
32 89 3
39 156 3
41 156 0
11 70 2
38 96 3
39 96 3
45 106 3
10 70 3
33 91 0
50 109 0
62 63 2
16 75 3
34 91 0
3 62 2
9 67 0
18 75 3
87 260 0
66 67 3
142 260 0
39 97 3
201 260 3
34 93 0
96 97 3
94 96 3
2 59 0
6 64 3
7 64 3
39 98 1
98 156 0
1 59 0
5 64 3
13 72 3
14 72 3
16 73 3
20 79 2
21 79 0
32 90 3
114 343 0
0 58 0
3 61 0
10 67 0
15 73 3
22 80 0
82 83 0
89 90 3
97 98 1
42 45 0
1 58 0
12 70 3
13 70 3
14 73 0
73 75 3
22 79 0
23 80 0
83 141 0
42 224 0
45 104 3
2 61 0
32 91 0
45 224 3
104 106 3
7 65 3
65 66 3
72 73 0
79 80 3
90 91 0
106 108 3
108 109 3
112 343 0
59 61 3
64 65 3
70 72 3
42 156 0
104 224 3
58 59 3
61 62 3
63 64 3
10 68 0
23 138 0
91 93 3
97 156 3
156 224 3
18 76 3
80 138 3
67 68 3
75 76 3
23 82 3
68 70 1
76 77 3
75 132 3
83 142 3
82 138 0
59 118 2
61 118 2
70 129 2
72 129 2
73 132 3
72 130 0
93 151 3
96 153 3
67 126 3
68 126 3
73 130 3
79 136 3
94 152 3
94 153 3
20 136 2
93 152 3
152 153 3
172 343 0
231 343 3
58 117 2
59 117 2
130 131 3
73 131 3
77 136 2
82 141 0
146 202 0
89 146 0
114 172 0
77 135 3
138 141 3
96 154 3
61 119 3
68 129 2
129 130 2
141 142 1
153 154 3
106 337 3
108 337 3
58 116 2
62 119 2
62 120 0
63 120 0
63 122 0
64 122 0
65 67 3
67 125 3
76 135 3
89 147 0
108 167 1
109 167 1
111 167 1
116 117 3
65 122 0
135 136 3
79 138 3
90 147 2
90 149 2
166 167 1
125 126 3
68 186 2
129 186 2
131 132 3
87 146 3
91 149 3
104 337 3
120 122 3
136 195 3
79 195 1
91 151 3
117 118 3
65 125 3
126 184 3
68 184 3
96 156 3
108 163 3
119 120 3
122 123 3
131 189 3
75 191 3
146 147 3
149 151 3
163 337 3
163 167 1
118 119 3
65 123 0
132 189 3
132 191 3
76 191 3
87 203 0
142 200 1
142 201 0
146 203 3
147 149 3
120 179 3
138 195 1
154 212 3
96 212 3
224 337 3
122 179 2
141 200 1
151 152 3
156 215 3
163 166 3
141 197 1
149 209 3
167 343 0
227 343 3
152 210 3
153 210 3
125 183 3
76 192 3
203 260 3
149 206 1
151 209 3
135 192 3
138 196 1
200 201 0
147 206 1
167 227 0
184 186 3
135 193 3
141 196 1
163 280 3
141 199 1
96 213 3
156 213 3
280 337 3
166 280 3
118 176 3
119 176 3
123 182 0
65 182 0
130 188 3
131 188 3
191 192 3
192 193 3
196 197 3
199 200 3
208 209 3
153 212 3
212 213 3
197 199 0
153 211 3
156 214 3
122 180 3
123 181 0
195 196 3
149 207 3
211 212 3
214 215 3
116 174 3
180 181 3
125 182 0
125 184 3
149 208 3
210 211 3
213 214 3
228 343 0
117 174 3
120 178 3
182 183 2
183 184 3
147 205 3
206 207 0
207 208 3
152 209 3
167 280 0
227 228 1
119 178 2
129 244 2
188 189 3
205 206 0
217 224 3
179 180 3
181 182 2
186 244 1
146 204 3
147 204 3
209 210 3
156 217 3
223 337 3
117 175 3
118 175 3
203 204 3
204 205 3
224 334 3
223 280 3
217 334 3
175 176 3
215 272 3
214 272 3
227 280 3
176 178 3
178 179 3
219 224 3
174 175 3
184 243 0
197 255 0
215 217 3
219 337 3
184 242 3
183 242 0
130 244 3
219 334 3
280 340 3
227 340 3
176 234 3
130 245 3
135 252 3
136 252 3
201 259 3
259 260 3
178 234 3
244 245 3
195 252 3
197 256 0
181 239 3
188 245 3
192 252 3
193 252 3
197 254 0
255 256 3
175 234 3
186 243 2
132 248 3
191 248 3
196 254 0
254 255 3
248 249 3
191 249 3
199 256 1
182 240 3
188 246 3
192 250 3
250 252 3
174 232 3
175 232 3
178 237 3
179 237 3
180 239 2
181 240 3
189 246 3
189 247 3
132 247 3
195 253 3
204 262 3
230 231 0
183 241 0
252 253 3
195 254 0
199 257 1
203 262 3
211 270 3
212 270 3
228 286 3
175 233 3
179 238 2
180 238 2
182 241 0
241 242 3
242 243 3
246 247 3
253 254 0
200 316 1
201 316 3
205 264 3
206 264 1
209 267 3
212 271 3
213 271 3
213 272 3
215 274 3
219 335 3
335 337 3
286 343 0
233 234 3
237 238 3
245 246 3
192 249 3
207 264 3
208 266 3
209 266 3
210 267 3
267 268 3
210 268 3
211 269 3
232 233 3
200 257 1
259 316 3
207 266 3
210 269 3
269 270 3
270 271 3
227 286 1
240 241 3
271 272 3
272 274 3
217 274 3
227 284 3
238 239 3
249 250 3
284 286 1
266 267 3
239 240 3
256 257 3
243 244 3
207 323 3
268 269 3
334 335 3
257 316 3
266 323 3
272 331 3
205 262 3
274 331 3
217 503 3
334 503 3
178 293 3
178 294 3
264 323 3
274 503 3
284 340 3
234 293 3
237 294 3
238 295 3
260 262 3
293 294 3
237 295 3
231 284 3
243 301 3
223 338 3
284 343 3
244 301 3
254 312 3
260 319 3
262 319 3
262 321 3
267 325 3
331 503 3
333 334 3
337 338 3
280 338 3
234 292 3
253 312 0
260 318 3
205 321 3
333 503 3
292 293 3
294 295 3
253 311 0
311 312 3
319 376 3
247 305 3
259 318 3
205 322 3
233 290 3
318 319 3
232 290 3
233 292 3
238 297 3
240 299 3
241 299 3
241 300 3
242 300 3
242 301 3
245 303 3
255 372 2
259 317 3
268 325 3
269 327 3
270 327 3
270 329 3
271 329 3
340 341 3
239 297 1
239 299 3
300 301 3
246 303 3
246 305 3
249 307 3
250 307 3
256 372 3
256 314 3
256 315 3
257 315 3
264 322 3
266 324 3
272 388 3
335 336 3
336 337 3
284 516 3
231 516 3
299 300 3
244 303 3
246 304 3
250 308 3
250 309 3
316 317 3
323 324 3
268 327 3
271 388 3
338 340 3
299 413 1
303 304 3
304 305 3
248 307 3
252 309 3
314 372 3
317 318 3
321 322 3
268 326 3
270 328 3
331 388 3
284 341 3
297 299 0
247 364 3
307 308 3
325 326 3
326 327 3
327 328 3
328 329 3
290 291 3
305 364 3
132 364 3
308 309 3
314 315 3
267 324 3
329 388 3
334 336 3
297 413 3
255 312 2
324 325 3
341 342 3
284 342 3
305 363 1
319 321 3
333 336 3
233 291 3
304 363 1
363 364 0
253 309 3
312 371 3
255 371 2
322 323 3
291 292 3
244 360 3
301 360 3
303 360 3
295 354 3
238 354 2
311 369 3
312 370 3
315 316 3
297 354 3
369 370 3
299 357 3
253 368 2
311 368 3
357 413 3
370 371 3
340 342 3
318 490 3
321 380 3
315 373 3
319 380 3
380 438 3
338 342 3
309 368 3
368 369 3
342 516 3
292 350 3
297 355 3
322 438 3
291 349 3
291 350 3
295 353 3
355 413 3
371 372 3
321 438 3
337 395 3
231 285 3
349 350 3
353 354 3
329 387 3
387 388 3
336 395 3
338 395 3
285 516 3
293 350 3
301 359 3
327 385 3
328 387 3
331 389 3
402 516 0
300 357 3
300 359 3
326 385 3
388 389 3
389 503 3
401 516 3
290 348 3
293 351 3
294 352 3
359 360 3
303 361 3
304 362 3
317 375 3
318 375 3
325 383 3
326 384 3
328 385 3
328 386 3
401 403 1
401 404 1
285 401 3
350 351 3
351 352 3
352 353 3
354 355 3
300 358 3
360 361 3
361 362 3
362 363 1
307 365 1
308 365 1
315 317 3
319 490 3
383 384 3
384 385 3
403 404 3
358 359 3
248 364 3
248 365 1
315 375 3
375 490 3
490 493 2
376 490 3
319 437 3
324 383 3
385 386 3
357 358 3
376 493 2
324 382 3
386 387 3
291 348 3
309 367 3
380 437 3
308 367 3
315 372 3
364 421 3
322 324 3
382 383 3
336 503 3
363 421 0
365 367 0
324 498 3
401 402 1
348 349 3
248 422 3
382 498 3
365 422 0
376 437 3
367 368 3
373 375 3
372 373 3
322 498 3
359 418 3
360 418 3
364 422 3
388 446 3
389 446 3
438 498 3
357 415 3
387 446 3
350 408 3
413 415 3
434 490 3
336 452 3
395 452 3
367 425 3
368 426 3
369 426 3
434 493 2
358 415 3
363 479 3
368 425 3
338 452 3
421 479 1
386 445 3
387 445 3
342 400 3
351 408 3
358 417 3
359 417 3
360 419 3
361 419 3
370 428 3
373 490 3
380 498 3
384 443 3
385 443 3
445 446 3
400 458 1
460 516 0
348 406 3
348 407 3
349 407 3
350 407 3
351 409 3
352 410 3
353 411 3
354 412 3
417 418 3
362 420 3
365 423 3
365 424 0
369 427 3
371 428 3
371 429 3
385 444 3
386 444 3
401 460 1
407 408 3
408 409 3
409 410 3
410 411 3
411 412 3
412 413 3
418 419 3
419 420 3
421 422 3
422 423 1
423 424 0
367 424 3
425 426 3
427 428 3
372 429 3
383 441 3
384 441 3
444 445 3
338 456 1
428 429 3
443 444 3
406 407 3
358 416 3
362 479 1
426 427 3
373 489 2
342 456 1
400 516 3
401 462 1
416 417 3
420 479 1
372 430 3
382 441 3
429 430 3
373 430 3
441 498 3
441 443 3
452 503 3
415 416 3
424 425 3
446 503 3
430 488 3
430 489 2
488 489 1
400 456 1
449 503 3
416 475 3
417 475 3
391 503 3
413 472 3
391 452 3
415 472 3
429 488 3
437 493 2
422 480 3
443 501 3
415 473 3
373 432 3
441 501 3
391 449 3
408 466 3
421 480 3
432 490 3
409 466 3
416 473 3
416 474 3
422 481 0
423 481 0
400 460 1
400 401 3
406 464 3
407 466 3
409 467 3
410 467 3
419 476 3
480 481 0
424 482 3
425 482 3
425 483 3
401 520 1
407 464 3
410 468 3
411 468 3
474 475 3
418 476 3
423 482 0
426 483 3
428 486 3
437 552 2
462 520 0
411 470 3
412 470 3
413 470 3
413 471 2
420 478 3
429 486 3
516 518 1
460 518 3
411 469 3
471 472 0
417 476 3
419 477 3
478 479 1
427 486 3
486 488 3
444 501 3
338 400 3
467 468 3
419 478 3
380 552 2
468 469 3
475 476 3
476 477 3
477 478 3
482 483 3
488 545 3
432 489 2
400 518 1
469 470 3
481 482 3
426 486 3
489 490 2
444 502 3
445 502 3
446 502 3
466 467 3
434 492 1
401 521 1
470 471 2
473 474 3
426 544 2
472 473 3
483 544 3
541 544 1
486 544 3
452 562 3
562 630 1
501 502 3
400 452 3
401 517 1
479 480 0
552 553 3
483 541 0
490 492 1
492 493 0
464 523 3
407 523 3
466 523 3
481 540 0
543 544 3
475 533 3
476 533 3
541 543 3
482 541 0
489 548 2
490 548 3
380 553 3
472 531 1
473 531 1
474 531 1
541 542 3
380 554 3
471 530 2
539 540 3
542 543 3
492 548 3
400 562 3
472 530 1
474 532 3
474 533 3
480 538 3
493 552 3
469 527 3
477 535 3
478 535 3
482 540 0
493 550 2
553 554 3
464 522 3
470 527 3
531 532 3
532 533 3
476 535 3
492 550 3
498 554 3
522 523 3
466 524 1
468 526 1
478 536 2
498 556 3
520 577 2
523 524 1
467 524 1
469 526 1
470 528 1
471 528 1
530 531 3
479 537 3
480 540 0
486 545 3
441 556 3
502 503 3
517 576 0
401 576 1
401 577 1
467 525 1
467 526 1
535 536 0
480 537 1
520 578 1
401 578 1
524 525 3
527 528 1
478 537 1
540 541 3
544 545 3
554 555 3
498 555 3
391 562 3
538 539 0
562 566 1
577 578 1
526 527 0
538 540 0
548 550 3
555 556 3
441 502 3
528 530 3
537 538 0
489 547 0
488 547 3
550 552 2
536 537 1
547 548 3
550 609 3
552 609 3
525 526 3
545 547 3
556 674 3
502 674 3
441 674 3
528 587 0
530 587 0
530 588 0
532 590 0
476 536 0
503 564 1
391 564 1
562 571 1
401 575 1
531 588 0
531 589 0
533 592 0
549 550 3
571 629 3
532 589 0
533 536 0
552 610 3
553 610 1
560 564 1
391 560 3
576 577 3
589 590 3
536 592 1
548 549 3
533 590 0
539 596 3
609 610 3
502 564 1
587 588 3
588 589 3
545 603 3
547 605 3
554 612 1
522 580 3
523 580 3
541 599 3
542 599 3
547 603 3
553 612 1
502 560 3
562 631 1
533 591 0
538 596 0
543 601 3
576 634 0
577 634 0
525 583 0
590 591 3
543 602 3
544 602 3
544 603 3
562 629 1
401 632 1
523 581 3
524 581 0
524 582 0
525 584 0
526 584 0
527 585 0
527 586 0
528 586 0
536 594 1
539 597 3
540 597 3
542 600 3
602 603 3
549 608 3
550 608 3
553 611 1
555 613 2
556 613 2
575 633 3
524 583 0
583 584 3
584 585 3
591 592 3
599 600 3
600 601 3
601 602 3
548 606 3
549 606 3
608 609 3
610 611 3
554 613 2
632 633 3
401 633 1
401 634 1
580 581 3
585 586 3
586 587 3
537 594 0
603 605 3
611 612 3
556 673 1
502 675 1
582 583 3
547 606 3
673 674 0
606 608 3
612 613 0
556 672 1
630 631 1
581 582 3
540 599 3
672 673 3
400 632 1
596 597 3
597 599 3
603 662 3
605 662 3
605 606 3
537 596 0
613 672 1
536 593 1
592 593 2
593 594 3
608 665 3
589 647 3
592 650 2
599 656 3
588 647 3
593 650 3
597 656 3
590 648 3
537 653 0
596 653 1
601 659 3
586 644 3
596 654 1
597 654 2
600 659 3
602 659 3
602 660 3
606 665 3
585 644 3
587 644 3
590 647 3
594 653 3
597 655 3
600 658 3
603 660 3
400 690 1
580 638 3
581 638 3
585 643 3
591 648 3
599 657 3
599 658 3
605 663 2
581 639 3
584 641 3
643 644 3
587 645 3
657 658 3
606 664 3
609 667 3
610 667 3
562 687 1
632 690 1
582 639 3
583 641 3
584 642 3
585 642 3
644 645 3
588 645 3
588 646 3
593 651 3
594 651 3
655 656 3
605 664 3
610 668 3
612 670 3
633 691 1
401 692 1
647 648 3
658 659 3
659 660 3
665 666 3
611 668 3
611 670 3
613 670 1
401 690 1
633 690 1
401 691 1
646 647 3
651 710 3
654 655 2
656 657 3
662 663 1
664 665 3
608 667 3
667 668 3
668 669 3
611 669 3
613 671 1
641 642 3
642 643 3
651 653 3
653 654 1
663 664 2
608 666 3
671 672 3
638 639 3
592 707 2
666 667 3
690 691 3
645 646 3
591 707 3
562 685 1
583 639 3
650 707 3
669 670 3
639 640 3
583 640 3
650 651 3
640 641 3
648 707 3
662 720 3
663 720 0
670 671 3
562 689 1
660 662 3
638 696 2
639 696 2
653 710 1
560 675 1
650 708 3
651 708 3
646 704 3
660 776 1
660 719 3
662 719 1
560 562 3
647 704 3
673 731 0
648 706 3
706 707 3
654 711 2
674 731 1
642 700 3
643 702 3
647 705 3
653 711 1
655 713 3
656 713 3
719 720 0
664 722 3
665 723 3
671 729 3
672 730 3
673 730 3
645 703 3
704 705 3
660 717 3
664 723 3
669 728 3
670 728 3
670 729 3
674 675 1
560 733 1
401 562 3
641 700 3
643 700 3
644 702 3
645 702 3
703 704 3
710 711 2
657 716 3
658 716 3
659 717 3
717 776 1
719 776 3
722 723 3
666 723 3
669 727 3
671 730 3
675 733 3
640 696 3
641 699 1
648 705 3
708 710 2
654 712 3
656 715 3
657 715 3
668 727 3
674 732 1
674 733 1
699 700 0
643 701 3
701 702 3
711 712 3
712 713 3
658 717 3
663 722 3
668 784 3
732 733 3
700 701 3
705 706 3
713 715 3
721 722 1
667 725 3
727 784 3
730 731 0
731 732 3
696 697 3
640 697 1
663 721 0
666 725 3
727 728 3
728 729 3
729 730 3
640 699 1
702 703 3
708 709 3
709 710 3
715 716 3
401 750 1
640 698 1
707 708 3
698 699 0
715 772 3
716 717 3
720 721 1
725 784 3
697 698 3
713 772 3
711 769 3
710 769 2
719 777 3
720 777 1
666 782 3
700 758 3
701 758 1
708 766 3
713 771 3
723 782 3
729 787 3
699 758 2
707 766 3
712 771 2
717 775 3
716 775 3
728 787 3
705 763 1
730 788 3
699 757 1
757 758 2
703 761 1
704 761 1
706 763 1
715 773 3
716 773 3
729 788 3
697 755 2
698 757 1
702 761 1
725 782 3
782 783 0
725 783 2
731 790 3
732 790 3
696 754 2
698 755 3
702 759 1
702 760 1
704 762 1
706 764 3
707 764 3
720 778 1
720 779 1
721 779 2
722 780 0
723 781 0
783 784 1
727 785 3
731 789 3
754 755 3
698 756 1
701 759 1
760 761 1
761 762 0
704 763 1
763 764 3
771 772 3
777 778 3
778 779 0
779 780 1
722 781 0
781 782 1
784 785 3
728 785 3
787 788 3
788 789 0
789 790 3
733 790 3
562 859 1
773 775 3
776 777 3
780 781 2
758 759 1
759 760 3
762 763 0
710 768 2
775 776 2
709 766 3
709 768 3
768 769 3
711 771 2
785 787 3
711 828 2
772 773 3
755 756 1
771 828 3
756 757 3
401 810 1
764 766 3
560 909 1
401 865 1
773 832 3
775 832 3
733 909 1
766 768 3
769 827 3
771 829 3
766 823 3
766 825 2
768 827 3
772 829 3
785 844 3
768 825 3
711 827 3
784 842 1
787 844 3
775 833 3
783 842 1
759 816 3
759 817 3
760 817 3
764 822 3
766 822 3
768 826 3
826 827 3
827 828 3
776 833 3
762 820 3
763 820 1
822 823 3
782 840 3
785 842 1
790 849 1
733 849 1
755 813 1
756 813 1
763 822 1
766 824 3
824 825 3
777 835 1
780 839 1
781 839 1
781 840 1
783 840 1
560 914 1
754 813 1
758 816 1
832 833 3
776 835 1
778 835 1
785 843 3
787 845 3
849 909 3
562 914 1
754 812 1
757 816 1
761 819 2
820 822 2
823 824 3
772 888 3
773 888 3
773 831 3
776 834 2
778 836 1
779 837 1
780 838 1
783 841 1
842 843 3
787 846 3
788 846 3
788 847 1
789 847 1
790 848 1
812 813 3
760 819 3
762 819 2
831 832 3
833 834 0
834 835 1
835 836 0
836 837 3
837 838 1
838 839 2
839 840 0
840 841 1
841 842 3
843 844 3
847 848 3
756 814 1
816 817 3
828 829 3
848 849 3
825 826 3
844 845 3
813 814 3
757 814 1
817 819 3
831 888 3
845 846 3
560 913 1
819 820 2
846 847 3
913 914 3
814 816 3
829 888 3
560 910 1
909 910 3
560 912 1
843 902 3
844 902 3
912 913 3
829 887 3
814 872 3
816 872 3
831 889 3
832 889 3
845 903 3
887 888 3
844 903 3
908 909 3
560 911 1
820 879 1
822 879 3
849 908 3
910 911 3
911 912 3
562 919 1
816 875 3
824 882 3
825 882 3
846 903 3
401 919 1
816 931 3
817 875 3
819 876 3
823 882 3
827 885 3
832 890 3
902 903 3
872 931 3
816 874 3
817 876 3
825 883 3
828 885 3
889 890 3
833 891 3
813 872 3
819 877 3
820 877 2
822 881 3
823 881 3
882 883 3
828 887 3
832 891 3
834 891 1
834 892 1
843 901 3
847 906 3
849 907 3
562 918 1
812 870 3
813 871 3
874 875 3
826 885 2
834 893 1
835 893 3
836 894 1
837 895 1
838 896 1
839 897 1
840 898 1
841 899 2
842 900 3
842 901 3
901 902 3
846 904 3
847 904 3
848 906 3
848 907 3
870 871 3
871 872 3
874 931 3
875 876 3
828 886 1
890 891 3
892 893 3
893 894 3
894 895 3
895 896 3
896 897 3
897 898 3
898 899 3
899 900 3
900 901 3
907 908 3
876 877 3
822 880 3
885 886 1
888 889 3
891 892 3
879 880 3
880 881 3
886 887 0
906 907 3
826 883 3
903 904 3
881 882 3
562 973 1
883 885 2
914 973 1
820 936 1
401 1036 1
877 936 1
919 1036 1
909 967 3
910 967 3
562 974 1
879 936 3
904 963 3
847 963 3
908 967 3
973 974 0
918 919 3
904 962 3
882 941 3
962 963 3
883 941 3
883 942 3
885 942 0
887 946 2
906 963 3
876 935 1
877 935 1
888 946 3
902 960 3
912 971 1
913 971 1
562 975 1
872 930 3
880 938 3
881 939 3
901 960 3
914 972 1
974 975 3
918 975 1
930 931 3
880 939 3
901 959 3
903 960 3
903 961 3
904 961 3
913 972 1
972 973 3
874 932 3
875 932 3
879 937 3
938 939 3
889 946 3
889 947 1
891 949 3
892 949 3
900 959 3
907 965 3
911 969 3
870 928 3
871 929 3
931 932 3
876 934 0
880 937 3
885 943 1
886 944 3
890 947 1
890 948 1
892 950 3
893 951 3
894 952 0
895 953 0
896 954 3
897 955 3
898 956 3
899 957 1
900 958 3
959 960 3
960 961 3
961 962 3
906 965 3
908 965 3
908 966 3
910 968 3
910 969 3
912 969 3
912 970 3
918 976 1
919 977 1
928 929 3
929 930 3
875 933 0
875 934 0
934 935 1
935 936 3
882 939 3
943 944 3
946 947 3
947 948 3
890 949 3
949 950 3
950 951 3
951 952 0
952 953 3
953 954 1
954 955 3
955 956 3
956 957 1
957 958 0
906 964 3
966 967 3
967 968 3
968 969 3
969 970 3
970 971 1
971 972 3
976 977 3
977 1036 3
932 933 0
933 934 3
936 937 3
937 938 3
942 943 1
948 949 0
958 959 3
975 976 3
965 966 3
887 944 2
963 964 3
964 965 3
941 942 3
942 1000 0
939 941 3
944 1002 3
887 1002 2
943 1000 0
946 1002 3
1002 1003 3
946 1003 3
964 1022 3
939 998 3
941 998 3
941 999 3
942 999 3
946 1004 3
965 1022 3
947 1004 3
963 1020 3
938 997 1
939 997 1
962 1020 3
931 989 3
932 989 1
934 992 1
947 1005 3
963 1022 3
974 1032 3
935 992 3
935 993 3
948 1005 3
1020 1021 3
963 1021 3
972 1030 0
973 1032 0
975 1032 3
961 1019 3
1021 1022 3
971 1030 0
973 1031 0
928 986 1
929 987 1
930 988 3
930 989 3
932 990 1
933 991 1
936 994 0
937 995 0
938 996 1
943 1001 3
948 1006 3
949 1007 3
950 1008 3
951 1009 3
952 1010 1
953 1011 1
954 1012 3
955 1013 3
956 1014 3
957 1015 0
958 1016 3
959 1017 3
960 1018 3
960 1019 3
962 1019 3
965 1023 3
966 1024 3
967 1025 3
968 1026 3
969 1027 3
970 1028 3
971 1029 0
975 1033 3
976 1034 3
977 1035 3
986 987 3
987 988 0
988 989 3
990 991 3
991 992 3
992 993 3
993 994 0
994 995 1
995 996 1
996 997 3
997 998 0
998 999 3
1000 1001 1
944 1001 3
1005 1006 3
1006 1007 3
1007 1008 3
1008 1009 3
1009 1010 3
1010 1011 3
1011 1012 3
1012 1013 3
1013 1014 3
1014 1015 3
1015 1016 3
1016 1017 3
1017 1018 3
1018 1019 3
1019 1020 3
1022 1023 3
1023 1024 3
1024 1025 3
1025 1026 3
1026 1027 3
1027 1028 3
1028 1029 3
1030 1031 3
1031 1032 3
1032 1033 3
1033 1034 3
1034 1035 3
1035 1036 3
989 990 3
999 1000 0
1004 1005 3
1029 1030 3
1001 1002 3
1003 1004 3
