-0.0315847 0.0687728 27.6157
-0.0315845 0.0687727 27.6157
-0.0301328 -0.0123038 28.2848
-0.0562628 -0.05054 31.0354
-0.0563088 0.0337787 29.5939
-0.054696 -0.000527304 29.8577
-0.0487256 0.0422191 28.5418
-0.0409503 -0.00478368 28.3421
0.137162 -0.326006 0.786291
0.0431955 -0.141597 18.5172
0.0014816 -0.193371 28.1939
-0.237736 -0.0888626 84.2008
-0.0267942 -0.0367416 29.4187
-0.0556177 -0.0586233 38.1512
-0.0559917 -0.0606749 38.3839
-0.0193112 0.0517689 17.8718
-0.0259967 0.0352176 19.4823
-0.014763 0.0263015 15.1275
-0.00875578 0.00777826 13.4386
0.0817153 -0.0627859 -21.5136
0.386573 -0.0594497 -160.022
0.157286 0.0334331 -58.5531
0.120495 -0.0632852 -40.1547
0.138365 -0.0940727 -49.2287
0.142145 -0.012381 -52.3637
-0.00632561 0.0328389 12.6629
0.0640687 0.00272979 -28.3767
0.043193 0.0208232 -15.8953
0.043193 0.0208232 -15.8953
-0.180865 0.0263472 132.688
-0.00913336 0.188755 28.7106
-0.063887 -0.279963 68.0954
-0.0453481 -0.307531 55.3016
0.0403712 -0.317777 -6.63825
-0.067591 -0.0560659 71.0757
-0.0908031 -0.0324038 88.6013
-0.1627 0.0934982 126.929
0.0344479 0.00476893 -25.2694
0.0110948 -0.0103674 -5.3391
-0.0121551 -0.0147609 14.1199
-0.00703259 -0.0183161 9.13902
0.0554704 -0.247213 -29.8835
0.0519593 -0.196039 -27.3224
0.0527489 -0.171403 -28.12
0.0265716 -0.0425885 59.1944
-0.00292931 -0.000927437 5.00153
-0.0882427 -0.0316846 111.309
-0.131271 -0.0784848 155.445
0.0533854 0.320312 -40.8568
-0.0927794 0.0479543 126.286
-0.0592999 0.064342 89.7761
-0.0355443 0.0593786 64.0205
0.0465435 0.108611 -28.0222
-0.0140322 0.0996047 40.9704
-0.0087931 0.115986 35.1407
-0.29 -2.56798 415.364
-0.149818 -0.0920783 231.729
0 -0.0889915 50.2393
0.0467019 -0.470559 29.5171
0.0509451 -0.420311 27.9737
0.0467163 -0.350049 26.0351
0.0904195 -0.221357 18.1794
0.135669 -0.336504 18.9915
-0.039222 -0.016153 28.3769
-0.0372365 0.0066202 27.5171
-0.0477917 0.00251468 29.3828
-0.0587982 0.0141677 30.6561
-0.0379163 -0.041965 28.4437
-0.0196571 -0.0895213 26.1407
0.0284951 -0.310793 22.453
-0.0426428 -0.0908049 36.4054
-0.044344 -0.0385362 34.8124
-0.0633679 -0.0464895 40.5488
-0.0114632 0.0358296 14.6427
-0.00561642 0.0519413 12.269
-0.0386173 0.029003 24.8682
-0.037438 -0.00667409 24.9404
-0.009031 -0.0820011 16.5891
-0.0185671 0.0610172 12.8414
-0.0350051 0.0100804 22.2316
-0.0164958 0.00498098 13.4963
0.0331613 0.0140889 -10.9558
0.131206 0.0152664 -46.399
-0.0321691 -0.00964704 28.5529
-0.0473146 0.0296621 35.8283
0.0730917 -0.0128835 -33.3462
0.193064 0.0262376 -104.587
-0.0857672 -0.0927903 69.4115
-0.0802406 -0.322633 80.8844
-0.0712441 -0.30455 73.9025
-0.0500304 -0.394009 61.0409
-0.0791995 -0.0530038 65.6352
-0.0214999 0.236551 12.2543
-0.0385214 -0.0422952 33.2043
0.0047559 -0.00892274 -0.9856
0.00730286 0.00557983 -3.73944
0.000519797 -0.00934795 3.55612
-0.0271722 -0.0150016 27.434
0.151795 -0.0825615 -117.049
0.0488818 -0.194345 -24.5107
0.0215007 0.0230201 -4.50457
0.0243526 0.144849 -8.0885
0.183594 -0.535156 -145.488
-0.0035613 -0.00901783 5.56393
-0.0028456 -0.000498669 4.90628
-0.00413164 -0.00650998 6.08385
-0.00266227 -0.000217589 4.70468
-0.00482333 0.000960064 6.55645
-0.002137 6.82396e-05 4.14201
-0.0019539 0.00173773 3.89887
-0.00540866 0.00115775 7.23867
-0.00179063 0.00218324 3.69984
-0.0560178 -0.0720673 78.5217
0 -0.0462891 11.2798
0.296033 -0.146843 -262.374
0.0547499 -0.134886 33.6371
0.0244211 0.052452 7.03427
0.021194 0.00743669 9.76683
0.0180442 -0.0552109 14.6807
0.00922613 -0.129471 19.2747
0.0424071 -0.0067552 8.32041
0.0128395 -0.0732235 15.4423
0.0631183 -0.183384 16.319
0.0518499 -0.107798 13.1353
-0.0662161 0.0124787 32.134
-0.0208049 -0.100394 28.5228
-0.0359714 -0.0795002 30.2101
-0.1211 -0.0739683 52.4213
-0.0230683 -0.175316 31.6531
0.0405707 -0.300708 19.4302
-0.0149233 -0.0425006 19.7588
0.0210205 0.0272147 4.05073
0.0307075 0.0150337 2.03988
-0.102548 0.031525 48.458
-0.0674232 0.0252511 35.1463
-0.0534615 -0.000992909 30.9062
0.0195194 0.0240233 -1.54729
0.132342 0.0162892 -50.8785
-0.0143167 -0.0208071 13.8013
-0.0217984 -0.0306371 17.7756
0.0616013 0.439926 -43.9597
-0.00182342 -0.0471984 7.7951
-0.0904882 -0.0311162 63.4012
-0.0723558 0.00942315 51.1467
0.00703527 0.023279 -3.01945
-0.0817733 -0.357462 79.3908
-0.0336211 -0.156286 36.8606
-0.00266624 -0.0901317 12.0897
-0.0119427 -0.10978 20.0225
-0.0393264 -0.0474594 36.436
-0.0635286 -0.00648181 51.5764
-0.0624516 -0.0277728 51.6201
-0.0080906 0.0026664 8.37515
0.00934784 -0.0073761 -4.35443
-0.00308399 -0.0305447 7.27747
-0.00986834 -0.0241263 12.7404
-0.00279551 -0.02015 5.79422
-0.00397357 -0.0101535 5.95737
-0.0129475 0.158951 5.97611
0 0.169807 -6.65472
-0.00460541 0.166934 -2.05948
-0.0026632 -0.0137041 4.87565
-0.00952549 0.15355 3.96749
-0.00162379 0.000680506 3.56228
-0.00371748 0.167525 -2.62086
0 0.163356 -6.24911
-0.00154776 0.00121785 3.44863
0.267519 0.122147 -203.844
0.264353 0.118709 -200.092
0.0104198 0.094426 -14.9214
-0.0131712 0.11905 11.502
0 0.0460633 -0.47844
0.114683 0.291104 -84.1581
0 -0.0800223 109.347
0.0296359 0.0766717 5.39284
0.0227415 0.0574604 7.20662
-0.00243408 0.0135647 11.3824
-0.00628496 0.113741 3.71878
0.0069838 0.0799514 5.02912
-0.0334046 -0.0283755 18.1308
-0.0540465 -0.133627 27.4581
-0.0598226 0.0344994 14.5354
0.255696 -0.0607355 -32.5768
0.0144601 -0.178068 24.8527
-0.00545422 -0.155909 27.6263
0.0175987 -0.00439009 13.2177
-0.137187 -0.155044 60.1948
0.059447 0.00622741 -6.00347
0.00262583 0.0151372 10.9295
0.00547053 0.0251922 9.05243
0.0257969 0.017316 2.76575
-0.0866902 0.0125647 43.5382
-0.0592829 0.000905149 33.7471
-0.0579227 -0.0179207 35.7348
0.0461302 -0.0154281 -10.1842
0.0824654 -0.0182526 -25.5937
0.0608628 -0.11305 -8.47423
0.0911869 -0.0949209 -25.1337
0.0513881 -0.0501997 -7.22507
0.0231686 -0.42155 25.7774
0.0228102 -0.418519 25.7054
-0.0246827 0.0159097 17.0619
-0.0675054 -0.130294 50.289
0.0150268 -0.0388019 -3.43733
-0.00883911 -0.0811821 15.3166
-0.00654258 -0.0291031 10.2017
0.0401113 -0.767536 35.4167
-0.0301506 -0.0512016 30.564
-0.0320511 -0.0634892 33.2484
-0.0399566 -0.0225483 34.8396
0.00130236 -0.00432489 2.13441
-0.020817 -0.0119651 20.2124
0.00186039 -0.0248422 2.54248
-0.0106122 -0.023426 13.1545
-0.0108116 -0.0176134 12.9634
0.0060977 -0.0176983 -2.29452
0.00460642 -0.0101499 -1.31875
-0.001637 -0.00353197 3.94458
-0.00319505 -0.00734023 4.91042
-0.00173096 -0.00197567 3.88461
-0.00186208 -0.00579261 3.41635
-0.00231539 -0.00542229 3.86228
-0.00337584 -0.114378 13.809
-0.00132826 0.00151846 3.18877
-0.00261494 -0.00243682 4.77648
0.268107 0.114729 -204.046
-0.026857 0.235198 119.216
-0.00107007 0.00239389 2.83547
-0.029152 -0.0728034 48.7242
0.0137763 -0.0276435 -12.5581
-0.191118 0.132877 231.349
-0.000855214 0.00289009 2.55234
0.0226305 0.10423 3.2936
0.00843903 0.100632 4.16274
-0.00426849 0.10098 4.32135
-0.0136498 0.125269 3.22027
-0.00575851 0.117566 3.06462
-0.0313461 0.0904092 8.41529
-0.0675532 0.186944 2.82416
-0.0562547 0.0933928 8.46625
0.0217948 -0.0230575 6.18299
0.0437426 0.0214273 -3.28601
0.0779632 -0.0624186 -2.2649
0.0239975 0.0104027 2.79333
0.0855469 0.0591163 -18.6239
0.0476028 0.0224394 -3.14597
-0.00180806 0.00440578 13.5119
0.00149316 -0.00023922 12.4735
-0.0601142 -0.00084212 35.0556
-0.0895978 0.000992887 45.3562
-0.0698562 0.00591179 36.4044
-0.0308435 -0.0492023 25.9097
0.0125338 -0.0286515 5.37072
0.0459623 -0.0767924 -4.14531
-0.00748682 -0.178208 26.1884
0.0572065 -0.166041 -6.65533
0.0117247 -0.0815262 7.51292
0.000400948 -0.0572713 11.7433
-0.0279111 -0.047958 26.4738
-0.0227451 0.0144477 16.6743
-0.0141052 0.0135652 11.6132
-0.00600494 0.00437927 7.32649
-0.0154805 -0.000133086 13.8574
0.00220554 -0.0169551 3.24255
-0.0131843 -0.0376923 17.1983
-0.0109938 -0.0505963 16.802
-0.0402008 -0.0360842 36.3197
-0.0121106 -0.0161665 13.1869
-0.00474557 -0.0174404 7.65441
-0.0134023 -0.0104685 14.1136
-0.0104919 -0.0183902 12.2226
-0.00480221 -0.0187451 7.56474
0.00390924 -0.00832172 -1.16072
0.00565186 -0.010392 -2.42264
0.0118382 -0.00690006 -7.91555
0.00992321 -0.153453 7.67517
0.0283568 -0.16011 -9.49252
-0.00753553 -0.165121 25.4555
-0.00182405 -0.158483 19.2434
-0.0147615 -0.161988 32.9815
-0.00129636 0.0015607 3.14956
0.00302172 0.0112163 -3.32612
0 -0.163145 18.1094
0.0058989 -0.155671 10.6316
-0.000728558 0.00267269 2.42097
-0.000457212 0.00307718 2.04922
-0.0153535 -0.0835534 33.5373
0.0156297 -0.266753 13.9379
-0.213614 0.132106 258.555
0 0.114947 1.15988
-0.0057152 0.109066 3.59025
-0.00151977 0.0814097 7.67478
0.00508363 0.108694 4.19485
0.000152337 0.101227 5.11419
-0.0154862 0.0961241 6.92095
-0.0385307 0.0784257 11.6048
-0.0311945 0.107422 6.71691
-0.0221083 0.0388082 13.795
-0.122921 0.0291106 31.064
-0.00185466 0.0338384 4.84596
0.0203571 0.0238962 1.55827
0.0593377 0.0282373 -8.18683
0.0718234 0.113796 -21.3331
0.0335566 0.0349681 -0.726282
0.0170335 -0.0138278 9.51309
-0.00850915 -0.00644023 16.6426
-0.0299008 0.00612005 22.8393
-0.0941531 -0.0193873 49.2186
-0.0782332 -0.0442575 45.2184
-0.0139214 -0.0586291 20.1434
-0.0233948 -0.107216 29.9032
-0.0275239 0.00312841 16.4933
-0.0148131 -0.0345496 14.7432
0.0427422 -0.037199 -14.5682
0.0397088 -0.0663031 -9.62635
-0.00084836 -0.0587538 12.1593
-0.0329394 0.00254052 24.1721
-0.019419 -0.0279807 18.6895
-0.0186668 -0.00146768 15.3305
-0.0177031 0.00404176 14.1434
-0.0288479 -0.0055456 23.2201
-0.00880474 -0.0135476 9.99883
0.00613473 -0.028567 1.77855
-0.00306433 -0.0569368 11.8108
-0.00410807 -0.00725184 6.4442
-0.00871749 0.00252368 8.63665
-0.00972336 0.00211261 9.28539
-0.00599106 -0.0153222 8.40541
-0.0111082 -0.00296645 11.0996
-0.0103368 -0.00729581 11.1469
-0.0112425 -0.0098129 12.0826
0.0112639 -0.00411802 -7.99502
-0.00203949 -0.00792469 4.15275
0.00139628 -0.00119123 0.768344
4.53405e-05 -0.00214267 2.18148
-0.00113621 -0.000283237 3.14272
0.00104578 0.000563784 0.879497
-0.00169962 0.000169103 3.68397
-0.000432073 0.00199959 2.17831
0.00247187 0.0188212 -3.50719
-0.00076184 0.00225339 2.50037
-0.000678816 0.00246837 2.38564
-0.000484933 0.00273103 2.13443
-0.00142347 0.00251085 3.25353
-0.107422 0.716797 114.522
0.119911 0.0633148 -146.115
-0.132736 -0.500191 230.295
0 -0.458585 64.7539
-0.0160606 0.0379979 13.3336
-0.00552659 0.0150886 16.7043
-0.013114 0.0197507 16.3116
-0.00551131 0.0209444 15.5379
-0.0261342 0.0275482 16.3011
-0.0322401 0.0285114 16.7789
-0.0368162 0.04038 15.9793
-0.0430962 0.0335617 17.741
-0.138168 0.0371281 33.2144
-0.0491968 0.0598663 11.5368
0.0154385 0.0694757 -3.22153
0.0697082 0.0618113 -14.3582
0.0187431 0.0507677 1.49036
-0.0108882 0.0121372 15.2788
-0.0214009 -0.0142508 21.721
-0.0790955 -0.00479356 72.2937
0.0526312 -0.0124456 -4.00672
-0.0142006 -0.00115914 39.8171
-0.0852902 -0.0579117 49.2711
-0.0488223 -0.0608089 34.1369
-0.0413568 -0.0249824 26.7199
-0.0265625 0.0178922 14.0632
-0.0100821 0.0160876 6.45521
-0.0442889 0.0138134 22.8068
0.0189727 -0.0350819 -2.4214
-0.000408482 -0.0120497 4.05366
-0.00791442 -0.0486224 14.5125
-0.012652 -0.0240923 13.4819
-0.0191669 0.0204782 11.7873
0.109946 -0.00740454 -66.8755
-0.00373302 -0.0307748 10.1152
-0.0160732 -0.0192827 15.9638
-0.0162032 0.0102554 11.3989
0.0381108 0.19795 -51.7172
-0.00432542 -0.00834003 6.94572
-0.0085474 0.000873892 8.59277
-0.00316027 0.000278758 4.47788
-0.00928519 -0.00361725 9.83547
-0.0175432 -0.00199044 16.4748
-0.00488236 0.00373999 4.85847
0.00604965 -0.0044167 -3.52792
0.0100303 -0.000664993 -7.4388
0.00525182 -0.000191782 -3.02187
0.000361196 0.0027805 1.291
-0.00593121 0.00987053 5.66595
-0.00437806 0.0147462 3.46279
-0.000699088 0.00272167 2.21253
-0.000120167 0.00141117 1.94253
0.0148118 0.0204708 -16.7009
-0.00117695 0.00387463 1.99951
0.00448015 0.0329988 -4.93308
-0.0164409 0.00588082 19.7267
-0.000187886 0.00298713 1.75778
-0.000225228 0.00309801 1.77452
0.137857 -0.0662732 -74.2912
0.0275662 0.15407 -37.8006
0.0308543 0.146291 -40.7737
0.315143 -0.0359786 -330.987
-0.0061938 -0.00691709 19.8909
-0.0107085 -0.00753513 20.0265
0.00144314 0.00544155 17.102
-0.014563 0.00463961 18.4583
-0.0293698 0.00124856 20.122
-0.0188159 0.0132912 17.2783
-0.0438053 0.024213 19.0163
-0.0837858 0.0262942 25.0102
-0.105352 0.0590382 23.859
-0.0554156 0.0633386 11.9822
0.0116825 0.0977998 -6.96991
0.0567469 0.0572914 -10.6167
0.0234238 0.04855 0.301006
-0.0323615 0.0266856 18.9004
-0.0468865 -0.00379837 27.8201
0.13966 -0.026888 -32.5407
0.084539 0.00223973 -17.5052
-0.0151314 0.00951058 38.5803
-0.0556854 0.0206975 25.1362
-0.0376715 0.0274824 16.7658
-0.014786 0.0209902 8.1858
-0.00788925 0.0333856 2.91178
-0.0347801 0.0266893 16.5845
-0.0319386 0.0312221 13.8163
-0.00697227 0.0144673 3.78869
-0.00314562 0.0263225 0.447708
-0.0147974 0.0582468 2.18818
-0.0124795 0.104636 -7.99685
0.0294943 0.0182186 -17.8365
-0.00146976 -0.00206515 3.69057
0.108357 -0.0527221 -54.8862
-0.0293253 0.0250915 18.1713
-0.00080924 -0.0115838 3.82773
0.0495646 0.0109658 -35.7201
-0.0083237 -0.0152897 10.7252
-0.0150132 0.0229558 9.78517
-0.00861965 0.00707261 7.60922
-0.0169548 0.00484903 14.591
-0.0106326 0.00538808 9.35906
-0.00432484 0.0093403 3.50127
0.00274674 0.00671364 -2.17286
0.00950253 0.0166873 -9.79617
0.294414 0.0216853 -270.063
0.000507891 0.000930766 1.78646
-0.00236713 0.175938 -23.2259
0.0265895 0.167706 -50.2132
0.000394247 0.00287243 1.1717
0.0086949 0.0395912 -13.387
0.0153165 0.0300478 -18.628
0.0150944 0.0381649 -19.164
-0.213685 -0.15137 343.374
-0.141186 -0.0675595 256.602
-0.142324 -0.0695959 258.208
1.47045e-06 -0.223354 115.302
-0.0445368 -0.125839 152.808
0.342352 -0.0820107 -313.995
0.31223 -0.0662757 -174.649
-1.20014 -0.455663 1603.67
0.00323442 -0.0150556 20.9491
0.00178238 -0.0057742 19.3792
-0.000650184 -0.0012539 18.6696
-0.0308702 0.0282946 15.6358
-0.0244718 0.00814146 18.6238
-0.0202582 0.0468461 11.2477
-0.0300209 0.0338842 15.0903
0.257926 0.461511 -107.95
-0.081818 0.0613927 18.9274
-0.0267466 0.112849 -1.3397
0.00696566 0.222767 -27.8036
0.0269947 0.18899 -27.2945
-0.00540879 0.0902007 0.109643
-0.0457334 0.0573292 17.3255
-0.0642539 0.0616902 21.7127
-0.0406246 0.000725695 58.9953
0.144969 0.00729596 -39.2584
-0.0735946 0.0584188 26.4915
-0.0539526 0.0453149 20.8101
0.000425367 0.087053 -9.4107
-0.017196 0.166929 -18.1913
0.039848 0.0741928 -26.0968
-0.0266319 0.10492 -1.12132
-0.0180554 0.130592 -10.5058
-0.00874819 0.1519 -19.423
-0.198381 0.267486 68.5085
0.00689927 0.0590841 -9.69409
0.0650068 0.0484006 -36.3233
0.0520114 0.0021888 -19.4491
-0.127353 0.175312 56.9814
-0.116779 0.235623 37.6691
-0.0181797 0.0432124 7.35141
-0.00634745 0.025245 2.00361
0.00467476 0.055145 -10.9596
-0.0115392 0.0194004 7.3665
0.0342678 0.065195 -36.4617
-0.00679658 0.0343116 1.3212
-0.0115091 0.00707638 9.80952
-0.00352165 0.00999124 2.71988
0.0028682 0.000733848 -0.915566
-0.00494185 0.0191669 2.47205
0 0.139568 -23.7959
-0.0264097 0.154572 -2.37253
0.00558479 0.0224674 -7.03577
0.013124 0.0412483 -17.9205
0.00913334 0.0399179 -13.556
0.0101639 0.0440605 -15.4645
0.00861957 0.0461581 -14.3748
0.0134722 0.0363205 -17.6621
0.0191618 0.0275659 -21.9078
0.191264 0.312412 -177.504
-0.0311806 0.131295 14.7459
-0.000399078 0.00303519 1.99353
0.0167495 0.0745494 6.34747
-0.0248543 -0.0911006 123.977
-0.0437594 -0.230776 106.959
0.312655 -0.115933 -344.909
0.382009 0.0114587 -421.972
0.00797196 -0.00705707 19.0346
0.012125 -0.0174719 21.2525
-0.100976 0.0602601 31.0608
-0.100434 0.11013 20.7926
-0.09567 0.122347 17.8219
-0.0376289 0.036078 15.2824
-0.0879239 0.0147285 38.006
-0.089618 0.10742 18.9604
-0.0752658 0.0998853 18.135
-0.074714 0.178038 2.27254
-0.0759529 0.233121 -9.47854
-0.0168125 0.200775 -17.5035
-0.0717711 0.0939426 17.5379
-0.0389595 0.0855077 10.0655
0.114656 -0.422748 60.5563
-0.0243353 -0.00879443 55.2085
0.175699 -0.0729686 -35.37
0.103848 0.272967 -90.8835
0.0642055 0.327195 -87.5789
0.0934311 0.310306 -97.4204
0.0741803 0.323345 -91.2832
0.0667443 0.24834 -72.8049
-0.0246407 0.220753 -23.8582
-0.023778 0.214411 -23.392
-0.0069171 0.25704 -40.644
0.0179644 0.231533 -48.5893
0.0658916 0.154362 -59.1558
0.0411447 0.216519 -57.3717
0.0122814 0.15303 -26.2904
-0.0716532 0.24594 6.71017
-0.109735 0.204269 39.7532
-0.047071 0.0672439 23.216
-0.0111536 0.0638336 -1.13598
-0.0131441 0.0519867 3.35414
-0.0282768 0.0419229 17.0224
-0.01978 0.0431445 10.1387
-0.0179299 0.0321271 10.8089
-0.0279862 0.0462102 15.8183
0.000281135 0.00508328 0.706911
0.0726113 -0.0861655 -40.8485
1.25637e-05 0.00317061 1.50161
-0.196722 0.419512 105.115
-0.0776859 -0.000407204 87.6912
-0.0732724 0.0192522 79.5216
0.00900893 0.00632466 6.00254
0.00592798 0.00666024 8.99021
-0.0115996 -0.120352 51.9146
0.0132347 -0.13539 29.9005
-0.0804332 0.0705344 83.3159
-0.0512876 -0.0912214 86.8695
1.07834 -0.0937808 -1132.21
0.00596575 0.01934 -2.95621
0.0522273 0.074787 -66.9524
0.136689 -0.191127 -104.474
0.016986 0.408713 -89.6539
0.0156807 0.420171 -90.3026
0.162736 -0.141695 -148.969
0 -0.254929 74.8004
0.020393 -0.0176375 21.2138
0.022605 -0.00899842 18.4884
0.0270367 0.134661 -14.5886
-0.0328197 0.0665512 3.37542
-0.0535963 0.130877 -11.2155
-0.0107883 0.211591 -35.0661
0.0228256 0.191095 -34.5036
0.001844 0.145784 -20.6034
0.000876066 0.186367 -30.8359
-0.0129854 0.204194 -31.6351
0.000425029 0.288124 -54.4045
0.0105791 0.320124 -63.582
-0.111849 0.186965 -0.543782
0.0203599 0.416103 -89.8454
0.0297471 0.381829 -85.4615
0.011426 -0.00815538 43.2576
0.107198 0.268473 -90.9767
0.0660612 0.357459 -94.563
0.0559419 0.361287 -91.5831
0.0553057 0.326935 -83.4082
0.0255461 0.301347 -65.1162
0.0220902 0.272465 -57.045
0.00149684 0.271602 -47.0181
-0.01255 0.264958 -38.7315
-0.00988817 0.262869 -39.3565
0.00139104 0.268224 -46.5385
0.0336624 0.240677 -58.2977
0.0276694 0.226277 -50.8832
0.00506914 0.236817 -39.8346
-0.0204096 0.258016 -28.6642
0.020087 0.290334 -61.451
0.0923766 0.22857 -94.8668
0.0925501 0.173383 -81.51
-0.0276935 0.50548 -84.4356
0 -0.0132268 16.191
0 -0.0132268 16.191
0 -0.0132268 16.191
-0.100645 -0.0571391 107.418
-0.009121 -4.48271e-05 21.2549
0.0451229 0.0411734 -7.69858
0 0.0485677 2.96003
-0.0658287 0.61025 -54.1148
0.0979867 0.177298 -88.0368
0.0875893 -0.558503 95.1855
0.00138966 0.0118777 12.1709
0.00953278 0.00651147 5.45841
0 -0.00187215 11.4226
0.0371581 0.00904658 -28.8813
0.177148 0.174805 -207.078
-0.0611276 -0.100309 99.4149
-0.416238 0.503705 349.234
0.00542507 0.0199135 -2.48083
0.109821 -0.130279 -87.709
0.0962672 -0.164846 -64.1575
-0.125263 0.117569 131.79
-0.115492 0.100414 124.003
0.96176 0.445552 -1252.1
0.0324158 -0.0816713 -12.6772
0.00582774 -0.00458918 18.2559
0.00100997 0.0251327 11.18
-0.0288926 0.065122 2.21295
0.0128396 0.122728 -14.471
-0.00461819 0.200786 -33.057
0.0123948 0.225984 -40.8794
0.0226531 0.19407 -35.1566
-0.0091659 0.197388 -31.3499
0.0273596 0.249451 -50.4147
0.00638852 0.266626 -50.7302
0.0573304 0.338369 -79.1298
-0.0115714 0.403195 -78.582
0.0162174 0.398655 -84.8613
0.010032 0.401455 -83.3019
0.00157177 0.408978 -82.3404
-0.0248527 0.395277 -71.4716
-0.288411 0.293002 51.639
0.0306516 0.333123 -74.7674
0.0375623 0.325201 -75.4179
0.0267979 0.292876 -63.1887
0.0126435 0.303147 -59.5684
0.0158341 0.276144 -54.9656
0.0119179 0.313369 -61.5628
-0.0282724 0.343031 -49.1713
-0.0487078 0.171239 3.01336
-0.161879 0.408596 10.2312
0.0173718 0.267476 -55.4169
0.0170858 0.261566 -53.4274
0.0114237 0.229731 -41.2644
0.00865271 0.241764 -43.2341
0.0641756 0.219744 -73.5013
0.0929626 0.237222 -96.954
0.0847171 0.231926 -90.2259
0.0698195 0.231452 -79.5891
0.0478208 0.237436 -64.7281
0.041606 0.227953 -57.8807
-0.0229349 0.0263568 15.7909
-0.0666785 0.1096 38.9915
-0.0263138 0.0973438 10.0273
0.0773352 0.047092 -36.8411
0.077313 0.0432197 -35.805
0.0729662 0.0809132 -41.2866
0.280901 0.256985 -276.629
-0.889203 0.182599 826.035
8.74203e-13 -0.19844 82.1112
8.63476e-13 -0.19844 82.1112
9.14075e-13 -0.19844 82.1112
-0.0912644 -0.0310503 141.186
-0.0823064 -0.0282358 131.148
0.0243457 0.329156 -70.3136
0.363064 -0.220101 -272.748
0.412152 -0.339131 -296.738
-0.0229702 -0.0323971 66.8278
-0.0278076 -0.0384842 73.7417
-0.385656 0.688576 311.276
0 0.190458 -13.5079
-0.0471824 0.151363 53.4505
0.0094007 0.197917 -26.9782
0.00287017 0.209282 -35.2911
0.0623233 0.141084 -16.8982
0.0442376 -0.0656658 40.7992
0.119152 -0.495994 148.524
0.00410684 0.260261 -48.5025
-0.0199656 0.202807 -31.0406
-0.0104608 0.229755 -39.5105
0.0435321 0.266746 -57.0808
0.00930607 0.286775 -55.7563
0.0563448 0.303413 -69.8011
0.0838021 0.386063 -96.5532
-0.00705307 0.362354 -68.7294
-0.0206033 0.333735 -57.0132
0.0129408 0.304424 -57.3161
0.142283 0.314972 -99.792
-0.0983784 0.174419 16.1169
-0.0671493 0.225864 -9.98881
0.0175601 0.327303 -68.0118
-0.00722488 0.298679 -51.0375
-0.000903901 0.31949 -59.0876
0.013532 0.338325 -70.1665
-0.000304705 0.286309 -49.6799
-0.269771 0.323067 78.83
0.0363984 0.256813 -57.882
-0.1411 0.134731 59.3386
-0.165955 0.103963 86.1187
-0.0420629 0.209931 -5.58092
0.0123621 0.229232 -42.2533
-0.00738987 0.210941 -25.2482
-0.000779069 0.200197 -26.9288
0.0625132 0.184294 -63.2264
0.106433 0.197373 -95.381
0.0914188 0.245652 -98.1559
0.0650114 0.259912 -83.5521
0.0537319 0.239653 -69.8851
-0.0869487 0.138018 47.3923
-0.092574 0.143561 50.2276
-0.0864002 0.123789 51.0443
-0.0115358 0.106413 -4.44395
0.000748351 0.0997234 -12.8023
-0.00707657 0.0319602 13.0153
-0.0107166 0.0878115 0.704138
-0.0114856 0.0950558 -0.604876
-0.00725621 0.10124 -6.21692
-0.00334063 0.103996 -10.6582
0.00126013 0.113215 -17.7195
0.00172336 0.113979 -18.3811
-0.0656348 0.0838909 85.3676
-0.0563283 0.120154 66.0865
0 0.131057 -19.4032
0.404679 -0.353515 -284.878
0.0284374 0.183846 -62.7373
0.038667 0.187474 -75.5687
-0.00264991 0.143862 -15.2395
0.0795101 0.0641119 -89.4065
0.0165413 0.0345359 -8.23653
0.205078 0.0078125 -233.586
-0.0150914 0.0544117 24.8051
0.0225085 -0.0805595 45.894
0.0196092 -0.106307 53.5352
-0.181691 0.169518 -6.9346
-0.200569 0.206586 -16.6494
0.248926 0.261556 -71.5624
-0.120467 -0.00285637 57.9531
-0.134074 0.00482329 56.8888
-0.0513532 -0.502019 197.246
0.188046 -0.10276 34.0959
0.0117207 -0.0518988 48.0359
-0.0114153 0.34673 -62.7787
-0.0251389 0.342733 -59.0401
-0.0118912 0.325386 -56.619
0.0213607 0.213841 -34.3718
0.00315768 0.170381 -16.4749
0.0140833 0.173756 -19.7983
-0.126889 0.172887 25.793
0.0963764 0.329618 -98.1164
0.0227149 0.386794 -87.0857
0.0129112 0.364356 -76.5115
0.0544127 -0.0530227 23.1397
0.0224698 0.357383 -78.7511
-0.051297 0.188154 5.87989
-0.0819123 0.200154 17.151
-0.09512 0.153823 36.8655
-0.198253 -0.234872 199.087
-0.237075 0.0487905 142.777
0.0425785 0.034251 -16.237
0.000321936 0.229032 -34.9516
-0.0866283 -0.47386 215.121
0.0883643 0.159404 -74.1016
0.105166 0.269121 -115.081
0.109952 0.274787 -119.494
0.0789356 0.254552 -91.6057
0.03524 0.257208 -61.1118
-0.083396 0.136721 44.9928
-0.0822225 0.133314 45.09
-0.0473926 0.127452 18.833
-0.0615644 0.109605 34.6975
-0.00488178 0.0956502 -6.89524
-0.00314293 0.0840206 -4.95572
-0.00543349 0.0880812 -4.11437
-0.0053337 0.0951053 -6.25736
-0.00346015 0.100923 -9.68682
-0.00199906 0.103234 -11.736
-0.00156468 0.10383 -12.331
-0.00156468 0.10383 -12.331
0.184738 0.100044 -177.168
-0.0387646 0.0978961 55.2664
0.03049 0.18552 -65.5342
0.0307094 0.185129 -65.6455
0.029352 0.184513 -63.9412
0.0239694 0.184634 -57.8818
-0.0750315 0.154124 66.0527
-0.0262009 0.194951 -3.50347
0.345333 -0.0744377 -375.187
0.0730077 0.0375182 -82.8991
0 -0.229511 86.5872
-0.000312951 0.0558862 28.378
-0.00351976 0.0592492 27.4426
-0.0106608 0.053606 29.4635
-0.0286874 0.011141 44.4352
-0.0653465 0.00172893 50.9997
-0.108289 0.0469068 40.7544
-0.120378 0.0444156 42.5483
-0.118992 -0.00485969 57.5746
0.216477 -0.0617671 16.7302
0.317505 0.0848662 -47.5206
-0.0411502 0.308997 -44.6944
-0.0698226 0.264871 -23.3081
-0.0459368 0.244206 -22.4967
-0.0749118 0.186557 2.64498
-0.0169223 0.173506 -11.7243
0.0076143 0.207484 -29.0478
0.0783411 0.323242 -89.099
0.0507458 0.36743 -92.2907
0.0623756 0.245723 -58.1699
0.0123277 0.318567 -62.3649
0.0238078 0.282077 -55.8228
0.01147 0.293002 -54.1743
-0.0272682 -2.53939 819.103
0.0493796 0.13647 -18.3534
0.00430623 -0.675418 254.991
0.00430623 -0.675418 254.991
-0.565555 -0.162793 425.197
0.0246993 -0.162347 81.2158
-0.0153277 0.227378 -24.8884
-0.0422038 0.324781 -29.6362
-0.0277544 0.231361 -10.5101
0.0185917 0.285695 -59.3122
0.0822694 0.276108 -100.388
0.0761899 0.264066 -92.0434
0.0917532 0.270312 -105.561
0.0772071 0.181611 -65.2495
0.00194851 0.206189 -14.6576
-0.0458696 0.23881 13.0856
-0.00481079 0.707154 -170.74
-0.00341074 0.710285 -172.896
-0.00341074 0.710285 -172.896
0.00465002 0.741259 -189.488
-0.0380834 0.419842 -57.1467
0.0182683 0.935041 -264.218
0.0182683 0.935041 -264.218
0.0182683 0.935041 -264.218
0.0182683 0.935041 -264.218
0.142254 0.096649 -132.088
-0.0285989 0.107939 41.5121
-0.0244545 0.171974 17.0814
-0.0203701 0.19162 6.50749
-0.0166121 0.20251 -1.02634
0 0.719044 -177.413
-0.102987 0.320832 48.3312
-0.0215319 0.185451 -5.85027
0 0.026373 37.4297
-0.000855779 0.201267 -18.1205
-0.000740314 0.200157 -17.9112
0.00301821 0.0572834 27.8851
0.000809154 0.0612996 26.6204
-0.00473557 0.051639 30.0977
-0.059363 0.00939072 47.4303
-0.0840203 -0.00940213 55.8671
-0.0888328 0.0207032 46.7734
-0.119885 0.0186134 50.4333
-0.104028 0.015662 48.8371
0.0707115 -0.0141117 29.5998
-0.0531278 0.275559 -30.3339
-0.0845896 0.255447 -17.5121
-0.082802 0.261757 -18.7618
-0.0988052 0.193755 6.91523
-0.0612773 0.160375 6.32801
0.0693611 0.293707 -76.341
0.118012 0.348855 -110.802
-0.0646319 0.109535 44.5871
0.00687227 0.416731 -91.7452
-0.000622781 0.33298 -60.9235
-0.0401414 0.260889 -21.6456
0.00373848 0.244245 -35.5526
0.0561297 0.249001 -60.3179
0.0674758 0.195521 -47.3483
0.0475847 0.136885 -17.5978
0.00718083 0.12584 7.19014
-0.0395582 0.0937272 42.9188
-0.0565683 0.061628 62.9699
-0.048018 0.0601573 58.3395
-0.031414 0.0643065 46.9477
-0.0274437 0.050751 49.1318
-0.00616564 0.177974 -7.62552
0.0257622 0.202225 -37.0758
0.0701 0.202279 -67.3542
0.0787794 0.21073 -76.4547
0.0995938 0.194876 -86.8103
0.106505 0.0702309 -51.3178
0.025627 0.191602 -28.1093
-0.0170968 0.223692 -5.28574
-0.037135 0.246045 3.58243
-0.0665666 0.258798 23.8542
-0.0839464 0.28135 31.157
-0.0874632 0.298323 28.4064
-0.0715866 0.323856 5.65427
-0.0718345 0.325171 5.44895
-0.0718345 0.325171 5.44895
-0.0116671 0.425227 -83.4754
-0.0116671 0.425227 -83.4754
0.261131 -0.130912 -181.553
0.0533909 0.0960288 -41.0503
0.0533909 0.0960288 -41.0503
-0.00778689 0.191584 -7.19393
-0.00529458 0.20236 -13.5367
-0.00195415 0.20575 -18.4024
-0.000806153 0.208031 -20.4709
-0.000542901 0.209255 -21.1837
-0.000603955 0.209758 -21.2791
-0.000603955 0.209758 -21.2791
-0.00150313 0.20057 -17.1
0.00817958 0.0594992 27.0747
0.0080121 0.0662039 24.7185
0.00255406 0.085876 17.9931
-0.082648 0.0427835 38.2362
-0.0587052 -0.0100134 53.0433
-0.0397283 0.155408 -34.7006
-0.040622 0.154198 -34.1554
0.0566555 0.229694 -34.7676
-0.00654125 0.260293 -34.3592
-0.076123 0.245572 -15.8466
-0.106171 0.280531 -22.2319
-0.106055 0.195665 8.27753
-0.0871062 0.111234 31.4845
-0.0952074 0.17654 11.1117
-0.0624003 0.173943 2.59685
-0.157498 0.111914 76.7367
-0.155065 0.120575 72.727
-0.0853871 0.156387 33.4701
-0.0524771 0.238904 -8.57392
0.0243946 0.0979441 11.724
0.0227957 0.0297962 37.016
0.0533855 0.220295 -49.3199
0.0300073 0.181337 -24.3943
0.0192048 0.133672 -2.15217
-0.0455573 -0.109486 86.3805
-0.0441473 -0.100684 82.4311
-0.0541259 0.0598425 62.0978
-0.0470719 0.0696541 54.3877
-0.0276168 0.0764126 40.333
-0.0261145 0.527113 -111.087
0.0227106 0.159658 -20.5789
0.0325935 0.170905 -31.1944
0.0625124 0.167477 -50.5545
0.0842643 0.154374 -61.5834
0.119098 0.129592 -78.4192
0.0907101 0.182864 -75.8491
0.0277638 0.19813 -32.5751
-0.00610088 0.225279 -14.7069
-0.0283717 0.248855 -4.71645
-0.0630655 0.266413 18.3616
-0.0664129 0.285705 14.4721
-0.0748855 0.307419 14.2975
-0.0520767 0.338078 -17.0491
-0.0792955 -0.286175 341.959
-0.0801205 -0.30778 350.319
-0.070925 -0.313703 343.412
0.0219358 0.253077 -51.8012
0.0196324 0.253268 -49.5193
0.0138225 0.256004 -44.5023
0.0113784 0.257609 -42.5062
-0.0339745 0.128027 50.3261
-0.00296231 -0.0244705 71.0735
0.000811393 -0.0272122 67.9143
0.000866517 -0.0281266 68.1793
0.000595729 -0.0288591 68.7561
0.000295663 -0.0293663 69.2921
0.000177488 -0.0296256 69.5263
0.000177488 -0.0296256 69.5263
-2.81658e-15 -0.169922 122.98
-2.81658e-15 -0.169922 122.98
0.0220334 0.0858121 17.0144
0.0266392 0.109559 7.67941
0.10309 0.146583 -12.2285
0.123565 0.202068 -34.7152
0.105475 0.241664 -46.7508
0.0938814 0.238529 -43.8875
0 0 -1
0 -0.318359 164.214
-1.33135e-11 -0.876953 386.92
-1.32779e-11 -0.876953 386.92
-0.11936 0.168901 20.8418
-0.0842548 0.158724 14.4906
-0.143293 -0.190279 142.113
-0.155072 0.0828469 86.1262
-0.12421 0.129944 57.7791
-0.0661885 0.168971 21.5352
-0.0145355 0.110265 22.7697
0.0135103 0.052072 32.8355
-0.00473603 0.0210613 52.1402
-0.00902596 0.235205 -25.4849
-0.0127611 0.17594 -1.72398
-0.0292749 0.117927 27.9704
-0.0499862 0.0999406 45.261
-0.0564381 0.0821162 55.2524
-0.0503339 0.0643433 58.3224
-0.0315086 0.0786486 41.9701
-0.00204367 0.0982603 16.8848
0.0263873 0.120156 -8.90614
0.037692 0.141978 -24.1948
0.0451014 0.160921 -36.1711
0.059852 0.158188 -45.4124
0.0853963 0.140128 -57.0593
0.0985047 0.152719 -71.2208
0.10622 0.186317 -89.0934
0.0456842 0.243488 -62.481
0.00669472 0.246223 -32.4886
-0.0193894 0.252531 -13.4862
-0.0378229 0.266385 -3.15105
-0.0431267 0.289499 -7.22476
-0.0321764 0.324034 -29.8173
-0.00239673 0.36902 -73.5128
0.0291449 0.335351 -90.1628
0.0402144 0.306569 -89.9126
0.038733 0.278337 -77.9531
0.0261346 0.253482 -56.1957
0.0203403 0.253398 -50.2949
0.014988 0.255937 -45.6983
0.0117298 0.258406 -43.1737
0.0115039 0.258032 -42.7928
0.000330303 0.0986015 28.3653
-0.00124152 -0.0464705 83.7297
0.000395521 -0.0561053 85.425
0.00218159 -0.06278 85.8196
0.00349287 -0.0670461 85.8483
0.0039634 -0.0691791 86.0736
0.0039634 -0.0691791 86.0736
