-0.00266619 -0.106255 32.476
0.00805755 -0.0839727 31.5091
-0.00747121 -0.0541634 32.3355
-0.0520452 0.0207212 33.5151
-0.06251 0.032234 34.2785
-0.0348435 0.019029 31.2345
-0.0324734 0.00598172 31.7112
-0.043492 0.0245432 32.1645
0.112042 -0.431601 10.5321
0.0159642 -0.19758 27.6492
-0.0432317 -0.0500223 38.8084
-0.0774253 -0.006274 46.8605
-0.0746111 0.0360782 45.0651
-0.0600965 -0.0175661 41.955
-0.0604501 0.00525703 41.7494
0.0257531 -0.091149 7.77722
-0.00112498 -0.0525758 16.1368
-0.00551731 -0.0652745 17.2288
-0.0253019 -0.049106 24.9951
-0.0217912 -0.0102198 22.4923
-0.0219693 0.0391913 21.1654
-0.0482248 -0.179379 44.7009
-0.00118729 0.0823911 15.2373
0.000460165 -0.0631498 15.8794
0.054658 0.0236503 -20.0512
0.06024 0.00953356 -22.7883
0.101181 -0.0117675 -44.9957
0.0999621 -0.0388467 -43.71
-0.200937 -0.0335599 138.39
0.0543471 -0.0716327 -20.7765
0.0260986 -0.0842507 -1.87508
-0.0108927 -0.0503576 22.4006
-0.0259004 -0.0744614 33.3298
-0.0121132 -0.127775 24.5812
-0.162851 -0.214498 127.638
-0.0245627 0.0332466 20.5415
-0.0213304 0.000978855 18.4048
0.0138313 0.0189191 -9.97205
0.046554 0.0115586 -36.2548
0.0416469 -0.0643378 -30.8122
0.139512 -0.0599691 -114.041
0.15869 -0.0798697 -130.759
0.0786154 -0.051947 -56.3381
-0.00430303 -0.0121478 5.94659
-0.0180392 0.066776 18.7667
0 -0.560934 12.0279
0.00695237 0.0832734 -5.59113
0.00179766 0.00870004 -0.0411554
0.00276193 0.0101004 -1.03521
-0.00133068 -0.0125155 2.98321
0 0.0723998 1.49367
0 0.0723998 1.49367
0 0.0723998 1.49367
0.0131212 0.0312385 -12.6076
0.014153 0.00779633 -13.6411
0.000444162 0.0386081 2.23476
0.0425475 0.248338 -40.2078
0.00601695 0.233513 4.39219
-0.00580671 -0.107971 32.5108
-0.0037301 -0.101555 32.2267
0.0210226 0.0119795 28.4256
-0.0263935 0.0173877 31.5693
-0.0491574 0.0177354 33.3534
-0.0422513 0.0208294 32.254
0.0144766 0.020609 24.0859
-0.0452516 0.0381826 32.4169
-0.0545852 0.018633 33.884
-0.0335576 -0.0898219 33.4285
-0.0248685 -0.0763596 30.3226
0.0088894 -0.216197 29.2707
-0.0653712 -0.0100653 43.4918
-0.0494845 -0.0386361 39.7094
-0.0731168 -0.0410254 46.2506
0.012476 -0.0575422 10.5197
-0.00133535 -0.0491814 15.9882
-0.0176684 -0.0161845 19.8032
0.0160282 -0.00838204 7.45191
0.0238544 0.00701769 2.55332
0.0323294 0.0112579 -1.23475
0.0488319 -0.143744 -2.12153
0.0628771 0.0706825 -25.2065
0.0506145 0.0485085 -18.3734
0.0342122 0.0299163 -9.20453
0.0452731 -0.0103168 -14.4696
0.0717192 -0.0485601 -27.3305
0.0567352 -0.0112532 -25.1629
0.0638346 -0.0544041 -27.4314
0.048771 -0.0695966 -17.0086
0.0410807 -0.0812943 -12.1957
-0.013965 -0.0781069 24.7885
-0.0409976 -0.103041 43.9759
-0.0251369 -0.122989 33.1952
-0.032755 0.0594944 26.2885
-0.0272145 0.0357329 22.0419
-0.0196179 0.0205909 16.5408
0.0143798 0.0201033 -10.4423
0.0105399 -0.0159682 -6.00674
-0.00354257 -0.0296707 6.34585
-0.0110633 -0.0139799 13.2704
-0.000929227 -0.0506305 4.79638
-0.00651995 -0.0246709 8.98141
-0.0123405 -0.0165278 13.9728
-0.00642267 -0.0115126 8.60371
-0.00395213 -0.0150849 5.66468
0.055551 -0.170228 -47.8905
-0.210109 0.048807 269.911
-0.222302 0.050029 282.587
0.0178644 0.0479176 25.224
0.0469962 -0.239615 -30.1292
0 -0.306211 23.5305
0 -0.240637 21.1963
0.104444 -0.00127879 -110.056
0.158572 -0.00277743 -172.613
0.310786 -0.0854355 -357.305
-0.076094 -0.118507 112.33
-0.0132786 0.0328828 18.9138
0.0449156 0.483197 -20.8682
0.0428902 0.464015 -19.8967
0.00166693 0.020185 11.2532
0.0586729 -0.0780096 13.4647
0.0369212 -0.0569051 13.9901
0.0707896 0.136676 2.04777
0.0343053 0.263124 0.627049
-0.0524819 0.0373773 33.472
-0.0766604 -0.0119486 39.231
-0.0487306 -0.0324228 34.9047
-0.0531143 0.011171 33.3184
-0.0718242 -0.0555001 40.9886
-0.0215611 -0.142397 32.3236
0.0277372 -0.311394 28.1834
-0.0192902 0.0363355 15.8916
0.0150311 0.0320108 5.88069
0.00296982 -0.0110201 12.8959
0.023553 -0.0151244 4.14433
0.0102761 0.00759656 8.46033
0.0103202 0.00543842 8.36489
0.00165429 0.0182476 11.7666
0.0343539 -0.0489828 0.670973
-0.00796054 -0.0773442 22.4322
0.0400113 0.0346518 -11.7146
-0.00719545 0.020125 13.2173
0.0140736 -0.0216192 3.23151
-0.0128174 -0.0468571 19.7929
0.00449862 -0.00359696 5.99058
0.0457877 -0.0644086 -16.2833
0.0399795 -0.072555 -12.6915
0.0481401 -0.0670267 -17.8246
-0.00913771 -0.0744308 21.9077
-0.0542831 -0.0800221 52.6932
-0.126961 0.036953 98.2519
-0.0902831 0.0734495 68.7578
-0.0622917 0.0390126 48.7908
-0.0219875 0.0228055 18.4259
0.00184587 0.0127435 0.0494373
-0.0198286 -0.00748043 18.9241
-0.015243 -0.0139893 15.4827
-0.0104916 -0.0124998 11.15
-0.00206085 -0.0255743 4.55554
-0.00347905 -0.0187567 5.4425
-0.00418414 -0.0130613 6.37902
-0.0044382 -0.0109311 6.67571
-0.00513582 -0.00920257 7.25537
-0.00442481 -0.00831837 6.50877
-0.00075317 0.0417622 -0.151063
0.0020551 0.00715281 -0.258725
0.010671 0.0115757 -10.8469
0.00710148 0.0131602 -5.73239
0 0.0425834 -0.962748
0.014767 0.0233024 -14.3764
0.0126798 0.024388 -12.0724
0.139141 0.138432 -164.555
0 -0.0465436 3.71877
-0.0697024 -0.124968 104.763
0.0293639 -0.0131929 -31.7327
0.0219649 0.127748 2.25535
0.0190658 0.090406 5.65205
0.0193954 0.0847051 5.47365
-0.000283437 0.0454167 8.91917
-0.00300554 0.00376337 13.2373
-0.0168209 0.0168638 13.3588
-0.102259 0.0909897 16.789
0.000472697 0.0459211 4.37445
0.325406 -0.409064 -17.9069
0.00684175 0.144868 -5.89751
0.0140774 -0.548704 54.8316
0.0645836 -0.558115 43.3969
0.0736061 0.107944 -19.2871
0 0 -1
-0.0257517 -0.0172104 22.8466
-0.000353531 0.0181728 12.0057
-0.0620539 -0.0138465 35.9442
-0.0450451 -0.0482787 32.5334
0.0303751 -0.00711275 2.27657
-0.000581391 0.0200526 13.0963
-0.0322433 -0.0224011 29.9888
-0.0110846 -0.0448667 21.8514
-0.0547257 -0.0723536 44.2408
-0.00175219 0.0079727 11.4192
-0.00111469 -0.0139533 13.0136
-0.0186621 -0.0417385 24.2167
-0.019812 -0.0656492 26.1717
-0.0286713 -0.0535154 30.0336
-0.00367618 -0.0221928 12.0876
0.0262279 -0.0312797 -6.3113
0.0567218 -0.0704409 -23.1316
0.005135 -0.0552963 11.2989
-0.0175192 -0.0466785 25.2359
-0.0349895 0.0143842 33.2016
-0.0974019 0.0512953 74.9848
-0.0696309 0.0120544 56.1423
-0.0250627 0.00406178 22.3343
-0.0265821 -0.000483352 24.0527
-0.0223581 -0.00555847 20.7224
-0.0133302 -0.0137889 13.7684
0.00262846 -0.00777029 -0.538143
-0.00976158 -0.0150149 12.0154
0.0186874 -0.0140771 -15.1808
-0.0109983 -0.0142677 12.2387
-0.003644 -0.00827556 5.74625
-0.00127051 -0.00662999 2.46494
0.00494816 0.00634181 -3.14496
0.00831675 -0.0116142 -6.83788
0.00479843 0.00148787 -2.88274
-0.000190799 -0.00833937 1.55938
0.00829205 0.00671041 -7.19941
0.0168059 0.00929414 -17.0813
0.0145048 0.0496043 80.5727
0.149608 0.21314 -89.6193
0.0631825 0.181007 -77.1997
0 0.34211 -15.2009
0.0157164 0.38333 -37.2668
-0.00219701 0.0421532 5.27408
0.022333 0.104958 4.29026
0.019983 0.109338 3.93251
0.0151761 0.13041 1.9428
-0.0195014 0.0897518 8.96971
-0.0116064 0.100542 6.11575
-0.0488223 0.100595 10.6348
-0.0940319 0.120927 13.6996
0 0 -1
0.0242192 0.072169 -2.20765
0.0178048 0.0557854 1.1915
0.0148531 0.0364272 3.24934
0.0114821 0.0220351 5.12987
0.0735077 0.0798051 -16.5649
0.0325304 0.0400949 0.16332
0.00571656 -0.0195856 13.5597
0.00254902 -0.000159237 12.7768
-0.00270612 0.0101738 14.5379
-0.0522547 -0.0236193 33.7502
-0.104988 0.0134445 49.9704
-0.0618937 0.0094267 32.5735
-0.0284787 -0.0112453 27.2541
-0.0318793 -0.0393292 31.1868
0.00966935 -0.200712 22.6242
0.0208862 -0.182656 15.5449
0.00322014 -0.100786 18.0607
-0.0235036 -0.093737 30.867
-0.00473628 -0.0961827 19.7128
-0.0196981 -0.0987528 28.4092
-0.00157643 -0.0631845 13.8527
0.027547 -0.057375 -4.80504
-0.104254 0.00748099 80.4189
0.0152814 -0.0501404 3.60263
-0.0451323 -0.0633602 46.4105
-0.0288779 -0.0755974 36.5295
-0.0824293 -0.00514175 68.1449
-0.0836096 -0.0182102 69.1546
-0.0343283 -0.0120795 30.4826
-0.0149309 -0.0134871 15.6054
-0.0257665 -0.00589238 23.7486
-0.0148825 -0.00739918 14.6519
0.00320568 -0.00436229 -1.33235
0.00552148 7.15403e-05 -3.67307
0.00775167 0.00382726 -4.90586
-0.00170712 -0.0102977 4.08902
0.0080642 0.128598 -14.5734
0.00605829 0.00601845 -4.26744
0 0.138177 -7.74254
0.00866179 0.00695996 -7.24961
0 0.117856 -5.80187
-0.00290127 0.136129 -4.44688
0.0176179 0.0209754 -17.4902
0.0254758 0.0263599 -26.5795
0.0446715 0.211138 32.7587
-0.128339 -0.0717021 185.121
-0.118823 -0.0691333 173.834
-0.138729 0.183821 169.902
0.223295 0.132335 -263.47
0.0157498 0.070126 -20.8574
0.0183456 0.0996097 5.10465
0.0224568 0.0751573 8.49717
0.0188252 0.077279 8.04641
-0.00917029 0.0942297 7.41235
-0.031759 0.0672626 12.2173
-0.0614096 0.082869 13.9221
-0.060734 0.0716172 15.6166
-0.106942 0.0699984 22.915
-0.0708287 0.0738618 15.1203
0.0163279 0.0389881 2.53976
0.0559907 0.047271 -8.78149
0.0790084 0.0661068 -16.3239
0.0419787 0.0221225 -1.19957
-0.0118619 0.00135578 16.1034
0.013337 0.00381756 8.48558
0.0183591 -0.036896 11.3471
-0.00233567 0.00878351 14.2589
-0.105337 -0.0421255 56.281
-0.0868021 -0.0348638 47.6059
-0.0168691 -0.0439493 20.0364
0.00535254 -0.199248 29.3415
0.0154468 -0.0550257 3.95539
-0.00622669 -0.0387022 11.1696
0.0539627 -0.139692 -6.23125
-0.0026393 -0.109881 20.0577
-0.00831882 -0.113586 23.8088
-0.00232976 -0.0877057 16.7673
-0.00642085 -0.073039 17.4262
0.00581344 -0.0820889 11.5338
0.028196 -0.0588647 -4.96232
0.00857999 -0.0716879 9.63044
-0.0692274 -0.022166 59.0899
-0.079501 -0.0940299 73.3889
-0.0389134 -0.128884 49.2304
-0.0506309 -0.0866794 52.555
-0.0486155 -0.0289073 43.7661
-0.0274008 -0.00686969 24.2329
-0.0167511 -0.0142989 16.988
-0.0124246 -0.00213246 12.1707
-0.00187077 -0.00541576 3.36634
0.0103153 0.00374287 -8.25135
-0.00970753 0.00552312 9.20726
0.00255964 0.0678987 -3.90544
0 0.0671711 -0.256005
0 0.0735395 -1.05133
-0.000132911 0.128807 -7.07529
-0.126776 0.259233 149.202
-0.0398159 0.107938 35.9079
0 0.397588 -40.6599
0 0.134557 -7.86486
0 0.0422866 2.47039
-0.00123413 0.0416639 3.91902
0 0.0422866 2.47039
0.457227 -0.157031 -478.922
0 0.113425 -5.92494
0.0212407 0.0276415 -21.9311
0.032636 0.0546454 -38.5381
0.0330668 0.0339522 -36.8129
0.0105541 0.0413657 12.8296
-0.0156503 0.0073059 18.5077
0.00626124 0.0145827 16.3193
-0.0143902 0.0399695 14.4723
-0.0253121 0.0295238 16.555
-0.0490717 0.028408 19.276
-0.0499254 0.0439804 17.1738
-0.0890501 0.0528691 22.0879
-0.126487 0.0155435 32.1153
-0.00104855 0.00734104 9.27449
0.0387687 0.0241712 -1.42539
0.1119 0.0675602 -23.9509
0.040596 0.0723894 -7.45006
-0.00507909 0.0459587 8.70103
-0.224274 -0.0179198 123.169
-0.0959568 -0.0206492 47.1176
-0.0717839 0.000898688 63.8416
-0.0756853 0.0118574 63.7909
-0.0784107 -0.0268213 43.097
-0.0525271 -0.0232955 30.9479
-0.0293168 -0.0240293 22.0864
-0.0595668 -0.028926 36.3393
-0.0161994 -0.0101785 13.251
-0.0384385 -0.0118279 24.407
4.98305e-05 -0.0342194 7.5567
-0.0153426 -0.0563061 19.1307
0.00430777 -0.0782187 11.3691
-0.0178005 -0.0659184 23.1488
0.0246772 -0.0653539 -2.26259
0.014583 -0.0814856 6.5473
0.108726 0.0155688 -65.7967
-0.0162689 -0.0231843 17.0316
-0.00878966 -0.00309596 8.79078
0.0127009 -0.0376333 -1.0386
-0.0160257 -0.0387905 20.3995
-0.0423461 -0.0288377 39.0946
-0.0133078 -0.00272307 12.5622
0.00444435 0.000486456 -1.79316
-0.0121058 0.00461096 11.253
0.00398636 0.00540073 -2.82215
-0.00850033 0.00969891 7.18689
-0.034299 0.127431 15.9412
0.0489955 -0.154762 -15.426
0.0028054 0.000610863 -0.872804
0.0124301 0.0189481 -11.6437
0.183573 -0.11366 -158.53
0.0935476 -0.175821 -61.0565
0.00842716 0.00983819 -7.03054
0.0166433 0.0221135 -16.4883
0.0112344 0.0159195 -11.2817
0.0195171 0.0262433 -20.038
0.18145 -0.33845 -68.1652
0.0217292 0.029606 -22.9804
0.0223765 0.025932 -23.1722
-0.00395835 0.0349661 7.80812
0.0213695 0.0326537 -23.0784
0.188728 0.0704753 -224.786
0.0329279 0.0292691 -35.9971
-0.00729551 -0.008361 20.1996
0.0143177 0.000995297 17.5897
0.00790446 0.000533631 18.1498
-0.0182593 -0.00891567 21.3865
-0.0237138 -0.00337116 21.2838
-0.0272554 0.010966 19.1226
-0.0418982 0.0307951 17.9331
-0.0514977 0.0242135 20.1689
-0.020855 0.00946791 12.7102
0.0139911 0.0440927 0.688303
0.0667904 0.0460761 -11.613
0.0950966 0.055216 -18.7172
0.00271899 0.0543493 5.94324
-0.0348205 0.02338 20.2145
-0.140117 -0.00151461 94.561
0.0704692 -0.0116485 -7.34086
0.0679261 -0.0102348 -6.58364
-0.0690589 0.00423285 62.4472
-0.0469577 -0.0293194 30.9628
-0.0401195 -0.0301193 27.5708
-0.00886884 -0.00397708 10.2073
-0.025169 -0.0115453 18.4215
-0.0398029 0.00231962 23.2577
-0.0257909 0.0100716 14.1014
0.0932003 -0.0298262 -41.7788
-0.0124735 -0.0257926 13.3602
-0.00514212 -0.0698505 15.8195
-0.020058 -0.065306 24.8766
0.0062566 -0.0635748 8.87187
0.175442 0.0682744 -122.289
-0.00122303 -0.0147026 5.29295
-0.0090984 -0.00448695 9.2882
-0.00181847 0.00200121 2.93593
-0.00672743 -0.0236472 10.642
0.0070159 -0.0190691 -0.0413836
-0.00161704 -0.00507438 4.28266
0.000156266 0.0116313 -0.404476
0.00396841 0.00813034 -2.8309
0.00477021 0.00960464 -3.86108
0.00423233 0.0129453 -4.00721
-0.263021 -0.191406 260.47
0.0111542 0.0119765 -9.91016
0.00868729 0.0110999 -7.52837
-0.00397361 0.0129629 3.43615
0.00780386 0.0117063 -6.7295
-0.00842108 0.0202635 6.42177
0.00943658 0.0105595 -8.14949
-0.0297423 0.0455905 24.9371
0 0.119697 -17.4814
0.0135155 0.10753 -29.9543
-0.0900595 0.227159 92.786
0.133313 0.25949 -155.127
0.133699 0.272194 -157.655
0.0322338 -0.0787093 -6.98295
0 -0.104498 34.5446
0.0060788 -0.0561988 19.5035
0.106938 0.0641609 -123.491
0.021874 0.0730392 -28.2898
-0.00936007 0.008239 17.0297
-0.00147015 0.00831388 17.037
-0.0200771 -0.00101376 20.0041
-0.0347102 -0.041377 28.0706
-0.0103085 -0.0188157 22.4604
-0.019438 0.0194123 16.3905
-0.0179399 0.0294466 14.7484
-0.0505078 0.0807603 10.3125
-0.0597036 0.0735134 13.362
0.0229533 0.0366716 0.74287
0.0815391 0.0703157 -18.5854
0.0845782 0.062199 -17.0575
-0.0258473 0.0353761 16.0604
-0.0445719 0.0396525 19.9848
-0.0949506 0.00068265 80.5112
0.0547264 0.00835685 -5.44176
0.0585916 0.00290398 -5.85438
-0.042947 -0.068423 35.8698
-0.241194 0.063401 90.8597
0.371572 0.363999 -212.547
0.00627311 0.231493 -37.8277
-0.00664649 -0.00162462 8.57554
-0.00314473 0.00292914 6.29006
-0.191692 0.307383 72.2756
-0.00973029 0.0288369 4.20448
-0.0112688 0.0488825 0.815813
-0.029982 0.175249 -12.3585
0.0925289 0.0138794 -44.7094
-0.41891 0.0576525 255.937
0.0820122 0.3041 -101.918
0.0437585 0.253521 -68.006
-0.00091085 -0.00562176 3.60083
-0.00149905 -0.000635503 3.1265
0.00794325 0.00673037 -5.0832
0.0185973 -0.0262769 -6.47889
0.0123882 0.00899874 -8.87911
0.000584341 0.00848195 0.252129
0.00165258 0.0179683 -2.51986
0.00841159 0.0231984 -9.34496
0.0128376 0.0207178 -12.777
0.00264028 0.0274553 -5.19424
-0.00271515 0.013621 1.57796
-0.016315 0.0197392 13.8346
-0.00659168 0.0153088 5.4556
0.00737184 0.0185428 -7.42369
0.00752314 0.0400771 -12.6325
0.00945261 0.0122831 -8.43036
-0.00280314 0.0778562 -9.73144
0.00829793 0.0135354 -7.19465
0.0166626 0.0223663 -16.5232
-0.000588779 0.085969 -12.7727
0.020947 0.0291839 -22.0236
0.024382 0.0270694 -24.9473
0.00297004 0.0858938 -16.8603
0.00259144 0.094898 -18.0758
-0.00202616 0.0872773 -11.2449
0.0892669 -0.12459 -68.4158
-0.00131295 0.0422618 4.19675
-0.0182414 0.00769952 9.2942
-0.04961 -0.467521 111.699
-0.0282181 -0.444053 105.734
-0.0314012 -0.477884 112.379
-0.284254 -0.728233 207.312
-0.0471354 0.0526208 13.3134
-0.519435 -0.0567969 97.7822
-0.0624584 -0.318078 89.8318
-0.653659 -0.164184 161.722
0.053628 0.0647493 -4.02302
-0.00904975 0.0838484 -14.3598
0.100399 -0.619523 111.182
-0.017208 0.0597022 9.03523
-0.0403749 0.0580488 15.6124
-0.105708 -0.00864168 85.6963
-0.0109507 -0.00162655 41.8406
-0.06183 0.00065185 60.519
-0.0614524 0.000551117 60.3929
0 0.145742 -26.7738
0.0110944 0.186343 -39.7701
0.00184243 0.210666 -40.9098
0.01074 0.00503194 -0.572025
0.0293358 0.22991 -58.1428
-0.218149 0.0999132 126.229
-0.0266665 0.168605 -13.645
-0.0355428 0.173032 -8.61455
-0.0248427 0.22552 -25.5671
0.0732093 0.0010016 -30.4702
0.00274607 0.0549462 0.164969
-0.017987 0.199142 -16.9593
0.021958 0.283982 -60.5077
0.106467 0.115401 -76.0753
0 0.0770761 -10.7453
0 0.0770761 -10.7453
-0.0859375 0.242188 21.7656
0.022925 -0.0204343 -11.1937
0.00964329 0.0184435 -9.08799
0.00208305 0.0385064 -6.33204
0.0533441 0.192075 -79.922
0.0373217 -0.00580867 -26.9384
0.00646776 0.0162646 -6.1477
0.0680219 1.18019 -302.13
0.0799385 1.16135 -309.309
0.0695727 0.971319 -259.907
0.0722844 0.876018 -242.546
0.022369 0.0536825 -1.6981
0.0138855 0.0303592 11.6082
-0.00235928 0.117208 -18.0114
0.0196502 -0.00388846 28.4079
-0.00022887 0.122344 -21.1906
0.434976 -0.00430682 -441.019
0.0726786 -0.138194 -17.8429
-0.02348 0.587518 -86.6739
-0.0159268 0.586862 -95.1609
0.0141215 0.55381 -123.582
0.156394 0.0904141 -163.554
0.0210274 -0.0816209 7.67044
0.13617 -0.0886009 -133.09
-0.0718844 0.010764 9.08056
-0.0693375 0.02785 4.83411
-0.0246435 0.00424851 7.80753
-0.0176889 0.061158 -5.77122
-0.0184246 0.0500756 -2.85474
-0.0868088 -0.0669844 31.7491
-0.166341 -0.111783 51.199
-0.0210864 0.235256 -47.1148
-0.0178749 0.0838423 -12.8944
-0.0750014 -0.253598 77.5678
-0.00699295 0.169217 -34.5778
-0.0137695 0.141163 -26.3975
-0.0205564 0.221989 -42.7179
0.0221891 0.260034 -63.0031
-0.079272 -0.0060415 76.8723
0.011652 0.163173 -36.9955
0.00433787 -0.0115918 3.81729
0.00352185 0.00270013 0.944914
0.0200836 -0.0252283 3.10915
-0.0222462 -0.0139551 17.6669
0.00231059 -0.00558742 5.81531
0.0103738 0.0059935 -0.571189
0.158203 0.346094 -120.157
-0.0268293 0.326856 -48.3436
-0.00297546 0.273472 -47.9214
-0.00752058 0.233955 -36.211
0.0407938 0.28446 -73.8809
0.033223 0.236414 -58.2459
0.0476428 0.246606 -68.9698
0.0607081 0.244665 -76.9134
0.0896425 0.240837 -94.6913
0.103619 0.155243 -83.3213
0.0848754 0.157927 -71.0097
0.109558 0.0613937 -57.8241
0 -0.295218 78.7766
0 -0.295218 78.7766
0.00555627 -0.120013 33.065
0.125925 -0.321318 -18.1045
0.028071 -0.148555 21.3217
-0.087686 -0.0694958 100.597
0 0.0602853 -5.83756
-0.00521038 0.0187427 8.21078
-0.00503252 0.0217528 7.35743
-0.00521804 0.029205 5.84192
-0.00971616 0.0437684 6.80551
-0.0166329 0.068223 7.91324
-0.0166105 0.117114 -3.32521
-0.0119042 0.12795 -10.5197
0.027027 0.0398152 11.2012
0.0589991 0.0289964 -62.7674
0.007911 0.144755 -34.2404
0.0218812 0.0313505 -23.3257
0.791048 0.0796276 -870.245
0.0447954 0.0299962 -50.0652
0.0522775 0.00862949 -54.0552
0.142679 -0.106048 -137.227
0.0501823 0.042025 -59.8618
0.155624 -0.0647049 -162.352
-0.0472403 0.0125843 8.45901
-0.0224682 0.0688784 -6.41187
-0.0429388 0.0629748 -5.1707
-0.0121808 0.0835663 -12.135
-0.0131567 0.0594555 -5.78134
-0.0164915 0.27811 -59.354
-0.0230963 0.253328 -52.697
-0.0280681 0.288713 -58.8321
-0.0255851 0.280092 -57.7326
-0.0126358 0.204889 -41.8075
-0.015308 0.193125 -37.9797
-0.00262769 0.161681 -33.6097
0.00126058 0.412894 -89.8158
-0.0275901 0.55382 -116.961
-0.0720224 0.347172 -49.2536
0.00318332 0.53118 -119.878
0.250327 0.55786 -211.774
-0.0853955 0.209055 -1.42396
-0.0256364 0.0529067 16.6322
-0.0057506 0.253636 -44.028
0.0721919 0.21131 -64.8013
0.0677749 0.246919 -71.9735
-0.0225109 0.277677 -37.6305
-0.0321958 0.251327 -26.4296
-0.0171277 0.242065 -33.1626
0.0476783 0.24491 -68.8437
0.0394695 0.282792 -72.7163
0.035858 0.247226 -62.2922
0.052443 0.247 -72.531
0.0702535 0.234179 -80.7661
0.0842917 0.241696 -91.3746
0.077416 0.228293 -83.5379
0.063117 0.209512 -68.3617
0.0532987 0.132009 -35.691
0 -0.135968 41.9292
-0.00371634 -0.143483 46.6596
-0.00572522 -0.132409 44.7658
0.0105209 -0.140298 33.6639
0.0117837 0.0106974 -8.67193
-0.169254 -0.0462051 165.305
-0.0332683 0.0583452 20.5098
-0.0316036 0.043273 22.4115
-0.0340656 0.0286193 28.0548
-0.0103723 0.0089227 10.8897
-0.0145656 0.0447406 7.60764
0.00154387 0.0619128 -8.46833
0.0616282 0.0942231 -41.548
-0.0164194 0.12954 -6.24481
-0.0164194 0.12954 -6.24481
-0.703125 -1.53125 1169.71
0.477673 -0.0478862 -477.264
-0.0221136 0.024022 26.7398
0.629792 0.0277847 -673.994
0.0523898 -0.043499 38.7417
0.489687 1.07636 -760.252
0.592773 -0.15918 -614.815
0.144395 -0.395863 -17.5689
0.154434 0.110407 -202.664
-0.00664335 0.0341885 1.92618
0.0272904 0.187626 -39.3244
0.0705413 0.434949 -107.955
0.0388751 0.448243 -109.25
0.0568421 0.467473 -116.535
0.0440676 0.490889 -120.954
0.0472209 0.500072 -124.46
0.0793802 0.38552 -96.5908
-0.0221942 0.227245 -44.9145
-0.0508613 0.229027 -26.588
-0.0225817 0.271865 -45.8089
-0.00500041 0.320878 -63.2338
0.0540465 0.348965 -86.4927
0.00554741 0.414844 -90.991
-0.0346742 0.409225 -77.5853
0.140277 -0.0642368 -14.8683
0.00774524 0.537249 -126.982
0.0324032 0.367295 -88.4403
0.0466831 0.344187 -89.1496
0.0936292 0.388392 -121.936
0.0699886 0.355096 -102.043
0.0836455 0.365944 -110.521
-0.0757747 0.25403 -4.81023
-0.0559245 0.205797 -1.84993
-0.0456476 0.234185 -15.22
0.0391637 0.250624 -64.6747
0.0430563 0.24597 -65.2825
0.0244536 0.256285 -57.3662
0.022296 0.240351 -51.4829
0.051352 0.236929 -69.1534
0.0927064 0.24222 -97.3932
0.0846634 0.251051 -93.6663
0.0618527 0.233313 -73.343
0.0701586 0.283264 -93.1301
-0.0259261 -0.122989 86.0903
-0.0021179 -0.20207 84.6841
8.27724e-13 -0.199734 82.4414
8.6677e-13 -0.199734 82.4414
-0.00836228 0.0270814 12.0236
0.455879 -0.042751 -345.476
0.0960246 0.0154068 -58.6164
0 -0.0698529 47.6712
0.00747907 0.119722 -10.2733
0.00747907 0.119722 -10.2733
0.00612076 -0.0248781 29.7027
0.00612076 -0.0248781 29.7027
0.210978 0.0888645 -191.234
0.0626768 0.0921357 -42.0183
-0.00414387 0.00588453 31.3478
-0.00414387 0.00588453 31.3478
-6.4964e-05 0.0328974 37.2509
-6.4964e-05 0.0328974 37.2509
-6.4964e-05 0.0328974 37.2509
-0.0511535 -0.0525869 160.922
0.0695039 -0.0682924 25.3372
-0.0212092 -0.0543073 127.562
0.116872 0.0395555 -96.1363
0.185665 -0.595161 -59.5415
-0.00664335 0.0341885 1.92618
0.0604215 0.40986 -100.563
0.0915353 0.410721 -102.608
0.0759242 0.491409 -123.938
0.0467631 0.494642 -122.92
0.0512293 0.489167 -121.777
0.0704869 -0.149083 74.2006
0.00301769 0.389226 -84.9534
0.0100676 0.326244 -67.3349
-0.0408188 0.192204 -18.8577
-0.000844403 0.226146 -36.9174
0.00663668 0.289664 -58.0012
0.094334 0.265693 -74.1167
0.156865 0.2623 -90.1904
-0.0252722 0.235472 -30.6692
-0.00197494 0.251617 -43.4673
0.0226729 0.293881 -64.5026
0.0415587 0.344657 -86.7397
0.0596252 0.349707 -95.6562
0.0784159 0.37665 -111.004
0.0912286 0.38044 -117.585
0.0236364 0.391123 -89.7259
-0.0799253 0.27538 -8.85644
-0.0734026 0.220356 2.72764
0.000164203 0.141659 -13.1608
0.0389209 0.222029 -56.6885
0.0518898 0.231555 -66.545
-0.126391 0.166881 62.9039
-0.116132 0.214051 41.8646
0.0671983 -0.181107 37.048
0.0153835 0.451656 -105.664
0.0605042 0.252948 -78.4079
0.082064 0.260465 -95.1422
0.0855926 0.266493 -99.0863
0.0516805 0.260269 -71.65
0.0506909 0.218289 -58.2608
0.000744907 0.118635 -22.124
-0.00184811 0.0162171 10.1477
-0.0120179 0.0368886 12.1691
-0.0269799 0.0177954 30.5659
0.0051256 -0.0196469 14.4556
0.00329058 -0.0331873 19.7087
0.00407957 -0.0337272 19.1569
0.00415731 -0.0340024 19.1668
0.00395448 -0.0386258 20.8688
0.00327895 -0.0411929 22.2708
0.00289211 -0.0432307 23.2403
0.00316821 -0.0456171 23.6458
0.00406096 -0.0421605 21.5394
0.00369493 -0.0474598 23.6337
0.00391069 -0.0499009 24.123
0.00114309 0.0595448 226.795
0.0572789 0.0306176 171.938
-0.0278614 0.0689754 257.444
-0.0888376 0.0938502 321.198
-0.348588 0.160642 424.348
-0.0616064 0.160463 73.5394
0 0.204148 -46.5736
-0.0209015 -0.166511 85.8062
-0.0209406 -0.166531 85.8139
0.30225 0.416454 -116.793
-0.0219497 0.15393 -9.31811
0.0343752 0.0318711 25.1719
-0.133942 -0.115431 90.9733
0.0637756 -0.187609 87.1195
0.101685 -0.148891 69.6516
-0.0941699 0.0425394 37.2443
-0.0501629 0.0574532 24.1756
-0.020072 0.123403 -2.5419
0.0205316 0.233646 -42.8534
0.036165 0.266339 -58.5154
0.0169013 0.26768 -53.0194
-0.0506938 0.231072 -21.4753
0.0095181 0.276181 -55.072
0.0372081 0.292701 -69.4629
0.0445175 0.315712 -79.0292
0.0636967 0.321564 -88.3328
0.0753376 0.315862 -91.2748
-9.79594e-13 0.128157 -17.6039
-9.79479e-13 0.128157 -17.6039
-0.0526998 0.261779 -18.1853
0 0.205032 -42.0082
-0.11528 -0.428466 220.38
-0.135552 -0.433642 232.869
-0.101155 -0.453935 220.032
-0.081567 -0.473147 214.711
-0.0748619 -0.488754 215.59
-0.0776748 -0.497983 220.235
1.05943 -1.56036 -197.757
-0.0100531 -0.0632239 48.1827
0.0837154 0.271426 -99.4103
0.0802444 0.278054 -98.6713
0.0669175 0.261942 -84.133
0.0335628 0.255533 -57.0814
0.00109711 -0.0779534 37.0658
-0.001329 -0.00447863 15.9847
-0.00463283 0.00366325 15.7171
-0.0395776 0.0517335 30.8339
-0.007101 -0.0303016 28.1646
-0.247811 0.253345 149.611
0.00322527 -0.0334282 19.8431
0.00383927 -0.0339937 19.4589
0.00446475 -0.0367642 19.7806
0.000939608 -0.0407919 24.4489
0.000619681 -0.0431744 25.506
0.0012635 -0.045366 25.5317
0.00261441 -0.0467023 24.5403
0.00260978 -0.0485329 25.1107
0.00242289 -0.0502311 25.8418
0.00548694 -0.0608666 25.8575
0.00077704 -0.0650152 32.4365
0.000477863 -0.0634839 32.2922
0.0311681 -0.121344 35.0575
0.00723683 -0.119758 62.9494
0.00706149 -0.119711 63.1451
0.00706149 -0.119711 63.1451
-0.0862689 0.11138 9.43032
0.609741 0.214167 -54.6188
-0.0769046 0.128474 3.20773
-0.042878 0.113995 4.89554
-0.0233833 0.0567896 22.2767
0.0558906 -0.681608 258.037
-0.124745 0.111614 14.8408
-0.279519 0.717154 -149.8
-0.0236075 -0.101104 91.9256
0.0968972 0.585982 -175.466
-0.171382 0.294282 -16.6023
-0.0710669 0.191723 -5.57643
0.00652537 0.213707 -33.0043
0.0369724 0.832579 -242.632
-0.00294906 0.305166 -60.0644
0.0103101 0.305391 -64.4552
0.0248136 0.298697 -67.0731
0 -1.09357 408.012
0.0239521 0.295003 -64.0686
0.00702692 0.271966 -49.1628
-0.0148115 0.28886 -45.6206
-0.0163453 0.293934 -46.6133
-0.0260981 0.284948 -38.8393
-0.0304418 0.329019 -51.5571
-0.0240256 0.359651 -65.1832
-0.0175592 0.380554 -75.6475
-0.00894752 -1.06129 402.358
0.00340123 -0.0732975 62.8813
0.00340123 -0.0732975 62.8813
0.00340123 -0.0732975 62.8813
0.0373405 -0.140352 63.4511
0.0837048 -0.266925 74.7537
0.0837065 -0.266924 74.7523
0.0716018 0.248298 -82.4843
0.0555367 0.273207 -79.203
0.0595681 0.271731 -81.8316
0.00109711 -0.0779534 37.0658
0.121022 0.218464 -110.588
-0.0258356 0.00622737 32.6764
-0.0148538 -0.0283821 34.5239
-0.0132364 -0.0324279 34.4372
0.00270788 -0.0333089 20.272
0.00304036 -0.0335454 20.0517
0.00362768 -0.0339514 19.6443
0.00384776 -0.0340039 19.4542
0.00384776 -0.0340039 19.4542
-0.00138334 -0.0429508 27.4465
-0.000883392 -0.0450553 27.6355
4.52132e-05 -0.0468694 27.2791
0.000732221 -0.0487622 27.1866
0.00117892 -0.0499755 27.1126
0.00105033 -0.0651071 32.1573
0.00147133 -0.0649484 31.6294
0.00272751 -0.062295 29.3035
0.00530755 -0.0536879 23.4175
0.00938687 -0.0471372 16.4017
0.0112038 -0.0422814 12.6209
0.0128576 -0.0383145 9.30029
-0.0863079 0.111341 9.44598
-0.0864655 0.110547 9.73554
-0.0782715 0.11185 8.9098
-0.0448731 0.10032 9.78092
-0.0486528 0.13849 -2.78071
-0.0847746 0.126033 4.79017
-0.00813527 0.204157 -31.6272
-0.0888063 -0.0990897 108.395
-0.0819125 -0.0127477 70.6851
-0.127273 -0.038873 89.0649
-0.0816641 0.0752975 38.2242
-0.0686598 0.188927 -5.38979
-0.0470065 0.17356 -5.15003
-0.0772896 0.27514 -25.2198
-0.0497731 0.326992 -52.4291
-0.00400828 0.311633 -61.7566
0.0292695 0.303835 -70.3567
0.0430199 0.294819 -72.0056
0.0313859 0.283003 -63.1053
0.0110835 0.275834 -52.2457
-0.0037577 0.288602 -50.4247
-0.0099126 0.294798 -49.8917
-0.00814713 0.299941 -52.6098
-0.00328579 0.329734 -65.5714
-0.000105802 0.358934 -77.5767
0.00394477 0.381404 -87.7452
0.00942677 0.394324 -95.39
0.010848 0.404701 -99.8979
0.0104331 0.412941 -102.576
0.0094527 0.419416 -104.269
0.00927543 0.422031 -105.084
0.00891599 0.423209 -105.262
0.00891599 0.423209 -105.262
0.0729216 0.240544 -81.2953
0.0783181 0.258085 -91.3244
0.0902517 0.256147 -99.9689
0.101911 0.20762 -91.8556
0.112828 0.261797 -119.406
0.0160788 0.120454 8.79151
0.00256166 0.100918 27.0332
-0.00364857 0.0718811 42.7944
-0.00364866 0.0715855 42.899
-0.0035809 0.0712711 42.9489
-0.00345527 0.0709634 42.9416
-0.00330679 0.0707379 42.881
-0.00312734 0.0704409 42.8119
-0.00312734 0.0704409 42.8119
-0.00312734 0.0704409 42.8119
-0.000254749 0.0662274 41.394
0.000168229 0.0658931 41.0679
0.000255256 0.0657135 41.039
-0.0350897 0.059014 254.342
-0.0332669 0.0616439 251.306
0.000229767 0.353678 -59.2356
0.000229767 0.353678 -59.2356
0.000229767 0.353678 -59.2356
0.00805324 0.333873 -113.474
0.0501874 0.244154 -133.023
1.09472e-15 -0.726562 329.466
1.09472e-15 -0.726562 329.466
-0.0920457 0.102448 12.8137
-0.0872267 0.110903 9.26541
-0.11175 0.120366 26.6528
-0.127353 0.161408 13.1261
-0.111129 0.179063 4.53418
-0.0660332 0.190831 -4.60456
-0.114946 0.0147443 67.13
-0.116219 0.0238461 64.089
-0.0834604 -0.0050867 67.3419
-0.0556431 0.103456 21.7311
-0.0280926 0.1369 2.57092
-0.0172243 0.125838 3.6503
-0.0100921 0.118125 4.37261
-0.00556143 0.110414 5.77448
-0.00271553 0.102753 7.63895
-0.00094361 0.0951909 9.79507
0.000175237 0.0877764 12.1104
0.000967288 0.0805581 14.4622
0.00144743 0.0735846 16.8405
0.00164446 0.0669034 19.2285
0.00157116 0.0605602 21.6149
0.00130095 0.0545984 23.9586
0.000918125 0.0490579 26.2098
0.000539394 0.0439752 28.2969
0.000203915 0.0393827 30.1859
-2.73496e-05 0.0353087 31.8294
-0.000153676 0.0317773 33.2135
-0.00019049 0.0288081 34.3362
-0.000173302 0.0264172 35.2108
-0.00013363 0.0246161 35.8515
-9.79847e-05 0.0234128 36.2728
-7.96375e-05 0.0228112 36.4827
-7.96375e-05 0.0228112 36.4827
0.0842628 0.220153 -82.6896
0.0997182 0.221577 -95.2404
0.0315701 0.0215631 -26.9922
0.0160788 0.120454 8.79151
0 0.362109 -116.949
0.112828 0.261797 -119.406
-6.40875e-12 0.362109 -116.949
-6.44524e-12 0.362109 -116.949
-0.00345527 0.0709634 42.9416
-3.84518e-12 0.362109 -116.949
-3.83803e-12 0.362109 -116.949
-3.8383e-12 0.362109 -116.949
-0.00312734 0.0704409 42.8119
0.0106793 0.169012 -62.4594
0.0106793 0.169012 -62.4594
0.000255256 0.0657135 41.039
0 0.362109 -116.949
-0.0335663 0.0622682 251.439
0.00461101 -0.188285 82.1015
0.00472578 -0.188844 82.1715
0.00540704 -0.189847 81.7298
0.0066553 -0.191125 80.6906
-0.102886 -0.202138 219.445
