0.0963771 -0.15159 18.8571
-0.0257241 -0.0437593 26.5784
-0.0411848 -0.0277396 27.1684
0.0182648 -0.127123 23.9437
0.00385973 -0.127756 25.1474
-0.0481735 -0.0555431 28.9767
-0.0343035 -0.0250419 25.7074
-0.0225063 -0.00361625 24.0772
0.0949605 -0.519045 11.4678
-0.00537649 -0.280968 29.2878
-0.0408315 -0.204246 36.3762
-0.0684316 -0.0507981 40.019
-0.0447943 -0.0246431 33.5432
-0.0548259 -0.0313096 36.752
-0.12769 -0.081773 59.7597
-0.0879371 -0.0977393 46.7479
0.126129 -0.0286893 -27.0212
0.0682343 0.0113494 -6.59181
-0.00916572 -0.0734455 24.2124
-0.10496 -0.0900981 63.4227
-0.125513 -0.120263 71.3484
-0.0325589 0.00520636 27.7612
-0.021663 -0.0498681 34.9846
-0.00422756 -0.0186027 16.2381
-0.182114 -0.0633073 113.793
-0.177393 -0.0805814 111.37
0.319122 -0.0626736 -173.352
-0.0732904 0.0342007 58.913
0.123042 0.0827109 -70.611
0.0217757 -0.0553702 4.00964
0.0191144 -0.060796 5.89899
0.0214768 -0.0905251 5.27139
-0.000283564 -0.115536 20.1122
0.00251437 -0.134127 18.5014
-0.175516 -0.300151 152.205
-0.00453101 -0.599261 24.9775
0.00511048 -0.0214783 -2.18111
0.0271877 -0.0268037 -19.5269
0.0334982 -0.0544233 -23.8087
0.0359624 -0.0471357 -25.8297
0.15511 -0.24261 -124.607
0.0775469 -0.0636902 -54.3903
0.147353 0.160283 -125.922
0.0566154 0.0297814 -38.8538
0.099632 -0.118299 -74.9641
0.104706 -0.0839318 -80.3843
-0.0156681 -0.0391058 19.7486
-0.0147764 -0.0341807 18.747
-0.00313756 -0.00520879 5.35924
-0.00896291 -0.0398378 12.8621
-0.00273584 -0.00230757 6.10277
-0.0389664 -0.125574 78.4102
-0.0775233 -0.0311618 120.57
-0.0747127 -0.00112838 117.331
0.109551 0.0804027 -24.6928
-6.00009 0.122089 7237.25
0.0373685 0.0100138 -42.7063
0.0575091 0.0130909 -66.7542
0.0953133 -0.148295 18.603
0.0761373 -0.142939 19.3378
0.0855973 -0.17556 19.5003
0.0418345 -0.189458 23.93
0.0119041 -0.24799 28.2982
0.0417729 -0.169456 21.9221
0.00596304 -0.0680715 21.8726
-0.0051349 0.00855493 22.0871
-0.0266181 -0.0376756 24.3802
-0.015771 -0.0732419 23.295
-0.0419533 -0.220458 35.2449
-0.0646885 -0.0649964 40.0801
-0.0609982 -0.0167797 37.9826
-0.0847674 -0.0219525 45.3748
-0.146786 -0.123197 66.1674
-0.00785791 -0.0900725 19.4082
-0.0551653 0.00415222 33.1143
-0.0193739 0.0345663 18.3643
-0.0359953 0.0248295 24.6968
-0.015403 0.0330312 16.0862
-0.00823923 -0.0508969 16.537
0.0462555 -0.0119865 -8.77911
0.0245927 0.00768105 1.08406
-0.54818 -0.00975423 286.828
-0.0777721 -0.0481992 46.8925
-0.189831 -0.054017 117.807
-0.0778684 -0.0438118 54.7238
0.122284 0.0919112 -70.5699
0.153951 0.181453 -91.4638
0.0197176 -0.0594563 5.5439
0.0134555 -0.0503474 9.3441
-0.0327336 -0.0969218 42.2366
-0.0149394 -0.113054 30.3014
-0.0139314 -0.127245 29.8384
-0.0758259 -0.0181063 61.2666
0.0543739 -0.133768 -32.051
0.00290824 -0.00770148 -0.629475
0.0222455 -0.0148629 -15.9688
0.00609088 -0.0144327 -2.33481
0.0199069 -0.0183998 -13.9324
0.0317941 -0.0312343 -22.8701
0.203187 0.49918 -182.072
-0.00365787 0.204914 1.41954
-0.0470472 0.148659 43.7867
0 0.208141 -2.06288
0.0364657 0.0961157 -34.9967
-0.453704 0.370159 465.948
0.235266 -0.0539648 -217.509
0.228437 0.632812 -235.732
0.00366368 0.0847066 -2.87985
0 0.0813059 1.11709
-0.0287039 -0.179257 250.355
-0.0302669 -0.182951 252.241
-0.00233347 -0.00204637 5.63282
0.0488733 0.384588 38.3435
-0.290704 0.0577593 454.35
0.0184683 0.0042071 -19.7268
0.0330187 -0.215741 -29.343
0.0566077 -0.082246 15.3282
0.0693867 -0.121022 17.7139
0.0607455 -0.163502 19.9754
0.0268993 -0.240956 26.1806
0.0426289 -0.20644 22.7999
0.0280507 -0.184945 22.867
0.084043 -0.0902201 11.7021
-0.037391 -0.0238217 26.7969
-0.0197085 -0.0191192 22.6913
-0.0293737 -0.0174716 23.6904
-0.0123407 -0.057469 22.2195
-0.0425154 0.0731674 22.487
-0.0365307 0.0380207 22.4782
-0.0421166 0.0245796 24.2714
0.0247203 0.0139678 4.29983
0.028409 -0.0136391 4.88704
-0.0364021 -0.0205319 28.5241
-0.0328378 -0.0096533 25.4746
-0.0460379 -0.0185788 31.1295
-0.027755 -0.0284466 24.3485
0.0150126 -0.0277007 5.66091
0.0614277 -0.0161793 -15.7243
0.0547262 -0.038164 -10.4598
0.00471832 -0.107898 17.4969
0.0243128 -0.146076 11.1903
-0.0652214 -0.0333402 47.6729
-0.039077 -0.0237339 32.572
-0.00988737 -0.0488096 13.5663
-0.134504 -0.455399 118.14
0.000361538 -0.0536224 8.46432
-0.0201236 -0.0538454 31.8959
-0.046379 -0.133924 52.9078
-0.0277467 -0.137663 40.0456
-0.107563 -0.297327 103.731
-0.0673435 -0.0175236 54.7723
-0.0598885 -0.0162863 49.4024
0.00455142 0.00237751 -2.12822
0.00890467 0.00196711 -5.32735
0.00454045 -0.0198998 -0.730203
0.0169696 -0.0167454 -11.5467
0.0398981 -0.0271225 -30.0967
-0.000232556 -0.0340893 5.17743
-0.00724793 -0.0367094 12.8747
0.0161598 -0.325402 9.10339
0.00338794 -0.318072 20.6312
0.00675521 -0.0355112 -0.492758
0.173606 -0.0146101 -162.168
0.122592 -0.103971 -107.396
0.0225648 0.321925 -30.0308
0.0230508 0.320753 -30.4641
0.0226384 0.312256 -29.5078
0.0217268 0.25611 -25.2447
0.0456 0.196484 -48.2409
0.00276749 0.371016 -10.9202
-0.00860129 0.358052 3.03379
0.00181429 0.370483 -9.87372
0.141453 0.0605702 -23.8907
-0.00483593 0.200592 149.093
0.013634 0.0831404 5.26133
0.0277566 0.0850877 5.11191
-0.0032986 0.0328869 10.1581
-0.004905 -0.0128891 13.5148
-0.0242549 0.0330192 12.2343
-0.0338219 -0.0944247 22.405
-0.0647054 0.0467266 13.4987
-0.0392528 0.0780941 6.98789
-0.00956876 -0.170639 27.8292
0.126585 -0.16901 -0.895051
0.106176 -0.0931634 -1.84452
-0.0612686 -0.0851669 38.9752
-0.0704733 0.0319075 31.9494
-0.0354749 0.0189574 23.0351
-0.00149021 0.0157649 12.7245
0.0158687 0.009465 7.40831
-0.0525019 -0.00485656 32.9361
-0.0269992 -0.0572921 26.6123
-0.0275241 -0.102603 29.19
-0.0222907 -0.0377909 22.7072
0.0411539 -0.0303668 -5.43125
0.0417426 -0.0469906 -4.15288
0.00109442 -0.179464 24.9329
-0.00310325 -0.173533 26.6522
-0.00923983 -0.157263 27.6676
-0.0230316 -0.0503425 25.8215
-0.0263047 -0.0552464 27.5643
0.00266676 -0.0123768 2.9865
0.0176307 -0.0196796 -6.18436
-0.0115408 -0.0417535 14.6404
0.00494872 -0.0100684 0.823663
0.0136217 -0.00341253 -5.60194
0.00135897 -0.0884593 10.9403
-0.0288338 -0.00868975 25.9185
-0.0449638 -0.0229082 38.552
-0.0227124 -0.0111059 20.5197
-0.00801122 -0.00690411 8.68009
0.00479711 -0.00470875 -1.45213
-0.00395984 -0.0144927 6.05441
0.0133049 -0.0177516 -8.57867
0.0184226 -0.0240183 -11.6591
0.0098426 -0.0193143 -4.8079
0.0159594 0.0438509 -15.1485
0.0240058 0.0324386 -22.2829
0.0025095 0.0363659 -2.24898
0.0665937 0.115969 -66.6971
-0.00711251 -0.0237392 10.468
-0.00108071 -0.217875 31.3628
-0.00582024 -0.414352 51.622
0 -0.178767 27.1725
-0.0141702 -0.387656 58.1531
-0.0113304 -0.352919 51.896
-0.00292729 -0.322848 39.9303
0.00463468 -0.301413 29.5824
-0.194725 -0.429451 372.701
0.0324731 -0.218281 -9.96696
0.0308226 -0.217625 -8.03642
0.0308226 -0.217625 -8.03642
0.0153362 0.131103 1.70819
0.0050208 0.134807 1.45984
-0.00446937 0.13566 2.383
-0.0108579 0.130097 3.26485
-0.029836 0.110842 6.58333
-0.0951632 0.110606 13.2833
-0.117445 0.111055 15.7838
-0.0407875 0.0673653 8.10718
0.0534588 0.0423347 -5.50693
0.0703497 -0.0510263 1.11654
-0.632102 -0.0939211 171.663
-0.0327108 0.0261825 15.579
-0.0254518 0.107724 4.48453
-0.0245474 0.0135898 20.1325
-0.0217659 0.00355543 20.265
0.00238174 0.00796335 12.2247
-0.0442753 0.0424233 25.8163
-0.0678459 -0.0258283 39.574
-0.0646804 0.00853938 33.7648
-0.0261721 -0.0353527 22.9736
0.0227491 -0.051815 4.60953
-0.0429349 -0.0934377 39.2004
-0.0466729 -0.256848 55.5636
0.00380759 -0.173261 22.6479
0.025233 -0.195386 13.5614
0.0147403 -0.116983 11.5956
-0.0320156 -0.0753743 32.9479
-0.049907 -0.0318728 37.8202
-0.0149439 -0.0107798 13.6306
-0.205347 -0.721163 215.586
-0.0379305 -0.748866 109.969
0.00241233 -0.00358114 1.74851
0.0224091 -0.0513814 -5.36026
-0.0201599 -0.0459379 23.5756
-0.0380815 -0.0351676 35.8242
-0.0426083 -0.00596274 35.5274
-0.0128604 -0.00749541 12.5705
-0.00834761 -0.0121638 9.45494
0.00208082 -0.0113395 0.78003
0.0179831 -0.0137648 -12.7652
0 0.0141483 -0.650019
-0.00357698 -0.0262947 7.27455
0.0408089 -0.00676323 -34.6768
0 0.0711913 -3.62915
0.0440206 -0.137237 -20.1898
0.0596021 0.132843 -61.4712
-0.00785383 -0.453616 57.4246
-0.0624515 -0.593968 126.572
0.00604258 -0.399424 37.7575
-0.00823839 -0.398399 52.7544
-0.00991268 -0.387683 53.4247
0.0436326 -0.488482 4.75966
0.0115428 -0.347832 25.6383
0.0192538 -0.324293 14.7341
0.0271231 -0.357989 9.02788
-0.00122651 -0.00102411 4.22895
0.154323 -0.0271119 24.2534
0.163073 -0.0273945 13.4743
0.0335313 0.12655 2.49102
0.0206534 0.108262 4.62819
-0.0135458 0.0712553 10.9168
-0.0246207 0.0655765 12.0814
-0.0452693 0.0681858 13.7176
-0.066729 0.137349 7.61413
-0.0299053 0.0284555 17.0632
-0.435601 0.0507432 77.5785
0.0183697 0.0317734 2.19646
0.0275543 0.0165894 2.32621
0.0133671 0.0505143 1.71285
0.0147146 0.103898 -4.35643
0.0342377 0.134537 -11.8185
-0.00373116 -0.0137086 16.4258
0.00239612 -0.00733723 13.9073
0.0143085 0.00543342 8.31759
-0.0892043 0.00923746 43.8593
-0.0780032 -0.0468001 45.8171
-0.0798872 -0.0296783 43.9764
-0.0298779 -0.0423156 25.1169
0.0291936 -0.103658 7.499
-0.0221568 7.13359e-05 14.2762
-0.0156392 -0.0324045 15.4154
0.0477008 -0.115568 -7.08724
0.0339546 -0.100584 -2.23988
-0.00186535 -0.0621944 13.574
-0.0212157 -0.0590636 23.5215
-0.00574491 -0.0370932 11.1199
0.0106342 -0.0339518 0.830701
0.0506629 -0.0446312 -22.7597
-0.0217916 -0.0591524 25.141
0.00398007 -0.0305437 3.72503
-0.00359267 0.0034703 3.25416
-0.00361309 -0.049255 11.6169
-0.0389869 -0.00218247 32.4952
-0.0310437 -0.00485944 26.7206
-0.030671 0.000264147 25.7634
-0.00424995 -0.00254288 5.21568
0.0034301 -0.000342679 -1.38755
0.00301398 -0.00704828 -0.396287
0.00164405 -0.0164944 3.06535
-0.00123308 -0.00622755 4.80976
0.00512898 -0.0414038 2.65523
0.000680296 0.160398 -17.3905
0 0.187006 -20.0404
0.0202643 0.154553 -35.8401
0 0.162897 -16.9881
-0.00258701 -0.0121422 5.49343
-0.0205799 0.180594 2.73535
-0.00249535 -0.00285119 5.88614
-0.00243264 -0.00210372 5.75728
-0.0696699 -0.198634 146.571
-0.074347 -0.197369 151.654
-0.00204111 -0.203825 71.295
0 -0.205107 69.1014
0 -0.205107 69.1014
0.202406 0.0511539 -58.8477
0.0388264 0.124102 155.254
-0.0151062 0.0439612 13.4984
-0.00501373 0.033208 15.2665
-0.024275 0.0167066 18.4606
-0.0365921 0.0276907 17.4977
-0.0363124 0.0357955 16.5993
-0.0541196 0.0819704 12.4871
-0.0621069 0.0353276 20.4451
-0.378133 0.0409382 69.5409
0.0138896 0.0313407 3.02762
0.0258801 0.0425866 -0.923262
0.0711715 0.0467723 -10.8047
0.0629302 0.0689404 -11.4686
0.0414832 0.0361805 -1.30337
-0.0809271 -0.00655657 82.3839
-0.0117663 -0.0107649 18.6951
-0.0800149 0.000878148 69.552
-0.0832142 0.00992807 69.3684
-0.0673206 -0.0634565 43.6014
-0.062297 -0.0362077 37.7468
-0.056508 -0.0635209 38.6209
-0.0137532 -0.0525142 18.937
-0.0318989 -0.02129 22.3956
-0.00472018 0.00242052 5.84784
-0.0258599 -0.00570586 16.2903
0.0122858 -0.0212884 -0.739034
-0.00863741 -0.0651266 17.2176
-0.0171053 -0.0093094 13.8581
0.00207337 -0.0123296 2.30769
0.0295561 0.202717 -45.7173
0.00286379 -0.0282699 4.95345
-0.00510351 -0.0513321 13.1644
-0.00907294 -0.022155 11.1823
-0.00430107 0.0116792 2.41497
0.00186399 -0.0178786 2.99915
-0.00475672 -0.0118205 7.6802
-0.037571 0.00596905 30.4165
-0.0174001 0.00687214 14.4365
-0.000609913 -0.00272583 2.42117
0.0101863 -0.00270842 -7.02125
0.00133808 0.00333907 -0.398719
0.0109835 -0.00042661 -7.7333
0.00160421 -0.00851191 1.66057
-0.0115872 -0.0122862 15.1254
0.000597459 -0.00163193 1.42129
-0.00126697 -4.50161e-05 3.0155
0.000758064 0.00131377 1.96122
0.00543198 -0.00687727 -1.70781
-0.0044966 -0.00685756 8.20376
0.00157866 0.000375289 1.27102
-0.000946168 -0.00225325 4.21446
-0.00249059 -9.00951e-05 5.61095
0.0345685 0.0224308 -3.16506
-0.00221605 -0.00107486 5.42644
-0.000742939 -0.00129295 3.68768
-0.00222864 -0.000607606 5.3855
-0.00222479 -0.000192533 5.32441
0.218735 0.0545496 -79.2729
0.362103 -0.159282 -212.087
-0.0296415 0.0116561 18.0751
-0.0088317 0.0138726 17.611
-0.0274666 0.00576337 20.0941
-0.0360431 0.00458795 20.6541
-0.0122869 0.0151725 17.2691
-0.0236009 0.0200678 17.6968
-0.0518733 0.0360923 18.8327
-0.113274 0.0481495 26.139
-0.0457064 0.0673891 9.01521
0.0280009 0.0529467 -2.97849
0.0282993 0.0331232 0.526457
0.0435456 0.0242844 -0.11634
0.0291573 0.0164067 4.70296
-0.0243859 0.00392639 20.2154
-0.0491096 -0.000552558 28.2831
-0.0806428 0.00944418 68.496
-0.0876443 0.010412 70.8155
-0.0385843 -0.0214255 26.28
-0.0728454 -0.0105273 38.0923
-0.0318783 0.0108922 16.7786
-0.0107516 0.0068586 8.74057
-0.0212373 0.00671637 13.4478
-0.0298477 0.00406776 17.8518
-0.0310597 0.00467266 17.5018
0.0293794 0.0922807 -28.858
0.00131748 0.00938599 0.416542
-0.0223205 -0.000789355 15.6228
0.00234783 -0.00547471 0.99069
-0.00194749 -0.0217211 6.6458
0.339975 0.497777 -299.627
-0.108827 0.0931067 60.1069
-0.00243209 0.010295 1.44987
0.00498697 -0.00991697 -0.302819
0.00184355 -0.0288548 5.06654
-0.000109677 -0.0175213 5.13374
-0.005183 -0.0173734 8.65022
-0.00534405 0.00267651 5.49271
0.0040651 0.00340504 -2.41037
0.00307829 0.0151249 -4.08826
0.00489739 -0.0126352 -0.522064
0.00211909 0.00874597 -2.06741
-0.00121837 -0.00628412 4.8048
0.00407966 -6.11998e-05 -1.80819
0.00671559 0.00610613 -5.38792
0.0018908 8.41689e-05 0.254257
-0.00130114 -0.00254692 4.9344
0.00321854 0.000553557 -0.385109
0.409255 -0.168253 -388.032
-0.00160043 0.000225168 4.62154
-0.0019393 0.000658438 4.9048
0.284471 -0.529524 -172.872
0.0182359 0.00823441 17.5211
-0.00835224 -0.0108655 50.8767
-0.00425019 -0.0626681 54.9335
-0.541406 -0.0446875 694.395
-0.123955 -0.0194532 193.635
2.34717 -0.219313 -2644.56
0.546872 0.214117 -496.202
0.0109658 0.0159036 17.1581
-0.00884782 0.0288857 15.2694
-0.0193924 0.0295089 15.566
-0.0301824 0.0350354 15.0308
-0.0230997 0.0100727 19.0024
-0.017456 0.0127049 17.9872
-0.0420483 0.0610618 12.8776
-0.0898292 0.0756895 17.1556
-0.0789892 0.118641 7.23696
-0.00682831 0.106321 -4.44565
0.0533965 0.0591946 -8.8505
0.0254338 0.0533509 -0.560768
-0.0129242 0.0520044 9.01058
-0.0395995 -0.00331704 70.2549
-0.0640993 0.0319466 27.143
-0.073852 0.0335449 29.9205
-0.0583078 0.0144515 28.0016
-0.052043 0.0244013 23.932
-0.061222 0.0291163 26.4879
-0.00101473 0.0306795 1.03342
-0.028763 0.0205713 14.4004
0.0892436 0.00078838 -36.3862
-0.0671348 0.0293225 31.424
-0.090497 0.194523 13.4618
-0.0236069 0.0197372 11.7288
0.0348105 0.0691505 -27.1701
0.0400297 0.161416 -48.5815
-0.0156849 0.00167153 11.2568
0.0566283 -0.347624 46.0713
-0.145187 0.21745 61.0951
-0.12776 0.222358 48.2262
-0.0466522 0.00684091 34.018
0.025223 0.182258 -49.1444
-0.11416 -0.36031 153.424
0.00102711 0.00999348 -0.908579
0.00197841 0.00325483 -0.439965
-0.00603186 -0.00793404 8.42094
0.0655499 0.0689714 -63.7296
0.00625679 0.00639486 -4.59126
0.00289532 0.0102293 -2.29801
0.00486995 0.0118553 -4.92297
0.0202774 -0.0179817 -13.444
0.125 -1.92188 262.799
0.00805266 0.0187911 -8.69388
-0.00663441 0.0128091 6.68835
-0.000839988 0.0174833 0.265891
0.885547 0.266016 -946.321
-0.00505279 0.0135694 4.98389
-0.00248588 0.000741213 5.48364
-0.047154 -0.821708 235.612
-0.00462495 -0.00429677 7.11504
-0.00679928 -0.182981 78.638
0.322035 0.0490457 -330.765
0.136162 1.83968 -435.264
-0.802352 -0.203076 1031.44
-0.138924 -0.0373952 214.805
0.230952 0.215473 -182.551
0.593461 -0.0739135 -504.12
0.0311273 -0.00772487 21.4062
0.016675 0.0027405 19.9122
-0.101891 0.0561095 31.2435
-0.0930653 0.159549 9.25191
-0.0856927 0.1437 11.7181
-0.104224 0.171409 8.0868
-0.090012 0.107183 19.5202
-0.0862004 0.195674 0.753808
-0.0958597 0.185104 4.69294
-0.110332 0.103537 23.9905
-0.112447 0.0190911 41.8927
-0.0347778 0.0644228 12.4814
-0.0256389 0.0692413 9.41525
-0.0529985 0.00325921 73.117
-0.0433546 0.0834298 11.0547
-0.0707623 0.0809969 20.0665
-0.0542956 0.0178255 25.9006
0.0609289 0.204799 -52.5837
-0.0064781 0.0412892 7.83166
9.06403e-05 0.0124255 10.9919
0.0460904 0.211062 -12.5953
-0.000639431 -0.015127 44.1597
-0.0933881 0.202016 46.3109
0.070714 -0.111804 28.2032
-0.00220757 0.218692 -36.2963
0.00802775 0.213046 -39.5039
0.00587101 0.179102 -31.8886
0.0463126 0.0679028 -28.2772
-0.00365387 0.0985292 -4.72738
-0.0170339 0.212094 -20.5452
-0.0233521 0.248662 -24.7592
0.0423949 0.233787 -63.7776
-0.00623815 0.0035815 5.93385
-0.00239051 0.0078815 2.01404
-0.0691134 0.115648 31.1378
-0.000414542 0.00739036 0.662751
0.00608171 0.00634655 -3.9647
0.00312685 0.00959303 -2.46708
0.00722247 0.00332826 -4.86141
0.00184249 0.00943235 -1.15901
0.00580143 0.00597436 -4.48263
0.00388546 0.0044604 -2.28148
0.284396 0.0239894 -259.463
0.0103036 0.0184279 -10.7166
-0.00365312 0.00129102 5.68118
0.00692537 0.00816223 -5.47675
-0.00510153 0.0183148 4.24719
0.424435 0.0942588 -445.268
-0.00380429 0.00225011 5.54124
-0.0110072 0.00387244 12.8073
-0.00265608 0.00182428 5.45062
0.289702 -0.131428 -261.956
-0.00302235 0.00130395 5.97623
-0.00288609 0.00119703 5.84566
0.0852807 0.0131875 -61.27
-0.152304 -0.0425813 231.618
0.0161112 0.0320312 16.7131
0.0152735 0.0367003 16.7701
0.0182167 0.00731937 17.8512
0.010372 -0.00675237 21.2564
-0.0401946 -0.237456 66.3064
0.311485 -0.26435 50.3202
-0.101905 -0.308372 95.8614
-0.365604 0.10105 36.8056
-0.0119305 0.15507 -21.4879
0.00740016 0.21969 -39.1811
0.0393965 0.209915 -42.5187
0.00719853 0.195168 -33.3074
-0.00653807 0.178992 -26.3577
-0.0397685 0.196669 -23.4307
-0.0722282 0.263247 -30.8484
0.0113044 -0.0106847 57.9357
-0.0027716 0.336597 -66.6088
0.0284278 0.373763 -84.6802
-0.0463625 0.623094 -114.365
0.0297361 0.339264 -77.356
0.0670046 0.56179 -144.158
-0.00113175 0.440113 -90.98
0.0106882 0.426873 -93.1822
-0.00478688 0.446422 -90.6089
0.0638419 0.183234 -52.183
-0.0252405 0.291409 -38.7442
-0.0222493 0.283229 -38.9092
-0.0206555 0.281691 -39.1548
0.0204152 0.263855 -57.7105
0.0457591 0.155112 -46.5864
0.0153261 0.164213 -29.9673
0.0180411 0.209576 -42.807
0.0518449 0.237169 -70.6303
0.0374019 0.271211 -68.9279
-0.0180772 0.0962934 8.26775
-0.00596351 0.0926063 0.614618
0 0.0858467 -2.16632
0.00301746 0.107831 -9.23148
-0.006299 0.104464 -1.36691
-0.0798952 -0.0409359 79.1488
-0.127883 0.0776652 92.9169
0.0232418 0.0874434 -22.1956
-0.0313966 0.0913346 24.2356
0 0.103986 -6.22437
-0.0745187 0.310087 35.2532
0.40126 -0.0609735 -333.277
0.0150559 0.0746876 -14.0653
0.014956 0.0720118 -13.6959
0.0163472 0.0769704 -16.5129
0.000128723 0.0743202 0.258905
0.000128715 0.0743201 0.258925
0.000128705 0.0743201 0.258941
0.000128705 0.0743201 0.258941
0.306358 -0.15094 -276.254
0.0907424 0.0304508 -73.1749
0.136658 0.021805 -123.519
0.177816 0.0503641 -178.64
0.169047 0.0584347 -170.147
0.0226551 0.0282566 9.59637
0.0205719 0.0356416 10.4625
-8.82852e-05 0.0273406 13.3311
-0.000612219 0.0948268 -2.78876
-0.0702888 0.13032 -8.01939
-0.0554974 0.234264 -36.6399
-0.0375402 0.318632 -59.4482
-0.00795497 0.289782 -55.6368
0.0213929 0.258503 -51.5898
0.0543771 0.281674 -62.0858
0.0427134 0.285416 -61.5834
0.0463298 0.303903 -67.5384
-0.00967319 0.19647 -30.493
-0.0176259 0.266689 -45.4744
0.017253 0.308859 -65.2014
-0.10089 0.424724 -62.4657
0.00413316 0.345788 -69.7685
0.00886082 0.368605 -76.2176
-0.0255156 0.0942334 6.22698
0.00231315 0.350075 -69.548
-0.012139 0.358931 -66.0285
-0.000209414 0.353002 -69.3425
0.0394733 0.205117 -21.509
-0.0141223 0.208186 -22.7776
-0.0412711 0.237065 -17.2199
-0.0405302 0.282063 -29.1722
-0.0422178 0.238489 -17.4372
-0.007375 0.228418 -34.2356
0.00256239 0.207943 -34.7084
0.0389517 0.196064 -51.8829
0.0317656 0.152323 -37.6038
0.0573177 0.179248 -60.1449
0.0875382 0.235408 -93.5922
0.0627784 0.278305 -87.6952
0.0667928 0.287929 -92.7661
0.114632 -0.0129687 -50.6636
0.020614 0.00837309 9.52982
0 0.0833253 6.88679
0 0.0392709 17.5494
-0.00864674 0.0795097 14.8746
0 0.0833253 6.88679
0 0.0146608 23.4094
0.0016243 0.0966466 2.25072
-0.00399035 0.0773454 15.1977
-0.0037041 0.0759383 25.8198
0.142883 0.0798615 -111.288
0.431333 -0.173979 -334.869
0.006256 0.102827 -1.85937
0.00882225 0.101589 -4.07079
0.0124032 -0.564981 159.562
0.238291 0.115756 -219.034
-0.244369 -0.287047 388.468
0.0581437 -0.0110179 -29.9064
-0.0521503 0.0221976 84.9872
-1.1281 -0.0483727 1311.13
0 -0.0149731 35.5262
0.0638077 -0.00926998 -30.8267
0.251302 0.0292969 -264.988
0.295272 -0.213667 -301.418
0.137855 -0.0579249 -147.927
0.0141301 0.23829 -41.2379
0.0114622 0.216227 -35.1771
-0.0344103 0.192351 -26.7684
-0.0107322 0.263712 -48.1498
-0.00647287 0.312035 -61.3749
0.0164945 0.341194 -71.5654
0.0353082 0.373204 -82.6207
0.0421377 0.383667 -86.0694
0.0502705 0.411949 -94.7376
0.0370204 0.369163 -80.9531
0.0541561 0.372338 -85.5906
-0.127829 0.477869 -71.424
0.030143 0.392073 -89.7536
0.00822384 0.4444 -97.5132
0.00144459 0.346712 -68.577
-0.0155669 0.322486 -56.7203
0.00751562 0.335594 -67.8509
0.0131912 0.339018 -70.7535
0.00905105 0.347163 -71.4068
0.00514823 0.348321 -70.4479
0.0338621 0.340712 -80.9235
-0.0118703 0.263338 -38.0142
-0.00431671 0.0868675 2.75358
-0.0370638 0.237965 -19.6974
-0.0440597 0.169927 1.42749
-0.0512402 0.194863 -1.68685
-0.0156236 0.210976 -25.6383
0.0115913 0.164458 -28.8405
0.0616765 0.144639 -54.4632
0.102547 0.146364 -80.6185
0.106853 0.202522 -98.0229
0.077223 0.265055 -93.9398
0.0880538 0.256832 -99.0946
0.134752 -0.336788 31.9854
-0.0656756 -0.253117 155.824
0.0256197 0.129088 -21.6749
-0.063619 0.14028 44.8153
-0.0758213 0.123691 60.9542
0.0376934 0.105868 -26.956
0.113525 0.00256614 -63.9565
-0.0777108 0.134766 64.2773
-0.00440424 0.0786074 15.2202
-0.00731352 0.0829632 16.665
-0.00723109 0.0924603 13.9815
-0.00202782 0.102781 6.20859
0.00468693 0.102363 -0.194048
0.0103543 0.0988609 -4.86891
0.0134066 0.0806924 -3.02026
0.0125435 0.0650813 2.10886
0.0107956 0.0574774 6.00154
-0.0479034 -0.333403 197.898
-0.0419707 -0.294097 180.373
0.309485 0.093431 -338.895
0.36391 0.0708727 -394.534
-0.0917969 0.186849 105.316
0.340932 -0.0763536 -335.422
-0.00479578 0.114371 83.4523
-0.0201903 0.0587189 117.469
-0.000899634 0.240156 -41.5941
-0.00632745 0.237969 -40.8722
0.00642817 0.250664 -44.6516
0.00221588 0.27028 -50.1274
0.0468586 0.352117 -78.0053
0.0509474 0.383929 -87.0252
0.0539302 0.384039 -87.1445
0.0638493 0.383514 -88.8533
-0.0239528 0.347235 -62.5696
-0.0102465 0.296078 -50.3063
-0.0300877 0.177752 -11.821
-0.0881662 0.117344 19.6206
-0.115046 0.227179 0.520954
-0.0556305 0.318546 -43.2043
-0.0198596 0.324223 -55.5858
-0.00363847 0.320572 -59.935
0.0105139 0.349962 -72.6735
-0.000531521 0.322118 -61.1
0.0194714 0.325162 -70.1013
0.058913 0.348288 -93.8596
0.0222967 0.365053 -82.7345
0.003788 0.313767 -59.2391
-0.0588484 0.270337 -16.8342
-0.0804244 0.210271 10.0717
-0.0657085 0.211056 1.82009
-0.0321785 0.204952 -14.7222
-0.0135296 0.208606 -25.7093
-0.0478117 0.209934 -6.22035
0.026948 0.139292 -31.8551
0.770497 0.142156 -498.397
-0.196443 0.288606 84.6916
0.0506248 0.278163 -79.0345
0.0559977 0.25142 -75.1048
0.0485511 0.248689 -68.6579
0.0224628 0.30758 -67.5421
0 0.0121106 30.3428
0 0.0121106 30.3428
0 0.0121106 30.3428
0.0225383 0.0500334 0.371864
0.124164 0.00518335 -73.8106
0.000907495 0.0192731 -3.22914
-0.00270849 0.0788681 13.6244
-0.00255547 0.0816427 12.6884
8.96133e-05 0.0921556 7.19755
0.00188042 0.100402 3.11269
0.00266099 0.101026 2.1741
0.00247007 0.0958565 3.86383
0.000351448 0.0819088 10.0196
0.00324641 0.0652653 11.7888
0.00554427 0.058493 11.3243
0.0130505 -0.285656 117.668
0.0125053 -0.283526 117.613
0.0490086 -0.15505 23.3299
0.0235902 -0.144325 49.185
0.0125849 -0.13594 59.499
0.0125849 -0.13594 59.499
-0.0326943 0.0352336 139.85
0.0588088 0.0455538 23.892
0.0132177 0.238927 -41.3329
0.0129155 0.227368 -37.6802
0.00966259 0.237151 -40.5952
-0.0835552 0.0879923 27.463
-0.117801 0.101595 25.2925
0.0611032 0.419079 -98.4121
0.0457169 0.383619 -85.0158
-0.279069 0.476495 -65.938
-0.0397787 0.149 5.10133
-0.0112506 0.210039 -25.7329
0.00133185 0.119443 7.07123
-0.0881002 0.128655 16.2771
-0.10365 0.221971 -0.391761
-0.0540958 0.263166 -28.2168
-0.00857837 0.264557 -41.5432
-0.206051 -0.156792 150.385
0.0140819 0.304999 -60.5602
-0.118934 0.743584 -143.768
0.0317546 0.310707 -70.3722
0.0625535 0.333439 -89.7693
0.0438347 0.372129 -93.9647
-0.0158074 0.0617652 24.941
-0.0997754 -0.306363 195.423
-0.0598085 0.176756 9.34768
-0.0626438 0.196061 4.71473
-0.0296378 0.197953 -13.6699
-0.00698133 0.206401 -28.8993
0.00357379 0.241227 -45.8919
0.0504885 0.101862 -35.816
0.790688 0.149696 -513.552
0.135874 0.27761 -129.721
-0.0931292 -0.107669 133.841
-0.00540138 0.263327 -34.7057
0.132593 0.204089 -115.678
0.0821377 0.254451 -94.5054
0.0668467 0.266491 -87.1342
0.0209099 0.166263 -19.418
0.00443669 0.0144796 -5.5056
0.000773535 0.0104813 -1.09716
0.0103241 0.0126348 -10.1592
0.00294078 0.00953816 -2.21219
0.535404 -0.0990666 -438.816
-0.002789 0.0548971 -11.7641
0.00178025 0.013313 -2.12195
0.00213419 0.00715362 -0.951036
0.000119739 0.00298448 2.23069
-0.0013945 0.0483199 -10.9825
-0.00048314 0.00189094 3.10471
-0.00137219 0.00314339 3.6934
-0.00572806 -0.0271562 18.7573
-0.00471086 -0.0295827 18.5665
-0.00316411 -0.0303288 17.1715
-0.00122821 0.00192577 3.87748
-0.00313373 0.00224039 5.88489
0 -0.0315202 14.0114
-0.00324674 0.00202782 6.07074
-0.138564 -0.144146 329.124
-0.140766 -0.138634 330.143
-0.0174373 0.0369292 39.9178
-0.0173201 0.0250957 43.8658
0.0192781 0.0168713 44.352
-0.0493054 0.038973 41.756
-0.0979731 0.0980818 24.8567
-0.0710387 0.0327129 43.5272
-0.0260504 -0.0142867 52.8792
0.0331925 -0.00256103 41.3923
-0.0163786 0.142102 3.07872
-0.00874641 0.114004 10.7439
0.00486309 0.0998009 12.9125
-0.0248767 0.10466 18.9293
-0.0752148 0.201853 -1.6361
-0.0492402 0.221188 -15.294
-0.0421893 0.214069 -14.5637
-0.130547 -0.123568 114.523
0.0253584 -0.650634 273.096
-0.000606076 -0.0595158 48.7506
-0.000606076 -0.0595158 48.7506
-0.000606076 -0.0595158 48.7506
0.0706007 0.356007 -100.238
-0.0125415 0.0740978 19.4862
-0.0158102 0.117483 6.61528
-0.0319568 0.161421 0.0488373
-0.0486866 0.181693 1.93989
-0.330966 -0.0507221 216.945
0 0 -1
0.0721649 0.237395 -85.0536
-0.0181036 -0.228104 121.753
-0.0181036 -0.228104 121.753
-0.0218381 0.84835 -223.379
0.000961429 0.861301 -243.109
0.151867 0.269422 -152.367
0.140722 0.216831 -125.704
0.0959006 0.215074 -91.4224
0.078682 0.250763 -90.659
0.0832373 0.266226 -99.6954
-0.00802733 0.165876 -42.9679
0 0.169013 -50.4673
0 0.153035 -45.2188
-0.242285 0.107268 184.321
0.00338261 0.00577403 -1.73647
0.0035206 0.0114027 -3.46327
-0.00120421 0.0453371 -10.2049
-0.00126977 0.0441979 -9.76246
-0.00124302 0.0443337 -9.83346
-0.00168025 0.00372888 3.82827
-0.00122043 0.0457904 -10.3313
-0.00176943 0.00326003 4.07017
-0.00105944 0.048073 -11.2451
-0.00179092 0.00260957 4.30158
-0.00303321 0.00250676 5.69322
-0.00098186 0.00254633 3.45958
-0.00324909 0.00189925 6.10814
-0.00327233 0.00271559 5.89481
-0.00339311 0.0026273 6.06328
-0.00288072 0.0553676 -11.5859
-0.00343304 0.00259814 6.12122
-0.0206521 0.0395643 39.057
0 0.86827 -259.106
-0.0198527 0.0692896 28.0704
-0.0603158 0.0418949 40.5422
-0.0573989 0.0510206 37.0114
-0.0824085 0.0498484 39.125
-0.0358009 0.245167 -29.7372
-0.0538017 0.17072 -0.082088
-0.0514462 0.143126 9.74909
-0.0348507 0.112745 16.796
-0.0147443 0.083201 22.5859
0.0042321 0.121365 5.90147
-0.0476321 0.148813 9.41996
-0.0375235 0.187913 -7.35254
-0.0289393 0.195601 -12.504
0.0150361 0.107544 14.9731
0.0145518 0.116328 11.951
0 0 -1
0.0446003 0.070452 28.2054
0.0430865 0.0663443 30.3265
0.0480169 -0.107996 70.1042
0.0429205 -0.120167 76.7667
0.0365575 -0.131304 83.7716
0.0294171 -0.140955 90.7637
0.0215006 -0.148977 97.7329
0.0132512 -0.155072 104.367
0.00320436 -0.158349 111.191
-0.0102656 -0.155984 118.239
-0.0311383 -0.140498 125.299
-0.033089 -0.115793 117.583
-0.0217819 -0.0819489 98.0976
-0.0102555 -0.0730296 87.3498
0.129516 0.269088 -136.474
0.148005 0.235833 -137.961
0.121145 0.216999 -111.433
0.0935375 0.263438 -106.599
0.0701737 0.267363 -89.8049
0.334202 0.126382 -260.121
0.0381958 -0.0251022 -15.6812
0.0099948 -0.0347008 10.83
-0.282668 -0.00484308 257.351
-0.0268611 0.0228427 20.5322
-0.783825 0.796254 442.217
0.00105398 0.00895018 -0.504475
-0.000658474 0.00527095 2.34153
-0.000987289 0.0443194 -10.078
-0.00116909 0.0454691 -10.2861
-0.00776005 0.0314635 1.07355
-0.00187578 0.00348261 4.10545
-0.00201633 0.00300658 4.41757
-0.00250614 0.00286731 4.99282
-0.00288578 0.00274756 5.45191
-0.00315565 0.00280163 5.73441
-0.00325083 0.00287915 5.81578
-0.00337888 0.00287304 5.96548
-0.00343441 0.00284314 6.04081
-0.00346118 0.00277903 6.09442
-0.00351521 0.00270606 6.18574
-0.0250905 0.0435629 37.6857
-0.0279547 0.0502375 35.3072
-0.0363602 0.0524334 34.905
-0.0491322 0.0223791 46.6351
-0.0762662 0.251237 -26.0162
-0.0696215 0.261725 -30.8738
-0.0499382 0.268273 -35.9018
-0.0514125 0.218379 -17.3412
-0.0988553 0.0935416 36.2944
-0.0401598 0.0475738 41.0854
0.0230112 0.111293 4.5215
0.0122189 0.10495 9.67846
-0.00870812 0.142316 1.26084
-0.0177395 0.187119 -12.8242
-0.0203733 0.195746 -15.2322
-0.0203916 0.195783 -15.2401
-0.0203916 0.195783 -15.2401
0.0079098 6.62606 -2414.57
0.161262 3.29229 -1236.3
0.101538 1.52465 -556.572
0.0385873 -0.107693 74.176
0.0356171 -0.120551 80.2905
0.0305318 -0.131682 86.8302
0.0242173 -0.141198 93.4852
0.0173154 -0.149144 100.003
0.0100545 -0.15541 106.246
0.00136311 -0.159622 112.692
-0.0084624 -0.160483 118.751
-0.0168248 -0.14669 118.678
-0.0163753 -0.118441 107.879
-0.00383217 -0.0877669 88.3337
0.0247315 -0.0573671 57.8722
0.0776937 0.277842 -103.052
0.120599 0.247999 -122.458
0.139853 0.239527 -133.297
0.131381 0.271463 -138.375
0.0825046 0.261946 -97.66
0.312438 0.131941 -244.154
0 0.0473214 19.4626
-0.00363256 0.11201 -1.36147
-0.00359344 0.112328 -1.51462
-0.00280579 0.116691 -3.82654
-0.000748322 0.129734 -10.5277
0.00206153 0.141528 -17.5072
0.0063617 0.148352 -24.1211
0.0108003 0.150488 -29.2183
0.0176503 0.150949 -36.1891
0.0210418 0.160991 -43.1517
0.017071 0.158128 -38.1282
0.0125862 0.166832 -36.6351
0.00872282 0.170917 -34.0085
0.00488183 0.17338 -30.6987
0.00195865 0.172287 -27.0175
-0.000212407 0.17456 -25.3826
-0.00150749 0.175654 -24.2834
-0.00215302 0.176358 -23.7814
-0.00232748 0.176681 -23.692
-0.00232748 0.176681 -23.692
