0 1 3
1 2 3
2 3 3
3 4 3
4 5 3
5 6 3
6 7 3
7 9 1
9 10 3
10 11 3
11 12 3
12 13 3
13 14 3
14 15 3
15 16 3
16 17 3
17 18 3
18 20 0
20 21 3
21 22 1
22 23 2
23 24 0
24 25 1
25 26 0
26 27 3
27 28 3
28 29 3
29 31 3
31 32 3
32 92 0
92 93 3
35 93 3
35 209 3
41 209 3
41 328 3
328 502 3
104 502 3
104 107 3
50 107 0
50 51 3
51 52 3
52 110 0
54 110 0
54 114 0
51 110 0
110 114 3
50 110 0
32 91 0
18 77 0
20 77 2
9 67 0
31 89 3
91 92 3
7 67 3
93 210 3
66 67 3
209 445 3
7 66 3
25 83 0
35 210 3
20 78 3
24 83 0
29 88 3
47 107 0
4 62 3
6 64 3
31 88 3
114 115 1
3 62 3
5 62 3
32 89 3
98 445 3
98 209 3
0 58 3
1 58 3
5 63 3
6 63 3
6 66 3
22 80 0
28 87 3
29 87 3
41 98 3
17 75 3
78 79 3
20 79 3
21 79 3
22 81 0
27 86 3
28 86 3
88 89 3
62 63 3
63 64 3
16 74 3
16 75 3
18 75 2
21 80 0
23 81 0
64 66 3
10 67 0
14 72 3
15 72 3
15 131 3
79 80 0
80 81 3
87 88 3
13 72 3
24 81 0
26 83 0
86 87 3
107 502 3
1 59 3
1 61 3
12 70 3
13 70 3
15 74 3
74 75 3
102 502 0
58 59 3
2 61 3
3 61 3
75 77 3
74 131 3
77 78 2
89 206 0
59 61 3
61 62 3
11 70 3
70 72 3
89 91 0
41 445 3
66 123 3
328 445 3
107 110 1
64 123 3
67 127 3
10 127 0
26 86 3
209 210 3
10 70 3
72 130 3
151 210 3
72 131 3
75 134 3
89 149 0
91 149 3
64 122 3
122 123 3
151 209 3
209 211 3
107 222 1
114 403 2
77 134 3
151 267 3
151 211 3
155 209 3
222 502 0
110 403 0
115 403 0
66 124 3
80 138 3
81 83 1
62 120 3
79 138 0
83 141 0
149 206 3
63 120 3
123 124 3
67 124 3
91 150 3
92 150 3
155 211 3
70 127 0
81 141 3
26 141 0
126 127 3
74 133 3
75 133 3
209 214 3
214 445 3
61 118 0
67 126 3
26 205 0
93 150 3
127 128 3
70 128 0
130 131 3
86 205 0
59 118 0
61 119 0
62 119 0
78 134 2
149 150 3
58 116 0
59 116 0
133 134 3
86 144 3
150 210 3
63 122 3
78 138 0
141 205 3
118 119 3
119 120 3
120 122 3
87 144 3
144 205 0
150 151 3
72 128 2
78 196 3
155 214 3
128 130 3
88 206 0
150 208 3
151 208 3
124 126 3
88 144 3
134 196 3
81 138 3
272 445 3
272 328 3
81 198 3
141 198 3
138 196 3
141 200 3
200 205 3
211 267 3
328 447 3
447 502 3
116 118 3
130 188 3
133 190 3
88 147 0
147 206 3
128 187 3
128 188 3
138 198 3
124 182 3
126 183 3
130 189 3
131 189 3
74 190 3
124 183 3
127 184 3
74 189 3
134 193 3
144 147 0
118 176 3
119 176 3
120 179 3
122 179 3
122 180 3
123 180 3
126 184 3
187 188 3
189 190 3
134 192 3
193 196 3
123 182 3
155 212 3
127 185 3
128 185 3
133 191 3
144 260 0
147 264 3
116 174 3
184 185 3
190 191 3
133 192 3
192 193 3
205 260 3
206 264 3
118 175 3
188 189 3
147 260 3
116 175 3
272 447 3
179 180 3
191 192 3
198 200 3
110 400 0
182 183 3
211 212 3
218 447 0
107 400 3
400 403 3
180 182 3
198 257 3
200 257 3
174 175 3
119 179 0
196 253 1
183 184 3
185 187 3
139 198 3
149 208 3
175 176 3
138 139 3
185 244 3
187 244 3
205 317 3
222 280 0
107 280 3
119 235 3
200 317 3
149 264 3
176 235 3
208 267 3
336 502 0
222 336 2
260 317 3
147 262 3
155 271 3
334 447 3
262 264 3
211 269 3
214 271 3
334 502 3
188 246 3
214 272 3
107 399 3
180 239 3
192 251 3
193 251 3
107 281 3
399 400 3
119 236 0
179 236 2
182 239 3
182 240 3
185 243 3
212 271 3
280 281 3
281 399 3
183 240 3
243 244 3
189 248 3
260 262 3
208 264 3
174 232 0
175 232 0
235 236 0
184 243 3
187 246 3
196 254 3
138 254 3
212 270 3
175 233 3
176 233 3
180 238 3
253 254 0
267 268 3
280 336 1
179 237 2
183 241 3
187 245 3
189 246 3
191 250 3
196 251 3
200 316 3
316 317 3
211 268 3
211 270 3
334 336 1
232 233 1
236 237 3
238 239 3
239 240 3
184 241 3
190 248 3
192 250 3
251 253 2
260 319 3
269 270 3
271 272 3
244 245 3
190 250 3
198 313 3
262 319 3
268 269 3
270 271 3
275 447 0
403 695 3
189 305 3
248 305 3
250 251 3
139 313 3
275 334 0
179 238 3
245 246 3
250 307 3
257 313 3
257 316 3
237 238 3
246 305 3
190 307 3
184 300 3
233 292 3
176 292 3
240 241 3
243 300 3
248 307 3
260 318 3
264 322 3
264 323 3
208 323 3
208 266 3
266 267 3
241 300 3
251 310 3
317 318 3
318 319 3
253 310 3
139 254 3
262 322 3
322 323 3
346 403 0
243 301 1
257 315 3
280 338 3
281 338 3
300 301 1
253 311 0
313 315 3
266 323 3
254 311 3
272 387 3
387 447 3
235 292 3
275 387 2
233 291 3
291 292 3
245 303 3
250 308 3
237 294 1
300 358 3
301 358 0
244 302 3
246 304 3
254 313 3
315 316 3
267 326 3
268 326 3
232 291 1
236 294 1
245 302 3
262 321 3
321 322 3
237 295 3
244 301 1
246 303 3
304 305 3
248 306 3
250 309 3
251 309 3
267 325 3
269 326 3
269 327 3
270 327 3
400 695 3
235 293 3
235 294 3
294 295 3
239 297 2
240 298 3
306 307 3
307 308 3
318 377 3
232 290 3
237 296 3
238 296 1
297 298 3
241 298 3
241 299 3
302 303 3
309 310 3
290 291 1
238 297 3
298 299 3
299 300 3
301 302 0
326 327 3
296 297 0
310 311 3
271 327 3
338 399 3
293 294 3
305 306 3
308 309 3
262 378 3
321 378 3
325 326 3
266 325 3
295 296 3
313 372 3
336 338 2
292 293 3
315 372 3
271 387 3
334 387 3
297 354 3
303 304 3
319 378 3
254 371 3
313 371 3
327 386 3
271 386 3
296 354 3
311 370 3
254 370 3
316 375 3
317 375 3
266 382 3
325 382 3
334 506 3
336 506 0
325 383 3
370 371 3
319 377 3
321 379 3
323 382 3
387 506 3
338 398 3
297 356 3
301 359 3
322 379 3
326 383 3
336 398 2
293 351 3
311 369 3
315 373 3
316 373 3
316 374 3
292 351 3
304 363 1
374 375 3
398 399 3
302 360 3
304 362 1
305 363 1
306 363 1
294 351 3
298 356 3
301 360 0
362 363 3
373 374 3
322 380 3
323 381 3
291 349 3
294 352 3
358 359 1
302 361 3
303 361 3
309 311 3
369 370 3
372 373 3
379 380 3
399 455 3
290 348 1
292 350 3
295 352 3
299 357 3
300 357 3
304 361 3
307 365 3
322 381 3
326 384 3
327 385 3
398 455 3
399 459 1
400 459 1
348 349 3
350 351 3
295 353 3
295 354 3
356 357 3
306 365 3
308 365 3
311 368 3
368 369 3
318 375 3
377 378 3
380 381 3
381 382 3
382 383 3
384 385 3
291 350 3
351 352 3
352 353 3
359 360 0
383 384 3
385 386 3
353 354 3
360 361 3
361 362 1
309 368 3
382 440 3
336 503 0
358 416 3
378 379 3
503 506 3
308 425 3
309 425 3
349 350 3
357 358 3
363 365 0
308 423 3
400 401 1
380 438 3
365 423 3
423 425 3
375 377 3
381 438 3
368 425 3
356 414 3
371 372 3
376 377 3
381 440 3
271 501 3
297 414 3
361 420 1
386 501 3
444 501 3
362 420 3
354 414 3
357 416 3
329 387 3
365 422 3
329 506 3
368 426 3
398 503 3
350 408 3
351 410 3
369 426 3
375 376 3
383 440 3
271 329 3
455 459 1
351 408 3
352 410 3
363 422 0
372 430 3
386 444 3
353 411 3
354 411 3
357 415 3
360 418 3
361 418 3
363 420 3
363 421 3
371 430 3
373 430 3
374 431 3
329 501 3
348 406 3
349 406 3
351 409 3
354 412 3
356 415 3
415 416 3
359 417 3
361 419 3
420 421 3
369 427 3
369 428 3
370 428 3
371 428 3
371 429 3
384 442 3
385 442 3
349 408 3
410 411 3
412 414 3
358 417 1
417 418 0
426 427 3
375 431 3
383 442 3
459 695 0
349 407 3
407 408 3
419 420 1
421 422 0
425 426 3
428 429 3
429 430 3
373 431 3
408 409 3
414 415 3
418 419 3
422 423 3
427 428 3
375 433 3
385 443 3
406 407 3
409 410 3
416 417 1
431 433 3
376 433 3
442 443 3
450 503 3
411 412 3
440 555 3
393 450 3
440 442 3
393 510 1
440 496 3
385 444 3
461 695 0
381 496 3
455 503 3
578 695 0
414 471 3
430 431 3
405 455 3
431 489 3
438 496 3
442 555 3
405 571 3
578 753 0
412 471 3
431 490 2
555 556 3
442 556 3
460 695 0
416 474 2
443 444 3
459 460 2
519 695 0
380 495 3
443 499 3
461 519 0
415 473 3
416 473 3
438 495 3
496 555 3
444 499 3
460 519 2
489 490 3
442 499 3
393 503 3
408 466 3
414 472 3
422 481 3
423 481 3
430 489 3
433 490 2
378 493 3
379 493 3
499 556 3
405 503 3
406 465 3
407 465 3
409 466 3
377 493 3
405 459 1
459 519 1
519 578 1
418 476 3
425 483 3
426 483 3
379 495 3
405 516 3
408 465 3
409 467 3
410 467 3
414 473 3
419 476 3
420 478 0
495 496 3
411 470 3
412 470 3
417 475 3
425 482 3
430 487 3
406 464 3
410 468 3
411 469 3
472 473 3
473 474 3
417 476 0
419 478 3
420 479 3
421 479 3
423 482 3
429 487 3
493 495 3
464 465 3
465 466 3
468 469 3
469 470 3
422 479 1
422 480 3
495 553 2
466 467 3
467 468 3
470 471 3
416 475 1
475 476 0
419 477 3
479 480 0
482 483 3
428 487 3
329 503 3
474 475 1
476 477 3
477 478 3
478 479 1
481 482 3
427 485 3
493 553 3
480 481 3
426 485 3
428 485 3
428 486 3
329 560 3
471 472 3
503 560 3
485 486 3
487 489 3
405 450 3
459 576 1
486 487 3
519 576 3
496 554 2
483 485 3
488 489 0
490 492 1
376 490 2
376 492 1
496 553 2
487 488 1
490 549 3
552 553 3
405 576 1
376 550 1
493 552 2
488 490 0
492 549 3
492 550 3
377 550 1
493 550 1
474 532 3
483 542 1
485 542 1
483 541 1
488 546 3
472 530 1
473 532 1
482 540 1
541 542 3
486 545 3
465 523 1
466 523 1
473 531 1
475 533 3
476 533 1
476 535 3
477 535 3
481 540 1
482 541 1
485 543 1
487 545 2
490 546 1
490 548 3
548 549 3
493 551 2
553 554 3
467 525 1
468 525 1
469 526 1
469 527 1
470 527 1
471 529 1
472 529 1
472 531 1
531 532 3
532 533 1
477 536 3
478 536 3
550 551 0
551 552 3
464 522 1
466 524 1
466 525 1
468 526 1
526 527 3
470 528 1
529 530 3
476 534 3
479 537 1
480 538 3
481 539 1
542 543 2
486 543 1
554 555 2
405 573 1
522 523 3
525 526 3
470 529 1
533 534 0
534 535 3
535 536 3
479 536 0
537 538 0
538 539 1
539 540 2
488 545 0
527 528 3
528 529 3
530 531 3
540 541 2
524 525 3
545 546 1
501 560 3
536 537 1
523 524 3
499 501 3
555 614 3
556 614 3
499 558 3
499 559 3
501 559 3
519 693 3
576 693 3
578 693 2
546 548 0
555 613 3
499 614 3
558 614 3
543 545 0
554 613 3
558 559 3
542 600 0
543 602 0
546 605 2
548 605 3
543 600 0
545 602 3
549 550 3
613 614 3
501 563 3
539 597 0
540 598 0
541 599 0
541 600 0
545 603 3
546 604 0
597 598 3
540 599 0
599 600 3
546 603 0
553 611 3
559 563 3
576 634 3
525 583 3
527 585 3
538 596 3
598 599 1
603 604 3
548 606 3
552 611 3
634 693 3
578 636 0
522 580 0
523 580 0
524 583 3
526 583 3
530 588 0
530 589 0
531 589 0
532 590 0
539 596 0
543 601 0
549 606 3
550 607 2
405 634 1
636 753 0
526 584 3
526 585 3
527 586 2
528 586 2
529 586 2
531 590 0
533 590 0
536 594 3
537 595 0
549 607 3
551 609 3
636 693 3
583 584 3
585 586 0
588 589 3
589 590 3
535 593 3
535 594 3
594 595 3
595 596 3
600 601 0
601 602 0
604 605 3
605 606 3
550 609 2
552 609 3
611 612 3
554 611 3
554 612 2
584 585 3
586 587 3
529 587 0
534 592 3
593 594 3
602 603 3
405 628 1
523 581 0
530 587 0
533 592 0
535 592 3
612 613 0
560 563 3
533 649 3
592 593 3
590 649 1
609 611 3
393 560 3
580 581 3
524 581 0
587 588 3
596 597 3
606 607 3
393 625 1
405 633 1
607 609 3
393 405 3
524 640 0
583 640 0
405 690 1
581 640 3
592 649 1
609 668 3
611 668 3
559 614 3
607 666 3
611 670 3
612 670 2
613 670 1
607 665 3
609 666 3
587 645 3
592 650 3
665 666 3
614 788 1
636 694 3
586 645 2
588 646 3
593 650 3
613 788 1
559 788 1
694 753 2
589 646 3
600 658 0
601 658 3
601 659 3
602 660 3
604 662 3
583 641 0
584 642 0
585 643 0
593 651 2
603 660 3
605 662 3
605 664 3
606 664 3
668 669 3
559 564 3
580 638 3
584 643 0
586 643 2
589 647 3
590 647 3
649 650 0
594 652 2
595 653 3
596 654 3
597 655 3
597 656 3
598 656 3
599 656 0
599 657 3
600 657 3
601 660 0
605 663 3
563 564 3
405 691 1
634 692 3
581 638 3
581 639 3
641 642 3
642 643 3
586 644 2
644 645 3
588 645 3
646 647 3
590 648 3
651 652 3
652 653 3
653 654 3
654 655 3
603 662 3
662 663 3
666 668 3
611 669 3
692 693 3
693 694 3
638 639 3
639 640 3
656 657 1
603 661 3
663 664 3
640 641 3
643 644 3
645 646 3
650 651 3
664 665 3
606 665 3
393 686 1
405 692 1
647 648 3
660 661 3
661 662 3
669 670 3
657 658 0
658 659 3
659 660 0
613 729 1
655 656 3
670 729 3
666 667 3
667 668 3
729 788 3
644 702 3
590 707 1
649 707 0
670 727 3
564 788 1
405 750 1
692 750 3
647 705 3
648 705 3
669 727 3
509 750 1
693 751 3
693 752 3
694 752 3
692 751 3
650 708 1
651 708 1
651 709 1
658 716 3
659 716 3
405 509 3
751 752 3
639 698 3
648 707 1
663 721 3
753 811 3
639 697 3
640 698 3
708 709 3
656 715 3
657 715 0
657 716 0
666 724 3
564 618 3
509 692 1
638 697 3
656 714 3
715 716 3
660 718 3
665 724 3
509 751 1
648 706 1
655 714 3
714 715 3
659 717 3
659 718 0
667 725 3
668 725 3
649 708 0
716 717 3
661 718 3
664 721 3
667 724 3
727 729 3
638 696 3
697 698 3
641 698 3
642 700 3
643 700 3
643 701 3
645 702 3
645 703 3
646 705 3
706 707 3
652 709 2
652 710 2
653 711 3
654 712 3
655 713 3
662 720 3
664 722 3
665 722 3
668 726 3
669 726 3
752 753 1
696 697 3
641 699 3
642 699 3
700 701 3
646 703 3
710 711 3
711 712 3
712 713 3
713 714 3
717 718 0
724 725 3
405 747 1
702 703 3
709 710 3
661 719 3
720 721 3
560 564 3
725 726 3
698 699 3
699 700 3
643 702 3
646 704 3
707 708 3
752 811 1
703 704 3
662 719 3
701 702 3
705 706 1
721 722 3
726 727 3
727 786 3
704 705 3
718 719 3
729 786 3
665 781 3
719 720 3
722 781 3
724 781 3
509 864 1
703 761 2
560 561 3
393 561 3
704 761 2
719 777 3
720 777 3
724 782 3
725 782 3
725 783 1
509 752 1
701 759 3
714 772 3
726 783 1
727 785 3
729 787 3
509 811 1
712 771 3
713 771 3
713 772 3
715 772 3
726 785 3
785 786 3
697 755 3
699 758 0
700 758 0
708 766 3
711 769 3
712 769 3
717 775 3
718 775 1
786 787 3
787 788 3
696 754 3
698 756 3
700 759 3
702 761 2
702 760 2
704 762 1
705 763 1
709 767 3
710 768 3
715 773 0
716 774 1
718 776 1
721 778 3
721 779 3
722 779 3
754 755 3
698 755 3
699 756 3
760 761 3
762 763 3
706 763 2
707 766 3
709 766 3
767 768 3
768 769 3
771 772 3
772 773 0
773 774 1
716 775 3
719 776 1
720 778 3
761 762 3
706 765 3
707 765 3
766 767 3
774 775 2
758 759 1
759 760 3
775 776 3
778 779 3
756 757 3
699 757 3
776 777 0
781 782 3
782 783 3
757 758 0
777 778 3
763 765 2
765 766 3
618 788 1
755 756 3
618 790 1
769 771 3
779 781 3
726 842 3
785 842 3
783 842 3
560 565 3
393 509 3
781 838 3
564 565 3
779 838 3
765 822 3
787 844 3
786 844 3
509 561 3
763 822 3
760 817 3
756 814 1
782 841 3
783 841 3
755 814 1
771 828 3
765 823 3
777 835 3
509 863 1
758 816 1
759 816 1
817 819 3
760 819 1
763 821 1
821 822 0
766 823 3
772 829 3
778 836 3
509 867 1
756 815 1
757 815 3
759 817 1
761 819 2
766 824 1
767 824 1
769 827 3
771 829 3
772 831 3
779 836 3
814 815 3
819 876 2
822 823 3
768 827 3
769 828 3
773 831 1
775 833 3
776 835 2
777 836 3
782 840 3
863 864 1
754 812 1
755 813 1
815 816 3
762 819 3
762 821 1
827 828 3
779 837 3
781 839 3
781 840 3
785 843 3
787 846 3
812 813 3
813 814 3
767 825 3
768 826 3
774 831 0
835 836 2
836 837 3
838 839 3
840 841 3
841 842 3
786 843 3
826 827 3
774 832 0
776 833 2
837 838 3
839 840 3
842 843 3
843 844 3
561 565 3
816 817 3
823 824 3
824 825 3
767 826 3
788 846 3
828 829 3
831 832 3
775 832 3
844 846 3
618 846 1
817 876 0
825 826 3
829 831 3
832 833 3
776 892 1
835 892 1
819 821 1
829 888 3
831 888 3
833 892 1
844 903 3
846 903 3
819 879 1
821 879 3
824 881 3
618 905 1
823 881 3
843 902 3
844 902 3
817 875 2
825 883 2
841 900 3
842 900 3
846 905 3
813 871 3
819 877 3
829 887 3
837 896 0
838 896 0
843 900 3
814 871 3
815 873 3
877 879 1
826 883 2
828 887 3
839 896 0
816 873 3
816 874 3
828 886 3
837 895 0
840 899 3
841 899 3
846 904 3
812 870 3
814 872 3
815 872 3
817 874 2
822 880 3
827 886 3
831 889 3
832 890 3
833 891 3
835 893 0
836 894 0
836 895 0
840 898 0
899 900 3
843 901 3
509 924 1
870 871 3
874 875 3
876 877 0
821 880 3
823 880 3
826 884 2
827 885 1
886 887 3
887 888 3
888 889 3
889 890 3
890 891 3
892 893 0
893 894 3
839 898 0
898 899 1
900 901 3
903 904 3
873 874 3
879 880 2
880 881 3
824 882 3
883 884 3
884 885 1
885 886 0
894 895 3
895 896 3
839 897 0
901 902 3
902 903 3
824 883 3
897 898 3
871 872 3
872 873 3
891 892 1
896 897 3
904 905 3
875 876 0
882 883 3
881 882 3
618 966 1
509 565 3
873 931 3
876 934 1
879 937 1
565 618 3
875 934 3
904 963 3
905 963 3
618 964 1
565 966 1
509 973 1
877 937 1
877 936 1
880 937 1
880 938 3
936 937 1
880 939 3
881 939 3
891 950 0
892 950 0
893 950 1
896 954 1
902 961 3
903 961 3
882 939 3
897 954 1
903 962 3
904 962 3
905 964 3
565 969 1
871 929 3
874 932 2
876 935 1
877 935 1
886 944 3
893 951 1
870 928 3
870 929 3
872 929 3
873 932 2
875 933 3
937 938 0
938 939 3
882 941 3
883 941 3
884 942 0
885 943 2
887 944 3
887 945 0
888 946 0
889 947 0
890 948 0
891 949 0
894 952 1
895 953 1
897 956 1
898 956 1
899 957 2
900 958 2
901 959 1
902 960 1
962 963 3
928 929 3
931 932 0
932 933 3
933 934 3
935 936 3
941 942 0
942 943 1
943 944 3
945 946 3
946 947 3
947 948 3
948 949 3
949 950 3
950 951 2
951 952 0
952 953 3
896 953 1
956 957 0
957 958 3
958 959 1
959 960 3
960 961 0
961 962 3
964 966 3
934 935 3
944 945 0
963 964 3
872 988 3
953 954 1
873 988 3
939 941 3
929 988 3
954 956 3
565 964 1
936 993 3
941 998 3
931 988 3
935 993 3
939 998 3
954 1013 1
956 1013 1
962 1021 3
963 1021 3
938 996 3
954 1012 1
963 1022 3
964 1022 3
932 991 1
933 991 3
934 992 3
935 992 3
937 996 2
953 1012 1
962 1020 3
931 989 3
932 989 1
937 995 2
1020 1021 3
934 991 3
936 995 0
995 996 3
939 997 3
932 990 1
990 991 3
936 994 3
938 997 3
928 986 3
929 987 3
988 989 3
993 994 3
994 995 0
997 998 3
941 999 3
942 1000 1
943 1001 0
944 1002 0
945 1003 1
946 1004 1
947 1005 1
948 1006 1
949 1007 1
950 1008 1
951 1009 1
952 1010 1
953 1011 1
956 1014 0
957 1015 1
958 1016 1
959 1017 0
960 1018 0
961 1019 0
986 987 3
987 988 3
991 992 3
996 997 3
998 999 3
999 1000 3
1000 1001 3
1001 1002 3
1002 1003 3
1003 1004 3
1004 1005 3
1005 1006 3
1006 1007 3
1007 1008 3
1008 1009 3
1009 1010 3
1010 1011 3
1011 1012 1
1012 1013 3
1013 1014 0
1014 1015 3
1015 1016 3
1016 1017 3
1017 1018 3
1018 1019 3
1019 1020 1
989 990 1
992 993 3
1021 1022 3
565 1022 1
