-0.0925042 0.00371527 25.3227
-0.0859733 -0.0296903 26.0633
-0.107846 -0.0253398 27.624
-0.0598447 -0.0497288 26.0219
-0.0573829 -0.0104443 24.1505
-0.0327241 -0.0370785 22.4887
-0.0336585 -0.0429307 22.5173
-0.028129 -0.0485251 21.8995
0.174937 -0.468606 -5.88804
-0.00523885 -0.181829 26.2422
-0.0233598 -0.123135 29.3606
-0.0763953 -0.0214854 40.2961
-0.119046 0.0533091 50.5262
-0.0809945 -0.00705018 40.7174
-0.0338311 -0.0163658 26.1022
-0.0313091 0.00510257 25.403
-0.0540003 -0.0374189 33.3505
0.0110761 -0.113793 10.4893
0.0645319 -0.216957 -8.53668
0.0773079 -0.168604 -14.7808
0.171375 -0.084909 -64.3355
0.195005 -0.082658 -74.5831
0.231726 0.0292837 -76.0994
0.0215145 0.0342308 28.2714
0.0207095 0.0736226 16.1102
-0.0214948 -0.0240993 47.9094
0.0985269 0.0282995 -41.3169
0.113047 0.00948685 -49.5689
0.0770576 -0.0121434 -27.0805
0.045346 -0.0548179 -6.19588
0.014269 -0.0637309 14.5788
0.0370663 -0.0562802 -1.81106
0.027484 -0.101184 6.0635
0.0722904 -0.0911688 -25.5393
-0.339964 -0.382866 276.598
0.00565098 -0.0175736 -0.679665
0.0112053 -0.0354809 -4.20188
-0.042844 -0.386331 44.373
0.0315085 -0.00413285 -23.2189
0.0522645 -0.0315762 -40.024
0.013327 -0.0424568 -5.45334
0.0271064 -0.0505196 -17.0863
-0.00653144 -0.0930732 13.4041
0.00522339 -0.0244545 1.25857
-0.00825752 -0.0193925 14.2473
0.00779906 -0.0127697 -2.78315
-0.0134102 -0.0905319 19.7177
-0.0381936 -0.172077 62.4614
-0.0176269 -0.210992 28.7923
-0.0176269 -0.210992 28.7923
-0.015 0.131789 35.3132
-0.0184697 0.128762 39.1128
-0.0184697 0.128762 39.1128
0 0.136489 5.71864
0.0181217 0.507255 198.549
0.0207921 0.267546 198.186
-0.0266791 0.17523 51.4898
-0.0266791 0.17523 51.4898
-0.0846782 -0.00980825 25.5285
-0.0912787 -0.0174267 26.0054
-0.0649876 -0.0531599 25.7642
-0.0627403 -0.07247 25.5835
-0.0468927 -0.0762049 25.4591
-0.0202105 -0.0779032 22.4228
-0.0217361 -0.0490951 20.7965
-0.0670761 -0.0139632 26.3143
-0.00772782 -0.0548896 18.3387
-0.0387113 -0.0574426 24.3957
0.0976895 -0.635941 14.0174
-0.0817644 -0.031063 41.7532
-0.0757826 -0.0134697 39.5788
-0.0910255 -0.0462854 44.4611
-0.031168 -0.0415514 26.0401
-0.00252131 0.011715 15.6749
-0.100964 0.0261702 48.384
-0.0536623 -0.0539611 32.8231
-0.0611095 -0.116274 38.4238
-0.0665464 -0.0236978 36.0178
0.112498 -0.047739 -39.7006
0.194656 -0.0966378 -74.2182
0.0252253 -0.0969113 -2.46835
0.0360911 -0.0812304 -8.57883
-0.062493 -0.00243997 50.3709
0.0573867 0.844912 -44.8751
-0.0102327 0.111379 19.8008
0.124055 0.00840737 -56.0474
0.0687247 0.0129992 -22.4126
0.0277508 -0.0138861 3.97144
0.0122222 -0.0424406 14.4353
0.0113325 -0.122562 17.6779
-0.00224928 -0.0637243 10.9986
-0.0513068 -0.0953701 48.1304
-0.0728782 -0.0894592 63.3076
-0.0431583 -0.0657572 39.0746
-0.0486356 -0.0210519 41.6083
-0.00495442 -0.0540166 10.7983
-0.0148887 -0.0707089 20.1861
0.0401332 -0.0263816 -29.7619
0.0349534 -0.0246808 -24.4823
0.0155707 -0.0383241 -7.53934
-0.00898596 -0.0298606 13.8494
0.0922947 0.0589895 7.8152
0.0743577 0.10009 23.6332
-0.0122692 -0.0801321 18.4515
0.00356467 -0.0305341 4.88153
-0.0351006 -0.171809 59.2746
-0.0556104 -0.0198481 77.2287
0.0063483 -0.0361187 2.13213
0.00693513 0.143132 11.0034
0.0013126 0.0562785 3.49472
0.0125827 0.206581 -15.3784
0 0.376491 -8.56591
0 0.376491 -8.56591
0 0.376491 -8.56591
0.0123653 0.207823 -15.1067
-0.0899222 -0.00059096 242.403
0.0128992 0.0463814 9.40138
-0.0238331 0.0559207 10.4471
-0.0108455 0.0838775 8.15689
0.0147317 0.0630468 7.79335
-0.0106463 -0.150086 22.8455
0.0140268 -0.17339 21.4442
0.0242186 -0.158006 19.306
0.0175028 -0.110571 17.6521
-0.0119162 -0.0659174 20.5949
-0.0436936 -0.0206837 24.3686
-0.0294865 -0.00842422 21.122
-0.02006 0.0162048 16.4289
0.0408503 0.0489745 -1.52012
0.0371659 -0.0158528 3.42214
0.05552 0.0195287 -4.28703
0.0022841 0.0235172 14.194
0 0 -1
-0.10703 0.017841 50.7124
-0.0546891 -0.00521742 30.7553
0.0982569 -0.064437 -28.402
0.039136 0.0580731 -10.5985
0.147104 -0.0466044 -54.8946
-0.00769994 -0.0318679 10.1231
-0.00599348 -0.0452087 10.5102
0.0162134 -0.0903811 2.50256
0.023955 -0.0825202 -2.53663
-0.00847687 -0.0592911 14.4127
0.145775 0.000249409 -68.6693
0.0254648 -0.00529114 4.70055
-0.106295 0.0203369 88.5612
-0.00022596 -0.0450174 22.5705
-0.0138771 -0.0247752 14.6171
0.00387765 -0.0661815 6.90795
-0.00992568 -0.0725658 17.2818
-0.0489409 -0.0702951 44.412
-0.0124422 -0.0311569 14.6569
0.024574 0.129631 -22.5413
0.0161152 0.0126624 -10.3717
0.00770624 -0.0231762 -2.11553
0.00622411 -0.024772 -0.87463
0.00939344 -0.0240169 -3.55071
0.0117191 -0.0468363 -3.51287
0 -0.107559 11.1427
0 -0.107559 11.1427
0 -0.107559 11.1427
0 -0.107559 11.1427
0 -0.107559 11.1427
-0.164082 0.0157374 188.799
-0.157705 -0.021806 184.014
0 0.0568846 15.3125
0 -0.204351 30.778
-0.00182091 0.0543467 17.4816
0.000585279 0.0569054 14.6461
0 0.0568846 15.3125
0 0.0568846 15.3125
0.0033579 0.0607012 11.0571
0 0.0568846 15.3125
0 0.0568846 15.3125
0.0240506 0.0337434 9.93994
0.000589962 0.0885923 6.89204
-0.0123791 0.113628 5.01988
0.0271819 0.0893141 4.62627
0.0883442 0.0611536 -6.10441
0.0514013 -0.122758 12.6147
0.0403551 -0.119033 12.696
0.0489158 -0.152605 14.1608
0.0421117 -0.100389 12.0946
0.00860498 -0.0740706 16.5276
0.0217186 -0.0208661 10.0597
0.0249029 0.0449339 4.2545
0.0204094 0.0703042 3.70709
0.0324502 0.0534932 1.78208
0.0523745 0.0440607 -4.98196
0.00663484 0.0239385 12.587
-0.119867 0.0117994 56.6434
-0.127567 0.00619645 59.8165
-0.0682997 -0.0100627 37.2642
-0.056012 -0.0266263 33.4328
0.180489 -0.17783 -55.7723
0.115232 -0.136971 -29.8377
-0.0418059 -0.0204656 26.6304
0.0421265 -0.0416096 -14.2509
0.0182795 -0.0497519 -1.42167
0.0176391 -0.0377452 -1.89159
0.0178082 -0.0412075 -1.55105
-0.43011 0.138428 254.477
0.272798 -0.0338522 -158.941
-0.0196476 -0.160248 36.2249
-0.0174656 0.672905 -35.0073
-0.00331775 -0.0423103 10.7386
-0.000654901 -0.0975971 11.7011
-0.00222481 -0.049088 9.67306
-0.022638 -0.0347971 23.2997
0.014582 -0.019653 -7.77321
-0.00510067 -0.0119128 7.96634
0.00857799 -0.0104146 -2.86443
0.00487916 -0.018689 0.0789383
-0.00414754 -0.0237815 8.05805
0.021499 -0.030873 -13.4764
0.0075227 -0.0249955 -1.80417
-0.00952787 0.0353276 8.80848
-0.00320296 -0.0145716 7.17212
0.139749 -0.0853598 -107.27
0.143482 -0.0792135 -111.315
0.0149655 0.200468 -25.6543
0.155022 -0.224436 -128.503
0.150412 -0.189096 -126.787
0.2357 -0.0970982 -237.726
0.0069371 -0.0918937 14.458
-0.000430899 -0.137033 25.5776
0.00736615 -0.138949 16.9193
0 -0.114085 23.5905
-0.0213126 -0.125201 49.448
0 -0.114085 23.5905
0.00942322 -0.0952954 10.8016
-0.0214976 -0.106202 49.5852
0 0 -1
-0.0271646 0.147416 3.26872
-0.00631238 0.150529 2.43649
0.00502292 0.112273 4.69938
0.0278142 0.190626 -11.0253
-0.0461051 0.235442 -5.99502
-0.017808 0.0266519 9.29756
0.05246 -0.059741 6.59154
0.0380191 -0.0510416 8.66463
0.023254 -0.0365481 10.3279
0.0937664 -0.0130516 -8.0288
0.0710249 -0.00981723 -2.44009
0.0157971 0.00390522 10.7577
0.0157524 0.00381633 10.4234
0.0264353 0.0123667 6.42453
-0.0382008 -0.0344904 32.2625
-0.118835 -0.00905105 57.6619
-0.11389 -0.0254228 57.1332
-0.0832721 -0.0258753 44.9128
-0.0375155 -0.0101656 25.0061
0.0446328 -0.100591 -1.3853
0.0905405 -0.110863 -21.0405
-0.0260606 -0.0201892 19.1538
-0.0108645 -0.011773 10.3482
0.0181552 -0.0216229 -3.27481
0.0183171 -0.0320767 -2.70318
-0.000117447 -0.0242495 7.16934
-0.0108641 -0.028562 13.926
-0.0206251 -0.0239071 19.3661
-0.015888 -0.0296323 17.445
0.00510168 -0.0243185 2.80011
0.00633122 -0.00422524 0.192992
0.00363662 -0.0306737 4.22654
0.0090679 0.004695 -2.23225
-0.0384736 -0.0137829 33.6224
-0.0161295 -0.0278055 16.9356
0.0117805 -0.0150489 -5.58174
0.00383866 -0.0225371 1.37568
0.00173262 -0.0315983 4.21045
0.0147778 -0.0141113 -9.37896
0.0375126 -0.0300657 -27.8826
0.00681723 -0.0216558 -1.57436
-0.037304 0.0389641 33.0305
0.451966 -0.157495 -397.977
-0.00269622 -0.0127254 8.28625
0 0.298047 -20.3971
0.21492 -0.215421 -176.519
0.00667667 -0.00467495 -2.77281
0.032952 -0.0395801 -26.2342
0.0186868 -0.0381597 -10.8007
0.128906 -0.259375 -108.398
0 -0.0801043 14.8424
-0.00597617 -0.085178 22.1598
0.00647059 -0.0844803 7.84654
0.00108437 -0.0804074 13.6009
0 -0.0801043 14.8424
-0.0122111 -0.0180335 190.412
0 0.0496449 168.595
0 0 -1
-0.0186646 0.0889592 10.1831
-0.0317429 0.0968119 9.68737
0.00140308 0.0789927 9.71467
-0.0100089 0.0628345 11.8312
-0.0526245 0.109193 10.3861
-0.00576366 0.113399 3.21434
-0.0724463 0.0953538 10.938
0.0222118 0.00149376 6.12033
0.0376431 0.000439991 3.32064
0.0545185 -0.0116656 0.67224
-0.017049 -0.00615843 73.6299
0.0130945 0.0145784 9.822
0.0247536 0.0271309 4.8313
0.0220693 0.00886823 7.27461
-0.0328805 0.00474356 27.5857
-0.125094 -0.0508659 64.3129
-0.0989306 -0.0449806 54.01
-0.08177 -0.0505346 47.0812
-0.0462914 -0.0495304 32.8468
-0.0317296 -0.107167 33.4237
-0.0411166 -0.0392355 28.3093
0.138272 -0.0274714 -58.9236
0.00504389 -0.0388496 4.88508
0.00205767 -0.0483026 8.82414
-0.0158133 -0.0357355 16.4667
0.00714752 -0.0453734 5.32467
-0.0117099 -0.0339796 15.2257
0.0010641 -0.0346553 7.57816
0.000732544 -0.0280711 6.0272
0.0182348 -0.216668 25.5118
0.0174735 -0.0439945 -2.83924
0.0217449 -0.0410417 -6.27131
-0.00583974 -0.0218042 11.0398
-0.0277065 -0.0448889 29.631
-0.030572 -0.0104097 26.8727
-0.0022214 -0.00398156 4.28138
0.000412718 -0.00613263 2.2132
0.0230551 -0.0394756 -13.7974
0.00922371 -0.00474948 -4.9916
0.0167183 -0.00991717 -11.4406
0.248047 0.529297 -286.675
-0.013572 -0.00932703 17.6389
-0.00472836 -0.0131154 10.335
0.0188195 -0.0155191 -10.8151
6.64109e-05 -0.0331924 9.24364
-0.307438 -0.098857 335.111
0.261505 0.227851 -282.719
-0.000505003 -0.0330419 8.94962
0.0161679 -0.625902 66.5341
0.0465767 -0.200668 -13.7378
-0.0134242 -0.215304 53.7581
0 -0.627798 84.0412
0.249393 -0.113458 -226.229
0 0.0386719 9.29541
0 0.0386719 9.29541
-0.0125444 -0.0209603 191.169
-0.382812 -0.328125 684.43
-0.0191702 0.0100782 19.7567
-0.0174295 0.0186924 18.7304
-0.0267659 0.0356807 16.5765
-0.0147981 0.0282935 16.6832
-0.0267216 0.0434738 15.68
-0.0666713 0.0516157 18.925
-0.104315 0.0679185 21.7361
-0.123929 0.091451 19.9182
0.00590603 0.0512157 2.67965
0.0655856 0.0519168 -9.08401
0.0826046 0.0300636 -9.55344
-0.013925 -0.00229835 72.3436
-0.0189797 0.0160105 18.6688
-0.00751708 -0.00270792 17.8462
-0.0531855 0.028202 60.7011
-0.0635784 0.0194691 65.6003
0.169767 -0.0399992 -44.4015
-0.0571383 -0.0684784 40.7905
-0.0809566 -0.046259 46.3379
-0.0308523 -0.0713668 28.8019
-0.034201 -0.0217075 23.052
-0.0198211 0.011201 11.875
-0.0204939 -0.00315639 14.5173
-0.0186624 -0.0133448 13.851
0.00865385 -0.0327435 2.97801
-0.0134786 -0.0511441 17.3291
0.00118414 -0.0640578 11.1829
-0.000297601 -0.0510964 9.92968
-0.0338414 -0.0103791 24.5714
0.00734502 -0.0179627 0.2543
-0.0131918 -0.0176933 13.4298
-0.00381244 -0.0280082 8.88982
0.00612486 -0.0407488 3.88035
0.00800339 -0.0416719 2.92349
-0.0393239 -0.0196146 35.1015
-0.0171778 -0.00068588 15.5431
-0.00883721 -0.00673358 9.97138
-0.0028355 -0.0102087 5.6054
-0.0030435 -0.00153693 4.41392
0.0313336 -0.0277197 -21.9761
0.00195973 -0.0157353 1.97051
-0.000633487 -0.0181357 4.64385
-0.246644 -0.0869954 243.772
0.120627 0.022983 -114.183
-0.00160938 -0.0159568 7.68441
0.00097563 -0.00862336 3.56917
0.00251359 0.116101 -11.8449
0.0859375 -0.0234375 -75.5352
0.00175865 -0.00775013 2.47034
-0.211573 0.271041 192.84
0.0142223 -0.0108605 -9.75488
0.00301949 -0.0328774 5.38061
-0.00269653 -0.0282904 11.373
-0.227428 -0.0836544 314.784
0.229167 -0.0397135 -223.415
-0.00141345 -0.0243783 9.43789
0 -0.911895 167.702
0.00197107 -0.012224 3.4903
-0.0168815 0.0174318 18.6668
-0.0153529 0.0129007 19.8611
-0.0291392 0.0112015 20.1363
-0.0162903 0.0127575 18.6712
-0.0170825 0.0170236 18.5732
-0.0580588 0.040407 19.327
-0.0998998 0.057097 22.4784
-0.1501 0.0805977 25.3097
-0.063977 0.0734271 12.1364
0.0417128 0.0347314 -1.00507
0.0603318 0.000349916 1.19892
0.0229642 0.00502192 61.6858
-0.0311864 -0.00917069 25.5692
-0.0566775 -0.0166111 33.6873
-0.0574157 0.0146604 64.1535
-0.0584972 0.0134632 64.8781
0.0477796 0.00363518 -10.3874
-0.0451597 -0.0248992 29.2613
-0.0643036 0.0188041 28.828
-0.0231533 -0.0022459 15.1664
-0.0146389 0.0154432 9.00516
-0.0262827 0.0320642 11.7766
-0.0371619 0.0274401 17.426
-0.036606 0.0154187 18.5505
-0.0158797 -0.00707385 11.8004
-0.0118626 -0.0471047 15.736
0.0206151 -0.0968166 5.19995
-0.00506005 -0.0243871 8.46615
0.102731 -0.153685 -38.2402
-0.178676 0.0840224 105.071
0.023781 -0.0219048 -3.33692
-0.0287593 0.0468792 13.9713
0.0107455 -0.0133961 -3.89483
-0.0380266 -0.178758 57.6099
-0.00851881 -0.00240621 9.02932
-0.00241163 -0.0168522 6.43794
-0.016296 0.00751267 13.4422
-0.00538979 -0.00177148 6.28526
0.00331869 -0.00213913 -1.19571
0.0304104 -0.0356657 -20.5675
0.00183779 -0.0125055 1.8755
0.0283354 -0.0253069 -19.4657
0.0676114 -0.0112208 -57.1255
0.00879764 -0.010825 -3.32053
0.00293852 -0.010052 1.90469
0.0133225 -0.0126473 -7.00585
0.16606 -0.0615273 -149.412
0.155131 -0.0596087 -138.683
0.0040732 -0.00245409 -0.478152
0.00730767 -0.0169219 -1.29721
-0.00750184 0.00754111 10.2116
0 0.0249812 1.44443
-0.664062 1.11719 608.863
0.246404 0.0484751 -256.882
-0.0152227 0.184 27.7096
0.306314 0.22789 -359.726
-0.0143705 0.370029 -0.13924
-0.0123309 0.353099 0.287335
-0.0167657 0.0149403 19.0543
-0.0138868 0.0156248 18.8491
-0.0337318 0.0568229 12.2927
-0.0438031 0.020826 19.5184
-0.0150646 0.0245265 17.0406
-0.0369643 0.0572578 13.6777
-0.0674544 0.0411025 20.3909
-0.0918317 0.079899 17.1837
-0.0463752 0.0808425 8.43958
0.0197574 0.00789902 7.75724
0.073258 0.170882 -32.078
0.00977379 0.00723254 64.8516
-0.0309521 0.0347056 17.4826
-0.0464241 0.0469728 19.2604
-0.0988324 0.0703616 30.6743
-0.0501311 0.0093975 62.7153
-0.0184028 0.110351 -4.34436
-0.0233511 0.0319619 11.5107
-0.0515887 0.0227459 23.6277
-0.0242024 0.0301383 10.8625
-0.077175 0.12611 16.9403
-0.0179176 0.0447935 5.46555
-0.0194148 0.123877 -8.69087
-0.0272362 0.071626 4.15888
-0.0988622 -0.0160501 72.7915
-0.016599 0.0892824 -4.52294
-0.049152 0.22741 -8.50026
-0.000734754 0.356848 -59.8181
0.0413766 0.0332286 -18.5488
-0.0193043 0.0318932 10.4087
-0.0450678 0.144946 7.63893
-0.00341895 -0.0184427 7.02625
0.00517397 -0.00148824 -1.80659
-0.0167186 0.232593 -30.8266
-0.000687597 0.0614037 -9.32105
-0.00719987 0.0209935 3.6321
-0.0122751 0.013439 9.13374
-0.00048386 0.00390054 1.70037
0.00927821 -0.0261049 -0.954327
0.00196789 -0.00932728 2.68362
0.00556129 -0.00810454 -2.07491
0.00310283 -0.0116907 0.835631
0.00807434 -0.0298973 0.390355
0.0164566 -0.0141825 -9.81785
1.04036 0.0455729 -995.128
-0.000734014 -0.00861355 5.47638
-0.181852 -0.0235571 196.638
0.185399 -0.0607885 -169.184
-0.00121487 0.00137133 3.95818
0 -0.0432056 15.8778
0.0148117 -0.0445445 -0.155077
0 -0.0461356 16.3875
0.00197107 -0.012224 3.4903
0.18625 0.0905405 -194.568
0.188527 0.0176905 -184.884
-0.367809 -0.0155373 478.216
0 -0.227939 75.0129
0 -0.0622269 43.3259
-0.0880471 0.220532 -3.0479
-0.0880469 0.220532 -3.04791
-0.0961596 0.145705 13.1539
-0.124964 0.169816 9.73073
-0.0882395 0.136596 13.8351
-0.0855124 0.122931 16.4848
-0.0970992 0.126816 17.181
-0.0901926 0.162882 8.1744
-0.0824319 0.155855 8.2037
-0.0943706 0.151957 11.5465
-0.0794742 0.142496 9.90818
0.0105234 0.00683937 64.6604
-0.0517498 0.0625217 18.4549
-0.0351238 0.0688937 12.133
-0.0495649 0.0953883 10.8459
5.30848 0.166295 -1736.65
0.0112692 0.21531 -35.1044
0.00103194 -0.0828998 92.9837
-0.45824 -0.0726367 269.314
-0.0313028 -0.00719772 81.6553
-0.0427122 0.041354 76.811
-0.527522 -0.0599162 317.19
-0.0272274 0.262964 -31.7165
-0.0529157 0.310379 -27.9375
-0.127215 -0.0312425 91.2577
-0.245843 0.186127 109.362
0.00355608 0.233791 -40.4105
0.0752693 0.159135 -65.6408
0.011322 0.0190751 2.56634
-0.00134917 0.316277 -55.6573
-0.0338706 0.265979 -23.9252
-0.0417985 0.233032 -12.9333
-0.0567116 0.231067 -1.78758
-0.00661042 0.0586612 -3.2074
-0.0119545 0.051389 2.07332
-0.0209047 0.0653116 5.9849
-0.0266409 0.0450663 14.7295
-0.0167507 0.00244758 16.1761
-0.000379436 -0.00332869 3.45855
-0.000605815 -0.00558228 4.33489
-0.0166743 -0.0178967 22.2106
-0.0080669 -0.00325779 10.4542
-0.00506783 -0.00511538 8.33715
-0.00151996 -0.00572086 5.32853
0.00414494 -0.00898555 0.993588
0.00697765 -0.0046433 -3.45859
0.0268505 -0.0133209 -21.1291
0.3129 0.0346641 -317.017
-0.011745 -0.00300341 17.2418
-0.0199308 -0.0139496 28.6274
0.211913 -0.103521 -201.711
0.0825427 -0.00305212 -83.6755
-0.0934377 0.0870297 107.255
-0.114585 0.0816733 132.243
-0.376671 -0.0111646 488.153
0.374209 0.0597374 -431.058
0.473639 -0.741706 -380.344
-0.0252105 -0.34175 143.22
0.0347525 0.11452 -4.17736
0.0320034 0.107606 -2.50453
-0.0999758 0.13458 15.5653
-0.116479 0.135642 16.1993
-0.098036 0.12365 17.3842
-0.0704046 0.118345 15.9289
-0.0704804 -0.335082 113.079
-0.104264 -0.00987168 43.0295
-0.0999993 0.0736434 22.8033
-0.0833924 0.0811444 18.0499
-0.0649665 0.0810472 14.6088
0.00491935 0.00664044 66.1554
-0.0138036 0.0477074 10.6517
0.00426292 0.078191 -1.4465
-0.0058906 0.106476 -4.82196
0.0218398 0.27732 -52.2261
0.0213299 0.273927 -51.1666
0.0158294 0.280878 -50.5982
0.0129567 0.276603 -48.5035
-0.00657663 0.0197421 45.1653
-0.00699006 0.0198564 45.3349
-0.00490818 0.0909213 8.5776
-0.0331912 0.280333 -31.7258
-0.0273435 0.282943 -35.16
0.0115722 0.267931 -51.6379
-0.0247259 0.232869 -23.4407
0.00316499 0.220842 -37.3885
0.00391385 0.224446 -38.2624
0.0182431 0.264901 -56.0867
0.00730706 0.302258 -57.9568
0.0194786 0.314135 -68.5779
0.000524483 0.344468 -63.2396
-0.00524525 0.643194 -126.611
-0.0247757 0.123274 -2.2776
-0.0414 0.0547319 24.3848
-0.0903314 0.084297 54.7394
-0.0164509 0.0535134 4.80121
-0.0134368 -0.00790111 15.6193
-0.0029478 -0.00678208 7.01407
-0.0210961 1.01905 -200.194
0.00112385 0.00324667 0.328761
0.0113381 0.329386 -79.6692
0.0113381 0.329386 -79.6692
0.196483 0.0219769 -166.985
-0.0761026 -0.0303659 103.312
0.143505 -0.0285098 -117.906
-0.0212959 -0.138 70.3679
-0.00883192 -0.152004 61.1497
0.102972 0.0163991 -80.89
0.0967521 0.017007 -74.5134
0.174828 0.0294468 -165.48
-0.0132894 0.080703 5.28187
0.759115 0.0332031 -855.5
-0.0541006 -0.0316727 101.307
-0.374752 -0.0119907 486.183
0.228417 -0.292702 -175.224
-0.389347 -0.00444204 501.396
0 -0.0504714 35.6582
0.0372518 0.11887 -5.27887
0.0315854 0.122742 -6.13966
-0.0185404 0.121709 -2.60594
-0.0233987 0.151122 -10.4168
-0.0288636 0.129042 -4.7124
-0.0293854 0.153866 -10.3745
-0.0122078 0.157604 -13.3281
-0.0398899 0.0944176 7.41631
-0.0485128 0.1209 1.45007
-0.0539694 0.107274 5.86571
-0.0373269 0.110187 1.73523
0.00793537 0.00602339 65.5341
0.0481486 0.111314 -21.3963
0.0874073 0.309614 -81.1792
0.0516038 0.454166 -105.319
0.0305892 0.312459 -63.3167
0.0174544 0.296627 -54.8717
0.00416351 0.282729 -46.514
0.005619 0.275041 -45.1903
-0.00645295 0.019562 45.1539
0.0248146 0.115381 -11.2244
0.0133053 0.117276 -6.57336
-0.0227227 0.2765 -36.1925
-0.0139306 0.281105 -41.2055
-0.00231453 0.253557 -40.226
-0.0353174 0.230996 -17.0758
-0.0173913 0.235423 -28.7325
0.0218513 0.221405 -47.5135
0.0185116 0.222006 -45.8231
0.0371701 0.19595 -50.7836
0.0479329 0.255466 -73.1594
0.0450333 0.279458 -77.1056
0.0631097 0.268891 -86.7972
0.0677091 0.267576 -89.6947
0.0691356 0.287721 -95.7564
0.0722175 0.289908 -98.6012
-0.0220585 0.0460882 29.7783
0.02976 -0.00944322 1.9561
-0.0172822 0.0882494 17.5691
-0.0161717 0.0880833 16.6785
-0.0113208 0.100791 9.32125
-0.00316949 0.117715 -2.07886
0.00555632 0.139001 -15.2142
0.0147498 0.16327 -29.6293
0.039408 -0.078533 5.03885
-0.109185 -0.560607 276.347
0.00241028 -0.402082 122.112
-0.720935 0.685644 613.662
-0.166137 -0.442558 310.043
0 0.499417 -107.256
0 0.499417 -107.256
0 -0.144711 58.4315
2.51172 0.332031 -2900.15
0.660059 -0.0894638 -712.324
-0.39161 3.4299e-05 503.262
-0.38611 -0.0153169 500.063
-0.367986 -0.00157358 474.705
-0.00251342 -0.0257402 10.8677
0.0422341 0.123075 -6.4348
0.0422545 0.121073 -5.92951
0.023147 0.152643 -12.9392
-0.0146175 0.183943 -19.371
4.76084e-07 0.191032 -23.3688
0.0182381 0.18323 -23.1773
-0.0251473 0.143198 -7.20992
-0.0377341 0.138682 -5.04999
-0.0621024 0.183429 -12.2323
-0.0669151 0.135487 1.16421
-0.0972877 0.325024 -33.0088
-0.0546368 0.259279 -25.624
0.0078631 0.234072 -34.9413
-0.0103502 0.208934 -22.1552
-3.38165e-05 0.24037 -33.7064
0.00846056 0.289085 -49.6411
0.00872514 0.284799 -48.4655
-0.0123673 0.27689 -38.5776
-0.00107595 0.268534 -40.796
0.00639789 0.257829 -41.0374
0.02894 0.176148 -29.061
0.0320858 0.196674 -36.0992
-0.0259188 0.252353 -28.2746
-0.034531 0.207948 -12.4374
-0.0306539 0.176719 -6.0001
0.00247367 0.202902 -30.3849
0.00387 0.237836 -41.0831
-0.0191036 0.241911 -29.0717
0.0147201 0.223483 -45.1046
0.0469073 0.246634 -70.8674
0.0475801 0.24509 -70.3008
0.0465744 0.278683 -78.3868
0.0631655 0.271243 -87.3544
0.0831305 0.264256 -99.8126
0.120621 0.23986 -120.136
-0.0308579 -0.0200772 32.3341
0.0501793 0.466188 -134.279
0 0.525294 -110.387
-0.0186403 0.598569 -113.223
-0.0173741 0.591251 -112.346
-0.0157395 0.573121 -108.892
-0.0136371 0.537548 -101.209
-0.00797147 0.427813 -76.8402
0.00568162 0.411271 -85.1128
0.0278778 0.375652 -96.2664
-0.11472 -0.24036 217.664
-0.0791412 -0.454639 240.018
-0.00341079 -0.165794 87.1696
-0.0070191 -0.164954 90.6715
0 -0.177217 85.8276
-0.00671767 0.0921224 71.4173
-0.0107315 0.0763482 80.0427
0 -0.477913 167.834
-0.0327716 -0.469167 203.162
-0.357191 0.033154 454.611
-0.393942 -0.0313303 513.313
-0.362676 -0.0325636 475.808
0.00709973 0.235461 -46.0289
0.0555061 0.127179 -7.70881
0.0582542 0.139452 -11.3251
0.0629356 0.191997 -26.5746
0.0787655 0.340564 -69.6914
-0.167286 -0.200157 95.6725
-0.00109508 0.199152 -25.0159
-0.000913819 0.456653 -99.2931
0.0403582 0.444655 -101.709
0.0564152 0.292228 -58.4635
0.0530601 0.218395 -35.0187
-0.0646478 0.291958 -31.5976
-0.0797735 0.29695 -29.6602
-0.0327065 0.252925 -28.8008
0.00544101 0.237689 -35.3167
0.0276055 0.238414 -41.8185
0.00852196 0.254446 -39.8718
0.0136347 0.258811 -42.5957
-0.0108536 0.268036 -36.2873
-0.0141912 0.248488 -29.9017
0 0 -1
-0.460524 0.205522 185.885
0.0147974 0.228364 -36.7512
0.0485612 0.0925454 -11.9739
-0.077691 0.214442 7.87028
-0.0147579 0.175003 -13.6504
0.0201876 0.195792 -37.6839
0.002302 0.2375 -39.9536
0.00928226 0.248368 -47.2587
0.0628532 0.259576 -83.5412
0.0936666 0.139369 -66.5397
0.0110818 0.15236 -16.2346
0.0515912 0.261819 -77.4083
0.0681929 0.261485 -88.2292
0.0857903 0.257228 -100.164
0.093197 0.267591 -107.6
0.0560406 -0.164907 45.3982
0.0528895 -0.157522 45.7275
0 0.0135417 36.3117
-0.0156467 0.147865 10.6724
-0.0124915 0.165945 2.7616
-0.00951731 0.200694 -9.90226
-0.00748956 0.253762 -27.1508
-0.00348302 0.388607 -70.0622
0.00429364 0.403218 -81.5698
0.0172453 0.390964 -90.3305
0.0206847 0.374794 -88.8976
0 0 -1
-0.00627264 0.216647 -17.1553
-0.00637485 0.212514 -15.8495
-0.00637485 0.212514 -15.8495
0.0240306 0.351568 -89.763
0.294152 0.311437 -391.394
0 0.0135417 36.3117
0 0.0490041 26.004
-0.0898552 0.106667 118.517
0.361121 -0.0673063 -362.601
-0.0469423 0.171538 39.3093
0.030936 0.258548 -79.6645
0.00429266 0.261478 -38.9833
0.00747485 0.273876 -43.0053
0.0256966 0.28697 -48.0178
0.0597614 0.285767 -49.9108
0.0220678 0.231238 -29.0318
-0.0355416 0.401312 -76.636
-0.0467025 0.313277 -48.5692
-0.0738646 0.152251 6.16826
0.0643193 -0.07148 60.434
0.0107834 -0.0589536 67.7157
-0.0414102 0.242542 -21.2738
-0.05534 0.236973 -16.7883
-0.0353127 0.10493 20.1169
-0.024138 0.269571 -35.0904
0.0138181 0.254262 -41.9751
-0.00252753 0.235278 -30.457
-0.00434026 0.22958 -27.7397
-0.00879694 0.220409 -23.7628
-0.0114566 0.233719 -27.3929
0.00726085 0.230945 -33.6558
-0.00933228 0.225408 -24.3277
-0.0250339 0.243839 -23.2327
0.652258 0.19014 -327.773
-0.359772 0.192123 159.068
0.00917286 0.153691 -19.8535
0.0489622 0.179713 -48.7236
0.0198365 0.226576 -46.8011
0.0211507 0.239719 -51.5683
0.0306273 0.233548 -55.404
0.0574011 0.189972 -58.8498
0.0405824 0.214744 -55.6336
0.0767422 0.232008 -85.4054
0.0868594 0.256135 -99.4511
0.0988252 0.250731 -106.495
0.0938966 0.266777 -107.97
0.13243 0.228732 -124.635
0.122205 0.203889 -108.996
-0.226562 0.0351562 225.117
1.77406e-07 -0.0566487 47.8016
1.26507e-06 -0.0566627 47.8051
7.03081e-06 -0.0566967 47.8108
5.36566e-07 -0.0566211 47.7929
-2.58356e-05 -0.0560434 47.6353
0.000160485 -0.0543259 46.9229
0.000830301 -0.0508149 45.1881
0.00152446 -0.0445017 42.5481
-0.00026941 -0.0343558 41.1767
-0.00582482 -0.0205337 42.505
-0.0147853 -0.00292801 46.2806
0.0162472 0.0488392 -4.25138
0.0175973 0.0493086 -5.87857
0.25606 0.135046 -295.924
0.299955 0.0134251 -166.832
-0.00620859 0.172404 130.031
-0.0638277 -0.199278 181.116
-0.00192949 -0.0845163 72.3804
-0.00211792 -0.0259755 54.8322
-0.258001 0.320809 265.314
0.0124454 0.253745 -36.4976
0.0189206 0.267487 -41.2532
0.0336274 0.243908 -33.7026
-0.00126539 0.228582 -26.1555
0.0568851 0.217632 -28.5409
0.0852705 0.182721 -19.9519
0.192518 0.205106 -49.1344
-0.0782956 0.137576 11.338
0.0539119 -0.0424942 52.8988
0.0636868 -0.0694193 59.8612
-0.136041 0.127581 37.3749
-0.0785665 0.136402 20.3206
-0.0610194 0.0781786 34.9267
-0.0107793 0.0342831 35.8846
0.0111457 -0.0186175 47.1806
-0.00237954 -0.165958 107.963
0.00182007 0.214692 -25.3119
-0.0115228 0.219331 -22.0172
-0.00578872 0.227811 -27.2232
0.0025645 0.231673 -31.8774
-0.0016981 0.22452 -27.5496
-0.00848166 0.243687 -30.8714
-0.0377657 0.0908789 43.0961
0.000310239 -0.14597 72.5057
0.000282316 -0.145903 72.4991
2.26892e-05 -0.14576 72.5938
-0.000147247 -0.143476 71.9121
-3.9318e-05 -0.14358 71.8847
-3.9318e-05 -0.14358 71.8847
0.0320673 0.201624 -46.5842
0.064147 0.202706 -67.7579
0.0823733 0.212192 -83.0066
0.105399 0.20602 -96.9623
0.11068 0.232273 -109.034
0.096451 0.237377 -100.159
0.122323 0.194008 -105.288
0.048787 0.217094 -56.2069
0.000516595 0.00609399 53.2115
0.0403096 0.221363 -52.5538
0.0506422 0.200034 -54.1173
0.0606991 0.170865 -52.9492
0.0596387 0.150324 -45.041
-0.00103995 -0.0269024 65.3638
-0.00103995 -0.0269024 65.3638
-0.00103995 -0.0269024 65.3638
0.618186 -0.0220329 -587.112
0.000347149 -0.0270695 64.0119
3.49641e-05 -0.0233481 63.0854
0.00850945 0.0692452 22.8235
0.00897079 0.0715562 21.5513
0.0122716 0.0764696 16.3313
0.0176085 0.0823899 8.47019
0.0373042 0.132712 -30.9167
0.0375772 0.135189 -32.076
0.000454695 0.242356 -24.6481
-0.361475 0.0538604 468.957
0.00397314 0.178872 -7.54075
0.00397314 0.178872 -7.54075
0.0128774 0.246926 -34.1651
0.0150997 0.236385 -30.456
0.0143232 0.196066 -16.2411
0.00375731 0.10741 16.0467
0.0896759 -0.194741 111.412
0.130102 0.150684 -14.5417
0.0903587 0.192511 -23.7118
0.0526859 0.166286 -9.1655
0.0395401 0.100519 16.9106
-0.109033 -0.540895 272.315
-0.11608 0.105146 41.3839
-0.109083 0.11527 35.0024
-0.0998267 0.0417232 57.3134
-0.0710375 0.0630957 43.0343
0 0 -1
-0.00452542 0.202282 -18.5612
-0.00238148 0.219822 -25.6304
-0.0148097 -0.158062 93.2245
-0.0148768 -0.15891 93.5542
-0.0152634 -0.160573 94.3071
-0.0160277 -0.163022 95.5105
-0.017014 -0.166209 97.0913
-0.0180592 -0.16988 98.8899
0.316159 -0.163285 -69.4756
-0.0157686 -0.370638 170.971
-0.0157686 -0.370638 170.971
0.132682 -0.170736 31.7419
0.134465 -0.132536 16.9718
0.130908 -0.161566 29.5831
0.045849 -1.14901 411.281
0.0493967 -1.14845 408.781
0.0787653 -0.114502 40.0303
0.0773677 -0.113597 40.7072
0.121858 0.226997 -115.503
0.10216 0.232918 -102.891
0.0837938 0.240076 -91.4574
0.0431395 0.224968 -54.3256
0.00850121 0.183815 -12.6597
0.027171 0.219905 -40.3664
0.0267184 0.198735 -33.2551
0.032196 0.169217 -27.4825
0.225007 -0.0445376 -124.368
0 0.0211691 -1.28766
0.000128273 0.0287805 -4.06586
0.161881 0.0174174 -158.776
0.544411 -0.030237 -512.324
-0.00205859 -0.00918275 13.4029
-0.00176581 -0.00733054 12.4335
-0.00174329 -0.00724605 12.3795
-0.00159472 -0.00702657 12.1435
-0.00132186 -0.00676877 11.7567
-0.000977686 -0.00649481 11.2802
-0.000632085 -0.00622906 10.7982
-5.23987e-05 -0.00567822 9.93351
-5.17013e-05 -0.00567808 9.93264
-4.92238e-05 -0.00567762 9.92953
-4.92238e-05 -0.00567762 9.92953
-4.92238e-05 -0.00567762 9.92953
-0.000396505 0.241903 -32.2379
-0.00234508 0.216545 -22.816
-0.00961785 0.183316 -10.4046
-0.0144117 0.0434434 39.9504
-0.00431663 0.159705 1.0089
0.0412086 0.231936 -31.5934
0.0505792 0.188601 -16.7579
0.0440125 0.127511 6.53724
0.0396891 0.11201 12.8297
-0.0640786 0.0211154 58.7257
-0.0602988 0.00949638 62.4332
-0.114185 0.0833254 48.0673
-0.0992997 0.090258 41.4117
-0.083232 0.0865658 38.2301
-0.0717404 0.122479 21.4961
-0.0663995 0.158488 6.47127
-0.067551 0.194573 -6.45141
-0.0469348 0.151381 1.78811
-0.0250138 0.133829 -0.207229
-0.00454134 0.11651 -2.16766
0.0135645 0.0994657 -3.65853
0.0207874 0.100293 -7.10707
0.0186327 0.0991872 -5.68007
0.0173808 0.0984419 -4.78821
0.016909 0.0980693 -4.40877
0.016909 0.0980693 -4.40877
0.0712572 0.0559395 102.944
0.071051 0.0592749 101.804
1.76694e-12 -0.158594 99.3203
1.65211e-12 -0.158594 99.3203
1.40896e-12 -0.158594 99.3203
1.2411e-12 -0.158594 99.3203
1.19332e-12 -0.158594 99.3203
1.14177e-12 -0.158594 99.3203
0.0958829 0.251092 -104.448
0.0812954 0.243797 -90.6777
0.0594843 0.240734 -72.9143
0.0434324 0.212386 -50.1785
0.00894517 0.212779 -23.3928
0.0118007 0.195661 -19.4463
0.012118 0.167728 -9.40404
0.0139787 0.134735 1.14471
0.0149193 0.0650453 26.1077
0.0149193 0.0650453 26.1077
0.000571777 -0.233846 149.261
0.000554582 -0.233812 149.266
2.12504e-05 -0.233833 149.818
5.77848e-06 -0.233826 149.832
-6.64579e-05 -0.233883 149.928
-0.000179012 -0.23393 150.064
-0.000302516 -0.233968 150.211
-0.000389912 -0.233997 150.318
-0.000421984 -0.234018 150.362
-0.000322274 -0.234067 150.264
-0.000322013 -0.234067 150.263
-0.000321094 -0.234066 150.262
-0.000321094 -0.234066 150.262
-0.000321094 -0.234066 150.262
