-0.00793941 -0.0817434 17.8946
-0.0166033 -0.064696 17.552
-0.0226296 -0.0637354 17.9784
-0.0867604 -0.100946 23.2747
-0.0252809 -0.0938483 16.5005
-0.0320875 -0.0277037 17.3889
-0.0311717 -0.0267803 17.4579
-0.0171388 -0.066188 16.0254
0.543852 -1.79486 -56.6544
0.00133556 -0.145299 19.9562
-0.0453431 -0.113068 29.2939
-0.0423527 -0.0464408 26.3049
-0.0267168 -0.00716732 21.8694
-0.00508957 -0.0202627 16.0855
0.00716063 0.0623175 11.5527
-0.0292906 0.0725603 22.9622
0.00718857 0.0381089 10.0018
0.0229472 0.0192932 -4.88334
0.0719905 -0.0133652 -23.382
0.0669761 -0.0547262 -20.1369
0.0550226 -0.0619869 -14.8779
-0.104847 0.00538572 62.9875
0.017638 0.0102477 -4.17495
-0.0322153 -0.0825874 30.6618
-0.0619937 -0.0346605 44.7871
0.653423 -0.0356706 -341.987
0.143019 -0.163317 -68.3912
-0.0443183 -0.0277851 34.246
0 -0.0633286 24.1839
-0.0664465 -0.00879605 47.1451
0.0120902 -0.0260282 19.571
0.0209244 -0.0479059 13.7889
0.0844443 -0.0634178 -30.4759
0.10221 -0.0528569 -42.9915
0.097864 -0.043072 -39.8819
0 -0.331194 21.6997
-0.00439336 -0.319476 24.9701
0.167308 -0.0363214 -123.581
-0.0126106 -0.0187397 17.5095
0 -0.0219004 9.00671
0.0328172 -0.871752 -4.40656
0 -0.835683 23.3516
0.03953 -0.87066 -12.2258
0 -0.890012 24.1563
0 -0.835683 23.3516
0 -0.174445 9.84423
-0.0262179 -0.894999 50.7123
0.0569471 -0.820287 -34.9985
0.0917441 -0.125739 -74.1891
-0.0748602 0.00882134 99.8853
0.014415 -0.0727734 6.26794
0.0122547 -0.0744904 8.71005
-0.0320678 -0.121399 59.9768
0.0597359 0.100932 -47.2483
-0.227409 0.0564698 282.288
0 -0.452411 22.0536
0 -0.452411 22.0536
-0.185812 -0.247201 265.282
-0.0104174 -0.0561804 17.1703
0.0192231 -0.0510865 15.911
-0.0060262 -0.0590575 17.6072
-0.03253 0.189695 12.8864
-0.067697 0.196563 15.6711
-0.0768468 0.0286132 21.7368
-0.0165154 -0.0671464 16.1967
-0.0122147 -0.0800285 16.0837
-0.0327772 -0.0316085 17.1234
-0.0561764 0.0409775 17.8038
-0.0624867 0.0830285 17.7099
-0.0560205 -0.0405968 30.7375
-0.0469349 -0.0339693 27.8605
0.0169298 -0.02045 9.77256
0.0490474 0.0272928 -1.30354
-0.0328184 0.0771444 24.9655
-0.0101534 0.0532537 17.076
0.0130878 0.00145238 -0.834744
0.0584314 -0.0326557 -17.7822
0.0344741 -0.0389842 -7.24381
0.0529753 -0.0603182 -14.0014
-0.118423 -0.0233085 69.8485
0.0223194 0.00206025 -7.32137
0.169779 0.100431 -77.3928
-0.111616 -0.0799249 72.4043
-0.0282246 -0.0788756 26.3223
-0.0223558 -0.0426324 21.899
-0.00661363 0.0291445 6.51857
-0.0517727 -0.0564928 38.9212
-0.0127035 -0.0158138 14.912
0.0305659 0.00670209 -12.8102
-0.0603449 -0.0493434 52.5432
0.591032 -0.500006 -372.8
-0.0659458 -0.00947657 54.5277
-0.0236167 -0.0163107 24.5618
-0.00712629 -0.0561663 13.5273
0.096537 -0.0588892 -67.8317
0.0250551 -0.0755012 -10.8387
0.19211 1.11435 -180.418
-0.378808 -0.1018 338.996
0.011348 0.0179114 -2.10685
0.00397299 0.124695 1.74961
-0.013229 0.506097 8.5541
0.00277214 0.483737 -5.56051
0.00455615 0.484173 -7.36455
-0.00899835 0.479337 5.96391
-0.0381182 0.519544 34.4747
0.00874289 0.495781 -12.2841
0 -0.243652 17.3842
-0.0426911 -0.0871419 58.404
-0.0312441 0.301149 36.5968
0.111639 -0.138872 -100.983
0.108575 -0.111688 -98.5515
0.0867748 0.00650924 -77.2585
-0.478819 -0.00231554 580.338
0.00392004 0.104669 11.3195
0 0.0962686 16.2225
-0.158504 -0.0540926 281.663
-0.0155696 -0.0172806 15.4683
-0.0180854 -0.0257626 15.9914
-0.0377698 -0.0429228 17.8431
-0.0768709 0.0239688 16.5584
-0.052338 0.074078 10.4612
-0.0131248 -0.016319 12.0717
0.00111215 -0.0828884 13.964
0.0117089 -0.0576815 10.4776
0.0397555 -0.0288904 4.30665
-0.0192846 0.0646611 10.5965
-0.0767924 0.0940931 21.3617
-0.0680235 0.115987 16.9994
-0.0565537 0.0828346 16.5201
0.0109844 -0.014555 11.4286
0.111245 -0.037232 -17.0018
-0.0356515 0.0439592 27.26
-0.102507 0.00140057 51.7217
-0.107292 0.167476 37.6656
-0.00773605 0.0159274 6.89607
0.0325007 -0.0443077 -6.30238
0.00210311 -0.0349392 6.29926
0.0143357 0.0595787 -4.64384
0.00453155 0.0527705 0.213457
-0.0373805 0.0388933 22.0224
0.0523078 -0.00449397 -21.7246
0 0.0447508 2.96182
0.116903 -0.00701705 -60.0783
0 0.0638555 2.19431
0 0.0638555 2.19431
0.056264 -0.0627372 -23.7315
0.145004 -0.0638475 -84.2781
0.0231117 -0.0707055 -3.11856
-0.111319 -0.040077 88.2362
-0.0463573 -0.0298349 41.4415
-0.0278709 -0.0678287 30.0927
-0.0101944 -0.0412606 14.432
-0.00939384 -0.0482967 13.9692
0.027525 0.0996018 -17.3646
0.117188 -0.277344 -72.3438
-0.0212381 0.00384013 20.687
0.0135905 0.0182292 -3.25016
0.206006 -0.120168 -163.01
0.0924086 -0.605261 -48.1255
0 -0.319108 23.2899
-0.0134827 -0.330896 36.8933
0.0851486 -0.586708 -47.3827
-0.0577398 -0.60201 94.3124
0.00769687 -0.612582 28.7652
0 -0.319108 23.2899
-0.0359066 -0.0674133 49.5902
-0.00134016 -0.00368726 9.6369
0.505075 -0.10943 -543.474
-0.0652456 0.206359 83.7548
0.448774 -0.0313833 -494.45
0.0320131 0.689168 -67.8261
0 -0.181763 24.8331
-0.0327556 -0.859896 114.016
-0.0241431 -0.0580355 115.191
-0.0228084 0.0204177 13.3482
-0.0289668 0.00575719 14.4604
-0.0465396 -0.00448729 16.0185
-0.0433976 -0.0639195 20.4747
-0.0571046 0.0136306 15.775
0.182668 0.00304743 -8.30531
0.221583 -0.0101125 -11.813
0.0613388 -0.0547671 1.73772
0 0 -1
0.040136 0.00463939 1.92504
-0.0523205 0.0668278 17.2198
-0.0499256 0.0924704 14.6158
0.0682691 -0.0323063 0.680636
-0.294561 -0.00237267 100.113
0.117829 -0.0948082 -17.209
-0.0674386 0.0259149 38.2425
-0.129038 0.0194635 60.5568
-0.332357 0.101069 127.872
-0.0733124 0.103455 28.4009
0.0020373 0.0222724 2.5492
0.0394378 0.121385 -20.429
-0.00408431 -0.00142018 8.00012
-0.0180805 -0.000205653 14.8509
0.0159777 -0.00433684 -2.45853
0.0130956 -0.0266649 0.994377
-0.00827152 0.0420814 7.19719
0.00053522 -0.0218667 7.71926
-0.0131857 -0.0329732 16.1601
0.324497 -0.170759 -178.394
0.0325973 -0.0286586 -12.074
0.0359993 -0.0235852 -14.0692
-0.0947601 0.46058 36.4678
-0.0382528 -0.0355064 36.7162
-0.0524848 -0.0272059 45.7449
-0.0492347 -0.0473918 44.8339
-0.026848 -0.0363315 26.159
0.0840747 0.233556 -84.3782
0.074579 -0.0948909 -49.4365
-0.0268076 -0.0232522 27.1795
0.00581236 -0.0282027 -0.253251
0.0787401 -0.0966802 -52.7219
0.208541 -0.115049 -165.57
-0.0516081 -0.174823 72.5085
-0.0102164 -0.0480551 26.1837
0 0.0209872 11.9009
0 0.0209872 11.9009
0.0077764 -0.00111986 5.61546
-0.00666409 -0.00871557 20.7613
-0.0273686 0.214778 29.1053
-0.0448615 0.270137 43.8136
-0.0724164 0.381674 67.1921
-0.00821122 -0.00996445 13.7091
-0.0365826 0.409112 27.2953
-0.0109216 -0.673573 72.471
-0.00662129 -0.0101148 11.6959
0 0.428763 -15.5458
0.00760945 0.00854964 -1.89569
-0.0110069 0.0445749 33.5124
-0.0378973 0.0226642 13.3911
-0.0459656 0.0156735 14.361
0.00479008 -0.101011 20.0452
-0.0559591 0.017836 14.7489
-0.031704 -0.0433504 17.6432
0.22446 -0.0217935 -11.3288
0.230793 -0.021038 -12.1965
0.171839 -0.0207689 -14.2875
0.0380376 -0.0195357 3.15929
0.0347656 0.0152344 75.3859
0.0191212 0.0380717 3.72436
0.225048 -0.221995 -23.8062
0.122685 -0.0519881 -23.4929
0.11801 -0.0520979 -22.2914
0.134606 -0.0636313 -25.454
-0.0373368 0.007429 29.7991
-0.0953772 -0.0332045 53.1264
-0.172968 0.0574095 71.814
-0.0988658 0.0113521 47.1815
-0.0569877 0.0387308 28.0667
-0.0178855 -0.014278 15.1345
-0.0225991 -0.0557457 22.7002
-0.0232647 -0.0441479 21.008
-0.0136782 -0.0461828 17.4715
-0.00910516 -0.00584253 10.8123
0.00383265 -0.0436864 7.66872
-0.00240809 -0.0261487 9.73699
-0.0122588 0.0338882 9.71708
0.0398795 0.425959 -58.6761
0.0629698 -0.0101207 -33.9616
0.0631805 -0.0265133 -31.9868
-0.0143504 -0.0325998 19.2401
-0.0566954 -0.0455143 50.8893
-0.0705809 -0.0339503 60.1342
-0.0551774 -0.0474812 49.2323
-0.00848467 -0.0421941 12.9325
0.00456664 -0.0233347 0.712815
0.0041394 -0.027654 1.66233
0.0187811 -0.0145051 -12.241
-0.00830623 -0.0261457 11.5993
-0.0188802 0.829297 -69.9758
0.00167465 0.0331807 -3.32795
0.00033871 -0.0318127 6.11335
-0.0124955 0.0295293 10.3219
-0.00344626 0.0263246 2.31225
-0.00506663 0.0102486 5.62481
-0.00458177 0.0317746 2.8925
-0.00537573 0.0241041 4.7441
0.0102392 -0.00374862 -4.58361
-0.0608558 0.110538 63.7399
-0.0346039 0.561265 -10.5798
0.0659484 -0.0753343 -62.8689
0.00717293 0.0105597 -2.36459
0.0140728 0.0180158 -10.7025
-0.0509446 0.181829 129.505
-0.0504474 0.171377 129.932
-0.0216436 0.13907 98.7681
-0.0216436 0.13907 98.7681
-0.0378618 0.0224958 13.3778
-0.0315615 0.02986 12.2843
-0.0377308 0.0365802 11.7665
-0.00747384 0.0660169 6.57336
-0.0197469 0.0695166 7.07658
0.183551 -0.0248553 -15.053
-0.0538929 0.127581 1.25194
0.00345819 -0.00502606 7.69489
0.00452675 -0.027824 10.0722
0.137928 -0.0423796 -9.01676
0.125513 -0.00805901 -10.3646
0.113663 0.0153832 -10.3887
-0.0190267 0.0102042 21.7985
-0.0788974 0.00920331 77.0346
0 0 -1
0.0495275 -0.00414193 2.27486
-0.102955 -0.0830701 60.589
-0.147756 -0.0376401 72.1413
-0.0856801 -0.0513371 48.9065
-0.0697501 -0.0362798 40.3569
-0.0458215 -0.0555932 32.1696
-0.0260046 -0.0488216 21.7459
-0.00911223 -0.072758 16.9869
0.00515871 -0.0762269 9.70121
0.0183982 -0.0866192 4.89468
-0.00409269 -0.0740568 15.9129
-0.0182338 -0.0752861 24.7626
0.0123309 -0.0848894 7.26723
0.0166333 -0.0381553 -0.817872
0.0304199 -0.0547844 -8.43372
0.0337969 -0.0426613 -10.8848
-0.0246955 -0.0473435 27.6494
-0.0411023 -0.0859643 43.8535
-0.0523267 -0.0670186 49.4883
-0.0367142 -0.0474992 35.5482
-0.0229975 -0.0414964 24.4724
0.00840614 -0.00943216 -3.66181
0.00125668 -0.016733 3.08776
0.00130988 -0.0120531 2.40421
0.018058 -0.0118321 -11.8749
0.00108782 -0.0143334 2.83286
-0.0309034 -0.0166465 31.1546
0.0195186 0.00910958 -17.331
-0.00799715 0.115994 -3.84915
0.0011548 -0.000461458 0.523531
-0.0163282 -0.00808015 18.4348
-0.00452557 -0.00923338 9.23517
0.0459224 0.00882491 -45.8822
0.0127864 0.0162293 -8.87778
-0.0191826 0.023583 26.6921
-0.040895 0.411284 3.84847
0.0164817 -0.133179 6.63907
-0.00874144 -0.0495784 24.8793
-0.00780303 -0.136993 34.514
0.113088 -0.0968953 -114.015
0.0570466 -0.053581 -52.4183
0.0348613 -0.0440487 -26.8633
0.0273686 -0.0434927 -17.809
-0.03636 0.0235642 13.2146
0.0434551 -0.200253 41.9606
-0.00331716 0.0423578 9.33302
0.0652168 0.0234304 7.49234
0.143646 -0.047082 11.8326
0.0976977 -0.0710714 21.4632
0.0044464 0.17679 -4.19107
0.00742616 0.174022 -4.59486
0.00742616 0.174022 -4.59486
-0.13103 0.00395282 109.671
-0.1073 0.00782856 104.035
0.123098 0.228631 -55.5806
-0.066364 0.00748173 73.5296
-0.0686693 0.0123816 73.4951
-0.106264 0.0135397 85.0275
0.00412917 0.00315763 16.1527
-0.0514075 -0.100542 43.7798
-0.100809 -0.0631046 57.0353
-0.113925 -0.0469054 59.407
-0.0642886 -0.037239 38.0475
-0.048023 -0.0183081 28.1625
-0.017472 0.00180609 11.759
-0.0209298 -0.0122044 15.9186
-0.0160491 -0.0133806 12.2883
0.0121528 -0.0572149 4.44368
-0.00521541 -0.0691505 14.7762
0.0114908 -0.0511664 3.12616
0.0478523 -0.0069033 -25.6919
0.0313001 0.000575136 -16.6112
0.0337896 -0.0387755 -12.2954
-0.00385965 -0.053777 15.3831
-0.0420547 -0.0542884 40.3408
-0.0470033 -0.062045 44.647
-0.00385535 -0.0283127 9.02059
0.00146369 -0.00846263 1.4863
-0.00725259 -0.00987059 8.43357
-0.00359061 -0.00446827 5.27079
0.0065071 -0.0127181 -1.54134
0.00671165 -0.00632252 -2.51008
0.0120538 -0.00634749 -7.34992
0.0017322 -0.0325849 4.79156
-0.00110191 -0.00400741 3.04123
0.00979782 -0.00455636 -6.39457
0.00443322 -0.00539988 -1.01062
0.012765 -0.0119193 -6.40113
0.00338602 -0.00674189 0.0398355
0.00468261 -0.00652758 -1.31415
0.017904 0.0316631 -15.982
0.00514945 0.185634 -25.4738
0.00130064 0.00590857 5.77852
0.0976568 -0.158568 -73.7501
-0.0189495 -0.194987 58.0295
-0.00386342 -0.167108 37.3237
-0.00251683 -0.165855 35.6858
0 -0.168726 33.1125
-0.0210298 -0.170154 58.4945
0.0366934 -0.04374 -29.1486
0.0313632 -0.0409585 -23.0317
0 0 -1
-0.142021 1.02673 -150.584
-0.0594433 -0.0752624 37.6141
0.173636 -0.021555 5.0873
0.117573 -0.016076 9.56742
0.0793611 -0.0136907 13.4279
-0.168385 0.723665 -79.1759
0.17676 -0.0199496 -15.0405
0.180826 -0.00481579 -18.0702
-0.138479 -0.00425826 112.675
-0.12422 0.000455596 108.714
0.0952554 0.203998 -44.7228
0.122795 -0.0518484 -23.5435
-0.0735367 0.00430564 76.4498
-0.0986872 0.00929316 83.3158
0.0235116 0.0177815 7.60682
0.361317 -0.0273042 -118.533
-0.0766538 -0.0479886 45.1131
-0.0860303 -0.03785 46.5384
-0.0331718 0.000319007 19.3575
-0.0169734 0.0158486 9.60714
-0.0300282 0.0243065 14.5968
-0.0560849 -0.00174329 31.5854
-0.0390069 0.00230356 21.896
-0.0123149 -0.0124671 10.702
-0.0109635 -0.0432177 14.6294
-0.00106719 -0.0375851 8.2392
0.00534048 0.0105958 -2.19179
0.0364658 -0.0135083 -17.1939
0.254934 0.486708 -242.461
0.0504787 0.0197058 -30.8466
0.160113 -0.23673 -71.9733
-0.0125131 -0.0269617 15.1518
-0.0128666 0.0147755 8.70198
-0.015861 0.0166895 10.7688
-0.00410374 0.0126572 2.62318
0.00428017 -4.24378e-05 -1.62511
3.35558e-05 -0.00735561 2.53166
-0.00639009 -0.00256797 8.3553
-0.00277107 -0.00562252 6.18342
0.00317379 0.000786418 -1.57516
-0.0222037 -0.00345113 21.9896
0.0182381 -0.000330446 -15.1834
-0.00435784 0.0582824 -4.19009
0.00510565 0.00403962 -3.72832
0.00336881 -0.00149507 -0.582884
0.0186122 -0.0024949 -13.1417
-0.132468 0.298318 97.9166
2.08449 0.308482 -2205.99
0.00933457 0.00988131 -3.62486
0.0910571 0.128306 -111.371
0.013484 0.103092 -23.1572
-0.224609 -0.121094 325.559
0.0121722 0.0110276 -7.46788
0.229279 0.0208437 -263.905
0.0145178 0.172332 -36.3674
0.00483845 0.315829 -49.121
0.0270691 0.180138 -53.6405
-0.0399801 -0.0559198 33.508
-0.039975 -0.0561354 33.5455
-0.0618547 -0.0767093 38.058
-0.0399934 -0.0955566 39.7692
0.0711941 0.0273636 6.95271
0.0325385 -0.0144579 19.3763
0.0368244 -0.0203066 19.9001
-0.211524 0.0673182 36.6822
0.182913 -0.0116688 -17.235
-0.103057 0.000772271 103.958
-0.0812224 0.0012998 99.1627
0.0285389 0.216194 -30.2225
-0.0997444 -0.0463438 60.2457
-0.0441891 -0.0153943 70.336
-0.0127221 -0.00563178 58.8872
0.0367429 0.0198155 2.93208
-0.0767065 -0.0367628 43.1684
-0.0717983 -0.0223477 38.9149
-0.0499662 -0.00845697 28.0123
-0.259493 0.213841 158.271
-0.0227234 0.0145708 12.5286
-0.0116242 0.0129218 7.89834
-0.0308072 -0.0164899 22.0193
-0.036782 -0.00708587 22.5082
-0.0716104 -0.0430019 65.0697
-0.0218094 -0.00989018 15.2698
0.0735481 0.319208 -96.2153
0.0895112 0.633898 -162.193
0.0263072 0.0415554 -11.3169
0.0724132 0.0411213 -48.9482
0.0837403 0.098996 -66.7278
-0.0582872 0.217457 1.29136
-0.0331843 -0.0124008 28.129
-0.0369023 0.115107 7.43884
-0.0346944 0.159965 -3.89194
-0.00357477 0.0135383 1.90471
0.00249848 0.010447 -1.74335
0.0116722 -0.0147115 -6.17621
0.0124988 -0.0225175 -5.72707
0.0091986 -0.00810504 -4.15161
-0.106839 -0.21546 131.916
0.00543479 0.00313117 -3.8486
0.00947336 -0.00269332 -6.42813
0.00908074 -0.00228429 -6.10657
0.0168816 0.00498828 -15.0376
0.726981 -0.0160435 -714.055
0.0145873 0.00271434 -12.121
-0.142054 -0.263655 200.69
0.130923 -0.0989784 -114.304
0.552916 -0.108634 -566.224
0.0914138 0.130303 -112.102
0.00133072 0.0481312 -3.39757
-0.0145713 -0.00940956 20.6737
-0.984375 2.10547 789.242
-0.00364086 -0.000754468 6.41985
-0.0836447 -0.0825716 212.17
1.47045e-06 -0.0328125 102.618
0.00223637 -0.0334834 99.988
-0.0655531 -0.0158106 47.0857
-0.0725106 0.000117067 44.0234
-0.0921313 0.00419525 44.1342
-0.11712 0.0978136 25.0032
-0.108181 0.0784987 28.6188
-0.0966569 0.13955 14.4593
-0.0767777 0.15064 9.17235
-0.0845961 0.181601 3.78902
-0.0845192 0.248561 -10.0026
-0.084826 0.254265 -10.977
-0.0295701 0.16313 -5.73573
-0.0230773 0.199465 -14.5713
-0.0979152 -0.0276164 55.8678
-0.102736 -0.0651149 64.4859
0.0393299 0.415881 -70.095
-0.553192 0.0160374 297.135
-0.551746 0.0586894 288.068
-0.057441 0.107313 96.5916
-0.0340395 0.155266 77.2656
-0.223422 0.209314 144.069
0.0233095 -0.177632 97.8662
-0.0194637 -0.0857984 45.361
-0.029532 0.160617 -3.2343
-0.0351912 -0.0759454 52.7321
-0.0738776 -0.0834659 75.0615
-0.109525 -0.0356329 84.0588
-0.0406185 0.223671 -12.0056
0.0380057 0.181476 -48.0958
-0.00668096 0.0226814 12.6544
-0.00639232 0.272421 -43.5376
-0.0522685 0.232869 -5.05895
-0.0276819 0.244548 -25.0628
-0.0619274 0.244561 -1.13146
-0.0206888 0.114409 -3.56067
-0.0106439 0.0354412 3.67757
-0.0348567 0.0808867 13.6376
-0.000294906 -0.00884257 5.0237
-0.0205754 0.056446 7.34705
-0.013713 0.0530765 2.35054
0.0146632 -0.00751261 -8.59035
-0.00766671 0.00850922 7.15235
-0.00999467 0.0178111 6.87962
0.00591272 0.00174306 -3.91227
-0.0105744 0.0167906 7.92242
0.0109631 -0.0131252 -4.70046
-0.000945348 -0.00685929 4.8411
0.00866642 0.00787968 -7.94355
-0.0037027 -0.00663531 8.1274
1.13127 0.0503906 -1178.27
0.0088046 -0.000377663 -2.69465
-0.00806026 0.012102 8.97185
-0.00678769 0.00560812 9.31281
0.0175763 0.0672834 -21.2633
-0.00853819 0.0178702 8.30241
0.0706021 0.164859 -101.55
0.0159068 0.185322 -41.2343
0.0243762 0.289842 -71.9406
-0.0175979 0.128339 11.5356
-0.0526039 -0.0157433 46.8827
-0.0544298 0.00253003 42.8419
-0.060914 0.00731255 42.0862
-0.0740661 0.0452461 33.922
-0.0865212 0.0989291 22.2216
-0.0806586 0.139038 13.4295
-0.0980636 0.153341 11.9263
-0.0683588 0.103319 28.753
0.00625309 0.303899 -38.1194
0.0521777 -0.00390194 23.8093
-0.0648065 -0.00445406 96.738
-0.0578606 0.204957 -7.62573
-0.0602151 0.00439925 38.5454
0.028776 -0.475781 181.067
-0.0049235 -0.0246297 89.3922
0.145239 0.126681 31.5328
0.0715589 0.128821 56.3074
0.11987 -0.179825 54.9658
0.120026 -0.179788 54.8904
0.121741 -0.179854 54.1874
0.115427 -0.197604 61.1688
-0.0417198 0.25532 -17.4389
-0.0328352 0.236281 -17.5389
-0.0213399 0.221995 -19.8514
-0.0361538 0.221956 -12.4312
-0.0796215 0.217207 12.1787
-0.0290156 0.24842 -23.304
-0.0306632 0.232631 -18.7358
-0.00889557 0.256421 -37.5908
0.000215845 0.292945 -52.2851
-0.0165358 0.324875 -48.607
-0.0609506 0.299227 -13.471
-0.0791779 0.206216 19.19
-0.0644536 0.203381 9.23918
-0.0500598 0.103818 20.7765
-0.0402358 0.00812428 34.2598
-0.0214655 0.0190521 16.6422
-0.0224523 0.0196394 16.979
-0.00671799 -0.000720356 8.40407
-0.000945348 -0.00685929 4.8411
-0.0149106 0.0431564 5.32343
-0.00729155 0.0162579 5.19818
-0.0295317 0.344995 -48.5581
0.00472463 0.0082917 -4.24389
0.00135892 0.00804552 -0.991499
0.00911148 -0.00890522 -4.00889
0.00757454 0.00810649 -6.80348
0.0316178 0.00446731 -28.2053
-0.399047 0.72216 284.786
-0.00524408 0.0201618 4.1825
-0.00601917 0.0235365 4.28496
-0.0059213 0.0668826 0.341444
0.29018 0.0652947 -301.484
0.0205335 -0.0195027 -2.15192
-0.0270918 0.148419 17.4399
0.0635323 0.163609 -93.076
-0.0522094 0.145945 50.2446
0.0183713 0.0153562 -8.28274
-0.0465302 -0.00964942 45.2702
-0.0490751 0.000779118 42.6787
-0.0622414 0.00804708 41.408
-0.0308616 0.082574 20.5015
-0.0553956 0.0932644 20.0298
-0.0541509 0.0940728 19.9523
-0.0493852 0.120066 13.21
-0.0693645 0.12436 15.728
-0.0778775 0.238641 -11.2736
-0.142828 0.391968 -36.9457
-0.067035 -0.0123805 99.0043
-0.0180765 0.243207 -26.3468
-0.017612 0.243229 -26.3676
-0.016105 0.106911 10.0756
0.028776 -0.475781 181.067
-0.00295492 0.0825491 12.332
0.0642723 0.043133 -3.48406
0.0273269 0.0579699 7.59076
0.0640097 0.0401721 -2.63015
0.0501858 0.00181951 13.6535
-0.083639 -0.0822916 91.6526
-0.0705864 0.249447 -2.4164
-0.0452251 0.246789 -13.3522
-0.0266695 0.264943 -28.0183
-0.0341804 0.240159 -17.6238
-0.0421792 0.221038 -8.85159
-0.0269047 0.241276 -23.3195
-0.0821295 0.467626 -43.5265
-0.0805356 0.337234 -12.3191
0.00860161 0.266202 -51.5026
0.0351028 0.321061 -81.6576
0.000184909 0.347234 -65.0491
0.0805556 0.229103 -88.8677
0.285007 0.0412202 -201.719
0 0.33535 -57.9602
-0.0411166 -0.194818 106.79
0 -0.264703 92.5042
0.00913466 -0.0798189 38.9666
0 0.00423177 25.3226
0 0.00423177 25.3226
-0.035557 -0.2071 109.389
0 0.33535 -57.9602
0 0.00423177 25.3226
0.250039 -0.0963954 -185.519
0.26259 -0.0931525 -198.243
0.00749887 -0.0142225 20.1619
0.00774849 -0.0227394 22.0038
0.0110072 -0.0377548 22.3867
-0.0616866 -0.0221703 94.1356
0.214036 -0.195191 -151.21
0.213888 -0.178938 -155.135
-0.0151772 0.0551683 38.9544
0.0163989 -0.0166125 1.88703
0.0165797 -0.0175903 1.90371
0.0200944 0.0537151 -21.1073
-0.0420506 0.0232872 60.2222
-0.0142686 0.0643896 10.683
0.00261268 0.0729393 -11.1695
-0.0414589 -0.00832491 44.8718
-0.0444242 0.00112957 42.4086
-0.0283155 0.0380932 31.8173
-0.0155459 0.0652168 24.7942
-0.041571 0.104693 15.9295
-0.0632915 0.130521 11.4726
-0.0374267 0.0856161 19.7716
-0.0284088 0.110059 12.6087
-0.0304793 0.165434 -1.43215
-0.0681042 -0.00960197 98.4999
-0.0658056 -0.0114339 98.2673
-0.0186759 0.253682 -28.8165
-0.0210768 0.250032 -27.1773
-0.0224797 0.232725 -22.2053
-0.0556936 0.170292 4.56363
-0.00660717 0.0767953 15.0265
0.0395195 0.0648786 0.993403
0.0631857 0.0462885 -3.94792
0.0563083 0.0423903 -0.314846
0.00515303 0.0111798 29.8545
-0.0968321 0.192845 24.865
-0.0594374 0.226912 -2.11247
-0.0474008 0.210663 -2.82991
-0.0390607 0.254826 -18.8389
-0.0141314 0.456478 -84.514
-0.0157305 0.528555 -103.183
0.151257 -0.0910939 -34.3498
0.051262 -0.0422412 9.27565
0.0184509 -0.0512596 31.9953
0.0587754 0.186013 -62.6614
0.0979057 0.191415 -88.8453
0.0686773 0.214067 -76.6727
0.0663389 0.229725 -79.7431
0.0835818 0.227419 -90.9655
0.0987234 0.23594 -104.206
0.0948049 0.239258 -102.089
0.0893043 0.232903 -96.3353
0.00234229 -0.10154 54.1639
-0.00141385 -0.101615 57.2571
-0.0040671 -0.0999383 59.0322
-0.00516115 -0.0976588 59.3546
-0.00456423 -0.0950966 58.1242
0 0.409313 -81.7562
0 0.409313 -81.7562
0 0.409313 -81.7562
-0.00675741 0.399839 -72.6077
-0.0240115 -0.0948417 79.3359
-0.0223283 -0.0957709 77.8468
0.21397 0.0638243 -156.02
0.158465 0.0906919 -104.951
0.151899 0.111289 -103.468
-0.0359598 -0.342268 221.478
0.0171929 0.135136 21.9655
0.587112 -0.0797991 -566.715
-0.082318 0.0175305 109.353
0.256374 0.0796648 -309.212
0.386573 0.118447 -470.063
0.00325194 0.070246 -11.2217
-0.0295609 0.28692 -38.0839
-0.025649 0.291053 -39.3854
-0.0206875 0.307881 -44.5526
0.0390055 -0.00206087 38.5201
0.0694986 0.0478705 21.7765
0.161491 0.110224 -5.20677
0.0707428 0.167031 -8.68408
0.00884624 0.178946 -2.35216
-0.113215 0.439726 -63.1125
-0.0579523 0.396521 -60.643
-0.0534644 0.333147 -43.4033
-0.0191888 0.254285 -28.7848
-0.0337492 0.256649 -25.5204
-0.065798 0.215354 -4.7316
-0.0665728 0.0736152 36.8633
-0.0374644 0.095341 19.842
-0.00573924 0.0738814 15.4583
0.0750898 0.063868 -13.3649
0.090158 0.0840191 -24.965
0.0471145 0.317498 -74.7091
-0.0442648 0.258197 -17.4104
-0.0648389 0.298945 -19.8536
-0.0380847 0.239874 -15.8854
0.149607 0.211985 -114.558
0.00524835 -0.0147926 37.2973
0.043998 -0.0414682 24.7582
0.0825522 -0.0513372 -6.08726
0.061313 0.0215273 -14.2547
-0.003968 0.0502238 15.9214
0.049966 0.127871 -41.4082
0.054207 0.163677 -53.2678
0.0855604 0.152821 -70.6602
0.157346 0.208278 -137.572
0.0893821 0.238649 -98.0461
0.0953486 0.237034 -102.289
0.120373 0.247225 -123.575
0.00221508 -0.10227 54.4557
0.00187692 -0.102315 54.751
-0.000205891 -0.101622 56.255
-0.00186064 -0.099762 57.1029
-0.00298199 -0.0974895 57.405
-0.00375044 -0.095425 57.4832
-0.00433333 -0.0946426 57.7869
-0.00441331 -0.0941258 57.7152
-0.00374913 -0.121249 65.1271
0.00454074 -0.133745 60.8408
0.0054756 -0.132078 59.3014
0.196713 -0.0668874 -157.327
-0.0157606 -0.0990216 71.9264
-0.00717343 -0.0903431 60.2795
-0.00599924 -0.0890593 58.6373
-0.00504397 -0.0878588 57.241
-0.00306712 -0.0855908 54.3818
-0.00238862 -0.0843498 53.2499
-0.0563729 0.0560756 152.426
0.106559 0.107892 -138.032
-3.39335e-07 0.0531636 87.0977
1.52175 1.83666 -2369.72
-0.0631282 0.0929642 32.2827
-0.0628097 0.0911397 32.8604
-0.0203759 -0.920385 326.966
-0.019764 0.0150605 55.7596
-0.0724682 0.0898705 32.048
-0.00168159 0.137064 10.4583
0.0341075 0.205244 -15.1511
-0.0134486 0.179121 0.130565
-0.0566388 0.377071 -54.918
-0.0319666 0.378665 -60.2892
0 0 -1
0.0300344 0.235162 -35.4632
0.0448581 0.235679 -39.7404
0.0589858 0.227089 -40.2704
-0.0590961 0.0403875 44.5562
-0.0373694 0.0871302 22.3119
-0.00788873 0.0773118 15.1863
0.0787622 0.0647359 -14.9768
0.0793122 0.0636983 -14.8467
-0.117213 0.160867 47.5366
-0.0806653 0.251534 2.0108
-0.0640557 0.250914 -5.87493
-0.0716335 0.236719 1.56979
-0.0295524 -0.10019 81.5071
0.0332673 -0.0773425 41.3106
0.103332 -0.0842277 5.77321
0.133606 -0.133024 4.34866
0.150369 0.0203187 -66.6921
0.172753 0.00611113 -75.8152
0.182228 0.00670689 -81.574
0.06102 0.156646 -55.6673
0.071386 0.163783 -64.964
0.115114 0.184909 -101.102
0.0957118 0.26316 -109.526
0.071518 0.271489 -94.4563
0.0637229 0.262437 -85.0976
0.00221508 -0.10227 54.4557
0.00221508 -0.10227 54.4557
0.00221508 -0.10227 54.4557
1.53867e-05 -0.0996258 55.4631
-0.00104498 -0.0975258 55.7232
-0.00218015 -0.0956942 56.1566
-0.00319017 -0.0945816 56.7222
-0.00407721 -0.0939937 57.3603
-0.00424518 -0.0940497 57.5354
0 -0.0430064 37.7741
0 -0.0430064 37.7741
-0.0550985 -0.0582755 99.3647
0 -0.081393 49.6236
0 -0.081393 49.6236
-0.00508631 -0.0891945 57.688
-0.00297174 -0.0875606 54.861
-0.00151973 -0.0857271 52.6697
-0.00157927 -0.0847433 52.4321
0.196621 0.141908 -154.11
0.172179 0.140372 -124.527
0.0244962 0.146299 49.4096
0.0233987 0.143671 51.5678
-0.0655885 0.0932489 32.2339
-0.0654801 0.0896859 33.4421
0.122033 -0.443382 192.619
-0.115687 0.049665 50.7855
-0.196087 0.00529546 66.6715
0.0423546 0.335805 -59.2533
-0.00163908 0.166714 2.13763
-0.00347442 0.0900719 28.3905
-0.0417597 -0.020099 72.2609
-0.0289998 0.0147041 57.9551
-0.0374063 0.0537884 46.6433
-0.078828 0.113103 35.5221
0.0267415 0.212091 -26.2756
0.0449382 0.160534 -13.9475
0.00393552 0.0923536 21.2799
-0.0397951 0.0235913 43.6949
-0.259531 0.042122 140.575
0.0137012 0.079585 6.52641
-0.102081 0.141521 47.814
-0.109206 0.193883 32.933
-0.0638484 0.216241 5.70621
-0.0165001 0.233413 -21.6897
0.0285794 0.198847 -30.9297
0.00794896 0.186904 -16.5327
0.0670828 -0.141863 44.0739
0.0927922 -0.109585 19.6525
0.10459 -0.133097 20.9433
0.00887729 0.0970287 11.6855
0.00797313 0.0980554 11.9787
0.00980595 0.102586 9.30288
0 0 -1
0 0 -1
0.0674486 0.166628 -62.9007
0.0739384 0.264491 -93.6976
0.0742894 0.258935 -92.48
0.0127372 0.30654 -62.5092
0.0326685 0.266931 -64.2987
-0.00129271 0.316798 -54.2068
-0.0512164 0.220493 18.6907
-0.0584637 0.218486 25.4081
-0.0602938 0.222427 25.6387
-0.0602938 0.222427 25.6387
-0.0212441 0.868218 -254.885
0.000243904 0.267552 -43.149
-0.000125111 0.267807 -42.8835
0.0128936 -0.0945195 159.515
0.0318442 -0.030255 120.557
-5.07305e-07 0.114787 89.1473
4.41135e-07 0.114787 89.1464
-0.00159119 0.108816 92.8644
-0.00471024 0.131701 88.624
0.00232462 0.156172 72.3795
0.00270763 0.157037 71.6469
0.00579337 0.157739 67.8652
0.0122042 0.160773 59.361
0.275469 0.135361 -245.803
0.0180614 0.145978 57.3644
0.0193899 0.143754 56.4884
-0.0714291 0.0923694 32.6255
-0.0730587 0.0827192 36.1435
-0.0896743 0.0517573 48.0503
-0.106419 0.0502414 49.5412
-0.071259 0.0298919 54.0428
-0.0317319 0.0552334 41.1609
-0.108471 1.26297 -363.73
-0.0264205 0.0945199 29.8469
-0.0305247 0.0642803 41.5568
-0.0172805 0.0568303 41.4811
-0.0366021 0.0412448 51.188
-0.0543912 0.0922221 36.6887
-0.00170296 0.111284 15.9945
0.155534 -0.0638217 32.4817
0.155003 -0.178316 73.5962
0.0867781 -0.198996 102.618
0.0537768 -0.203313 115.194
0.0337599 -0.222738 129.322
-0.0850657 0.130686 44.5338
-0.0972342 0.159405 39.3464
-0.0539283 0.177761 14.189
-0.0321467 0.193847 -1.16221
-0.1141 0.121514 49.3757
-0.114 0.120224 49.7705
-0.0111667 0.119043 15.4246
-0.00864477 0.11286 16.2544
-0.00348919 0.106634 15.5679
0.00394041 0.0997349 13.6792
0.0136375 0.0965791 8.91606
0.0198695 0.104429 2.25141
0.0270095 0.116612 -6.69912
0.0310461 0.127855 -13.3897
0.0606843 0.64277 -222.663
0.0621839 0.252936 -81.1111
0.0570979 0.258541 -79.4875
0.0484423 0.281334 -80.4704
0.0624276 0.298907 -97.4689
0.0738981 0.295044 -105.09
0.139494 -0.221956 13.1341
-0.108183 0.374066 13.4666
-0.0136688 -0.00837701 78.2849
-0.00246711 0.214191 -46.8986
-0.0212441 0.868218 -254.885
-0.00249813 0.217443 -48.0391
-0.00216571 0.623604 -163.851
0.146409 0.447854 -160.115
0.15334 -0.117773 28.4811
0.000210509 -0.136068 112.428
0.0334697 -0.0171715 -1.49272
0.0336462 -0.0129081 -3.19346
0.000355645 -0.1268 108.842
-7.58669e-14 0.0399461 13.544
-7.33853e-14 0.0399461 13.544
-7.6865e-14 0.0399461 13.544
-0.000147049 -0.128209 109.936
0.018755 0.145568 56.6763
-3.17809e-13 0.0399461 13.544
-3.17809e-13 0.0399461 13.544
-0.0818589 0.0917088 32.9771
-0.0849577 0.0743211 39.5005
-0.0898895 0.0511464 48.2661
-0.0890154 0.0506242 48.3561
-0.0938354 0.0300229 56.1432
-0.0726869 0.141664 20.6199
-0.0703984 0.141028 20.5107
-0.0483908 0.100662 31.477
-0.0345021 0.0681629 40.9645
-0.0322652 0.0506353 46.9611
-0.0529674 0.0327101 57.7856
-0.0357496 0.0517848 46.3678
-0.015763 0.0727122 33.5963
0.00161043 0.0554633 35.0064
0.0625684 -0.127217 84.0483
0.0568337 -0.198677 112.472
0.0339826 -0.208198 123.964
-0.00386798 -0.224745 144.063
-0.0485702 0.107353 38.3192
-0.071436 0.148362 32.4565
-0.046682 0.177075 11.2493
-0.0342521 0.175789 6.20314
-0.0299759 0.157873 10.8042
-0.0249492 0.139694 15.0363
-0.0185393 0.12116 18.5681
-0.0128985 0.112521 18.7143
-0.00625802 0.106578 17.1707
0.00276103 0.102328 13.4607
0.0140719 0.102245 6.64498
0.0250796 0.106095 -1.65413
0.0346371 0.116821 -11.7987
0.0441901 0.132745 -24.0753
0.053898 0.188078 -51.2604
0.0588084 0.245491 -76.0104
0.062049 0.24729 -79.0632
0.0747677 0.228465 -82.1745
0.0747435 0.263648 -94.765
0.0130433 0.3084 -62.4777
0.00605157 0.340298 -68.7837
0.0235167 0.335885 -82.1877
0.0324138 0.335546 -89.7179
0.0332006 0.337403 -91.1318
0.0332006 0.337403 -91.1318
-0.00777381 -0.0670372 94.543
-0.00452222 -0.0811443 96.6945
-0.00322956 -0.0859592 97.2297
-0.00322956 -0.0859592 97.2297
0.000242551 -0.135747 112.276
0.000218753 -0.132022 110.92
0.000355645 -0.1268 108.842
0.000355645 -0.1268 108.842
0.000282051 -0.126967 108.986
0.000131627 -0.127377 109.307
-2.26291e-05 -0.127793 109.637
-0.000138698 -0.128199 109.922
-0.000199503 -0.128245 110.011
-0.000216113 -0.128268 110.04
-0.000216113 -0.128268 110.04
