0.369918 -0.190859 13.4499
-0.0171677 -0.106716 20.2904
-0.0254943 -0.0924962 20.3244
-0.0357212 -0.0389953 19.8514
-0.0250291 -0.0391191 19.047
-0.0350978 -0.0334309 19.5169
-0.024219 0.020719 16.8786
-0.0184881 0.032675 15.6245
-0.0342866 -0.142771 27.2479
-0.011114 -0.145631 22.442
-0.0605039 0.0743036 29.7375
-0.0163593 0.0451324 18.8773
0.00187576 0.0108604 15.3106
0.0026849 0.00413168 14.442
0.0642435 -0.052782 -1.75791
-0.245542 0.0257003 97.9891
-0.259527 0.0168865 102.468
0.0437778 -0.210986 -2.65768
0.0220883 -0.209354 5.67525
-0.00345972 -0.193072 16.5847
-0.0267151 -0.16616 26.299
0.0858968 -0.014267 -27.6405
-0.0652146 -0.085329 41.0826
0.104693 -0.373914 -20.0643
0.105861 -0.381383 -20.6726
-0.0205768 -0.225252 43.8353
0.00159673 -0.191713 30.5137
-0.0155146 -0.209887 42.0939
0.0329197 -0.223589 12.6216
0.0135015 -0.063085 -1.09498
0.00983997 -0.118582 23.8348
-0.000246819 0.062368 28.3998
0.00220077 0.0285075 26.9664
-0.0121392 0.111051 36.2151
-0.0996247 -0.0592549 96.0027
-0.0513132 -0.0317368 48.4102
-0.0456922 -0.0416584 44.1514
-0.0418324 -0.0382605 41.4264
-0.0458437 -0.0415578 45.5923
0 0.0338309 5.48517
-0.0254129 -0.0587514 28.3598
-0.0156093 -0.0563383 19.607
-0.00688423 -0.0495731 11.5653
-0.00612188 -0.0445515 10.7412
-0.00566419 -0.0424276 10.2525
-0.00534203 -0.0408533 9.90158
-0.00521034 -0.0384942 9.71995
-0.467746 -0.0420445 554.354
-0.00433336 -0.0300576 8.65756
-0.0367176 0.680795 43.3925
0.138306 -0.0552487 -142.215
0.160566 -0.0576314 -164.669
0.115622 0.0352313 -115.871
0.115622 0.0352313 -115.871
-0.00926627 -0.472272 38.1015
0.0041988 -0.445964 22.2373
0.00367598 -0.445086 22.8576
0.00367598 -0.445086 22.8576
0.24396 -0.189045 14.1273
0.177903 0.180415 8.79264
-0.0142662 -0.0864237 19.2831
-0.0585847 -0.0350103 21.7087
-0.0339895 -0.0745613 20.3023
-0.00440596 -0.0331011 16.4893
0.00115952 0.0102212 14.0806
-0.00981951 0.0127316 15.2076
0.0334163 -0.0625602 10.5725
-0.0353584 0.0813271 14.6022
-0.0274294 0.11856 11.2328
-0.0248129 0.0992272 11.2462
0.0281619 0.00939602 7.59174
0.0488567 0.051465 -0.708364
0.0532614 -0.0123124 2.14988
0.0111034 -0.0101181 13.4684
-0.208366 0.0191569 84.4881
0.00465179 -0.14575 11.0319
0.0197822 -0.204857 6.66954
0.0466862 -0.234152 -3.72564
-0.0229827 -0.197458 25.9446
0.010521 -0.0925649 10.3805
-0.0320612 -0.0671156 24.2964
-0.0303797 -0.045583 22.444
-0.0594822 -0.016485 35.1867
0.0981517 -0.379145 -16.7128
0.0127524 -0.189386 24.2738
0.00908371 -0.189741 26.6368
-0.01776 -0.152833 41.7451
-0.02447 -0.226655 47.8597
-0.204036 -0.788847 183.425
-0.102215 -0.161283 85.9306
0.0135243 -0.117756 6.96124
-0.0504592 -0.092994 51.2026
-0.0684064 -0.0873063 72.7209
-0.0532144 -0.0353105 50.1301
-0.044434 -0.0454321 43.6016
-0.0392222 -0.0213855 39.184
-0.0637257 0.00175042 58.9923
-0.0218078 -0.0207691 24.1288
-0.0152919 -0.0631847 19.6794
-0.00926108 -0.0556115 13.9291
-0.00904445 -0.0594092 13.8476
-0.0091807 -0.0603375 14.0119
-0.00913702 -0.0605397 13.9875
-0.00794932 -0.0567714 12.7469
-0.00488205 -0.0455684 9.44948
-0.00334779 -0.0329694 7.665
-0.00164778 -0.0170775 5.52094
-0.001682 0.0153707 5.13584
0.111045 0.0055378 -115.552
-0.0191755 0.162427 24.8511
0.0070917 0.0235268 -4.99611
-0.0252665 0.337781 24.0551
0.00815512 0.00335869 -5.93689
0.00703261 0.00280429 -4.61141
0.00805031 -0.000176437 -5.75682
-0.288517 -0.358421 471.862
0.0145858 -0.0505507 16.7402
0.00848251 -0.0775283 18.3289
0.000787039 -0.0511301 16.868
0.00510167 0.047635 7.75488
-0.0075231 -0.0654938 17.7436
0.0552149 -0.0404219 8.64477
-0.121241 -0.0513697 26.7651
0.165783 -0.00763283 -15.4244
0.0152934 -0.062138 13.8454
-0.0350619 0.0107972 19.1142
0.0133776 0.0523508 6.17705
0.0986672 0.042995 -13.8897
0.0668248 0.0112007 -2.8324
0.0550349 0.0493082 -2.72388
0.0641022 0.0460691 -4.56175
-0.0487538 0.00808543 34.3908
-0.14891 0.0136033 67.5162
-0.132813 0.061422 54.8498
-0.052665 0.061784 23.8832
0.0143664 0.0201555 -1.29819
0.00778759 0.00364144 3.02306
-0.0349131 -0.100003 27.7444
-0.0388438 -0.0318837 26.531
0.021081 -0.0143332 -6.83291
-0.0426886 0.00860731 25.1859
0.0227865 -0.0227113 -7.09922
-0.0120223 -0.13429 17.2489
-0.00404869 0.0297457 3.42301
0.0180143 -0.0350664 -4.61202
0.0242574 -0.017849 -8.38749
0.0504687 -0.0394904 -23.3377
-0.106144 -0.166975 88.8526
-0.0273301 -0.115633 35.9925
-0.0552152 -0.0945644 55.3403
-0.0205022 -0.0679382 28.442
-0.0428738 -0.0632125 43.6024
-6.98895e-05 -0.00575416 8.54156
-0.203238 0.0930464 173.621
-0.0261022 -0.0561571 29.5954
-0.0112916 -0.0580508 15.8777
0 -0.187058 17.0925
-0.0206425 -0.190121 35.7187
0.00952734 -0.200773 8.99243
0 -0.206588 18.0253
0 -0.206588 18.0253
-0.010519 -0.188096 27.4763
1.43636e-13 -0.182687 16.915
1.43636e-13 -0.182687 16.915
0 -0.206588 18.0253
0 -0.193115 17.3667
-0.0486383 0.0511809 66.0471
0.127214 0.012542 -132.917
-0.010551 -0.0103108 17.4171
-0.0237197 0.339802 22.2065
-0.0256806 0.339188 24.5575
0.00311899 0.000386301 0.161041
0.0038272 0.000560392 -0.664021
0 0.420784 -10.8086
0.0371378 -0.0542451 15.8612
0.0112928 -0.0553994 17.0524
0.00456028 -0.0567554 16.9097
-0.00153883 -0.0378568 16.1902
0.0419734 0.0290706 -1.12635
0.0473954 0.0286963 -0.803341
0.0757917 -4.66828e-06 -2.25843
0.0954979 -0.0230343 -3.11041
0.0365217 -0.0441682 9.15062
0.00889632 -0.00218559 10.8735
0.0352446 -0.0305757 7.2292
0.0938815 -0.0343751 -7.53533
0.0857328 0.0297555 -8.59851
0.0468228 0.106856 -3.12469
-0.0013341 0.0367809 16.9053
-0.142679 0.00059841 65.8763
-0.160453 -0.00279373 72.6179
-0.159043 0.0389107 67.6951
-0.102676 0.0693 43.6452
0.00137697 0.0438707 2.04505
0.0407012 0.00680537 -11.3973
-0.0130433 -0.0344353 16.2911
-0.0415786 -0.0131887 27.247
-0.0242756 -0.0147265 17.8375
0.467596 0.118913 -251.748
-0.00864549 0.0241568 6.76446
0.0171084 -0.104563 3.3658
0 0.201228 -11.2951
-0.00604526 0.334725 -16.9614
-0.0394285 0.246654 10.4881
0.0559376 -0.00937949 -28.9818
0.431916 0.00389944 -279.856
-1.64548 -0.0573967 1183.57
-0.00588905 -0.107748 19.7192
-0.0361947 -0.0785477 39.119
-0.0238306 -0.117185 31.9494
-0.0364285 -0.0642283 38.1632
-0.024154 -0.0376604 26.8027
-0.0279981 -0.0293466 29.5045
-0.0128482 -0.0318525 16.0188
-0.00921673 -0.0122522 11.3636
-0.0112188 -0.0337204 14.7889
-0.00637763 -0.012407 8.73674
0.00140331 -0.00798956 0.984874
-0.0225075 0.295032 0.971856
0.000222651 -0.0067288 2.05945
0.00154619 -0.00819708 0.882508
0.000512899 -0.0132865 2.28306
0.00650124 -0.0159849 -3.34801
6.72376e-05 0.018572 1.20817
0.00796645 0.00399033 -5.85614
0.00690884 0.00414711 -4.65964
-0.00585938 0.0688406 11.0583
-0.00401414 -0.00276664 8.48397
0.00834015 -0.0283656 -4.24093
-0.00358097 -0.0970911 14.5415
0.00314569 0.000128099 0.166348
0.00336171 0.000273992 -0.0928539
0.0398812 -0.0520774 15.6688
0.0384424 -0.0537959 15.8963
-0.62165 -0.0303897 63.9656
-0.624087 0.08274 53.5547
0.0398511 0.0454956 -1.26374
0.0135227 0.0137579 5.10879
0.0579839 -0.0113905 1.25757
0.0649577 -0.0292284 2.0836
-0.197193 -0.0203566 136.114
0.00740594 -0.0434319 14.9029
-0.0302769 -0.0755407 25.8442
-0.0497516 -0.0692261 29.6329
-0.069213 -0.0603921 33.39
-0.067225 -0.0540063 32.2169
-0.0930659 0.028697 46.4504
-0.137835 -0.00904136 64.9386
-0.154353 -0.0066807 70.221
-0.117293 -0.0235058 58.0917
-0.0987099 0.00936661 47.7548
-0.0425443 0.0237371 23.5603
0.00224273 0.00590747 6.20028
-0.0223363 -0.0251752 18.675
-0.063211 -0.0669238 43.0299
-0.020464 -0.0518861 20.0868
-0.0141766 -0.0216552 13.881
0.0104245 -0.0436978 3.09032
0.0158522 -0.000374753 -4.41135
0.020057 -0.0168159 -6.46998
0.00926413 0.0026157 -1.57513
0.0252247 -0.0221806 -9.29767
-0.0144245 0.14768 4.5766
-0.000106122 0.0358559 7.74021
-0.0250478 -0.0663096 29.837
-0.142942 0.315472 76.7744
-0.0966797 0.0671875 73.8806
-0.025434 -0.0438917 26.4953
-0.0327535 -0.0702026 35.2072
-0.00577038 -0.0557457 12.9741
-0.000827364 -0.0222692 4.94382
0.00354878 -0.0190445 1.1131
-0.0119623 -0.0199316 14.7426
-0.0145926 -0.0113612 16.261
-0.0344255 -0.182129 53.0445
-0.000535778 -0.189395 22.798
-0.0159498 -0.19895 38.542
-0.00373643 -0.00400797 6.35622
-0.00250123 -0.188294 24.6997
-0.00149559 -0.188805 23.7672
0.0214338 -0.203859 1.15889
0.018518 -0.336758 20.5061
-0.00128111 0.0243742 2.85099
-0.0866897 0.0684853 101.278
-0.0135483 0.0951324 17.9158
0 0.0781986 4.08619
-0.023812 -0.300172 65.8187
0 0.0227518 9.05231
0.10151 -0.175051 -90.6979
0.0950658 0.287404 -132.002
-0.1112 -0.054007 33.7649
-0.111841 -0.0828181 37.2842
-0.116454 -0.116728 41.6681
0.199463 -0.0930317 18.6808
0.0205916 0.0278829 2.55571
0.00353265 0.00725949 6.78121
-0.00199534 -0.0201088 10.475
-0.153423 -0.000794008 126.017
-0.163549 -0.00741416 128.788
-0.0394216 -0.0686344 26.8988
-0.0304476 -0.0700847 24.7323
-0.0489541 -0.0675697 29.0003
-0.0981144 0.00936087 89.3012
-0.076722 -0.010147 86.0134
-0.146148 0.00842227 65.6056
-0.170758 -0.0724749 82.465
-0.128447 -0.0641917 66.8023
-0.0999775 -0.054642 54.9987
-0.0585566 -0.0491303 37.6253
-0.0550905 -0.0462195 35.8368
-0.0502395 -0.0571506 34.3744
-0.0147393 -0.016866 12.9665
-0.0225661 -0.0191646 17.6845
-0.00929632 -0.0386451 11.9571
0.00933121 -0.0321373 1.27974
0.100911 -0.143002 -34.4579
-0.00391889 -0.0460272 11.369
0.00783773 -0.0300974 2.48427
0.0167813 -0.0453659 -1.59671
-0.00199018 -0.0221495 7.58919
0.032074 -0.0510431 -10.8074
-0.00393197 -0.0596879 13.1682
-0.144654 -0.436115 159.486
-0.0120597 -0.0561132 18.4254
-0.0117781 -0.0229657 14.2072
-0.0298549 -0.0509845 31.4236
-0.0106682 -0.00866581 11.6549
-0.0059036 -0.0095766 7.92147
-0.00770109 -0.0125835 10.2513
-0.00723007 -0.0134968 9.67293
0.00222388 -0.0188976 2.2284
0.000331738 -0.0137165 3.5065
-0.00764277 0.107658 -2.3729
-0.0061451 -0.00616572 8.68799
-0.0049463 -0.00315044 7.40664
-0.00212383 -0.000267082 4.46795
-0.0352262 0.212734 31.0454
-0.00278179 0.113608 -7.15516
0.00515576 0.0703838 -10.5837
0.0980439 -0.150581 -44.8787
-0.470478 0.330795 671.203
0.0252034 0.0321181 -14.0411
0 0.324254 -22.2549
0.0309398 0.314876 -56.7305
0 0.317866 -21.582
0.00085146 -0.55773 86.163
0.130069 0.0627399 -144.012
0 0.250095 -13.7144
-0.134569 -0.0411007 32.2615
-0.131737 -0.0799994 37.5701
-0.149079 -0.135323 46.1294
0.254161 -0.0851457 13.4343
-0.150914 0.0314365 32.2954
-0.173587 0.0660989 29.7205
-0.162795 0.0854888 25.1571
-0.154154 -0.00451706 126.734
-0.151861 -0.00886349 126.967
-0.0475094 1.09963 -122.691
-0.107038 -0.00865475 94.1347
-0.108188 -0.00407373 93.7768
-0.0661122 -0.00984487 82.7793
-0.112776 -0.00107631 94.6655
-0.236131 0.00589441 94.8556
-0.334651 -0.116592 143.384
-0.0686968 -0.0737277 45.9819
-0.0965626 -0.0432324 51.5753
-0.0534856 -0.0164264 29.2185
-0.0510152 -0.0409629 32.678
-0.0263232 0.0089154 14.833
-0.0205601 0.0119461 11.9855
-0.0387505 -0.00751211 23.8618
-0.00954327 -0.0118939 8.76711
-0.00666514 -0.0260694 9.6815
0.0126557 -0.0304366 -0.354227
-0.00325802 -0.0302691 8.95342
0.00972425 -0.0295856 1.21404
0.00788069 -0.0275672 2.25506
-0.00330181 -0.0256505 8.77896
-0.0124507 0.014921 9.91171
0.000223458 -0.0396417 7.71304
-0.00548521 -0.046122 12.0364
0.00252866 -0.0238558 3.83142
0.00181696 -0.0168975 3.35796
-0.00112126 -0.0118586 4.37463
-0.00648149 -0.0132538 8.84542
-0.0101886 -0.019492 12.8303
-0.00578584 -0.0107421 8.09227
0.010525 -0.000876809 -7.07613
-0.00041946 -0.00258524 3.23613
-0.0100921 -0.0131494 12.2617
-0.00839361 -0.107547 24.834
-0.0132577 -0.117348 31.0638
0.0188459 -0.0462306 -9.98815
0.142369 0.137919 -154.606
-0.0185298 0.0285617 19.9727
0.00710897 0.00644767 -5.06399
-0.113374 0.274275 89.1064
0.0824142 0.226952 -111.19
0.00781431 0.00484434 -5.53364
0.022678 -0.0159521 -19.2723
-0.00373039 -0.0116462 9.11265
0.0569392 -0.130297 -35.786
-0.00217717 -0.0150485 7.42719
-0.000860661 0.0321157 0.724861
-0.331457 0.0498836 414.941
0.0132844 0.0316569 -4.80495
-0.138405 -0.0139058 28.2218
-0.142409 0.00972711 24.4274
-0.201962 -0.0937932 42.3844
-0.171418 -0.127027 45.7385
-0.171418 -0.127027 45.7385
-0.172141 0.0631238 29.9486
-0.194823 0.0635771 32.8277
-0.190576 0.0702599 31.3155
-0.121596 -0.0149524 122.41
-0.309999 -0.0719762 87.5978
-0.105449 -0.0091034 93.8339
-0.104488 -0.00840834 93.4865
-0.100029 -0.0143625 93.253
-0.102485 -0.000245685 91.6348
-0.221238 0.00447239 90.2009
-0.0119727 -0.00648932 14.5336
-0.0011522 -0.0899079 23.442
-0.0302816 -0.031486 25.5986
-0.0554597 0.0152859 26.5121
-0.0218877 0.0238063 10.9564
-0.0190626 0.0301918 8.73621
-0.0297119 0.0266201 14.203
-0.0326049 0.00837352 18.5871
-0.033892 -0.00848044 21.0461
-0.0122885 0.00284229 8.30523
-0.00429313 -0.026012 8.1754
0.00801323 -0.0182132 0.0289639
0.0114356 -0.0262029 -0.95795
0.0189303 -0.00940596 -7.86748
-0.00949596 0.0211117 5.40808
-0.0247438 -0.0159023 21.5702
-0.0929229 -0.231458 102.61
-0.00520127 -0.0343545 10.482
0.00163833 -0.033017 5.60299
7.44632e-05 -0.025155 5.42025
0.242523 -0.0713959 -175.045
-0.00487343 -0.00596075 6.43688
0.00753235 0.00301444 -4.81804
0.0145687 0.038864 -16.2253
-0.00362226 -0.0122763 6.18508
-0.0171944 -0.00608106 18.6487
0.00623542 0.00458765 -3.22768
0.00299163 0.0253502 -2.54025
-0.0318598 -0.0234985 32.3574
0.00489876 0.000384577 -1.62358
-0.00702282 0.0020413 11.5158
0.00716159 0.00946492 -5.58026
0.00631665 0.0069818 -4.23604
0.000416876 0.020824 0.74582
-8.77993e-05 0.0158335 1.43297
0.00548362 0.0181451 -4.4329
0.0117383 -0.0149643 -7.5695
-0.000261701 0.000529953 4.20449
-0.00322455 0.00157529 6.29869
0 -0.0412088 11.3664
0.574716 0.00975917 -680.521
0.0540073 -0.136321 -30.9798
0.00584567 -0.158304 30.9073
-0.108276 -0.000363617 25.651
-0.107493 0.0219281 21.5836
-0.107616 0.0224874 21.7617
-0.0768336 0.0597783 30.5751
-0.0877516 0.066659 30.0166
-0.126705 0.0535837 25.7012
-0.167497 0.0593845 30.3915
-0.0359752 0.0159803 102.592
0.131834 -0.0199039 -5.72849
-0.314652 -0.0733428 88.8454
0 0 -1
0.0243853 0.0982317 -7.05698
0.0261243 0.0888809 -5.73528
-0.104076 -0.00132937 92.2842
-0.182454 0.000533583 78.7935
-0.494818 0.0164321 178.391
0 0.201172 68.3926
-0.0273191 -0.0192686 22.5008
-0.0355862 -0.00530624 23.2148
-0.0476436 0.0792228 12.4628
-0.0406105 0.060391 12.9321
-0.0459579 0.0153444 24.0861
-0.0544321 0.0434903 23.126
-0.0358814 -0.000575602 21.2614
-0.102532 0.0296818 69.3012
-0.00497069 0.0178922 1.54789
0.0365215 0.271957 -66.3438
0.0504442 0.0361354 -25.1538
0.010355 0.00667506 5.64268
0.0186317 0.133976 -32.1378
-0.14931 0.0163163 104.464
-0.0474724 0.0665573 22.6769
-0.0483288 0.13717 10.5778
0.00151442 0.0232221 -4.02976
-0.0603619 0.234237 1.12992
-0.00416452 0.0157843 1.66691
-0.443611 -0.00321818 346.291
-0.00531802 0.00902132 7.13763
-0.04602 0.112164 19.7381
0.00414566 0.0138351 -2.48638
0.0162914 -0.00692525 -8.67608
0.00499382 0.0126384 -5.32935
0.00513011 -0.00128123 -1.08591
-0.0124691 0.0278051 14.1013
-0.0894411 0.323838 50.3605
-0.0101239 0.0597032 19.6888
0 -0.164861 31.7537
0.0432886 -0.222374 -1.453
0.00626756 0.341874 -50.527
-0.00228782 0.0346643 1.33825
-0.0067453 0.0347687 5.95562
0.00397731 -0.00570174 -0.660723
0.00068524 -0.00474507 2.96366
0 -0.0826024 20.3011
0 -0.0678442 17.629
0.0308025 -0.143084 -1.93919
0.0549507 -0.13405 -33.0008
-0.186038 -0.109197 365.616
-4.72465e-14 -0.0320446 47.4094
0.710051 0.0833748 -7.49675
-0.0779604 0.0930527 23.6611
-0.0826731 0.0843561 25.7452
-0.085401 0.077062 27.6398
-0.096222 0.0781168 28.5324
-0.096222 0.0781168 28.5324
-0.0463693 0.0145082 104.632
-0.0297897 0.00836492 103.087
-0.024867 0.00605293 102.617
-0.0233597 0.00626013 102.259
-0.0233597 0.00626013 102.259
-0.503638 0.0686226 299.512
-0.236792 0.131817 200.529
-0.245919 0.127835 203.757
0.14864 -0.640139 230.193
-0.808316 0.373361 366.411
-0.443882 0.415206 224.921
-0.0163853 -0.328978 180.724
0.0260241 0.584268 -116.57
0.0722371 0.505007 -121.195
0.00461162 0.233214 -34.0339
-0.00284472 0.210966 -26.5581
-0.124785 -0.0108847 88.9782
-0.144359 0.00430769 96.5619
-0.0595053 0.24014 -3.73762
-0.0219905 0.199356 -17.3337
-0.00520765 0.206004 -27.8241
0.0138134 0.0654267 -9.18442
-0.0158329 0.264358 -35.6118
-0.0380968 0.208937 -8.2468
-0.105213 0.188 40.0085
-0.0716287 0.163232 22.323
-0.0254192 0.114318 -0.896005
-0.00971215 0.0949083 -8.34483
-0.00465231 0.0176029 1.90237
-0.0603412 0.0816197 33.7946
-0.0517426 0.0828275 26.6663
-0.0456214 0.136975 10.0832
0.0148175 0.0375135 -18.6128
0.0214288 0.0194092 -20.8554
0.024845 0.0595867 -31.9521
0.104612 0.0465988 -100.75
-0.010501 0.0272305 12.593
0.00236388 -0.0517765 16.1873
-0.0110051 0.0245844 13.7681
-0.00885731 0.00829792 13.8006
-0.00597743 0.00929972 11.4024
0.0212815 -0.0281265 -10.1404
0.0151232 0.0425921 -17.275
-0.00141448 0.0318756 1.39618
0.193043 0.165462 -248.705
0.00131421 0.0354862 -2.82841
0.00430216 0.0327348 -5.54757
0.000614372 0.0246573 -0.0496873
0.141275 0.153397 -185.586
0.166597 0.160282 -216.82
0.0278596 0.0778514 63.002
-4.62107e-14 -0.0320446 47.4094
0.685779 0.065686 -2.98252
-0.0917886 0.0383729 36.8404
-0.0721384 0.090798 23.8855
-0.0967368 0.094727 25.3694
0.0315934 0.194349 -29.3666
0.0322697 0.194707 -29.5352
0.0314985 0.19298 -28.8934
0.0818758 -0.272795 63.1359
0.014072 0.192391 -25.6169
-0.520639 0.0890407 299.596
-0.512699 0.0916974 297.029
-0.521049 0.0768537 302.304
-0.247047 0.129659 203.839
-0.043466 -0.184688 182.454
0.000324732 -0.217284 151.455
0 0 -1
0.0418964 -0.0825944 105.944
0.0311451 0.00496572 90.2242
0.0465929 -0.0323311 92.5646
-0.0650673 0.17196 10.9473
-0.0377723 0.190063 -5.17372
-0.00151404 0.207134 -26.4454
-0.0124863 0.204371 -19.4364
-0.108262 0.0472355 66.8827
-0.0761846 0.208696 11.9996
-0.0269311 0.220847 -18.2823
0.00976997 0.213024 -38.0575
0.000747336 0.289304 -50.4809
-0.00338339 0.28329 -46.9179
-0.0233854 0.265495 -29.9845
-0.0743152 0.26156 4.91656
-0.0789885 0.197977 20.9365
-0.0436061 0.16328 2.84775
-0.0399282 0.13459 6.81467
-0.0335997 0.061498 17.9683
-0.0809758 0.0687713 53.0391
-0.048117 0.0803054 24.7228
0.00655084 0.027578 -6.54261
0.0120581 0.00478471 -8.57506
0.00426878 -0.0139773 2.51616
0.0246791 0.0566502 -31.1388
-0.0134513 0.0377442 11.7162
0.101613 0.179293 -125.574
0.133009 0.27588 -176.973
0.123718 0.239661 -160.093
0.00557664 -0.0328088 7.19803
6.86191e-05 -0.27826 80.705
-0.00634057 0.0956016 -7.48467
0.00198477 -0.0161522 6.48131
0.568523 0.210634 -656.124
0.0373326 -0.00567025 -24.004
0.00812386 0.0311197 -9.12383
-0.126654 0.0278186 146.933
-0.0176487 0.029121 29.7225
-0.022144 -0.0474102 45.1097
0.637981 0.00306333 -767.553
0 0 -1
0 0 -1
-0.0280363 -0.205667 91.8699
-0.0432294 -0.0739553 59.7728
0.26525 0.818353 -179.437
0 0 -1
0 0 -1
0.0296298 0.19615 -29.533
0.0302452 0.198521 -30.2078
0.021918 0.192756 -27.233
0.0141015 0.192484 -25.6438
0.0060796 0.194694 -24.4883
-0.000129008 0.192787 -22.5476
-0.00250104 0.192409 -21.8547
-0.00333118 0.192199 -21.5771
-0.00333118 0.192199 -21.5771
0.439504 -0.149057 23.1345
-0.0556034 0.00126059 68.6719
-0.0526984 -0.00434943 69.0769
0.04426 -0.0180498 90.2418
-0.0135362 0.233048 -26.1671
-0.0397728 0.204611 -7.79692
-0.0243613 0.232917 -21.6895
-0.0106103 0.234817 -28.4298
-0.00129181 0.20732 -25.8652
-0.0480653 0.194092 1.36047
-0.070791 0.17076 17.6666
-0.00406718 0.20281 -26.8263
0.0254469 0.197021 -42.8683
0.0485203 0.231738 -65.4582
0.0123444 0.277833 -54.6558
0.0212128 0.281739 -62.7522
0.0560765 0.30451 -91.8513
0.0970946 0.200877 -93.1166
0.11307 0.176096 -97.7566
-0.0691195 0.0921391 38.2023
-0.0641444 0.0766989 37.9444
-0.0460162 0.0433004 31.0682
-0.029718 0.0121368 36.2424
0 0.244302 -45.2742
0.056502 0.253016 -95.5386
0.0784692 -0.195814 -6.40729
-0.0306859 0.0046364 39.5924
0.0620092 0.0754145 -59.7537
0.12238 0.241192 -159.009
0.130193 0.246935 -167.721
0.129277 0.274071 -173.028
0.0509234 0.18957 -82.3646
-0.00795469 -0.000670873 23.5154
0.075303 -0.276613 9.74523
0.000428336 0.182085 -29.4046
0.00467989 0.104829 -14.9498
-0.121709 0.0204078 146.395
0 0.0381903 6.75546
-0.0128068 -0.00588409 32.3639
0.0155622 0.0891453 -23.6407
0.0106188 0.0612121 -11.399
0.0242099 0.0613985 -28.0168
0.85269 0.0489658 -1042.86
0 -0.870156 282.859
0.0163195 -0.620851 293.8
-0.0127609 -0.891265 289.564
-0.0127609 -0.891265 289.564
-7.31574e-15 -0.604924 290.193
-7.31574e-15 -0.604924 290.193
0 -0.902736 291.727
-0.00659788 -0.0154031 56.506
0 -0.135607 87.5508
0.000765366 -0.871044 282.943
-0.192057 0.132161 57.6059
0.0379766 -0.765637 245.189
0.0379766 -0.765637 245.189
0.277369 -0.033127 52.6005
0.479648 -0.0828448 -92.7457
0.440589 -0.148498 22.636
-0.038622 -0.00865008 65.33
-0.0701033 -0.0168412 78.6699
-0.0105191 0.224487 -25.2535
-0.0109492 0.225767 -25.409
-0.0100073 0.223836 -25.0785
-0.00499468 0.239035 -31.472
-0.0274916 0.25835 -25.5097
-0.0744677 0.231598 5.21185
-0.119307 0.186045 40.464
-0.058718 0.16209 13.755
0.0121817 0.16493 -26.6349
0.0665135 0.211953 -71.3489
0.0508931 0.252899 -72.5585
0.00790042 0.291119 -55.2647
-0.101288 -0.172571 135.14
0.0360578 0.26727 -68.5239
0.0547769 0.246686 -75.6194
0.0440339 0.235926 -65.3962
0.0410503 0.275992 -73.8864
0.0102284 -0.187874 60.8618
0.0102284 -0.187874 60.8618
0.0102284 -0.187874 60.8618
0 -0.20665 74.025
-0.00770226 -0.123758 58.8218
-0.0127492 -0.164506 74.0855
-0.00228846 -0.20512 75.6764
0.0390596 -0.224401 42.7339
0.00201026 -0.128641 51.6329
0 -0.129386 53.7085
-0.00356428 -0.133924 58.4004
0.00503088 0.0587589 -0.660311
-0.0313747 -0.0184799 56.2621
0.0268737 -0.0194108 -5.68483
-0.263494 -0.151196 338.45
0 0.343031 -74.2746
-0.181276 0.271245 145.433
0 0.254043 -51.6232
-0.124106 0.260361 90.1747
0.030371 -0.00451259 -20.5544
0.296875 -0.308594 -259.992
0.0267853 0.055084 -29.5295
0.0317242 0.0591422 -36.5765
0.0024761 -0.653461 367.567
0.00245328 -0.653463 367.569
0.00228697 -0.653467 367.579
0.00192822 -0.653473 367.605
0.00140356 -0.653483 367.654
0.000768292 -0.653498 367.727
0.00013496 -0.653514 367.813
-0.000481737 -0.653657 367.948
-0.000998163 -0.653608 368.022
-0.00137256 -0.653629 368.1
-0.00165347 -0.653505 368.123
-0.00176804 -0.65348 368.142
-0.00181171 -0.653483 368.154
-0.00181171 -0.653483 368.154
0.503908 -0.0853768 -99.8748
0.0778195 -0.222207 215.324
0.000626856 -0.0161493 53.2921
-0.0696927 0.00211602 73.5826
-0.00953851 0.224462 -25.6512
-0.00545894 0.222641 -26.836
0.00907485 0.213078 -30.4691
0.0228823 0.228963 -41.3545
-0.0227709 0.264783 -29.5741
-0.0999926 0.248335 13.3934
-0.142114 0.191929 50.5243
-0.0225857 0.182107 -12.4054
-0.0231898 0.151086 -2.74055
0.139491 0.0332093 -50.6286
0.0617064 0.242068 -76.3783
0.0254017 0.22741 -49.1283
0.00169259 0.201084 -26.5877
0.0393232 0.211821 -55.094
0.0627976 0.199232 -67.6774
0.0586472 0.237901 -75.9233
0.0642753 0.283202 -93.1888
0.0763746 0.288533 -103.484
0.0710636 0.289637 -99.7163
0.0710636 0.289637 -99.7163
-0.0350096 -0.289915 145.644
0.0782871 -0.315784 56.797
0.0443811 0.571649 -167.777
0.0145498 0.562988 -139.321
0.0193546 0.581957 -149.564
0.0278358 0.549169 -148.35
-0.0877443 0.281757 29.5192
-0.215495 -0.0699219 257.925
0.100505 -0.047041 -64.3695
0 0.0718936 -1.13151
-0.146351 0.118412 137.535
0.0354603 0.557976 -162.743
-0.0186467 0.564353 -106.398
-0.0625 -0.0859375 108.354
0 0.51548 -112.449
0 0.282506 -46.4791
-0.0299742 0.594358 -100.158
-0.0191181 0.61394 -118.243
-0.0536644 0.487094 -39.2071
0.0204038 0.231486 -57.2017
0.000710231 -0.109703 73.4033
0.000723069 -0.109686 73.3969
0.000862659 -0.109653 73.3792
0.00120711 -0.109607 73.3408
0.0017794 -0.10955 73.2722
0.00258052 -0.109485 73.1642
0.00351138 -0.109416 73.0213
0.00457476 -0.109344 72.8385
0.00565473 -0.109135 72.5874
0.00663362 -0.109466 72.502
0.00742728 -0.10915 72.2348
0.00786436 -0.109301 72.1805
0.00804066 -0.109308 72.1383
0.00804066 -0.109308 72.1383
0.310156 1.28047 -472.775
0.49136 -0.0482696 -107.095
0.0224143 -0.0189686 46.3661
-0.011162 0.042563 40.2033
-0.0384147 0.198209 1.62423
-0.0256374 0.184696 0.835148
0.0377659 0.202574 -40.3055
0.0326976 0.0697851 14.1394
0.00869099 0.255163 -42.0894
0.43342 0.308486 -269.466
-0.00864538 0.0269613 47.5974
0.0371329 0.656842 -182.452
0 0 -1
0.176899 0.0243642 -69.8946
0.177679 0.000840886 -62.6467
0.121365 0.134801 -70.1488
-0.00108449 0.170483 -15.9267
0.0225435 0.16688 -30.7056
0.0769811 0.171515 -69.5838
0.0926051 0.287188 -114.852
0.0780523 0.28835 -104.809
0.0984705 0.265951 -113.315
0.100711 0.104448 -60.154
0.0517971 0.095806 -17.1641
0.0711813 0.0506801 -18.5914
0.316406 -0.365885 -87.9466
0.0456364 -0.81661 235.417
0 -0.734754 249.215
0 -0.79286 267.743
0 -0.845355 284.169
0.0859375 -0.0849609 -29.2891
0 -0.693799 236.491
0.00853019 -0.659733 217.032
0.051932 -0.736033 196.251
-0.157258 0.112567 150.733
0.0281117 -0.0143303 -12.2024
0 0.126354 -25.3384
-0.0720107 -0.0386486 105.316
0.0213154 0.0115011 -14.3996
0.0372365 0.00423972 -30.9623
0.0960764 -0.126966 -30.8457
0 0.0877314 15.8193
-0.00814433 -0.0431497 65.7727
0 0.0877314 15.8193
0.00123881 0.0361036 93.6708
0.00129175 0.0359672 93.715
0.00145278 0.0357206 93.7902
0.00174894 0.0353451 93.8961
0.00222381 0.0347961 94.0384
0.00295126 0.034093 94.1944
0.00382852 0.0345237 93.9396
-0.00205423 -0.0454325 69.6118
-0.00231642 -0.0450719 69.5398
-0.0015897 0.129145 12.5451
-0.00254141 -0.0451092 69.5979
-0.0673302 -0.315538 236.153
0.1089 -1.00508 418.88
0.036561 0.0977562 6.70652
0.0412851 0.0934838 6.66204
0.0550971 0.110839 -3.64212
0.0513998 0.323729 -72.703
-0.0229801 0.263268 -25.8345
-0.0465391 0.205843 3.04777
-0.0484179 0.171337 14.9832
0.0103671 0.0799358 20.6782
-0.012081 0.0534921 39.6662
0.100441 -0.252871 78.01
-0.00891441 0.0129082 52.7606
-0.021712 0.0246455 55.2137
2.06925 -0.0705345 -1133.13
2.06692 -0.0696074 -1132.09
0.167721 0.0147712 -61.2197
0.166912 0.00544322 -57.7035
0.160724 0.00060345 -52.2092
0.00324322 0.155515 -14.0914
0.0107568 0.1596 -20.6807
0.0511602 0.132603 -39.66
0.0435216 0.304938 -83.8254
0.040798 0.276703 -72.5292
0.0669831 0.268044 -89.3029
0.0906879 0.205952 -86.7352
0.0789924 0.0975506 -40.3878
0.0548057 0.091825 -18.4096
0.120313 -0.090625 -13.8484
0 -0.110346 48.8982
-0.00011352 -0.110583 49.0773
0 -0.110346 48.8982
0 -0.110346 48.8982
0 -0.110346 48.8982
0 -0.110346 48.8982
0 -0.110346 48.8982
0 -0.110346 48.8982
0 -0.110346 48.8982
0 -0.110346 48.8982
-0.0607504 0.198453 38.4605
-0.0519811 -0.0388909 83.1734
0 -0.0766809 37.951
0 -0.0766809 37.951
0 -0.0766809 37.951
0 -0.0766809 37.951
0 -0.0766809 37.951
-0.000860661 0.0321157 0.724861
0.00115618 0.0360764 93.681
0.00114642 0.0359456 93.7271
0.00120314 0.0357055 93.809
0.00136369 0.0353356 93.9289
0.0015801 0.0347844 94.1054
0.00176446 0.0340177 94.3578
0.00195383 0.0338865 94.376
-0.00188398 -0.04528 69.533
-0.00208902 -0.0450853 69.5014
-0.00243101 -0.0450202 69.5445
-0.00262268 -0.0450829 69.6071
-0.00258515 -0.0450996 69.6045
0.00382514 -0.0139448 56.9329
0.0307228 0.0962696 8.92373
0.0291729 0.0896478 11.7387
0.0284149 0.0787269 15.8225
0.0213551 0.0467652 29.5543
-0.0927912 0.263637 1.22686
-0.063989 0.211289 7.99636
-0.0620974 0.145398 29.5413
-0.0322523 0.105221 30.8538
-0.0319992 0.057489 47.2526
-0.0144214 0.0294826 48.9712
-0.0164836 0.000589799 60.6467
-0.0360193 0.00768164 68.2627
-0.0368877 0.0208944 63.7769
0.0638647 0.133329 -34.8452
0.0306305 0.183537 -32.8809
0.0647243 0.134915 -35.9329
-0.101738 0.0438118 112.28
-0.101794 0.0431272 112.56
0.430183 0.0430143 -243.558
0.0285495 0.310654 -74.7622
0.0199048 0.312063 -69.1073
0.0221966 0.290735 -63.465
0.0324843 0.250542 -56.927
0.0569652 0.15519 -42.4634
0.0577119 0.150635 -41.5391
0.0595615 0.0911493 -22.3704
0 0.153115 -12.3872
0 0.409492 -128.709
0.00346288 0.0940431 5.09432
-0.00509196 0.391091 -117.529
0.00975588 0.381449 -127.989
0.00483621 0.392872 -127.564
-0.00909574 0.371796 -106.472
0 0.153115 -12.3872
0.0140104 0.403669 -141.043
-0.324768 0.228735 273.814
0 0.0683594 17.1443
0.0474534 0.16118 -66.6799
-0.143913 0.168367 140.513
0.0106192 0.120555 -14.4345
0.00633247 0.263904 -59.7534
0.0140874 0.195812 -45.2543
-0.0109815 0.102753 16.9128
0.020076 0.248171 -71.7746
0.020076 0.248171 -71.7746
-0.00337665 0.0736681 36.3258
-0.00343543 0.0756787 35.5816
-0.00346947 0.0796351 34.1148
-0.00317137 0.0854425 31.9384
-0.0021016 0.0929792 29.0454
0.000304051 0.102099 25.3954
0.00423694 0.112637 20.9705
0.0101406 0.124408 15.7095
0.0174311 0.137216 9.70191
0.0250036 0.150856 3.19046
0.0311032 0.165114 -3.3828
0.0335629 0.179775 -9.35278
0.0290219 0.186133 -10.4461
0.0146042 0.210645 -15.3991
-0.00943181 0.215192 -9.73497
-0.046463 0.219762 0.666202
-0.0948309 0.181999 31.5328
-0.115107 0.183633 38.1078
-0.127719 0.176516 45.6025
-0.104178 0.135514 50.7349
-0.0714164 0.109322 46.5252
-0.0543728 0.074509 51.6305
-0.034051 0.0398085 54.8541
-0.0263271 0.00280723 64.8212
-0.0330992 0.0100772 65.7258
-0.0347214 0.0206962 62.6649
0.065572 0.135692 -36.6588
0.0653004 0.134469 -36.0336
0.0701886 0.143111 -42.1765
0.0758957 0.182812 -60.4122
0.0751538 0.222783 -74.6842
0.0663673 0.262896 -83.6017
0.0480051 0.303038 -85.712
0.0276226 0.317799 -76.6165
0.00618109 0.316436 -60.5367
0.0234956 0.275521 -58.9604
0.0143552 0.241439 -39.5131
0.0479588 0.130397 -25.9728
0.0519807 0.101144 -19.2057
0 0.0816406 31.0938
0 0.322266 -63.6211
0 0.322266 -63.6211
0 0.0816406 31.0938
0 0.0816406 31.0938
0 0.0816406 31.0938
0 0.322266 -63.6211
0 0.0816406 31.0938
0 0.322266 -63.6211
0 0.0816406 31.0938
0 0.0816406 31.0938
0 0.322266 -63.6211
0 1.10674 -351.862
1.26826e-06 0.0816406 31.0923
0 1.18439 -381.676
0 0.0816406 31.0938
-1.10284e-06 0.0816406 31.0951
-1.10284e-06 0.0816406 31.0951
0 0.322266 -63.6211
