0 1 3
1 2 3
2 3 3
3 5 3
5 6 3
6 7 3
7 8 3
8 9 1
9 10 3
10 11 3
11 12 3
12 13 3
13 72 1
15 72 1
15 16 3
16 17 3
17 19 3
19 20 3
20 21 3
21 22 3
22 23 3
23 25 0
25 26 1
26 27 3
27 28 3
28 30 3
30 31 3
31 33 0
33 92 3
92 94 3
36 94 3
36 96 3
40 96 3
40 41 3
41 42 1
42 100 0
42 101 0
101 280 3
106 280 3
106 108 3
108 110 3
110 111 3
56 111 3
56 112 3
30 87 3
28 87 3
23 82 3
25 82 1
7 65 3
5 62 3
3 62 3
31 149 0
33 149 3
6 65 3
9 67 0
11 69 3
12 69 3
17 75 3
17 76 3
19 76 3
40 98 3
41 98 3
0 59 3
1 59 3
2 60 3
8 67 3
16 75 3
21 79 3
22 79 3
20 78 3
21 78 3
26 83 0
96 98 3
1 60 3
2 61 3
3 61 3
5 63 3
10 67 0
15 73 3
16 133 3
25 83 3
27 83 0
41 100 3
0 58 3
58 59 3
62 63 3
100 101 3
59 60 3
13 71 3
72 73 3
22 81 3
23 81 3
30 148 0
31 148 0
60 61 3
10 69 3
12 71 3
75 133 3
83 84 1
27 84 3
28 84 3
30 201 0
61 62 3
5 65 2
15 133 3
78 79 3
201 205 3
81 82 3
87 201 0
92 149 3
19 135 2
148 149 3
96 97 3
63 122 3
73 133 3
75 76 3
76 135 3
20 135 3
84 87 3
36 97 3
63 65 3
71 72 1
79 81 3
82 83 0
97 98 3
98 100 3
108 338 3
65 122 2
67 69 3
94 152 3
106 338 3
110 338 3
78 135 3
148 201 3
94 151 3
36 152 3
8 125 3
106 107 3
67 125 3
69 71 3
111 112 3
73 131 3
151 152 3
107 338 3
8 124 3
67 126 3
71 129 3
72 129 2
72 130 3
72 131 3
107 280 3
110 226 3
87 205 0
111 226 3
7 124 3
84 142 0
92 150 3
124 125 3
69 127 3
75 134 3
76 134 3
83 142 3
149 150 3
94 150 3
36 154 3
98 99 3
111 344 3
112 344 3
71 127 3
129 130 2
130 131 3
78 136 3
79 138 3
84 204 0
87 204 0
97 154 3
99 100 3
63 121 3
65 124 3
125 126 3
67 127 3
135 136 3
81 138 3
81 139 3
121 122 2
82 139 3
59 117 3
60 117 3
132 133 3
97 99 3
59 116 2
62 120 3
63 120 3
126 127 3
127 186 3
82 140 3
83 141 3
61 120 3
127 129 3
139 140 3
83 140 3
84 317 0
204 205 3
152 154 3
58 116 2
60 119 2
61 119 2
122 124 1
129 186 3
79 136 3
142 317 3
204 317 3
73 132 3
131 132 3
134 135 3
79 195 3
138 139 3
141 142 3
116 117 3
120 121 3
133 134 3
140 141 3
149 206 3
136 195 3
148 206 3
99 154 3
117 119 0
99 216 3
100 216 3
150 151 3
110 228 3
152 210 3
154 210 3
100 449 3
101 449 3
228 338 3
116 174 3
124 181 0
138 195 3
149 207 3
159 449 3
119 120 1
206 207 3
99 214 3
280 338 3
121 180 2
122 181 2
154 155 1
214 216 3
226 228 3
122 180 2
280 449 3
216 449 3
117 176 3
134 192 3
201 206 3
150 207 3
119 176 1
124 182 0
124 183 0
133 192 3
151 210 3
121 179 2
125 183 3
126 184 3
129 188 2
130 188 3
278 280 3
278 338 3
226 344 3
120 179 0
179 180 3
180 181 3
182 183 3
127 184 3
127 185 3
132 191 3
99 155 1
181 182 3
125 184 3
185 186 3
131 188 3
151 208 3
120 178 0
129 187 3
131 189 3
132 189 3
140 198 3
141 199 3
150 208 3
155 214 0
119 178 1
133 191 3
136 194 3
141 198 3
187 188 3
188 189 3
191 192 3
194 195 3
139 197 3
207 208 3
154 271 3
116 175 3
117 175 3
140 197 3
210 271 3
155 272 0
174 175 3
175 176 3
184 185 3
136 251 3
138 197 3
198 199 3
214 272 3
338 559 3
112 288 3
183 184 3
135 251 3
194 251 3
142 199 3
228 559 3
288 344 3
119 177 1
135 192 3
197 198 3
199 317 3
204 319 3
205 319 3
151 267 3
178 179 3
208 267 3
210 267 3
225 228 0
176 177 0
154 272 3
210 268 3
225 340 0
228 340 3
132 248 3
138 254 3
201 264 3
267 268 3
177 178 3
189 248 3
195 254 3
197 254 3
145 317 3
201 319 3
206 264 3
225 559 0
192 251 3
145 202 3
214 273 3
216 273 3
278 449 3
177 235 0
199 257 3
145 199 3
145 204 3
191 250 3
192 250 3
195 253 3
145 319 3
271 272 3
176 235 0
132 249 3
201 321 3
270 271 3
248 249 3
191 249 3
249 250 3
194 253 3
319 321 3
178 235 0
185 243 3
187 245 3
273 449 3
278 559 3
175 234 3
176 234 3
178 237 3
179 237 3
184 242 3
186 243 3
129 245 3
253 254 3
268 271 3
272 273 3
234 235 0
178 236 3
180 239 3
181 239 3
208 266 3
175 233 3
179 239 3
186 245 3
145 257 3
264 321 3
207 265 3
207 266 3
340 559 3
174 232 3
233 234 3
236 237 3
182 239 3
183 242 3
242 243 3
187 246 3
188 246 3
189 247 3
206 265 3
226 343 1
235 236 1
183 241 3
188 247 3
247 248 3
194 252 3
197 255 3
265 266 3
228 343 1
343 344 0
175 232 3
237 239 2
182 241 3
241 242 3
245 246 1
254 255 3
268 270 3
270 327 3
232 233 3
186 244 3
246 247 3
250 251 3
268 327 3
243 244 3
252 253 3
271 329 3
273 274 3
251 252 3
274 449 3
340 343 1
264 265 3
197 199 3
270 329 3
266 267 3
197 257 3
244 245 3
239 297 3
255 257 3
257 316 3
239 298 3
182 298 3
145 316 3
272 389 3
273 389 3
286 343 1
286 344 3
241 298 3
241 299 3
286 288 3
234 292 3
297 298 3
298 299 3
250 308 3
251 308 3
257 315 3
249 307 3
255 315 3
272 329 3
235 292 1
237 297 3
243 301 1
247 305 3
250 307 3
252 311 3
253 311 3
254 313 3
267 325 3
237 296 3
248 305 3
255 313 3
266 325 3
274 389 3
232 290 3
236 292 3
237 295 3
296 297 3
242 299 3
244 302 1
245 302 1
245 303 3
249 306 3
268 325 3
233 290 3
233 291 3
236 295 3
243 302 1
246 303 0
306 307 3
386 449 3
242 300 1
242 301 1
248 306 3
321 378 3
264 323 3
265 323 3
266 323 3
268 326 3
270 328 3
272 330 3
274 386 3
336 449 0
278 336 1
340 341 1
288 346 1
300 301 3
301 302 3
302 303 0
246 304 3
307 308 3
264 322 3
266 324 3
327 328 3
329 330 3
330 389 3
286 346 1
290 291 3
236 352 3
295 352 3
305 306 3
145 375 3
319 378 3
322 323 3
324 325 3
325 326 3
341 559 0
295 296 3
299 300 1
303 304 1
254 311 3
315 316 3
202 375 3
321 322 3
323 324 3
328 329 3
234 291 3
246 305 3
326 327 3
313 371 3
316 375 3
287 288 3
287 346 1
254 370 3
291 292 3
311 370 3
313 370 3
292 352 3
311 368 3
370 371 3
313 315 3
315 373 3
316 373 3
300 359 3
301 359 3
251 368 3
311 369 3
286 287 3
369 370 3
342 343 1
299 358 1
313 372 3
386 389 3
340 342 3
300 358 0
251 367 3
368 369 3
341 342 0
292 351 3
307 364 3
367 368 3
145 378 3
378 379 3
321 379 3
343 402 0
351 352 3
304 362 3
304 305 3
306 364 3
307 424 3
202 378 3
322 379 3
341 399 3
286 402 3
303 362 1
308 424 3
315 372 3
375 378 3
326 384 3
327 384 3
327 385 3
328 385 3
399 559 0
290 349 3
291 349 3
303 361 3
305 363 3
306 363 3
296 354 3
297 354 3
298 356 1
302 361 0
363 364 3
316 374 3
374 375 3
290 348 3
291 350 3
292 350 3
295 353 3
297 356 2
299 356 1
299 357 1
305 362 1
378 434 3
325 383 3
325 384 3
278 448 3
348 349 3
352 353 3
295 354 3
297 355 3
362 363 0
372 373 3
373 374 3
378 436 3
322 380 3
322 381 3
323 381 3
324 383 3
448 449 3
350 351 3
356 357 2
302 359 3
361 362 1
307 365 3
383 384 3
386 448 3
342 402 3
287 402 3
349 350 3
353 354 3
355 356 2
357 358 3
364 365 3
365 424 3
308 367 3
375 434 3
384 385 3
342 399 1
358 359 1
367 424 3
379 380 3
329 385 3
342 400 3
329 386 3
330 386 3
278 455 3
359 361 0
380 381 3
455 559 3
400 402 3
287 400 3
354 355 3
371 372 3
329 500 3
448 455 3
323 382 3
324 382 3
385 500 3
364 480 3
353 412 3
381 382 3
382 383 3
386 500 3
354 412 3
434 436 3
436 438 0
379 436 1
349 407 3
356 414 3
359 417 3
361 418 3
363 421 2
371 428 3
358 417 1
359 418 0
364 421 0
365 423 3
368 427 3
369 427 3
370 428 3
351 409 3
355 414 3
357 414 3
367 425 3
368 425 3
369 428 3
374 434 3
384 442 3
349 408 3
350 408 3
350 409 3
352 409 3
421 480 3
423 424 3
424 425 3
383 442 3
399 400 0
427 428 3
371 429 3
385 443 3
517 559 3
348 406 3
348 407 3
352 410 3
353 411 3
357 415 3
358 416 3
362 420 3
365 480 3
368 426 3
428 429 3
399 517 0
408 409 3
409 410 3
410 411 3
411 412 3
415 416 3
417 418 0
372 429 3
406 407 3
414 415 3
361 419 3
425 426 3
426 427 3
400 517 3
362 419 0
362 421 0
383 499 3
443 500 3
407 408 3
355 412 3
420 421 0
442 499 3
416 417 1
418 419 3
379 438 3
382 499 3
372 431 3
373 431 3
385 442 3
287 459 3
412 470 3
374 431 3
374 490 2
434 490 2
380 438 3
381 439 3
400 459 3
419 420 1
372 488 3
442 443 3
287 461 3
411 470 3
429 488 3
431 488 3
431 489 1
455 517 3
421 479 3
381 438 3
442 500 3
412 471 3
355 471 3
431 490 3
414 471 3
438 439 3
454 455 0
423 480 3
424 483 3
425 483 3
382 439 3
439 499 3
459 461 3
424 480 3
499 500 3
415 473 3
434 551 2
407 466 3
408 466 3
470 471 3
414 473 3
417 475 3
429 487 3
436 551 0
418 475 1
420 478 3
420 479 0
487 488 3
439 498 3
406 464 3
407 465 3
408 467 3
409 467 3
409 468 3
410 468 3
428 487 3
498 499 3
464 465 3
465 466 3
467 468 3
411 468 3
411 527 3
480 483 3
427 485 3
488 489 1
459 520 3
461 520 3
468 527 3
478 479 0
479 480 3
428 485 3
470 527 3
414 472 3
472 473 3
419 478 1
426 543 2
427 543 2
466 467 3
426 483 3
517 631 3
428 488 3
490 492 1
434 492 1
436 495 0
438 495 2
455 631 3
416 475 1
480 481 1
494 551 2
436 494 3
494 495 0
471 472 3
416 473 3
419 476 3
480 538 1
481 483 0
485 543 3
455 628 3
418 476 3
485 488 3
489 490 3
500 557 2
448 622 3
481 538 3
492 551 0
499 557 3
455 622 3
416 474 3
475 476 0
386 622 3
517 634 3
473 474 3
474 475 1
476 478 1
439 495 2
439 555 2
483 543 2
495 554 3
439 554 2
622 628 3
631 634 3
479 538 1
492 550 3
550 551 0
386 387 3
400 634 3
481 539 0
554 555 3
387 622 3
483 541 3
498 555 3
471 529 3
478 537 0
481 541 0
490 548 3
492 548 0
468 526 0
526 527 1
470 529 3
472 529 3
476 535 3
478 535 0
479 537 3
488 545 1
489 548 3
467 526 0
470 528 3
478 536 0
537 538 1
488 546 1
464 522 3
465 523 3
466 524 3
467 525 3
528 529 3
535 536 3
536 537 3
488 543 1
489 546 1
522 523 3
523 524 3
524 525 3
525 526 0
527 528 3
476 534 3
492 549 3
472 530 3
473 530 3
475 534 0
538 539 0
541 543 3
489 605 3
548 549 3
473 531 3
474 532 3
475 532 0
546 605 0
498 556 3
459 634 3
530 531 3
531 532 3
532 534 3
534 535 3
488 602 1
545 546 3
549 550 3
499 556 2
459 635 3
529 530 3
541 542 3
542 543 3
543 602 3
520 635 3
555 556 3
500 561 3
545 602 0
548 605 3
551 611 3
494 611 2
626 628 3
495 611 3
557 558 3
622 626 3
634 635 3
539 597 2
481 597 0
500 558 3
558 561 3
444 500 3
628 631 3
532 591 1
534 591 1
554 611 3
444 561 3
626 631 3
481 598 0
535 593 1
538 596 1
597 598 3
556 557 3
526 584 1
527 584 1
534 593 1
537 596 1
551 610 3
543 601 3
610 611 3
527 585 1
536 593 1
541 599 3
542 599 3
601 602 3
528 585 1
551 609 3
611 612 3
554 612 3
554 613 3
555 613 3
584 585 3
532 590 1
543 600 3
550 609 2
555 614 3
556 614 3
557 614 3
622 625 3
531 590 1
590 591 0
542 600 3
600 601 3
387 625 3
522 580 1
523 581 1
524 582 1
525 583 1
528 586 1
529 587 1
530 588 1
531 589 0
536 594 1
537 594 1
538 597 0
599 600 3
548 606 3
549 606 2
609 610 3
386 444 3
580 581 3
581 582 1
582 583 0
583 584 3
586 587 3
587 588 1
588 589 0
589 590 1
612 613 3
585 586 3
593 594 0
549 608 3
550 608 3
613 614 3
608 609 3
387 444 3
596 597 0
541 598 3
545 603 0
546 603 0
605 606 3
558 614 3
591 650 3
534 650 1
598 599 3
602 603 3
603 605 3
606 608 3
625 626 3
593 650 0
537 653 1
594 653 3
596 653 3
606 665 3
591 649 3
649 650 3
605 662 3
593 652 0
594 652 0
603 662 3
561 614 3
561 677 1
597 655 3
593 651 0
608 665 3
612 670 1
651 652 3
611 670 3
614 788 1
596 654 3
597 654 1
599 656 3
600 656 3
600 657 3
600 658 3
601 658 3
601 660 3
602 660 3
610 669 3
611 669 3
444 614 1
444 677 1
444 678 1
635 695 1
652 653 1
598 655 3
602 661 3
603 661 3
610 668 3
654 655 0
656 657 3
657 658 3
609 668 3
668 669 3
669 670 3
580 638 0
581 639 0
582 640 1
583 641 0
584 642 0
585 643 1
586 644 1
587 645 0
588 646 0
589 647 1
590 648 3
591 648 1
653 654 3
598 656 3
601 659 3
660 661 3
606 662 3
606 663 3
609 667 3
614 671 1
631 689 1
635 693 1
638 639 3
639 640 1
640 641 0
641 642 3
642 643 1
643 644 1
644 645 0
645 646 3
646 647 3
647 648 1
655 656 3
658 659 3
661 662 3
608 667 3
612 671 1
613 671 1
634 693 1
635 694 1
659 660 3
667 668 3
634 691 1
444 788 1
693 694 3
694 695 2
665 667 3
670 671 3
677 678 0
671 788 3
648 649 0
662 663 3
663 665 3
641 699 0
637 694 1
642 699 0
657 714 3
665 722 3
631 747 1
637 693 1
636 637 3
648 706 0
593 708 0
656 714 3
663 722 3
634 747 1
649 706 0
651 708 0
659 718 3
660 718 3
665 723 3
647 706 0
650 708 0
652 710 1
642 700 0
647 705 0
651 709 3
651 710 1
653 710 3
662 720 3
667 724 3
667 726 3
668 726 3
634 637 3
699 700 3
646 704 0
705 706 1
649 708 0
708 709 1
653 711 0
654 713 0
655 713 3
655 714 3
661 720 3
722 723 3
665 724 3
670 728 3
637 749 1
639 697 0
640 697 0
642 701 0
643 701 0
643 702 0
644 702 0
645 703 0
704 705 0
654 711 0
661 719 3
669 728 3
638 696 0
700 701 3
701 702 3
702 703 3
703 704 3
649 707 0
657 715 3
659 717 3
660 719 3
663 720 3
696 697 3
706 707 3
707 708 3
710 711 0
713 714 3
717 718 3
663 721 3
669 726 3
637 752 1
658 715 3
718 719 3
720 721 2
640 699 0
714 715 3
715 774 3
658 774 3
658 717 3
723 724 3
669 727 3
671 728 3
637 747 1
709 710 1
726 727 3
727 728 3
719 720 3
788 846 3
637 695 1
640 756 0
721 722 3
724 726 3
444 846 1
699 756 0
697 756 0
717 774 3
631 746 1
723 781 1
671 787 3
387 632 3
625 632 3
626 746 1
746 747 3
720 778 3
721 778 1
724 781 1
626 632 3
728 787 3
711 713 3
726 783 3
787 788 3
626 630 3
637 807 1
717 776 3
630 746 1
718 776 3
719 777 3
720 777 3
699 757 1
700 757 1
700 759 0
701 759 0
711 769 1
714 772 3
715 772 3
715 773 3
726 784 3
708 766 3
709 766 0
713 769 1
713 772 3
719 776 3
727 784 3
704 762 0
710 768 0
721 780 3
722 780 3
724 782 1
727 785 3
444 847 1
696 754 1
697 755 0
701 760 0
702 760 0
703 761 0
705 762 1
705 763 1
706 763 1
707 766 3
709 767 0
709 768 0
711 768 1
713 771 2
772 773 3
717 775 3
723 780 3
781 782 3
724 783 3
783 784 3
784 785 3
728 785 3
846 847 0
754 755 0
755 756 3
760 761 3
761 762 3
706 765 3
707 765 3
766 767 3
767 768 3
771 772 1
773 774 3
774 775 3
775 776 3
780 781 1
444 970 3
387 970 3
636 695 1
769 771 0
782 783 3
756 757 1
762 763 1
768 769 1
776 777 3
777 778 3
763 765 0
765 766 3
630 632 3
637 746 1
778 780 0
757 759 0
759 760 3
769 828 0
771 828 1
785 787 3
787 844 3
766 824 3
765 824 3
785 844 3
632 970 3
778 836 3
777 836 3
787 846 3
630 637 3
757 816 0
759 816 1
759 817 1
760 817 1
760 818 1
761 818 1
763 822 0
824 881 3
778 837 3
756 815 1
757 815 0
765 822 3
780 837 1
755 813 1
815 816 3
816 817 3
817 818 3
771 829 1
772 829 3
444 849 3
756 813 1
768 826 0
777 835 3
782 841 3
783 841 3
787 845 3
847 849 0
849 970 3
762 821 1
763 821 0
769 826 0
776 835 3
845 846 3
754 812 0
755 812 1
821 822 3
767 825 3
769 827 0
772 830 3
773 831 3
774 832 3
775 833 3
776 834 3
835 836 3
780 838 1
781 839 2
782 840 3
784 841 3
784 842 3
785 843 3
762 820 1
766 825 3
825 826 0
827 828 3
829 830 3
830 831 3
831 832 3
832 833 3
833 834 3
834 835 3
836 837 3
837 838 3
838 839 3
839 840 3
841 842 3
842 843 3
843 844 3
844 845 3
761 820 1
840 841 3
812 813 3
820 821 1
828 829 3
761 819 1
826 827 3
818 819 0
824 825 3
813 815 3
819 820 0
822 824 3
813 872 0
815 872 0
822 881 3
826 884 3
827 884 3
824 882 3
818 876 0
825 882 3
846 905 3
816 875 0
817 875 0
817 876 0
819 876 0
845 905 3
847 905 0
815 873 0
816 874 0
872 873 3
873 874 3
874 875 3
875 876 0
825 884 0
831 889 3
845 903 3
903 905 3
812 871 0
813 871 0
832 889 3
812 870 0
819 877 0
820 877 0
825 883 3
884 885 3
827 885 3
828 886 3
829 887 3
830 888 3
832 890 3
833 891 3
834 892 3
835 893 3
836 894 3
837 895 3
838 896 3
839 897 3
840 898 3
841 899 3
842 900 3
843 901 3
844 902 3
637 922 1
870 871 3
821 880 3
822 880 3
881 882 3
883 884 0
885 886 3
886 887 3
887 888 3
888 889 3
889 890 3
890 891 3
891 892 3
892 893 3
893 894 3
894 895 3
895 896 3
896 897 3
897 898 3
898 899 3
899 900 3
900 901 3
901 902 3
902 903 3
871 872 3
881 939 3
847 963 2
821 879 1
880 881 3
849 963 1
821 877 0
882 883 3
879 880 0
905 963 3
877 879 1
876 877 3
880 939 3
882 939 3
877 935 1
879 935 0
871 929 1
905 962 3
903 962 3
880 937 1
879 937 3
882 940 3
939 940 3
883 941 3
630 974 1
883 940 3
884 941 1
632 971 1
887 945 1
870 928 1
872 930 1
873 931 1
875 933 1
884 942 1
885 943 1
886 944 1
888 946 1
889 947 1
890 948 1
891 949 1
892 950 3
893 951 3
894 952 3
895 953 3
896 954 3
897 955 3
898 956 3
899 957 3
900 958 3
901 959 3
902 960 3
903 961 3
871 928 1
930 931 3
874 933 1
876 934 1
941 942 2
942 943 3
943 944 2
944 945 2
945 946 3
946 947 3
947 948 1
948 949 3
949 950 0
950 951 3
951 952 3
952 953 3
953 954 3
954 955 3
955 956 3
956 957 3
957 958 3
958 959 3
959 960 3
960 961 3
961 962 3
872 929 1
875 934 1
934 935 2
940 941 3
929 930 3
874 931 1
874 932 1
933 934 3
935 936 1
928 929 3
931 932 3
932 933 3
879 936 3
962 963 3
970 971 1
936 937 3
880 996 3
939 996 3
940 998 3
630 978 1
969 970 0
637 978 1
849 969 1
934 936 2
933 991 3
934 991 3
946 1004 3
963 1021 3
937 995 0
937 996 0
941 999 3
962 1021 3
630 1035 1
930 988 3
930 989 3
931 989 3
934 992 2
995 996 3
940 999 3
974 1032 3
929 988 3
932 990 3
933 990 3
936 992 2
997 998 3
941 1000 3
942 1000 3
943 1001 3
630 1032 1
978 1035 0
637 1037 1
637 1038 1
988 989 3
989 990 3
990 991 3
991 992 3
936 995 0
996 997 0
939 997 0
940 997 0
998 999 3
942 1001 3
944 1001 2
944 1002 3
951 1009 3
632 1032 1
928 986 3
929 987 3
936 994 0
947 1005 3
948 1006 0
949 1007 2
950 1008 3
952 1009 3
952 1010 3
953 1011 3
954 1012 3
955 1013 3
956 1014 3
957 1015 3
958 1016 3
959 1017 3
960 1018 3
961 1019 3
962 1020 3
637 1035 1
1037 1038 3
986 987 3
994 995 3
999 1000 3
1000 1001 3
1001 1002 2
945 1002 2
945 1004 3
1004 1005 3
1005 1006 3
1006 1007 1
1007 1008 3
1008 1009 3
1009 1010 3
1010 1011 3
1011 1012 3
1012 1013 3
1013 1014 3
1014 1015 3
1015 1016 3
1016 1017 3
1017 1018 3
1018 1019 3
1019 1020 3
1020 1021 3
637 1039 1
987 988 3
636 1039 1
992 994 3
