0 1 3
1 2 3
2 3 3
3 4 3
4 5 3
5 7 3
7 8 3
8 10 1
10 11 3
11 12 0
12 71 3
14 71 1
14 15 3
15 17 3
17 18 3
18 21 0
21 22 3
22 23 3
23 24 0
24 25 0
25 26 0
26 27 3
27 29 1
29 30 3
30 31 0
31 33 0
33 34 1
34 96 0
96 153 3
38 96 3
38 97 3
39 97 3
39 41 3
41 42 3
42 44 1
44 281 0
46 281 3
52 281 3
52 53 3
53 54 0
54 56 2
56 172 0
56 57 3
14 72 3
21 78 1
44 46 0
42 46 3
18 78 3
97 152 3
12 70 3
71 72 0
46 336 3
42 336 3
39 216 3
41 216 3
8 67 3
10 67 0
17 74 3
96 152 3
96 97 3
18 77 3
77 78 3
33 91 3
34 91 0
54 226 0
56 226 0
22 80 3
23 80 3
27 86 1
5 64 3
29 87 3
30 87 3
7 64 3
70 71 3
15 73 3
26 84 1
27 84 1
42 216 3
52 224 3
172 226 2
14 73 3
152 153 3
224 281 3
15 74 3
22 78 1
23 81 3
24 81 1
29 86 3
97 216 3
56 114 2
57 114 2
5 63 3
7 65 3
18 76 3
80 81 3
25 83 1
26 83 1
33 149 3
34 150 0
96 150 3
0 58 3
2 60 3
4 62 3
4 63 3
8 65 3
10 68 0
24 83 1
84 86 3
33 89 1
150 153 3
113 226 0
113 172 0
114 172 0
57 115 2
1 58 3
1 60 3
3 60 3
3 62 3
63 64 3
64 65 3
11 68 0
86 87 3
67 68 3
11 70 0
17 76 3
76 77 3
31 87 1
31 89 3
114 115 3
115 344 0
74 133 3
17 133 3
87 89 0
89 149 0
281 336 3
65 67 3
91 149 3
53 224 3
83 84 3
60 62 3
73 74 3
76 133 3
42 334 3
53 225 3
62 63 3
67 125 3
334 336 3
224 225 3
68 125 3
68 70 2
72 73 3
84 143 0
86 143 0
91 150 3
150 152 3
1 117 0
58 117 0
60 117 0
216 334 3
53 226 3
65 124 3
67 124 3
68 127 3
72 130 3
81 140 3
24 140 1
87 144 0
89 144 0
216 271 3
71 130 0
22 137 3
97 271 3
212 271 3
78 137 3
70 127 3
73 131 3
86 144 0
89 204 0
89 147 0
172 344 0
124 125 3
70 128 3
144 204 3
113 344 0
74 132 3
77 135 3
78 135 3
80 137 3
83 140 0
147 149 3
60 119 0
62 119 0
71 128 3
72 131 3
130 131 3
73 132 3
115 173 3
132 133 3
80 138 3
81 139 3
83 142 0
84 142 0
53 227 3
114 173 3
173 344 0
60 118 0
71 129 3
76 134 3
137 138 3
80 139 3
226 227 3
58 116 0
117 118 3
118 119 3
63 121 0
64 121 0
64 122 0
127 128 3
133 134 3
77 134 3
139 140 3
147 204 3
116 117 3
65 122 2
128 129 3
129 130 0
131 132 3
138 139 3
142 143 3
152 212 3
152 271 3
226 344 3
121 122 1
134 135 3
149 150 3
122 124 2
86 203 0
135 137 3
83 199 0
144 203 3
150 209 3
152 209 3
140 199 3
142 199 3
143 203 3
149 208 3
150 208 3
62 121 0
124 182 3
172 173 2
117 175 3
119 121 3
225 227 3
116 175 3
125 127 3
135 194 3
162 336 0
162 281 0
147 207 3
149 207 3
121 178 3
125 183 2
130 189 3
119 178 3
124 181 2
131 189 3
132 190 3
221 281 3
122 181 2
190 191 3
133 190 3
137 195 3
203 204 3
207 208 3
162 221 0
181 182 0
125 184 3
130 188 3
138 195 3
221 336 3
127 185 3
134 192 3
125 182 3
128 185 3
128 186 3
129 186 3
129 188 0
133 192 3
227 344 3
127 184 3
129 187 3
132 189 3
135 192 3
138 197 3
139 197 3
140 197 3
142 201 3
143 201 3
147 205 3
215 271 3
215 216 3
173 230 3
182 183 3
186 187 3
133 191 3
201 203 3
204 205 3
205 207 3
172 230 2
230 344 0
173 231 2
231 344 0
121 180 2
122 180 2
191 192 3
137 194 3
121 179 3
180 181 3
183 184 3
184 185 3
185 186 3
187 188 0
188 189 3
192 194 3
140 256 3
204 262 3
152 268 3
118 235 3
194 195 3
195 197 3
199 256 3
203 262 3
208 209 3
117 235 3
178 179 3
140 314 3
256 314 3
209 268 3
230 231 3
175 235 3
119 235 3
281 339 3
224 339 3
116 232 2
179 180 2
197 314 3
201 261 3
203 261 3
179 236 3
189 190 3
190 248 3
195 254 3
197 254 3
142 258 3
205 263 3
281 338 3
178 236 3
199 258 3
201 258 3
212 268 3
221 338 3
338 339 3
175 232 2
189 248 3
194 251 3
191 248 3
192 251 3
119 236 3
195 253 3
191 250 3
192 250 3
205 262 3
225 343 3
227 343 3
235 236 3
212 269 3
189 247 3
201 259 3
259 261 3
268 269 3
224 340 3
225 340 3
234 235 3
191 249 3
256 257 3
199 257 3
261 262 3
207 265 3
175 234 3
179 237 3
186 244 3
249 250 3
208 265 3
215 334 3
236 237 3
183 241 1
184 241 3
205 265 3
339 340 3
209 266 3
184 243 3
185 243 3
247 248 3
257 258 3
244 302 3
187 244 3
187 246 0
188 246 3
194 252 3
195 252 1
253 254 3
208 266 3
212 270 3
215 331 3
175 233 3
180 238 1
181 239 1
186 243 3
189 246 3
197 255 3
269 270 3
215 391 3
334 391 3
335 336 3
336 337 3
336 338 3
225 284 1
232 233 1
233 234 3
179 238 1
180 239 1
182 239 1
246 247 3
255 314 3
331 391 3
334 335 3
337 338 3
284 343 0
288 344 0
243 244 3
252 253 0
254 255 3
265 266 3
271 331 3
284 340 0
238 239 3
248 249 3
251 252 3
265 379 0
335 337 3
182 241 1
250 251 3
258 259 3
262 263 3
271 330 3
237 238 1
266 268 3
239 241 0
263 265 3
241 298 1
241 243 3
343 344 3
244 303 3
187 303 3
258 317 3
265 321 3
270 271 3
259 317 3
261 319 3
263 321 3
321 379 3
258 316 3
262 319 3
389 391 3
316 317 3
261 318 3
270 328 3
271 328 3
331 389 3
235 293 3
243 302 3
259 318 3
262 320 3
330 331 3
236 293 3
239 298 0
246 303 1
255 313 3
263 320 3
266 383 3
234 293 3
254 313 3
320 495 3
268 383 3
330 389 3
313 314 3
328 329 3
271 329 3
329 330 3
243 301 3
302 303 1
265 324 3
234 292 3
301 302 3
257 314 3
318 319 3
266 324 3
268 326 3
236 294 3
237 294 3
238 295 0
238 297 3
239 297 3
246 304 3
250 308 3
251 308 3
257 316 3
319 320 3
326 383 3
344 347 1
233 291 3
292 293 3
241 299 3
243 300 3
249 308 3
232 290 1
233 290 3
234 291 3
237 295 3
243 299 3
303 304 0
248 306 3
248 307 3
249 307 3
253 311 3
257 315 3
268 327 3
269 327 3
284 399 0
293 294 3
297 298 0
247 305 3
306 307 3
307 308 3
252 308 3
254 311 3
317 318 3
327 328 3
340 399 3
343 399 3
290 291 3
291 292 3
298 299 0
299 300 3
246 305 3
248 305 3
252 310 0
315 316 3
326 327 3
294 295 3
253 310 3
338 397 3
300 301 3
304 305 3
254 371 3
314 315 3
265 381 3
324 381 3
337 397 3
305 306 3
313 371 3
320 321 3
310 311 3
379 381 2
324 383 3
254 370 3
335 395 3
337 395 3
311 370 3
295 354 3
238 354 0
370 371 3
339 397 3
318 377 3
319 377 3
297 354 0
299 358 3
300 358 3
311 369 3
377 495 3
369 370 3
335 391 3
343 402 3
344 402 3
310 368 3
311 368 3
316 377 3
317 377 3
302 360 3
305 363 3
306 364 3
252 367 2
291 349 3
292 349 3
293 352 3
294 352 3
301 359 3
307 364 3
307 366 0
308 366 0
310 367 3
316 374 3
316 375 3
375 377 3
395 397 3
294 353 3
295 353 3
299 357 3
300 359 3
303 360 0
306 363 3
307 422 3
308 367 3
374 375 3
320 379 2
379 496 3
347 405 3
298 356 0
357 358 3
358 359 3
301 360 3
315 374 3
380 383 3
327 385 3
402 403 3
344 403 1
344 405 1
292 350 3
297 355 3
363 364 3
324 380 3
326 385 3
328 386 3
329 387 3
330 387 3
335 512 3
395 512 3
340 397 3
399 402 3
290 348 3
293 350 3
297 356 0
299 356 3
303 361 3
304 362 3
364 422 3
367 368 3
368 369 3
314 372 3
383 384 3
326 384 3
327 386 3
391 512 3
348 349 3
353 354 3
354 355 1
361 362 0
305 362 3
366 422 1
313 372 3
320 377 3
384 385 3
386 387 3
340 398 3
355 356 0
315 373 3
397 398 3
399 400 1
352 353 3
360 361 1
362 363 3
314 373 3
398 399 3
359 360 3
375 495 3
385 386 3
344 404 1
349 350 3
350 352 3
356 357 3
366 367 3
372 373 3
373 374 3
403 404 3
404 405 1
371 372 3
374 433 3
330 446 3
399 401 3
362 420 3
375 433 3
387 446 3
389 446 3
398 401 3
352 409 3
354 413 1
379 495 0
350 409 3
352 411 3
355 413 3
356 413 1
363 421 0
380 381 3
353 411 3
361 420 0
362 421 3
422 423 3
371 428 3
389 448 3
391 448 3
397 512 3
367 426 3
368 426 3
370 428 3
383 442 3
384 442 3
349 407 3
363 422 3
366 423 3
366 425 3
367 425 3
372 431 3
374 490 2
386 444 3
387 444 3
405 463 3
349 408 3
350 408 3
421 422 1
373 431 3
433 490 3
397 401 3
404 463 1
409 411 3
354 411 3
366 424 3
425 426 3
369 426 3
381 496 3
380 442 3
387 445 3
348 406 3
357 415 3
358 415 3
358 416 3
358 417 3
359 417 3
360 418 3
360 419 1
361 419 3
424 425 3
369 427 3
369 428 3
371 429 3
445 446 3
397 571 3
401 571 3
406 407 3
407 408 3
417 418 3
418 419 1
420 421 3
426 427 3
428 429 3
372 429 3
373 490 2
385 444 3
408 409 3
356 415 3
427 428 3
444 445 3
400 401 0
413 414 0
419 420 0
372 488 3
385 442 3
356 414 3
429 488 3
391 449 3
404 578 3
463 578 0
410 411 0
413 471 0
415 416 3
416 417 3
448 449 3
401 402 3
409 410 3
411 413 1
414 471 3
391 509 3
403 578 3
414 415 3
442 444 3
509 512 3
431 488 3
431 490 3
402 575 3
462 463 1
446 505 3
389 505 3
449 509 3
403 575 3
462 578 3
512 571 3
448 505 3
427 485 3
495 496 3
409 467 3
420 478 3
428 485 3
410 467 3
419 478 0
410 468 3
411 468 1
423 481 3
401 575 3
407 466 3
408 466 3
411 470 3
416 474 3
422 481 3
423 424 3
442 501 3
444 501 3
413 470 0
419 477 3
421 478 3
422 480 3
424 483 3
425 483 3
421 479 3
480 481 3
424 482 3
442 500 3
445 503 3
449 505 3
407 465 3
408 467 3
414 473 3
415 473 3
417 475 3
424 481 3
482 483 3
426 483 3
380 500 3
446 503 3
463 521 3
406 464 3
467 468 3
411 469 3
416 475 3
418 475 3
418 476 3
422 479 3
428 486 3
462 521 1
464 465 3
469 470 3
414 472 3
416 473 3
474 475 3
476 477 1
477 478 0
478 479 3
481 482 3
381 495 3
500 501 3
444 503 3
512 569 3
465 466 3
466 467 3
485 486 3
429 486 3
444 502 3
509 569 3
345 403 3
413 528 3
471 472 1
472 473 3
473 474 3
483 484 3
426 484 3
502 503 3
446 504 3
471 528 1
475 476 3
427 484 3
431 546 2
501 502 3
503 504 3
504 505 3
470 528 1
488 546 1
521 578 0
468 469 3
484 485 3
345 578 3
479 537 0
479 480 3
486 488 3
431 489 1
431 548 1
381 494 1
489 548 3
490 548 3
375 494 2
494 495 2
490 549 1
433 550 1
478 537 0
433 549 1
449 508 3
505 508 3
478 536 0
489 546 0
494 551 3
508 509 3
375 550 1
375 551 2
569 571 3
345 575 3
477 536 0
550 551 0
521 579 0
471 530 1
472 530 3
480 537 2
381 554 3
578 579 3
486 544 3
548 549 3
466 525 3
467 525 3
468 525 3
484 542 3
485 542 3
488 544 1
549 550 3
465 523 3
474 533 3
475 533 3
476 533 3
476 534 3
536 537 0
485 544 3
464 523 3
528 530 0
472 531 3
480 539 3
481 539 3
381 556 3
380 557 3
464 522 3
466 524 3
468 526 1
469 527 1
473 531 3
474 532 3
476 594 0
477 594 0
480 538 3
483 541 2
484 541 3
554 555 3
381 555 3
380 556 3
522 523 3
465 524 3
524 525 3
526 527 3
470 527 1
532 533 3
533 534 3
534 594 0
537 538 2
555 556 3
556 557 3
500 557 3
345 577 3
523 524 3
473 532 3
538 539 3
482 539 3
494 610 3
494 553 3
509 567 3
530 531 3
482 598 2
482 541 2
542 544 3
553 610 3
508 567 3
525 526 1
541 542 3
401 631 3
539 598 2
541 598 3
544 546 3
504 561 3
571 631 3
531 532 3
500 558 3
501 558 3
501 559 3
502 559 3
503 561 3
489 605 2
381 553 1
557 558 3
528 587 3
546 605 3
505 561 3
568 569 3
568 571 3
575 576 3
527 585 0
527 528 1
530 587 1
505 506 3
506 508 3
345 576 3
548 605 3
553 554 0
502 560 3
502 561 3
524 582 0
558 559 3
559 560 3
523 582 0
508 566 3
551 610 3
566 568 3
538 596 3
539 596 3
571 630 1
401 576 3
525 584 0
526 584 0
530 589 0
531 589 0
537 596 2
560 561 3
567 569 3
578 636 3
528 585 0
530 588 0
542 601 3
546 603 3
556 613 1
556 614 1
558 560 3
561 619 1
508 565 1
565 566 0
630 631 0
401 632 3
588 589 3
532 589 0
534 591 0
534 592 0
592 594 3
536 594 3
542 600 3
544 601 3
546 604 3
555 613 1
506 561 3
506 623 1
508 623 1
565 623 3
566 567 3
568 630 1
631 632 3
576 632 3
345 694 3
578 694 3
591 592 3
541 600 3
544 603 3
604 605 3
556 558 3
566 624 1
636 694 3
579 636 3
587 588 0
554 613 1
558 614 1
560 619 1
561 621 1
523 581 3
526 585 0
533 591 0
544 602 3
550 609 2
506 621 1
579 637 3
522 580 0
581 582 0
524 583 0
525 583 0
532 591 0
541 599 3
551 609 3
613 614 0
561 620 1
636 637 3
580 581 1
584 585 3
593 594 3
599 600 3
602 603 3
548 606 3
549 606 2
550 607 2
507 621 1
583 584 3
585 587 1
532 590 0
605 606 3
549 607 2
566 623 1
592 593 3
537 594 1
537 595 1
601 602 3
603 604 3
606 607 3
582 583 3
590 591 3
594 595 3
600 601 3
607 609 3
553 670 1
567 568 3
589 590 3
595 596 3
609 610 3
554 670 1
598 599 3
539 597 2
607 666 3
609 666 3
589 646 3
597 598 3
613 670 3
587 645 0
596 597 3
506 507 3
506 566 3
588 646 3
507 561 3
588 645 3
583 641 3
553 669 3
584 641 2
596 654 3
610 669 3
669 670 3
584 642 2
585 642 2
595 654 3
598 656 3
599 656 3
600 659 3
601 659 3
589 647 3
590 647 3
597 654 3
602 659 3
603 661 3
604 662 3
605 662 3
631 689 1
581 639 3
585 643 2
587 643 0
594 652 3
595 652 3
602 661 3
604 661 3
606 664 3
630 689 3
582 640 1
592 650 3
654 655 3
599 658 3
600 658 3
610 668 3
613 671 3
632 690 1
637 694 3
639 640 3
646 647 3
591 650 3
593 650 3
597 655 3
602 660 3
607 664 3
614 671 1
631 690 1
576 690 1
580 638 1
581 638 0
642 643 3
587 702 3
595 653 1
597 656 3
599 657 3
659 660 3
607 665 3
609 667 3
583 640 1
643 702 1
645 646 3
591 647 3
653 654 0
658 659 3
660 661 3
605 664 3
664 665 3
666 667 3
668 669 3
670 671 3
614 619 0
637 695 1
645 702 1
652 653 3
656 657 3
665 666 3
558 619 2
689 690 3
694 695 1
638 639 3
657 658 3
345 693 1
661 662 3
610 667 3
647 650 3
667 668 3
640 641 0
641 642 3
594 650 3
650 652 3
655 656 3
662 664 3
619 788 1
650 709 3
507 788 1
652 709 3
619 671 1
647 649 3
649 650 3
664 721 3
671 729 3
662 721 3
670 729 3
671 788 3
507 619 2
576 751 1
345 751 1
666 724 3
667 724 3
649 708 3
665 724 3
650 708 3
653 711 3
654 712 3
659 717 3
660 717 3
506 740 1
566 740 1
655 712 3
664 722 1
665 722 1
694 751 1
652 710 3
661 719 3
630 747 3
689 747 3
694 753 1
695 753 3
640 698 2
642 700 3
643 701 1
709 710 3
652 711 3
654 711 3
657 716 3
662 719 3
667 726 3
668 726 3
694 752 1
638 696 3
639 698 2
646 704 3
708 709 3
710 711 3
655 713 3
656 713 3
658 716 3
660 718 3
661 718 3
669 726 3
669 727 3
669 729 3
690 747 3
690 748 3
751 752 2
639 696 2
639 697 2
641 698 3
645 703 3
729 788 3
576 748 1
752 753 0
697 698 3
643 700 1
702 703 0
647 704 3
647 706 3
711 712 3
657 772 3
717 718 3
718 719 3
726 727 3
747 748 3
576 807 1
751 807 2
696 697 3
641 699 3
701 702 1
706 707 3
647 707 3
649 707 3
712 713 3
641 700 3
645 704 3
657 713 3
658 717 3
722 724 0
724 725 1
667 725 1
748 807 1
698 699 3
707 708 3
716 772 3
721 722 3
727 729 3
700 701 3
719 721 3
713 772 3
716 717 3
719 778 3
721 778 3
724 782 1
725 726 0
729 787 3
703 704 3
704 706 3
727 787 3
641 758 3
701 760 3
747 805 1
699 758 3
700 758 3
630 805 1
699 757 3
702 760 0
727 786 3
786 787 3
698 757 3
722 781 3
724 781 1
752 810 3
700 759 3
701 759 3
725 782 1
751 809 3
752 809 2
753 810 1
566 630 1
751 808 2
697 756 3
698 756 3
704 762 1
712 771 3
778 779 3
721 779 2
807 808 1
706 762 1
709 767 3
710 767 3
713 771 3
716 773 3
722 780 3
757 758 3
710 768 3
711 768 3
772 773 3
721 780 2
762 763 3
706 763 1
712 770 3
726 784 3
756 757 3
703 761 1
704 761 1
707 765 2
708 765 3
770 771 3
725 783 0
726 783 0
727 784 3
748 806 1
808 809 0
696 754 0
697 755 3
702 761 0
763 764 3
706 764 3
707 764 3
708 767 3
717 773 3
718 775 3
718 777 3
719 777 3
779 780 3
781 782 3
727 785 3
787 788 3
747 806 1
806 807 3
810 811 3
753 811 1
754 755 1
760 761 1
761 762 3
711 769 3
712 769 3
771 772 3
717 775 3
777 778 3
782 783 0
783 784 1
759 760 3
708 766 3
767 768 3
769 770 3
717 774 3
775 834 3
718 834 3
784 785 3
809 810 2
755 756 3
764 765 1
765 766 3
773 774 3
785 786 3
766 767 3
768 769 3
780 781 3
758 759 3
777 834 1
805 806 0
810 868 1
774 775 3
767 825 3
772 830 2
779 838 3
780 838 3
806 865 1
807 865 1
768 825 3
773 830 0
507 848 1
630 1036 1
788 846 3
566 1036 1
811 868 1
765 822 0
777 836 3
778 836 3
787 846 3
788 847 3
507 850 1
805 1036 1
764 822 3
771 830 2
805 863 3
806 863 1
766 824 3
774 832 3
779 836 3
788 848 3
809 868 1
765 824 3
507 854 1
507 566 3
756 814 2
757 814 2
761 819 2
764 821 3
766 825 3
780 839 3
781 839 3
846 847 3
755 814 2
763 821 2
768 826 3
769 826 3
773 831 0
775 833 3
779 837 3
808 866 2
755 813 2
758 816 1
759 816 1
760 818 1
762 819 2
824 825 3
769 827 2
770 827 2
770 828 2
771 828 2
830 831 0
774 831 0
775 832 3
837 838 3
785 843 2
786 843 2
786 844 3
787 844 3
807 866 1
809 866 1
754 812 3
813 814 1
757 815 1
757 816 1
759 817 1
759 818 1
761 818 3
762 821 2
825 826 3
833 834 3
777 835 3
782 840 1
783 841 1
784 842 1
847 848 3
863 1036 1
812 813 1
814 815 1
815 816 3
817 818 3
762 820 2
820 821 3
827 828 3
771 829 2
829 830 0
834 835 0
836 837 3
782 839 3
840 841 3
841 842 3
785 842 1
865 866 3
809 867 1
811 869 1
765 881 3
826 827 0
835 836 3
838 839 3
839 840 1
843 844 3
866 867 1
867 868 3
868 869 3
821 822 2
824 881 3
828 829 3
831 832 1
842 843 0
806 923 1
816 817 3
818 819 1
819 820 3
832 833 3
844 846 3
863 923 1
865 923 1
822 881 1
881 882 3
846 904 3
824 882 3
844 903 2
846 903 2
863 920 0
825 882 3
903 904 1
920 1036 1
863 921 0
921 923 1
820 878 3
833 892 3
834 892 3
868 926 3
819 877 2
825 883 3
826 883 3
827 885 3
829 888 3
830 888 1
835 892 1
843 902 2
844 902 2
847 905 3
867 926 3
869 926 3
812 870 1
826 885 0
831 888 1
842 901 3
843 901 2
846 905 3
866 923 1
816 874 3
816 875 3
817 875 3
819 878 3
836 894 3
837 894 3
839 897 3
840 897 0
814 873 2
815 873 3
821 878 3
828 885 3
837 895 3
838 896 3
839 896 3
841 899 3
842 899 3
813 871 0
814 872 2
816 873 3
818 877 1
821 879 3
831 889 1
832 890 2
833 891 3
835 893 3
838 895 3
840 898 3
842 900 1
507 914 1
866 924 2
867 925 0
870 871 0
871 872 1
872 873 3
822 879 3
828 886 3
829 886 3
888 889 0
889 890 1
890 891 3
893 894 3
894 895 3
897 898 1
898 899 3
899 900 1
900 901 0
902 903 3
904 905 3
848 906 3
923 924 0
924 925 3
874 875 3
878 879 3
882 883 3
883 885 0
891 892 3
892 893 0
896 897 3
901 902 3
847 906 3
920 921 3
873 874 3
885 886 3
905 906 3
507 906 1
925 926 1
817 876 3
818 876 3
877 878 3
822 938 1
876 877 1
881 938 3
875 876 3
879 938 3
895 896 3
885 942 1
869 984 0
883 942 3
886 888 3
886 945 1
926 984 0
888 945 1
879 937 2
937 938 3
906 964 3
923 981 0
924 981 0
875 933 3
876 934 3
877 934 0
885 943 1
881 940 3
882 940 3
883 941 3
886 943 1
921 1038 1
923 1038 1
874 932 0
882 941 3
942 943 1
892 950 3
903 961 1
904 961 3
904 962 3
920 979 0
921 979 0
893 950 1
895 953 1
896 953 1
896 954 1
897 954 1
901 959 1
902 961 1
905 964 3
875 932 2
877 936 1
878 936 2
891 950 3
898 956 3
902 959 1
905 962 3
920 978 0
979 1038 1
925 983 0
870 928 0
871 929 1
872 930 2
873 930 2
873 931 2
873 932 0
876 933 3
938 940 3
940 941 3
886 944 1
888 946 3
889 947 1
890 948 3
891 949 3
893 951 1
894 952 1
897 955 1
899 957 3
900 958 3
900 959 0
902 960 1
981 1038 1
924 982 0
926 983 0
928 929 0
929 930 1
938 939 3
941 942 3
943 944 1
945 946 0
946 947 3
947 948 3
948 949 3
951 952 3
952 953 3
953 954 3
954 955 1
955 956 3
956 957 3
957 958 1
958 959 0
959 960 3
960 961 3
961 962 3
978 979 3
981 982 0
982 983 1
930 931 3
931 932 0
944 945 3
949 950 3
950 951 3
978 1036 1
932 933 2
879 936 2
507 964 1
934 936 1
983 984 0
933 934 3
936 937 3
939 940 3
934 993 1
936 993 3
905 1021 3
962 1021 3
964 1021 3
938 996 3
984 1043 1
937 996 3
941 1000 3
942 1000 3
983 1041 1
984 1041 1
939 996 3
979 1037 1
937 995 3
943 1001 0
945 1003 3
946 1003 1
962 1020 3
978 1037 1
936 995 3
939 997 3
940 997 3
942 1001 3
961 1019 0
961 1020 3
964 1022 3
933 992 1
934 992 1
944 1001 0
944 1003 3
960 1019 0
992 993 3
936 994 3
995 996 3
1000 1001 3
1020 1021 3
507 1022 1
928 986 3
929 987 0
930 988 3
931 989 3
932 990 1
933 991 1
994 995 3
940 998 3
941 999 3
944 1002 0
946 1004 3
947 1005 3
948 1006 3
949 1007 3
950 1008 3
951 1009 3
952 1010 3
953 1011 3
954 1012 3
955 1013 0
956 1014 0
957 1015 0
958 1016 0
959 1017 0
960 1018 0
981 1039 1
982 1040 1
986 987 3
987 988 3
988 989 3
989 990 3
990 991 3
991 992 3
996 997 3
998 999 3
999 1000 3
1003 1004 0
1004 1005 3
1005 1006 3
1006 1007 3
1007 1008 3
1008 1009 3
1009 1010 3
1010 1011 3
1011 1012 3
1012 1013 3
1013 1014 3
1014 1015 3
1015 1016 3
1016 1017 3
1017 1018 3
1018 1019 3
1019 1020 1
1038 1039 3
1039 1040 3
1040 1041 3
993 994 3
997 998 3
1002 1003 1
1036 1037 3
1001 1002 3
1037 1038 3
1021 1022 3
