-0.0568103 0.0158473 27.2623
-0.0568814 0.0159071 27.2643
-0.0474014 0.00330392 27.4013
-0.0606231 0.0278335 28.2968
-0.04559 -0.019326 28.3218
-0.108993 0.031733 34.8138
-0.121217 0.0703287 35.8527
-0.0881705 0.0855158 30.1828
-0.0869333 0.0987908 30.2323
-0.0720561 0.0843357 27.507
-0.038412 -0.0360316 33.0582
-0.0521765 -0.00120808 36.0833
0.131617 0.0334165 -18.1979
0.190591 0.0262256 -34.0473
-0.0890841 0.0749369 44.4166
-0.127587 0.108759 55.6862
-0.134437 0.0986526 56.7525
-0.0622026 0.069189 31.0611
0.0225889 0.0494574 -0.948087
0.0737602 0.0509825 -21.6298
0.00126075 0.00122705 10.9591
0.0239518 0.0937225 -7.94372
0.0483316 0.0875348 -17.4787
0.030242 0.0198432 -7.27122
0.292615 -0.515005 -137.28
0.544347 0.281393 -293.45
0.0239643 -0.126562 -1.5249
0.0222745 -0.136816 -0.491507
0.0194205 -0.135515 1.26338
0.04361 0.018517 -3.34566
0.0384918 0.0213887 -0.11143
-0.0112403 -0.0367242 24.1072
-0.0165503 -0.0438974 27.8241
0.0166502 0.0241504 -9.51053
0.082516 0.0627373 -45.3074
-0.0335118 -0.0673626 32.7314
-0.0413724 -0.0510528 38.2007
0.184179 -0.280399 -137.188
-0.00533278 -0.0281066 9.48035
-0.0388559 -0.0212637 38.9128
-0.0309472 -0.0180369 31.5189
-0.0297882 -0.0179238 30.4289
-0.0139152 -0.00321324 15.7738
0.063367 0.049532 -25.8817
-0.0046424 0.195182 35.769
-0.00125774 0.122462 32.662
-0.0154643 0.00728672 16.9537
-0.0154326 0.00539546 16.374
0.0018576 0.165815 -3.29556
0 0.328658 -2.50178
-0.00422057 0.329167 2.10754
0 0.328658 -2.50178
-0.00939002 0.0230365 10.0652
-0.00104687 0.0332531 0.395908
0.82072 0.43629 -970.345
0.165742 -0.0553177 -183.787
-0.00258286 0.477183 14.5402
-0.020788 0.429593 37.1071
-0.0568211 0.0158951 27.2622
9.06225 -0.181219 -358.504
-0.0516431 -0.00632477 27.5985
-0.0110493 -0.0133635 24.6835
-0.0398571 -0.0387059 27.2953
-0.0326902 -0.0131551 26.5626
-0.0743351 0.0426046 30.4459
-0.0824695 0.0887901 29.6379
-0.0808791 0.124292 28.0565
-0.0425971 0.100405 21.1102
-0.00037234 0.154838 10.1733
-0.0354065 -0.00742044 32.0723
0.143065 0.0732227 -23.0811
0.177305 0.0299952 -30.1544
-0.046745 0.00372771 31.1292
-0.106542 0.038987 49.5687
-0.115936 0.0519149 51.83
-0.0512741 0.0605772 27.612
-0.00751098 0.0394576 11.4052
0.0480762 0.00108933 -9.29759
0.0240888 -0.0131851 0.904921
-0.0575978 -0.0188878 37.9175
-0.00241523 0.0176925 8.78116
0.0340098 -0.00381936 -8.48498
0.0616386 0.159478 -27.1005
0.0252183 -0.0325855 8.89255
0.0291163 -0.028917 6.42926
0.0551897 0.0113391 -10.7205
0.0535051 0.0197477 -9.61995
0.0499567 0.0191939 -7.2423
0.535156 -0.0320312 -338.647
-0.0216854 -0.036061 31.1723
0.0343861 0.035934 -10.0605
0.0246141 0.00353862 -14.5153
0.0167067 0.17261 -0.135912
-0.0328645 -0.0517059 31.5969
-0.0277143 -0.0514154 26.9553
-0.272477 -0.125814 224.98
-0.0135294 -0.0536104 16.3635
0.00717142 -0.0381102 -0.844197
-0.0113732 -0.0319867 14.4347
-0.0475588 0.0338213 44.4593
-0.0232824 0.000287877 23.9562
-0.277233 0.223977 258.576
0 -0.0331492 5.89084
-0.0123966 -0.00525892 16.9578
0.0178315 -0.0266038 -12.2413
0.019866 -0.0117481 -15.3327
0.0156975 -0.229154 -6.64982
0.00972237 -0.0078827 -5.48948
-0.0103701 -0.000613874 15.8869
0 -0.00395413 4.74104
-0.0424329 -0.029339 53.8616
-0.0147285 0.00654263 21.2678
-0.00894899 -0.00984428 15.5127
0.0118293 0.0365736 19.5982
-0.0293632 -0.201345 61.0594
-0.03818 -0.225774 72.512
-0.106884 0.158758 8.1645
-0.121973 0.14268 9.46288
-0.0877601 0.136028 6.6852
-0.024057 0.107367 3.343
0.0131893 0.0213886 6.10951
-0.0129247 0.0357917 7.86322
0.22123 -0.289753 0.522961
-0.00833828 -0.0486272 22.3158
-0.0330762 -0.00299778 24.7263
0.000778425 0.0516063 15.0192
0.000671368 0.0908816 12.7077
0.030299 0.0634462 7.46449
0.129383 0.0522116 -18.6671
0.140049 0.0251663 -19.05
-0.0318726 0.0072674 25.4572
-0.0667069 0.00693715 36.9872
-0.113039 0.028474 51.9995
-0.0598364 0.0215559 32.4389
-0.00708232 -0.0308541 14.5696
-0.000218151 -0.0139028 11.6983
0.0191625 -0.0110326 3.98009
-0.0596805 0.00510594 36.8227
-0.0234741 -0.0176723 20.011
0.0321038 -0.0409404 -5.98839
0.058239 -0.064153 -17.9996
-0.0028214 0.00489128 12.1459
-0.0545138 -0.0447484 42.7929
-0.0729065 -0.0172243 51.6945
-0.0138111 -0.00430088 13.626
0 -0.0602212 8.68121
-0.00351853 -0.0230916 8.77835
-0.00137898 0.0292253 3.66038
-0.00735863 0.0327854 7.3939
0.0124612 0.0224785 -6.48154
-0.00951815 -0.0175742 12.0195
-0.031048 0.00925938 27.6648
-0.00546568 -0.0202762 7.6174
-0.0284159 -0.0594344 28.3157
-0.00222214 -0.0149164 4.85137
0.0144559 -0.0315175 -7.89193
0.00368897 0.0417409 -1.58017
-0.0046244 0.0399402 5.89032
0 0.0449068 1.45909
0 0.0449068 1.45909
0 0.0449068 1.45909
-0.0392117 0.10092 102.609
-0.0142806 -0.130225 90.5741
0.000208299 -0.132208 76.0752
0 0.0435632 1.51534
0.00501881 0.0393585 -3.59965
-0.00652476 0.0397351 8.85218
-0.00724488 0.0249222 10.7019
-0.00417487 0.0321121 6.91981
0 0.0289546 2.37562
0 0.0435632 1.51534
0.188823 -0.261906 -202.006
0.893822 -0.0674932 -1076.6
-0.0240164 -0.211246 54.4639
-0.0854744 0.143891 8.87599
-0.101463 0.123524 10.8099
-0.114132 0.153947 7.80519
-0.0876907 0.149547 5.43801
-0.00797027 0.0839628 3.79381
-0.0431472 0.0708238 8.52871
0.285625 0.00565 -28.3078
0.287575 -0.000343192 -27.8506
-0.0129634 -0.0669513 23.7631
0.0851923 -0.129265 9.44375
0.0175237 0.0181825 14.1585
0.0334937 0.0311059 8.55741
0.0952065 0.0342109 -7.38228
0.101532 0.00496544 -6.43412
-0.0308718 0.0463479 22.4355
-0.065289 0.0105094 36.6402
-0.120737 -0.00492416 56.3888
-0.040903 -0.0113796 26.4002
0.00801367 -0.0210114 8.40057
0.025582 -0.0290648 2.59543
-0.0471622 -0.0261677 33.4648
-0.0554048 -0.0573412 37.7924
-0.0201292 -0.030137 18.6682
0.00325619 -0.0672579 9.90531
0.0128145 -0.0648553 6.90866
-0.00532929 -0.067114 16.6593
-0.0218507 -0.0710641 26.4332
-0.0719924 -0.0170964 51.1776
-0.0734754 0.0151165 48.9411
-0.0421472 -0.0229656 32.5098
-0.00113824 0.00276596 5.06451
0.00168267 0.0225621 2.3692
-0.00464865 0.0433132 5.23113
0.000121128 0.0230809 2.74994
0.00258571 0.0216407 1.6022
-0.0349928 -0.0180951 32.34
-0.0516087 -0.0164145 44.3549
-0.0230899 -0.0230566 22.6229
-0.00466586 -0.0160178 6.82717
0.0256648 -0.0270318 -17.7079
0.00394347 -0.0237158 0.604543
-0.00430562 -0.00838481 7.51428
-0.00623145 -0.0202081 9.54255
-0.0118104 3.27674e-05 13.2852
-0.01086 -0.0032723 12.8576
0 0.269878 -17.0193
0 -0.0265441 2.85265
-0.0115453 0.0144131 12.6776
-0.00666835 0.00156351 7.31823
-0.0159075 0.269541 -0.0380139
-0.00708729 0.0221932 7.56947
0.00499101 0.0308942 -6.33461
0.00434436 0.0453134 -6.29108
0.0103119 0.0378501 -12.8683
0 -0.0265441 2.85265
0.508971 0.4223 -632.596
0.0776298 -0.127069 -75.3335
0.0705532 -0.0287236 -74.1881
0.125849 -0.302281 40.8043
-0.112659 0.133079 10.786
-0.119432 0.142911 9.98942
-0.121659 0.163162 7.7468
-0.0844416 0.144937 6.14105
-0.0996375 0.112328 11.0787
-0.14574 -0.00652613 134.195
-0.135839 0.00111943 131.844
-0.0385598 -0.0352237 31.8878
-0.0346671 -0.0085434 28.2736
-0.0283888 -0.0212633 27.648
-0.000474117 -0.0318011 22.0076
0.0843339 -0.013446 -0.809383
0.122832 -0.000759164 -12.2056
-0.0747417 -0.0206436 42.2597
-0.0788253 -0.0269279 44.6882
-0.109415 -0.0237556 54.0164
-0.0531504 -0.0158757 31.6587
-0.00265136 -0.0251636 12.9689
0.0444614 -0.0213862 -6.48277
0.0260676 -0.090497 7.86813
-0.02995 -0.0568865 24.461
-0.0290322 -0.060275 25.3989
-0.00627926 -0.0620331 13.7796
0.00780513 -0.0731557 10.3778
0.001336 -0.089278 14.6597
-0.0399259 -0.0631811 35.9508
-0.0412405 -0.0645866 36.5237
-0.0340978 -0.0421806 30.3319
-0.0446052 -0.0211271 34.0377
0.0173126 -0.0116015 -5.97381
0.022099 -0.0188955 -7.15241
-0.00320184 0.0332534 4.6989
-0.00765656 -0.0311962 13.6944
-0.0446914 -0.0105038 39.6397
-0.068279 -0.0218668 58.2664
-0.0295478 -0.0214248 27.3091
-0.00353402 -0.0105809 5.49481
0.00211363 -0.011173 0.930858
0.00620399 -0.0232236 -1.39616
0.00922491 -0.0140605 -4.90894
0.00648728 -0.0212711 -1.45972
-0.0323672 -0.0126435 33.3584
-0.0311198 -0.139648 42.248
0 -0.39536 42.3972
0 -0.201275 21.9386
0 0.117492 -6.5224
0 -0.426837 45.8551
0.0444331 -0.384733 -5.26329
-0.0113394 0.0159369 12.3926
-0.00270273 0.150791 -6.89245
0 -0.439884 47.0593
-0.148232 -0.321822 411.164
0.0206107 0.550196 -71.4679
-0.0479955 0.512457 12.7352
-0.0499718 1.65678 -52.8317
0.22148 0.320622 -294.094
0.215253 0.303454 -284.826
-0.126057 0.0793095 17.0243
-0.111502 0.112849 12.9519
-0.108955 0.120884 12.1844
-0.114644 0.137327 10.2794
-0.111142 0.113496 12.8005
-0.120149 0.0913999 16.0678
-0.147801 0.00325387 133.642
-0.18521 -0.0107046 141.128
0.197433 0.0629368 59.4641
-0.0236933 -0.00386538 25.1131
-0.0234622 -0.00411838 24.5291
-0.0169628 -0.0230365 24.8637
0.00390009 -0.0405624 21.6378
0.0590919 0.00194632 6.03057
-0.0994475 -0.0765839 55.923
-0.0857301 -0.0662634 50.6608
-0.0860904 -0.0527076 48.2395
-0.0683424 -0.0333307 39.3639
-0.00383103 -0.0709167 18.5014
-0.0445472 -0.134456 41.981
-0.0145958 -0.0083505 12.3611
-0.00646008 -0.0139826 9.2116
-0.0557931 -0.0286067 34.2537
0.0108142 -0.0421069 2.26904
0.0371876 -0.0735433 -6.57269
0.00781967 -0.0832679 10.0399
0.00232538 -0.0689661 11.752
-0.0158585 -0.0649346 21.42
-0.0248776 -0.041007 24.3647
0.010837 -0.0304882 0.361741
0.04768 0.000840972 -26.782
-0.028004 -0.0436815 29.0032
-0.0361072 -0.0711937 37.6572
0.0174192 -0.0626082 -1.28876
-0.0146541 -0.0427631 20.0277
-0.0449549 -0.0149745 39.3375
-0.023094 -0.000779217 20.0655
-0.0179752 -0.00588532 16.6939
0.00164478 -0.0146748 1.53383
0.0154521 -0.0138791 -10.3289
0.0134741 -0.00797533 -9.2308
0.0162743 -0.0184561 -10.3059
0 0.00695229 -0.182511
0 0.00695229 -0.182511
-0.00444773 -0.00315385 6.7654
-0.000488656 0.00358126 2.42052
-0.0103478 0.00689501 11.867
-0.00194809 0.00730253 3.50098
-0.00922472 0.0149524 10.2648
-0.00447982 0.0175265 5.09536
0.00574618 0.0243583 -6.6353
0 0.00695229 -0.182511
0.0442437 -0.198464 179.247
0.014669 0.0347452 -17.6163
0.0168091 0.0399768 -20.5951
0.0189265 -0.0173457 -12.8723
0.115234 -0.875 -28.873
0.210906 0.0356961 -248.429
-0.0795339 0.0233297 23.7547
-0.0898999 0.0597203 19.1099
-0.111643 0.0868287 16.4864
-0.110694 0.0930478 15.4612
-0.125526 0.0570437 22.0218
-0.128894 0.0493015 22.395
-0.0839507 0.0432344 17.7682
-0.288953 -0.0167644 158.343
-0.00189528 -0.0158204 22.7794
-0.016096 -0.00830227 24.6689
-0.0434116 -0.014371 31.2832
-0.0592573 -0.000428815 32.7181
-0.0421053 -0.0316983 32.4841
0.0246601 -0.000583592 16.4346
-0.103054 -0.129265 63.2397
-0.0543322 -0.0591257 37.9232
-0.047066 -0.0289476 31.3202
-0.098677 0.0430126 37.0104
0.0126474 0.044804 -7.1639
-0.00637091 -0.0369481 13.3756
-0.0194329 0.0145316 11.6342
-0.0228623 0.016326 12.9368
-0.0487462 -0.0140959 29.909
-0.0348606 -0.0111516 21.5027
-0.00190281 -0.0263381 7.45855
-0.00877804 -0.061837 16.3245
0.0164849 -0.0764124 4.18293
-0.000511544 0.00251525 2.85073
0.0176073 -0.0173576 -6.03606
0.010779 -0.0339722 0.777706
0.111027 0.0462839 -73.15
-0.132026 0.0592636 87.4307
-0.0110952 -0.0170028 13.1032
-0.00924902 -0.00712205 9.83033
0.216919 0.0500357 -166.59
-0.0420243 -0.0205396 37.8597
-0.0233859 -0.00912853 21.7289
-0.0170683 -0.00275939 15.6899
-0.00697188 -0.00288255 7.26329
0.0115662 -0.000100299 -8.68128
0 0.00619574 -0.259529
0.0112715 -0.00278891 -7.78577
0.00099342 -0.000960061 0.678906
0.00288596 -0.000806821 -0.234952
-0.00661015 0.00043771 7.93607
0.00223329 0.00566585 -0.950822
-0.00173862 0.00980926 1.49286
0.00407021 0.00615622 -2.5039
-0.0159073 0.0867715 5.49295
0.00735822 0.0181129 -7.56215
0.0100771 0.0244929 -11.3497
0.0174626 0.0260158 -19.7714
0.0703265 -0.0191482 -55.5957
0.0161241 0.0194154 -17.1782
0.0285824 0.0347263 -33.4941
0.0560583 -0.0262165 -55.2693
0.045866 -0.0462385 -40.1415
0.203747 0.0596407 -242.829
-0.0487611 -0.0251496 30.4973
-0.0504959 0.00767594 25.2219
-0.080878 0.0420817 21.287
-0.128638 0.0618186 21.2991
-0.0636473 0.0471346 18.9981
-0.0974259 0.0801311 13.4752
-0.0652495 0.100146 6.47947
-0.21302 -0.016175 146.384
0.059677 -0.0118228 9.98675
-0.012291 -0.014983 24.6146
-0.0487515 -0.00974598 31.3613
-0.0668878 -0.0191047 37.2857
-0.0738754 -0.010032 37.6384
0.00650873 0.00755408 20.3922
-0.109279 -0.0151075 47.4996
-0.144665 0.0316623 50.7026
-0.0538 0.00106036 28.4542
-0.06397 0.0747761 18.7776
-0.0356026 0.0833949 6.64083
0.00942142 0.0395323 -4.79419
-0.018253 0.0257792 9.41807
-0.0448771 0.0431661 18.8769
-0.0687653 0.0205602 34.0284
-0.0414817 0.00900223 21.9303
-0.00772294 -0.0154102 8.59543
-0.0058489 -0.00215564 5.14182
0.000421309 0.0818224 -12.3718
0.0020288 -0.00768053 1.55437
0.0293656 0.00786094 -17.2688
0.255304 0.186378 -191.443
0.154629 0.0107218 -96.9338
-0.241735 0.0587241 161.589
-0.000968704 -0.0374352 8.73316
-0.00216331 -0.00643888 4.63803
-0.00490931 -0.0426315 12.1252
-0.216584 0.125036 150.31
-0.0107932 -0.0172795 12.7698
-0.00757748 -0.00144791 7.70516
-0.00309979 0.00296665 3.19158
0.0102199 0.00378169 -8.06194
0.0137928 0.000259863 -10.5666
0.438674 -0.027713 -390.008
0.00566745 0.000224128 -2.93817
0.00764511 -0.00020328 -4.76257
0.00470028 -0.124415 18.8553
0.0354099 -0.190607 -1.0598
0.00492609 0.010626 -5.14574
0 -0.17417 31.217
0 -0.124503 23.2363
0 -0.132733 24.6874
0.00777171 0.0443239 -14.1425
-0.0476173 -0.109089 91.2626
0.126009 -0.0253777 -117.271
0.00664062 0.175 -19.3137
0.195194 0.125052 -234.034
0.362501 -0.0858636 -410.727
0.106535 -0.0567695 -111.647
0.233398 0.0676895 -280.542
-0.0115355 -0.0452051 33.3221
-0.0120969 -0.0122441 27.1894
-0.0460322 0.0217367 22.5424
-0.0581403 0.0262433 22.4142
-0.0516265 0.0189432 22.8646
-0.0879716 0.172713 -1.72125
-0.071702 0.156735 -1.26329
0.194841 0.0407851 -24.0924
-0.076201 0.145939 8.68803
-0.0332514 0.0607715 15.2884
-0.0318908 0.0741359 12.2561
-0.0624813 0.0389702 26.1188
-0.0875627 0.0435941 31.941
0.046043 -0.00447645 11.2765
-0.0841479 0.0415224 30.2883
-0.0379139 0.0460191 14.7305
-0.0429822 0.0281404 20.3211
-0.0588131 0.04241 23.3481
-0.0639816 0.00853734 31.7734
-0.0223887 0.0409073 8.6868
-0.000586162 0.0820815 -8.46385
-0.0238242 0.121721 -5.06071
-0.0606807 0.0920982 17.5134
-0.0695002 0.106829 19.7934
-0.0316026 0.00173052 18.6502
-0.0223823 0.0157379 19.4614
-0.0270851 0.127255 -2.87531
0.142258 0.378658 -145.218
0.0105348 0.00318318 5.81024
0.106418 0.288 -118.254
0.110522 0.219762 -108.22
-0.00402625 0.0272806 1.88125
-0.0367535 0.0257883 24.1888
-0.024508 0.0887185 2.74498
-0.016843 0.0649794 1.66855
-0.0215384 0.0133245 15.4654
-0.0140871 0.00523084 11.4115
-0.00583566 0.00862392 4.33746
0.00101258 0.00710314 -0.869965
0.00905545 0.00400502 -7.0895
0.0115635 0.00409428 -9.2249
0.0107707 0.00177472 -8.02665
0.0109198 0.00302257 -8.47428
0.0110969 0.00446964 -9.0823
0.0108697 0.00269739 -8.2953
0.00473564 0.00229784 -2.45355
0.00776498 0.000816514 -6.02924
0.0173407 0.00755904 -16.0315
0.00591416 0.00789903 -4.63844
0.0161908 0.0355126 -21.608
0.00650432 0.0700397 -16.9874
-0.22563 -0.0395854 261.429
0.0127795 0.0719576 -26.5129
1.32812 -1.11035 -1319.09
-0.0205879 0.0219363 22.6106
-0.0106575 0.0301487 13.1003
0.103631 -0.275365 -69.1739
0.240258 0.0603012 -287.813
0.00374226 -0.0534997 34.6659
0.0158382 -0.0559937 34.8332
-0.0334895 0.0268272 21.0534
-0.0594304 0.0300973 21.7353
-0.0869585 0.0981153 22.0439
-0.0932639 0.094743 23.4405
-0.171582 -0.00459756 137.891
-0.0209103 0.167992 -3.72476
-0.118156 0.133986 19.0738
-0.0929278 0.151018 11.1089
-0.0604217 0.111273 11.9479
-0.0692143 0.0914156 18.2872
-0.0795693 0.0423197 30.248
0.0466086 -0.00424781 11.0707
0.0762296 0.334023 -86.5252
0.424588 -0.0220751 -132.727
0.0106676 0.0567517 -5.31756
-0.0354009 0.0715601 8.19699
-0.0142853 0.221882 -31.4171
0.0438351 0.220656 -55.4068
0.0146934 0.201665 -38.5342
0.424312 0.0556152 -193.989
-0.0161279 0.235064 -31.0713
-0.00781114 0.321591 -53.5954
-0.0160051 0.284578 -41.3612
0.0384873 0.194096 -50.7823
-0.0140108 0.16826 -16.2739
0.0408852 0.028929 -18.1544
0.00646979 0.00295024 8.35157
0.0564593 0.298341 -88.2509
0.0361817 0.280887 -71.7927
0.0333105 0.290843 -72.3859
-0.0255872 0.0287478 15.9211
-0.0249937 0.0333349 14.7274
-0.0117297 0.00997074 9.09998
-0.0161535 0.0138407 11.5544
-0.00752766 0.0169947 4.09036
-0.00466413 0.0140307 2.76189
-0.00421232 0.00429363 4.32658
0.00817718 0.00306597 -6.06765
0.00495234 -0.000191774 -2.78125
0.548568 0.274154 -529.996
0.0559613 -0.128159 -14.3662
0.0541556 0.0349315 -47.1132
0.0107227 0.00390805 -8.54414
0.00787423 0.00368405 -5.69269
0.0100265 0.00527781 -8.2525
0.00921747 0.00465746 -7.3633
0.00542319 0.0160243 -6.53877
0.0179566 0.0158057 -18.4391
-0.00077381 0.146483 -23.0398
0.00135614 0.0626367 -8.32248
0.271484 0.546875 -414.131
0.0362035 -0.00728471 -35.4798
0.0216906 0.00580803 -20.8746
0.0519798 0.00479533 -57.0532
0.0105551 -0.0335793 0.33388
-0.100749 -0.0185508 132.296
0 0 -1
0.00474315 -0.0919256 42.4976
0.0126062 0.0261859 6.57877
0.0420776 0.124301 -17.903
0.0747117 -0.0799544 26.6593
0.0866669 -0.196013 51.5211
0.0346523 -0.097182 36.03
-0.148023 -0.00677009 134.995
0.0253956 0.208622 -38.0799
0.0110203 0.185471 -29.8056
-0.0346572 0.250453 -35.52
-0.00638531 0.284429 -49.6464
-0.007322 0.306188 -55.3978
-0.0115238 0.319997 -57.5896
0.0232405 0.345475 -73.5561
0.0283663 0.338572 -73.4905
0.0382417 0.233069 -53.5118
0.0149993 0.344044 -70.178
0.0459224 0.261749 -63.7267
0.0223246 0.297628 -62.231
0.0280084 0.285793 -62.1841
0.00619081 0.2815 -51.3265
-0.00324854 0.289058 -48.3569
-0.00810764 0.296477 -47.5655
-0.00498512 0.279049 -45.3331
0.00279818 0.250164 -42.9927
-0.0119359 0.230797 -30.7451
0.0111917 0.266018 -52.3379
0.038015 0.273218 -69.897
0.031711 0.273599 -66.5336
0.0535116 0.268766 -79.8544
-0.0161721 0.353176 -53.3388
-0.0349469 0.1666 10.192
0.0657451 0.239299 -79.0414
-0.0198883 0.118159 2.08269
-0.0369597 0.208455 -11.1384
-0.108458 0.0660933 84.8142
0.0334401 0.00822234 -16.0363
0.00384505 0.338017 -65.4589
0.0628824 -0.24647 14.2537
-0.233422 0.575964 95.5191
0.13679 0.0524256 -117.216
0.0254529 0.0314863 -19.5835
0.04149 0.0389693 -36.2161
0.480983 0.128973 -477.914
-0.142374 -0.0137685 159.45
-0.142374 -0.0137685 159.45
0.728553 -0.00970892 -738.103
-0.0243711 0.148897 4.5648
0.00214449 0.29627 -56.8834
0.0535658 0.151259 -78.404
0.0309653 0.0431533 -37.3472
-0.0111611 0.032938 11.1539
-0.0244821 0.0632641 28.2793
0 0.0080248 1.40808
0.0552083 0.115104 -69.2146
-0.0632175 -0.0304047 89.173
-0.0672661 -0.0161402 90.7184
0.0678798 0.128577 -14.8926
0.0419997 -0.052199 31.1895
0.0715328 -0.111769 44.4511
0.0261704 0.253897 -47.9576
0.0137362 0.198119 -33.0661
-0.0174323 0.0413606 8.82511
-0.0312655 0.0278738 13.805
0.0324053 0.247159 -48.6439
0.0184824 0.235786 -43.978
0.0137837 0.302786 -59.3386
0.0282978 0.337565 -70.4889
0.0220724 0.403834 -86.096
0.0120485 0.35059 -71.0452
-0.00454482 0.368819 -70.1952
0.0330949 0.350879 -77.0083
0.118548 0.241903 -76.1666
0.0125776 0.328347 -65.1052
-0.00656559 0.335763 -60.0046
-0.00362867 0.321465 -57.6418
0.00232838 0.284226 -50.3822
0.0178738 0.289829 -58.4453
0.0108123 0.300389 -57.6434
-0.00522277 0.290827 -47.4884
-0.0129588 0.271614 -39.2622
-0.00328409 0.273698 -44.7745
-0.00951545 0.284524 -44.4491
-0.0177082 0.27872 -38.9325
0.00719616 0.255399 -47.43
0.0100591 0.245071 -46.2947
0.0185177 0.234128 -49.2622
0.0713928 0.239106 -84.8989
0.0814378 0.262836 -97.1217
0.0928085 0.211942 -91.5242
0.0930741 0.226108 -95.4583
-0.0239748 0.118823 4.97377
0.0695914 0.129078 -66.6083
0.0126833 0.779957 -182.047
-0.0183112 0.774755 -156.037
0.00564263 0.476545 -103.811
0 0.493753 -103.442
0 0.48135 -100.331
-0.0156303 0.487806 -88.0081
-0.00888673 0.470551 -89.4872
-0.0996094 0.0731608 98.5342
0.115262 -0.592622 66.724
-0.0343236 0.742604 -129.143
-0.142374 -0.0137685 159.45
0.00245937 0.435519 -91.3926
0.00511477 0.441009 -95.4741
0.0103552 0.344223 -76.8701
-0.0243291 0.202525 -3.84748
0.0498698 0.14927 -73.9853
0.0491067 0.148776 -73.0238
0.00316224 0.159868 -23.179
0 0.44856 -92.2389
0.19664 0.01682 -199.265
-0.0233178 -0.0249002 39.4915
0.417591 -0.00578202 -490.17
0.0414182 0.203052 -34.2287
0.0425505 0.369471 -78.637
0.016104 0.329398 -66.5833
0.0118004 0.285748 -54.3049
0.0420271 0.258628 -50.432
0.0318437 0.281475 -55.2109
-0.122863 -0.00390782 130.449
0.0373319 0.280668 -57.3286
0.011747 0.320581 -63.2038
-0.100169 0.243177 -15.2955
0.0386118 0.360864 -78.5019
0.0305774 0.360945 -76.5544
-0.0164222 0.354644 -62.0376
0.012757 0.324772 -63.5123
0.0247095 0.320039 -66.9018
0.0198159 0.312952 -62.8617
0.0065512 0.306396 -57.2101
-0.0259349 0.294258 -41.4611
-0.0197739 0.27879 -40.103
0.0238371 0.266716 -55.3808
0.0373151 0.289677 -67.1397
0.0269913 0.301817 -64.9192
-0.053677 0.259336 -15.7326
-0.00209849 0.228675 -33.6893
0.021456 0.199881 -38.4474
0.0528486 0.30408 -82.5908
0.0943503 0.127848 -57.0359
0.0177006 0.134927 -15.1329
0.0214509 0.239607 -51.8874
-0.188363 -0.550207 300.835
0.0771916 0.210201 -81.1034
0.0969314 0.213095 -94.4432
0.0817686 0.238089 -90.8497
0.0981914 0.225745 -99.8512
0.163949 0.221702 -145.632
0 0.628536 -141.458
0.0513294 0.60684 -176.088
0.0213764 0.598224 -151.344
-0.0442254 0.58297 -92.9794
0.0495446 0.601953 -177.262
-0.0355003 0.612457 -106.742
0.0405657 0.55303 -158.246
0 0.567606 -125.04
-0.103554 0.183543 77.2808
0.147808 0.0921231 -140.678
0.0221239 -0.084498 24.5835
-0.0284599 -0.087894 75.6129
-0.0187935 0.0241019 37.5969
-0.0160989 0.0424492 29.7876
-0.0179416 0.0647149 25.645
-0.0224111 0.199045 -5.06297
0.0493928 0.149131 -73.4384
0.0496591 0.149 -73.714
0.00316224 0.159868 -23.179
0.197047 0.150756 -233.653
-0.324903 -0.0296555 431.552
-0.028617 -0.136667 104.472
0.415348 -0.00575491 -487.428
0 0 -1
0.0213747 0.401461 -86.1755
-0.00945938 0.377925 -78.0238
-0.00433794 0.35311 -72.3298
0.0288031 0.268745 -51.5687
0.0370321 0.234251 -42.2145
0.0621286 0.25084 -50.2708
-0.076299 0.0837021 27.3183
-0.0966062 0.0380228 44.1165
-0.096091 -0.0444469 68.2866
-0.0491166 0.262763 -31.3058
-0.0781616 0.291849 -27.5541
-0.0486413 0.309264 -40.387
-0.0216633 0.322077 -52.2909
0.0184678 0.340548 -70.2844
0.00689964 0.325908 -62.2073
0.0162617 0.296257 -57.0212
-0.0361093 0.319988 -45.0718
-0.0159983 0.273063 -41.0244
0.04222 0.309786 -74.7591
0.0286838 0.330945 -73.8182
-0.0415074 0.279284 -26.778
-0.075534 0.25168 -2.65025
-0.0128497 0.144492 -4.76749
0.00533908 0.151564 -16.3992
0.0624455 0.0975397 -31.4121
0.0337039 0.078998 -8.56274
0.0447673 0.0640402 -10.639
0.0390033 0.0648109 -7.7604
0 0 -1
0.109621 0.181477 -94.7685
0.122347 0.146753 -93.2738
0.125753 0.208001 -112.808
0.0949094 0.228264 -97.2535
0.0781034 0.225112 -83.7457
0.0332637 0.2267 -50.5422
-0.0488335 -0.121334 117.108
-0.142731 0.139962 113.512
0.0330667 -0.0623774 31.3678
0.230469 -0.152344 -109.57
0.108455 -0.248288 25.014
0 0.296053 -41.0868
-0.0917689 -0.0426639 144.125
0.167959 0.0487576 -122.88
0.0437539 0.285592 -79.5285
-0.00510875 0.34395 -50.3064
-0.0367396 0.42805 -42.9843
0.0287878 0.371085 -92.5044
0.00473669 0.328854 -56.4845
0.00484834 0.328738 -56.5646
0.00452301 0.328538 -56.1558
0.18074 -0.250231 -59.0356
0.0051113 -0.359206 136.556
0.00509078 -0.35936 136.624
-0.247858 0.460681 205.883
-0.309919 -0.0408766 416.676
0.0782186 -0.158588 -19.2542
0.0824753 -0.148847 -27.2299
0 0 -1
-0.119536 -1.35637 449.243
-0.0734455 0.702746 -172.676
-0.046949 -0.0615424 72.6147
-0.0512128 -0.0160126 58.7065
-0.122414 0.0748687 36.8577
-0.105447 0.0855963 31.3389
-0.109139 0.471595 -85.2001
-0.0693306 0.459084 -89.3323
-0.000513179 0.432658 -93.9552
-0.222936 0.262955 7.8044
-0.0559962 0.251253 -20.9229
-0.0462292 0.26372 -27.7979
-0.0295083 0.239294 -24.3031
0.0188514 0.274181 -49.7653
0.0523668 -0.0872514 47.1191
0.0857372 -0.00678048 9.76036
0.0821215 0.0623325 -11.3936
-0.383104 -0.0986093 214.143
0 0 -1
-0.0734281 0.259828 -6.25725
-0.0680004 0.209207 6.46585
-0.0151605 0.2434 -28.7435
0.0125489 0.102345 -5.13878
0.00754504 0.115983 -6.98715
0.0239873 0.0851547 -6.33434
0.0402792 0.0528487 -5.02685
0.0333786 0.015108 10.6146
-0.0880248 0.134734 57.9789
-0.0808584 0.166727 43.343
-0.0936121 0.126731 64.3298
0.097273 0.363283 -140.82
0.0810055 0.229648 -88.0505
0.109699 0.233491 -109.497
0.0729394 0.243071 -85.7659
0.0494359 0.237313 -66.8498
0.0266242 0.25718 -55.0246
-0.1881 -0.177981 243.606
0.0259626 -0.0612048 36.877
0 -0.0588542 64.8987
0.000260168 -0.0728114 69.1171
0 0.411959 -86.088
0.0602674 -0.0868362 17.4322
0.0200359 0.203627 -37.3088
0 0.0366918 33.8319
0.117414 -0.020531 -62.4133
0.120607 -0.0194239 -65.9145
0.00432898 -0.130214 82.8164
0.00332186 -0.186131 100.781
0.00341283 -0.188558 101.45
0.00326947 -0.189842 102.014
0.181209 -0.251047 -59.3119
0.000237789 0.805328 -216.516
-0.223251 -0.423783 442.688
-0.22397 -0.425652 444.134
0.0428966 0.0127703 2.09481
0.0472138 0.0217618 -5.98543
0.0472851 0.0145007 -3.83052
0.509213 2.54019 -818.771
0 0 -1
-0.0537393 -0.119987 92.5002
-0.0354542 -0.0744467 75.9481
0.00145246 -0.0153089 53.5915
-0.0547564 0.0302053 44.3013
-0.0655968 0.0728975 30.9737
0.0144482 0.227927 -26.8172
-0.049277 0.425184 -81.3051
-0.0991029 0.399418 -62.6264
-0.0582397 0.16972 6.81511
-0.111648 0.206973 7.65677
-0.0929025 0.150826 21.9677
-0.0557497 0.11652 22.844
-0.0255159 0.105628 16.783
0.0967227 -0.0223076 10.56
0.104566 0.0479832 -14.9724
0.0879746 0.0923358 -23.6239
0.0993157 0.0883945 -26.4293
-0.429309 1.14635 -176.391
-0.0541431 0.0850106 41.6713
-0.0575424 0.162331 16.9562
-0.0427436 0.187807 1.6013
-0.00412623 0.0915851 6.65953
-0.00178418 0.080635 8.99527
-0.000112229 0.0407225 21.1733
0.00730842 -0.0210779 37.1617
0.0274749 -0.0406719 31.5693
-0.0611305 0.146957 37.4538
-0.0727292 0.16502 38.6843
-0.0905701 0.119411 89.8555
-0.0257866 0.0290766 50.7599
-0.0225031 -0.0767023 83.4447
-0.0232028 -0.138428 104.326
0.0374815 0.260548 -64.6727
0.0427057 0.271907 -72.3761
0.0305095 0.27956 -65.5338
-0.0802692 -0.0828121 149.174
0 -0.124256 98.3738
0 0.881034 -244.833
0 0.704516 -186.847
0 -0.124256 98.3738
-1.30108 0.0293172 1235.46
0 -0.124256 98.3738
0.241898 -0.088723 -141.195
0 1.05634 -300.733
0 1.51588 -456.412
-0.0895102 0.805845 -125.05
0.000673646 0.826018 -223.868
-0.000121766 0.82088 -221.32
0.000237789 0.805328 -216.516
0.000237789 0.805328 -216.516
-0.000266164 0.799368 -213.936
-7.35225e-07 -0.650354 283.54
-0.2202 1.03838 -33.9091
-0.2202 1.03838 -33.9091
0.0409231 0.018042 2.72043
-0.192961 -0.208313 326.778
-0.030537 0.562214 -140.404
0.00594402 2.22062 -740.57
-0.0409551 0.731062 -202.274
-0.037641 0.730449 -202.185
0.769349 -0.0124842 -29.5059
-0.0369189 0.0510841 34.4914
-0.0315033 0.052654 33.2138
-0.120689 -0.00258849 80.812
-0.0865237 -0.00176304 74.0214
-0.107225 0.0751785 50.9142
-0.0885262 0.126005 28.4795
-0.0913193 -0.00581463 75.8297
-0.0749474 0.0850514 39.107
-0.091344 0.0737122 47.5155
-0.0917048 0.0489748 56.0816
0.0898975 0.220422 -53.1361
-0.137359 -0.0203719 299.04
-0.142054 -0.0320227 304.834
0.0734237 0.106236 -22.0354
0.0579679 0.0908807 -10.0665
0.0171279 0.0810642 11.2694
-0.0194676 0.136338 8.09135
-0.0396806 0.154269 11.3115
-0.0530365 0.145172 21.0958
-0.0581788 0.141326 25.0889
-0.0581037 0.139551 25.6595
-0.0562915 0.140811 24.197
-0.0604159 0.151709 35.8
-0.0603535 0.15459 34.724
-0.0689125 0.163753 36.8345
-0.0845127 0.123587 84.3742
0.0434359 0.194913 -45.435
0.0434466 0.194919 -45.4448
0.0417085 0.247296 -62.4575
0.0430371 0.274619 -73.2854
0.0610721 0.262291 -82.9165
0.0677041 0.281138 -94.6672
0.0446744 0.294816 -81.5542
0 0.182948 -7.81988
-0.311765 -0.135602 373.034
-0.32489 -0.102215 372.506
-0.304781 -0.110576 357.878
0 0.0446894 5.50274
0 0.0446894 5.50274
-0.0763311 0.069937 109.315
0 0.0446894 5.50274
0 0.0446894 5.50274
0 0.0446894 5.50274
0.000117722 0.0449191 5.29051
0.000112174 0.0449157 5.29768
7.22315e-05 0.044907 5.34436
7.22315e-05 0.044907 5.34436
5.88936e-05 0.0449051 5.35994
5.88936e-05 0.0449051 5.35994
-0.00589976 -0.442046 172.639
0 0.0446894 5.50274
-0.363163 -0.139427 499.981
-0.378862 0.163237 430.394
-0.0308771 0.565726 -141.68
-0.0302966 0.64457 -170.901
-0.0304374 0.723788 -200.233
-0.0294541 0.726039 -201.126
-0.0331875 0.503238 -118.169
-0.0494128 0.280446 -33.7901
-0.074773 0.105157 34.549
-0.12887 -0.0143512 86.3488
-0.115408 -0.0462187 95.1834
-0.0956871 -0.00275058 75.9438
-0.114541 0.0277346 68.8236
-0.0879085 -0.0541974 91.7878
-0.057758 0.00904281 61.2325
-0.0969182 0.0357703 62.4977
-0.105343 0.0296373 66.9526
-0.0949744 0.030514 63.4857
-0.0949744 0.030514 63.4857
-0.139035 -0.0332352 304.108
0.0576749 0.113638 -18.3577
0.0487986 0.0909124 -6.22507
0.0277921 0.0838878 5.53205
-0.00112242 0.118205 6.00712
-0.0309426 0.13938 12.3228
-0.0514105 0.143564 20.8428
-0.059204 0.141748 25.4822
-0.0577406 0.139635 25.4278
-0.0494926 0.142207 19.8178
-0.0364541 0.135054 14.8665
-0.0235866 0.12869 9.46406
-0.0126465 0.12317 4.6797
-0.00501122 0.117866 1.72356
-0.000193412 0.114477 -0.225641
0.00172672 0.111663 -0.497896
0.00172672 0.111663 -0.497896
0.0360046 0.246493 -58.0836
0.0566134 0.257873 -78.0481
0.0684469 0.263552 -89.0735
0.0716622 0.265505 -92.2626
0 -0.538672 263.281
-0.0284979 -0.605041 312.381
0 -0.538672 263.494
0.0343526 -0.57394 245.902
0 -0.538672 263.281
0 -0.538672 263.494
-0.0371799 -0.637173 336.042
0 -0.538672 263.494
0.050387 -0.395722 159.827
0 -0.538672 263.494
-0.00025375 -0.545673 266.327
-0.000524794 -0.545332 266.491
-0.000671906 -0.540959 264.999
-0.000671533 -0.540959 264.998
-0.000667103 -0.540954 264.992
-0.000659672 -0.540956 264.984
-0.00065675 -0.540958 264.981
-0.00065675 -0.540958 264.981
-0.000380614 -0.540792 264.596
-0.413697 0.111787 492.121
