-0.0244559 -0.0204195 27.1928
-0.0244556 -0.0204194 27.1928
-0.0624763 0.0210254 28.1117
-0.0400142 -0.036779 27.3073
-0.0332165 -0.0110163 25.3003
-0.0319694 -0.0363024 26.774
-0.0510889 0.0602429 26.1686
-0.0813271 0.08596 28.8941
-0.061437 0.108935 24.8158
-0.0403188 -0.0805605 34.0182
-0.114036 0.110398 47.6646
-0.117271 0.0507141 48.198
0.267248 0.134666 -52.9044
-0.006139 -0.0163048 20.0866
-0.119185 0.0343282 53.7555
-0.146844 0.0225507 62.1439
-0.088495 0.0716378 40.5079
-0.0182396 0.0866462 14.5185
0.0813776 0.0570214 -23.3152
0.220371 -0.212326 -87.2267
0.233944 -0.220492 -93.0168
-0.00221939 -0.0897234 13.7549
0.0460769 -0.799375 -4.34024
0.0102678 -0.0107024 18.9498
0.00238375 0.116352 15.8812
0.021505 0.107569 5.91722
0.00351372 0.105639 15.5117
-0.109177 -0.00645065 90.7803
0.0609299 -0.0566766 -11.2574
0.0830987 -0.0079858 -25.3437
-0.0419189 -0.637149 59.2498
0.101291 0.0776554 -49.2589
0.104243 0.0807394 -55.7804
-0.136652 -0.0779207 115.041
-0.106357 -0.0465935 91.9226
-0.0557379 0.0183155 48.9051
-0.0760927 0.0224403 64.087
-0.0170202 0.00567211 16.2286
-0.0241871 -0.00211628 23.1963
0.0293175 0.202291 -23.2811
-0.008362 -0.0572881 11.8908
0.147801 -0.0944675 -122.579
-0.00868754 0.00096498 9.29715
0.0144024 0.519531 9.4307
-0.134739 0.270742 152.651
-0.0393488 -0.228072 60.283
-0.036332 0.382105 57.4019
0.060581 0.508297 -41.5179
-0.0482088 0.472616 71.2722
0.0118804 0.387242 8.21734
0.0301936 0.429487 -11.8423
0.0499005 0.473592 -34.467
0.0535538 0.356971 -39.6555
0 0.357535 20.9632
-0.0174883 0.357868 41.6116
0 0.366527 21.0172
0.177303 0.10603 -212.583
0.0089702 0.176837 232.985
0 0 -1
-0.00748828 -0.0263408 26.0278
-0.0732856 -0.0152739 28.9761
-0.103243 -0.0583927 31.7145
-0.122654 -0.37915 43.8432
-0.0653848 0.0231721 28.8898
-0.0885513 0.00960761 31.9543
-0.0672584 0.0627014 27.514
-0.0238331 0.140611 16.8386
-0.000721204 0.11766 12.5905
0.0434678 0.137268 2.7041
0.0916471 0.060918 -5.54438
0.161042 0.0180506 -20.4005
0.110847 0.0254628 -7.06825
-0.0291579 0.00522193 26.1046
-0.115313 0.0494323 51.4588
-0.081164 0.0558267 38.6857
-0.0431521 0.0271864 26.3451
0.035099 0.02574 -3.76618
0.0908568 -0.00785001 -24.4814
0.149694 -0.0988202 -51.5624
-0.0872073 0.0198358 51.2407
-0.0888222 0.0136743 52.2974
-0.0494112 -0.0292445 33.4995
0.31897 -0.0434245 -155.839
-0.00844833 0.748117 -13.849
0 0.477273 -10.7921
0.0578101 0.135816 -35.1557
0.000420662 0.0613197 2.4503
-0.0110542 0.0750749 8.76437
0.0385767 0.348688 -31.7259
-0.0173331 0.154521 11.8622
0.0176064 0.476878 -21.9913
-0.0114125 0.124509 8.12769
-0.108656 -0.0640197 94.0132
-0.0884074 -0.0453222 76.6342
-0.0661638 -0.00917001 56.9335
-0.0596919 -0.0284399 53.4231
-0.0156641 -0.015386 15.8265
-0.00787187 -0.0124718 9.0966
-0.0148188 -0.0425299 16.7326
-0.0127058 -0.0231284 14.2548
-0.0014732 0.00655046 2.39486
0.252826 0.1397 -222.518
-0.00161937 0.00836416 2.38258
-0.00101349 0.00438115 1.9464
-0.00289945 0.00275211 3.86363
-0.00289156 0.00228066 3.86904
-0.00284754 0.00205251 3.82917
-0.00249519 0.0016934 3.46878
-0.00234108 0.00173336 3.30154
-0.00217569 0.00177428 3.1204
-0.00228628 0.00182246 3.24385
-0.00235023 0.00185309 3.31586
-0.00266203 0.00178698 3.67832
-0.0937491 0.0580513 125.129
-0.00313151 0.00186235 4.23122
-0.0847413 0.193311 111.11
-0.158609 0.246172 2.28766
-0.139693 0.243053 1.18546
-0.0776756 0.214427 -0.899779
-0.0110257 0.190477 -3.49677
0 0 -1
0.30645 -0.373352 -1.8907
-0.0145653 -0.0984786 24.505
-0.0479963 -0.0437382 27.9429
0.0352894 0.0110228 10.5305
-0.00463928 0.0896331 15.641
0.0492616 0.07772 4.16148
0.0682273 0.0401161 1.81615
0.139359 0.0219506 -15.3643
0.121257 0.000158325 -9.04997
-0.00230945 -0.0393701 19.4637
-0.0792589 0.0463929 39.2924
-0.100979 0.0134393 47.8073
-0.0202406 -0.0241619 19.4584
0.0666948 -0.0566022 -12.6275
0.0424387 -0.0367768 -3.49755
0.00442733 -0.0274767 13.2087
-0.0691441 0.0402895 42.5725
-0.0954726 0.0591 53.6615
-0.032043 -0.0707733 26.5663
-0.0852215 0.0743323 51.2266
-0.0736251 -0.0159899 46.0341
-0.00858039 -0.0157963 9.8598
-0.0385735 0.237048 19.5602
0.00515638 0.179555 -3.62927
-0.00459813 0.0376439 8.16126
-0.00886814 0.160064 6.51507
-0.0114678 0.181254 7.82382
0.0223257 -0.047299 -6.38974
0.145559 -0.0618554 -92.3941
-0.0758794 -0.0771225 69.686
-0.0959094 -0.0542338 82.9832
-0.0319387 -0.0349666 29.9513
-0.57037 -0.333456 478.312
-0.162268 0.0168782 136.528
-0.0024029 -0.004213 4.33297
-0.0191478 0.00940797 18.2646
0.00150653 0.00295462 0.131132
-0.00229969 0.0124213 2.92728
0.173547 0.146742 -149.315
-0.0660849 -0.234446 110.44
0.0815157 -0.22952 -33.7421
-0.0457679 -0.786588 95.6779
-0.00293442 -0.143696 18.7271
0.0163726 -0.410521 12.1446
0.0163345 -0.406992 11.5106
0 -0.153181 16.2157
0 -0.153181 16.2157
0 -0.153181 16.2157
0.243 0.24006 -282.278
0 0.649833 -21.4523
-0.105445 0.0585868 139.171
-0.126908 0.0808795 389.68
0.190806 0.186904 0.411436
-0.17863 0.23882 2.90479
-0.174927 0.249199 2.33185
-0.188559 0.187905 6.91238
-0.0244337 0.186422 -2.51575
0.00343218 0.174306 -3.59911
0.0318463 0.0501723 2.79622
-0.000904766 0.10158 8.65748
0.0173686 -0.0260672 15.5651
0.0769408 0.038757 -0.277233
0.0558998 0.00940561 7.31859
0.0173411 0.0122056 15.6256
0.0854303 -0.0133384 1.35987
0.134717 -0.00319637 -12.1071
-0.354404 -0.0862875 131.597
-0.0552166 -0.000531908 34.2483
-0.0830035 0.0122591 42.2199
-0.127352 0.00191738 58.0373
-0.0648925 -0.0227677 36.5977
0.0221293 -0.0447865 5.01941
0.0408497 -0.0876985 1.57696
0.00130634 -0.068122 16.4759
-0.248332 -0.0262869 132.154
-0.0707511 0.0335758 43.6071
-0.0400412 -0.0794123 31.1662
-0.0462966 0.0362592 33.3318
-0.0298607 -0.0464961 23.3546
-0.0421232 -0.0482859 30.2603
0.0216448 -0.0160249 -6.40547
-0.00868821 -0.0665801 16.0865
-0.00584018 -0.0415134 12.0963
0.0574818 -0.336085 -5.64617
-0.00633114 -0.0496853 12.7185
0.237287 -0.019946 -162.076
-0.00958077 -0.0461656 14.3562
-0.0341491 -0.0691612 38.0902
-0.511507 -0.102595 405.954
-0.0383766 -0.0429183 36.1979
0.0029672 0.00659793 -1.51277
-0.0166638 -0.00673176 16.2126
-0.00737802 0.00613433 7.79394
0.00262236 -0.0119608 0.355066
-0.00533016 -0.00128102 6.79814
-0.00484185 -0.00295242 6.57952
0 -0.053589 6.0604
-0.0169338 -0.0183472 19.9233
-0.27153 -0.286118 343.374
-0.00337988 -0.00105669 4.26374
0.00173508 0.0276466 -0.98254
0 0.027487 0.813843
0 -0.173881 14.2304
0.00225179 -0.000896472 -1.59598
0.00238198 -0.00100038 -1.73443
0.00300011 -0.174268 10.8454
0.0307198 0.0247793 -34.5159
0 0.027487 0.813843
-0.00220043 0.00211224 3.12959
-0.0917991 0.0676279 347.81
-0.106092 -0.0122422 167.085
-0.158926 0.201371 6.31929
-0.151669 0.150335 12.0009
-0.149725 0.184307 7.24634
-0.115336 0.187464 5.14514
-0.0550872 0.187665 0.795244
0.434395 -0.482176 19.2766
0.103904 0.0617121 -7.49665
0.0861423 0.0338796 -0.339836
0.0912892 0.0995072 -6.96058
0.0367253 0.0540375 6.9752
0.0432947 0.00247217 10.3655
0.0651767 -0.050315 8.94391
0.131871 -0.00649388 -11.2264
-0.444012 -0.0330418 153.76
-0.0483995 -0.0372051 35.8575
-0.066682 -0.0505323 42.9743
-0.110671 -0.0322928 55.1412
-0.0483418 -0.0298488 31.205
0.00237634 -0.045528 13.3127
0.0299658 -0.0640427 4.05889
0.0175816 -0.0924512 11.8288
-0.0138458 -0.0160757 12.5744
-0.0375251 -0.0328187 26.4584
-0.024387 -0.0432914 20.5466
-0.0117453 -0.022328 11.9592
-0.0169574 0.0374401 7.4981
0.0196173 -0.0376188 -4.51566
0.0259874 -0.0420997 -6.94166
0.00999751 -0.0453354 2.76853
0.00261183 -0.0262428 4.69388
0.0296458 -0.00788485 -13.2571
-0.00705459 -0.028473 11.7774
-0.00221465 -0.0065561 6.04892
0.00266508 -0.0531412 8.30888
-0.0113646 -0.058469 19.3545
-0.0736054 -0.050024 65.6783
-0.0600342 -0.0365249 53.497
-0.0121352 -0.00730789 12.2513
-0.0252736 -0.0142445 23.7189
-0.0105562 -0.00805915 11.0814
-0.00047131 -0.00269521 2.22102
-0.00110006 -0.00534824 3.23256
-0.0183481 3.27392e-05 19.2782
0.0400929 0.114652 -44.962
-0.00133761 0.220969 -16.8109
0.253672 -0.10178 -184.257
-0.0060389 0.230928 -13.1223
0.0073351 0.220745 -25.8639
0 0.227109 -18.8475
-0.0373527 0.235724 20.2271
-0.0149484 0.237586 -3.45351
-0.0463268 0.129694 42.7082
-0.00433946 0.223103 -13.6213
0.0810439 0.231395 -105.872
0 -0.0285993 56.9418
-1.10284e-06 -0.0285993 56.9431
-0.0609538 0.066725 310.355
0.375325 -0.0452718 -212.707
-0.13945 0.0853019 18.4491
-0.118665 0.0809738 18.9
-0.121504 0.0933388 17.703
-0.143728 0.101328 17.0189
-0.112308 0.0649677 18.6174
0.022973 0.0229672 7.79884
0.0929892 0.0293173 -2.3195
0.151532 0.0664879 -13.8181
0.025221 0.0266716 13.2959
0.0144643 0.0451923 11.9663
-0.00400723 0.0152056 19.2371
0.0474885 -0.010584 9.7723
0.0895977 0.0219908 -3.25067
-0.117754 -0.145013 69.6201
-0.0678507 -0.0914807 47.7211
-0.089289 -0.0938827 54.8869
-0.105808 -0.061429 56.2497
-0.0914378 -0.0701116 52.1659
-0.0248501 -0.0874699 28.3058
-0.0447069 -0.132829 41.6897
-0.0452388 -0.0300267 28.5445
-0.0178512 -0.00204954 13.1185
-0.0340321 -0.0165099 21.7158
-0.00500797 -0.0213506 7.56549
-0.00851516 -0.00496769 7.84321
0.0090632 -0.0146919 -0.49065
0.0139344 -0.0183758 -3.58797
0.0185654 -0.0312867 -4.17998
0.0241884 -0.0219383 -9.21942
0.0134152 0.00327169 -5.18209
-0.0760953 0.0335449 52.7006
-0.0278531 -0.027116 26.7239
0.0474538 -0.0361944 -25.8228
0.0114727 -0.0553032 2.59115
-0.0440917 -0.0555763 44.9498
-0.0751626 -0.040619 65.8733
-0.0529411 -0.0254762 46.9005
-0.0257403 -0.012294 23.9245
-0.0104434 -0.00354523 10.4757
-0.00632294 -0.00408832 7.22374
0.00882393 -0.0108029 -5.1443
-0.00256102 -0.00882447 5.0047
0.294206 0.0490713 -270.571
-0.00550903 0.00678831 6.30726
-0.0263279 -0.278048 61.2651
-0.00493984 0.00167778 6.05481
-0.00450261 0.0032866 5.43905
-0.00364037 0.00225116 4.63459
-0.00339781 0.00162764 4.43313
-0.00255905 0.00171942 3.53526
-0.00219785 0.00183765 3.14354
0 -0.296752 38.2868
0 -0.296752 38.2868
0.0776398 0.224592 -101.113
-0.0182408 0.258504 -3.52739
0 0.307578 -20.1074
0.157125 -0.148248 -134.271
-0.0395674 -0.196427 113.299
-0.0999601 0.00552232 27.8178
-0.100075 0.0372414 23.3471
-0.13099 0.0936262 17.8417
-0.165407 0.0851119 20.8453
-0.170562 0.0813045 21.4981
0.00965492 0.0447934 6.17165
0.0941318 0.0513383 -5.46926
0.0422393 0.0256051 10.5175
-0.00785729 0.00935067 21.7316
-0.0214602 0.00295912 24.979
-0.0464172 -0.00935845 31.9705
-0.0273795 -0.0096493 26.7222
0.407818 -0.011655 -86.8672
-0.0779923 -0.0970237 51.3303
-0.0806596 -0.0878645 50.2123
-0.074133 -0.0549929 44.2541
-0.10604 -0.0428564 54.3036
-0.0808131 -0.0255941 40.3205
-0.04948 -0.0565805 33.5439
-0.0489327 -0.0182279 28.7401
-0.0240392 0.0194639 13.0951
-0.0290092 0.0134501 16.3338
-0.0587624 -0.0084718 33.8271
-0.0229091 -0.00538563 14.7775
0.00921019 -0.0115485 -0.352948
-0.0233621 -0.015174 17.1124
0.00880772 0.00140275 -3.6508
0.014765 -0.00297204 -6.16894
0.16128 -0.218604 -66.3321
0.0368748 -0.00849814 -18.9631
-0.00875866 -0.0130397 12.8552
-0.233406 0.24681 130.488
-0.0182264 -0.0227701 18.1154
0.0313228 -0.0387647 -14.4917
0.014157 -0.0564625 0.804799
-0.0267931 -0.0358024 27.9511
-0.0185004 -0.0265317 20.1585
-0.0116337 -0.0038652 11.4983
-0.00338277 -0.00149095 4.19257
-0.0051031 -0.00982349 6.70331
0.00379712 -0.0111057 -0.765232
0.00194754 -0.0170029 1.77406
-0.0049285 -0.00556635 6.6986
-0.00674081 -0.00692548 8.61191
-0.00418423 0.00200455 5.28752
-0.00531058 0.00221237 6.32675
-0.00514275 0.00258568 6.10078
-0.00462726 0.00209443 5.64821
-0.0040083 0.00225824 4.98846
-0.00330602 0.00182005 4.31391
-0.00255561 0.00172257 3.52336
-0.00216305 0.00165451 3.10735
-0.00202645 0.00164647 2.95863
0.108986 -0.0301535 -104.327
0.310726 -0.0283216 -339.672
-0.00323148 0.00207715 4.36327
0.643697 -0.241669 -713.618
-0.00401717 0.00213094 5.28314
-0.0695373 -0.039213 34.053
-0.0686297 -0.00311822 28.208
-0.086925 0.0418724 22.2347
-0.1337 0.0749744 20.2884
0.0243252 -0.112752 30.6641
0.0280673 0.0828718 -1.35463
0.0779602 0.0807613 -7.56074
0.0931977 0.0146429 1.6945
0.0151171 -0.00744047 19.5517
-0.0335153 -0.0094985 29.0554
-0.0506243 -0.0112997 32.831
-0.0277143 0.000673761 24.6964
0.0480829 0.00869891 10.3515
-0.0409012 -0.0407374 30.9165
-0.0224998 -0.00235646 19.0459
-0.0552157 0.00237581 29.1163
-0.0921568 0.00168853 42.1797
-0.0644633 0.0550143 22.7842
-0.0372338 0.0264239 17.0776
-0.0157819 0.0274122 8.23146
-0.0116467 0.0278913 6.45756
-0.0426799 0.013101 22.7455
-0.0683753 0.0119664 35.3103
-0.0331924 0.00146836 19.0781
0.000406281 0.0115808 0.629954
-0.015558 0.0348751 4.89073
0.0150559 0.0885521 -21.7413
0.048201 0.0135334 -29.5824
0.0416156 -0.0193417 -20.4228
0.0814569 0.00630287 -49.0071
0.038269 -0.394719 39.8262
-0.0685167 0.0285279 51.3707
0.0147717 0.00467751 -9.92851
-0.0013428 -0.0663043 13.5806
0.0580879 -0.227558 -4.95741
0.00828101 -0.022595 -0.664934
-0.0117701 -0.00851938 12.0249
-0.00426577 0.00192089 4.52429
-0.00456093 0.0131961 2.98694
-0.149321 0.0178131 123.661
0.0071625 -0.012396 -3.08306
-0.00405323 -0.000489289 5.19224
-0.00529378 0.00243443 5.74127
-0.00356108 0.00261148 4.61953
0.205188 -0.0202508 -146.419
-0.115675 -0.0207168 164.273
-0.00626512 -1.20762e-05 7.27992
-0.0045068 0.00289903 5.40987
-0.00354926 0.00371281 4.28498
-0.00327578 0.00308302 4.09949
-0.00295356 0.00302513 3.7656
-0.00277414 0.00243561 3.6748
-0.00239289 0.00201954 3.31898
-0.00239386 0.00204754 3.31992
-0.00204694 0.00155527 3.00046
-0.00294034 0.00152845 4.06051
1.03882 0.0391444 -1249.44
0.417939 0.0283373 -483.727
-0.039981 -0.0648788 37.985
-0.0363861 -0.0339382 32.3168
-0.0440175 -0.025112 31.2545
-0.0624619 0.0162486 24.7601
-0.0727819 0.0676349 15.9283
-0.0386972 0.126584 0.525441
0.0115107 0.0715874 3.50393
0.0760517 0.024142 1.57753
0.0355093 0.0814738 -0.493697
-0.0388617 0.0554764 18.2602
-0.0356977 0.0409997 20.0872
-0.0270621 0.0301586 19.346
0.599365 0.0722906 -153.193
-0.079897 0.216456 -2.18777
-0.0853262 0.0403116 32.0318
-0.0646687 0.0432486 25.3694
-0.0618771 0.0277846 27.279
-0.0473312 0.0490814 18.0287
-0.04239 0.0615331 13.9284
-0.0389832 0.0453329 15.1878
-0.0382832 0.0358883 16.7643
-0.0455716 0.0166654 23.348
-0.0400006 0.0415851 15.8711
-0.0128942 0.0415869 2.11963
-0.0168567 0.0236103 7.42617
-0.106813 0.0327032 63.872
0.0488866 0.0886781 -39.9761
0.0556092 0.0559237 -31.9807
0.0147446 0.0405517 -3.94164
0.0751824 0.0248304 -47.8519
0.141683 0.0285117 -91.6868
0.134438 0.0161697 -84.2416
-0.0143635 0.0838213 -3.33824
-0.0121023 0.097751 -7.60189
0.000668394 0.0101838 -0.580941
-0.0171559 -0.00133226 14.9972
-0.0111046 0.0108564 8.16871
-0.0083947 0.00708787 7.04616
0.000929948 0.00941783 -1.13849
-0.0117251 -0.000131767 12.7596
0.00124068 0.00628438 -0.876467
-0.00433455 0.00570542 4.06466
-0.00504047 0.00602856 4.64474
-0.00465376 0.00308931 5.56428
0.0722656 -0.132812 1.45443
0.231141 0.16857 -208.672
-0.00483577 0.00372616 5.61574
-0.00459053 0.00455148 5.22125
0 -0.0147744 3.42794
-0.00348927 0.00402281 4.16668
-0.00337122 0.00452113 3.9515
0 -0.0147744 3.42794
-0.00271453 0.00295543 3.52382
-0.0031262 0.00309015 3.97848
-0.00324384 0.00266582 4.2157
-0.00361762 0.00275663 4.65239
0.0350992 -0.016727 -7.58248
0.0639107 -0.0839928 -30.1898
-0.0138856 -0.48099 118.514
-0.0186549 -0.368879 96.0766
-0.103682 -0.0922934 47.928
-0.129887 0.0482735 36.1661
-0.091299 0.0503686 32.6146
-0.108325 0.0559309 33.4751
-0.0988291 0.0646514 30.5372
-0.104942 0.0891893 25.7382
-0.0689222 0.139324 9.15531
-0.070562 0.117297 13.615
-0.0579725 0.106747 13.0335
-0.064732 0.0860802 18.4438
0.0312138 -0.00204333 16.81
-0.122541 -0.0462092 61.8104
-0.00963703 -0.0885961 31.8607
-0.0660873 0.0182686 29.7377
-0.0502009 0.00895983 26.6296
-0.0196573 -0.00881136 18.8381
-0.0381919 0.0429794 15.9774
-0.0481344 0.0472377 18.8936
-0.0479476 0.0395446 20.3685
0.1078 -0.146245 23.9512
0.100334 0.310179 -106.869
0.029029 0.281128 -64.7054
0.0673839 0.184302 -63.9007
-0.00768458 0.0140951 12.2861
0.0401858 0.150824 -43.8173
0.0446356 0.150204 -45.1624
0.00278984 0.0958609 -8.30093
0.000850065 0.300206 -52.9729
-0.0104353 0.323878 -50.9591
-0.013604 0.332664 -50.6929
-0.0314197 0.165766 -6.61551
-0.0163969 0.0856609 -1.59039
-0.0220894 0.0395058 11.461
-0.0258512 0.017795 18.3409
-0.00556125 0.0196044 2.775
-0.00503461 0.0263507 1.15567
-0.00771713 0.0103743 6.21849
0.000341433 0.00224199 1.10398
-0.00240297 0.00822055 2.38617
-0.00308758 0.0040709 3.92416
0.0051214 0.0639261 -16.8788
0.00123396 0.0502078 -10.5824
0 0.0703701 -13.4809
-0.00464946 0.00563171 5.08411
-0.00495805 0.00685967 5.07715
-0.00497217 0.00568327 5.38811
-0.00414007 0.00528508 4.61328
-0.00443611 0.00498751 5.0254
0 0.051679 -9.71891
-0.00372319 0.00422787 4.42018
-0.00393528 0.0033308 4.89452
0.492086 -0.0344003 -549.847
0 0.0093149 6.39354
0 0.0093149 6.39354
0.0384389 -0.0151651 -11.9442
0 0.0112476 6.02248
0.0535235 0.122949 -12.3664
0.0601638 0.0929634 -6.06164
0.00968563 -0.129514 48.4333
0.0611536 -0.147583 47.7374
0.0988335 -0.170835 49.6611
0.169867 -0.436587 103.852
-0.0105401 0.136402 -13.8952
-0.00823897 0.207239 -30.9306
-0.00934381 0.214264 -32.2023
-0.0837816 0.0379148 25.7843
-0.0668475 -0.0272353 36.6373
-0.0623179 0.210745 -18.6179
-0.0336104 0.277082 -40.9939
-0.00672308 0.294376 -52.1329
-0.000190747 0.240186 -40.3431
-0.00163186 0.281279 -49.732
-0.0314611 0.247316 -30.4574
0.00140746 0.349747 -66.1591
0.0639186 0.269281 -70.8205
0.0567872 0.272612 -68.6067
0.0426878 0.272729 -62.5118
0.0151882 0.234873 -41.3615
-0.0045451 0.210542 -26.3586
-0.02343 0.183897 -10.4319
0.0176379 0.278772 -57.4597
-0.00725035 0.25077 -37.7547
-0.0113908 0.240645 -32.7202
0.0349787 0.226286 -55.7023
0.0161549 0.274763 -55.8923
-0.0130458 0.292267 -41.8422
0.00452868 0.317907 -59.0233
0.0138746 0.340024 -70.446
-0.043951 0.381714 -39.4888
-0.101558 0.611049 -51.4794
0.191256 0.431452 -225.145
-0.295419 -0.0553413 253.047
-0.00933507 0.0157995 6.66983
-0.506146 0.300672 354.698
-0.0248382 0.123046 -2.07811
0.173311 0.6349 -274.336
0.270937 -0.0933984 -203.282
-0.0016712 -0.220124 60.9122
-0.019854 -0.224057 78.5824
0 -0.22094 59.6028
0 -0.22094 59.6028
0 -0.22094 59.6028
-0.00279915 -0.224209 63.1315
-0.000682394 -0.220633 60.2306
-0.00575866 0.493174 -92.8356
0 -0.22094 59.6028
-0.00379949 -0.219329 63.3631
0 -0.22094 59.6028
0 -0.22094 59.6028
0.2409 0.0286153 -274.963
0.108203 0.0621094 -117.233
0.00987525 -0.142362 30.7357
0.0320134 0.00723874 -8.93418
0.0317259 0.0538974 -18.9832
0.0449698 0.133074 -14.815
0.0118647 0.132132 -13.6833
0.00046976 0.206922 -32.2126
0.0282009 0.184631 -28.8247
0.0290738 0.205784 -34.7004
0.00984004 0.223846 -37.2575
-0.0306505 0.20827 -28.4168
-0.0301674 0.258652 -40.1278
-0.0217473 0.231076 -34.0002
-0.0123977 0.140331 -13.0375
-0.0414701 0.193611 -19.7737
-0.0200616 0.264704 -41.573
0.00797058 0.358446 -70.5973
0.0240626 0.365529 -77.0974
-0.000641212 0.318768 -57.6747
0.00574806 0.349163 -67.6126
0.0183679 0.328943 -66.8995
0.0296485 0.332765 -71.3084
0.0319774 0.313172 -68.0524
0.0431237 0.27642 -63.7187
0.026616 0.270846 -54.7648
-0.0149338 0.239419 -28.58
-0.0132985 0.204374 -20.7725
-0.0345663 0.203273 -9.77176
-0.062515 0.257289 -8.99787
-0.00489561 0.265491 -41.8547
-0.039496 0.251385 -17.9884
-0.00276674 0.204238 -27.7531
-0.0244501 0.226672 -18.707
-0.0103027 0.231108 -28.8954
0.0102574 0.238691 -44.2332
0.0550285 0.26587 -80.1566
0.0174635 0.334326 -71.5361
-0.00432546 0.373236 -65.2053
-0.167022 0.168972 102.423
-3.48513e-05 0.0241251 1.8887
0 0.0241204 1.86301
0 0.0241204 1.86301
0 0.0241204 1.86301
-0.000333023 0.020298 3.08466
-0.234883 0.256093 213.526
-0.233096 0.241047 215.795
0 0.0234444 2.01599
0.00242858 0.022124 0.0511223
0 0.0234444 2.01599
0 0.0234444 2.01599
0.000343108 0.0234005 1.68119
0 0.0234444 2.01599
0 0.0234444 2.01599
0 0.0234444 2.01599
0 0.0234444 2.01599
0 0.0234444 2.01599
0.242073 0.00551039 -270.965
0.258233 0.0162188 -292.173
-0.00298176 0.00554729 10.6368
0 0.00409128 7.50446
0.0354879 0.0088307 -13.5549
0.141363 -0.0278126 -131.898
0 0 -1
0.00781389 0.196759 -30.1379
0.00208447 0.212831 -33.3042
0.0290802 0.215421 -36.8567
-0.0162426 0.191132 -25.527
0.0136605 0.276414 -51.2169
-0.00243466 0.295935 -54.0207
0.0425755 0.330572 -71.0183
0.0535962 0.494686 -117.024
0.0753661 0.381541 -88.9593
0.0131198 0.310575 -55.0104
-0.0610559 0.325519 -42.7469
-0.0138053 0.357997 -64.3273
-0.0151881 0.301143 -48.1013
-0.00802898 0.32214 -56.5274
0.00222576 0.325348 -60.4595
0.0096567 0.302264 -56.6488
0.0112733 0.248961 -42.8318
-0.0024093 0.259882 -40.6709
0.0362972 0.272846 -60.1531
0.000845319 0.261856 -41.2003
-0.0428639 0.27632 -25.6804
-0.0171961 0.289081 -41.8224
-0.0147569 0.244884 -30.9618
-0.0383512 0.237497 -16.5471
-0.029775 0.256403 -26.2403
-0.0309281 0.234144 -18.7764
-0.0869538 0.155767 34.2294
-0.0534964 0.996706 -210.267
0.0459547 0.117341 -34.8409
0.0736222 0.164251 -66.3748
0.131349 0.191184 -111.658
0.0805169 0.247136 -92.5136
0.031854 0.321587 -78.5898
-0.0066953 0.0181388 3.9959
0 0.0206239 -0.695768
0 0.0206239 -0.695768
-0.0140941 0.0144413 11.1874
-0.0140382 0.0321398 6.79512
-0.00412193 0.0322056 -1.92263
0 0.0999119 -22.1136
-0.117402 0.18427 130.037
-0.0118855 0.0163681 8.6
0.00244236 0.0432683 -10.7689
0.00218376 0.0506741 -12.4187
-0.141574 0.214402 129.13
0.00302282 0.0572492 -14.9277
0.00193777 0.0551487 -13.3151
-0.00467594 0.0057351 5.07894
-4.45169e-05 0.0418829 -8.0448
0.00126504 0.0457827 -10.3193
-0.00484636 0.00548317 5.33342
0.00164537 0.00564691 -1.89499
-0.001538 0.0375428 -4.96868
0.572729 0.216739 -691.434
0.0448063 0.435422 -133.279
0.231614 0.0992982 -275.27
0.0824501 0.0695897 -84.4843
0.154205 0.831991 -225.799
-0.00136051 0.211195 -33.2847
0.00590079 0.203716 -31.185
-0.0138267 0.221285 -34.8419
0.0451932 0.257702 -49.3419
0.0760381 0.330664 -73.4369
0.0678482 0.517654 -126.159
0.0430494 0.453454 -103.338
0.0251392 0.351436 -70.3296
0.0387855 0.316295 -63.0833
-0.00672843 0.32478 -54.9685
0.0134521 -0.0380487 41.1039
-0.0506032 0.339351 -48.6417
-0.0222034 0.325278 -53.1108
0.0098008 0.314785 -59.3143
0.000601368 0.268844 -43.1509
-0.0375714 0.21763 -16.5497
-0.124886 0.037005 68.3865
0.108869 0.00239098 -12.8161
0.101968 0.245549 -80.531
-0.0145919 0.281014 -39.3025
-0.0462707 0.27891 -24.8946
-0.03017 0.278862 -32.5454
-0.0153998 0.28231 -40.5533
-0.0393268 0.282954 -28.1105
-0.0468478 0.271576 -20.9144
-0.0529132 0.130051 33.0626
-0.0578301 0.129883 36.1077
-0.072053 0.165968 34.0038
0.0970456 0.118691 -68.713
0.115312 0.162555 -93.1189
0.12153 0.158767 -96.1281
0.133158 0.153556 -102.705
0.0946292 0.255961 -105.265
0.0904079 0.292918 -113.713
0.074627 0.235908 -83.4793
-0.0346365 0.493512 -81.9573
-0.00907337 0.0122248 7.94985
-0.0141119 0.0282251 7.84025
-0.0130173 0.0278281 6.91841
-0.009581 0.447152 -87.4953
-0.000304534 0.517085 -117.498
0.00129911 0.513967 -118.022
-0.0015663 0.518133 -116.652
-0.00239101 0.519912 -116.405
-0.127031 0.188681 122.116
-0.00509553 0.550644 -123.376
-0.00477846 0.551785 -124.031
-0.00454992 0.55246 -124.462
-0.00906276 0.0163375 6.61815
0.00700063 0.45711 -107.489
0.00433268 0.475791 -109.95
0.00307964 0.476264 -108.692
-0.00471848 0.00438584 5.5314
0.0382592 0.487487 -154.461
0.036197 0.492552 -153.478
0.095457 0.137213 -119.465
-0.198333 0.471659 140.578
0.154274 0.831696 -225.712
0.034051 0.84489 -227.778
0.53353 0.135969 -32.6934
-0.053412 0.0568741 35.7927
-0.101926 0.0459661 43.6496
-0.125335 0.097601 29.0659
-0.0472511 0.11444 14.1792
-0.00301213 0.18661 -15.0674
0.0331033 0.304424 -57.8459
-0.00245399 0.298629 -49.6266
0.00157081 0.289652 -46.1489
-0.0443258 0.293712 -36.1385
-0.0520735 0.297852 -36.0094
-0.0310707 0.275711 -34.676
0.00623924 0.279214 -46.8537
-0.0720759 0.174734 9.29223
0.113652 0.190055 -57.8005
0.073959 0.199403 -45.6749
0.023538 0.233204 -36.6149
-0.0446713 0.256179 -16.7012
-0.0744138 0.276881 -10.8886
0.229223 0.0333664 -73.7926
0.0114026 -0.558131 205.438
0.0114026 -0.558131 205.438
-0.0257579 0.431094 -70.7975
-0.0532529 -0.43906 205.431
-0.0532972 -0.439045 205.452
-0.0549014 -0.444226 208.028
-0.0577122 -0.446646 210.491
-0.0217791 0.344858 -49.6936
0.0687076 0.163834 -62.6353
0.105004 0.135492 -78.1721
0.0952171 0.119134 -66.9309
0.0929647 0.210115 -89.7631
0.148809 0.133487 -106.65
0.0972077 0.213934 -93.6394
0.048617 0.218189 -58.2321
-0.00856854 0.545195 -119.86
-0.00211033 0.538247 -122.764
-0.00211033 0.538247 -122.764
0 0.539679 -125.021
-0.000421943 0.517318 -117.462
-0.000724229 0.517899 -117.362
-0.00121775 0.518827 -117.187
-0.00250212 0.521706 -116.86
-0.0038788 0.535634 -119.892
-0.00404511 0.549261 -124.001
-0.00380968 0.551568 -124.958
-0.0039547 0.552277 -125.03
-0.37811 2.54816 -360.857
0.0105265 -0.148183 71.6459
0.00235856 0.476995 -108.103
0.00248359 0.476418 -108.063
-0.00164752 2.40011 -712.024
0.040376 0.488229 -157.175
0.0403329 0.490763 -157.902
-0.039935 0.0589943 69.6
-1.4485 -0.471449 1963.92
0.0778337 0.29637 -51.8014
0.0818844 0.294456 -51.526
0.0980382 0.224185 -28.5477
0.0773431 0.266529 -41.5221
-0.0793055 0.0521539 39.3811
-0.107219 0.0688445 35.9106
-0.0623714 0.0849746 25.5065
0.0662058 0.363995 -83.3717
0.0112996 0.30728 -54.3409
-0.00593151 0.297505 -48.5061
-0.000616602 0.292612 -47.4624
-0.0300228 0.255258 -27.2119
-0.0502674 0.212087 -7.53717
-0.0246852 0.256677 -31.0884
0.00147471 0.245428 -35.0451
0.139144 0.174393 -61.8022
0.132167 0.193827 -65.6524
0.0859445 0.206866 -52.6724
0.000924704 0.252208 -34.1448
-0.0252801 0.305776 -41.18
-0.01857 0.27146 -32.8207
3.59704 0.0491303 -1609.1
-0.0943494 0.0426173 76.9545
-0.257505 0.102875 144.959
-0.2342 0.016437 161.602
0.0126445 -0.149821 92.019
0.0128955 -0.146447 90.7646
0 0 -1
-0.00165541 0.199007 -19.8587
-0.0264644 0.147008 6.10977
0.00949406 0.160879 -22.2811
0.061397 0.155409 -55.1396
0.131717 0.157033 -104.524
0.17819 0.137549 -129.747
0.142672 0.155016 -108.83
0.0999724 0.212503 -95.8367
0.0368902 0.217747 -49.173
0.0583758 0.199815 -60.1159
0 -0.13473 79.2165
0 -0.13473 79.2165
-0.015506 -0.13116 91.5768
0.00473809 -0.0655848 49.6749
0.00521621 -0.0676093 49.9275
0.00506734 -0.0700752 50.8957
0.00509962 -0.0731156 51.8834
0.00613189 -0.0772079 52.2511
0.00831678 -0.0832261 52.1032
0.0109639 -0.0918855 52.3384
0.0120669 -0.102989 54.9496
0.00970456 -0.115715 61.7614
0.000792404 -0.132186 76.9614
-0.00955895 -0.115856 82.8213
-0.013556 -0.102611 82.8336
-0.015561 -0.0893154 80.6581
-0.018094 -0.0763005 79.2356
-0.0205896 -0.0633921 77.8557
-0.484515 -0.0821426 649.981
-0.00187169 -0.030933 44.1623
0.0432748 0.301076 -52.9749
0.0386426 0.276493 -44.0896
0.0336319 0.219857 -23.7592
0.0960115 0.0194903 35.4129
-0.105567 -0.0743187 94.0618
-0.10356 -0.0503985 85.1682
-0.0797649 0.308596 -50.3
-0.0208539 0.328817 -56.3795
-0.0295612 0.244183 -24.4091
-0.0279384 0.266097 -32.2796
-0.0381876 0.229874 -16.9087
-0.0622693 0.173033 8.43869
-0.0812034 0.134648 26.9389
-0.396321 0.0604374 139.892
-0.0276814 0.0607279 28.3206
-0.0236861 0.0617486 26.6722
-0.0213441 0.0613282 26.0253
-0.0204956 0.0613214 25.7217
-0.0204956 0.0613214 25.7217
-0.018168 0.242882 -23.1394
-0.0137808 0.247987 -27.0489
-0.0664739 0.0415011 63.8536
-0.0669529 0.0430586 63.5734
-0.071943 0.0220861 73.676
-0.0976318 0.00870801 91.9117
0.00449935 -1.71428 637.177
0.057846 -0.0251579 -8.50441
-0.00863178 0.139045 -2.91079
-0.00854009 0.139093 -2.98733
-0.00780048 0.139208 -3.49748
0.0260927 0.146181 -28.2196
0.0869932 0.156952 -73.0652
0.148008 0.178428 -122.878
0.190228 0.177227 -152.07
0.143021 0.189996 -120.777
0.0592753 0.226678 -69.0593
0.0406643 0.244523 -61.0335
0.0300009 0.211632 -42.0405
0.0587486 0.203645 -61.7238
-0.00636161 0.0155062 29.5786
0.00426372 -0.065112 49.9325
0.00401544 -0.0656132 50.328
0.00332214 -0.0676262 51.6714
0.00264586 -0.070092 53.1751
0.00207657 -0.073101 54.7834
0.00181849 -0.0771193 56.4593
0.00201185 -0.0830751 58.3829
0.00223542 -0.0917182 61.2312
0.00195381 -0.102629 65.4078
0.00094963 -0.11395 70.4988
0.000219936 -0.121168 73.8411
-0.000536215 -0.114072 72.167
-0.00189206 -0.102319 69.5145
-0.00386391 -0.0894763 67.2084
-0.00650064 -0.0764539 65.6487
-0.00847378 -0.0626537 63.0633
-0.0852967 0.00914184 130.858
0.0281598 -0.0371649 9.35215
0.018546 0.307213 -54.8652
0.00826162 0.270336 -40.9164
-0.0174399 0.212822 -18.4646
-0.0656385 -0.00533351 65.5557
-0.100828 -0.0193792 73.9746
-0.110807 -0.0619805 90.218
-0.147985 -0.00911157 75.4304
-0.0619331 0.250535 -21.9106
-0.0208946 0.17009 -0.0265161
-0.0257072 0.185181 -4.04541
-0.0535982 0.156444 12.3309
-0.07221 0.160338 15.3757
-0.0893503 0.141246 26.7954
-2.91971e-13 0.112109 -26.534
-3.20585e-13 0.112109 -26.534
-3.22515e-13 0.112109 -26.534
0 -0.128516 100.441
0 0.112109 -26.534
-0.018134 0.237392 -21.3122
-0.0183719 0.238432 -21.5636
-0.0166949 0.244915 -24.6687
-2.29381e-14 0.112109 -26.534
-2.31359e-14 0.112109 -26.534
-1.44047e-14 0.112109 -26.534
0 -0.128516 100.441
0.0633498 -0.021178 -12.9973
0.0577229 -0.0231108 -9.17288
0.0577229 -0.0231108 -9.17288
2.10439e-12 -0.128516 100.441
2.10439e-12 -0.128516 100.441
2.14415e-13 -0.0574219 36.0789
2.14141e-13 -0.0574219 36.0789
2.23663e-13 -0.0574219 36.0789
0.180094 0.212663 -157.204
0.156818 0.167096 -122.964
0.115898 0.187363 -99.445
0.0663319 0.218486 -72.139
0.035017 0.238387 -54.7969
0.0502614 0.21764 -60.1795
0.0394239 0.238971 -58.2292
0.00279912 -0.0657211 51.4557
0.00279912 -0.0657211 51.4557
0.00191181 -0.067699 52.9906
0.000956447 -0.0700953 54.7621
-5.58959e-05 -0.0730483 56.8134
-0.00125982 -0.0770204 59.448
-0.00252114 -0.0830073 62.9088
-0.00376764 -0.0917457 67.3947
-0.00418963 -0.102341 71.7347
-0.00302361 -0.111931 74.0275
0.00031028 -0.115572 71.7617
0.0037493 -0.111998 66.6676
0.00514762 -0.10222 61.5022
0.00434422 -0.090137 57.9648
0.00325416 -0.0767286 54.2726
0.00408893 -0.0601586 47.1349
0.00836924 -0.037672 33.6311
0.0184845 -0.0476065 24.9952
