1 2 2
2 3 3
3 4 3
4 5 3
5 6 3
6 8 3
8 9 1
9 10 3
10 70 2
13 70 1
13 73 3
15 73 3
15 16 3
16 17 3
17 19 3
19 20 3
20 21 0
21 83 0
28 83 0
28 145 0
30 145 3
30 89 3
89 266 3
266 324 3
150 266 3
150 329 3
40 329 0
40 216 0
161 216 3
161 334 3
110 334 3
108 110 3
108 115 3
83 84 3
28 84 0
80 83 3
46 334 0
81 83 3
53 108 0
80 81 3
266 267 3
17 76 3
267 324 3
216 329 3
10 69 3
19 76 3
144 145 3
28 144 0
69 70 3
87 145 3
30 87 3
2 60 0
6 65 3
8 65 3
16 75 3
1 58 3
3 60 0
17 75 3
21 80 0
72 73 3
19 77 3
1 59 3
2 59 2
5 62 2
9 67 0
13 71 3
13 72 3
4 62 2
8 66 3
9 66 0
83 141 3
84 141 3
84 144 3
10 67 3
16 74 3
66 67 3
15 74 3
20 77 3
150 155 3
155 329 3
58 59 3
59 60 0
3 61 0
4 61 0
65 66 3
76 77 3
20 78 2
30 90 3
89 90 3
95 266 3
70 71 0
75 76 3
95 150 3
74 75 3
77 78 2
21 78 1
89 149 3
60 61 0
61 62 1
67 125 3
10 125 3
71 72 3
90 149 3
149 266 3
5 65 3
69 125 3
73 74 3
108 228 3
5 122 3
65 122 2
84 142 3
30 88 3
115 228 3
141 142 3
142 144 3
87 88 3
94 266 3
78 80 0
88 90 3
156 329 3
62 121 3
125 126 3
159 334 3
62 122 3
69 126 3
81 139 3
110 159 3
77 136 3
80 139 3
83 139 3
78 136 0
159 161 3
264 266 3
70 128 3
83 197 3
141 197 3
149 264 3
264 267 3
94 210 3
150 211 3
58 117 0
59 117 0
60 118 0
61 118 0
71 128 1
76 134 3
78 137 0
95 211 3
155 211 3
59 118 0
61 119 0
121 122 2
65 124 3
66 124 3
73 131 3
75 133 3
75 134 3
77 134 3
80 137 3
210 266 3
99 156 0
62 119 0
69 127 3
69 128 3
71 129 3
72 130 3
74 133 3
77 135 3
210 324 3
127 128 3
128 129 0
71 130 3
72 131 3
74 190 3
133 134 3
134 135 3
135 136 3
126 127 3
129 130 3
74 131 3
142 201 3
144 201 3
117 118 3
133 190 3
122 124 3
66 125 3
136 137 0
88 145 3
161 218 3
116 117 0
118 119 3
119 121 2
137 139 3
216 218 3
58 116 3
139 197 3
124 125 3
130 131 3
95 210 3
131 190 3
125 183 3
197 198 3
134 193 3
210 211 3
155 156 3
159 223 3
135 193 3
142 197 3
90 206 3
110 223 3
124 183 3
197 201 3
145 202 3
88 206 3
210 267 3
161 163 1
159 163 1
121 178 2
122 180 0
122 181 3
124 181 3
119 178 3
121 180 2
126 183 3
145 201 3
88 202 3
149 206 3
163 220 0
159 220 3
110 228 3
155 212 3
110 227 3
139 196 3
211 212 3
156 214 3
121 179 2
126 184 3
127 184 3
127 185 3
201 202 3
155 214 3
161 220 3
119 177 3
178 179 3
184 185 3
128 185 3
131 189 3
136 194 3
137 195 3
139 195 3
117 175 1
118 175 1
118 176 1
118 177 2
180 181 3
135 194 3
110 230 1
228 230 1
116 175 1
128 186 3
129 188 3
130 188 3
130 189 3
136 195 0
196 197 3
155 213 3
161 219 3
175 176 2
195 196 3
197 200 3
202 204 3
88 204 3
204 206 3
210 264 3
212 213 3
218 219 3
219 220 3
159 222 3
133 191 3
200 201 3
214 329 3
220 222 3
222 223 3
223 224 3
110 224 3
228 231 1
177 178 3
179 180 3
185 186 3
129 186 1
129 187 3
188 189 3
134 191 3
220 221 3
176 177 2
183 184 3
186 187 0
193 194 3
213 214 3
221 222 3
227 228 3
194 195 0
216 335 3
218 335 3
190 191 3
329 335 3
177 235 3
124 240 3
187 188 3
176 235 2
183 240 3
110 342 3
189 190 3
191 193 3
224 342 3
227 289 3
228 289 3
198 257 3
204 263 1
116 232 1
176 234 2
187 245 3
200 257 3
211 269 3
175 232 3
184 242 3
201 260 3
206 264 3
210 269 3
227 342 3
202 260 3
185 243 3
185 302 3
186 302 3
186 245 0
188 246 3
189 246 3
214 271 3
222 339 3
223 339 3
178 235 3
184 243 3
191 249 3
196 254 3
196 198 3
204 260 3
204 261 3
211 270 3
271 329 3
183 241 3
184 241 3
190 248 3
191 248 3
200 259 3
260 261 3
212 270 3
213 271 3
242 243 3
194 252 3
195 254 3
201 259 3
206 263 1
219 335 3
190 246 3
195 252 1
195 253 3
259 260 3
264 323 3
264 268 3
212 271 3
180 238 3
181 238 3
241 242 3
243 302 1
187 246 3
248 249 3
193 251 3
210 268 3
269 270 3
221 339 3
240 241 3
191 251 3
193 252 3
175 233 3
179 238 3
181 240 1
246 247 3
253 254 3
198 312 3
270 271 3
220 336 3
221 336 3
232 233 3
178 236 3
238 240 1
245 246 3
246 248 3
252 253 0
198 254 3
206 322 3
329 387 3
223 340 3
224 340 3
227 343 3
176 233 2
234 235 0
251 252 3
254 312 3
264 322 3
271 387 3
220 335 3
342 343 3
289 343 3
179 236 3
247 248 3
198 314 3
268 269 3
335 387 3
233 234 3
235 236 3
257 314 3
289 347 3
191 308 3
312 314 3
263 322 3
240 297 3
249 308 3
251 308 3
261 263 1
335 336 3
336 339 3
264 381 3
339 340 3
340 342 3
179 296 2
200 316 3
268 381 3
238 297 1
238 296 1
257 316 3
259 316 3
245 303 3
312 313 3
240 298 3
242 300 3
243 300 3
186 303 0
269 327 3
271 328 3
343 347 3
236 296 2
241 298 3
313 314 3
261 318 3
270 328 3
328 387 3
234 292 3
235 292 1
235 293 3
236 294 3
323 381 3
292 293 0
302 303 0
263 321 3
322 323 3
235 294 3
236 295 3
295 296 2
241 299 3
246 303 3
248 306 3
261 321 3
268 327 3
270 327 3
232 290 3
293 294 3
297 298 3
298 299 3
242 299 3
300 301 3
243 301 3
247 304 3
247 306 3
248 307 3
249 307 3
253 311 3
259 317 3
260 318 3
343 344 1
296 297 2
301 302 1
246 304 3
304 306 3
316 317 3
260 317 3
321 322 3
268 326 3
344 346 0
343 346 3
233 292 3
299 300 3
252 310 0
326 327 3
346 347 3
306 307 3
308 310 0
318 376 3
318 320 3
261 320 3
233 290 3
233 291 3
303 304 3
254 311 3
307 308 3
253 310 3
320 433 3
320 321 3
327 328 3
345 347 3
291 292 3
317 318 3
345 346 3
290 291 3
254 313 3
314 316 3
318 434 3
294 295 3
254 370 3
322 381 3
311 370 3
313 370 3
338 339 3
310 311 3
336 338 3
320 434 3
342 346 3
335 444 3
433 434 3
380 381 3
387 444 3
299 357 3
306 363 3
310 368 3
314 372 3
316 372 3
321 379 1
322 379 1
295 353 3
298 357 3
300 357 3
300 358 3
304 363 3
311 368 3
294 353 3
301 358 3
381 441 3
268 441 3
298 356 3
301 360 1
302 360 3
316 374 3
379 381 0
326 385 3
297 355 3
293 352 3
294 352 3
310 367 3
373 374 3
317 374 3
327 385 3
352 353 3
296 355 2
356 357 3
303 360 1
304 362 3
306 364 3
307 365 0
308 365 0
313 371 3
314 371 3
372 373 3
372 374 3
444 448 3
339 341 3
340 341 3
292 350 3
293 350 1
298 355 3
301 359 3
303 361 3
304 361 3
307 364 3
367 368 3
341 342 3
290 348 3
291 349 3
350 352 0
357 358 3
358 359 3
359 360 1
362 363 3
311 369 3
327 386 3
328 386 3
348 349 3
349 350 3
350 408 3
352 408 1
368 369 3
369 370 3
371 372 3
385 386 3
355 356 3
361 362 3
317 376 3
386 387 3
296 353 2
363 364 3
364 365 0
365 423 3
310 365 3
317 375 3
387 448 3
335 391 3
353 355 1
375 376 3
376 434 3
391 444 3
341 346 3
353 411 3
365 424 3
365 367 3
374 375 3
346 463 3
345 463 3
360 361 0
423 424 3
367 424 3
338 341 3
336 391 3
361 419 3
326 442 3
352 410 3
379 380 0
268 442 3
341 459 3
346 459 3
408 410 0
441 442 3
359 417 3
370 428 3
370 371 3
381 440 3
440 441 3
369 428 3
370 429 3
371 429 3
379 438 0
380 438 3
362 421 0
363 421 0
385 442 3
361 420 3
362 420 3
352 411 3
355 412 3
419 420 3
353 412 3
359 416 3
364 422 3
358 416 3
416 417 2
376 490 2
367 425 3
375 490 2
440 442 3
356 414 3
357 414 3
357 415 3
424 425 3
369 427 3
428 429 3
348 406 3
349 406 3
355 413 3
358 415 3
368 425 3
368 427 3
442 499 3
349 407 3
349 408 3
410 411 3
413 414 3
360 417 0
420 421 0
364 423 0
368 426 3
381 438 3
440 499 3
336 337 3
337 338 3
407 408 3
411 412 3
414 415 3
415 416 3
425 426 3
426 427 3
372 429 3
379 495 3
381 497 3
406 407 3
360 476 3
427 428 3
438 497 3
440 497 3
386 443 3
387 443 3
337 391 3
412 413 3
361 476 1
422 423 3
386 442 3
321 495 1
438 495 1
372 488 3
374 488 3
436 495 1
495 497 0
363 422 3
321 436 3
442 443 3
419 476 1
429 488 3
496 497 3
459 463 3
495 496 0
337 341 3
421 422 1
410 467 1
408 467 3
421 480 1
497 499 3
414 472 3
415 472 3
415 473 3
416 473 3
422 480 3
417 475 3
320 436 3
410 469 3
417 476 3
374 490 3
411 469 3
407 466 3
408 466 3
416 475 3
436 494 3
411 470 3
427 485 3
428 485 3
443 499 3
407 465 3
469 470 3
412 470 3
479 480 3
424 482 3
406 465 3
421 479 1
423 480 3
423 482 3
424 483 3
425 483 3
463 521 3
406 464 3
410 468 3
413 470 3
416 474 3
423 481 3
426 484 3
427 484 3
320 494 2
520 521 0
464 465 3
467 468 3
473 474 3
480 481 3
482 483 3
426 483 3
484 485 3
465 466 3
466 467 3
413 471 3
414 471 3
420 479 3
429 487 3
468 469 3
471 472 3
474 475 3
483 484 3
487 488 3
337 444 3
481 482 3
470 471 3
459 521 3
472 473 3
475 476 1
419 477 3
420 477 3
428 487 2
376 549 1
490 549 1
434 494 3
477 479 3
488 489 1
374 489 1
376 492 1
444 566 3
489 490 0
428 544 2
492 549 3
434 492 1
485 544 2
487 544 2
487 546 3
488 546 2
337 566 3
448 566 3
487 545 3
443 448 3
477 534 1
479 536 0
545 546 3
488 547 1
489 547 3
494 551 3
443 566 3
443 500 3
500 566 3
419 534 1
434 551 1
500 564 3
564 566 3
476 534 1
483 541 1
472 530 3
475 534 1
477 536 0
479 538 2
480 538 2
544 545 3
495 553 3
496 553 1
496 554 3
466 524 3
473 530 3
473 531 3
480 539 2
481 539 2
484 541 1
492 551 0
497 555 3
468 526 1
470 529 1
471 529 1
471 530 1
474 531 3
484 542 3
485 543 3
490 548 3
436 553 1
496 555 3
464 522 1
465 523 3
467 525 1
467 526 1
469 526 1
469 527 1
470 527 1
474 532 3
534 536 0
538 539 3
481 540 2
482 540 2
485 542 3
546 547 1
548 549 1
337 558 3
522 523 0
466 523 3
466 525 1
525 526 3
530 531 3
531 532 3
475 532 3
540 541 1
543 544 1
492 550 3
554 555 3
558 567 3
527 529 3
529 530 3
536 595 3
489 548 3
549 550 3
550 551 3
553 554 0
497 556 3
524 525 1
532 534 1
541 542 0
555 556 3
523 524 3
526 527 3
536 538 1
539 540 3
542 543 3
547 548 3
436 551 1
499 556 3
443 560 3
341 461 3
459 461 3
436 609 1
443 556 3
551 609 3
538 595 0
461 631 1
547 604 2
532 591 0
534 591 0
546 604 3
337 461 3
526 584 0
556 560 3
556 559 3
559 560 3
527 586 0
534 592 0
536 592 2
604 605 3
547 605 2
554 611 1
559 616 1
461 558 3
525 584 0
529 586 0
553 611 1
529 588 0
530 588 0
591 592 3
536 593 3
557 564 3
592 593 3
538 596 2
543 602 1
544 602 3
548 605 3
548 606 3
436 611 1
500 557 3
557 566 3
462 521 3
523 581 3
524 581 3
529 587 0
531 588 0
532 590 0
536 594 3
549 606 2
555 613 1
558 566 3
461 462 3
522 580 0
527 585 0
587 588 3
531 590 0
590 591 3
593 594 3
594 595 3
538 597 2
539 597 2
540 598 2
541 599 0
542 599 1
605 606 3
554 612 1
554 613 2
556 613 1
461 634 1
580 581 3
524 583 2
525 583 0
584 585 3
585 586 3
586 587 3
596 597 3
597 598 3
598 599 1
550 609 2
611 612 1
612 613 0
557 558 3
524 582 3
531 589 0
543 659 1
549 608 3
550 608 3
583 584 2
588 589 3
589 590 3
543 600 1
545 604 3
549 607 3
609 610 3
581 582 3
543 599 1
607 608 3
606 607 3
556 788 1
599 600 3
608 609 3
613 788 0
544 603 3
545 603 3
559 788 1
602 603 3
436 610 1
582 583 2
610 611 3
462 694 1
595 596 3
603 604 3
600 659 3
595 653 1
543 660 1
602 660 1
461 521 3
593 652 3
611 669 1
584 642 3
586 644 3
594 652 3
595 652 3
600 658 3
603 661 3
604 661 3
610 669 3
585 644 3
591 649 2
658 659 3
584 643 3
585 643 3
587 645 2
592 649 3
603 660 1
605 664 3
606 664 3
609 667 3
610 667 3
558 803 1
587 644 3
588 645 2
590 649 2
593 651 1
596 653 3
597 655 1
599 658 3
607 666 1
608 666 1
608 667 1
443 559 3
461 803 1
461 689 1
631 689 3
580 638 3
588 647 3
589 647 3
590 648 2
596 654 3
598 655 1
659 660 3
660 661 3
611 670 1
612 670 3
613 670 1
581 638 3
581 639 2
582 639 0
642 643 3
588 646 2
589 648 3
648 649 3
592 651 1
651 652 0
653 654 3
654 655 1
604 662 3
669 670 3
582 640 0
643 644 3
644 645 3
605 662 3
607 664 1
607 665 1
613 671 1
638 639 3
646 647 3
649 651 3
652 653 1
598 656 1
599 656 3
665 666 3
670 671 3
461 694 1
583 640 0
583 642 2
661 662 3
662 664 3
664 665 3
666 667 3
639 640 3
671 788 3
558 683 1
645 646 3
647 648 3
655 656 0
640 699 3
640 642 3
610 726 3
656 658 3
667 726 3
638 697 3
639 697 3
664 721 3
669 726 3
642 699 3
662 721 3
638 696 2
640 697 3
651 708 3
658 715 3
658 716 3
696 697 3
656 715 3
659 716 3
645 704 3
646 704 3
649 707 3
649 708 3
715 716 3
659 717 3
660 717 3
642 700 3
652 710 1
716 717 3
662 720 3
720 721 3
665 722 3
653 710 3
653 711 3
664 722 3
666 724 0
559 848 1
558 800 1
697 699 3
699 700 3
642 701 2
643 701 2
644 702 2
645 702 3
707 708 3
655 714 0
656 714 3
661 720 3
665 723 0
666 723 0
726 727 3
669 727 3
670 728 3
788 848 1
800 803 0
643 702 2
651 710 3
660 718 3
669 728 3
700 701 3
654 712 3
714 715 3
717 718 3
661 718 3
462 753 1
648 707 3
655 712 0
655 713 0
667 724 0
667 725 1
671 728 3
500 559 3
557 559 3
648 706 3
651 709 3
654 711 3
661 719 3
721 722 3
725 726 0
727 728 3
559 854 1
701 702 3
647 704 3
647 706 3
706 707 3
709 710 3
711 712 3
723 724 1
724 725 1
645 703 3
703 704 3
710 711 3
722 723 0
712 713 3
713 714 3
557 800 1
697 698 3
698 699 3
718 719 3
702 703 3
708 709 3
704 706 3
719 720 3
462 809 1
711 769 3
461 809 1
703 761 3
712 769 3
704 763 3
671 787 3
706 763 3
787 788 3
762 763 3
721 779 3
722 779 3
702 761 3
703 762 3
704 762 3
706 764 3
707 764 3
728 787 3
699 757 2
763 764 3
708 765 3
714 773 3
715 773 3
697 755 3
698 755 3
707 765 3
709 767 3
713 772 3
714 772 3
715 774 3
716 774 3
722 781 3
723 781 1
725 784 3
726 784 3
696 755 3
761 762 3
710 767 3
717 775 3
718 775 3
718 776 3
719 776 3
719 777 1
720 777 1
720 779 3
723 782 1
724 782 1
724 783 1
725 783 3
727 784 3
696 754 3
755 756 3
698 756 3
700 757 3
700 758 3
701 759 3
461 807 1
754 755 3
698 757 3
700 759 3
764 765 3
708 766 3
709 766 3
710 768 3
712 770 3
713 770 3
773 774 3
774 775 3
775 776 3
776 777 1
788 847 2
462 807 1
756 757 3
765 766 3
767 768 3
711 768 3
727 785 3
847 848 1
462 810 1
768 769 3
720 836 3
782 783 3
728 785 3
461 805 1
461 808 1
757 758 3
701 761 3
766 767 3
784 785 3
807 808 3
772 773 3
777 836 0
779 836 3
781 782 3
783 784 3
461 804 1
462 808 1
701 818 3
803 804 3
769 770 3
785 787 3
759 818 3
779 781 3
758 759 3
770 772 3
557 1028 1
559 1028 1
800 1028 1
809 810 3
785 844 3
787 844 3
800 857 0
803 857 0
809 868 0
810 868 0
761 818 3
779 838 3
781 838 3
462 868 1
770 829 3
772 829 3
779 837 3
777 835 3
787 845 3
761 819 3
836 837 3
785 843 3
462 863 1
757 815 3
781 839 3
844 845 3
818 819 3
773 831 3
774 831 3
782 839 3
756 815 3
758 815 3
769 828 3
770 828 3
787 846 3
804 862 1
756 814 2
761 820 2
762 820 3
763 821 3
766 824 3
772 830 3
773 830 3
775 833 1
776 835 1
784 843 3
845 846 3
788 846 3
754 812 3
755 814 2
814 815 1
819 820 3
764 821 3
764 822 3
765 824 3
767 824 3
767 825 3
768 825 3
769 827 3
774 833 1
776 834 1
782 840 3
783 841 3
784 842 3
755 812 3
755 813 2
821 822 3
765 822 3
828 829 3
774 832 3
833 834 3
835 836 0
837 838 3
840 841 3
841 842 3
842 843 3
857 862 1
813 814 3
762 821 3
768 827 3
827 828 3
830 831 3
832 833 1
834 835 2
838 839 3
839 840 3
843 844 3
846 847 3
461 862 1
759 817 3
817 818 3
829 830 3
812 813 3
820 821 3
824 825 3
825 827 3
759 815 3
831 832 3
822 881 3
765 881 3
559 906 1
824 881 3
848 906 3
461 857 3
815 817 3
804 857 0
462 857 3
818 876 3
815 874 2
817 874 3
835 894 0
836 894 0
817 876 3
819 877 3
827 884 1
844 902 3
559 965 1
819 876 3
820 877 3
845 902 3
846 904 3
906 965 3
824 882 3
825 882 3
827 885 3
828 885 3
837 895 0
845 904 3
847 906 2
815 873 2
817 875 3
880 881 3
825 884 1
836 895 0
838 895 0
812 870 1
813 871 3
814 871 3
814 872 1
815 872 1
873 874 3
875 876 3
822 880 3
881 882 3
825 883 3
828 886 1
828 887 2
829 887 2
832 889 3
832 890 3
833 891 3
833 892 0
834 892 0
835 893 0
838 896 0
839 897 0
840 898 0
841 899 0
842 900 0
843 901 3
870 871 0
821 879 3
885 886 1
886 887 0
831 889 3
890 891 3
892 893 3
893 894 1
894 895 0
895 896 3
896 897 3
897 898 3
898 899 3
899 900 3
900 901 1
844 901 3
847 904 3
857 1028 1
872 873 0
876 877 3
820 879 3
822 879 3
830 887 2
891 892 0
901 902 3
871 872 1
874 875 3
882 883 3
883 884 1
884 885 2
830 888 3
887 888 3
831 888 3
889 890 3
877 879 3
904 906 3
879 880 3
888 889 3
559 1024 1
883 940 0
904 964 3
906 964 3
1024 1028 1
845 961 3
882 940 0
902 961 3
875 933 3
877 936 3
904 961 3
904 963 3
963 964 3
879 936 3
876 934 3
904 962 3
874 932 3
875 932 3
875 934 3
877 934 3
881 939 2
882 939 2
880 938 0
881 938 0
886 944 3
887 944 2
888 946 3
889 948 3
890 948 3
895 953 1
961 962 3
889 946 3
891 949 3
894 953 1
896 953 1
870 928 1
871 929 1
872 930 3
938 939 3
939 940 3
883 941 0
884 941 0
884 942 3
885 943 3
890 949 2
892 949 1
892 950 1
893 951 1
894 952 1
896 954 1
897 955 1
898 956 1
899 957 1
900 958 1
901 959 3
902 960 3
928 929 3
929 930 3
873 930 3
877 935 3
942 943 2
886 943 0
950 951 1
951 952 3
952 953 0
953 954 3
954 955 3
955 956 3
956 957 3
957 958 3
958 959 0
901 960 3
960 961 3
964 965 3
934 935 3
935 936 3
879 995 3
880 995 3
940 941 1
941 942 1
943 944 1
948 949 3
949 950 3
962 963 3
873 931 3
932 933 1
938 995 1
946 1005 3
959 960 3
874 931 3
933 934 3
887 946 0
930 931 3
944 945 1
887 945 0
945 946 3
946 948 3
936 995 3
965 1023 3
931 932 3
948 1005 3
934 992 3
935 992 3
938 997 3
939 997 2
559 1023 1
936 994 3
995 996 0
963 1021 3
964 1023 3
933 990 0
938 996 3
944 1002 1
945 1004 3
961 1019 3
962 1020 3
962 1021 3
964 1022 3
931 989 3
994 995 3
939 941 1
941 998 0
943 1002 1
946 1004 3
948 1006 3
949 1006 3
960 1018 3
962 1019 3
1022 1023 3
932 990 3
996 997 3
939 998 3
1004 1005 3
959 1018 3
960 1019 3
1020 1021 3
933 992 3
963 1022 3
928 986 3
929 987 3
930 988 3
930 989 3
931 990 3
933 991 0
935 994 3
941 999 0
942 1000 0
943 1001 3
945 1002 3
945 1003 3
949 1007 3
950 1008 3
951 1009 0
952 1010 0
953 1011 3
954 1012 3
955 1013 3
956 1014 3
957 1015 3
958 1016 3
959 1017 3
986 987 3
987 988 3
990 991 3
991 992 1
997 998 3
998 999 3
999 1000 3
1000 1001 3
1001 1002 1
1005 1006 3
1006 1007 3
1007 1008 3
1008 1009 3
1009 1010 3
1010 1011 3
1011 1012 3
1012 1013 3
1013 1014 3
1014 1015 3
1015 1016 3
1016 1017 3
1017 1018 3
1018 1019 3
1019 1020 3
988 989 3
989 990 3
559 1025 1
1002 1003 3
1021 1022 3
1023 1024 3
