0 1 3
1 2 3
2 3 3
3 5 3
5 6 3
6 7 3
7 8 3
8 9 1
9 10 3
10 12 0
12 13 3
13 14 3
14 15 3
15 18 3
18 19 3
19 20 3
20 21 3
21 22 3
22 23 3
23 26 0
26 28 3
28 29 3
29 88 3
30 88 3
30 32 3
32 92 3
92 150 3
37 150 3
37 38 3
38 98 3
98 100 3
100 101 3
101 103 3
45 103 0
103 105 3
48 105 0
105 109 3
51 109 0
51 111 0
111 113 3
113 114 3
49 105 0
49 109 0
49 108 0
12 69 1
18 75 3
48 49 3
103 222 3
105 222 3
15 74 3
18 74 3
101 222 3
48 108 0
13 71 3
5 63 3
6 63 3
74 75 3
26 86 3
28 86 3
10 69 3
109 111 3
10 68 3
22 25 0
23 25 0
37 153 3
5 62 3
68 69 3
150 153 3
105 108 3
3 62 3
2 61 0
3 61 0
25 26 3
96 98 3
108 109 3
112 113 3
38 96 3
111 112 3
12 70 3
21 80 3
22 80 3
37 96 3
62 63 3
13 70 3
15 73 3
18 76 2
92 151 3
150 151 3
151 153 3
13 72 3
14 73 3
19 76 2
20 78 3
21 78 3
100 156 3
108 222 3
0 58 0
1 59 0
2 60 0
60 61 1
71 72 3
14 72 3
25 80 1
58 59 3
59 60 3
6 65 3
7 65 3
7 66 3
8 66 3
9 66 2
69 70 0
70 71 3
75 76 1
19 77 3
61 62 1
76 77 3
26 141 3
30 90 3
32 90 3
65 66 3
10 66 2
73 74 3
25 140 3
26 140 3
86 141 3
151 210 3
98 156 3
72 73 3
78 80 3
140 141 3
29 143 3
90 92 3
151 152 3
20 77 3
30 89 3
152 210 3
152 153 3
98 154 3
113 169 3
114 169 3
29 86 3
88 143 3
88 89 3
89 90 3
96 154 3
99 101 3
63 65 3
99 100 3
99 222 3
77 78 3
78 136 3
86 143 3
68 126 3
80 136 3
108 111 3
96 153 3
10 124 2
10 125 3
10 126 3
86 142 3
66 124 3
125 126 3
141 142 3
62 121 2
63 121 2
65 123 3
124 125 3
73 132 3
74 132 3
80 137 0
154 155 3
112 169 3
63 123 3
75 132 3
25 139 1
92 206 3
70 128 3
80 139 2
90 206 3
98 155 3
69 127 3
139 140 0
69 128 0
70 129 3
71 129 3
136 137 0
72 129 3
99 156 3
62 120 0
73 131 3
76 134 0
151 206 3
58 116 0
59 116 0
60 119 0
61 119 0
61 120 0
120 121 1
121 123 1
77 134 3
59 175 0
65 124 3
126 127 3
128 129 3
72 131 3
77 135 3
59 118 0
60 118 0
127 128 0
131 132 3
77 136 3
108 163 3
134 135 3
135 136 3
111 163 3
116 175 3
119 120 3
111 169 3
155 156 3
118 175 3
118 119 3
163 222 3
128 185 1
75 134 3
137 139 1
143 261 3
218 222 3
111 227 3
169 227 3
127 185 3
86 201 3
143 201 3
143 202 3
88 261 3
153 154 3
99 218 3
201 202 3
202 261 3
156 157 3
123 124 3
142 201 3
124 182 3
125 182 3
128 186 3
75 191 3
137 195 3
185 186 0
75 190 3
134 191 3
136 195 0
132 190 3
190 191 3
140 199 3
141 199 3
157 214 3
119 178 3
120 178 3
123 182 3
155 214 3
156 214 3
222 228 3
126 184 3
137 196 2
139 196 0
152 211 3
99 330 3
218 228 3
116 174 3
127 184 0
135 194 3
136 194 3
88 204 3
90 205 3
156 330 3
222 451 3
163 451 3
111 343 3
120 179 3
121 179 0
123 180 0
72 188 3
140 197 3
89 204 3
154 212 3
157 330 3
163 343 3
121 180 2
125 183 3
125 184 3
129 188 3
131 188 3
153 211 3
155 212 3
123 181 2
182 183 3
184 185 1
204 261 3
154 211 3
181 182 1
131 190 3
134 193 3
135 193 3
194 195 0
139 197 2
142 200 3
214 330 3
169 230 1
180 181 3
129 186 3
129 187 3
195 196 2
141 200 3
200 201 3
202 260 3
89 205 3
205 206 3
210 211 3
155 213 3
227 343 3
179 180 3
183 184 3
186 187 3
187 188 3
199 200 3
201 260 3
213 214 3
228 451 3
190 247 3
193 194 3
211 212 3
196 197 0
204 205 3
212 213 3
178 179 2
131 247 3
227 230 1
191 193 3
206 265 3
174 175 3
195 254 3
196 254 0
205 265 3
197 199 3
206 266 3
118 178 3
185 243 3
186 243 1
188 247 3
151 266 3
210 266 3
99 560 3
218 560 3
175 235 3
118 235 3
193 251 3
186 244 3
190 249 3
191 249 3
210 326 3
175 233 3
243 244 0
247 248 3
197 256 0
330 560 3
218 276 3
233 235 3
178 235 3
184 243 1
187 244 3
190 248 3
200 259 3
201 259 3
211 326 3
174 233 3
228 276 3
183 241 3
194 252 3
276 560 3
179 237 3
182 241 3
194 251 3
195 252 1
259 260 3
178 237 3
184 242 3
193 249 3
193 250 3
195 253 3
197 254 0
265 266 3
211 269 3
280 451 0
174 232 3
180 239 1
182 240 3
187 245 3
188 246 3
249 250 3
252 253 0
200 258 3
212 269 3
212 270 3
213 330 3
278 451 0
232 233 3
183 242 3
242 243 1
245 246 3
246 247 3
253 254 3
205 321 3
213 270 3
178 236 3
180 237 2
181 239 1
244 245 3
248 249 3
258 259 3
204 321 3
210 267 3
267 326 3
227 289 3
236 237 3
237 239 1
240 241 3
241 242 3
251 252 3
199 256 0
269 326 3
269 270 3
250 251 3
254 256 3
199 258 3
260 261 3
261 321 3
182 239 3
199 315 3
258 315 3
319 321 3
265 321 3
266 267 3
235 236 3
239 240 3
261 319 3
270 330 3
256 315 3
266 324 3
267 324 3
163 342 3
237 296 1
239 296 3
342 451 3
342 343 3
233 291 3
265 323 3
235 291 3
235 292 3
237 295 3
324 326 3
227 347 3
289 347 3
291 292 3
236 295 3
295 296 1
266 323 3
245 304 3
246 304 3
247 304 3
250 307 3
232 291 3
236 294 3
249 307 3
270 328 3
328 330 3
276 392 3
228 392 3
235 294 3
321 323 3
343 344 3
227 344 3
253 311 3
259 317 3
235 293 3
260 317 3
270 327 3
239 297 3
240 299 3
241 300 3
242 300 3
254 313 3
269 327 3
292 293 3
293 294 3
294 295 3
296 297 3
239 298 3
240 298 3
241 299 3
247 306 3
248 306 3
248 307 3
256 313 3
315 316 3
258 316 3
232 290 3
243 301 3
244 302 3
245 303 3
247 305 3
254 311 3
323 324 3
327 328 3
297 298 3
300 301 1
244 301 1
302 303 3
303 304 3
304 305 3
305 306 3
316 317 3
260 319 3
290 291 3
298 299 3
299 300 3
301 302 0
306 307 3
392 560 3
253 310 3
392 451 3
227 287 3
251 310 0
252 310 0
323 380 3
336 451 3
287 344 3
287 347 3
250 310 0
310 311 3
254 371 3
321 380 3
326 327 3
307 310 3
313 371 3
307 366 3
310 366 3
321 493 0
311 371 3
313 315 3
437 493 0
321 437 1
330 386 3
386 560 3
391 560 3
391 392 3
386 391 3
319 378 3
321 378 3
299 357 3
304 363 3
378 493 3
380 381 3
324 382 3
451 457 3
300 357 3
305 363 3
311 370 3
370 371 3
323 382 3
392 457 3
311 485 3
316 374 3
324 383 3
290 349 3
291 349 3
293 351 3
303 361 3
310 368 3
370 485 3
313 372 3
315 372 3
315 374 3
326 383 3
328 386 3
294 352 3
302 361 3
307 365 0
366 368 3
311 369 3
382 383 3
342 457 3
291 293 3
295 352 3
300 358 3
310 369 3
369 485 3
326 385 3
297 355 3
298 356 3
301 358 0
372 374 3
316 375 3
317 375 3
327 385 3
290 348 3
295 353 1
296 354 3
355 356 3
301 359 3
302 360 3
305 364 3
306 364 3
317 431 3
260 431 3
328 385 3
347 460 3
293 352 3
296 353 2
354 355 3
356 357 3
357 358 3
302 359 1
363 364 3
365 423 3
368 369 3
375 431 3
380 437 1
326 384 3
271 386 3
460 463 3
348 349 3
291 351 0
353 354 2
359 360 0
306 365 0
365 366 3
380 382 3
383 384 3
384 385 3
271 391 3
287 460 3
304 361 3
306 422 0
381 382 3
344 460 3
358 359 1
361 362 3
304 362 3
365 422 3
260 433 3
328 444 3
360 361 3
431 433 3
319 433 3
319 493 0
385 444 3
386 444 3
342 344 3
351 352 3
352 353 2
362 363 3
374 375 3
364 422 3
422 423 3
349 350 3
291 350 3
361 419 3
368 425 3
437 496 0
342 574 1
344 574 1
349 351 0
350 351 0
351 409 3
360 419 3
366 425 3
371 372 3
385 443 3
433 493 3
380 438 3
381 438 3
384 443 3
349 408 3
362 419 3
351 408 1
366 423 2
357 414 3
356 414 3
383 443 3
392 565 3
374 431 3
431 489 3
437 438 0
457 565 3
354 412 3
433 489 3
460 574 1
352 410 3
353 412 2
348 406 3
349 407 3
351 410 3
352 411 2
353 411 3
355 413 3
358 416 3
359 417 3
360 418 3
368 426 3
369 427 3
428 485 3
370 428 3
371 429 3
391 566 3
392 566 3
460 461 1
406 407 3
407 408 3
410 411 2
354 413 3
413 414 3
357 416 3
359 416 0
417 418 0
362 364 3
425 426 3
426 427 3
427 485 3
428 429 3
409 410 3
418 419 3
372 430 3
372 431 3
383 439 3
408 409 0
357 415 3
423 424 3
371 430 3
430 489 3
382 439 3
439 443 3
443 444 3
271 444 3
342 573 1
460 462 1
414 415 3
415 416 3
429 430 3
430 431 3
565 566 3
457 573 1
462 463 0
411 412 3
416 417 1
366 424 3
413 470 3
424 425 3
438 496 3
381 439 3
271 566 3
438 497 3
438 439 3
441 443 3
408 466 3
412 413 3
419 478 3
364 480 3
422 480 3
439 441 3
409 467 3
362 478 1
362 479 1
364 479 3
426 484 3
427 484 3
496 497 3
479 480 3
573 574 3
407 466 3
408 467 3
412 470 3
411 470 3
478 479 3
407 465 3
465 466 3
410 469 3
411 469 3
416 474 3
417 474 0
433 490 3
409 468 2
410 468 2
423 482 3
413 471 3
423 480 3
429 487 3
489 490 3
443 502 3
460 521 3
406 464 3
470 471 3
414 471 3
417 475 3
425 483 3
426 483 3
484 485 3
430 487 3
437 495 3
439 497 3
441 502 3
464 465 3
468 469 2
414 473 3
415 473 3
416 473 3
418 475 1
424 482 3
487 489 3
493 495 1
495 496 0
444 502 3
466 467 3
480 482 3
574 575 3
414 472 3
472 473 3
419 477 3
425 482 3
493 552 3
460 575 1
469 470 3
474 475 1
477 478 3
482 483 3
495 552 3
473 474 3
483 484 3
428 487 3
471 472 3
418 477 3
271 502 3
454 457 3
454 573 1
489 547 1
454 570 1
475 477 0
487 547 1
460 578 1
454 565 3
521 578 1
482 544 0
483 544 0
497 498 3
439 498 3
454 568 1
467 468 2
487 545 2
477 590 0
485 544 0
428 544 0
271 564 3
565 568 3
478 594 1
484 544 0
544 545 3
487 544 2
465 523 3
466 523 3
474 590 0
475 590 0
477 594 1
489 548 2
433 549 1
433 550 1
496 553 1
473 589 0
474 589 0
479 654 0
480 654 0
545 547 1
547 548 0
490 548 2
495 553 3
478 654 0
542 544 3
549 550 3
493 550 1
497 555 3
565 625 3
568 625 3
521 579 3
467 523 2
472 585 0
542 545 3
433 548 2
498 555 3
441 498 3
464 523 3
470 585 0
471 585 0
585 587 3
473 585 0
552 553 3
460 576 1
460 577 1
493 551 3
496 555 3
564 566 3
575 576 3
576 577 3
577 578 1
480 544 0
548 549 1
464 638 0
589 590 3
544 654 3
550 551 3
551 552 3
578 579 0
523 638 0
467 585 0
468 585 0
469 585 0
535 590 0
477 535 1
594 654 0
488 544 3
488 542 3
553 611 3
555 557 3
496 611 1
488 654 3
523 585 0
526 585 0
535 594 3
488 539 1
498 557 3
574 632 3
585 589 2
441 557 3
441 615 1
564 624 3
566 624 3
566 625 3
573 632 3
575 632 3
502 615 1
488 540 1
545 601 3
539 540 0
542 601 3
590 592 0
535 592 0
542 543 3
545 604 3
547 604 2
271 624 3
578 694 1
582 585 0
543 601 3
500 615 1
500 502 3
502 505 3
547 605 2
500 505 3
454 625 3
545 602 3
545 603 3
552 611 3
590 591 3
535 593 0
601 602 3
604 605 3
624 625 3
591 592 0
593 594 1
548 605 3
573 746 1
577 635 3
578 635 0
557 615 1
271 621 1
454 630 1
632 746 1
488 655 1
602 603 3
496 557 3
454 746 1
575 633 3
576 634 3
578 637 2
579 637 3
585 638 3
582 583 0
585 588 1
654 655 1
548 607 3
549 607 3
632 633 3
633 634 3
634 635 3
637 694 1
588 589 0
592 593 3
603 604 3
271 505 3
550 607 3
550 608 3
611 668 3
551 608 3
635 694 1
585 644 3
605 607 3
607 608 3
587 644 3
583 585 3
557 611 1
271 558 3
581 638 0
611 670 3
557 670 1
558 624 3
581 585 0
632 689 3
587 645 2
552 668 3
689 746 1
551 668 3
587 588 2
655 656 0
488 656 3
603 661 3
488 543 3
607 664 3
605 664 3
551 667 3
607 665 3
667 668 3
594 653 0
653 654 3
608 665 3
638 639 3
582 640 0
583 640 3
644 645 3
587 646 2
624 740 1
581 639 0
588 646 2
589 647 2
590 649 2
625 740 1
591 649 3
592 649 3
583 641 3
585 642 3
642 644 3
645 646 3
590 647 2
593 652 3
594 652 0
488 601 3
604 661 3
583 642 3
643 644 3
647 648 3
590 648 3
593 651 3
604 662 3
605 662 3
608 666 3
551 666 3
632 690 3
633 691 3
634 692 3
635 693 3
637 695 3
585 640 3
642 643 3
592 651 3
662 664 3
664 665 3
689 690 3
690 691 3
691 692 3
692 693 3
693 694 1
694 695 0
581 640 0
648 649 3
602 661 3
661 662 3
666 667 3
611 669 3
649 650 3
652 653 3
665 666 3
640 641 3
641 642 3
589 646 2
646 647 3
592 650 3
488 657 3
601 661 3
668 669 3
650 651 3
651 652 3
656 657 3
488 659 1
505 558 3
654 712 3
655 712 0
558 561 3
624 856 1
639 640 3
653 712 3
557 788 1
558 856 1
740 856 0
601 717 1
500 788 1
615 788 1
643 645 3
661 717 1
557 729 1
488 717 1
662 721 3
670 729 3
729 788 3
664 721 3
669 670 3
500 558 3
645 703 3
670 728 3
638 696 3
664 723 1
669 728 3
665 723 1
638 697 2
639 697 3
653 711 3
659 717 0
696 697 1
643 703 3
652 711 3
666 725 3
667 725 3
694 752 3
646 703 3
695 752 1
640 698 3
643 701 3
643 702 3
662 719 3
642 701 3
661 719 3
665 724 3
666 724 3
454 740 1
641 698 3
702 703 3
646 704 3
649 651 3
655 714 0
656 714 3
657 714 3
664 722 3
689 747 1
689 748 1
690 748 1
691 749 1
692 750 1
693 751 1
694 751 1
695 753 3
639 698 3
642 698 3
642 700 3
701 702 3
703 704 3
649 766 3
651 766 3
661 776 3
721 722 3
722 723 3
723 724 3
668 725 3
746 747 0
748 749 3
749 750 3
750 751 1
751 752 0
700 701 3
647 706 3
649 707 3
711 712 3
717 776 0
668 726 3
669 726 3
747 748 3
752 753 0
646 705 3
647 705 3
648 706 3
649 706 3
655 713 0
719 721 3
724 725 3
725 726 3
728 729 3
697 698 3
698 700 3
705 706 3
706 707 3
707 766 3
712 713 3
713 714 3
488 775 3
717 775 0
698 699 3
704 705 3
657 775 3
719 776 3
719 778 3
651 709 3
651 711 3
669 785 3
740 916 1
454 916 1
454 804 1
728 785 3
746 804 0
721 778 3
657 772 3
709 766 3
714 772 3
772 775 3
726 785 3
699 700 3
709 711 3
711 768 3
709 768 3
719 777 3
747 804 3
697 755 3
701 759 3
706 765 3
707 765 3
776 777 3
454 859 3
711 769 3
713 772 3
721 779 2
723 781 1
724 781 1
725 784 3
726 784 3
859 916 1
804 859 0
698 756 3
702 759 3
706 764 3
712 769 3
722 779 2
698 755 3
703 761 1
704 761 3
764 765 3
778 779 1
724 782 1
725 782 1
728 786 3
729 786 3
729 787 3
747 805 3
752 810 3
753 810 1
702 760 2
703 760 2
775 776 3
722 781 1
786 787 3
748 805 3
751 809 2
696 754 1
696 755 1
755 756 3
699 756 3
705 763 3
705 764 3
765 766 3
712 770 3
713 771 3
722 780 3
785 786 3
804 805 3
748 806 3
749 807 3
750 808 3
752 809 3
760 761 3
768 769 3
769 770 3
770 771 3
771 772 3
780 781 1
805 806 3
806 807 3
807 808 3
808 809 3
754 755 3
704 763 3
763 764 3
772 832 3
775 832 3
777 778 3
788 848 3
500 848 1
809 810 3
753 811 3
700 757 3
779 780 0
782 784 0
787 788 3
810 811 0
699 757 3
759 760 3
761 763 3
784 785 3
700 759 3
781 782 3
856 916 1
756 757 3
709 825 3
766 825 3
768 825 3
775 833 3
776 833 3
788 847 3
700 817 1
759 817 1
763 820 3
782 841 1
784 841 1
847 848 3
804 861 0
757 816 3
700 816 2
760 817 2
761 820 3
859 861 3
816 817 1
755 813 3
772 889 3
776 834 3
777 834 3
763 821 3
832 889 3
754 813 3
766 824 3
824 825 3
769 827 3
833 834 3
761 819 3
765 824 3
832 833 3
784 842 3
785 842 3
787 904 3
788 904 3
805 863 0
760 819 2
768 827 3
771 829 3
772 829 3
787 845 3
558 1028 1
856 1028 1
806 863 0
810 868 3
811 868 1
757 815 3
764 821 3
781 839 3
782 839 3
809 868 3
754 812 0
756 815 3
760 818 2
765 823 3
825 826 3
768 826 3
770 828 3
777 835 3
778 836 3
779 837 0
780 838 1
782 840 3
785 843 0
786 844 3
804 862 0
806 864 0
807 865 0
808 866 0
809 867 0
811 869 3
812 813 1
756 813 3
817 818 3
819 820 3
823 824 3
826 827 3
827 828 3
828 829 3
829 889 3
834 835 3
835 836 3
836 837 3
837 838 3
838 839 3
839 840 3
842 843 0
843 844 1
786 845 3
862 863 3
863 864 3
864 865 3
865 866 3
866 867 3
867 868 1
820 821 3
764 823 3
840 841 1
841 842 0
847 904 3
861 862 3
844 845 3
868 869 0
813 815 3
815 816 3
845 904 3
818 819 3
821 823 3
558 848 1
561 848 1
915 916 1
856 915 1
823 880 3
558 966 1
561 966 1
818 876 3
815 872 2
817 876 3
561 847 1
966 1028 0
813 872 2
821 880 3
825 883 3
859 918 1
826 883 3
832 890 3
833 890 3
861 918 1
815 873 2
859 917 1
816 873 2
819 877 3
820 878 3
826 884 3
833 891 3
834 891 3
916 917 3
817 874 3
827 884 3
889 890 3
816 874 2
820 877 2
856 972 1
827 885 3
828 885 3
829 887 3
887 889 3
840 899 3
841 899 3
972 1028 0
915 972 1
818 877 3
824 883 3
842 899 1
561 906 1
812 870 1
817 875 3
876 877 3
828 886 3
829 886 3
890 891 3
834 892 3
835 893 3
836 894 3
837 895 3
838 896 3
839 897 3
840 898 3
842 900 0
843 901 3
861 919 1
862 920 1
863 921 1
864 922 1
865 923 1
866 924 1
867 925 1
868 926 3
869 927 1
813 870 3
875 876 3
877 878 1
821 879 3
823 882 3
824 882 3
891 892 3
892 893 3
893 894 3
894 895 3
895 896 3
896 897 3
897 898 3
899 900 0
900 901 3
844 901 0
844 902 2
844 903 3
845 903 3
917 918 3
918 919 1
919 920 3
920 921 3
921 922 3
922 923 1
923 924 0
924 925 0
925 926 1
926 927 3
813 871 2
873 874 3
879 880 3
884 885 3
898 899 3
901 902 1
902 903 1
871 872 3
874 875 3
885 886 3
847 906 3
870 871 3
872 873 3
821 878 3
883 884 3
886 887 3
903 904 3
904 906 3
561 965 1
882 883 3
888 889 3
878 879 3
887 888 3
906 963 3
888 890 3
904 963 3
906 964 3
971 972 3
880 882 3
888 947 3
890 947 3
971 1028 0
876 934 3
916 974 1
875 934 3
561 964 1
965 966 3
915 974 1
917 974 1
874 933 3
875 933 3
882 940 3
964 965 3
873 932 3
874 932 3
879 938 3
880 938 3
903 962 3
904 962 3
962 963 3
877 935 1
878 935 3
880 940 3
963 964 3
872 930 3
873 930 3
932 933 0
883 942 3
884 942 3
884 943 3
885 943 3
870 928 3
871 929 3
876 935 1
890 948 3
891 949 3
892 950 3
893 951 3
894 952 3
895 953 3
896 954 3
897 955 3
898 956 3
899 957 3
900 958 1
901 959 1
902 960 1
903 961 3
915 973 1
917 975 1
918 976 1
919 977 1
920 978 1
921 979 1
922 980 1
923 981 1
924 982 1
925 984 2
926 984 0
927 985 1
928 929 3
929 930 3
879 936 3
886 943 3
947 948 3
948 949 3
949 950 3
950 951 3
951 952 3
952 953 3
953 954 3
954 955 3
955 956 3
956 957 3
957 958 0
958 959 0
959 960 1
960 961 3
961 962 3
972 973 3
973 974 3
974 975 3
975 976 3
976 977 3
977 978 3
978 979 3
979 980 3
980 981 3
981 982 3
925 982 1
925 983 3
984 985 1
933 934 3
934 935 1
878 936 3
982 983 0
983 984 1
935 936 3
880 997 3
882 942 3
940 997 3
938 997 3
942 943 3
887 943 3
930 932 3
940 942 3
932 990 3
888 1002 3
887 1002 3
936 938 3
971 1029 0
932 989 3
934 992 1
936 995 3
938 995 3
888 1004 3
947 1004 3
964 1022 3
965 1022 3
1028 1029 3
971 1030 0
972 1030 0
973 1030 0
930 989 3
933 992 1
934 993 1
935 993 3
943 1000 3
943 1002 3
942 999 3
942 1000 3
992 993 3
1002 1003 3
961 1020 3
962 1020 3
938 996 3
888 1003 3
933 991 0
996 997 3
940 998 3
963 1021 3
932 991 0
936 993 3
997 998 3
943 1001 3
962 1021 3
991 992 1
1001 1002 3
1003 1004 3
928 986 3
929 987 3
930 988 3
990 991 0
942 998 3
999 1000 3
947 1005 3
948 1006 3
949 1007 3
950 1008 3
951 1009 3
952 1010 3
953 1011 3
954 1012 3
955 1013 3
956 1014 3
957 1015 0
958 1016 0
959 1017 0
960 1018 3
961 1019 0
964 1021 3
973 1031 0
974 1032 0
975 1033 0
976 1034 0
977 1035 0
978 1036 0
979 1037 0
980 1038 0
981 1039 0
982 1040 0
983 1041 1
984 1042 2
984 1043 2
985 1043 0
986 987 3
987 988 3
998 999 3
1000 1001 3
1004 1005 3
1005 1006 3
1006 1007 3
1007 1008 3
1008 1009 3
1009 1010 3
1010 1011 3
1011 1012 3
1012 1013 3
1013 1014 3
1014 1015 0
1015 1016 3
1016 1017 3
1017 1018 1
1018 1019 0
1019 1020 1
1020 1021 3
966 1022 3
1030 1031 3
1031 1032 3
1032 1033 3
1033 1034 3
1034 1035 3
1035 1036 3
1036 1037 3
1037 1038 3
1038 1039 3
1039 1040 3
1040 1041 3
1041 1042 3
1042 1043 3
988 989 3
995 996 3
1029 1030 3
989 990 3
1021 1022 3
