-0.0643209 0.00658792 34.5186
-0.064321 0.00658832 34.5186
-0.0859864 -0.0136327 36.1519
-0.113679 0.0669723 36.7102
-0.0801554 0.0755127 33.8318
-0.0652814 0.107201 31.0671
-0.0630315 0.110328 30.9556
-0.0754605 0.129978 32.0051
-0.0485791 0.145631 27.2508
0.0637087 -0.239478 16.7789
0.0768236 -0.083272 11.3826
0.0337795 -0.0246776 20.6889
-0.0328339 -0.0987948 30.5785
-0.0264094 -0.0896583 29.8492
-0.0666451 -0.0480297 39.9206
-0.0289116 -0.0530498 26.1374
-0.0663824 0.0382337 36.8448
0.0254444 -0.131407 9.32669
0.00923709 -0.105928 14.7609
0.0171522 -0.0722998 11.3705
0.0737808 -0.0769547 -11.1231
0.0657146 -0.0473162 -7.35057
-0.00520736 -0.00370243 26.128
-0.0145175 0.177644 28.9231
-0.0705432 0.441728 55.7967
-0.0550907 0.00488234 36.5667
-0.055429 0.00749866 36.6994
0.312773 0.251438 -164.471
-0.0524014 0.0101558 34.7244
-0.0297625 0.0294137 20.6835
-0.000566776 0.0157994 2.32176
0.995399 -0.435522 -667.661
-0.0041691 0.00430719 5.25993
0.0137659 0.0589323 13.777
0.00547075 -0.00539767 -1.85788
0.0101571 -0.00797611 -4.86142
-0.0303619 -0.0355068 28.0202
0.0184017 -0.0366033 -11.5147
-0.00375909 -0.0402035 6.29809
0.0198929 -0.179007 -12.0763
0.0130815 -0.0254299 -8.25296
-0.0204973 -0.0353961 21.6269
0.0263964 -0.0636254 -20.0798
0.0150389 -0.260677 -7.31163
0.561435 0.143555 -535.204
0.0110609 -0.143711 -1.10689
-0.0283582 -0.557769 40.0902
-0.0791775 0.359694 97.2841
-0.0769112 0.290552 95.3971
-0.0526378 0.158461 70.7565
-0.0522794 0.168008 70.3553
-0.14926 0.297487 179.358
-0.154348 0.311065 184.999
0 0.227952 12.7028
0 0.227952 12.7028
0 0.227952 12.7028
0 0.227952 12.7028
0.0210985 0.2094 -13.1741
-0.0129999 0.0699649 18.0044
-0.0129995 0.0699665 18.0043
-0.0071484 0.0814833 17.409
0.0354967 -0.165263 26.2191
-0.0738795 0.0465452 33.8474
-0.0630893 0.0592254 32.4854
-0.0747606 0.0661802 33.7694
-0.0377257 0.0776372 28.177
0.000520353 0.0963815 20.3657
0.0378092 -0.0832463 20.3692
0.0833641 -0.0811646 9.82066
0.0808097 -0.0196446 8.96811
0.0111686 -0.0778914 18.2674
0.0110964 -0.0910726 19.6918
-0.0706197 -0.0371731 41.417
-0.0727655 -0.0187277 41.1854
-0.0189452 -0.0644051 23.0139
0.0141432 -0.0570971 11.0494
-0.0388619 0.171691 28.8947
0.0545792 -0.0330794 -3.52989
0.0764406 -0.0485329 -12.298
0.159408 -0.03075 -50.3983
0.0641685 -0.0498273 -6.17954
-0.132614 -0.0536126 89.9141
-0.135125 -0.0105912 89.3679
-0.514703 -0.953691 328.224
-0.0602123 -0.268809 51.4288
0.0482502 -0.814971 9.94778
-0.0496181 0.00793147 33.1908
-0.00691857 0.0283583 5.93124
-0.0116978 0.0340867 8.99754
-0.00406589 0.0233385 4.03359
-0.00140447 0.0152286 2.69632
0.000638384 -0.00217522 1.94003
0.0011948 0.00544726 0.945299
0.567697 -0.0519618 -426.336
0.00801775 -0.00259328 -3.40928
-0.0886575 0.0269888 74.0105
-0.00690775 -0.0305189 8.64624
0.00507299 -0.020286 -1.78165
0.00644425 -0.0271338 -2.83986
0.0146269 -0.000214412 -10.4297
0.0117722 -0.00772869 -7.52798
0.00585347 0.00574321 -2.43607
-0.0082131 0.0222366 10.1973
0.000480519 0.0204838 2.37604
-0.0116808 0.0245229 13.4966
-0.000512059 0.0235342 3.29133
-0.00190476 0.0227257 3.9831
-0.0573465 0.130399 76.1062
0.00057698 0.0274582 2.06312
-0.000214474 0.0293284 2.87516
-0.00174825 0.0368742 2.95448
0.00355488 0.0328157 -1.46843
0.0034666 0.0371293 -1.53974
0.00337523 0.036827 -1.41595
0.00391316 0.0371287 -2.05845
0.0101442 0.0485635 -12.7775
-0.0544073 0.0967952 9.98858
-0.0617916 0.146379 6.87117
-0.0791363 0.0978275 10.7504
-0.0812619 0.0399501 14.7091
-0.035053 0.0680735 8.79562
-0.0648354 -0.288499 45.368
-0.0771397 0.0341149 35.593
-0.0547421 0.03636 31.7627
-0.0368831 0.0058305 30.4291
0.00426649 -0.0542441 25.8145
0.117096 -0.0529054 0.572541
0.145046 -0.00255048 -7.42484
-0.0166558 -0.0129452 24.005
-0.0162273 -0.0344116 25.067
-0.0576867 -0.023844 37.1788
-0.099985 -0.0350281 51.6139
-0.0572953 -0.0743305 38.3069
0.0992407 -0.058065 -21.6575
0.062973 -0.0640204 -6.12817
0.0590466 -0.0999602 -2.9384
0.0737879 -0.102914 -8.97815
0.0260507 0.0127235 -6.80761
0.124171 0.335764 -70.2795
-0.127803 -0.523267 109.553
-0.0478707 0.00127857 32.9276
-0.0447309 0.00928749 30.9312
-0.0582273 0.022627 37.9009
-0.0221809 0.02937 15.9114
-0.0438101 0.0605664 26.6408
-0.00471396 0.0454949 4.07798
-0.0168238 0.0512712 11.5448
-0.0188351 0.0258322 14.3028
0.118457 -0.0383178 -76.9183
-0.000774155 0.00414244 2.69472
0.0052661 -0.0058265 -1.60416
0.00300979 0.004677 -0.353713
-0.00385423 -0.0127938 5.81124
-0.0144698 -0.0284032 15.323
-0.00939879 -0.0218991 10.4749
0.0160793 -0.0113124 -11.6764
0.0245157 -0.00840498 -19.1434
0.0309898 -0.0164017 -23.6456
-0.0109395 0.0138086 11.8103
0.0199698 0.35115 -33.8983
-0.0123079 0.0191081 13.6069
-0.0324191 0.330701 18.0037
-0.000824478 0.0264187 2.26579
0.00221981 0.0274452 0.344352
0 -0.101851 10.4719
0.00166885 -0.103807 8.80711
-0.00562231 -0.110144 17.0492
0 -0.101851 10.4719
0 -0.221055 16.8754
0.00464954 0.036585 -2.87915
0 -0.101851 10.4719
0.00627564 0.0507867 -8.59448
0.023927 0.326022 -42.8005
0.00722283 -0.0914992 0.975995
-0.0826218 0.157324 6.64952
-0.0907662 0.163604 6.85095
-0.103051 0.113997 11.1792
-0.0976111 0.0800953 12.9807
-0.0727854 0.0624621 12.2346
0.158464 -0.05521 -3.15177
0.194965 -0.361314 16.4537
0.159146 -0.442227 27.3524
-0.0319647 -0.0233804 31.5579
-0.0290441 -0.0282593 31.11
-0.00630069 -0.0422917 27.1776
0.00717339 0.0190533 25.846
-0.0433336 0.0153761 30.3035
-0.0486935 0.0173848 31.9633
-0.0750278 0.00715164 40.7022
-0.116514 -0.0331653 56.9581
-0.057637 -0.0535353 36.3275
0.036185 -0.0735681 3.41448
0.0947389 -0.103859 -17.4985
0.0517419 -0.0907212 -0.634974
0.0612588 -0.0809794 -5.53056
-0.0106377 -0.0237658 12.5784
0.424768 0.00345963 -196.295
-0.0593522 0.0028007 40.0892
-0.0495701 0.0487283 31.4047
-0.0344071 -0.021473 27.822
-0.0395384 0.00406106 28.8879
-0.0408388 0.0216756 27.7123
-0.0112536 0.0131688 9.91083
0.000289814 0.0377973 1.89548
-0.0199872 0.0371792 14.395
-0.0142991 0.0361397 10.5467
-0.00257746 0.0100218 3.5255
-0.0112526 0.0308384 8.72503
-0.0139347 0.0220354 11.348
-0.018794 0.00471317 16.5707
-0.0133595 0.00235716 12.2509
-0.0146883 -0.00868595 13.9367
-0.0034421 -0.00614363 4.57121
0.0178 -0.00457779 -13.4795
0.0267078 -0.00828625 -21.1286
0.601562 -0.108073 -523.173
0.0232369 0.000723681 -18.2707
0.0206044 -0.00159595 -15.9876
0.0127736 0.00833702 -8.95586
0.00661275 0.167385 -15.9721
0 0.161912 -9.11445
-0.0121222 0.0210694 13.4144
0.00483759 0.0187617 -1.82159
0 0.168274 -9.56919
-0.00219375 0.169926 -7.29529
-0.0028033 0.171447 -6.67378
0 0.168274 -9.56919
0.012714 0.0278239 -11.6907
0.0119757 0.015979 -8.69208
0.024879 0.600466 75.1244
0.113071 0.0513289 5.98875
0.0258661 0.0613206 -32.8958
-0.106087 0.19554 3.96328
-0.101911 0.17717 6.04214
-0.153839 0.170994 8.86997
-0.112481 0.138681 9.33763
-0.0762416 0.104735 9.20612
-0.0188068 0.0492876 8.59874
-0.0477585 -0.0455789 36.6154
-0.047863 -0.0304207 34.7912
-0.0554033 -0.0278211 35.8195
-0.0301965 -0.0270753 31.3997
-0.0187504 -0.0323786 29.3942
-0.0616951 0.013302 43.4017
-0.0736225 -0.0230019 42.4091
-0.0736812 -0.0526293 45.6292
-0.0909715 -0.0439533 50.3871
-0.116114 -0.0487876 58.6675
-0.0668007 -0.0273179 38.2572
0.000390638 -0.0457131 14.7538
0.0437034 -0.073039 0.893835
0.0417072 -0.0833855 3.98341
-0.00480253 -0.0659524 21.9817
-0.0175231 -0.0253083 15.698
-0.0373407 -0.0438941 27.6036
-0.018311 -0.0358861 16.163
7.20854e-05 -0.0304674 6.15452
0.043578 -0.0702267 -11.2666
-0.0058749 -0.0636765 15.1133
-0.0285938 -0.0148438 23.6196
0.0217303 -0.0109617 -7.25073
-0.00401654 0.0291017 5.10662
-0.00146172 0.00144408 6.63427
-0.0323575 0.0181159 26.1123
-0.0461642 -0.0294109 39.5789
-0.0268342 0.0186897 20.9391
-0.0108274 0.00643544 10.3506
-0.0193715 0.000695045 17.1408
-0.0210254 -0.0062838 19.7847
-0.00932637 0.00548478 8.35099
0.00910291 0.00611381 -6.93006
0.0232285 0.00596275 -19.4882
0.0108424 -4.92487e-05 -7.87757
0.0285645 0.00350873 -23.5427
0.0259495 0.0106445 -22.2652
0.00507469 0.0177256 -4.859
0.0176048 0.0157758 -13.9933
-0.00551259 0.0276157 7.55679
0.154846 0.0252349 -146.985
0.00225442 -0.107263 19.7801
0.0332614 -0.00394498 -18.2426
0 -0.462753 57.5777
0.0129109 -0.436994 41.3359
-0.00304875 -0.146142 29.1809
0 -0.462381 57.7223
-0.097095 -0.560999 178.878
-0.0310073 -0.39461 83.3759
0.00857799 0.0200048 -6.04326
0 -0.457566 57.1927
0.0601752 0.00143873 -65.7743
-0.0947581 0.122416 12.4122
-0.118172 0.137026 12.1024
-0.162419 0.141542 12.7245
-0.123604 0.0678994 18.7851
-0.0916692 0.0746236 14.4922
-0.0586157 0.0677123 11.7765
-0.0306946 -0.0118736 30.199
-0.0439645 -0.00141147 30.8532
-0.0602503 0.00668263 32.9623
-0.033822 -0.0120781 30.3708
-0.0158683 -0.0151461 26.7148
-0.0781481 0.0018292 48.5904
-0.0923839 -0.0898235 55.1754
-0.0783427 -0.0759359 49.7607
-0.080057 -0.107701 53.2332
-0.0838276 -0.0707727 49.4945
-0.0690623 -0.0444266 41.2323
-0.0506178 -0.0564472 35.8353
-0.0672008 -0.170784 56.1019
-0.0512456 -0.0629583 35.0517
-0.0562548 -0.0186203 32.4885
-0.0292823 -0.00301151 18.8054
-0.0316642 -0.0302839 22.3962
0.00984951 -0.043121 2.87049
0.0323347 0.00164027 -13.941
0.0193834 -0.0545676 -0.252233
0.0165005 -0.0274146 -2.48706
0.0142915 -0.0207974 -2.11566
0.0369236 -0.0451589 -12.6894
0.0205609 -0.0194967 -5.08167
-0.0176475 -0.0611942 24.4254
-0.0237103 -0.0240947 23.7109
-0.0385407 -0.0449756 35.4637
-0.0204186 -0.012026 18.8195
-0.00965875 -0.0156954 11.9736
-0.0271768 0.130117 7.71757
-0.0188715 -0.00472625 17.8106
-0.0112849 0.00282105 10.423
0.0104325 -0.00137456 -7.25938
0.00443138 -0.00200495 -2.39866
0.0240905 -0.000729846 -19.3212
0.0299193 -0.000677682 -24.5604
0.392154 -0.358819 -312.327
0.0285639 0.00929219 -24.2908
0.026579 0.00575273 -22.2859
0 -0.131826 19.2464
0.00864277 0.0228628 -5.94742
-0.0101732 -0.102642 25.9999
0.000835989 -0.111849 15.8445
-0.00130619 -0.00543226 4.71601
0.00807173 -0.118471 8.75969
-0.0925379 0.216323 86.689
0.00503476 0.028197 -2.7505
0.00575377 0.0289641 -3.68083
0.00419344 0.0222335 -1.16219
-0.00547808 -0.370578 52.035
0.0140492 0.0277724 -16.3283
0.0128827 0.0166947 -10.7206
-0.0898449 0.0537972 21.2327
-0.0912299 0.0608653 20.3094
-0.090593 0.0847694 17.0264
-0.0943927 0.0258375 20.4134
-0.083328 0.0323629 18.5937
0.388129 -0.113198 -10.7212
0.0288887 -0.0344903 24.9404
-0.0139707 -0.00678804 27.2275
-0.0466265 -0.00522501 32.4714
-0.0453688 -0.0200119 34.1355
-0.031405 -0.025312 31.358
-0.0836494 -0.00142677 50.3129
-0.0867647 -0.119461 57.2647
-0.106537 -0.130464 64.0439
-0.0698756 -0.129421 51.5189
-0.036667 -0.117758 40.1006
-0.0533866 -0.0328296 33.9146
-0.0211684 0.0438609 7.66244
-0.0393759 -0.0139949 23.7964
-0.0171786 0.0151204 11.1452
-0.0275114 0.0185558 15.1618
-0.0311264 0.0070209 18.4208
-0.0556911 -0.00287933 31.5546
-0.0018501 -0.0322932 8.26619
0.0133459 -0.0265585 0.194378
-0.0150627 -0.0425519 17.2306
0.000522574 -0.054123 10.0648
0.0112334 -0.0279583 0.374645
0.019083 -0.0420103 -2.48062
0.0183141 -0.0304189 -3.72464
0.0317413 0.00452424 -17.4058
-0.052335 -0.0155401 48.4454
-0.019679 -0.0183912 18.5434
0.00950496 -0.0195315 -1.82547
0.00379235 -0.0195293 2.62715
-0.00752236 -0.0150404 10.0622
-0.0247764 -0.00713312 23.1048
-0.019576 -0.010172 18.9658
0.0240707 0.00325088 -19.527
-0.123698 -0.0136719 106.646
0.0226007 -0.00074722 -18.2393
0.0281399 -0.0015299 -22.955
0.0351807 -0.00402936 -28.7555
0.0357178 0.00451049 -29.7748
0.0240024 0.0198207 -20.9358
-0.00328397 -0.0679778 18.5226
0 -0.0682375 15.3397
0 -0.0682375 15.3397
-0.0143455 -0.180671 46.5642
0 -0.0682375 15.3397
0 -0.0682375 15.3397
-0.0953485 0.210112 90.6068
0 -0.100848 20.0833
0 -0.126777 23.7214
-0.0063508 -0.115626 29.6255
0 -0.100848 20.0833
0.0261481 0.0184047 -29.9747
0.0143333 0.036575 -17.745
-0.0750545 -0.0173045 31.7976
-0.085327 0.00930362 27.8714
-0.118202 0.0355496 24.7212
-0.0845076 0.0876727 9.4716
-0.0524952 0.0430093 13.9667
0.197922 -0.0491675 1.85566
0.11918 -0.0850976 18.9089
0.0228048 -0.0625446 29.6217
-0.030199 -0.0546119 36.7309
-0.051568 -0.0278748 36.3278
-0.04144 -0.0254644 33.5894
-0.0575058 -0.000804217 43.776
-0.0432431 -0.0484942 33.2035
-0.0718901 -0.0257881 37.7367
-0.0504083 -0.0071318 27.8547
-0.0607326 0.0310366 25.6962
-0.097625 0.056328 33.3968
-0.0440936 0.0995318 7.71483
-0.0229656 0.0483428 8.01536
-0.0265398 0.0322762 12.4121
-0.0265589 0.0248156 13.8722
-0.049424 0.00949912 26.5685
-0.0508102 -0.00813306 29.7527
-0.00193806 -0.0153742 5.97432
0.00966252 -0.0149114 0.500757
0.0108091 -0.0233014 0.198349
-0.000505663 0.00269745 1.92801
0.0236238 0.0124312 -13.145
0.00659877 -0.0178023 1.07919
0.00876404 -0.00698982 -1.35309
0.192102 0.391197 -179.698
-0.0326151 -0.0213296 36.0667
-0.0054421 -0.00338679 6.06436
-0.00583808 -0.00735631 7.39061
0.000609519 -0.0284817 6.15655
-0.014873 0.00950737 11.2287
-0.0748575 -0.0981498 76.4867
-0.0111989 -0.00949332 11.8594
0.0116759 0.00159923 -8.7489
0.0227667 0.00684595 -18.8809
0.0201397 0.00149398 -16.4317
0.0258286 -0.000981704 -20.9856
0.0421405 0.00700186 -36.4936
-0.00671367 -0.0101351 11.2291
0.0647033 -0.65185 40.3644
0.00882832 0.0228529 -6.11497
1.00932 0.0349363 -1010.64
1.07031 -0.0546875 -1057.57
0.0289827 0.0347096 -28.0175
0 0.354187 -41.3296
0.0126107 0.309225 -47.8566
0.0157123 0.0356341 -14.7768
0 0.161882 -10.4732
0.00433185 0.00355204 -2.51102
-0.000700981 0.0198851 4.89334
0.31339 -0.236308 -295.278
-0.0262896 0.0124478 62.0784
-0.023272 0.0329331 29.3418
-0.0707016 -0.0680039 40.3801
-0.0599679 -0.0641218 39.708
-0.0497439 -0.0336232 33.9106
-0.193427 0.10489 16.6557
-0.018754 0.236368 -22.686
0.0927079 -0.065943 18.6589
0.131677 -0.0770253 16.28
0.0191262 -0.0296585 24.4251
-0.0276749 -0.0331445 32.6713
-0.0473149 -8.75022e-05 30.8534
-0.0520268 -0.00361551 32.5121
-0.0436532 -0.00799234 41.4689
-0.00829395 -0.0147669 18.2685
-0.0226773 0.00164853 19.5095
-0.0337914 -0.00219419 23.3544
-0.0492379 0.00115409 27.7571
-0.0754414 0.0446352 29.0365
-0.0582909 0.0854354 15.4211
-0.0340726 0.0702417 9.15963
-0.0337869 0.0294486 16.2926
-0.0292007 0.0118246 17.7256
-0.0159278 -0.0059972 13.7345
-0.0416093 0.00427433 23.7118
0.010105 -0.0601519 7.78534
0.0156802 0.326858 -70.2264
0.0164251 0.0152321 -9.66976
0.0233397 0.0519284 -19.0974
0.00974133 0.0308527 -7.93526
0.0383864 0.5469 -116.565
0.0661433 0.12585 -59.2491
0.0251745 0.299477 -67.1661
0.0213283 0.0245511 -8.19615
-0.00290347 0.0247475 -0.343377
-0.00401196 0.0234778 0.291405
-0.00724518 0.024412 2.6693
-0.04694 -0.0835686 53.227
0.0229185 0.00570925 -18.5264
0.0969427 -0.00786605 -75.1173
0.0100833 -0.00112789 -6.79483
0.00582351 0.00618935 -4.83512
0.0136248 0.0056605 -11.3819
0.020697 0.00871128 -17.5685
0.00540778 0.00416623 -2.82089
-0.0058258 -0.067016 22.7004
-0.00725122 0.0129056 9.57283
0.140301 -0.0662625 -115.091
0.0480944 0.0804665 -50.7877
0 0.0658203 0.948568
0.720719 -0.0503801 -727.138
0 -0.0973719 35.4127
0.000749396 -0.0928437 33.742
-0.0263737 0.839879 -116.656
0 0.000998223 16.6769
0 -0.0973719 35.4127
0 -0.0973719 35.4127
0 -0.0973719 35.4127
0.0366561 0.0386803 -45.3978
0.00208184 0.0176587 2.03687
0.03444 -0.126197 47.6486
-0.0420835 -0.113014 47.8127
-0.0922441 -0.121475 51.5166
0.0234375 0.802083 -145.475
-0.164162 0.29634 -10.7355
0.126092 -0.142636 28.9723
0.138121 -0.119081 22.9075
-0.323817 0.268689 27.3017
0.113015 -0.384616 68.6228
0.436521 0.469017 -158.095
1.00333 0.0135417 -102.483
0.176325 0.0336784 89.4367
0.00800507 0.361923 -49.5238
-0.0423911 0.0108164 73.3866
-0.0547202 0.000406441 79.2722
0.010362 0.070967 44.6047
0.137615 0.0634503 15.6003
-0.123426 -0.0703439 138.797
-0.0405904 0.00916001 67.1335
0.206621 -0.277107 35.5728
0.0150661 0.317442 -67.9372
0.0152718 0.322129 -69.0317
0.0222983 0.307523 -68.6939
0.0155107 0.262146 -57.2305
0.17896 0.0505089 -96.8134
0.0787702 -0.137724 -4.15634
0.0179569 0.291074 -62.7423
0.0166631 0.0760827 -13.0213
0.02432 0.130163 -29.1905
0.021465 0.208562 -44.6541
0.0753325 0.176176 -74.1657
0.0580567 0.162568 -60.1912
-0.00663133 0.0352796 0.405983
-0.00775525 0.0365302 1.01665
-0.00859818 0.0107597 6.72567
-0.00892809 0.0264279 3.65385
0.0264198 0.00855502 -22.3566
0.0250611 0.0046963 -21.0108
0.0308835 0.00977547 -26.2367
0.0264198 0.00855502 -22.3566
-0.177417 0.114267 134.276
0.0294096 0.00473388 -24.3636
0.0405777 0.0139451 -35.759
0.0377031 0.028655 -35.5224
0.0430676 0.018044 -39.0432
1.72843 0.0257328 -1677.57
0.153416 0.0035167 -143.995
0.0333916 0.06613 -32.8087
0.151988 0.00206488 -143.187
0.00366797 0.0359045 4.55835
-0.000238942 0.030885 9.78039
0.0141775 -0.00914141 1.89907
0.0153973 -0.0132547 1.29709
0.0192423 -0.0128273 -3.14626
0.0204261 -0.00705053 -5.67411
0.022275 -0.00150479 -8.99871
-0.786488 -0.579017 1100.29
-0.0985497 0.0155249 126.49
-0.00478962 0.163302 -33.5692
0.0837867 -0.173872 57.2118
-0.402218 0.57019 -97.8614
0.0207714 0.313524 -70.569
0.00163967 0.210875 -44.3086
0.00825217 0.253295 -56.7309
0.0393472 0.0669599 -17.1033
0.0318382 0.228682 -53.3262
0.149867 -0.0726519 -3.63056
0.0682894 0.275563 -73.9525
0.0853699 0.28945 -80.2944
0.0802756 0.266435 -72.7424
0.0420149 0.40533 -100.251
0.0594485 0.424081 -109.312
-0.042256 0.0107734 73.3566
-0.0605582 0.00134938 80.8755
0.00469792 -0.0419881 68.937
0 -0.0441073 71.0896
-0.00155291 -0.0447856 71.8679
-0.100006 -0.0244938 54.5892
0.0531461 -0.046945 -1.49804
0.0201509 0.311071 -68.8595
0.0261576 0.318787 -73.604
0.0350824 0.325898 -79.7533
0.0390093 0.31201 -78.2711
0.0105665 0.274498 -54.7239
0.0414131 0.282872 -74.1875
0.0548589 0.220424 -67.7093
0.0347479 0.212801 -52.958
0.0236733 0.279322 -62.0311
0.0196638 0.249893 -52.8635
0.0166158 0.236613 -48.0453
0.379169 -0.0182439 -242.253
-0.0717352 0.506791 -49.7304
0.0445388 -0.0713646 0.462539
0.271049 0.0191078 -188.899
0.0513408 0.184965 -67.9194
-0.0300902 0.0255218 31.6154
0 -0.322374 82.8924
0.000692439 0.29768 -54.8056
0.000719097 -0.322975 82.3966
-0.100567 -0.0385795 110.853
0.36849 0.34375 -401.341
0 -0.0785233 26.2464
0.0448154 0.0138898 -39.8251
0.0479959 0.0196354 -43.7935
0.0190121 0.0964697 -24.8885
0.0183204 0.0770054 -19.7332
0.160133 0.0045038 -152.121
0.0430502 -0.00797271 -28.6232
0.0408344 -0.00965672 -25.8376
0.0321634 0.0240986 -25.3526
0.0184778 -0.0167308 -1.47495
0.0228416 -0.0115648 -7.53252
0.0258698 -0.00544061 -12.4202
0.0261496 -0.00152706 -13.6308
0.00856116 -0.00759429 23.0253
-0.247963 -0.0126517 316.988
0.00465473 0.266718 -59.0195
0.0450442 0.292908 -65.8081
0.0150507 0.334941 -74.9708
-0.00132404 0.355758 -79.5967
0.00254565 0.340308 -75.7616
0.0427605 0.356 -84.6741
0.0290292 0.264354 -61.8443
0.0342531 0.351215 -82.8211
0.0136415 0.434257 -100.113
0.0406685 0.416549 -100.586
0.0479806 0.301242 -73.5519
0.0341981 0.359931 -86.2147
0.0384587 0.412561 -101.009
0.0472195 0.419029 -104.416
0.0614687 0.408309 -105.84
0.0419353 0.350975 -84.8816
0.0203675 0.338023 -74.4337
0.203877 0.212938 -75.6001
0.007293 0.34039 -69.8153
0.00470587 0.340195 -68.6663
0.0139214 0.417538 -96.1849
0.545866 0.0204541 -171.984
0.0407706 0.3619 -91.1092
0.0329503 0.319706 -76.5364
0.00264407 0.302331 -56.7965
0.0128472 0.28191 -57.1667
0.0170642 0.255597 -53.0872
0.0309164 0.231822 -54.9228
0.0260844 0.217448 -48.7459
0.0324395 0.232119 -55.9389
0.0440209 0.22008 -61.5484
0.0592904 0.252431 -79.565
0.0841811 0.282013 -104.175
0.00510589 0.0876963 5.17346
-0.00425889 0.218416 -32.0515
0.134847 0.0426711 -89.9521
-0.0129067 0.0758808 10.7141
-0.0155187 0.077372 12.6964
0 0.18611 -27.2066
0 0.0686873 2.46188
0.0235174 0.070218 -18.397
0.00680956 0.0761987 -5.61164
-0.0197194 0.0691047 20.3934
-0.0153542 0.0751086 15.1675
-0.0118813 0.12253 -0.159064
-0.011045 0.114766 0.910245
-0.00517414 0.101565 -1.71263
-0.00518156 0.0796905 3.72994
-0.0130605 0.0631382 15.9575
-0.0145337 0.0449746 21.925
-0.00624295 0.0362397 15.0408
0.037163 -0.0227723 -21.1976
0.0324174 -0.0212693 -16.1806
0.0318322 -0.0115754 -17.9
0.0308167 -0.005411 -18.2381
0.0293452 -0.00171187 -17.4136
-0.00198285 -0.0112213 36.7244
-0.202865 -0.0100179 260.75
-0.0435073 0.216658 -47.3714
0.0517275 0.376642 -87.1275
0.0256394 0.368682 -83.5374
0.0154216 0.37494 -85.9709
0.00335668 0.380455 -85.8834
0.018123 0.356485 -82.144
0.022482 0.389847 -91.3718
0.0357303 0.358848 -84.5361
0.0365714 0.43133 -102.793
0.0235694 0.421037 -97.4337
0.00321732 0.398078 -87.8996
0.0402921 0.386005 -93.5882
0.0284622 0.363521 -83.0545
0.0388268 0.378211 -90.5862
0.00843842 0.53834 -123.949
0.0442625 0.377638 -92.3334
0.0233522 0.34882 -77.7134
0.00720587 0.339376 -69.3481
0.00485028 0.342404 -69.279
0.00817168 0.405669 -90.5537
0.0167154 0.402234 -93.2267
-0.141894 -0.172177 144.369
0.0100286 0.306936 -61.1147
0.0137728 0.293293 -59.5926
0.00231137 0.292282 -53.2983
-0.0102641 0.282774 -44.7183
0.0277866 0.235441 -53.4427
0.0141278 0.0594904 2.89636
-0.0159622 0.228553 -25.3621
0.022227 0.205859 -43.4183
0.0174509 0.19954 -37.8557
0.124592 0.208197 -112.239
0.0923628 0.242064 -99.1129
0.107653 0.251749 -112.465
0.115515 0.167246 -94.4368
0 -0.0989906 57.4529
-0.00343102 -0.104623 61.6963
-0.00269298 -0.101508 60.3219
-0.0035661 -0.103025 61.5204
0 -0.0989906 57.4529
0.00853027 -0.0825232 45.5186
0.00847247 -0.10903 52.5743
0.00434842 -0.104929 55.0445
0.0113336 -0.0792673 41.5052
0.0096811 -0.077243 42.5441
0.00594908 -0.0735308 45.1567
0.00528879 -0.0699664 44.8177
0.0096941 -0.0365045 31.3493
0.0129386 -0.00264061 18.9387
0.044954 -0.104357 48.6651
0.0838351 -0.065174 -3.94294
-0.0378577 0.0140367 70.1795
-0.0336425 0.0142536 65.3867
-0.0259197 0.0150017 56.3594
-0.0207235 0.0197786 49.0428
0.00541329 -0.450052 150.127
0.00434019 -0.0176855 30.5086
-0.185502 -0.0027986 237.518
0.0966252 0.453287 -111.244
0.0764182 0.42492 -102.274
0.0479661 0.419667 -99.9751
0.0147697 0.450743 -106.563
0.0132317 0.447507 -105.502
0.0411444 0.437294 -106.095
0.00162333 0.58856 -143.468
-0.00834319 0.338007 -67.2081
-0.00821239 0.296906 -55.0624
0.016604 0.343409 -73.2191
0.00142623 0.348888 -72.6694
0.0465937 0.292799 -68.1248
0.0360739 0.373488 -88.4591
0.0529657 0.303308 -72.2991
0.0114104 0.317807 -64.7433
0.00978365 0.330599 -67.7539
0.0115592 0.327291 -67.6033
0.00926952 0.337525 -69.6463
0.00194303 0.332937 -65.404
0.00783286 0.375414 -81.8103
0.0238324 0.368649 -86.729
0.0058719 0.33429 -67.6193
0.0110669 0.310418 -63.2782
0.0154839 0.315187 -67.3204
0.00599729 0.305424 -59.4418
-0.116456 0.595683 -73.2602
0.0277866 0.235441 -53.4427
-0.00139321 0.271873 -40.53
-0.010042 0.29742 -42.8041
-0.0942234 0.275953 13.2743
0.0533109 0.165003 -51.5322
0.093086 0.198526 -87.7892
0.10675 0.24364 -109.37
0.0851887 0.245908 -94.3856
0.0251202 0.250965 -52.1972
-0.00549626 0.0888771 17.5789
0.00528869 -0.0847309 60.5324
0 -0.0683224 59.8192
0 -0.0683224 59.8192
0 -0.0683224 59.8192
0 0.511781 -111.168
-0.0866453 0.256867 98.7131
0 -0.275224 111.441
0.0375942 -0.293503 80.714
0.0375942 -0.293503 80.714
-0.0250617 0.0625125 18.4851
0.0219105 -0.0351656 17.3771
-0.0860192 0.213061 36.8734
0.0082652 0.0029044 22.3512
-0.0867737 -0.0101176 129.593
-0.0383816 0.0140661 70.7546
-0.0377023 0.0127285 70.3718
-0.0320123 0.0133837 63.7754
-0.022085 0.0150275 51.9134
-0.00624869 0.0192919 32.1841
0.0158331 0.0138678 7.54069
0.0045374 0.0130989 21.3355
-0.19621 -0.0113198 253.282
0 0 -1
0.100273 0.474951 -118.145
-0.0136463 0.265214 -43.0589
0.0508095 0.526436 -131.646
0.000760929 0.542331 -132.855
-0.113103 0.170558 -1.83022
-0.0507564 0.110666 9.25058
-0.0260033 0.186702 -18.8906
0.015199 0.337132 -72.1747
-0.0010714 0.355671 -74.492
0.0164469 0.314516 -65.2053
0.0135123 0.319679 -66.0401
0.0251968 0.311853 -67.3449
0.0369683 0.314295 -71.0925
0.0034386 0.269946 -48.3358
0.0268218 0.282731 -59.9739
0.0483991 0.318269 -78.2949
0.0163303 0.335881 -71.7699
-0.0219897 0.354298 -62.9163
0.0382412 0.343593 -85.5844
-0.00236749 0.323362 -60.8094
0.00245238 0.320091 -61.9856
-0.00117155 0.316418 -59.1956
0.0072814 0.314974 -63.0306
0.0294349 0.307997 -72.3862
0.0543467 0.272148 -74.4562
0.0567447 0.250162 -68.6815
0.0253498 0.26165 -53.6679
0.0459835 0.273335 -69.6138
0.128157 0.0997527 -63.4869
0.104193 0.140803 -78.2733
0 0 -1
0.122576 0.23175 -117.164
0.0874786 0.269856 -103.454
0.0605864 0.254506 -79.2475
-0.00775383 0.280726 -37.2351
0.00835927 0.245165 -38.2275
-0.00324632 0.00307226 12.4428
-0.00254015 -0.00638607 14.855
0 -0.0469815 25.4312
0 -0.00107315 11.0848
0.0108878 -0.0327038 11.2475
-0.000994435 -0.00271799 12.5104
-0.00189181 -0.0285823 21.6425
-0.000666431 -0.03928 23.8021
-0.000666431 -0.03928 23.8021
0.000464489 -0.0482648 25.4938
-0.00539741 0.0310535 8.50543
-0.0025876 -0.0408203 26.289
-0.0156216 0.0301589 19.2913
-0.0209402 0.0235795 26.958
-0.0173412 0.0141894 25.8653
-0.0116756 0.0113025 20.4252
-0.00819527 0.00934583 17.0692
-0.00671244 0.00836748 15.6568
-0.00671244 0.00836748 15.6568
0.0172722 0.0244067 2.77757
-0.163848 -0.011902 213.459
0.0473832 0.358971 -79.6576
0.0719058 0.280297 -53.7149
0.0643039 0.239751 -39.6433
0.0106012 0.213983 -27.5361
-0.0906206 0.180552 -7.56
-0.132112 0.157411 4.58885
-0.0761198 0.148079 -0.358646
0.0251274 0.10396 -0.159637
-0.0178203 0.369702 -74.617
-0.0373573 0.335839 -59.6279
-0.0142411 0.326299 -62.3277
-0.013289 0.276288 -45.5116
-0.00687197 0.279348 -48.6158
-0.0161699 0.287941 -48.8693
0.0435063 0.337464 -83.9693
0.0579966 0.334626 -87.5056
0.0545157 0.337796 -86.5725
0.039062 0.292292 -65.0503
-0.0181941 0.314151 -50.9698
-0.014225 0.309746 -51.6044
-0.00673862 0.315727 -56.4875
0.000409965 0.313684 -58.9111
-0.00587999 0.312921 -55.6793
-0.000432716 0.307481 -56.6582
0.0137578 0.296864 -60.4877
0.0288256 0.273112 -60.6619
0.0384662 0.246566 -57.117
0.0426176 0.228111 -53.3331
0.0686056 0.207941 -62.4459
0.128072 0.131085 -74.0369
0 0 -1
0 0 -1
0.120568 -1.58721 474.437
0.0855272 0.270302 -102.718
0.0352527 0.279441 -68.3843
0.0571547 0.321842 -99.5157
0.0435786 0.316596 -87.2382
0.119275 0.245327 -121.45
0.0667487 0.125934 -36.6609
0 -0.74462 273.433
-0.0214035 0.437924 -94.1769
0 -0.72958 268.708
-0.0289797 -0.760741 305.232
2.26904e-12 -0.824418 299.32
2.34805e-12 -0.824418 299.32
-0.0234147 0.42999 -87.1622
-0.00304245 -0.728598 271.165
-0.00304245 -0.728598 271.165
-0.00304245 -0.728598 271.165
0.0465012 -0.196026 44.3512
0.0436926 -0.193924 46.6699
0.0424366 -0.192846 47.6849
0.0424366 -0.192846 47.6849
0 0.395484 -98.6689
0 -0.0576218 49.1289
-0.0172083 0.029786 27.6397
0.0404945 0.00247534 -18.471
0.0404945 0.00247534 -18.471
0.0157603 0.320438 -66.2393
0.0206912 0.270416 -48.6159
0.0235392 0.21847 -30.2142
0.0159784 0.194502 -21.2618
0.0325968 0.223625 -32.9153
-0.100874 0.151049 2.78906
-0.11772 0.146096 6.22706
-0.0508748 0.302437 -46.0643
-0.0532963 0.277329 -36.7787
-0.0613092 0.138495 14.5039
-0.0508589 0.264493 -33.1898
-0.0156713 0.262927 -40.7756
0.0177662 0.268809 -51.6149
0.0239986 0.282918 -58.5813
0.0358758 0.315644 -73.3196
0.0654042 0.368419 -100.913
0.0112918 0.333877 -68.5063
-0.0436641 0.294119 -33.4652
-0.0434848 0.283658 -30.1134
-0.00903588 0.301966 -50.83
-0.00374828 0.307451 -55.0139
-0.00278876 0.305236 -54.611
-0.00618086 0.303341 -52.3174
-0.00637107 0.301144 -51.4852
-0.00106666 0.290944 -50.6325
0.00653728 0.27116 -47.7111
0.013391 0.245387 -42.3663
0.0150494 0.218776 -33.818
0.0104029 0.183796 -18.5426
0.00971666 0.0990114 11.8487
-0.00593405 2.52032 -849.601
0.163168 2.97242 -1126.98
0.079442 0.271427 -98.6947
0.0792659 0.271577 -98.6193
0.0765131 0.26765 -95.2325
0.0743847 0.262927 -92.1007
0.0965066 0.231062 -97.9698
0.0814098 0.203513 -76.0651
0.0775944 0.16551 -59.8547
-0.0318387 0.072232 65.0229
-0.0467975 0.113818 64.1798
4.08058e-05 0.0743422 36.8756
1.10234e-05 0.0745016 36.8469
0.000108553 0.0797292 34.9303
0.000103494 0.0797373 34.9325
5.71109e-05 0.0797844 34.9613
3.09759e-06 0.0797627 35.0229
-0.000100138 0.079794 35.1165
-0.000233743 0.0797877 35.2573
-0.000375173 0.0797849 35.4078
-0.00051661 0.0797837 35.5607
-0.00063047 0.0797834 35.6859
-0.00070464 0.0797833 35.7689
-0.000735003 0.0797833 35.8035
-0.000735003 0.0797833 35.8035
-0.0199686 0.0291555 31.1289
-0.0144034 0.674435 -198.96
0.0660277 0.090094 -50.0651
-0.0117647 0.301709 -59.3095
-0.0119406 0.2558 -42.3835
-0.00248146 0.195068 -20.4568
0.0328339 0.169735 -13.8083
0.0760082 0.165322 -15.54
0 0 -1
-0.048054 0.263802 -32.5997
-0.0436247 0.26969 -35.7964
-0.0717902 0.199614 -5.48648
-0.0558936 0.226089 -18.2555
-0.0466174 0.238172 -24.7537
-0.0166946 0.256108 -38.4302
0.0321858 0.256976 -51.3873
0.0649845 0.313297 -81.462
0.0773892 0.341869 -95.3102
0.0802911 0.391657 -114.157
0.0301294 0.396113 -97.425
-0.0388432 0.291229 -34.5763
-0.0265088 0.278397 -35.2585
-0.00700575 0.29521 -49.3014
-0.00153927 0.299931 -53.332
-0.00307248 0.300036 -52.6415
-0.00707527 0.298912 -50.3178
-0.00998678 0.2972 -48.2549
-0.00988133 0.288094 -44.9626
-0.00739711 0.269949 -39.6085
-0.00423201 0.244287 -31.8955
-0.00220425 0.21533 -22.3621
-0.0013847 0.189878 -13.4548
-0.0106915 -0.0548567 44.3848
-0.0106944 -0.0548877 44.3982
-0.0112293 -0.0434804 40.4962
0.079442 0.271427 -98.6947
0 0.0660156 -7.31016
0.0783033 0.275582 -99.3376
0.0651037 0.263344 -84.8014
0.0767064 0.190766 -67.8768
0.0742204 0.212216 -73.8327
0.0864689 0.190507 -76.0278
1.97367e-07 0.0111091 26.9661
5.71614e-07 0.0111074 26.9664
3.37151e-06 0.0111004 26.9665
0.000405231 0.00961199 27.1148
0.000419211 0.00959589 27.1073
0.00051824 0.00976862 26.9495
0.000773744 0.00975515 26.7065
0.00108332 0.0105193 26.1159
0.00140518 0.0112545 25.5178
0.00164993 0.0119773 24.9978
0.00169716 0.0126887 24.6867
0.00140987 0.0133902 24.7403
0.00062227 0.0140831 25.3553
-0.000791383 0.0147689 26.6928
-0.00300389 0.0154493 28.9782
-0.00609433 0.0161261 32.3348
-0.0101945 0.0168012 36.959
-0.0151042 0.0174763 42.6496
-0.0140486 0.0162351 41.8324
