0 174 0
2 174 0
2 3 3
3 62 3
5 62 3
5 6 3
6 65 3
8 65 3
8 9 3
9 10 3
10 12 0
12 14 3
14 15 3
15 16 3
16 17 3
17 18 3
18 19 3
19 20 1
20 21 0
21 25 3
21 24 3
24 26 3
26 27 3
27 29 3
29 30 3
30 33 3
33 35 3
35 387 3
214 387 3
212 214 3
105 212 0
48 105 1
48 49 3
49 50 3
50 52 1
52 225 0
33 92 1
269 387 3
26 143 3
12 70 3
27 143 3
35 92 1
59 174 0
2 59 3
10 70 0
10 69 2
69 70 2
40 214 3
214 269 3
50 222 3
14 72 3
49 222 3
52 222 0
12 72 3
29 92 2
30 92 2
25 79 1
20 25 0
214 271 3
14 73 3
15 73 3
16 74 3
17 74 3
20 79 3
24 25 3
5 64 3
6 64 3
10 68 3
71 72 3
171 225 3
12 71 3
2 60 2
3 60 2
8 66 3
72 73 3
17 75 3
18 76 3
9 66 3
9 68 3
16 73 3
74 75 3
17 76 3
222 225 3
59 60 3
64 65 3
68 69 2
75 76 3
19 77 1
20 77 2
92 148 0
29 147 3
49 105 1
49 223 3
63 64 3
65 66 3
19 76 3
20 78 3
26 141 3
92 147 2
105 223 0
222 223 3
59 116 0
62 63 3
9 125 3
78 79 3
24 141 3
141 143 3
212 219 3
105 219 0
116 174 0
66 125 3
68 125 3
70 71 3
77 78 3
159 212 3
60 62 1
73 74 3
76 77 1
143 202 3
27 202 3
24 197 1
25 197 1
142 143 3
29 202 3
60 119 0
124 125 3
141 142 3
66 124 3
35 208 3
142 202 3
92 208 0
62 119 0
79 137 0
210 387 3
63 121 3
64 122 3
65 122 3
25 137 1
35 210 3
214 217 3
212 217 3
71 130 3
72 130 3
73 130 3
137 197 3
269 271 3
60 118 0
62 120 0
63 120 0
63 122 3
65 123 3
66 123 3
69 128 2
70 128 3
141 197 1
210 269 3
118 119 2
122 123 3
71 128 3
76 134 1
77 134 3
68 126 3
69 127 3
71 129 3
78 137 0
271 444 3
159 217 3
59 117 0
121 122 3
69 126 2
127 128 2
128 129 3
74 132 3
75 132 3
29 203 3
147 203 3
165 223 0
116 117 3
60 117 0
125 126 3
126 184 3
126 127 2
73 132 3
210 267 3
217 271 3
161 219 0
117 118 0
119 120 2
120 121 1
73 189 3
132 134 3
76 132 3
159 219 3
105 220 0
219 220 3
123 124 3
130 189 3
132 189 3
78 193 0
137 195 3
147 206 3
77 193 3
195 197 3
203 206 3
92 206 2
123 182 3
124 182 3
127 186 0
148 208 3
220 223 3
171 346 1
142 200 3
208 210 3
229 346 3
208 267 3
119 178 3
120 178 2
132 190 3
132 191 3
141 198 1
200 202 3
148 206 3
189 190 0
190 191 3
134 191 3
197 198 3
71 189 3
119 177 3
122 180 0
129 189 3
225 226 3
117 176 3
177 178 3
125 183 3
126 183 3
128 186 3
137 193 3
141 200 3
118 176 2
134 193 3
137 194 3
202 203 3
217 219 3
125 182 3
121 179 0
183 184 1
134 192 3
141 199 2
120 179 2
191 192 3
193 194 3
199 200 3
121 180 2
123 180 0
129 187 3
187 189 3
188 189 3
148 265 3
117 174 2
119 176 3
123 181 3
198 199 0
203 261 3
181 182 3
187 188 3
179 180 0
180 181 1
182 183 3
127 184 2
127 185 3
185 186 2
128 187 3
225 286 3
117 233 3
176 177 3
178 179 2
184 185 2
171 286 3
186 187 3
192 193 3
200 259 3
206 261 3
206 264 3
171 231 1
194 195 3
198 255 3
202 259 3
148 264 3
174 233 2
176 233 3
197 255 3
286 346 2
189 246 3
202 260 3
203 260 3
264 265 3
220 221 3
221 223 3
184 243 0
185 243 3
208 265 3
184 242 3
191 249 3
187 245 3
188 245 3
188 246 3
190 249 3
261 262 3
206 262 3
186 244 3
185 244 2
195 254 3
182 240 3
197 254 3
200 258 3
242 243 0
186 245 3
192 251 3
193 251 3
194 251 3
199 258 3
176 234 3
180 238 1
183 242 1
243 244 3
245 246 3
195 310 0
221 222 3
233 234 3
179 238 2
194 252 3
254 255 3
217 329 3
219 329 3
222 286 3
177 234 3
195 252 2
254 310 3
260 261 3
174 232 2
232 233 2
182 241 3
183 241 3
190 248 3
258 259 3
262 264 3
208 324 3
269 327 3
181 240 3
244 245 3
248 249 3
252 310 0
210 327 3
178 236 3
240 241 3
262 321 3
264 321 1
265 324 3
177 235 3
177 236 3
190 246 1
246 304 3
190 304 1
251 252 3
198 256 3
271 329 3
179 236 0
180 296 1
255 256 3
199 256 3
234 235 3
238 296 3
181 296 3
241 242 1
256 258 3
259 260 3
190 305 3
192 249 3
269 328 3
329 444 3
329 447 3
235 236 3
304 305 3
260 318 3
271 328 3
179 295 1
238 295 3
248 305 3
267 324 3
236 295 1
295 296 3
181 298 3
244 302 3
261 318 3
296 298 3
240 298 3
243 302 3
219 227 3
220 227 3
221 345 3
222 345 3
233 291 1
249 307 3
192 307 3
327 328 3
232 291 1
310 311 3
227 329 3
286 345 3
233 292 3
235 294 3
236 294 3
254 311 3
267 325 3
234 292 3
254 313 3
255 313 3
245 302 3
256 315 3
271 445 3
291 292 0
235 292 3
294 295 1
242 300 3
258 260 3
328 445 3
444 445 3
241 300 1
245 304 3
248 306 3
329 391 3
297 298 3
243 300 1
305 306 3
249 306 3
258 316 3
260 317 3
324 325 3
296 297 3
241 298 3
245 303 3
252 309 0
256 316 3
260 316 3
265 380 3
324 380 3
221 227 3
302 303 3
303 304 3
251 309 0
318 378 3
391 447 3
192 309 0
316 317 3
306 307 3
256 313 3
315 316 3
325 327 3
227 335 1
291 349 3
243 301 3
309 310 3
210 325 3
300 301 0
301 302 3
307 309 0
313 315 3
262 378 3
321 380 0
264 380 3
311 313 3
262 318 3
292 294 3
241 357 3
321 381 0
380 381 3
232 348 1
300 357 0
171 521 3
324 383 3
325 383 3
171 405 1
291 350 2
304 363 3
305 363 3
309 367 3
313 370 3
405 521 0
292 350 3
292 351 3
300 416 3
301 416 1
306 364 3
307 364 3
310 367 3
311 369 3
324 381 3
346 405 0
294 351 3
310 369 3
311 485 3
315 372 3
316 374 3
317 318 3
369 485 3
379 381 0
325 384 3
346 461 3
298 356 3
307 423 0
307 366 0
309 366 3
316 373 3
327 384 3
327 385 3
296 354 3
241 356 3
366 423 3
313 372 3
315 373 3
317 378 3
328 385 3
227 345 3
346 521 0
294 352 3
295 354 3
296 355 3
297 355 3
301 359 3
305 364 3
374 375 3
317 375 3
321 378 3
329 390 3
390 391 3
461 636 3
461 521 3
232 349 1
351 352 3
295 352 0
359 416 1
302 360 3
303 360 3
367 368 3
310 368 3
311 370 3
384 385 3
295 353 3
300 358 3
301 360 3
317 374 3
390 444 3
352 353 1
353 354 3
354 355 3
358 416 3
303 361 3
363 364 3
370 485 3
383 384 3
298 355 3
366 367 3
368 369 3
313 371 3
381 383 3
304 361 3
364 423 0
371 372 3
376 378 3
349 350 0
355 356 3
356 357 3
357 358 1
361 363 3
378 379 3
321 379 3
385 445 3
348 349 3
359 360 3
360 361 3
373 374 3
370 371 3
444 558 3
360 418 3
445 558 3
350 351 3
375 378 3
361 418 3
372 373 3
361 420 3
363 420 3
350 408 3
286 461 3
379 496 0
381 496 3
383 440 3
381 440 3
385 443 3
379 437 3
384 443 3
227 391 3
351 409 3
437 496 0
391 507 3
345 461 3
351 408 3
352 409 3
352 411 1
353 411 3
370 428 3
370 429 3
371 429 3
390 507 3
348 406 3
349 406 3
353 412 3
366 424 3
367 424 3
383 443 3
352 410 3
354 412 3
368 426 3
428 485 3
227 507 3
409 410 3
354 413 3
355 413 3
356 415 3
357 415 3
363 421 3
364 421 3
367 425 3
369 426 3
443 445 3
408 409 3
356 413 3
358 415 0
359 417 3
360 417 3
425 426 3
371 430 3
372 430 3
459 461 0
410 411 1
416 417 0
421 423 0
428 429 3
375 433 3
375 376 3
440 443 3
348 523 0
406 523 0
412 413 3
416 474 3
423 424 3
424 425 3
460 461 0
417 474 1
417 418 3
420 421 3
429 430 3
444 507 3
411 412 3
361 477 2
421 480 3
373 430 3
376 433 3
378 437 3
418 477 3
420 477 3
426 485 3
376 437 3
415 416 1
227 566 3
507 566 3
423 480 3
373 431 3
430 487 3
430 431 3
381 443 3
443 558 3
227 683 1
349 465 3
374 490 2
345 683 1
350 465 1
356 472 3
415 472 3
507 558 3
406 465 3
413 472 3
426 484 3
374 431 3
350 466 1
443 496 3
408 466 1
418 476 3
496 558 3
566 683 1
465 466 3
417 476 3
437 494 3
507 564 3
484 485 3
431 490 3
376 494 3
558 564 3
410 412 1
415 473 3
374 433 3
437 495 3
465 523 0
409 468 3
410 468 3
416 473 0
474 476 0
420 479 3
421 479 3
423 481 3
495 496 0
408 468 3
410 470 1
412 470 3
433 490 3
412 471 3
413 471 3
424 481 3
471 472 3
476 477 3
480 481 3
425 483 3
425 484 3
494 495 3
410 469 1
472 473 3
473 474 1
420 478 3
479 480 3
345 569 3
469 470 3
470 471 3
483 484 3
425 481 3
429 487 3
345 630 1
408 467 1
428 487 3
467 468 0
468 469 3
477 478 3
478 479 3
466 467 3
481 539 3
425 539 3
430 547 1
433 550 1
433 494 3
487 547 1
431 547 1
490 550 1
483 539 3
428 545 2
487 545 3
461 575 1
521 636 3
484 539 3
485 543 3
490 547 1
474 533 1
476 533 1
484 543 3
566 567 3
345 575 0
473 531 1
433 552 2
507 565 3
567 683 1
466 523 0
474 531 1
485 544 2
487 546 2
494 552 2
565 566 3
476 534 1
543 544 3
485 545 2
546 547 1
490 548 3
496 554 3
496 556 3
466 525 3
467 525 3
467 526 0
468 526 0
474 532 1
544 545 3
548 550 1
550 552 0
469 527 3
531 532 0
539 543 3
496 555 3
520 521 3
523 525 1
526 527 1
469 528 3
470 528 3
471 528 3
471 530 3
472 530 3
532 533 3
533 534 2
495 552 2
554 555 3
501 558 3
501 564 3
520 636 3
523 581 3
525 526 0
473 530 3
477 534 1
480 540 2
556 558 3
520 579 3
522 523 0
477 651 1
479 540 2
481 540 2
547 548 0
495 553 2
558 559 3
564 565 3
345 571 2
581 582 3
525 581 0
530 531 1
534 651 1
478 651 1
559 619 1
527 528 3
471 529 3
529 530 3
539 540 3
545 546 3
496 553 1
555 556 3
528 529 3
478 540 3
552 553 3
550 609 0
552 609 3
538 540 0
548 605 3
555 558 3
543 600 1
539 600 1
547 605 0
566 681 3
525 582 0
565 681 3
533 590 1
543 601 1
545 603 3
532 590 1
534 590 1
546 605 3
501 559 3
345 747 1
525 583 2
526 583 1
544 601 3
548 607 3
550 607 2
553 670 3
522 580 0
523 580 3
529 642 0
529 588 2
530 588 2
496 670 1
555 559 3
567 681 3
526 584 3
527 584 0
531 589 3
546 603 3
552 610 3
554 559 3
528 642 0
588 589 1
532 589 1
544 660 2
552 611 3
553 611 3
580 581 3
583 584 0
540 599 1
545 660 3
609 610 3
610 611 3
611 670 3
567 625 1
625 683 3
582 583 1
584 642 0
527 642 0
540 600 1
603 662 3
546 662 3
548 606 3
496 559 3
625 681 0
461 690 1
588 642 0
478 652 1
600 601 0
605 606 3
501 565 3
575 690 1
636 690 1
589 590 3
651 652 3
605 662 3
550 608 2
540 652 1
606 607 3
607 608 3
608 609 3
587 642 0
587 588 3
603 660 3
501 681 3
683 747 1
601 660 3
608 666 3
609 666 3
586 642 0
590 649 3
534 649 1
558 614 1
586 587 1
540 601 1
559 670 1
534 650 1
650 651 1
599 600 2
580 638 3
581 638 3
540 653 1
605 663 3
606 664 3
630 747 1
581 639 3
583 642 1
642 643 3
587 646 2
588 646 2
649 650 3
662 663 3
519 575 1
582 639 3
586 643 2
589 646 0
603 661 3
605 664 3
607 664 3
610 668 3
611 668 3
345 689 1
519 748 1
586 644 2
587 644 0
519 690 1
519 636 1
540 658 1
519 692 1
644 646 3
540 659 1
661 662 3
663 664 3
607 665 3
609 667 3
583 641 1
589 647 3
590 648 3
658 659 3
601 659 3
660 661 3
608 665 3
666 667 3
610 667 3
583 639 1
646 647 1
647 648 3
648 649 3
520 695 3
638 639 3
643 644 3
667 668 3
668 669 3
611 669 3
664 665 3
665 666 3
659 660 3
501 679 1
636 752 1
559 912 3
501 912 3
520 752 1
641 642 3
540 715 1
658 715 1
624 625 1
624 683 1
669 670 3
624 747 1
639 641 3
650 709 1
651 709 3
652 709 3
625 914 3
540 712 1
681 914 1
652 712 1
559 787 1
644 703 3
660 718 1
624 914 1
575 630 1
641 699 3
646 703 3
661 718 3
663 722 3
575 747 1
639 698 3
641 698 3
664 722 3
638 696 3
643 702 3
644 702 3
540 714 1
662 720 3
639 696 3
642 700 3
643 701 3
702 703 3
714 715 3
663 720 3
701 702 3
698 699 3
641 700 3
650 708 3
540 713 1
664 723 3
667 726 3
668 726 3
520 753 3
708 709 1
713 714 3
658 716 1
659 717 3
661 720 3
665 723 3
666 724 2
667 724 2
643 700 3
647 705 3
648 706 3
649 707 3
649 708 3
659 716 1
669 728 3
670 728 3
639 697 3
705 706 3
706 707 3
707 708 3
652 768 1
652 769 1
660 717 3
661 719 3
666 723 3
669 726 3
700 701 3
646 705 1
768 769 1
712 769 3
712 713 0
716 717 0
719 720 3
670 787 3
681 855 1
709 768 2
715 716 3
717 718 1
722 723 3
669 785 3
501 855 1
855 914 0
699 700 3
718 719 3
663 779 3
726 785 3
646 704 3
697 698 3
703 704 3
704 705 1
723 724 3
728 787 3
752 753 0
696 697 3
722 779 3
728 785 3
720 779 3
519 866 1
636 866 1
712 770 3
724 726 1
747 920 0
713 770 1
769 770 3
717 775 1
698 756 3
716 775 3
559 848 1
726 784 3
559 847 1
848 912 0
699 757 3
787 847 3
847 848 3
636 810 1
719 778 3
720 778 3
810 866 2
698 757 3
624 920 1
519 753 1
699 758 3
700 758 3
724 784 1
624 744 1
697 755 3
757 758 3
703 761 1
716 774 3
724 783 1
728 786 3
786 787 3
697 756 3
756 757 3
701 759 3
702 760 1
703 760 1
704 761 1
715 773 1
715 774 3
774 775 3
719 777 3
722 781 3
723 781 3
724 782 0
783 784 3
519 747 1
696 755 3
702 759 3
704 762 1
705 763 0
706 764 0
707 765 0
708 766 0
709 767 0
714 772 0
715 772 0
718 775 2
777 778 3
723 782 0
784 785 3
696 754 3
700 759 3
759 760 2
761 762 3
762 763 3
763 764 3
764 765 3
765 766 3
766 767 3
767 768 1
713 772 0
773 774 0
778 779 3
754 755 3
718 777 3
752 810 1
753 810 1
755 756 3
760 761 3
772 773 1
781 782 0
785 786 3
810 811 0
753 811 3
782 783 2
519 920 1
519 811 1
758 759 3
718 834 3
519 865 1
713 771 0
770 771 0
771 772 3
775 834 2
777 834 3
779 781 3
779 838 3
781 838 3
768 826 0
769 826 0
786 844 3
769 827 0
770 827 0
779 837 3
787 845 3
787 846 3
846 847 3
501 913 1
767 826 3
770 828 0
837 838 3
786 845 3
912 913 1
855 913 0
754 813 1
755 813 1
771 828 1
624 917 1
756 813 3
758 817 1
759 817 1
761 819 3
762 819 3
778 836 3
845 846 3
914 915 3
917 920 0
760 818 1
827 828 3
775 833 2
779 836 3
781 839 3
782 839 1
785 844 3
624 915 1
759 818 1
761 818 3
773 831 0
844 845 3
756 814 2
774 831 3
774 833 2
833 834 3
777 835 3
778 835 3
782 840 1
783 840 1
783 842 3
784 842 3
785 843 3
519 810 1
810 869 0
811 869 3
754 812 0
813 814 3
757 815 1
817 818 3
818 819 3
762 820 3
763 821 1
764 822 1
765 823 3
766 824 3
767 825 3
826 827 1
771 829 1
772 830 3
774 832 2
842 843 3
843 844 3
812 813 1
757 814 2
758 815 1
819 820 3
820 821 1
821 822 2
822 823 0
823 824 3
824 825 3
825 826 3
828 829 3
829 830 0
830 831 3
831 832 3
832 833 3
834 835 3
836 837 3
838 839 3
519 869 1
835 836 3
839 840 1
814 815 1
906 912 0
758 874 1
848 906 3
817 874 3
920 978 0
519 978 1
815 874 3
840 842 0
847 905 3
846 905 3
848 905 3
855 972 0
914 972 0
840 899 3
842 899 1
915 972 0
624 916 1
821 879 0
915 916 2
916 917 0
519 925 1
820 879 3
844 902 3
814 872 2
815 873 3
817 876 3
818 876 3
820 877 2
825 884 3
826 884 3
845 902 3
873 874 3
819 877 2
827 884 0
828 886 0
840 898 3
845 903 3
815 872 3
827 886 0
829 886 0
839 898 1
843 902 3
846 903 3
913 972 0
812 870 3
813 871 3
813 872 1
817 875 3
821 880 0
822 880 0
823 881 3
824 882 3
825 883 3
829 887 0
830 888 3
831 889 3
832 890 3
833 891 3
834 892 3
835 893 3
836 894 3
837 895 3
838 896 3
839 897 3
842 900 3
843 901 3
519 926 1
870 871 1
871 872 3
875 876 3
880 881 3
881 882 3
882 883 3
883 884 3
827 885 0
886 887 3
887 888 3
888 889 3
889 890 3
890 891 3
891 892 3
892 893 3
893 894 3
894 895 3
895 896 3
896 897 3
897 898 1
898 899 3
899 900 0
900 901 3
901 902 3
902 903 3
819 876 3
884 885 3
885 886 3
872 873 3
874 875 3
903 905 3
905 906 3
877 879 2
919 920 3
876 877 3
879 880 3
917 919 0
906 965 3
912 965 1
912 1029 0
905 962 3
913 1029 0
903 962 3
919 1037 1
917 1037 1
912 1026 1
1026 1029 0
874 932 3
917 976 0
875 932 3
976 1037 1
877 936 1
879 936 3
912 1024 1
873 931 3
905 964 3
906 964 3
965 1024 3
1024 1026 2
913 971 0
919 978 0
879 937 3
971 1029 0
971 972 1
872 931 3
874 931 3
880 937 3
883 941 1
884 941 1
886 944 2
872 930 3
876 934 3
880 938 3
884 942 1
885 944 2
902 961 3
903 961 3
870 928 1
871 929 3
875 934 3
936 937 3
881 938 3
881 939 3
882 940 3
885 942 1
886 945 2
887 945 2
888 946 3
889 947 3
890 948 3
891 949 3
892 950 3
893 951 3
894 952 3
895 953 3
896 954 3
897 955 3
898 956 0
899 957 0
900 958 3
901 959 3
902 960 3
915 973 0
916 974 0
917 975 0
519 984 1
926 984 3
928 929 1
929 930 3
930 931 3
931 932 3
877 934 2
937 938 3
938 939 3
939 940 3
940 941 3
945 946 0
946 947 3
947 948 3
948 949 3
949 950 3
950 951 3
951 952 3
952 953 3
953 954 3
954 955 3
955 956 3
956 957 3
957 958 3
958 959 3
959 960 3
960 961 3
961 962 3
972 973 1
915 974 0
974 975 1
975 976 0
962 964 2
973 974 0
941 942 3
964 965 3
978 1037 1
875 991 3
934 991 3
934 936 1
944 945 3
932 991 3
942 944 0
934 993 1
936 993 3
965 1022 3
937 995 3
964 1022 3
519 981 1
962 1020 3
964 1021 3
1035 1037 3
930 989 3
931 989 3
961 1020 3
962 1021 3
971 1030 1
972 1030 1
976 1035 1
942 1000 3
944 1002 3
936 995 3
938 995 3
941 1000 3
945 1002 3
944 1001 2
945 1003 0
946 1003 3
973 1030 1
930 988 3
932 990 3
936 994 3
942 1001 3
928 986 0
929 987 3
929 988 3
988 989 3
990 991 3
934 992 3
994 995 3
938 996 3
939 997 3
940 998 3
941 999 3
946 1004 1
947 1005 1
948 1006 2
949 1007 2
950 1008 2
951 1009 2
952 1010 1
953 1011 0
954 1012 1
955 1013 0
956 1014 1
957 1015 1
958 1016 3
959 1017 1
960 1018 1
961 1019 3
1020 1021 3
973 1031 1
974 1032 1
975 1033 1
976 1034 1
986 987 3
987 988 3
931 990 3
992 993 1
993 994 3
995 996 3
996 997 3
997 998 3
998 999 3
999 1000 3
1000 1001 3
1003 1004 1
1004 1005 3
1005 1006 0
1006 1007 3
1007 1008 3
1008 1009 3
1009 1010 1
1010 1011 0
1011 1012 1
1012 1013 0
1013 1014 1
1014 1015 3
1015 1016 0
1016 1017 1
1017 1018 3
1018 1019 0
1019 1020 3
1030 1031 1
1031 1032 3
1032 1033 3
1033 1034 3
1034 1035 3
1001 1002 3
991 992 3
1002 1003 0
1029 1030 0
1021 1022 3
