-0.0243309 -0.0745927 31.5992
0.0201095 -0.274505 30.1677
-0.017943 -0.0750302 31.6127
-0.0315644 -0.0286979 31.7611
-0.114424 0.0243501 37.6133
-0.0418847 0.0721059 28.4121
0.0287361 0.0173563 19.8492
0.0541866 -0.0996636 10.773
0.0776326 -0.069775 13.3625
0.0874758 -0.0378247 10.7791
0.0586195 -0.0169254 17.3181
-0.379423 -0.0650882 122.522
-0.107202 -0.0461544 53.4226
-0.190983 0.0238042 76.397
-0.146213 0.0651059 61.991
-0.104601 0.0838941 48.3481
-0.0304631 0.0187178 25.1801
-0.064745 -0.0155705 38.4132
-0.125331 0.0415119 60.2271
-0.100261 0.0616015 49.6058
0.0909235 0.00563463 -16.2978
0.00466189 0.0729202 0.883284
0.0697146 -0.0446041 -3.66792
-0.0405008 -0.0970634 36.331
-0.00174966 0.0735137 4.22087
0.00311906 0.0759301 1.64095
-0.0165455 0.0606823 12.5632
-0.0200497 0.0593519 14.6557
0.0373912 0.0785458 -17.6799
-0.0116669 0.0233947 10.4924
0.0182542 0.0478527 -9.26206
0.0137128 0.00405986 -6.41963
0.0172175 -0.00874093 -8.4736
0.00771152 -0.00375736 -1.64991
0.327611 -0.0532063 -231.877
0.0077265 -0.0258158 -1.55506
-0.0047098 -0.0454097 8.77889
-0.00164871 -0.0497954 6.33752
0.0081857 -0.0268851 -3.20331
0.027008 -0.0344331 -18.7567
-0.060978 -0.0495456 60.6348
-0.0211181 -0.067775 25.473
-0.00540958 -0.0925027 13.6305
0.0139162 -0.00572325 -9.07552
0.00864388 -0.0008759 -4.18016
0.0233704 0.00182438 -18.8104
0.0116767 0.00556206 -7.32432
-0.00475656 0.002782 9.29985
-0.0229683 0.0121169 28.1306
-0.0227854 0.01263 27.8786
-0.0241904 0.0146005 29.3388
0 -0.0448689 8.32927
-0.0887225 0.00998633 186.047
0.000722485 -0.0269367 3.28014
0.00343165 -0.0427461 1.36583
8.80181e-06 -0.0239909 3.95645
0.00152976 -0.0250111 2.17497
0.00100891 -0.0241845 2.7442
-0.0432274 -0.0656536 31.6653
-0.0569154 -0.0504351 31.7078
-0.0256512 -0.258936 35.8985
-0.0478741 -0.351719 40.144
-0.104102 0.0364784 36.7349
-0.0141123 -0.0507334 28.3585
0.00870612 0.028553 22.6978
0.0426851 -0.00983418 18.4105
0.0684057 -0.0376837 14.026
0.120356 -0.0240693 3.42908
0.139951 -0.0215227 -0.761771
-0.541957 -0.0328712 162.362
-0.0547625 -0.0566926 38.0026
-0.0545672 -0.0494299 37.727
-0.116769 0.0229076 54.4323
-0.0809267 0.0195533 42.1659
-0.038674 -0.0114768 28.1876
-0.0525708 -0.0217468 34.2479
-0.0752323 0.036952 40.7289
0.0968494 -0.149318 -14.2462
0.108202 -0.03119 -22.5747
0.123364 -0.0376641 -29.9289
0.127881 -0.0453066 -31.7249
0.0450146 -0.048972 9.04768
0.00769299 0.162085 21.1411
0.00135487 -0.102129 5.94622
0.0125823 -0.0952131 -0.672223
0 -0.100826 6.65802
0.000880586 -0.0764804 5.48605
0.0440789 0.126224 -27.2168
-0.00588301 0.0326361 5.69846
0.00260248 0.0187506 0.68748
-0.000505461 -0.00323899 3.64043
0.0134781 -0.0291825 -5.41027
0.151256 -0.0222658 -99.0028
-0.000543809 -0.0385359 5.10109
-0.0219688 -0.0135585 20.9213
0.0169697 -0.0710877 -5.80678
-0.230456 -0.452445 209.756
0.0262115 -0.17461 -13.5879
0.00146869 -0.0630297 4.84665
0.00181359 -0.0253772 2.60416
-0.00360479 0.0276584 6.28111
-0.00514266 0.0319284 7.60591
-0.000849719 0.0241269 3.77501
-0.00933792 0.0290072 12.0446
0.051645 -0.0185137 -47.3324
0.187665 0.132036 -124.4
-4.41135e-07 0.179767 67.7894
4.01032e-07 0.199092 67.0258
0 0.199092 67.0262
-4.01032e-07 0.199092 67.0267
4.61187e-07 0.199092 67.0257
-4.01032e-07 0.199092 67.0267
0.00530035 0.176615 61.6826
0.00065108 0.200598 66.1183
0.00065108 0.200598 66.1183
0.00065108 0.200598 66.1183
-0.0607753 0.0449074 14.3306
-0.0583437 0.0462668 14.0634
0.156947 0.153484 -7.93182
-0.0486691 0.0579402 10.7522
0.280546 -0.318815 1.74602
0.0257194 -0.0474283 22.8766
0.0186533 -0.0212286 22.9339
0.012539 0.000563731 23.1135
0.0292531 -0.0133018 20.8754
0.0777497 -0.024742 11.2649
0.136739 -0.0375582 0.547114
-0.534941 -0.0100453 159.974
-0.0431605 -0.0565986 34.5308
-0.0435076 -0.029777 33.7927
-0.0653579 0.014607 38.3839
-0.0779081 0.0294978 41.3464
-0.0379638 -0.0248623 29.2549
-0.0701832 0.061747 37.2099
0.0413472 -0.137122 7.21818
0.0643062 -0.158349 -0.183995
0.122894 -0.0837183 -27.1632
-0.0210307 -0.146857 33.0725
0.0151752 -0.12323 14.7256
0.0438812 -0.0284018 -6.23885
0.0309854 0.561505 -36.3588
-0.0146177 0.0649233 11.4323
-0.020235 0.027108 15.5516
-0.0174365 0.055059 13.2487
0.0227846 -0.0631003 -2.13892
-0.0243943 0.030644 18.4944
0.0687149 -0.0730335 -37.083
-0.0123276 0.0256078 11.041
-0.0170398 -0.0164621 16.2684
-0.00470788 -0.0260971 7.88559
-0.0241228 -0.020538 31.1804
-0.0116833 -0.0209586 12.8727
0.000631876 -0.0249616 3.17981
0.01932 -0.041408 -11.7314
0.0138065 -0.0325024 -7.72174
0.0142911 -0.0344096 -7.88248
0.0059939 -0.0258663 -0.948771
0.0156052 -0.0223371 -9.77522
0.00495035 -0.0269937 0.210699
0.0136329 -0.0074425 -7.46068
-0.00471165 -0.08334 13.027
0.0749514 0.113966 -65.9824
-0.00849337 -0.0547986 15.6551
0.191638 -0.0955357 -118.514
0.00860785 -0.112631 1.25917
-0.0123758 0.329965 83.5781
0.0451207 -0.00357412 -44.9501
-0.0499694 -0.00447709 59.6353
-0.0282331 -0.0524653 38.8877
0 0.0192116 2.81431
0.0272464 0.0307946 -29.9049
-0.0142205 0.0317163 16.6428
-0.00687851 0.0453771 8.53292
-0.00567232 0.0355851 7.52984
0.563724 0.277978 -15.504
-0.0990658 0.0921008 12.3395
-0.108312 0.0694901 13.7974
-0.071181 0.0644551 11.6335
-0.0390832 0.0570674 9.66949
0.713854 0.0742772 -71.0317
-0.201388 -0.136563 58.0121
-0.0333097 -0.0117398 31.5229
-0.0175706 -0.0358257 30.8163
0.0516363 -0.0688356 19.6025
-0.124859 0.0207975 57.8869
-0.361909 -0.0685659 120.141
-0.0820869 0.00515915 41.9436
-0.0490607 0.00570868 33.222
-0.0620246 -0.0155973 39.2195
-0.0575046 0.00195823 35.8182
-0.00705823 0.00221255 13.7596
0.0235423 -0.0904285 9.60797
0.0265251 -0.0806213 8.59527
0.0054059 -0.105471 20.3238
-0.0276755 -0.0941617 33.4869
-0.0338625 -0.182082 42.0937
0.0230806 -0.128871 11.5953
-0.00445723 -0.159533 26.082
0.0349646 -0.201307 9.40229
-0.0184598 -0.0703228 23.2369
-0.0106276 0.0108694 12.3257
-0.00755532 -0.0604509 15.7911
-0.00635371 0.0421842 7.53891
-0.0132998 0.0127729 12.5723
0.00221879 0.0226876 1.861
-0.0158306 0.011399 14.1303
-0.0237787 0.00655956 20.1546
0.131057 -0.0151324 -92.3949
-0.00243665 -0.0190719 5.49495
-0.00040618 -0.0218444 4.30547
-0.00878316 -0.0183405 10.4939
0.0427752 -0.0746668 -27.2427
0.0188767 -0.00890043 -12.5458
-0.00720886 -0.0396902 10.3749
0.0174131 -0.0206594 -11.0117
0.0201283 -0.00779463 -14.8623
0.00870068 -0.00397957 -4.80174
0.0274272 -0.00873389 -20.6513
0.011448 0.00769393 -7.29041
0.0151176 -0.00141943 -9.33185
-0.00819175 0.00981956 12.8625
-0.0117229 0.0166164 15.7839
-0.021444 0.0176616 26.1063
-0.0177502 0.0127623 22.4635
-0.0110454 0.00695811 14.82
-0.0192767 0.0235205 23.1866
-0.0192767 0.0235205 23.1866
0.00281996 0.0105359 1.712
-0.011359 0.0199808 14.0492
0.0840755 0.0327284 -98.2136
-0.000988981 0.221905 10.5132
-0.00392891 0.212118 14.8517
0.553803 -0.486476 50.6432
-0.0809221 0.0888526 12.1198
-0.0925959 0.10169 10.5452
-0.0931805 0.112674 9.86938
-0.0774631 0.0949341 9.99438
-0.040718 0.00733966 30.4167
-0.0298208 0.00361477 29.3676
-0.0355149 -0.0178883 32.2063
-0.0146575 -0.0388875 30.3211
-0.0331067 -0.0386838 33.8188
-0.00819215 0.0182088 31.8181
-0.0719938 -0.0610471 45.8559
-0.0434384 -0.00874114 33.0537
-0.0501927 -0.0343444 37.4804
-0.0751608 -0.0477146 46.3598
-0.141305 -0.0466542 66.1501
-0.0280968 0.00628661 20.9417
-0.00449851 -0.0209882 14.8208
0.0301276 -0.0531274 4.62375
-0.00391459 -0.0761974 22.0696
-0.0793852 -0.0284983 50.4664
-0.0141669 -0.131563 26.0339
-0.00289154 -0.164568 24.4709
0.0230835 -0.181122 13.0401
-0.00381693 -0.144749 23.9117
-0.0102814 -0.0711128 19.5308
-0.0237683 -0.03919 23.486
0.00333994 -0.0092912 4.32678
-0.00502019 -0.0107868 9.79277
-0.0118561 -0.0144804 15.0403
0.00877898 -0.00182469 -0.389847
-0.0890427 -0.00539817 66.8124
-0.0329009 -0.00798719 27.12
-0.00870505 -0.0113147 9.5299
-0.0102988 0.0108041 9.50552
-0.00765776 0.00178904 8.08723
-0.0269566 0.00388159 22.8989
0.00708626 -0.017086 -3.08125
0.000838127 -0.00795747 1.52344
0.0251261 -0.00918316 -19.1318
-0.243956 0.0805615 205.056
0.0144066 0.0921813 -20.3995
0.0173011 0.0123189 -13.2988
0.00534544 -0.0030453 -1.60899
0.00242493 0.1881 -16.5334
0 0.187342 -14.1182
0.0433443 0.124082 -51.105
-0.0427384 0.129378 35.6594
-0.0117238 0.0797273 9.39616
0 0.187342 -14.1182
0.0218041 0.135746 -32.4662
0.00394967 0.190073 -18.8181
-0.00967345 0.158107 -0.0819316
0 0.092641 -4.12274
-0.0181816 0.0214901 22.0448
-0.0174062 0.0977727 16.1137
0.424712 0.0795414 -518.304
0 0.0763945 -2.74369
-0.0762323 -0.028756 33.7469
-0.408778 0.0166862 34.804
-0.0830032 0.0607547 15.8395
-0.112242 0.0603243 17.5456
-0.0832305 0.0585522 15.2637
-0.0387296 0.00179797 30.8521
-0.0362154 0.00133364 30.402
-0.0488029 0.0227373 30.1709
-0.0279893 -0.00737286 29.6528
-0.0208521 -0.0158632 29.0979
-0.029867 0.00435875 38.0532
-0.0781205 -0.0908405 50.2351
-0.0701144 -0.0712207 46.816
-0.0682005 -0.101436 50.1852
-0.0861082 -0.103314 54.7091
-0.0582553 -0.00831134 33.1255
-0.0343624 -0.0121282 25.1814
-0.0279379 -0.0402939 26.085
0 0 -1
0.00244488 0.00430998 3.82193
0.00182444 0.00123266 4.14881
-0.0236056 -0.0172175 17.909
-0.00551536 -0.104721 18.7311
0.0184172 -0.0972323 5.57254
-0.0200269 -0.0604688 22.2175
0.0038026 -0.0744005 10.2934
-0.00768378 -0.0706103 16.969
0.0195507 -0.031933 -4.06471
0.0217573 -0.0357794 -5.4201
0.0408018 -0.0252223 -18.3956
0.14221 -0.00879837 -87.4252
0.108772 0.0320755 -69.5838
-0.196168 -0.311103 181.523
0.0161861 0.00273186 -9.69985
-0.0055 -0.00426179 7.45746
-0.016025 -0.00439221 15.5792
-0.0292451 0.00487673 24.771
-0.0118948 -0.0047662 11.6403
0.00371416 -0.00895668 -0.664502
0.0290279 0.00184337 -23.2511
0.0313334 -0.00325773 -25.2353
0.0401479 0.000348188 -33.5086
0.0182121 0.0154999 -14.5897
-0.00861651 0.0382105 7.24771
-0.00675286 0.053045 3.78618
0.178622 0.0656592 -167.435
0.0171565 -0.216528 23.1994
-0.00815994 -0.120201 37.5042
0 -0.0681903 22.9459
0.00181464 -0.0853241 23.1198
0.00908087 -0.272719 37.1421
0.0171616 -0.148989 10.6225
0.0111858 -0.167767 19.6411
0.00120126 -0.185062 33.1173
-0.00232783 -0.193642 38.2019
-0.0119451 0.0223391 15.2287
0.10417 0.0386765 -122.192
0 0 -1
-0.114468 0.0273074 25.6495
-0.123421 0.021822 26.6521
-0.103313 -0.0164768 25.9562
-0.0760113 0.0167399 19.7016
-0.0147444 0.0573129 8.5644
-0.00877086 -0.0324462 31.6812
-0.0363237 -0.0070959 31.8076
-0.0428653 0.00193808 31.6995
-0.0502 -0.0166017 35.446
-0.0424549 -0.0119964 33.0522
-0.0350772 0.00575537 39.0819
-0.0706057 -0.0931085 49.0137
-0.0803503 -0.104793 53.3795
-0.0709816 -0.109605 50.3014
-0.0414945 -0.0870346 37.8608
-0.0264726 -0.0488664 27.9461
-0.0472021 -0.0218594 31.1477
-0.0371584 0.0969177 4.56378
0.0173831 0.0462178 -8.18771
0.00456279 0.0327504 -0.713286
-0.0210646 0.0169812 12.5326
-0.0213958 0.00443424 14.291
-0.0602165 0.000378959 32.5941
0.00654837 -0.0128924 0.968582
0.022161 -0.0216003 -5.38823
0.000506722 -0.0244166 5.88117
0.0118029 -0.0253712 -0.861707
0.0393678 -0.0185946 -18.7815
0.0606203 0.0191045 -38.3469
0.0187309 -0.0351588 -3.6757
0.0718175 0.0164009 -43.9599
0.118384 0.0437682 -76.7247
-0.0153166 -0.0189775 15.4775
-0.00787636 -0.0115777 9.61877
-0.00710115 -0.00531562 8.6858
-0.00777645 -0.00877613 9.39252
-0.0277921 -0.000726189 24.4815
-0.013613 -0.00364876 13.1602
0.0406485 0.0133069 -34.8504
0.00205757 -0.0275432 2.51439
0.0352013 0.00032824 -29.1521
0.0347127 0.00968685 -29.5472
0.0274412 0.0294329 -24.7249
0.0160653 0.016536 -12.4089
0.016305 0.0566412 -18.5655
-0.00904419 0.024464 11.1158
0 0.0414016 1.64486
0 0.0760324 -3.4497
0.00713149 -0.0794994 11.4538
-0.00745422 0.0455767 7.00873
0.0430994 0.159765 -64.4325
0.0437097 -0.0316151 -36.9352
0.0268938 -0.065743 -12.9817
0.0268938 -0.065743 -12.9817
-0.0102942 -0.190714 47.1957
-0.0332823 -0.260636 85.2468
0.312727 0.0721324 -381.072
26.8867 0.348479 -33133.1
-0.104317 0.0314319 24.8694
-0.0976866 -0.0021063 30.7013
0.00538796 0.0376179 11.046
0.00292049 0.0569339 7.56644
0.0114413 0.0790037 3.15222
0.0515822 -0.105037 34.7014
-0.00196098 -0.0587708 35.0048
-0.0374226 -0.0404612 37.0543
-0.0440119 -0.0415404 38.0819
-0.0029184 -0.0241823 26.7671
-0.103706 0.0137378 53.5841
-0.0484813 -0.0816197 40.741
-0.0592694 -0.0158147 32.6172
-0.0777152 -0.00804026 36.722
-0.0221782 0.0298539 12.4753
-0.0146624 -0.0116109 18.0754
-0.118932 0.00813433 50.0141
-0.0205125 0.103504 -2.70876
-0.000231418 0.0814272 -6.52297
-0.0326626 0.0306154 15.3404
-0.0322088 0.0106752 18.4972
-0.0474527 0.00283259 26.7283
-0.0462094 -0.00223811 26.5327
-0.012981 0.00337863 8.41243
0.0111289 0.0106672 -4.63993
0.00376214 0.0192697 -3.34823
0.0455608 -0.132804 -2.88106
0.037405 0.0150542 -23.449
-0.156785 -0.184839 127.14
0.494833 0.00212439 -318.29
0.109995 0.00364325 -67.7917
0.122502 -0.00246746 -73.4031
-0.37506 -0.0352864 273.454
0.0884598 0.0065265 -63.0618
-0.0109649 -0.00877422 12.2149
0.0138662 0.172266 -35.3719
-0.00973362 -0.0247601 13.5435
-0.00539048 0.00268053 5.47077
0.0204129 0.0136324 -17.434
0.00731173 0.00221181 -5.12933
0.0430749 0.00673993 -36.8616
0.0017746 0.00697798 2.20855
0.0236957 0.00902776 -18.5739
0.00743383 0.0252178 -5.46014
-0.000784245 0.00912387 5.05813
-0.00869586 0.0192697 11.3475
-0.0151032 9.62469e-06 20.5871
-0.0189789 0.00363548 24.774
-0.0130304 0.011626 17.7182
-0.000287281 -0.0158017 9.03679
-0.0203396 -0.403702 108.904
0.0169891 -0.0582944 -3.00235
0.00833666 -0.072181 8.95213
0.0807491 0.0611563 -79.046
0.173647 -0.264999 -137.772
-0.00650503 0.0234034 8.73695
0.00398867 -0.239061 58.1973
0 -0.236007 62.5431
-0.085303 0.0223659 25.8908
-0.0777682 0.0182175 26.3586
-0.056178 -0.0699325 40.6371
-0.00145838 -0.173547 56.1768
0.0604104 0.0253571 9.00582
0.0931669 -0.108542 31.1628
0.00954778 -0.105109 41.3991
-0.00781167 -0.0762908 38.504
-0.036226 -0.0396474 36.3532
-0.0154952 -0.0271181 29.7681
-0.167491 0.0163802 67.7883
-0.0365691 -0.0360573 30.5711
-0.0548432 -0.0149671 31.3692
-0.0598238 0.029873 25.3675
-0.0581173 0.0329275 24.4565
-0.0200514 0.0385878 11.1153
-0.0596218 0.0806486 17.1082
-0.0408502 0.0733417 11.275
-0.0530184 0.0383372 22.3155
-0.0381343 0.0135971 20.6835
-0.035534 -0.00408853 23.0482
-0.0324751 -0.0226059 24.0286
-0.0336617 0.0166376 17.6178
-0.00194067 0.0253489 -0.854849
0.0046065 0.0134643 -1.92059
-0.00195341 0.0277531 -1.68529
0.00599125 0.175216 -31.4441
-0.00368588 0.127766 -17.7084
0.0460427 0.00528322 -16.7218
0.118446 0.116571 -92.6376
0.10232 0.00970228 -62.6069
0.127882 -0.0164634 -74.1982
0.00135314 0.015991 -1.90643
0.127464 0.0197427 -93.8305
-0.00914892 0.043038 0.705144
-0.00926554 0.00253447 8.55975
0.0101412 0.0036946 -6.63506
0.0140797 0.0199598 -12.8605
-0.02641 0.0184701 18.7173
0.0103556 0.00694809 -7.3967
0.0543445 0.0108005 -47.1627
0.0640645 0.0245883 -57.2765
0.0317762 -0.000955951 -23.5078
0.0277221 0.0273401 -24.7669
-0.0256229 -0.180897 64.3366
-0.011133 -0.000467109 16.1241
-0.00166393 -0.370592 76.3795
-0.00500215 -0.00461364 11.7715
-0.00453405 -0.0148311 13.2546
-0.00430201 0.0415645 2.22781
-0.000810451 0.00373814 5.93504
-0.0160479 -0.0530996 32.883
-0.0105169 -0.0555789 27.3885
0.418988 -0.102805 -446.131
-0.91696 0.0719229 1078.3
-0.0199558 -0.000785436 26.9924
0.0250301 0.0427953 -32.4981
0.00556355 0.0379569 -7.98944
-0.0137283 -0.0448103 29.9124
-0.0725761 0.148222 -24.2802
-0.0514552 -0.157296 56.2999
-0.0180883 -0.162988 54.9117
0.17956 -0.274856 49.1511
0.0635385 -0.146884 42.175
0.030631 -0.0966944 36.5734
0.00741584 -0.0805291 36.7737
-0.0264464 -0.0535974 37.1496
-0.0190626 0.00260762 85.6159
0.0322468 0.0514728 57.0978
0.031672 0.0512761 57.2856
-0.170515 -0.0163967 123.319
-0.000842703 -0.154405 105.497
-0.00356748 -0.179852 111.703
0.00690936 -0.293218 232.37
0.173136 -0.00666504 47.4172
-0.0528754 0.0108688 27.5201
-0.0636853 0.00286557 33.4186
-0.103516 0.201172 91.9307
-0.106819 -0.152919 167.753
-0.0563288 -0.0177499 34.2985
0.00416569 0.174968 -32.1045
-0.00300992 0.209708 -35.4493
0.0296763 0.261043 -61.9798
-0.069456 0.0569659 40.5405
0.0301381 0.227621 -55.8829
0.106643 0.177713 -88.953
0.0203349 0.00869744 -1.46623
0.0116406 0.280925 -56.1914
0.073316 0.302623 -100.938
0.0502884 0.273243 -79.7922
-0.0160668 0.0253499 9.77963
-0.0042562 0.0189802 2.36327
-9.35857e-05 0.0204928 -1.32436
-0.0088494 0.00601474 7.955
0.0125914 0.0185137 -11.8465
0.0038792 0.022649 -4.93692
0.0584861 0.299172 -108.006
0.020794 0.0228386 -19.8501
0.0416795 -0.00630363 -32.6567
0.0540281 -0.0260106 -39.3906
0.0292258 0.0123609 -23.9088
0.014138 0.00424938 -9.07017
0.010681 -0.00226008 -4.38446
0.0481539 0.0187402 -43.7183
-0.000510633 0.0896258 -11.0171
-0.0199492 0.0155422 24.818
-0.00682634 0.0538415 2.28859
0.055285 0.00763687 -53.5392
0.0635027 0.0565781 -72.8974
0.0747621 0.0241003 -78.2524
0.0691775 0.0244912 -72.0736
0.597381 0.0115307 -672.401
-0.110779 -0.235788 189.472
-0.016687 -0.0843003 46.336
0.0697109 -0.0803171 -60.7159
0.0437635 0.02973 -52.3814
-0.0752447 0.141894 -23.1055
-0.0715095 0.139285 -22.8691
-0.0350863 0.173863 -32.4328
0.037324 -0.668445 159.999
0.216652 -0.274006 45.3613
0.0756997 -0.163888 43.7512
0.0325923 -0.0582663 15.6538
-0.0936339 -0.70108 189.27
-0.0543182 -0.6462 169.856
-0.0158578 0.000153644 85.4624
-0.0144516 0.00160496 84.8233
-0.00769793 0.00527634 82.5125
-0.230513 -0.0171218 139.843
-0.00212286 -0.0848617 102.388
1.89317 -0.601186 -332.262
0.123928 -0.0706864 94.7629
-0.0708429 -0.051628 142.058
0.00134258 0.137073 63.2732
0.106641 0.0552222 37.8094
0.0966207 0.0433781 44.6346
-0.60703 -0.193414 404.566
-0.0191736 0.27338 -41.6917
0.0029399 0.255179 -48.1216
0.0244573 0.27346 -62.597
0.0400302 0.27688 -71.0733
0.0170159 0.242613 -50.8845
0.0240857 0.230488 -52.82
0.0453644 0.237558 -66.2756
0.0359079 0.263869 -67.2173
0.0330834 0.290208 -71.7252
0.0473523 0.286065 -80.1265
0.057929 0.265598 -82.1917
-0.381679 0.458359 177.244
-0.12242 0.144062 63.1276
0.06334 0.0627573 -47.8198
0.0978886 0.181739 -101.583
-0.26581 0.0338903 213.714
0.0576305 0.0921937 -56.9469
0.0611478 0.302058 -106.549
0.0138475 -0.461886 105.692
0.00574021 0.0165773 -5.95833
0.0283183 -0.01826 -18.0958
-0.0330179 0.317241 -26.6345
0.129128 0.795215 -288.08
0.0203254 -0.00962508 -12.6512
-0.134581 -0.00397174 161.175
0.033553 -0.174994 34.214
-0.0318088 0.0602678 27.0592
-0.0139983 0.0487241 11.0813
0.063258 0.0489083 -71.0159
0.555859 0.00351562 -582.873
0.210984 -0.0269799 -205.127
0.0784661 0.0174051 -80.9853
0.678214 0.0214916 -767.45
-0.177607 0.787608 47.0263
-0.0561684 -0.144468 105.939
0.0306284 0.0432781 -38.954
0.189441 0.0335299 -232.956
-0.0631838 0.135956 -21.7568
-0.0310609 0.198623 -39.5967
-0.0234089 0.238157 -48.9849
0.0248704 0.333868 -76.7434
0.049349 0.34074 -81.2395
0.0255317 0.303914 -68.9403
0.0273274 0.265046 -60.5415
0.0311828 0.266954 -61.2853
0.0269607 0.175836 -37.1613
-0.0162516 0.00226785 85.009
-0.0137194 0.00142802 84.688
-0.0130312 0.00177536 84.4459
-0.0128483 0.00184293 84.3845
-0.0922881 0.212598 113.2
-0.0910393 0.206431 114.258
0.136455 -0.0295766 80.8407
1.01475 0.0848869 -247.035
0.000438485 0.250133 -43.1344
0.000438485 0.250133 -43.1344
0.0382939 -0.0239529 33.5843
0.00326472 0.271984 -51.3131
0.00326659 0.271984 -51.314
0.0263345 0.274042 -63.5916
-0.00449272 0.305257 -54.343
0.0182306 0.262777 -55.9661
0.00568923 0.216725 -37.529
0.0135189 0.201092 -38.8012
0.0377933 0.205228 -54.2855
0.0625582 0.24909 -79.37
0.0102606 0.254548 -48.1513
0.0332784 0.229999 -57.3692
0.0435081 0.245949 -67.9713
0.067546 0.291642 -96.7123
0.338639 -0.0174032 -202.183
0.0409331 -0.105863 9.88947
-0.0306138 -0.514577 163.803
-0.00670388 -0.0576203 34.7147
0 -0.258813 77.5082
0.0427979 0.0209464 -26.5738
0.00792414 -0.0563342 22.336
0.00339814 0.0772221 -8.29443
0.177025 0.0226297 -110.229
0.186063 -0.0453105 -101.531
0.0225934 0.00336766 -16.3299
0 -0.253722 86.2865
-0.134581 -0.00397174 161.175
-0.0235808 -0.144865 84.1563
-0.0230846 -0.136175 81.4995
-0.0222901 -0.128574 78.7938
-0.0223726 -0.121937 77.2332
-0.023056 -0.116072 76.4964
0.323881 -0.0191316 -332.867
0.00261626 -0.00755472 22.8252
0.0023905 -0.00198394 21.6784
0.0260417 0.00051368 -6.92308
-0.000736743 -0.0108917 27.5876
0.0737787 0.00587578 -75.8537
0.0518292 0.0529354 -67.3614
0.0045939 0.217693 -44.1577
0.0103044 0.305848 -67.0492
-0.00152487 0.324478 -72.3876
0.0315559 0.308516 -70.2565
0.0189906 0.329216 -73.9927
0.00430644 0.311808 -68.0957
-0.0242126 0.302011 -62.4192
0.029274 0.232813 -51.967
0.0170693 0.202022 -41.8279
-0.014911 0.0022827 84.7056
-0.0133826 0.00160145 84.5661
-0.0127879 0.00169031 84.406
-0.012827 0.00172727 84.4067
-0.0886539 0.215315 111.471
0.235513 -0.0112145 -52.3459
0.0810374 -0.0480374 158.004
0.08573 -0.0487075 156.552
-0.139362 -0.0866723 124.986
-0.140305 -0.0859725 125.204
-0.14926 -0.0827293 128.087
-0.160865 -0.0767076 131.31
-0.00900268 0.26226 -43.521
-0.124314 0.204186 32.8916
-0.0791503 0.23226 3.08429
-0.0229846 0.236494 -27.4606
-0.0213476 0.200805 -19.3261
-0.000511564 0.195291 -29.7131
0.0261116 0.17046 -38.6948
0.0451376 -0.133458 31.1554
0.0189193 -0.208156 67.4131
0.00983257 0.222201 -39.3257
0.0546677 0.222333 -68.9044
0.0854334 0.261524 -100.746
0.568366 0.155063 -417.403
0.175317 0.0450205 -102.629
0.187569 0.0317924 -108.142
0.00146979 0.0967442 -11.645
-0.000253681 0.0945698 -9.70902
-0.00844288 0.082166 0.380618
0.000253681 0.0945698 -10.1306
0.0442357 0.0357537 -32.9901
-0.0330179 0.317241 -26.6345
0.0444271 0.0378969 -33.7298
0.00325567 0.0274735 5.29067
0.00127253 0.0117378 11.4132
0.00146948 0.0965264 -11.8731
-0.00195482 0.0918302 -7.23203
0 0.0942862 -9.83961
-0.0485909 -0.0538989 144.25
-0.210118 0.137277 262.295
3.96113e-13 -0.0533448 31.1887
0.276104 0.201838 -300.259
-0.00836645 -0.0365997 34.8721
-0.00129153 -0.0329664 25.8969
0.0111052 -0.00435983 3.76886
0.320424 -0.0138765 -348.214
0.0452201 -0.00905244 -36.851
0.0276294 0.0341219 -33.7854
0.0372153 0.175767 -33.2008
0.0645087 0.201254 -40.4735
0.000288401 0.32111 -70.9065
0.00465688 0.334044 -75.0852
0.0302861 0.36709 -87.4671
0.0155512 0.316568 -70.8011
0.29472 0.30512 -103.584
0.150422 0.28761 -75.4014
0.0746101 0.25557 -53.0162
0.0106421 0.260692 -42.2329
-0.0312772 0.267767 -35.3858
-0.0531247 0.274773 -32.3909
-0.0608428 0.297624 -37.1628
-0.0619437 0.310167 -40.5455
0.420226 0.295457 -64.7042
0.0912604 -0.0455465 153.853
0.0882223 -0.0496066 155.873
0.025475 0.0937656 -1.17459
0.02488 0.092485 -0.495043
0.322822 -0.279165 -8.49821
-0.142276 -0.0828553 124.81
-0.179786 -0.0335743 127.697
-0.029816 0.168185 -4.8584
-0.0638782 0.181977 9.17741
-0.038496 0.214801 -13.6331
-0.00938981 0.228042 -33.1482
-0.000406904 0.239263 -41.4538
0.012571 0.222384 -43.9135
0.972336 0.265151 -655.705
0.076959 0.196333 -76.0517
0.0331197 0.177373 -41.6759
0.0811958 0.191099 -78.6454
0.10754 0.21563 -103.417
0.108397 0.232229 -109.26
0.138493 0.133076 -101.182
0.151469 0.0668247 -91.0607
-0.0396334 0.0738212 55.2318
0.00658247 -0.0390722 46.6923
0.0018436 0.0890089 14.4662
-0.00619115 0.0185559 40.9087
0.0228616 -0.0823084 44.8361
0.0156359 -0.262524 104.706
0.0253302 -0.246711 91.3451
0.00748525 0.197557 -24.8793
0.0441814 -0.269436 81.5937
0.00348906 0.0064985 10.7172
0 -0.0494275 30.0176
0 0.302734 -75.582
-0.116774 0.0753149 179.597
-0.127822 0.115499 180.585
3.96113e-13 -0.0533448 31.1887
0.244467 0.105789 -238.03
0.201621 0.166159 -264.956
0.189064 0.175684 -253.642
0.179931 -0.0338564 -179.539
0.179395 -0.0793397 -164.587
0.0579423 0.000153058 -42.542
0.0606217 0.028145 -72.9202
0 0 -1
0.045071 0.370905 -86.7039
0.0485092 0.65201 -174.004
0.0220725 0.0675908 16.7773
-0.0334466 0.100925 10.4082
-0.00666695 0.181017 -18.3186
0.0177944 0.189204 -24.8719
0.0938049 0.257437 -56.8511
0.0228816 0.252515 -42.5605
0.0315343 0.242249 121.2
0.288095 0.24142 66.172
-0.0325146 0.271877 -36.6401
-0.0434488 0.304304 -43.9128
-0.0581929 0.31353 -42.6581
-0.0619761 0.312903 -41.3435
0.0243076 0.0282216 134.124
0.0233808 0.0339781 132.701
0.00718009 0.047844 134.145
0.011237 0.0871724 6.68115
-0.013946 0.0467035 30.0137
-0.0598506 0.108232 30.4641
-0.0780422 0.158453 22.9255
-0.0628126 0.195433 4.11937
-0.0386989 0.203648 -10.1819
-0.0169107 0.223124 -27.5476
-0.00316658 0.22709 -36.0969
4.57101e-05 0.228227 -38.3715
0.00386411 0.227559 -40.3604
0.174071 -0.112492 -19.7734
0.0559089 0.205936 -65.2487
0.0573506 0.192373 -62.1697
0.0823221 0.196271 -80.5375
0.141311 0.171616 -113.805
0.133451 0.208664 -120.248
0.108056 0.235747 -109.827
0.0631059 0.218827 -70.8544
0.0240063 0.213108 -38.7688
-0.0343033 0.205997 8.23607
-0.04329 0.0704244 56.9115
-0.0709416 0.0187275 95.5795
-0.0323603 -0.0927913 96.5949
0.0201592 -0.106703 54.4265
0.0551566 -0.244214 63.2527
0.139753 -0.0107263 -87.7628
0.0830825 -0.211388 27.1755
0.00328433 0.00608644 11.038
0.00351164 0.00618239 10.7863
0 -0.075142 39.3318
0 -0.0100709 18.9941
0 -0.178581 71.515
0.0988977 -0.358248 37.9665
0.0960272 0.0640386 -112.537
0.135995 0.0310062 -148.309
0.22566 0.175534 -295.374
0.183042 -0.0869265 -166.552
0.11091 -0.114263 -72.6138
0.116796 0.00874898 -136.658
0.0704226 0.0138275 -80.8092
0 0 -1
0.0838472 0.270953 -55.5324
0.0686461 0.0768499 10.8494
0.0367045 0.0495083 21.9448
0.0106027 0.109514 3.76207
0.0243167 0.133879 -5.43797
0.0282714 0.169604 -18.985
0.0988694 0.0516629 9.57794
-0.124296 0.259336 -15.7278
-0.0174706 0.270741 -41.8656
0.0169899 0.253811 -43.2733
0.0200693 0.267564 -48.3104
-0.0128987 0.318801 -56.8174
-0.0538424 0.318657 -45.5178
-0.0664203 0.31437 -40.4099
-0.0732924 0.305543 -35.3029
-0.0514654 0.249428 -24.0925
-0.0223136 0.149352 -1.30681
0.00136043 0.0942271 8.18218
-0.00156045 0.0875871 11.6889
-0.016121 0.117472 8.04589
-0.0279207 0.157315 0.0171656
-0.0274388 0.193948 -12.54
-0.018941 0.211948 -22.8018
-0.00932125 0.224181 -31.8606
-0.00358813 0.226521 -35.7042
-0.000245293 0.229181 -38.48
0.00215093 0.228817 -39.7419
0.173378 -0.111107 -19.8197
0.171581 -0.112586 -18.1688
0.0539227 0.197805 -61.7437
0.0710044 0.196328 -72.8822
0.12155 0.180784 -102.933
0.126375 0.202489 -112.569
0.112961 0.211311 -105.428
0.0526901 0.235901 -68.2318
0.0095255 0.226329 -32.9094
0.0653579 -0.283094 95.3768
0.0595052 -0.148307 54.5828
0 0 -1
-0.0198802 -0.106935 90.1011
-0.00775669 -0.11049 80.614
0.00756656 0.0180516 -6.67676
-0.136572 -0.00247205 162.804
-0.1332 -0.00285326 159.554
-0.132432 -0.00287888 158.82
0.309823 -0.00435615 -279.236
-0.00447619 -0.407239 169.295
-0.00428174 0.177642 -21.2832
0.247547 -0.0163932 -233.108
0.246905 -0.0163148 -232.429
0.190529 -0.0155661 -170.854
0.0695983 0.0317809 -72.2117
0.0733653 0.0196398 -72.4123
0.0886441 -0.0354484 -71.8157
0.219213 -0.0195204 -233.329
0.351134 -0.0439772 -394.165
0.34861 -0.0361201 -393.719
0.384844 1.77975 -607.097
-0.000322205 0.187701 -24.5322
0.0109302 0.112854 1.44013
0.0465759 0.0795496 10.4095
0.0592935 0.108451 -0.346704
0.0360646 0.136392 -7.2587
-0.0223507 0.172011 -13.0132
0.134696 0.810108 -257.644
-0.0322933 0.248165 -30.3248
-0.0280828 0.241147 -29.4862
0.023584 0.258575 -46.7712
0.0623998 0.274655 -61.3236
0.070917 0.319093 -79.1208
0.0578192 0.255873 -52.5822
0.0439874 0.232759 -39.9994
-0.064351 0.46255 -91.2028
-0.0838931 0.599259 -134.146
-0.0724853 0.560648 -124.704
0.00831325 0.0973237 4.34722
0.0114573 0.10209 1.34191
0.0108565 0.125922 -6.7811
0.00494234 0.157768 -15.3949
-0.000409126 0.190086 -24.3465
-0.0024916 0.212325 -31.2413
-0.00284603 0.223153 -34.9179
-0.00150293 0.2265 -36.8402
0.00102582 0.228228 -38.8853
0.00606723 0.227931 -41.7459
0.0149236 0.219358 -44.0614
0.0263737 0.212038 -48.6327
0.0437671 0.199907 -55.6478
0.0561835 0.200417 -64.1747
0.0952012 0.171809 -81.3499
0.151778 0.164738 -118.855
0.182469 0.207064 -155.733
0.0384757 0.307432 -81.3175
0.00162604 0.299533 -50.46
-0.000312762 0.300939 -50.6869
-0.0328926 0.334116 -36.2259
4.53834e-12 0.501395 -159.555
4.72328e-12 0.501395 -159.555
4.66458e-12 0.501395 -159.555
0 -0.381196 150.104
0.00872803 0.00173544 -4.68224
0 -0.100458 49.8195
0 0.5524 -177.305
0 -0.110193 53.2825
-0.032487 0.375494 -81.989
0 -0.110193 53.2825
0 -0.110193 53.2825
0.0462762 0.0663191 -58.0467
0.0478434 0.0489041 -53.6545
0.0583202 0.0252711 -57.1022
-0.20592 0.0513623 394.577
1.21619 0.988016 -1791.42
-0.494598 0.217693 527.679
0.360881 -0.0616828 -400.15
0.34637 -0.0362361 -390.944
-0.00740833 0.167187 -17.0495
-0.00752145 0.167288 -17.0777
-0.00156022 0.151019 -11.4306
0.0174037 0.12088 -1.61775
0.0642917 0.0967517 3.07661
0.0329356 0.130766 -5.03263
-0.0351271 0.126299 4.97642
-0.0604064 0.218967 -14.7133
-0.0364117 0.247643 -29.3344
-0.0284441 0.26312 -36.5556
0.0180284 0.290964 -56.863
0.0594163 0.284192 -63.9582
0.0666922 0.28732 -66.7379
0.0506075 0.25477 -50.0966
0.0215393 0.246658 -38.2325
-0.0636064 0.282811 -24.1572
-0.0825158 0.590864 -131.559
0.00831325 0.0973237 4.34722
8.51735e-15 0.0332031 48.3092
8.51735e-15 0.0332031 48.3092
0.0163073 0.937871 -306.728
0.014802 0.907191 -294.642
0.0110169 0.886215 -285.047
0.0084677 0.885573 -283.544
0 0.0332031 48.3092
0 0 -1
0 0.0332031 48.3092
0 0 -1
1.4349e-12 0.0332031 48.3092
1.4349e-12 0.0332031 48.3092
0.0449316 0.189745 -52.8551
-3.63533e-15 0.0332031 48.3092
-3.63533e-15 0.0332031 48.3092
0.190478 0.195992 -157.911
0.186678 0.204383 -158.01
0.0992769 0.259963 -112.097
0.0120121 0.34851 -76.3855
-0.00800193 0.415848 -85.3802
-0.0157916 0.376643 -64.3557
-0.0279467 0.42492 -72.0883
0.138383 0.341077 -183.585
0.205484 0.417635 -270.948
0.00795378 0.958397 -296.275
0.0113165 8.93546 -3265.5
0.209742 4.96373 -1979.24
0.00655918 0.995432 -309.617
0.00652491 0.995392 -309.568
0.00641916 0.995331 -309.438
0.00629415 0.99527 -309.286
0.00622106 0.995199 -309.183
0 1.0192 -311.158
0.00622106 0.995199 -309.183
0.00608089 1.01826 -317.531
-0.20184 0.190722 338.93
2.10083e-13 -0.0284926 75.7335
3.49171e-14 -0.0284926 75.7335
1.68782e-15 -0.0284926 75.7335
-1.43586e-13 -0.0284926 75.7335
