0 1 3
1 3 3
3 4 3
4 5 3
5 6 3
6 64 3
8 64 0
8 9 0
9 10 3
10 11 0
11 12 1
12 71 1
14 71 1
14 15 3
15 16 3
16 75 3
18 75 3
18 19 3
19 21 3
21 23 0
23 24 1
24 25 3
25 26 3
26 86 3
29 86 3
29 30 3
30 31 3
31 148 3
33 148 3
33 34 3
34 35 3
35 36 3
36 96 3
95 96 3
41 96 3
41 43 3
43 44 3
44 46 3
46 47 3
47 104 3
52 104 0
104 109 3
49 104 0
36 94 3
33 92 3
35 94 3
41 98 1
4 61 2
10 68 3
23 80 1
36 95 3
41 387 3
3 61 3
11 68 1
19 78 1
21 78 1
21 80 1
23 81 1
24 81 1
26 85 3
98 387 0
25 85 3
104 162 3
64 65 3
8 65 0
47 162 3
4 62 2
43 160 3
1 60 3
5 62 2
80 81 3
96 98 1
41 160 3
109 115 3
3 60 3
6 63 3
8 67 0
9 67 3
19 77 1
85 86 3
44 160 3
109 114 1
63 64 3
11 69 0
18 76 2
18 77 2
21 79 2
35 93 3
96 387 3
0 58 3
1 59 3
12 69 0
76 77 2
78 79 0
79 80 1
34 92 3
114 115 0
58 59 3
5 63 3
9 68 3
14 73 3
15 73 3
75 76 3
77 78 2
30 89 1
31 89 1
94 95 3
59 60 3
67 68 3
68 69 0
14 72 3
16 73 3
16 74 3
74 75 3
35 92 3
93 94 3
61 62 3
65 67 3
71 72 2
72 73 3
30 86 3
89 148 0
46 160 3
62 63 3
73 74 3
92 93 3
69 71 1
24 85 3
24 141 1
33 91 3
91 92 3
65 124 3
24 140 1
85 141 1
85 142 1
91 148 3
109 455 3
69 128 3
71 128 1
81 140 0
140 141 3
85 260 3
86 260 3
86 145 3
30 145 3
46 155 3
60 61 3
47 155 3
115 455 3
67 124 3
141 142 3
30 205 3
89 205 0
160 387 3
145 205 3
79 137 3
80 137 0
109 168 2
62 120 2
63 120 2
75 134 3
142 260 0
155 160 3
168 455 0
76 134 3
80 139 0
81 139 0
162 164 1
109 162 3
63 121 3
64 122 3
65 122 3
67 125 3
72 130 3
74 134 3
145 260 3
204 205 3
155 162 3
124 125 3
78 136 0
79 136 3
145 204 3
94 96 3
64 121 3
71 130 2
139 140 3
92 150 3
93 150 3
96 154 3
58 116 0
61 120 0
120 121 1
121 122 3
67 126 3
68 126 3
69 127 3
74 132 3
91 150 3
94 154 3
154 387 3
59 116 0
61 119 0
126 127 0
127 128 3
77 135 0
60 119 0
76 135 3
78 135 0
59 117 0
60 117 0
73 130 3
135 136 3
60 118 0
73 132 3
154 271 3
162 167 1
109 167 1
167 168 0
116 117 3
118 119 3
125 126 3
128 130 0
142 201 0
201 260 3
155 164 1
117 118 3
136 137 3
387 621 3
162 165 1
119 120 2
122 124 2
137 139 0
122 181 0
132 134 3
134 135 3
148 205 3
164 219 0
165 219 0
124 181 3
154 210 3
271 387 3
162 219 3
167 219 0
155 219 3
141 200 3
132 191 3
134 191 3
142 200 0
148 207 2
91 207 2
125 183 3
126 183 3
127 185 3
128 185 3
130 187 3
150 207 2
140 199 3
141 199 3
94 210 3
130 188 3
137 195 3
154 211 3
121 180 3
124 182 3
128 186 1
187 188 3
132 190 3
205 207 3
93 210 3
210 211 3
211 271 3
120 178 2
122 180 3
125 182 0
126 185 0
185 186 1
128 187 0
136 195 3
195 196 0
137 196 0
140 197 3
200 201 3
93 267 2
219 458 3
119 178 3
126 184 3
135 193 3
136 194 3
145 259 3
204 259 0
150 208 3
210 267 3
167 458 0
228 455 0
116 174 2
120 179 1
121 179 3
183 184 3
186 187 1
73 188 3
193 194 3
139 196 3
139 197 3
199 200 3
207 208 3
93 208 3
179 180 3
181 182 1
184 185 0
132 188 3
190 191 3
134 193 3
445 621 3
387 445 3
117 119 3
194 195 3
197 199 3
259 260 3
205 264 2
443 445 3
167 455 0
117 174 2
207 264 0
208 267 3
225 455 0
119 235 3
187 245 3
134 250 3
178 179 1
188 245 3
191 250 3
178 235 3
180 181 0
196 197 3
182 183 1
193 250 3
117 234 3
205 262 3
455 458 3
174 234 2
201 259 3
204 262 0
188 190 3
259 262 3
333 387 3
160 333 3
210 268 3
191 249 3
262 264 2
267 268 3
155 458 3
182 241 1
183 241 3
190 249 3
211 268 3
458 508 3
119 234 2
181 239 1
201 258 3
207 265 0
283 455 0
200 258 3
262 263 3
263 264 3
208 265 3
333 445 3
234 235 3
180 239 3
185 243 2
186 245 1
196 253 3
174 233 2
233 234 3
182 239 3
186 243 0
195 253 0
245 246 3
188 246 3
190 248 3
194 252 3
195 252 3
387 443 3
174 232 2
182 240 3
186 244 1
248 249 3
193 251 3
193 252 3
199 258 3
208 266 3
115 282 3
232 233 3
239 240 3
244 245 3
250 251 3
199 257 3
259 261 3
265 266 3
266 267 3
155 333 3
282 455 3
240 241 1
184 242 3
197 313 3
257 258 3
261 262 3
264 265 3
267 324 3
271 386 3
184 241 3
185 242 1
251 252 3
252 253 0
196 313 3
271 443 3
243 244 1
190 246 3
197 257 3
386 443 3
331 387 3
232 290 0
249 250 3
253 313 3
179 295 3
180 295 3
201 317 3
259 317 3
258 317 3
241 242 3
185 300 1
239 295 3
243 300 1
178 294 1
178 295 1
235 294 1
294 295 3
246 248 3
266 324 3
399 455 0
264 322 3
235 293 3
239 296 3
261 317 3
265 322 3
268 324 3
211 329 3
295 296 3
249 307 3
250 307 3
250 309 3
251 309 3
253 311 3
268 327 3
399 458 0
211 327 3
155 391 3
211 386 3
333 391 3
233 291 3
293 294 1
252 310 0
253 312 3
312 313 3
268 326 3
329 386 3
234 291 3
234 292 3
244 302 3
245 302 3
248 307 3
310 311 3
257 315 3
324 326 3
155 508 3
245 303 3
248 305 3
197 315 3
326 327 3
391 508 3
291 292 3
239 297 3
240 298 3
243 302 2
246 305 3
313 315 3
232 291 3
297 298 3
240 299 1
241 299 3
242 299 3
246 303 3
246 304 3
248 306 3
258 316 3
327 329 3
290 291 1
243 301 2
305 306 3
306 307 3
316 317 3
261 320 3
262 320 3
234 293 3
185 299 1
300 301 3
257 316 3
263 322 0
298 299 1
309 310 3
252 309 3
336 458 0
344 455 0
303 304 3
263 320 2
301 302 3
302 303 3
250 366 0
309 366 3
292 293 3
296 297 3
304 305 3
307 366 0
313 372 3
315 372 3
266 323 3
323 324 3
265 323 3
311 312 3
317 320 3
317 319 3
320 322 2
322 323 3
319 320 3
320 375 3
310 367 3
310 368 3
311 368 3
309 367 2
311 369 3
299 356 0
368 369 3
312 369 3
324 384 3
326 384 3
402 455 0
298 356 3
299 300 0
303 361 3
304 361 3
375 379 2
327 386 3
291 349 3
320 379 2
290 349 2
294 353 3
295 353 3
296 355 3
297 355 3
301 359 3
306 364 0
307 364 0
307 365 0
366 367 3
316 319 3
322 379 1
299 416 3
312 371 3
313 371 3
292 349 3
292 351 3
294 352 3
300 416 1
302 359 3
364 365 3
312 370 3
315 316 3
293 351 3
293 352 1
299 357 3
369 370 3
371 372 3
315 373 3
316 373 3
290 348 2
296 354 3
354 355 3
298 355 3
300 359 3
302 361 3
361 362 3
304 362 3
305 363 3
306 363 3
365 366 3
367 368 3
508 568 3
458 568 3
348 349 3
352 353 3
296 353 3
304 363 3
370 371 3
355 356 3
357 416 3
316 374 3
292 350 3
356 357 1
362 363 3
363 364 0
372 373 3
373 374 3
349 350 3
322 380 3
323 380 3
351 352 1
353 354 3
391 445 3
350 351 3
324 497 3
327 385 3
385 386 3
302 418 3
361 418 3
497 500 3
384 497 3
359 418 3
319 374 3
327 384 3
359 416 1
319 375 3
497 499 3
324 380 3
324 439 3
499 500 3
384 385 3
391 449 3
380 439 3
439 497 3
445 449 3
359 417 3
319 376 3
375 376 3
449 508 3
361 420 0
362 420 0
365 423 3
374 375 3
379 438 0
399 461 0
455 461 3
363 421 3
375 433 3
353 411 3
374 432 3
352 411 3
364 421 1
364 423 3
369 427 3
370 429 3
371 429 3
362 421 3
366 425 3
367 425 3
368 427 3
372 431 3
373 432 3
379 380 0
458 628 3
352 410 0
356 414 3
366 424 3
373 431 3
568 628 3
351 410 1
357 415 3
415 416 3
420 421 1
365 424 3
508 567 3
282 461 3
348 406 3
349 407 3
350 408 3
350 409 3
351 409 3
354 412 3
355 412 3
355 413 3
361 419 3
421 423 3
368 425 3
431 432 3
375 432 3
449 567 3
567 568 3
406 407 3
407 408 3
409 410 1
356 413 3
357 414 0
417 418 3
419 420 0
370 427 3
370 428 3
432 433 3
408 409 3
410 411 3
353 412 3
412 413 3
423 424 3
368 426 3
427 428 3
443 449 3
359 475 3
424 425 3
425 426 3
426 427 3
428 429 3
371 431 3
385 443 3
416 475 0
417 475 3
418 419 3
458 461 3
429 431 3
375 438 3
380 438 3
385 497 3
414 415 1
411 412 3
413 414 3
438 439 3
385 500 3
412 470 3
413 470 3
407 465 1
431 489 3
449 507 3
282 579 1
282 462 3
421 478 3
461 462 3
462 579 1
420 478 1
410 468 3
432 489 3
443 500 3
443 507 3
411 469 3
415 473 3
416 473 3
438 495 1
406 465 1
408 465 1
411 468 3
409 468 1
408 466 2
408 467 1
409 467 1
478 479 3
421 479 3
423 479 3
423 482 3
424 482 3
431 487 3
432 490 2
433 490 3
406 464 1
465 466 0
468 469 3
412 469 3
413 471 3
418 475 3
419 477 3
425 483 3
429 487 3
487 489 3
462 520 1
466 467 3
467 468 3
413 472 3
414 472 3
418 477 3
423 481 3
482 483 3
426 483 3
375 494 2
464 465 3
469 470 3
470 471 3
420 477 1
423 480 3
481 482 3
438 494 2
520 579 1
471 472 3
477 478 3
479 480 3
428 486 3
429 486 3
473 475 0
480 481 3
427 543 2
489 490 3
415 472 0
427 486 3
426 543 3
472 473 1
507 567 3
475 477 3
486 487 3
494 495 1
438 497 3
490 550 1
433 550 1
494 552 3
475 533 3
486 543 3
495 552 0
461 576 1
475 534 3
477 534 3
489 547 1
489 546 1
473 533 0
487 546 1
546 547 3
443 505 3
467 526 3
468 526 3
473 532 1
532 533 0
487 545 2
375 551 2
533 534 3
483 541 3
426 541 3
433 551 2
505 507 3
541 542 3
426 542 2
438 555 2
479 537 0
480 539 0
481 539 0
545 546 1
490 548 3
550 551 0
495 555 0
497 555 2
499 557 2
568 569 3
466 524 3
471 530 3
472 530 3
473 530 0
478 537 0
480 537 0
481 540 3
542 543 3
490 547 1
548 550 3
494 551 3
499 556 2
500 557 2
567 569 3
569 628 3
466 525 3
467 525 3
469 526 3
473 531 0
539 540 2
482 540 3
497 556 2
464 522 3
469 527 3
470 528 3
471 528 3
530 531 0
534 535 1
477 535 1
478 535 1
482 541 3
486 544 3
507 564 3
507 566 3
566 567 3
465 522 3
524 525 3
470 527 3
528 530 3
544 545 3
556 557 3
465 524 3
525 526 3
526 527 3
540 541 3
555 556 3
505 564 3
507 565 3
465 523 3
527 528 3
531 532 1
543 544 3
547 548 0
550 608 2
522 523 3
551 608 3
505 622 3
564 565 3
565 566 3
523 524 3
535 537 0
537 539 3
551 552 3
564 622 3
461 635 3
462 635 3
566 624 3
528 587 1
530 587 1
567 626 3
569 626 3
557 616 3
535 594 0
537 594 1
500 501 3
548 606 3
501 557 2
576 635 0
541 599 3
547 606 0
501 620 2
569 627 3
627 628 3
462 636 3
579 636 0
530 588 1
530 589 1
531 589 1
532 589 3
543 601 3
544 601 3
552 611 3
501 616 2
587 588 1
540 598 3
541 598 3
495 611 2
628 745 1
588 589 3
533 591 1
598 599 3
544 602 3
547 605 3
458 745 1
458 631 3
532 591 1
534 591 1
544 603 3
545 603 3
548 607 3
555 612 3
589 590 0
532 590 0
542 658 2
543 658 2
550 607 2
495 612 2
556 614 3
557 614 3
616 617 3
501 617 2
617 620 3
566 626 3
522 580 1
523 581 1
524 582 1
525 583 1
526 584 1
527 585 1
528 586 1
534 592 1
535 593 0
537 595 1
539 598 2
542 599 3
599 658 3
605 606 3
551 609 3
552 609 3
565 624 3
626 627 3
579 637 0
580 581 3
581 582 3
582 583 3
583 584 3
584 585 3
585 586 3
591 592 0
592 593 3
594 595 1
539 595 1
601 658 3
602 603 3
545 662 3
546 662 2
606 607 3
608 609 3
611 612 3
555 613 3
555 614 3
443 622 3
636 637 3
586 587 3
590 591 1
593 594 3
603 662 3
546 605 3
612 613 3
443 501 3
565 623 3
635 636 3
601 602 3
605 662 3
609 611 3
613 614 3
501 622 3
564 623 3
623 624 3
614 616 3
461 805 1
635 805 1
539 655 1
607 608 3
598 655 1
622 623 3
458 805 1
614 673 1
616 673 1
628 686 0
635 693 3
636 693 3
539 654 1
609 669 3
611 669 3
501 673 1
627 686 0
654 655 3
591 648 0
592 650 3
607 665 3
614 672 1
588 647 0
589 647 0
590 648 1
593 650 3
613 672 2
587 646 3
588 646 0
599 657 1
608 667 3
609 667 3
624 682 3
566 682 3
646 647 3
589 648 0
591 650 0
598 657 1
606 665 3
608 666 3
623 738 3
601 659 3
602 661 3
662 663 3
605 663 3
607 666 3
609 668 3
668 669 3
672 673 0
501 675 1
622 738 3
686 745 1
594 652 1
595 652 1
658 659 3
602 659 3
603 661 3
606 664 3
666 667 3
611 670 3
612 670 3
617 673 1
580 638 3
581 639 3
582 640 3
583 641 3
584 642 3
585 643 3
586 644 3
587 645 3
591 649 0
593 652 1
598 656 1
605 664 3
613 670 3
613 671 3
623 682 3
626 684 3
627 685 2
636 694 1
637 695 1
638 639 3
639 640 3
640 641 3
641 642 3
642 643 3
643 644 3
644 645 3
645 646 3
647 648 1
648 649 3
649 650 0
593 651 1
656 657 0
657 658 2
665 666 3
670 671 3
617 675 1
501 738 3
566 684 3
684 685 1
685 686 3
693 694 1
694 695 3
650 651 1
651 652 1
664 665 3
667 668 3
671 672 3
673 675 3
745 805 1
655 656 0
659 661 3
623 681 3
595 653 1
681 738 3
681 682 3
652 653 3
539 653 1
659 660 3
660 661 3
663 664 3
669 670 3
635 751 1
661 662 3
566 741 3
684 741 3
693 751 1
682 741 3
653 654 0
659 717 3
658 717 3
663 721 3
670 728 3
501 672 1
646 704 0
647 704 0
661 719 3
662 719 3
662 721 3
669 727 3
669 728 3
655 713 0
656 713 1
664 721 3
668 727 3
648 706 0
649 706 0
654 713 0
684 743 1
685 743 0
647 706 0
653 712 0
654 712 0
657 715 3
658 715 2
664 722 3
667 725 3
668 725 3
672 730 2
638 696 0
639 697 0
640 698 0
641 699 0
642 700 0
643 701 0
644 702 0
645 703 0
649 707 0
650 708 0
651 709 0
652 709 0
656 714 3
657 714 1
658 716 2
716 717 3
660 717 3
721 722 3
665 723 1
666 724 1
668 726 3
727 728 3
501 730 1
685 744 0
686 744 0
694 752 0
695 753 0
696 697 3
697 698 3
698 699 3
699 700 3
700 701 3
701 702 3
702 703 3
703 704 3
707 708 3
708 709 1
660 719 3
722 723 3
723 724 1
724 725 0
725 726 3
671 729 2
681 740 3
682 740 3
744 745 3
751 752 3
752 753 3
706 707 3
713 714 0
717 719 3
662 778 3
726 727 3
670 729 3
745 746 3
748 805 1
635 808 1
714 715 0
721 778 3
672 729 2
738 740 3
741 743 1
746 805 1
635 748 1
751 808 1
719 778 3
729 730 3
652 710 0
653 710 0
712 713 1
728 729 3
715 716 3
740 741 3
748 808 1
704 706 3
709 710 0
743 744 3
710 712 3
740 797 1
738 797 1
743 801 1
741 801 1
717 776 3
719 776 3
738 853 1
727 785 3
728 785 3
501 853 1
744 801 1
744 803 1
745 803 1
746 803 1
501 849 1
738 796 1
741 799 1
710 769 3
719 777 3
796 853 1
740 799 1
799 801 3
704 763 3
706 763 3
712 769 3
704 762 3
722 781 2
723 781 2
703 762 3
714 772 0
715 773 1
716 773 1
717 775 1
777 778 3
721 779 3
722 779 3
726 785 3
729 788 3
730 788 3
801 802 3
744 802 1
748 807 1
807 808 0
696 754 3
697 755 3
698 756 3
699 757 3
700 758 3
701 759 3
702 760 3
703 761 3
707 765 0
708 766 3
709 767 0
710 767 3
710 768 3
713 771 0
713 772 0
778 779 3
724 782 3
725 783 1
726 784 2
785 786 3
728 786 3
501 788 1
740 798 1
746 804 1
804 805 3
751 809 1
752 810 1
753 811 1
754 755 3
755 756 3
756 757 3
757 758 3
758 759 3
759 760 3
703 760 3
761 762 3
765 766 1
766 767 3
768 769 3
712 771 3
772 773 0
776 777 3
782 783 1
783 784 0
729 786 3
797 798 3
798 799 3
802 803 3
808 809 3
809 810 3
810 811 3
706 764 0
707 764 0
767 768 3
779 781 3
723 782 2
784 785 0
729 787 3
796 797 3
803 804 3
762 763 3
771 772 0
716 774 1
775 776 3
786 787 3
760 761 3
764 765 3
773 774 1
774 775 3
781 782 3
787 788 3
805 806 1
748 806 1
763 764 0
805 863 1
806 807 3
799 858 1
801 858 1
804 863 1
806 863 0
769 771 3
788 789 3
501 789 1
771 828 3
789 849 1
501 908 1
769 828 3
849 908 3
779 838 1
781 838 1
853 909 3
807 865 0
808 866 3
809 866 3
774 833 3
501 909 1
852 853 3
806 865 0
767 826 3
768 826 3
769 826 3
775 833 3
777 836 3
778 836 3
852 909 3
807 866 0
776 833 2
776 834 2
779 836 3
908 909 3
763 821 3
773 831 1
786 844 2
801 860 1
865 866 3
764 821 1
771 829 3
772 829 1
774 831 3
785 844 2
788 846 3
802 860 1
806 864 0
754 812 3
755 813 3
756 814 3
757 815 3
758 816 3
759 817 3
760 818 3
761 819 3
762 820 3
762 821 3
764 822 1
766 824 3
767 825 3
769 827 3
772 830 1
772 831 1
779 837 3
781 839 1
782 840 0
783 841 3
784 842 0
785 843 2
787 846 3
788 847 3
848 849 3
796 854 1
797 855 1
798 856 1
799 857 1
803 861 1
804 862 1
863 864 3
864 865 3
809 867 3
810 868 3
811 869 3
812 813 3
813 814 3
814 815 3
815 816 3
816 817 3
817 818 3
818 819 3
819 820 3
820 821 3
821 822 3
824 825 3
825 826 3
827 828 3
829 830 0
830 831 3
774 832 0
833 834 3
777 893 3
836 837 3
837 838 1
839 840 0
840 841 1
841 842 3
842 843 3
843 844 2
789 847 3
789 848 1
853 854 3
854 855 3
855 856 3
856 857 3
857 858 3
860 861 3
861 862 3
862 863 3
866 867 3
867 868 3
868 869 3
765 822 1
765 823 1
831 832 0
838 839 0
823 824 3
826 827 3
832 833 1
777 834 2
786 846 3
822 823 3
846 847 3
801 917 1
836 893 3
858 917 3
834 893 3
847 848 3
860 917 3
844 846 2
828 829 3
844 903 1
846 903 3
846 905 3
847 905 3
857 916 3
858 916 3
833 891 3
820 878 0
821 878 0
834 891 3
836 894 3
837 894 3
846 904 3
916 917 3
834 892 3
843 902 1
844 902 1
903 904 3
860 919 3
861 919 3
812 870 0
813 871 0
814 872 0
815 873 3
816 874 0
817 875 0
818 876 0
819 877 0
821 879 3
822 880 0
823 880 0
825 883 0
828 886 3
829 887 0
830 888 3
831 889 3
832 890 1
832 891 1
891 892 3
837 895 3
838 896 3
839 897 1
840 898 1
841 899 1
842 900 1
843 901 1
848 905 3
849 907 3
907 908 3
852 910 3
853 911 3
854 912 3
855 913 3
856 914 3
857 915 3
862 920 3
863 921 3
864 922 3
865 923 3
866 924 3
867 925 3
868 926 3
869 927 3
870 871 3
871 872 0
872 873 1
873 874 0
874 875 1
875 876 0
876 877 0
877 878 1
878 879 1
879 880 0
823 881 3
824 883 0
826 883 0
827 886 3
886 887 0
887 888 3
888 889 3
889 890 0
890 891 1
893 894 3
894 895 3
895 896 3
896 897 3
897 898 3
898 899 3
899 900 3
900 901 1
901 902 0
909 910 3
910 911 3
911 912 3
912 913 3
913 914 3
914 915 3
919 920 3
920 921 3
921 922 3
922 923 3
923 924 3
924 925 3
925 926 3
926 927 3
880 881 1
824 881 3
892 893 3
915 916 3
902 903 0
905 906 3
848 906 3
826 884 0
827 884 0
904 905 3
849 906 3
883 884 3
881 883 0
827 885 0
906 907 3
884 885 1
885 886 1
917 919 3
917 1035 3
881 939 1
883 939 1
919 1035 3
880 939 1
883 940 1
906 964 3
879 937 0
879 938 0
880 938 1
939 940 0
904 963 3
916 975 3
917 975 3
878 937 1
905 963 3
937 938 3
884 888 1
884 889 1
884 890 1
891 950 1
892 950 1
892 951 1
893 951 1
902 961 0
903 961 3
904 961 3
907 964 3
975 1035 3
920 978 3
921 978 3
875 933 1
883 941 1
884 886 1
884 887 1
884 947 1
900 958 1
907 966 3
908 966 3
908 967 3
909 967 3
919 978 3
870 928 1
871 929 1
872 930 1
873 931 0
874 932 1
876 933 1
877 935 1
878 936 1
938 939 1
940 941 3
884 945 1
884 946 1
890 947 1
890 948 1
891 949 1
894 952 1
895 953 1
896 954 1
897 955 1
898 956 1
899 957 1
901 959 2
902 960 0
904 962 2
905 964 3
907 965 3
910 967 3
910 968 3
911 969 3
912 970 3
913 971 3
914 972 3
915 973 3
916 974 3
921 979 3
922 980 1
923 981 1
924 982 1
925 983 1
926 984 1
927 985 1
928 929 3
929 930 3
930 931 3
931 932 3
932 933 3
876 935 1
935 936 3
936 937 3
945 946 3
946 947 3
947 948 3
948 949 3
949 950 3
950 951 3
951 952 3
952 953 3
953 954 3
954 955 3
955 956 3
956 957 3
957 958 3
958 959 0
902 959 2
961 962 3
962 963 1
964 965 3
967 968 3
968 969 3
969 970 3
970 971 3
971 972 3
972 973 3
973 974 3
974 975 3
978 979 3
979 980 3
980 981 3
981 982 3
982 983 3
983 984 3
984 985 3
884 943 1
884 944 1
959 960 0
960 961 1
963 964 3
965 966 3
966 967 3
919 977 3
943 944 3
944 945 3
977 1035 3
977 978 3
883 1000 1
883 943 1
941 1000 1
943 1000 1
876 992 0
935 992 0
933 992 0
1034 1035 3
975 1034 3
977 1034 3
964 1022 3
965 1022 3
967 1025 3
966 1024 3
966 1025 3
963 1021 3
965 1024 3
951 1009 1
962 1021 1
978 1036 3
928 986 0
929 987 1
930 988 1
931 989 2
932 990 2
933 991 1
935 993 1
936 994 1
937 995 1
938 996 0
939 997 2
940 998 1
941 999 1
943 1001 1
944 1002 1
945 1003 1
946 1004 1
947 1005 1
948 1006 1
949 1007 1
950 1008 1
950 1009 1
952 1009 1
952 1010 3
953 1011 3
954 1012 3
955 1013 3
956 1014 3
957 1015 3
958 1016 3
959 1017 1
960 1018 1
961 1019 1
962 1020 1
968 1026 3
969 1027 3
970 1028 3
971 1029 3
972 1030 3
973 1031 3
974 1032 3
975 1033 3
977 1036 3
979 1037 3
980 1038 3
981 1039 3
982 1040 3
983 1041 3
984 1042 3
985 1043 3
986 987 1
987 988 3
988 989 0
989 990 3
990 991 1
991 992 0
992 993 1
993 994 3
994 995 3
995 996 0
996 997 1
997 998 0
998 999 3
999 1000 0
1000 1001 1
1001 1002 3
1002 1003 0
1003 1004 1
1004 1005 3
1005 1006 3
1006 1007 3
1007 1008 0
1008 1009 1
1009 1010 0
1010 1011 3
1011 1012 3
1012 1013 3
1013 1014 3
1014 1015 3
1015 1016 3
1016 1017 3
1017 1018 3
1018 1019 3
1019 1020 3
1020 1021 3
963 1022 3
1025 1026 3
1026 1027 3
1027 1028 3
1028 1029 3
1029 1030 3
1030 1031 3
1031 1032 3
1032 1033 3
1033 1034 3
1036 1037 3
1037 1038 3
1038 1039 3
1039 1040 3
1040 1041 3
1041 1042 3
1042 1043 3
1021 1022 3
1022 1024 3
1024 1025 3
