-0.0678434 -0.0487341 28.8221
-0.0624482 -0.0543416 28.6719
-0.0578726 -0.0640609 28.6763
-0.0645821 -0.0102525 28.7686
-0.0560009 0.126632 25.446
-0.0186286 0.12619 21.4204
0.0585907 0.0578528 12.6359
-0.125733 -0.159733 35.0217
0.280406 -0.511137 -3.85787
0.13911 -0.0107588 4.33945
0.126344 -0.00651111 6.91721
-0.123329 -0.0347732 53.6873
-0.283553 0.170317 98.2917
-0.238313 0.193891 85.2337
-0.120326 0.120565 49.4261
-0.071022 0.114649 33.1566
-0.0161512 0.0750905 15.5835
-0.00238279 0.0940188 10.8059
0.0491118 0.236733 -11.911
0.0293648 0.322292 -4.20455
0.00269771 0.335969 6.9414
0.0170644 0.359568 0.279186
0.0355745 -0.0891434 17.3142
0.00506807 -0.427771 2.75056
0.022766 0.0142783 -5.28277
0.0223004 0.00430903 -4.81124
0.0186758 0.000350248 -2.67564
0.00341347 0.0533473 3.67014
-0.00739665 0.0543969 10.2552
0.00356107 0.00917322 6.06955
0.0132923 0.00473774 0.550646
-0.0385041 0.00221783 34.6034
-0.0572712 -0.02808 46.293
-0.0221079 0.0706437 19.4741
-0.00317748 0.0903024 4.93439
0.00875169 0.0710664 -3.61172
-0.0394936 0.0444195 34.9784
-0.0540281 0.0295081 46.5881
-0.0385119 0.0045311 34.5053
-0.0242467 0.0541016 37.0578
-0.330764 0.0968819 301.767
-0.00232019 0.0256754 3.01394
-0.0027969 0.0326882 2.72076
0.000445402 0.0322058 0.411361
0.00403459 0.0324581 -2.99827
-0.00122563 0.0425915 0.995285
0.00516993 0.0333479 -4.10111
0.00488991 0.032602 -3.76424
-0.201466 0.17796 235.301
0.21509 -0.0525951 -204.931
1.14913 0.0292073 -1218.2
0 -1.08689 34.7841
0.110745 -0.227323 -97.977
0.039444 0.221948 -17.7033
-0.0307645 -1.05024 70.7884
0 -1.03633 34.3324
-0.0384975 0.633211 111.818
0.0674522 -1.08798 -48.7579
-0.0748767 -0.0518084 29.0288
-0.0799415 -0.0779005 30.0774
-0.0519409 -0.104632 28.8178
-0.025432 -0.0756946 26.7983
-0.0183792 -0.0832588 26.4594
0.00182757 0.0483962 20.0814
0.0726318 0.105934 9.7786
0.121475 0.098338 1.84413
0.176787 0.056362 -6.66233
0.167683 -0.00236798 -1.9662
0.138991 -0.0106901 4.16551
0.379229 -0.0313943 -81.1833
0.395219 -0.0766366 -83.018
-0.221022 -0.118972 89.568
-0.176254 0.10424 67.8899
-0.090632 0.0812061 40.564
0.0017762 0.0564322 9.37052
-0.000309105 0.0617278 10.9217
-0.0200044 0.0367273 19.7082
0.753654 0.0291762 -297.919
0.088075 -0.194955 -3.12608
0.0423437 -0.0446654 -3.07233
0.0403928 -0.0819529 14.7615
0.0361885 -0.0980831 17.2209
0.10301 -0.010211 -42.3715
0.0643302 0.0137394 -21.8881
0.0433021 0.108616 -14.8266
0.0193857 -0.000655092 -3.01172
0.0145008 0.00354191 -0.248569
-0.00957468 0.217966 1.79162
0.323589 0.30693 -210.827
-0.0418337 0.0861249 168.192
0.0167231 0.109092 -12.1007
-0.0344607 0.0664307 28.0596
0.0113658 0.0723424 -5.63321
-0.00449101 0.0469556 7.7619
-0.0529099 0.0341529 46.2893
-0.0404623 0.0566466 35.6727
-0.0314994 0.0178904 28.6977
0.625977 0.0235892 -522.244
-0.311083 0.122579 284.168
0.0603351 0.537354 -51.2201
0 0.044169 14.7684
0 0.044169 14.7684
0.00550441 0.072612 8.77913
0 -0.0201823 1.68197
0.00429789 0.0290033 -3.00628
-0.00570969 0.0711028 19.9558
0.0806117 0.0109028 -36.1115
0 0.044169 14.7684
0 0.044169 14.7684
0.0012875 0.0235805 0.650626
0.0503197 0.287967 -64.0614
-1.424e-14 0.044169 14.7684
-3.05562e-15 0.044169 14.7684
-6.33042e-15 0.044169 14.7684
-0.0728801 0.629711 153.958
0.000979458 0.0218914 1.06241
0.0649824 0.0581197 4.14197
0.0391359 0.0798985 3.9442
0.0303844 0.00658243 9.42039
0.0269093 0.0161374 7.9899
0.157929 -0.381313 20.1241
0.0291975 0.07682 16.974
0.029468 0.0752788 18.2637
0.0502436 0.0847232 14.5054
0.147757 -0.0874218 5.94137
0.163315 0.00886829 -1.25469
0.119984 0.0142824 7.33448
0.377586 -0.0321558 -80.6961
0.378576 -0.0298183 -81.0857
0 0 -1
-0.119176 0.0484735 52.1286
-0.114742 0.0255728 51.7817
-0.0356596 0.0343915 23.2423
0.0176372 0.0134371 5.97689
-0.00205007 -0.0101427 15.346
-0.000982312 -0.0100164 14.133
0.0173703 -0.0630791 9.14986
0.0445117 -0.0694868 -2.72428
0.0390417 -0.0921655 1.0581
0.0560846 -0.125897 -11.87
0.0607924 -0.0963355 -15.9028
0.0225002 -0.0680962 4.39538
0.0286321 0.0489562 -4.25912
0.0441552 -0.0074416 -9.6312
0 -0.022893 9.03258
0.0282612 -0.00460851 -8.39934
0.181554 -0.0395791 -99.9956
0.0434466 0.235981 -32.6252
-0.0716969 0.0522204 55.5512
-0.00277963 0.343352 -7.51556
-0.000475637 0.0524955 4.2471
-0.771489 0.102451 600.857
-0.0769857 -0.00277956 66.4372
-0.0581778 -0.000926644 50.8905
-0.0399895 -0.0049867 36.6332
0.00140775 0.0313486 -0.155861
0.00188704 0.0292104 -1.28661
0.0145227 0.0240727 -13.0859
0.000982156 0.0367735 -1.88466
0.00278874 0.0392035 -3.72177
0.0043199 0.0326727 -3.27451
0.00473144 0.0279552 -4.06702
0.00395138 0.0301597 -2.66798
0 0.0357397 -0.931987
0.108402 0.00209673 -65.0157
0.132329 0.044492 -94.1303
-0.0727307 -0.00558036 177.948
0.153833 0.0577989 -124.057
0.0958883 0.326132 -117.465
0.097057 0.357664 -120.468
0.0139746 0.329414 -24.1837
0.00381884 0.338907 -12.6848
0.000409373 0.345824 -8.96614
5.48271e-05 0.346673 -8.58225
-0.00538328 0.386856 -16.4801
-0.0540517 0.184407 0.483104
-0.0389732 0.105362 5.47527
-0.0179545 0.0707546 7.10972
-0.0185997 0.0368471 9.66511
0.00329012 0.043935 22.561
0.00315282 0.0185958 24.6176
0.165855 -0.181543 7.61345
0.019875 -0.0439743 26.3096
0.0955116 0.0309102 11.8436
0.0314384 -0.000291595 27.735
0.358173 -0.0425234 -75.3156
-0.403003 -0.339412 155.957
-0.0949478 0.0191993 46.0897
-0.105535 0.025079 49.2552
-0.15196 -0.0131246 66.8789
-0.0744483 0.00515147 38.0543
-0.0145563 -0.0432783 20.667
0.0120515 -0.0766603 13.4977
-0.0106018 -0.0631074 21.6751
-0.00631664 -0.0835606 21.2006
0.00881225 -0.0922424 15.0204
-0.00571039 -0.0703637 13.6186
0.0629344 -0.109096 -16.8683
0.130216 -0.108276 -52.5705
0.0304113 -0.107111 1.62587
-0.0352984 -0.0940151 37.1357
-0.0331484 -0.0650558 32.7689
0 -0.136035 15.2051
0.00276578 -0.0340002 6.50177
-0.0238385 0.12318 19.7134
0.0015018 0.0239664 7.61386
-0.150823 -0.459702 151.678
-0.0802823 0.220823 51.7642
-0.033534 -0.0125579 33.4115
-0.0294234 -0.0527481 33.443
-0.0497156 -0.00712944 45.8067
-0.0186144 -0.0234172 19.5471
-0.0387019 -0.007139 34.8022
-0.026409 -0.0108187 25.2702
-0.0018467 0.00840099 2.75036
0.419401 -0.176865 -354.99
-0.0193839 0.0278052 19.2222
0 0.410892 -26.315
0.0207156 0.424934 -47.1672
0.00134015 0.0252489 0.353908
0.0254006 0.820636 -78.5402
0.0223961 0.406 -49.0829
0.135814 -0.333967 9.71503
0.0120276 0.416574 -39.5149
0.00219204 -0.00496489 1.09034
0.0374543 0.0842887 76.6858
0.101099 0.329465 -123.642
1.10284e-06 0.0664062 119.799
0.0808215 0.146902 -61.0542
0.0029952 0.0256206 39.2265
0.00283564 0.0232316 39.5976
0.00283564 0.0232316 39.5976
-0.0443608 0.108603 7.77927
-0.0685612 0.11035 8.26332
-0.0843118 0.138025 5.61242
-0.0405054 0.0742507 7.87018
-0.0344952 0.0321642 11.41
-0.0269807 0.015719 28.4316
-0.0366345 0.00988384 30.0709
-0.00491927 -0.00300403 26.4641
0.0333752 -0.039334 23.7916
-0.00132067 0.00768034 34.1854
-0.0244035 -0.000243626 39.8116
0.190865 0.375282 -71.1376
-0.0731954 -0.0950335 50.4212
-0.0872961 -0.0634126 51.5512
-0.115888 -0.0535185 58.8615
-0.131532 -0.00617589 59.2846
-0.0729586 -0.00769481 38.6845
-0.0263955 -0.00995431 22.2565
-0.0306116 -0.0554017 28.5847
-0.0275541 -0.0768384 29.8427
0.00023998 -0.090372 19.0458
-0.0275104 -0.0486411 23.0846
-0.03724 -0.0518615 27.2863
0.0317431 -0.07519 -4.90875
0.0869707 -0.0769626 -32.8372
0.0298729 -0.0972725 1.49254
-0.0353694 -0.0854911 36.3212
0.00480906 -0.0566957 8.70077
0.00995996 -0.0215905 3.59553
0.0351497 -0.0779805 -8.9396
0.0697523 -0.0424942 -33.3914
0.0231758 -0.0156552 -4.09977
-0.0519381 -0.0870429 52.356
-0.0307133 -0.0976881 38.4075
-0.013434 -0.0889365 25.5109
-0.0254565 -0.0617898 31.4851
-0.0497875 -0.0512857 49.1174
-0.0414329 -0.016342 37.4984
-0.0175905 -0.00801881 17.0711
-0.00140003 0.000238755 3.10624
0.368746 -0.0124514 -316.25
0.00802943 -0.00589401 -4.06572
0.0140417 0.0400671 -13.8804
0.0125275 0.00197269 -9.01932
0.00218566 0.00614373 0.395747
-0.00313094 0.00371496 5.75436
-0.000528698 0.000310765 3.53913
-0.00282818 -0.00219298 6.08179
-0.00196659 -0.00328058 5.33053
0.112486 0.0731824 6.05792
0.000708777 0.0218914 1.3804
-0.0870857 -0.275043 227.744
-0.00286572 -0.243103 131.622
-0.00313527 -0.231817 130.877
-0.00432095 -0.223343 131.463
-0.00529201 -0.218039 132.113
-0.00566954 -0.215495 132.326
-0.00566954 -0.215495 132.326
0.0250584 0.511895 -46.66
-0.03504 0.0837094 10.616
-0.0721718 0.0675619 12.9407
-0.0190079 0.0829239 6.49422
-0.0150736 0.00336965 28.8143
-0.0252965 0.022699 27.6587
-0.0314618 0.010412 30.0005
-0.0163884 0.00571437 28.1809
-0.0591095 -0.0105688 36.9807
-0.04575 0.00305225 44.021
-0.0982118 -0.0734423 52.8645
-0.033612 -0.0283348 30.8533
-0.0609959 -0.101106 47.6378
-0.0937378 -0.105404 57.3981
-0.0641679 -0.0759601 43.9569
-0.0911449 -0.0361618 47.7015
-0.0543663 -0.0234431 33.666
-0.0277206 -0.0328575 25.2828
0.0379735 -0.0310694 -5.94669
-0.025429 -0.14671 34.7309
-0.0466727 -0.00754651 26.6731
-0.031168 -0.00128339 19.1827
-0.0468477 -0.012106 27.3341
0.0177907 -0.0567873 0.274526
0.0395516 -0.0593722 -9.92442
0.0413226 -0.0987104 -6.28287
-0.00399093 -0.117602 21.4367
0.0029708 -0.0825227 12.1637
0.301968 -0.032155 -181.38
-0.00565682 -0.0544536 13.7095
0.054767 -0.0747599 -20.978
-0.145883 0.085958 100.995
-0.0489407 -0.0939662 49.9736
-0.0195488 -0.0902216 28.5294
-0.00404671 -0.0517286 13.3147
0.000908809 -0.0521091 9.93408
-0.032663 -0.0679264 38.1064
-0.0356827 -0.0250913 33.8906
-0.0154373 -0.0119102 15.8059
-0.0162604 -0.00994002 16.3504
0.0106514 -0.0148397 -6.79518
0.00862261 0.0274788 -6.8946
0.044242 0.0143942 -38.5152
0.0034236 0.0430726 -2.96491
-0.0187598 0.0305401 18.3557
-0.0270504 -0.0172862 34.0574
0.0968725 -0.0237352 -78.2108
0.0120994 0.0587908 -3.35772
0.00733802 0.0763386 -0.576323
0.00188223 0.0967701 2.6589
-0.000578733 0.113605 3.20946
-0.000706573 0.118435 2.75605
-0.000610343 0.120533 2.39503
-0.000610343 0.120533 2.39503
-0.0620596 0.0464082 115.281
0.00542686 -0.150774 59.3986
0.0065463 -0.155082 58.5842
0.00575561 -0.155954 59.6593
-0.0376093 0.00854449 19.0554
-0.0469479 0.0172063 18.0587
-0.0541346 0.0151379 18.614
-0.0560379 0.0473956 13.8539
0.0113889 -0.0332059 30.5535
-0.0194356 -0.00798325 31.1494
-0.0320665 -0.0189737 34.1747
-0.0343823 -0.0153535 33.9402
-0.041945 -0.0195344 35.71
-0.0660595 -0.00248946 49.1934
-0.0705926 -0.0989072 49.5393
-0.062436 -0.077039 44.6668
-0.0800043 -0.127625 55.7297
-0.0715357 -0.0805627 46.2795
-0.04419 -0.0590563 35.298
-0.0624202 -0.0268662 37.1907
-0.024361 0.046552 7.53512
-0.00912028 0.049555 1.28753
0.0255482 0.00647734 -5.8032
-0.00796852 0.0204621 6.34875
-0.024578 0.0232866 12.9468
-0.0251669 0.0198034 14.0918
-0.0737641 0.0144403 37.1251
-0.0080095 -0.0179697 8.94044
0.0317031 -0.051573 -6.4227
0.00796687 -0.0667892 7.77112
-0.00262105 -0.0515192 11.7808
0.00477631 -0.0250546 3.01175
-0.000379714 -0.0320762 7.12433
0.0142895 0.05917 -14.983
-0.0145901 -0.0830574 25.3593
0.290877 -0.0126291 -186.563
-0.0116115 -0.0644645 19.7681
0.0285035 -0.0286189 -13.3848
0.00705263 -0.0441624 4.02377
-0.198282 -0.0326076 162.409
-0.0242488 -0.0497073 29.0921
0.00404639 -0.0112278 -0.172065
0.000213349 -0.00857211 2.36052
0.00669889 0.0129231 -4.66228
0.0350933 0.00810334 -30.203
0.410534 -0.00200154 -362.605
0.0186571 0.0297741 -16.4572
0.00136055 0.0343078 -0.297871
-0.045153 -0.0184675 50.0062
0.0117206 -0.249816 28.515
-0.00341643 -0.0229775 10.0942
0.00178966 -0.0355105 6.75166
-0.0029258 -0.0369272 11.7374
-0.00343263 -0.0373147 12.2319
0.18644 -0.188169 -136.814
0.166923 -0.196264 -113.987
-0.0646297 -0.207963 147.391
-0.0640205 -0.198927 145.453
0.456363 -0.294587 -445.738
0.00462695 -0.152512 60.5702
0.00556026 -0.15434 59.689
0.00533845 -0.155432 60.1099
-0.0358963 0.00841167 19.0603
-0.0525581 -0.0120946 22.2757
-0.032833 0.0168868 17.0349
-0.0676805 0.021401 18.5584
0.155003 -0.00572948 8.4771
0.0613435 -0.0713326 30.2221
-0.0237671 -0.0420356 36.4752
-0.0381279 -0.048729 39.2551
-0.0439448 -0.0355348 38.0136
-0.0802178 -0.00664515 52.7178
-0.065431 -0.00604199 49.514
-0.0400126 -0.0618147 35.8272
-0.0555056 -0.0496939 37.4785
-0.0607936 -0.0169503 33.7933
-0.0648346 0.0396861 21.5145
-0.104625 -0.00245193 46.663
-0.120857 0.0605107 41.2348
-0.051641 0.123017 5.60591
-0.00644265 0.0508042 0.505755
-0.00714331 0.0294294 4.48633
-0.0181622 0.0519459 5.58553
-0.0192005 0.012151 12.2149
-0.0659107 0.0234371 31.8486
-0.0307935 0.0168696 15.0769
-0.013469 -0.00553005 10.1632
-0.0181073 -0.0113764 13.5785
0.00117457 -0.018459 4.0529
-0.000141015 0.0399146 -5.12193
0.12207 -0.366211 -19.0957
-0.00965698 -0.0256196 13.0715
0.179546 -0.348676 -61.9016
0.234991 0.00310613 -150.976
0.000433439 -0.0411779 7.90655
0.00642482 -0.0490331 4.8863
-0.0270635 -0.304355 69.1885
-0.000666923 -0.0387339 8.74665
-0.0082804 -0.0512417 16.729
0.0266399 0.0152012 -23.5013
-0.00803511 -0.0142142 10.0723
0.0314014 0.0142569 -26.6254
0.027149 0.00901806 -23.2321
-0.0146627 0.0149878 14.0208
-0.0108686 0.403286 -49.6911
0.0226124 0.0522777 -23.431
-0.0203959 0.0204036 20.9203
-0.0113021 -0.0130501 16.1663
-0.00370636 -0.0332134 11.8472
-0.00303286 -0.0282881 10.2718
-0.00777507 0.0113359 8.85753
0.000601111 0.0219588 1.50619
-0.0046042 -0.00780238 8.59391
-0.0596891 0.121818 87.6313
-0.000230524 0.0221182 2.4041
-0.00443674 -0.0341552 12.8203
-0.00362432 -0.0419884 13.1745
0.000568089 0.0218709 1.55136
0.000773381 0.022229 1.25123
0.905157 -0.0549611 -1060.12
-0.0418427 0.109896 6.81644
-0.0401139 0.108579 7.00421
0.025891 0.216155 -19.5553
0.0165934 0.117613 -0.0813493
0.0558245 0.022 13.5494
0.0237157 -0.00231635 22.6136
-0.026182 -0.0255515 33.027
-0.019911 -0.0258448 31.6562
-0.022124 -0.0310354 33.3301
-0.106818 -0.00554823 58.2252
-0.0835413 0.00679474 35.0424
-0.0464972 -0.0359505 33.5321
-0.039374 0.0126906 23.2162
-0.0405704 0.017612 22.5601
-0.0521225 0.0504834 20.1912
-0.0904565 0.0556482 31.8515
-0.0618022 0.128656 8.9515
-0.0708707 0.131839 11.8672
-0.03767 0.0871521 6.90762
-0.0280672 0.0452353 10.5382
-0.0276522 0.0649942 7.19661
-0.0386894 0.0586967 12.9345
-0.0585937 0.0787132 18.3998
-0.0254997 0.0525854 6.58691
-0.0274899 0.12114 -3.89274
-0.00438689 0.0330172 -1.62966
0.0180245 0.204355 -43.3345
-0.0590717 0.116765 17.1433
0.0362507 -0.00172482 -9.18761
-0.0559499 0.191743 2.4638
-0.0273194 0.229237 -22.2624
0.0280473 -0.0670785 4.7881
-0.00105022 -0.0121651 4.27241
0.0038241 -0.037691 5.11185
0.0297106 0.244991 -68.3966
0.0112068 -0.0268082 -2.86605
0.0151356 0.00947719 -12.9761
0.0406794 0.03044 -38.1437
0.0150552 0.00991861 -13.0046
0.0338096 0.0192753 -30.4197
0.219457 0.249556 -238.601
0.0448074 0.0320381 -41.7231
0.0394757 0.0217792 -34.718
0.0306373 0.036392 -29.1051
-0.00118298 0.0289871 2.80682
-0.00587251 0.0834291 -4.96113
0.00590292 -0.0277643 3.95809
-0.000607556 -0.0165257 8.41729
-0.0188396 0.0432823 15.1985
-0.0118649 0.0392121 8.24852
-0.0103999 0.0691818 1.0375
0 -0.101119 26.708
0 -0.0819364 23.0796
0.0268906 -0.115005 -1.74488
0.897898 -0.00271692 -1003.27
0 0.0274855 31.3139
0.0988091 0.00178282 -85.3581
0.721072 -0.066565 -828.86
-0.0437817 0.10935 6.95841
-0.0490758 0.111397 6.68064
-0.052551 0.155679 -2.32328
-0.00779654 0.160257 -6.31207
0.00696 0.062403 11.9
-0.017827 -0.00511864 28.0588
-0.0271137 -0.0192143 31.8579
-0.0057672 0.566699 27.6471
-0.0177235 -0.0233198 31.1401
0 0 -1
-0.0475298 0.40677 71.023
-0.0215115 -0.0233708 25.6114
-0.0188341 -0.0193985 24.4017
-3.41752e-13 0.046317 136.515
-3.41752e-13 0.046317 136.515
0.286579 0.113867 -124.144
-0.593781 0.312029 244.89
0.286607 0.114285 -124.237
-0.0401909 0.109848 3.33464
-0.0306838 0.0944017 2.38318
-0.00314645 0.166304 -23.3234
-0.0404135 0.155322 -4.65124
-0.00877838 0.248695 -38.6858
0.0510935 0.27078 -72.6021
-0.0317603 -0.013297 35.6958
-0.0827649 0.0323988 54.1084
0.0881255 0.179857 -78.6103
0.0788678 0.156822 -68.3888
0.0199344 0.0387397 -7.40605
-0.00390213 0.30812 -53.2895
-0.00610786 0.30538 -51.8509
-0.00958599 0.321836 -52.312
-0.0330068 0.37786 -49.5712
-0.0515347 0.315405 -23.5885
-0.0339157 0.242131 -21.1771
-0.0395936 0.199704 -8.10751
-0.0137599 0.0678354 -1.16111
0.0296318 0.0312842 -28.0059
0.0308353 0.0944671 -43.8561
0.0346781 0.0248768 -32.1613
-1.78125 0.402344 1490.13
0.231668 -0.030501 -194.892
0.0416819 0.0192648 -36.2492
0.027417 0.0332108 -25.8395
0.0467288 0.0446155 -47.3148
0.0059931 0.0357476 -5.36184
-0.00947265 0.0213784 12.2429
-0.0165452 0.0364884 16.8496
-0.0134012 0.121207 -6.00026
-0.0140776 0.12883 -6.84202
-0.0132183 0.14127 -10.3051
-0.00949284 0.146314 -15.4459
-0.00911378 0.150089 -16.6272
-0.0135305 0.110483 -3.54044
1.14575 -0.010654 -1292.12
0 0.0131549 45.2403
0 0.0131549 45.2403
0.608065 -0.028219 -696.806
0.00224761 0.0187851 95.2823
0.00226878 0.0187379 95.2925
0.00231445 0.0186553 95.3094
0.00235589 0.0185372 95.3339
0.00235128 0.0183874 95.3692
0.00223244 0.0182453 95.4157
0.00190139 0.0184539 95.4138
0.000850465 0.0202506 95.1809
-0.0475375 0.402372 71.9994
-0.0478326 0.405534 71.3541
0.000375352 0.0828426 80.6753
-0.54115 -0.319213 399.223
0.103777 0.0164138 88.7936
0.102396 0.0167261 89.1339
0.102396 0.0167261 89.1339
-0.0317662 -0.0583227 155.856
0.219808 -0.120785 95.5232
0.199127 -0.131373 105.918
-0.000217688 0.12736 -16.5167
0.0456921 0.247664 -62.3158
0.00126288 0.254832 -43.5556
-0.0175234 0.263581 -37.7095
0.00126554 0.298601 -53.8482
0.0223082 0.258007 -55.2219
0.0718407 0.153652 -56.263
-0.083885 0.102904 38.4407
-0.0157375 0.214863 -25.9507
0.0225207 0.203885 -45.5334
-0.00152121 0.235075 -37.7711
0.00439104 0.31041 -59.0392
0.0106146 0.328158 -67.1459
0.00174911 0.357417 -67.754
-0.046202 0.392245 -43.1282
-0.0651754 0.41591 -35.171
-0.0580614 0.271779 -9.15016
-0.0579585 0.17096 12.01
-0.0558074 0.169401 10.5102
0.0161778 0.163099 -46.6822
0.0133698 0.0722845 -24.1379
0.0284729 0.172494 -58.9008
0.0520097 0.174433 -79.3202
0.0192662 0.00999116 -15.7875
0.0489736 0.0336077 -45.6905
0.0400787 0.0361096 -38.1948
0.0244618 0.0478627 -26.2612
-0.00123642 0.126897 -19.0977
-0.0016896 0.0561126 -1.81503
-0.030416 0.0330118 31.8696
-0.0139757 0.0101517 18.6567
0.0353733 -0.0383122 4.03229
-0.00669917 0.140392 -17.2718
0.00256326 0.0236029 -0.752725
-0.00320252 0.148512 -22.9562
-0.00594225 0.141899 -18.478
-0.00594225 0.141899 -18.478
0.000976134 0.022435 0.977799
0.00135516 0.0228098 0.437715
0.00135516 0.0228098 0.437715
0.00222177 0.0187769 95.2845
0.00222213 0.0187342 95.2949
0.00223554 0.0186561 95.3135
0.0022447 0.0185412 95.3415
0.0022023 0.0183893 95.3833
0.00205343 0.0182131 95.4438
0.00181263 0.0181068 95.5015
0.00191804 0.0186853 95.3353
0.0019538 0.0186909 95.3418
0.0019538 0.0186909 95.3418
0.0935261 0.213896 80.7395
0.0939756 0.2096 81.6905
0.103625 0.0167082 88.7949
0.0570589 -0.0119879 151.964
-0.114713 -0.0210409 250.453
-0.119437 -0.0116529 249.722
0.0810992 0.00286196 135.428
0.0713908 -0.00331992 140.507
0.221503 -0.414527 148.614
0.130973 0.0614562 -49.6893
0.0174533 0.283521 -56.931
-0.00048611 0.299412 -52.3924
-0.00484547 0.288739 -48.4577
-0.00247699 0.267542 -44.1115
-0.00801754 0.225301 -30.7471
-0.0484785 0.220734 -8.32297
-0.0527337 0.229852 -8.20975
0.0104013 0.201634 -38.3894
0.0214354 0.249467 -55.3577
0.0324136 0.232015 -58.5953
0.0524633 0.254164 -76.6629
0.0369208 0.290853 -75.417
-0.0136017 0.377477 -61.7432
0.0095007 0.457951 -98.5175
0.0711964 0.505944 -155.56
-0.0327021 0.210722 -9.48954
-0.0481045 0.235711 -4.07926
-0.0344929 0.261805 -21.142
-0.0357232 0.246448 -16.3631
0.0358352 0.186679 -67.9525
0.0392122 0.137891 -59.8555
0.0630293 0.201225 -95.1175
0.00653742 0.0863084 -18.3028
0.0414342 0.0356558 -39.4102
0.0331438 0.0476314 -34.5647
-0.017572 1.07681 -228.274
0.0338109 0.0542882 -36.8358
-0.055204 1.22651 -226.249
-0.0574074 1.22886 -224.572
0.198271 0.138427 -211.393
0.00486314 0.32657 -61.034
0.00486314 0.32657 -61.034
0 -0.363741 119.988
0.0778944 0.0486034 -79.2284
1.24008 -0.0061503 -1418.1
0.00229698 0.0232638 -0.743847
-1.43963e-12 -0.00166152 32.6259
-1.43963e-12 -0.00166152 32.6259
0.00187875 0.129143 21.0506
0.00184902 0.129207 21.0344
0.00176187 0.129231 21.0322
0.00162787 0.129098 21.0774
0.00148796 0.128662 21.2078
0.00136407 0.127837 21.4452
0.00122325 0.126635 21.7908
0.000941556 0.125372 22.1779
0.00243943 0.12332 22.4645
0.000855013 0.127866 21.453
0.00447448 0.121696 22.484
0.00921417 0.117387 22.5547
0.0125051 0.112312 23.0892
0.00244186 -0.361034 221.319
0.0291356 0.0858594 26.0906
0.0722059 0.0742915 14.3902
0.0391745 0.0607555 29.9901
0.0422312 -0.0663686 151.879
0.20656 -0.414819 154.75
0.116085 0.0222283 -32.5345
0.0704384 0.00899381 -9.06209
0.033528 0.25746 -58.0817
-0.014943 0.282664 -41.5736
-0.0138369 0.225899 -26.9807
-0.0382826 0.201607 -8.56168
-0.0254504 0.198715 -14.3317
0.0623802 0.225797 -71.6771
0.0788111 0.221168 -79.1335
0.0501981 -0.12021 34.8122
0.0974046 0.254762 -106.168
0.058701 0.241881 -77.492
0.0704207 0.239017 -85.1767
0.0507725 0.270905 -79.9768
0.052734 0.263222 -79.0573
0.0186003 0.242922 -48.8035
0.0469478 0.39902 -111.196
-0.02872 0.248297 -22.3119
-0.0449318 0.246711 -8.86174
-0.129636 0.182939 76.2919
-0.12608 0.170876 76.1867
-0.0730791 0.157931 33.5432
-0.0244838 0.104229 5.0749
0.0466466 0.0331634 -43.5774
0.0177378 0.183527 -50.4229
0.040734 0.0426785 -40.5947
0.0375156 0.0507275 -39.6468
0.00339536 0.17385 -28.3402
-0.00569467 0.164591 -16.5797
-0.00569467 0.164591 -16.5797
-0.00569467 0.164591 -16.5797
-0.00569467 0.164591 -16.5797
0.0214866 0.117297 -33.5519
0.0419556 0.0859969 -48.0499
0.0568173 0.0529788 -56.0667
0.986021 -0.0478544 -1109.87
0.00329549 0.178172 -30.1196
0.00329549 0.178172 -30.1196
0.00329549 0.178172 -30.1196
0.00192834 0.129164 21.0444
0.00189112 0.129223 21.0286
0.00171876 0.129247 21.0303
0.00137852 0.129122 21.0898
0.000919691 0.128677 21.2589
0.00048208 0.12786 21.5429
0.000406964 0.126424 21.9668
2.00965e-05 0.125411 22.3156
0.000603561 0.123628 22.7262
0.00230693 0.121936 22.8786
-0.137694 -0.416053 165.573
-0.135785 -0.409793 163.236
0.0217452 0.109896 21.2972
0.0265697 0.0941952 24.5318
0.024926 0.0908377 26.0089
0.0228647 0.0832723 28.8425
0.0229829 0.0670429 33.6287
0.0191679 0.0620349 36.496
0 -0.729585 251.533
-0.247204 -0.682764 329.502
-0.0326837 -0.0587434 68.6886
-0.0662696 0.0409092 54.2473
-0.0418689 0.231831 -13.535
-0.0993759 0.148065 38.2782
-0.0546782 0.169619 8.63482
-0.0048339 0.135349 -9.60951
0.036871 0.118975 -27.7418
0.0539857 -0.0291238 5.5723
0.0575269 -0.120131 30.2588
0.0241324 -0.276908 102.368
0.0489169 0.70493 -200.996
0.0939362 0.22126 -95.5964
0.0747328 0.257713 -93.1029
0.0506988 0.277923 -81.5576
0.0470308 0.279667 -79.9832
-0.00773472 0.386539 -71.088
0.0241461 0.284311 -64.9327
-0.0472594 0.238471 -4.79049
0.00568076 0.15953 -15.5121
0.00568015 0.159563 -15.5205
0.00557919 0.159634 -15.4527
0.00526589 0.159749 -15.207
0.00187164 0.16161 -12.5663
0.00183489 0.161683 -12.5522
0.0015955 0.161887 -12.3829
0.00123905 0.161981 -12.0611
0 0.192589 -20.2467
0.000947602 0.162245 -11.8441
0.000344711 0.163002 -11.4423
-9.78229e-05 0.163404 -11.0918
-0.000323936 0.164037 -11.0321
-0.000323936 0.164037 -11.0321
0.122996 0.431517 -204.096
0.128717 0.489525 -227.54
0.0156428 0.0391512 19.9426
0.016726 0.0359762 19.5753
0.0168933 0.0320793 20.5194
0.0166732 0.0305628 21.2309
0.00196092 0.129203 21.0327
0.00191579 0.129242 21.0224
0.00166591 0.129246 21.0335
0.00112035 0.129142 21.1029
0.000367888 0.128629 21.327
-0.000369467 0.127832 21.6529
-0.000890296 0.12668 22.0753
-0.0012328 0.125401 22.5221
-0.00118433 0.123929 22.9661
-0.000752678 0.122179 23.422
-0.0010699 0.115848 25.4404
0.00277053 0.108844 26.6981
0.00940271 0.108673 25.0089
0.0172907 0.0994029 25.6974
0.025532 0.095356 24.4593
0.028079 0.107821 19.8217
-0.00118793 0.0947892 33.6842
0.0123174 0.0658696 37.8301
-0.0154741 -0.0871802 69.9335
-0.0215699 -0.0732879 68.1622
0 0 -1
-0.0212641 -0.0499018 60.7875
-0.0126993 -0.013927 45.2065
0.0480593 0.234393 -67.7089
-0.0709351 0.127719 28.9681
-0.0412387 0.167554 -0.074634
0.125374 0.0397874 -47.7371
0 -0.14777 78.4935
-0.164189 0.142255 67.8468
0.0249644 -0.277278 101.944
0.0257458 -0.277347 101.447
0.0284978 -0.277679 99.6909
0.248032 -0.306678 -43.2289
0.165034 0.183979 -135.938
0.0858509 0.255623 -100.494
0.0861626 0.297779 -114.362
0.102245 0.206795 -96.9012
0.0804066 0.193448 -75.7579
0.0486787 0.197203 -50.8022
0.0236056 0.208103 -33.1428
0.012638 0.208884 -23.9372
0.00654367 0.204323 -17.1819
-0.00911923 0.207106 -4.03992
-0.0135124 0.207149 -0.0235276
-0.0131024 0.209865 -1.29011
-0.0103117 0.216987 -6.26768
-0.00861843 0.221032 -9.23755
0 -0.406955 179.277
-0.00951593 0.231255 -11.6304
-0.00916827 0.230829 -11.8749
-0.00608533 0.223139 -12.7738
-0.00961366 0.207756 -4.10752
0.00361436 0.145257 0.509276
0.00985354 0.0798135 13.8616
0.0152182 0.0397089 20.2094
0.0144329 0.0339997 22.905
0.0146987 0.0310599 23.5021
0.0149406 0.0300181 23.533
-7.12168e-16 0.0890625 8.28906
-7.12168e-16 0.0890625 8.28906
-0.0369135 0.507388 -133.451
0.00112035 0.129142 21.1029
0 0.493715 -130.601
0 0.0890625 8.28906
0 0.517843 -139.108
0 0 -1
0.000928767 0.518104 -139.364
-0.000752678 0.122179 23.422
-0.00668909 0.515289 -136.292
0.00555917 0.107253 26.4958
0 0.158622 13.4265
0.0735229 -1.55911 518.472
0.073107 -1.5546 517.068
0 0.0890625 8.28906
0.00276804 0.113477 26.6585
-0.00512769 -0.0872622 65.7766
-0.00555038 -0.0869155 65.8587
-0.00661737 -0.0776592 63.2402
0.0094799 1.49798 -478.406
-0.00223129 -0.0425219 49.0737
0.00509312 0.0178306 26.0659
-0.0436396 0.129418 14.435
-0.0393014 0.149426 5.18301
0.0487703 0.18366 -53.8243
0.104417 0.045842 -38.0417
0.0849817 0.0455709 -26.6772
0.0736588 0.0453932 -19.8251
0.0693767 0.0453085 -17.1438
0.0693767 0.0453085 -17.1438
0.0311088 0.276022 -65.1246
0.277167 0.67739 -374.592
0.0838759 0.158017 -67.2543
0.13639 0.179581 -112.999
0.102284 0.214186 -99.0727
0.0854882 0.196174 -80.7988
0.0764429 0.194228 -72.9391
0.0631215 0.200416 -63.7655
0.0199216 0.210028 -30.5629
0.0126058 0.210091 -24.2697
-0.00205739 0.207096 -10.3533
-0.0109585 0.207679 -2.54012
-0.0126815 0.207703 -0.984192
-0.0104496 0.209461 -3.70476
-0.00735957 0.213673 -8.10679
-0.00611736 0.219406 -11.2382
-0.00764165 0.22522 -11.5972
-0.00287254 -0.0842449 81.8551
-0.00801935 0.23318 -13.8344
-0.0142076 0.233405 -7.19044
-0.0372565 0.227102 20.4006
-0.0625302 0.15201 73.3643
-0.0394405 0.0875748 68.3199
-0.0114637 0.0477402 49.0459
0.00608108 0.0346195 32.6814
0.0119735 0.0304681 26.9956
0.0137759 0.0293656 25.1702
0.00201969 0.259673 -35.3134
0.00201969 0.259673 -35.3134
0.00201969 0.259673 -35.3134
0.00201969 0.259673 -35.3134
0.00201969 0.259673 -35.3134
0.00201969 0.259673 -35.3134
0.00698685 0.329615 -81.6724
0.0103889 0.173165 -6.69363
0.0103889 0.173165 -6.69363
0.0103889 0.173165 -6.69363
0.0103889 0.173165 -6.69363
-0.0384817 -0.453504 415.932
-0.000565958 0.149114 3.55488
-0.000565958 0.149114 3.55488
-0.000542909 0.147596 4.08845
0.000946694 0.132211 9.02805
0.00104545 0.131563 9.2216
0.00189298 0.130392 9.3229
0.00353849 0.128864 9.22319
0.00589926 0.12698 8.92467
0.00851952 0.124993 8.50318
0.0107517 0.123171 8.14853
0.0118066 0.121782 8.15358
0.0111494 0.120884 8.81308
0.0082329 0.120799 10.3692
0.0043607 0.119961 12.7635
-0.000765401 0.121621 15.051
-0.00666322 0.12582 16.9898
-0.0125262 0.132161 18.2598
-0.0172188 0.140144 18.3347
-0.0201547 0.149589 16.8513
0.0234746 -0.0490907 52.4679
0.0154039 -0.140303 73.8748
0.0673425 0.095939 -34.3141
0.0729477 -0.0642963 17.7468
0.0825518 0.225681 -87.7141
0.056885 0.217158 -65.0486
0.0601414 0.179946 -55.2789
0.0836306 0.190226 -77.075
0.0319102 0.210718 -41.0454
0.0103259 0.209686 -22.1298
-0.00362201 0.209254 -9.68368
-0.011327 0.208961 -2.64262
-0.012304 0.208749 -1.6961
-0.00876683 0.209635 -5.3821
-0.00389743 0.212344 -11.061
-0.00101416 0.217268 -15.6486
-0.00189084 0.222845 -16.7002
0.00300304 0.0250158 51.7024
-0.00314465 0.233487 -19.129
-0.00661994 0.239054 -17.3864
0.0194857 0.23933 -46.2619
0.0383356 0.151099 -35.6414
0.0269557 0.0862935 0.563158
0.0138318 0.0464396 30.0383
0.00646573 0.0250433 46.3756
0.00397604 0.014671 53.0633
0.00309445 0.0109702 55.4557
0 0 -1
-9.53664e-15 -0.0703125 266.551
-9.53664e-15 -0.0703125 266.551
0.00201969 -0.252954 152.564
0.00201969 -0.252954 152.564
0 -0.0703125 266.551
0.00149729 0.170373 -22.5564
-9.40941e-14 -0.0703125 266.551
-8.5167e-14 -0.0703125 266.551
-1.15828e-13 -0.0703125 266.551
0 0 -1
-0.0397602 -0.0630729 273.141
1.47021e-14 -0.235937 180.058
-1.02984e-14 -0.235937 180.058
0 -0.614062 287.357
3.64102e-15 -0.235937 180.058
3.64102e-15 -0.235937 180.058
0 -0.614062 287.357
-1.45381e-12 -0.235937 180.058
-1.42653e-12 -0.235937 180.058
-1.34091e-12 -0.235937 180.058
-1.29467e-12 -0.235937 180.058
0 -0.614062 287.357
-0.0226611 -0.466425 276.642
0.00520216 0.121574 11.6985
0.00387665 0.11968 13.1279
0.000684646 0.121143 14.3895
-0.0037717 0.125289 15.4602
-0.00843434 0.131618 15.9345
-0.0122357 0.139494 15.3919
-0.0137085 0.148963 12.825
-0.0113624 0.164071 5.63527
-0.00578295 0.17911 -3.81807
0.00335121 0.194097 -15.9028
0.0171764 0.209049 -31.6138
0.0377561 0.232249 -55.7587
0.0434275 0.226625 -57.9808
0.0366613 0.205995 -45.5093
0.0662642 0.190111 -63.2602
0.0533751 0.185807 -50.4655
0.0204362 0.20585 -29.614
-0.00142676 0.211131 -12.3103
-0.0114789 0.211042 -3.23832
-0.0125232 0.210362 -2.06032
-0.0083651 0.210524 -6.0827
-0.00238135 0.212179 -12.4921
0.00198778 0.215996 -18.2126
0.00327695 0.222271 -21.8056
-1.21821e-05 0.227029 -20.1252
-0.00407893 0.228256 -16.3142
-0.00373618 0.238051 -20.1478
-0.00368288 0.226488 -15.9278
-0.00424245 0.149521 13.1566
-0.00460529 0.0838483 37.8542
-0.00453104 0.0445221 52.3027
-0.00276228 0.0239874 57.7947
-0.00102536 0.013861 59.4459
4.9881e-05 0.0103214 59.4462
