0.00527873 -0.0750465 25.4305
-0.00156028 -0.0715234 25.6248
-0.00819578 -0.0505761 26.2022
-0.028686 -0.122758 27.9937
0.00247995 -0.0221262 23.1973
-0.0124619 0.194195 17.9529
0.222598 -0.0194004 -2.26199
0.198959 -0.0524259 1.08166
0.156858 -0.0310743 8.18778
0.14261 -0.0192813 10.3812
-0.00102629 -0.0484437 23.7113
-0.0113885 -0.0737762 26.6459
-0.0654229 -0.00577885 39.4287
-0.275554 0.123563 93.8621
-0.0685493 0.118362 32.0401
-0.00428705 0.0922831 12.1628
0.0843117 0.0530055 -17.7442
0.0604811 0.00521514 -6.93557
0.0216255 -0.000607201 8.08747
0.0150865 -0.0370569 11.3008
-0.00915499 0.0254043 9.02601
0.135743 0.160772 -49.058
0.0816887 0.0824711 -5.7599
0.0765386 0.0489975 -2.76528
-0.0491404 -0.00623391 29.5009
-0.0400467 0.634079 21.6984
0 0.549146 1.21391
0.0122335 0.0217591 -2.69277
0.00643449 0.0214129 0.888301
-0.000257547 0.0202324 5.35109
0 0.580896 0.627585
-0.00681831 0.0307674 8.75775
-0.050013 0.598151 35.3011
0 0.61414 -0.0373762
0.0378499 0.20319 -26.5732
-0.039297 -0.28954 278.569
-0.0406105 -0.290915 279.582
0 0 -1
-0.0379832 0.0271757 50.0727
-0.0378299 0.0266889 49.9488
-0.0964729 0.0183033 101.21
-0.0163864 0.0258806 31.0565
-0.00441189 0.0306544 20.1968
0.00168247 0.0340993 14.5339
0.00350941 0.0374279 12.7836
0.00268392 0.0403814 13.5629
0.000742563 0.0429023 15.4647
-0.0011747 0.0450609 17.381
-0.00220177 0.0466871 18.4195
-0.00203333 0.0479768 18.2205
-0.000869511 0.0490392 16.9512
0.000541867 0.0496301 15.3931
0.00161505 0.0493841 14.1978
0.00161505 0.0493841 14.1978
0.00767474 0.0485821 7.28038
0.00767456 0.0485821 7.28059
0.00767445 0.048582 7.28072
0.00767445 0.048582 7.28072
0.00254742 -0.0758683 25.4788
-0.00930762 -0.0495548 25.8589
-0.009495 -0.0810448 26.6893
-0.0315232 -0.0993361 27.3149
0.0363817 0.0268419 18.5935
-0.00475895 0.0697465 21.2584
0.23475 -0.0316399 -5.33974
0 0 -1
0.199388 -0.0173038 0.302392
0.129844 -0.00943986 12.6246
-0.022293 -0.0282055 27.8895
-0.00428359 -0.0504666 24.0673
-0.020789 -0.0377159 28.2796
-0.11006 -0.0132507 52.8643
-0.158644 0.145867 61.0369
-0.0898885 0.115358 40.6794
0.0187585 0.0249229 7.07876
-0.00192568 -0.0498883 19.4712
-0.00435183 -0.0214388 19.1722
0.00634935 -0.0603841 15.4988
-0.0527729 0.918068 -8.87853
-0.0643261 0.011623 36.7184
0.127196 -0.0422129 -52.9253
0.385894 -0.115648 -152.652
0.304567 0.0741394 -149.643
0.203679 -0.000367578 -104.323
0.0187894 0.0178057 -6.46812
0.0101882 0.0222345 -1.39785
0.00437018 0.0210871 2.29211
-0.00272856 0.0170014 7.28975
0 0.449941 -8.42529
0 0.449941 -8.42529
0 0.516386 -10.2745
0.0153489 0.428897 -18.9387
-0.0149725 0.432223 3.2241
-0.0249439 0.00993736 22.3037
9.82692e-05 0.387629 -6.82813
0.419555 -0.0730539 -323.481
0.000562164 0.0927227 5.52284
-0.0378437 0.0249797 49.9926
-0.0892427 0.0167525 94.9451
0.0072445 0.0155151 -3.84839
-2.5261e-05 0.0243841 1.35329
0.00189067 0.0265797 -0.418059
0.00577692 0.0178324 -2.58043
0.00560931 0.0161109 -2.37712
0.00566979 0.0153384 -2.41897
0.0059042 0.0143945 -2.62251
0 -0.142131 7.23222
0.00587673 0.010296 -2.45828
0.00665953 0.0066265 -3.19428
0.00635509 -0.000961951 -2.60392
-0.245332 -0.697313 363.562
0.00678966 -0.0131663 -2.87691
0.00215575 -0.00736216 3.40099
-0.0579077 0.00796494 78.2187
0.345343 0.0102343 -400.322
-0.049206 -0.0109626 68.7229
0.173193 0.119155 -2.59092
-0.0628381 -0.352354 36.8746
-0.131991 -0.27006 34.9224
-0.0312627 0.013312 12.2163
0.71684 -0.00536871 -49.6234
0.0130406 0.0952827 18.9633
-0.185145 -0.0524955 51.3948
0.218892 -0.0386125 -2.0467
0.162138 0.018054 5.78187
0.0782522 -0.00686015 22.8445
-0.0415579 0.00878009 30.7298
-0.0109971 -0.0242783 24.9218
-0.00639291 -0.0262958 24.336
-0.0699748 0.0115103 40.0101
-0.0891031 0.00878765 45.5569
-0.0820012 -0.0210513 44.5942
-0.0217288 -0.0440767 24.0424
0.0176758 -0.108547 14.6262
0.00454064 -0.0850379 17.9919
0.0118029 -0.0878874 15.1341
-0.0431028 0.177832 19.8046
-0.112677 0.0470878 56.5616
-0.216475 -0.142835 122.43
-0.0658048 -0.00694775 37.8429
-0.0890384 0.0293035 60.6752
0.324088 0.0307945 -172.545
0.0116587 0.0204029 -2.16365
-0.0142638 0.32415 -5.60835
-0.00907465 0.011292 8.32239
-0.00831506 0.00156984 8.34761
0 0.332847 -14.5014
-0.00978722 0.00944643 8.95639
-0.0128183 0.00458891 11.3862
0.0044723 0.176194 -9.54655
-0.0117525 0.00796544 10.4801
-0.00112199 -0.205007 15.4275
0.0310034 0.243165 -34.2982
0 0.332847 -14.5014
0.000940703 0.00392465 2.05986
-0.0249202 0.140834 16.847
-0.222145 0.573358 185.826
0.00926299 0.00659018 -7.78754
0.0105449 -0.00504328 -5.83918
0 0.0520278 0.589319
-0.037415 0.073581 38.179
-0.0436109 0.0840272 42.2324
0.0123042 0.019896 -9.80843
0.0110525 0.0715323 -11.616
0.00147042 0.0114238 2.05294
0.00428131 0.00683747 -0.609599
0.00610474 0.00333966 -2.45353
0.000970836 0.00485308 3.1239
0.00969027 0.00348888 -9.04733
0.00516581 -0.0613531 141.67
0.00231877 -0.0050708 2.35268
-0.0568002 0.00815736 76.9122
-0.0533014 -0.00140263 73.2119
-0.0508349 -0.0102685 70.6879
0.227417 0.12208 -3.21425
-0.0782227 0.159498 3.24601
-0.0397043 0.133504 3.15476
-0.00907965 0.0213687 10.1638
-0.0469085 0.0295638 12.3333
-0.0162724 0.0412657 26.4673
-0.101738 -0.039492 38.6104
0.148106 -0.0508486 9.41805
0.0644087 0.0152303 24.2822
0.0322471 -0.01147 32.2246
-0.0738341 0.0180279 37.8274
0.221728 -0.0835258 -14.4855
-0.257993 -0.0863713 109.758
-0.0888427 -0.0203367 48.2281
-0.0611239 -0.031337 40.3534
-0.0176163 -0.0722836 24.5458
-0.0269986 -0.0475297 25.911
0.00561449 -0.099406 18.0982
-0.0109233 -0.108185 25.3821
-0.0592666 -0.079232 43.3915
-0.101853 -0.0315705 58.1249
-0.138899 -0.009591 72.8095
-0.0672306 -0.00899258 39.9671
0.00504336 -0.0192761 3.48053
-0.0848809 -0.135532 69.7473
0.0264529 -0.00181534 -8.30967
0.0158477 -0.00840085 -2.76953
44.7207 4.73828 -26462.6
0.00892858 0.00373982 0.586055
-0.0114658 0.00480914 11.3388
-0.00708897 0.00513073 8.41643
-0.015291 0.0199657 15.8508
-0.0118758 0.0185706 9.75922
-0.0177596 0.0150589 15.5233
0.282656 0.00764062 -205.625
0.0333644 -0.108353 -7.52665
-0.016402 0.0271859 15.6623
-0.00804182 0.00929946 9.45143
-0.0106232 -0.00643503 12.0016
-0.00948948 -0.00273116 10.5176
-0.0138297 -0.0146625 14.8721
0.00684407 0.0141419 -5.68117
0.0110505 0.0354902 -10.2888
-0.00888544 -0.0127444 12.9107
-0.111589 -0.00406265 114.996
0.00558969 -0.00114028 1.1639
-0.00674202 0.0209007 11.8795
0.00130081 0.00403792 4.95874
0.00589182 -0.00192563 0.541448
0.00222533 0.0188431 2.86269
0.023903 0.0325984 -21.7438
0 -0.0125315 7.44555
0.488019 -0.0728369 -499.515
0.0313892 -0.239859 122.726
0.072476 -0.0762824 64.142
0.00276872 -0.0727666 145.422
0.00121699 -0.0744846 147.414
0.00121699 -0.0744846 147.414
-0.133611 0.135467 7.79365
-0.120093 0.135597 6.99551
-0.0840605 0.143041 4.29877
-0.0486806 0.0774432 8.82013
-0.0371728 0.0244877 30.5011
-0.0385417 0.0247677 30.5622
-0.0256508 0.0324987 27.9954
0.112231 -0.0376361 14.0541
-0.00456011 0.00913496 37.7412
-0.00754394 -0.00704286 39.8807
-0.0958508 -0.0253862 46.9204
0.324411 -0.276638 -38.9536
-0.106205 -0.297546 74.3479
-0.0863681 -0.0824126 53.0817
-0.161766 -0.0789006 74.8497
-0.0553577 -0.0172998 33.2474
-0.0266244 -0.0226334 23.924
-0.0229283 -0.0527095 25.1814
-0.0418458 -0.0798486 35.5602
-0.0433489 -0.106037 39.1688
-0.0646133 -0.105625 48.0225
-0.0626388 -0.0716191 42.6553
0.00114674 -0.0335936 7.64248
-0.0471678 -0.0269795 31.1916
0.0504981 -0.290473 13.7208
0.00755016 -0.011216 2.92577
0.307984 0.0927319 -175.308
0.0144983 -0.00557856 -1.67236
-0.0271665 -0.0707338 30.2474
-0.0172721 -0.0824033 25.4635
-0.0111613 -0.0781111 20.9457
0.0939939 -0.0989919 -45.0032
0.162814 -0.0569233 -94.1224
0.00560004 0.0152355 1.84963
-0.0154731 0.0190098 15.5123
-0.00264306 0.0383692 3.55844
-0.107161 -0.0751135 97.063
-0.0572182 0.0137253 47.5253
0.00324666 0.0260611 -1.55974
-0.0488835 -0.128734 56.3367
0.000675031 3.9663e-05 1.07531
0.0153913 0.0144931 -13.3707
0.0313531 0.0103231 -27.4124
0.050586 0.0174517 -45.5838
-0.00629984 0.0225507 7.00063
0.00724086 -0.0781249 6.96418
-0.00199824 0.0120175 5.66323
0.0117986 -0.081185 2.336
-0.0118065 0.0125356 13.3855
-0.00811056 0.00291568 13.2826
-0.00774743 -0.0457614 14.5143
0.45064 -0.0567405 -459.258
0.574517 -0.0450246 -599.941
0 -0.477327 89.7318
0 -0.398984 81.6657
0 -0.477327 89.7318
0.0113268 -0.295968 56.8458
0.0113268 -0.295968 56.8458
-0.126411 -0.431055 68.6661
-0.111224 0.0668065 15.1848
-0.129532 0.0886003 12.0119
-0.0395728 0.00921745 32.3919
-0.0300518 0.00429316 32.3407
-0.0386257 0.0110599 32.072
0.0366073 0.0116119 21.3646
0.0329567 -0.0235443 25.5197
-0.0175746 0.00439051 40.825
-0.0218324 -0.0023628 42.2895
-0.118532 -0.0625606 56.0328
-0.0764003 -0.0785429 48.4135
-0.0851896 -0.117819 56.1751
-0.102454 -0.133808 62.2489
-0.107376 -0.0974554 59.6163
-0.0523366 -0.0281945 33.8075
-0.0554538 -0.0430883 36.5988
-0.0626074 -0.123666 47.2339
-0.0612585 -0.11771 46.3474
-0.0398394 -0.121797 37.8394
-0.050443 -0.0439559 33.1318
-0.0386762 -0.0160505 24.8508
-0.0345537 -0.0186658 22.3884
0.0393214 -0.0640224 -8.48115
0.0197675 -0.0435113 0.41476
0.0215435 -0.0776091 3.17302
-0.00367775 -0.0535928 13.4293
0.00880781 -0.0714514 7.98648
-0.0158175 -0.114578 28.3693
0.0142217 -0.0569506 2.95292
0.0149525 -0.0102439 -2.35158
-0.000327675 -0.858113 112.725
-0.458023 -0.0599811 337.242
-0.0091296 -0.0366175 14.9689
-0.0191088 0.00806573 19.4834
-0.0562839 0.0114606 48.0655
-0.0799814 -0.0693478 75.2379
-0.0265862 0.0193148 23.9611
0.0343855 -0.0616999 -19.6301
0.0129375 0.0122434 -10.0957
0.00311896 -0.22397 26.2372
0.0235666 0.0004685 -19.3112
0.0620548 0.0114494 -56.028
0.026939 0.00324089 -20.7589
0.533596 -0.0206103 -495.761
0.00563627 -0.117395 20.3309
0.00851434 -0.165996 23.2579
0.00978546 -0.15571 20.8344
0.0103081 -0.166121 21.5672
0.00814091 -0.176408 25.0873
0.00602638 -0.183183 28.1666
0.00547975 -0.18612 29.1096
0.554018 -0.0352871 -577.601
-0.0160681 -0.102791 76.2961
-0.00244781 -0.11873 62.5737
0.223633 -0.147461 -201.998
0.039241 -0.00368831 0.0497052
0.0387214 -0.00297639 0.597653
0.219897 -0.0297147 19.5453
-0.0634651 0.0090701 19.8753
-0.0982807 0.0417541 16.9567
0.71812 0.0155168 -32.8535
-0.00410011 -0.0421139 36.0616
-0.0251611 -0.0261191 35.8331
-0.029266 -0.00364433 32.8213
-0.00496015 -0.0184251 31.2258
-0.0291565 -0.00246314 43.8342
-0.0369225 -0.00338727 45.322
-0.0591396 -0.0810299 44.233
-0.0734806 -0.096454 49.657
-0.0858569 -0.115356 55.4931
-0.0805504 -0.0928349 50.5341
-0.0423382 -0.0665871 35.7311
-0.0499763 -0.0336855 34.1119
-0.0609825 0.0791358 16.8177
-0.0276492 0.0261103 11.7665
0.0190261 0.00921547 -3.0942
-0.0170262 0.000634642 13.1562
-0.0229675 0.0173159 13.2916
-0.0382468 0.00993726 21.7436
-0.0732009 0.0151758 36.731
-0.00979173 -0.0114958 9.04231
0.0244148 -0.0613308 -1.05971
-0.0034513 -0.0767096 15.4263
0.00695606 -0.0657531 7.65185
-0.0225982 -0.100461 30.2862
0.00429561 -0.0361646 4.5002
0.00320985 -0.0640713 9.8065
-0.00259963 -0.0475126 11.4377
0.568336 0.137884 -397.159
-0.266866 0.0349988 192.305
0.00856121 -0.0295772 0.13353
-0.00130574 -0.0273064 9.15961
-0.0491179 -0.0876993 53.6136
-0.0505889 0.00605335 42.9245
-0.0148309 -0.00684614 14.8608
0.00745904 0.0134881 -3.70268
0.00436545 0.0148665 -1.02768
0.0067283 0.00337857 -4.69669
0.0399901 0.00435749 -34.7145
0.0453398 0.008431 -40.2056
0.0145498 0.00170352 -9.73992
0.597701 0.115863 -574.676
0.0295793 0.167677 -40.6113
0.0144743 0.136443 -21.1662
0.0105739 0.193348 -25.0672
0.0108499 0.217414 -28.6294
0.00975412 0.238176 -30.3166
0.00751378 0.251484 -29.7356
0.00630781 0.256948 -29.1736
0.575267 -0.0404076 -601.242
0.00462337 0.141787 20.343
0 0.139216 26.0125
0.000756153 -0.0146754 4.72489
0.0378656 -0.00736778 2.24445
0.0384343 -0.00389593 1.06819
0.227039 -0.0267473 19.0634
-0.0453549 0.00143974 20.3461
-0.0379198 -0.0136768 22.3877
0.0561286 -0.0841592 36.1072
0.0397743 -0.069158 35.5232
-0.0196269 -0.0727297 42.5909
-0.0397464 -0.0500588 41.1372
-0.0430865 -0.0538191 42.1763
-0.0317537 -0.00352645 44.4002
-0.0349802 -0.00233911 44.8633
-0.061047 -0.0354492 36.7574
-0.0804343 -0.0552704 44.6156
-0.0613676 -0.0358021 36.775
-0.0399618 -0.0250226 27.6001
-0.000807632 -0.0138961 14.654
-0.0504141 0.00217107 27.8318
-0.0872264 0.0449623 32.297
-0.0374435 0.091464 6.27581
0.00527886 0.0438826 -2.70339
-0.0159858 0.0321786 8.0309
-0.0344851 0.0602612 11.7618
-0.0263815 0.0171631 15.0517
-0.0775646 0.0196246 38.3842
-0.0332599 0.0131305 17.0579
-0.0185339 -0.0164652 14.6348
-0.01609 -0.018933 13.7794
-0.00018821 -0.0252753 5.87518
0.000770658 -0.0220752 4.54834
0.0102788 -0.04987 3.57403
-5.5638 -0.34375 3653.69
0.00336538 -0.0171841 2.47635
-0.00744478 -0.0284747 11.3435
-0.294849 0.00663396 215.534
-0.00143981 -0.0279459 7.38175
-0.129597 -0.512324 179.548
-0.0165119 -0.0205277 18.5808
-0.0172176 -0.059581 24.671
0.026015 0.0182101 -22.8162
-0.0088168 -0.0102447 10.2202
0.014365 0.0110962 -10.0401
0.00428689 0.0147696 -3.26027
0.0225217 0.0168218 -20.3177
0.0393032 0.00217917 -33.247
-0.010518 0.0246092 11.0487
0.552009 -0.217299 -480.791
0 0.111953 -12.8701
0.0256619 0.201361 -52.7205
0.021532 0.249795 -57.0656
0.0230653 0.155355 -43.9574
0 0.253729 -35.8766
0.0181689 0.156259 -39.6814
0 0.199023 -26.795
0.205589 -0.0273844 -220.229
0 -0.0204857 4.286
-0.00465287 -0.0157076 11.2626
-0.010722 -0.0130096 17.9761
0.441828 -0.0559162 -479.935
0.0959376 0.0411832 -122.76
0 0 -1
-0.135862 0.338045 -34.6219
-0.124565 0.345943 -35.8799
0.0801788 -0.0551967 28.5452
0.0461266 -0.062538 33.778
-0.0149506 -0.128113 51.8867
-0.0428088 -0.0694309 44.2302
-0.0220094 -0.0588056 39.4634
-0.0242805 0.00113983 42.2125
-0.0261569 0.0111401 40.7614
-0.00807795 0.0132916 16.2043
-0.0401122 0.0239512 21.6142
-0.0638441 0.0529792 23.081
-0.0734571 0.0647713 23.8057
-0.0460934 0.0559051 17.0989
-0.063301 0.0508733 23.7151
-0.0536641 0.0855166 14.0108
-0.0481384 0.0995857 9.36258
-0.0346621 0.0984205 4.07893
-0.0205764 0.069562 3.22972
-0.0494325 0.0508902 19.1281
-0.0454784 0.0359583 20.4755
-0.0604045 0.0812378 18.9796
-0.0564762 0.0286433 26.3943
-0.042723 -0.00335034 25.4379
-0.0341909 -0.023105 24.4017
-0.0684263 0.230713 2.19846
0.0678613 0.105779 -48.276
0.038088 0.0240406 -15.5629
0.00552873 0.226723 -43.3902
-0.011899 -0.00928298 11.7002
-0.048256 0.180042 1.30497
-0.0541422 -0.034979 55.4803
0.00937291 -0.0138183 -2.4887
-0.014006 0.0390373 4.67725
0.196962 0.403993 -228.131
0.000355268 -0.0061102 2.48506
0.00845426 -0.00130917 -5.3342
-0.00406773 0.00839063 8.33253
0.0260644 0.0177416 -23.953
0.0273286 0.016506 -24.682
0.0305172 0.0155867 -27.0033
0.0616732 0.0215332 -56.5901
0.00796021 0.0165863 -4.4513
-0.0149119 0.0135419 16.6767
0.00691253 0.0245888 -4.18287
-0.00248552 0.0602939 -1.41993
-0.00404749 0.0339981 5.01954
0 0.0246726 2.53991
0.0079895 0.0427194 -9.25421
0.00283941 0.020685 0.177499
0.198493 0.404444 -255.96
0.0963156 -0.097146 -51.2155
-0.00453922 -0.000513417 12.6432
0 -0.0131782 9.7245
1.07404 0.00497159 -1293.44
0.0217774 -0.0255253 -18.0001
0.255528 0.0447197 -319.095
0.00455936 -0.103068 70.6396
0.00455936 -0.103068 70.6396
-0.112253 -0.0558001 42.3146
0.0909913 -0.0270696 23.0532
-0.0961648 0.0212913 53.7331
0.0571582 -0.161669 48.7501
0.0492695 -0.12835 42.7371
0.988758 -0.153956 -94.1738
-0.0223755 0.449519 -45.4151
-0.014286 0.446247 -46.3024
-0.00907413 0.0603147 7.49016
-0.00932327 0.087592 2.15843
-0.0374224 0.0987825 7.28292
-0.0566459 0.109898 10.3673
-0.0677923 0.0633769 22.6278
-0.062269 0.00037294 33.3037
-0.0336989 0.0826413 7.26816
-0.0153488 0.13161 -9.48933
-0.0540071 0.152722 1.82758
-0.0219321 0.166483 -14.6742
-0.017782 0.187471 -20.6017
0.00267677 0.24946 -42.7354
0.0169845 0.266367 -53.4356
0.585147 0.0742831 -296.388
-0.0786311 0.0184343 56.6573
-0.112849 0.0303076 72.3103
-0.0160223 0.24239 -30.9277
0.0444171 0.169417 -50.0406
0.0156688 0.0333512 -3.68962
-0.0185015 0.27709 -37.3749
-0.0194316 0.300007 -41.966
-0.0247393 0.298655 -37.9605
-0.0902028 0.184095 32.1416
-0.0528983 0.219647 -2.68886
-0.010364 0.051032 0.819284
-0.0252739 0.0742612 6.92762
0.0022277 0.00889077 -1.06902
-0.0262768 0.0188228 23.8487
0.0200416 0.04536 -24.2738
0.0274855 0.0323257 -27.8486
0.0407914 0.0297193 -39.5768
0.0231105 0.0466404 -27.141
0.0337611 0.0345878 -34.371
0.00355585 0.0107932 0.303894
-0.0131954 0.00146183 18.9628
-0.00836628 0.0872822 -4.19414
-0.0199251 0.234134 -22.1855
-0.0123676 0.0105338 14.4521
-0.0185856 0.357345 -48.017
-0.017122 0.361992 -50.4372
0.460357 0.00778152 -412.959
0.0278307 0.418924 -110.259
0.0231808 0.205399 -35.3653
-0.01553 -0.000335726 21.8138
-0.0224598 -0.00271506 30.0238
1.00347 0.0113607 -1209.78
0 0.0105469 -0.419401
-0.020198 0.000985001 26.5605
0 0 -1
-0.00593591 -0.475112 127.167
-0.0151525 -0.455745 123.255
0 0 -1
0.0491959 -0.157173 48.8513
0.0489346 -0.150023 47.3085
0.0481822 -0.147822 46.9444
0.0212787 0.543993 -113.735
0.0212889 0.544466 -113.843
0.0146506 -0.867214 210.087
0.0138863 0.076407 -1.04668
0.0104809 0.0922738 -3.71407
-0.0109107 0.109313 -1.81404
-0.0456863 0.117998 5.9423
-0.00198224 0.274968 138.475
-0.0333137 0.316769 -44.8141
-0.0110273 0.24491 -37.167
-0.0326544 0.237481 -25.6647
-0.0048108 0.245995 -39.0852
0.0131047 0.268115 -50.3817
0.00459636 0.25662 -44.1568
0.00394502 0.257749 -44.322
0.014785 0.25871 -49.9991
0.0268898 0.205663 -44.1112
0.037629 0.0461499 -12.54
-0.10077 0.101633 48.9366
-0.024693 0.233242 -23.6468
0.00105032 0.230188 -37.5251
-0.0356012 0.172403 -2.57756
0.00504743 0.306822 -58.8898
0.00641922 0.293453 -56.5081
0.00858099 0.331542 -67.0329
-0.0858 0.207495 24.5109
-0.0812681 0.129552 38.2231
-0.0516981 0.0929729 24.114
-0.0290942 0.0551208 14.866
0.0175339 0.00973463 -13.0085
0.0392631 0.0347299 -38.129
0.00900678 0.00275709 -3.50161
0.0160037 0.0117173 -13.7966
0.0289017 0.0192114 -25.2739
0.0132295 0.0492082 -18.4827
0.0318971 0.0387122 -33.3095
-0.016111 0.00347446 21.4668
0.0180231 0.0255944 -16.4458
0.0307859 0.0302803 -29.9958
0.0359135 -0.0205645 -23.263
0.0773618 -0.018545 -65.3996
-0.00469972 -0.0571517 26.8199
0.00601567 -0.0615085 16.3358
0.0257453 -0.103563 4.8021
0.0179509 -0.154353 25.0236
-2.27563 -1.68806 2973.8
0.06996 -0.0942491 -51.1656
-0.213132 0.121317 247.794
0.00683383 7.6339e-06 -6.52206
0.866426 -0.0299578 -1048.1
0.214245 0.0162389 -260.558
0.0117999 0.596742 -128.042
0.0118542 0.594656 -127.526
0.0196924 0.603516 -130.104
0.0352453 0.583128 -126.004
0.043363 0.561523 -121.285
0.0426784 0.542517 -116.446
0.0348848 0.528093 -111.82
0.0245798 0.542664 -113.931
0.0209885 0.544299 -113.737
0.019453 0.541871 -112.841
0.0183933 0.539584 -112.044
0.0163909 0.529324 -108.992
0.0119623 0.522816 -106.208
0.142034 -0.419043 291.66
0.000363405 0.566259 -116.969
-0.226004 -0.336775 178.528
-0.0391928 0.286702 -34.7132
-0.00915549 0.260316 -40.4926
-0.0173119 0.240662 -31.9165
0.0156437 0.249509 -46.6704
-0.00808811 0.242952 -34.1258
-0.00136283 0.249336 -39.7444
0.00696128 0.265474 -47.7478
-0.00987778 0.264154 -39.1306
-0.000686454 0.241766 -38.2097
-0.0435513 0.191062 -2.9255
0.0025727 0.200373 -31.7902
0.00190086 0.199099 -31.6913
0.0201488 0.277346 -60.8361
0.00209263 0.259596 -45.4874
0.0223012 0.300055 -68.5944
0.0652343 0.283055 -92.8969
0.0870932 0.279174 -107.566
0.074918 0.276025 -98.0454
-0.048609 0.0598729 29.6684
-0.0873951 0.120792 45.2437
-0.0607039 0.0835239 33.1721
-0.000443825 0.071762 -12.5158
0.00550095 0.132583 -31.6175
-0.00347138 0.0213372 1.51553
0.0354376 0.0489209 -37.5726
-0.00999861 0.00830715 12.6732
0 0.0376065 -2.4935
0.019475 0.0287594 -19.052
0.0183216 0.0222211 -16.2328
0.0159204 0.00168616 -8.81501
0.0155806 -0.028419 -0.978573
0.0609268 -0.0180817 -48.648
-0.0112072 -0.0611137 34.5831
-0.00869221 -0.0683306 33.6674
-0.00936545 -0.102263 42.7809
-0.0108845 -0.152778 56.8313
-0.0180885 0.00227047 23.886
0.0271461 -0.0567851 -11.2617
0.00538455 -0.000278723 -4.47297
-0.0497368 -0.00589409 76.9603
-0.0188717 -0.00496293 26.4065
0.244373 0.00139662 -294.197
-0.000114884 -0.470598 363.628
-6.90788e-05 -0.470718 363.659
4.85325e-05 -0.470924 363.71
0.000221877 -0.471208 363.775
0.000424476 -0.471552 363.851
0.000608121 -0.471924 363.933
0.000744157 -0.472283 364.013
0.00082441 -0.47258 364.081
0.000844137 -0.472846 364.15
0.00082645 -0.473052 364.209
0.00079229 -0.473205 364.258
0.000768422 -0.473281 364.284
-0.264946 -0.258463 394.408
0.0609435 0.0488481 205.726
-0.120873 0.0411742 256.725
0.0127005 -0.270075 301.762
-0.0450902 0.290951 -33.4935
-0.165252 0.0768148 73.9732
-0.0408823 0.209755 -13.1213
-0.00197711 0.204614 -27.8149
0.00501683 0.249586 -42.5213
0.00537644 0.27848 -50.2861
-0.0044635 0.291875 -48.4885
-0.00932374 0.281172 -43.6366
-0.0223087 0.263319 -32.4168
-0.0679766 0.249462 -3.6684
-0.0490846 0.20477 -3.25285
-0.0288802 0.192566 -11.8435
-0.180246 0.115711 116.094
-0.195699 0.167566 111.832
-0.153889 0.27738 54.1771
0.0684815 0.238247 -84.0499
0.0718273 0.25581 -90.9613
0.0719391 0.248615 -88.595
0.0464417 0.244067 -67.7877
0.0512443 0.217399 -64.0918
0 0.328089 -78.6402
0 0.328089 -78.6402
0.0227695 0.056779 -28.1232
0.0309422 0.063916 -36.8193
-0.158849 0.283749 72.9599
-0.0377569 0.0945921 16.5261
-0.0461664 0.0800454 27.8058
0.0139845 0.333636 -92.6889
0.0068201 0.337615 -86.8387
0.000890437 0.321321 -76.7258
-0.000636971 0.313287 -73.057
-0.00368999 0.30893 -68.7634
-0.00665341 0.323291 -69.5611
-0.0109137 0.339433 -69.3816
-0.0235055 0.355567 -60.188
-0.0347611 0.372894 -52.6763
0.441093 -0.0283506 -459.587
0 -0.0864955 55.372
0 -0.0864955 55.372
-15.7559 -0.0410156 18981.3
-0.0180759 0.000111131 24.5173
-0.0182944 0.00212902 24.1383
-0.000187969 -0.470622 363.635
-0.000195373 -0.470735 363.668
-0.000153923 -0.470934 363.724
-4.2692e-05 -0.471212 363.797
0.000108876 -0.471553 363.882
0.000273072 -0.471935 363.975
0.000449553 -0.472288 364.055
0.000540586 -0.472574 364.125
0.00062198 -0.472836 364.188
0.00064962 -0.473036 364.241
0.000681176 -0.473194 364.28
0.000703268 -0.473268 364.297
-0.260655 -0.258413 393.196
-0.789242 -0.265374 543.528
-0.00743532 -0.277 310.422
-0.000296103 -0.273139 307.002
-0.0950694 -0.102514 97.5945
-0.00195391 0.23515 -35.7265
0.0217836 0.263726 -54.4222
0.02193 0.250584 -50.7053
0.0470623 0.337557 -85.7871
0.0137248 0.333606 -68.8892
-0.020876 0.295031 -41.4032
-0.029013 0.264318 -28.889
-0.00867429 0.22792 -28.6974
0.0440405 0.0539163 -4.62747
0.0925879 0.122908 -51.5774
0.0841492 0.115779 -44.4071
-0.166987 0.106137 110.406
0.384953 0.0841251 -228.754
-0.122699 0.262754 37.2563
0.0624729 0.263734 -87.2442
0.109334 0.217363 -106.773
0.0765332 0.266573 -97.4438
0.0516111 0.243897 -71.9937
0.115344 0.0599079 -54.5732
0.0237595 -0.0134943 20.8831
0.0385805 -0.0428021 17.4398
0.0508675 -0.0764691 17.146
0.0564968 -0.120158 25.1196
0.0565163 -0.121489 25.4869
-0.00301615 -0.241356 111.948
-0.00479578 -0.247818 115.423
0.023431 0.0121565 -11.3839
0.00149965 -0.15004 57.2431
-0.00861698 -0.106161 77.7375
-0.00863326 -0.106156 77.7521
-0.00864993 -0.106156 77.769
-0.00864975 -0.106155 77.7686
-0.00919599 -0.262453 125.111
-0.029974 -0.0648082 88.6319
0.00583668 -0.510926 181.412
0.0247103 -0.0201875 15.804
-0.179251 -0.0736635 264.938
-0.00270742 -0.0395584 52.252
0.0212733 -0.0412827 24.0586
0 -0.0366276 48.2181
0 -0.0412646 49.4923
0.0065972 -0.0760545 56.2971
0.0065972 -0.0760545 56.2971
0.00659721 -0.0760545 56.2971
0.00659721 -0.0760545 56.2971
0.00659722 -0.0760545 56.2971
0.00659722 -0.0760545 56.2971
-0.0490175 -0.0688197 61.3939
0 0 -1
-0.0555687 0.177932 50.0103
0.00265367 0.0324002 22.701
0.00265367 0.0324002 22.701
0.00265367 0.0324002 22.701
0.00265367 0.0324002 22.701
0.00265367 0.0324002 22.701
0.00265367 0.0324002 22.701
-0.560279 0.411516 257.256
0.0133652 0.25385 -47.612
0.018745 0.265689 -52.9415
-0.0291658 -0.231891 124.515
0.0807893 0.325748 -97.3661
0.073878 0.307093 -87.8282
0.0155765 0.318426 -65.0127
-0.042802 0.314713 -36.8216
-0.0507282 0.211626 -2.4066
-0.019064 0.201216 -15.6246
0.0507506 0.568666 -175.492
0.0507506 0.568666 -175.492
-0.0163957 0.116891 14.9106
-0.0418862 0.11641 30.4526
0.0131959 0.634984 -175.822
-0.0207248 0.292513 -39.0988
0.0235774 0.312988 -75.5094
0.0714713 0.268203 -95.3336
0.134589 0.265631 -139.559
0.0648394 0.267768 -88.8949
0.0574293 0.264914 -82.5851
0.0610238 0.254195 -82.4918
0.015625 0.285156 -53.0352
0.065041 0.308334 -102.99
0.0475883 0.75329 -231.504
0.0566221 -0.121014 25.2625
-0.00429368 0.380471 -75.0017
-0.00479578 -0.247818 115.423
-2.29732e-12 0.407142 -86.887
-2.45934e-12 0.407142 -86.887
0.00226227 -0.249588 119.655
-0.00864693 -0.106152 77.7649
0 0.407142 -86.887
0 0.786092 -201.763
0 0.407142 -86.887
0 -0.250977 122.316
-0.0377463 0.406958 -44.7554
0.0161797 0.41701 -109.323
0.000542039 0.265848 -44.0799
0.00264667 0.319837 -50.3125
-0.120204 0.203445 131.536
0.00623285 0.340707 -61.1538
0 -0.261719 125.686
0.0238565 0.370387 -23.452
0.0237973 0.370171 -23.3793
0.0078125 0.0195312 9.65625
-0.0101759 0.164894 48.1139
-0.0102558 0.16504 48.0781
-0.0147372 0.168482 47.4488
-0.0366868 0.184977 44.885
-0.0532027 0.193348 44.7532
-0.00893183 0.205757 33.3742
-0.0730126 0.201205 45.6463
3.29441e-14 0.434349 -43.9471
3.27125e-14 0.434349 -43.9471
4.47173e-14 0.434349 -43.9471
0.517604 -0.109712 77.4237
0.0520323 -0.107948 217.717
0.0388797 -0.0790054 212.194
0.00812465 0.306916 -62.455
0.018869 0.288336 -60.307
0.0408112 0.293452 -70.6021
0.0787056 0.310905 -91.6889
0.0722362 0.321601 -92.0317
0.0230808 0.320805 -69.43
-0.00227339 0.337123 -62.9838
-0.000860899 0.336362 -63.3549
-0.0129745 0.346272 -60.2082
-0.0353159 0.333954 -44.3082
-0.0266967 0.347227 -53.5258
-0.0243945 0.348863 -55.4018
-0.0237026 0.349674 -56.1301
-0.0165016 0.340402 -57.5415
-0.00610289 0.324143 -58.8815
0.017614 0.330972 -77.1231
0.04933 0.326372 -97.5775
0.0720123 0.292884 -102.489
0.0510021 0.283352 -83.4676
0.0624639 0.273068 -88.7452
0.0596296 0.28977 -91.55
0.0567768 0.279659 -86.2498
0.0619789 0.302912 -98.6545
0.0406938 0.244325 -60.9632
0.037546 0.197699 -42.5051
0.0447275 0.255541 -68.1563
0.00753561 0.0995086 17.175
0.00770586 0.0951294 18.5029
0.00544166 0.0924574 21.5623
0.00156818 0.0915079 25.6404
-0.00264784 0.0931931 29.2292
0 -0.0162889 62.3888
0 -0.0162889 62.3888
0 -0.0162889 62.3888
0 -0.0162889 62.3888
0.00364964 0.114348 14.65
0.00482329 0.105945 16.1773
0.00495261 0.100563 17.8516
0.00285685 0.0969511 21.5224
0.00118778 0.0772139 30.0984
0.00102887 0.0661501 33.9878
0.00102887 0.0661501 33.9878
0.0238386 0.0769184 77.9356
0.0237534 0.077189 77.8408
-0.160504 0.230829 -42.8475
-0.160504 0.230829 -42.8475
-0.00370998 0.166186 47.0286
-0.010025 0.170959 46.0528
-0.0215059 0.180319 44.2656
-0.036353 0.188828 43.5636
-0.0561612 0.202615 42.3912
-0.0692404 0.226615 35.976
-0.0440644 0.236707 27.1766
-0.0782504 0.371318 -53.9218
-0.0797827 0.367874 -52.2973
-0.0829452 0.361283 -49.0934
-0.0837596 0.352338 -45.7584
-0.071101 0.339714 -45.5457
-0.0345929 0.327139 -53.9324
0.00901988 0.306416 -62.6189
0.043491 0.305025 -75.4553
0.0603899 0.299433 -80.2179
0.00127146 1.29575 -435.879
0.0143968 0.327241 -67.5569
0.0081466 0.335836 -67.6142
0.000765456 0.338522 -64.9026
-0.0157433 0.332749 -54.1989
-0.0257288 0.341688 -52.1053
-0.0244526 0.347522 -54.8924
-0.0250951 0.348319 -54.8006
-0.0259945 0.347004 -53.8205
-0.0213814 0.340247 -54.3866
-0.00638115 0.333908 -61.9601
0.0187169 0.336155 -79.5821
0.0430783 0.335702 -96.2166
0.0452256 0.32127 -92.402
0.0235544 0.263127 -56.1716
0.0687649 0.241286 -82.3473
0.0589443 0.256695 -80.1821
0.0477863 0.261425 -72.6264
0.0537621 0.285149 -85.1888
0.0383904 0.240761 -57.7002
0.0487779 0.260995 -73.3509
-0.0169643 0.109316 35.9453
-0.00205038 0.101397 25.3126
0.00354338 0.0953795 22.3113
0.00366624 0.0921727 23.3586
0.0013794 0.0914953 25.8274
-0.00177909 0.0935113 28.2467
-0.0052158 0.0974818 30.3181
-0.00551471 0.106238 27.4915
-0.00389879 0.112492 23.5452
-0.000239045 0.11504 18.6853
0.0539568 0.224804 -103.293
0.0493418 0.183535 -83.0528
0.0275604 0.189788 -60.5047
0.00172796 0.102729 20.8835
0.228216 -0.00432708 -232.787
0.231275 -0.00925186 -234.735
0 0 -1
0.0237493 0.0777108 77.6559
0.0233749 0.0795529 77.002
0.019128 0.128153 59.2171
0.00906309 0.168164 45.1217
0.00225788 0.166268 46.4152
-0.00658146 0.171592 45.4208
-0.0176501 0.176514 45.0641
-0.0308474 0.181155 45.3453
-0.03983 0.180889 46.9497
-0.0554339 0.218772 36.2705
-0.0462496 0.23818 27.16
0.00406555 -0.191097 107.58
0.00412224 -0.191104 107.567
0.00442469 -0.19121 107.519
0.00501469 -0.191196 107.335
0.00575783 -0.191226 107.106
0.00639498 -0.191321 106.924
0.0065992 -0.191501 106.921
0.00609834 -0.191787 107.228
0.00461214 -0.1922 107.998
0.00200998 -0.192759 109.338
-0.0113354 -0.179461 110.481
-0.00994128 -0.173417 107.579
-0.00843211 -0.16774 104.726
-0.00683043 -0.162506 101.957
-0.00527285 -0.157784 99.368
-0.00370203 -0.153633 96.9498
-0.00229615 -0.150104 94.8244
-0.001139 -0.147239 93.066
-0.000307952 -0.145068 91.7441
0.000163086 -0.143615 90.9024
0.000359591 -0.142888 90.5029
0.000359591 -0.142888 90.5029
0.02456 0.306883 -72.3314
0.0278287 0.298168 -71.6502
0.0510318 0.27056 -79.1069
0.0521673 0.255672 -74.4221
0.0477155 0.24083 -65.4547
0.0475329 0.25784 -71.3685
0.0456869 0.256481 -69.4233
0.0451676 0.255135 -68.4625
-0.0153116 0.111201 33.8117
-0.0069825 0.104502 28.7392
-0.000600885 0.0962645 25.8863
0.00183335 0.0917031 25.2832
0.00176786 0.0909294 25.6444
0.000588299 0.0931967 25.9808
-0.00050262 0.0981705 25.244
-0.000761664 0.106497 22.4273
-4.10377e-05 0.113541 19.054
0.00118682 0.117287 16.3436
0.00102449 0.118628 16.0346
-0.00039296 0.117088 18.191
-0.000986716 0.113378 20.2288
0.000622977 0.108578 20.112
0.00215782 0.110574 17.5601
0.00215782 0.110574 17.5601
-1.07317 7.70693 -1489.33
