1 116 0
1 3 3
3 5 2
5 6 2
6 7 1
7 8 3
8 9 3
9 10 3
10 11 0
11 12 1
12 13 0
13 14 3
14 74 1
18 74 1
18 23 3
23 24 3
24 136 3
24 25 2
25 147 3
25 36 3
36 38 3
38 155 3
41 155 0
41 50 0
50 162 3
51 162 3
51 453 3
57 453 0
3 62 3
5 62 2
53 453 0
25 136 2
1 60 3
52 453 0
3 60 3
6 65 1
7 65 3
3 61 3
61 62 3
23 77 1
55 453 0
18 77 1
59 60 3
41 156 0
14 73 1
155 156 3
57 115 0
11 69 1
12 69 1
73 74 3
50 156 3
5 63 3
115 453 3
1 59 3
6 63 1
8 66 3
9 67 3
10 68 3
12 70 3
13 71 1
60 61 3
7 66 3
66 67 3
67 68 3
68 69 3
69 70 0
12 71 0
63 65 1
18 133 1
59 116 0
74 133 3
77 133 2
51 227 1
227 453 0
65 66 3
14 71 1
28 147 3
25 28 2
51 284 3
62 63 2
70 71 0
14 130 1
38 154 3
227 284 0
71 130 3
73 130 3
74 132 3
23 136 2
154 328 3
38 328 3
162 284 3
132 133 3
36 268 3
155 328 3
172 453 3
115 172 3
25 27 3
27 147 3
38 268 2
63 122 0
65 122 0
136 138 1
66 124 3
25 138 1
67 124 3
70 129 0
71 129 3
25 26 3
63 121 1
77 192 2
25 208 3
25 267 3
36 267 3
62 121 1
65 123 3
66 123 3
70 128 3
128 129 0
133 192 3
23 192 1
208 267 3
267 268 3
60 118 3
61 119 3
129 130 3
59 118 3
60 119 3
62 119 3
67 125 0
68 126 0
69 127 0
73 131 3
154 268 3
121 122 3
124 125 0
125 126 3
126 127 3
127 128 3
130 131 3
74 131 3
23 193 1
171 453 3
118 119 3
192 193 3
136 195 3
26 208 3
171 172 3
59 117 3
123 124 3
162 631 3
115 173 3
116 117 1
117 118 3
122 123 1
138 195 0
26 28 3
284 631 3
172 173 3
118 176 3
119 176 3
268 328 0
62 178 1
121 178 3
156 389 3
50 389 3
389 501 3
119 178 1
27 144 3
162 503 3
144 147 3
50 503 3
131 132 3
136 193 2
27 199 1
25 199 1
503 631 3
129 187 1
26 147 3
171 227 1
128 187 3
147 206 1
130 187 1
130 188 3
131 188 3
131 189 3
25 197 3
121 179 0
125 183 3
132 189 3
136 252 2
27 259 1
147 208 3
119 177 3
178 179 0
122 180 2
123 181 3
124 182 3
124 183 0
126 184 3
127 185 3
128 186 0
132 190 3
132 192 3
138 197 0
197 199 1
176 177 3
177 178 1
179 180 1
180 181 1
181 182 3
183 184 3
184 185 2
185 186 0
186 187 1
188 189 3
189 190 3
144 259 1
171 173 3
116 174 1
187 188 0
192 251 3
147 263 1
155 389 3
328 387 3
117 174 2
117 176 3
190 192 3
193 252 3
199 259 3
328 389 3
196 197 3
195 197 3
182 183 0
262 263 1
208 263 1
190 251 3
147 262 1
197 254 3
147 434 3
171 229 1
144 434 3
262 434 0
269 328 0
173 229 1
195 196 3
389 503 3
171 286 3
186 244 2
187 244 0
227 286 0
182 240 3
183 240 1
227 462 0
174 176 3
176 235 1
188 246 1
196 313 3
227 575 0
174 233 3
177 235 1
328 329 3
284 575 3
176 233 2
189 246 1
193 251 3
208 323 0
329 389 3
275 503 3
286 462 3
173 231 3
174 232 3
185 244 0
189 247 3
190 247 2
195 253 3
199 315 0
263 323 0
116 232 1
177 236 1
178 236 3
183 242 3
184 242 3
248 251 3
171 287 3
229 287 0
180 238 3
181 239 3
183 241 3
185 243 3
187 245 3
190 248 3
196 253 3
173 287 3
287 288 1
173 288 2
231 288 1
232 233 3
176 234 1
235 236 1
179 237 1
180 237 3
238 239 1
239 240 3
240 241 0
241 242 3
242 243 2
244 245 1
188 245 1
246 247 3
247 248 3
253 313 3
462 575 3
233 234 1
234 235 0
178 237 3
243 244 0
245 246 3
259 315 0
286 287 3
136 253 3
284 338 3
236 237 3
268 326 3
338 574 0
338 575 3
237 238 3
251 252 3
267 326 3
208 324 0
252 253 3
267 324 0
443 501 3
251 308 3
329 387 3
251 307 3
323 324 3
324 326 1
253 312 3
312 313 3
338 631 3
259 434 0
326 328 0
248 307 3
251 309 3
434 435 3
263 381 0
308 309 3
259 435 0
262 435 0
571 631 3
246 304 3
247 304 3
252 309 3
376 435 3
262 381 0
287 462 3
116 290 1
232 290 3
242 300 3
248 306 3
233 290 2
238 296 3
239 297 3
240 299 0
241 299 3
241 300 3
243 302 0
244 302 3
247 306 3
306 307 3
252 310 3
323 381 3
234 292 0
235 293 1
236 294 3
237 295 3
239 296 0
240 297 3
245 303 0
245 304 3
307 308 3
253 310 3
196 315 3
315 435 3
381 435 3
233 292 0
292 293 1
293 294 3
294 295 3
295 296 3
243 300 2
302 303 2
247 305 3
231 287 3
231 346 1
243 301 0
304 305 3
387 501 3
300 301 3
303 304 0
387 389 3
338 571 3
299 300 3
301 302 3
287 403 3
305 306 3
287 399 3
231 403 3
326 441 0
399 462 3
253 369 3
313 372 3
503 571 3
296 297 1
309 310 3
310 369 3
315 374 3
389 563 3
501 563 3
306 363 1
346 403 0
290 292 0
305 363 3
312 369 3
399 403 3
324 441 3
290 349 3
292 349 1
240 356 3
297 356 3
299 356 1
309 367 3
389 449 3
449 503 3
310 367 3
196 372 3
297 355 3
299 357 3
324 440 3
450 503 3
116 348 1
290 348 3
296 355 1
306 364 3
313 371 3
307 364 3
308 367 3
312 371 3
371 372 3
380 381 0
326 501 3
308 366 3
196 373 3
323 440 3
328 501 3
356 357 0
300 357 3
312 370 3
372 373 3
295 353 3
296 353 3
304 363 3
307 365 3
366 367 3
369 370 3
503 567 3
292 351 1
293 351 3
294 352 3
303 361 0
364 365 3
310 368 3
370 371 3
315 373 3
567 571 3
294 351 3
295 352 3
296 354 3
302 360 2
302 361 2
304 361 3
304 362 3
368 369 3
301 359 3
301 360 3
360 361 3
362 363 3
348 349 3
292 350 1
354 355 1
300 358 3
301 358 3
359 360 3
367 368 3
351 352 3
352 353 3
353 354 3
355 356 3
361 362 3
363 364 0
381 437 3
450 567 3
346 404 3
349 350 3
308 365 3
373 374 3
380 437 0
403 404 1
357 358 3
358 359 3
365 366 3
323 439 3
350 351 1
389 443 3
439 440 3
374 432 3
315 432 3
432 435 3
381 439 3
441 501 3
440 441 3
376 432 3
380 438 0
441 557 3
389 390 1
574 575 0
380 439 0
366 424 3
367 425 3
357 415 3
358 416 0
359 416 3
359 418 3
360 418 3
363 420 3
365 424 3
366 425 3
437 438 3
359 417 3
362 420 3
368 425 3
372 431 3
435 437 3
349 407 3
351 408 0
351 409 3
352 409 3
354 411 3
355 413 3
356 415 0
357 416 0
417 418 3
364 422 3
369 428 3
370 428 3
370 429 3
371 429 3
438 439 3
348 407 3
350 408 3
353 411 3
354 413 1
365 423 3
368 426 3
368 427 3
369 427 3
571 574 0
399 404 1
348 406 3
349 408 3
352 410 3
352 411 3
354 470 3
361 420 3
423 424 3
427 428 3
373 432 3
407 408 3
409 410 3
410 411 3
411 470 3
356 413 3
415 416 2
418 419 3
360 419 0
361 419 0
363 422 0
428 429 3
373 431 3
406 407 3
419 420 1
425 426 3
426 427 3
371 431 3
501 557 2
404 521 0
408 409 3
416 417 3
426 484 3
443 449 3
462 517 1
424 425 3
427 484 3
517 575 0
399 517 1
364 423 3
429 431 3
431 488 3
440 557 3
404 520 1
413 470 0
422 423 3
429 488 3
399 520 1
520 521 0
420 422 0
557 558 3
501 558 3
356 472 3
413 472 3
419 477 3
517 574 1
411 469 3
410 469 3
422 479 3
437 494 2
418 477 3
420 479 3
435 494 2
501 619 3
415 472 1
431 489 3
488 489 3
431 432 3
438 496 1
438 497 3
409 467 3
432 493 2
435 493 2
439 497 3
469 470 3
503 508 3
413 471 3
471 472 3
423 481 3
432 490 3
493 494 3
440 555 2
443 503 3
408 467 3
417 476 3
418 476 3
423 482 3
424 482 3
425 482 3
427 486 3
428 486 3
450 508 3
567 686 1
571 686 1
410 467 3
416 474 3
416 475 3
417 475 3
439 555 2
555 557 3
508 567 3
399 569 3
406 464 3
407 465 3
408 465 3
415 474 2
476 477 3
420 477 3
420 478 3
481 482 3
425 483 3
519 569 0
520 569 0
407 464 3
482 483 3
429 486 3
431 490 3
519 635 0
410 468 3
415 473 2
473 474 3
422 481 3
426 483 3
429 487 3
489 490 3
496 497 0
503 507 3
467 468 3
474 475 3
477 478 3
422 480 3
486 487 3
468 469 3
470 471 1
478 479 3
487 488 3
437 496 1
571 572 3
484 486 3
497 555 3
443 559 3
572 574 1
569 635 1
475 476 3
479 480 3
443 619 3
480 481 3
490 549 3
549 550 3
432 549 1
432 550 1
493 550 1
520 578 0
464 465 3
465 467 3
489 606 1
489 548 1
521 578 3
467 524 3
483 484 3
488 546 1
489 546 1
494 552 3
437 552 2
499 555 3
499 557 3
443 560 3
559 560 3
569 578 1
465 524 3
482 541 2
483 541 2
487 545 1
443 508 3
488 545 1
490 548 3
552 553 3
437 553 1
475 533 3
468 526 3
472 473 0
474 533 3
484 544 1
486 544 1
464 523 3
465 523 3
467 526 3
469 526 3
470 528 3
481 539 3
548 549 3
467 525 3
480 539 3
483 542 2
487 544 1
523 524 3
524 525 3
525 526 3
469 528 3
473 531 3
476 533 3
484 542 2
571 688 2
572 688 1
470 529 1
471 529 3
472 531 0
474 532 3
477 535 3
548 606 3
517 569 0
464 522 3
469 527 3
472 529 3
474 531 3
478 535 3
479 539 3
542 543 3
484 543 1
544 545 1
493 551 3
494 551 3
555 556 3
499 556 3
569 576 1
522 523 3
526 527 3
531 532 3
546 606 0
550 551 0
476 535 3
482 539 3
545 546 3
604 606 3
551 552 3
443 624 3
508 624 3
482 540 2
546 604 3
437 554 1
496 554 3
508 566 3
541 542 3
571 628 3
527 528 3
532 533 3
566 567 3
628 686 1
628 688 2
529 531 0
479 535 3
540 541 3
543 544 3
569 574 1
539 540 3
528 529 1
497 554 1
559 565 3
560 565 3
567 742 3
479 538 3
554 555 0
556 557 3
501 617 2
535 538 3
538 539 3
617 619 3
686 742 0
443 565 3
565 624 3
566 624 3
529 588 3
551 608 3
558 617 3
531 588 1
550 608 2
557 615 3
558 616 3
525 583 1
526 583 1
532 590 3
533 590 3
535 593 3
540 599 3
541 599 3
553 554 1
557 616 3
524 583 1
527 586 3
529 587 2
544 602 3
528 586 1
533 592 1
476 592 1
535 592 1
592 593 3
538 593 3
538 595 3
543 602 3
556 615 3
618 619 3
587 588 2
533 591 3
539 595 3
539 598 3
540 598 3
542 599 3
542 600 2
543 600 3
615 616 3
616 617 3
617 618 3
567 625 3
529 586 2
591 592 3
545 602 0
555 613 3
556 613 3
566 625 3
625 742 3
576 634 3
586 587 3
531 590 3
590 591 3
569 634 1
522 580 1
523 581 1
524 582 1
526 584 1
527 585 1
531 589 3
580 581 3
581 582 3
582 583 3
583 584 3
584 585 1
585 586 0
595 598 3
598 599 3
545 603 3
545 604 3
553 612 2
554 613 3
569 572 3
589 590 3
599 600 3
602 603 3
603 604 3
551 610 3
552 610 3
554 612 3
556 614 3
614 615 3
565 623 3
600 602 3
623 624 3
289 569 3
289 578 1
597 598 3
603 662 3
604 662 3
553 610 3
612 613 3
549 607 3
445 619 3
565 622 3
595 597 3
548 607 3
550 607 2
560 622 3
622 623 3
593 594 3
606 663 3
588 589 0
538 594 3
606 607 3
613 614 3
443 445 3
624 625 3
569 693 3
604 663 2
610 612 3
443 622 3
594 595 3
607 608 3
445 622 3
289 752 1
600 659 3
602 659 3
608 666 3
589 647 3
590 647 3
597 654 3
616 620 3
606 664 3
610 667 3
620 736 0
617 620 3
588 646 0
595 654 3
662 663 3
608 667 3
551 667 3
588 647 0
597 714 3
666 667 3
612 669 1
617 675 1
593 651 3
613 671 1
614 671 1
615 620 3
618 675 2
587 646 0
646 647 3
590 648 3
591 648 3
599 656 3
610 668 3
610 669 3
612 671 1
445 618 3
654 714 3
598 656 3
599 657 3
600 658 3
667 668 3
668 669 3
624 742 3
628 745 1
688 745 1
580 638 1
581 639 1
582 640 1
583 641 1
583 642 1
584 642 1
585 643 0
586 644 2
587 645 0
591 649 3
592 651 2
600 657 3
658 659 3
602 660 3
603 660 3
607 664 3
607 666 3
612 670 1
615 671 1
615 731 3
638 639 3
639 640 3
583 640 1
641 642 3
642 643 0
585 644 0
644 645 0
645 646 1
594 651 3
594 652 3
663 664 3
670 671 3
569 692 1
640 641 3
647 648 3
648 649 3
592 649 3
597 656 3
669 670 3
671 731 0
620 731 3
620 675 1
445 675 1
686 743 0
656 714 3
656 657 3
657 658 3
742 743 3
289 693 3
594 654 3
659 660 3
692 693 0
592 650 2
650 651 3
660 662 3
623 739 3
623 742 2
643 644 3
572 745 1
651 652 3
607 722 3
739 742 3
686 745 3
654 713 3
713 714 3
664 722 3
666 722 3
622 739 3
594 711 3
622 678 3
445 678 3
652 711 3
654 711 3
660 719 3
662 719 3
666 723 3
740 742 3
649 650 3
722 723 3
622 795 1
739 740 3
647 706 2
648 706 2
678 795 1
739 795 1
667 725 3
569 745 1
643 701 1
658 716 3
662 721 3
663 721 3
642 701 2
668 725 3
670 728 3
648 707 3
657 716 3
663 722 3
669 728 3
670 729 3
671 729 3
649 707 3
654 712 3
668 727 3
741 742 3
646 704 3
649 708 3
650 708 3
652 710 3
659 716 3
666 725 3
669 727 3
740 741 3
638 696 3
639 697 3
640 698 3
641 699 3
642 700 3
644 702 3
645 703 1
647 704 3
706 707 0
650 709 3
651 709 3
651 710 3
662 720 3
721 722 3
445 736 3
289 753 1
696 697 3
697 698 3
698 699 3
699 700 3
700 701 2
701 702 0
702 703 3
703 704 3
709 710 3
659 717 3
660 717 3
720 721 3
647 705 2
710 711 3
711 712 3
719 720 3
666 724 3
671 730 3
678 736 3
743 745 1
705 706 3
707 708 3
716 717 3
724 725 3
728 729 3
730 731 0
657 715 3
660 718 3
727 728 3
729 730 3
736 795 1
704 705 3
708 709 3
717 718 3
718 719 3
723 724 3
712 713 3
714 715 3
715 716 3
675 736 0
668 784 3
727 784 3
731 789 1
573 743 3
736 852 1
573 802 1
725 784 3
731 736 0
795 852 3
739 797 1
573 745 1
569 810 1
693 810 1
736 789 1
795 797 3
740 797 1
706 764 1
730 789 3
289 810 0
705 764 1
711 769 3
712 770 3
722 781 2
742 1031 3
743 1031 3
707 765 1
708 765 3
712 769 3
723 781 2
728 787 3
729 787 3
741 1031 3
708 766 3
709 766 3
714 772 3
716 774 3
717 774 3
722 780 3
745 810 0
707 764 1
709 825 3
769 770 3
715 774 3
720 778 3
721 779 3
704 763 3
705 763 3
764 765 3
765 766 3
710 769 3
714 773 2
721 778 3
722 779 3
780 781 1
724 781 2
730 787 3
753 810 1
696 754 0
697 755 0
698 756 0
699 757 0
700 758 0
701 759 0
702 760 2
703 761 3
704 762 3
710 768 3
713 770 3
713 772 3
772 773 3
717 775 3
724 782 3
725 783 3
753 811 1
754 755 1
755 756 3
756 757 3
757 758 3
758 759 3
759 760 3
760 761 3
761 762 3
718 775 3
718 777 3
719 777 3
720 777 3
778 779 3
779 780 3
781 782 0
782 783 3
783 784 3
727 785 3
728 785 3
762 763 3
709 768 3
715 773 1
784 785 3
810 811 1
766 825 3
774 775 3
777 778 3
740 856 1
741 856 1
773 774 0
775 777 3
770 772 3
795 854 3
573 1031 3
763 764 1
768 825 3
785 787 3
797 854 3
573 810 0
856 1031 0
768 769 3
789 847 3
797 856 3
736 847 1
772 829 2
785 844 3
787 844 3
770 828 3
770 829 3
785 843 0
775 834 3
777 834 3
852 853 3
795 853 3
765 823 3
768 827 3
769 827 3
774 832 1
843 844 1
853 854 3
975 1031 0
766 823 3
766 824 3
768 826 3
769 828 2
775 832 1
573 975 1
828 829 2
773 831 3
787 845 3
730 846 3
789 846 3
764 822 2
825 826 3
827 828 3
772 831 3
777 835 3
778 835 3
730 845 3
797 855 3
754 812 3
755 813 3
756 814 3
757 815 3
758 816 3
759 817 3
760 818 3
761 819 3
762 820 3
763 821 3
765 822 3
772 830 3
779 837 1
780 837 1
780 838 1
781 839 2
782 840 1
783 841 1
784 842 1
854 855 3
855 856 3
812 813 1
813 814 3
814 815 3
815 816 3
816 817 3
817 818 3
818 819 3
819 820 3
820 821 3
763 822 3
824 825 3
830 831 3
773 832 2
778 837 1
837 838 3
838 839 3
839 840 0
840 841 3
841 842 2
842 843 1
829 830 3
845 846 3
826 827 3
835 837 1
844 845 3
846 847 3
823 824 3
834 835 3
736 909 1
822 823 3
852 909 3
837 894 0
821 822 3
832 834 3
835 894 3
855 913 3
856 913 3
831 832 3
832 889 3
832 891 3
831 889 3
834 891 3
846 905 3
847 905 3
812 870 3
813 870 0
823 882 2
844 902 3
846 904 3
736 905 1
824 882 2
845 902 3
904 905 3
852 910 3
854 912 3
855 912 3
827 885 3
829 887 1
843 902 2
853 910 3
822 880 3
823 880 3
828 885 3
828 886 1
830 888 3
831 888 3
845 903 3
846 903 3
853 912 3
573 1032 1
813 871 3
814 872 3
815 873 3
816 874 3
817 875 3
818 876 3
819 877 3
820 878 3
821 879 3
826 884 3
829 886 1
829 888 1
834 892 3
835 893 3
837 895 3
838 896 3
839 897 3
840 898 2
841 899 2
842 900 1
843 901 2
902 903 3
909 910 3
853 911 3
975 1032 0
870 871 1
871 872 3
872 873 3
873 874 3
874 875 3
875 876 3
876 877 3
877 878 3
878 879 3
879 880 3
825 884 3
885 886 1
891 892 3
892 893 3
894 895 1
895 896 3
896 897 3
897 898 3
898 899 3
899 900 3
900 901 3
901 902 1
910 911 3
911 912 3
825 883 3
827 884 3
893 894 3
903 904 3
824 883 0
883 884 3
886 887 3
888 889 3
884 885 3
889 948 3
832 948 3
913 1031 0
887 888 3
880 882 3
882 883 3
891 948 3
905 965 3
736 966 1
909 966 3
736 965 1
912 913 3
882 939 3
880 939 2
884 942 3
885 942 3
913 971 3
1030 1031 3
573 983 1
912 971 3
913 1030 0
964 965 3
894 952 2
905 964 3
889 947 3
947 948 3
895 952 3
965 966 3
911 969 3
974 1031 0
883 942 3
891 949 3
892 949 3
892 950 3
902 960 3
974 1030 0
974 975 3
893 950 3
901 960 1
903 960 3
903 961 3
910 968 3
910 969 3
870 928 3
871 929 2
872 930 2
873 931 2
874 932 2
875 933 2
876 934 0
877 935 1
878 936 1
879 937 3
880 937 3
880 938 3
942 943 3
885 943 3
886 944 0
887 945 0
887 946 3
888 946 3
893 951 3
894 951 3
895 953 2
896 954 2
897 955 3
898 956 3
899 957 0
900 958 1
901 959 1
903 962 3
904 962 3
909 967 3
968 969 3
912 970 3
971 1030 0
928 929 1
929 930 3
930 931 3
931 932 3
932 933 3
933 934 0
934 935 1
935 936 3
936 937 0
938 939 3
883 941 3
943 944 3
944 945 3
945 946 1
889 946 3
948 949 3
950 951 3
952 953 1
953 954 3
954 955 0
955 956 3
956 957 0
957 958 1
958 959 0
959 960 3
960 961 3
961 962 3
966 967 3
967 968 3
970 971 3
882 941 3
949 950 3
905 962 3
969 970 3
937 938 3
941 942 3
946 947 3
951 952 0
962 964 3
974 1032 0
882 998 3
941 998 3
964 1021 3
939 998 3
962 1021 3
936 994 0
937 994 3
573 1041 1
966 1024 3
967 1024 3
935 993 3
965 1024 3
936 993 3
947 1006 3
948 1006 3
949 1006 3
957 1015 1
958 1015 3
967 1025 1
968 1026 1
934 993 1
994 995 3
937 995 3
941 999 3
947 1005 3
965 1023 3
1024 1025 3
967 1026 1
983 1041 3
942 999 3
946 1005 3
1023 1024 3
969 1027 0
970 1028 3
573 1043 1
1025 1026 3
968 1027 0
969 1028 3
928 986 1
929 987 1
930 988 1
931 989 1
932 990 1
933 991 1
934 992 1
938 996 3
939 997 3
942 1000 1
943 1001 1
944 1002 1
945 1003 1
946 1004 3
949 1007 3
950 1008 3
951 1009 3
952 1010 1
953 1011 1
954 1012 1
955 1013 1
956 1014 1
1015 1016 3
958 1016 3
959 1017 3
960 1018 3
961 1019 3
962 1020 3
964 1022 3
965 1022 3
1027 1028 1
971 1029 0
986 987 3
987 988 3
988 989 3
989 990 3
990 991 3
991 992 3
992 993 3
995 996 3
996 997 3
997 998 3
999 1000 1
1000 1001 3
1001 1002 3
1002 1003 3
1003 1004 3
1004 1005 3
1005 1006 3
1006 1007 3
1007 1008 3
1008 1009 3
1009 1010 3
1010 1011 3
1011 1012 3
1012 1013 3
1013 1014 3
1014 1015 3
1016 1017 3
1017 1018 3
1018 1019 3
1019 1020 3
1020 1021 3
1021 1022 3
1026 1027 0
1028 1029 0
1029 1030 3
993 994 0
998 999 3
1022 1023 3
