0.161204 -0.0508176 17.6468
-0.0541157 -0.0457758 22.5184
-0.0503022 -0.0811422 23.3846
-0.0633653 -0.0623017 23.7634
-0.0379528 -0.0762554 22.1873
0.567871 -0.206019 -39.462
-0.16161 -0.203681 54.3448
-0.0714954 -0.00436015 53.9624
-0.0694235 -0.00782345 53.7182
-0.0897301 -0.0234013 57.989
-0.12008 -0.0573504 64.8675
-0.00514263 -0.132824 11.489
-0.0123852 -0.0727949 28.1934
-0.0717566 0.0338192 31.5232
-0.0581452 0.0550186 27.2393
-0.208984 2.07487 38.1582
0.149366 0.0747913 -39.8102
0.313992 -0.0797913 -100.394
-0.020856 0.0260863 15.1524
0.150595 -0.0302048 -30.8607
0.154895 -0.0308303 -32.6684
0.141719 -0.0359849 -32.8458
-0.072675 -0.00733844 67.7307
-0.0252809 0.0271246 17.1596
-0.0554627 0.0160801 31.2761
0.00549099 0.0578655 -0.980773
0.0164587 0.0468826 -8.03134
0.0102826 0.0204505 -3.52213
0.0242081 -0.0337422 -9.66827
0.0193001 -0.00619011 -7.76211
0.0228416 0.0572 -13.5499
0.0210785 0.0353724 -11.7087
0.0118862 0.0540159 -6.28432
0.00948175 0.0582425 -4.66118
0.0107713 0.0253758 -4.29853
0.108721 -0.0396134 -78.4345
0.0148953 0.0320724 -6.06253
0.0398802 0.0692383 -24.672
-0.0104678 -0.0527006 16.1153
-0.0266409 -0.0419784 27.9065
-0.0461852 0.026222 57.2539
-0.0316873 0.00697549 44.7579
-0.0378874 0.0327702 49.5987
-0.015392 0.0444237 28.5711
0.00537533 0.0524411 8.81089
0.0178808 0.0545126 -3.27823
0.0189918 0.0527792 -4.30371
0.013452 0.0495893 1.35986
0.00981007 0.0494523 5.08992
0.0753338 -0.285706 -67.2133
0.00806557 -0.00453163 -2.56782
-0.00541909 0.00270318 10.9499
-0.103628 -0.0860734 309.164
0.0106354 0.0622605 153.664
-0.0263726 -0.645311 52.4629
-0.0562931 -0.170305 79.6547
0.00968943 -0.523506 7.39579
-0.257871 -0.246319 333.026
0.159226 -0.0647695 17.9696
-0.0670414 -0.105064 24.0974
-0.0614404 -0.11216 25.152
-0.0627391 -0.124632 25.5694
-0.0241884 -0.128452 22.0666
0.599398 -0.218912 -43.0403
0 0 -1
-0.0783419 -0.00333442 55.0512
-0.0760235 -0.00498647 54.8594
-0.112475 -0.0289976 62.8161
-0.178959 -0.051964 77.7181
-0.215025 0.0309053 83.1896
-0.0532567 -0.0755334 39.2446
-0.00287657 -0.105133 20.8234
-0.0156136 -0.121917 25.0967
-0.0151844 -0.100544 24.9138
-0.0354679 -0.0667291 31.3248
-0.0257649 -0.0921587 28.7414
-0.0869174 0.119803 63.1793
0.114808 -0.18188 -24.9851
0.0435224 -0.213653 6.83631
0.133179 0.00825089 -29.6741
0.238379 -0.477969 -70.5109
0.016167 -0.836522 43.5868
0.396488 0.072178 -185.827
0.154305 0.0224476 -52.9126
0.0244407 0.00888082 -0.180739
0.0691295 0.00725684 -26.4063
0.0616464 -0.0795898 -18.0823
0.0259524 -0.451613 8.73961
0.0463946 0.23035 -33.2132
0 -0.448913 25.0983
0 -0.485153 26.4398
0 -0.485153 26.4398
0.0459217 -0.489992 -7.6312
0.00900158 0.0673541 -4.51337
-0.00593856 -0.025406 9.46752
0.0414267 0.14937 -22.6851
-0.0102986 0.195002 15.7355
0.211912 0.25829 -171.645
-0.100069 0.211142 97.8816
-0.0461315 0.0266708 57.2066
-0.0342106 0.0271399 46.3949
-0.00812254 0.0444055 21.7558
0.00961621 0.0523989 4.74379
0.017829 0.0539109 -3.21539
0.0166486 0.0521307 -1.94444
0.00981007 0.0494523 5.08992
0.000813776 0.0494195 14.4138
-0.00547137 0.0822718 20.0044
-0.00714395 0.115347 20.7762
-0.00696034 0.144168 19.6684
-0.00696034 0.144168 19.6684
-0.0190947 -0.00794141 190.173
-0.1069 -0.00511238 134.168
-0.0934695 0.00170728 117.755
0.00645506 -0.0849715 1.81098
-0.00318952 0.00196641 8.22043
0.157948 0.0101649 0.769916
-0.0541257 -0.152993 25.5293
-0.061612 -0.14261 25.6067
-0.0517893 -0.165723 25.7023
-0.0341481 -0.151721 23.5646
-0.0452324 0.160048 23.2735
-0.0295362 0.231325 17.7277
-0.0788703 -0.00727678 55.4072
-0.0885082 -0.0158359 57.7232
0.000753945 0.0550179 14.129
0.037489 -0.008878 9.51503
0.0909195 -0.0136988 -2.66234
0.0638075 -0.0534942 7.02052
-0.0157909 -0.0930909 24.5066
-0.00820112 -0.0897149 21.5583
-0.00201189 -0.102126 20.3808
-0.0143784 -0.110176 25.5376
-0.043854 -0.116102 36.1417
-0.0334926 -0.0393473 27.9843
-0.0336668 -0.048266 28.8536
-0.107001 -0.0327548 57.7628
0.136796 -0.0406435 -55.1487
0.215462 0.0283364 -95.4137
-0.0384847 -0.0110976 25.2042
0.0256987 -0.0529732 -3.99955
0.0602339 0.0672077 -26.6773
-0.021044 0.0040566 23.4649
0.256327 0.239411 -152.241
0.0161878 0.00552843 -6.35388
-0.688632 0.0297691 431.353
-0.0853682 -0.0681895 75.0789
0.0163542 0.019305 -6.97158
-0.0042403 -0.380194 45.5764
0.0878497 0.01952 -57.7196
-0.258582 -0.00879761 199.003
0.0234856 0.0519317 -14.2956
0.0121575 0.0848585 -9.66896
0.00687374 0.0467724 -5.47913
-0.0181549 -0.0322586 21.3325
-0.000670133 -0.0257712 6.06559
0.00632788 -0.0115726 -0.724748
-0.0125051 0.206623 2.54394
-0.00264077 0.0085128 5.16133
-0.0491833 0.176941 39.2348
0.00760041 0.018666 -5.59906
-0.000427725 0.00590918 3.48824
0.00108951 -3.85325e-05 4.23504
0.00915438 0.0160765 -7.07983
-0.00643967 0.176107 -0.536809
0.00980806 0.0104701 -7.37071
-0.00726894 0.174946 0.716792
0.000569946 0.0141673 1.85164
0.00747555 -0.000929693 -4.0542
-0.0184289 0.0127083 188.522
0.00285103 -0.00241643 0.565699
-0.013379 0.00682636 19.8564
0.000742064 0.00320479 3.61866
-0.0117963 0.00249588 18.6309
-0.0154903 0.11381 3.692
-0.0559432 -0.148472 25.3411
-0.0638211 -0.10176 21.923
-0.0574514 -0.145554 24.8041
-0.0827552 0.0862638 32.3525
0.00094037 -0.408895 43.1229
-0.0472574 0.0255576 33.7541
-0.0698331 -0.00147814 53.454
-0.0748099 -0.0036531 54.4552
-0.0783842 0.0525935 30.5214
-0.0555353 0.00233591 29.511
0.209116 0.0148225 -34.147
-0.239947 -0.33299 98.0854
-0.0127059 -0.0551232 29.3853
0.00696187 -0.10327 17.4153
0.0143952 -0.0668369 12.3002
0.00316915 -0.111864 18.9421
-0.0258442 -0.106264 30.0128
-0.0253283 -0.100905 29.32
-0.0534822 -0.0863855 40.1769
0.496388 -0.0761243 -197.812
-0.0370144 -0.00706055 23.0982
-0.024421 -0.00583696 16.4021
-0.00350444 -0.0129704 6.26339
-0.225799 -0.115639 141.447
-0.0146714 -0.0411289 23.3073
0.0170062 -0.084772 8.6946
0.170081 -0.138944 -75.9403
-0.0467323 0.0488657 27.0065
0.188741 0.0468943 -116.168
-0.06472 -0.0530135 60.2582
0.022354 -0.20024 14.4475
0.0414869 -0.223293 2.9513
0.080999 0.0142489 -52.7372
0.0146497 0.0729476 -7.6203
0.157199 -0.0387075 -106.639
-0.0298554 0.0242158 29.7171
-0.0183388 0.0235808 20.7136
-7.33459e-05 0.0195692 6.93725
-0.00181543 0.0142655 8.8382
0.190234 -0.348828 -113.736
0 0.0469911 4.76389
-3.53742e-15 0.0469911 4.76389
-3.53742e-15 0.0469911 4.76389
0 0.0469911 4.76389
0 0.0469911 4.76389
0 0.0469911 4.76389
0 0.0469911 4.76389
0 0.0469911 4.76389
0 0.0469911 4.76389
0 0.0469911 4.76389
0.00898004 -0.00296691 -5.49566
0.0061414 0.00572683 -4.23517
0.666583 -0.0922909 -735.285
0.399021 0.192317 -473.718
0.181459 -0.155761 -191.128
-0.00886037 -0.0184159 25.8505
0.00410899 0.0235421 -2.33398
-0.043803 0.131315 3.03806
-0.140217 0.218975 -2.322
-0.0560739 0.263318 0.302008
0 0.00279018 16.3048
-0.0388734 0.0326124 32.5242
-0.0476417 0.0370369 33.0738
-0.0431774 0.0308684 32.9538
-0.0714412 -0.00195117 53.7074
-0.0681755 -0.00480107 53.5191
-0.137368 0.0838828 40.1933
-0.0993838 0.0489835 35.019
0.298354 0.0500856 -58.99
-0.0148261 0.215234 -7.33614
-0.115168 -0.102812 62.6022
-0.157281 -0.0775347 72.5126
-0.119695 -0.0189556 53.8865
-0.0326088 -0.112949 32.5575
-0.0191825 -0.123987 28.8808
-0.0303866 -0.140443 35.0798
-0.0354996 -0.117504 35.3755
-0.0710063 -0.0928252 47.151
-0.0465816 -0.00820871 27.9002
0.00261624 0.00088882 2.02883
-0.0228836 -0.0227763 17.2259
0.221968 -0.790534 -27.9575
-0.234775 -0.0474619 145.288
0.125276 -0.133852 -49.9205
0.101502 -0.171545 -31.9887
0.054877 -0.115649 -10.1784
-0.0352731 0.429321 -5.44546
0.0278983 -0.0183182 -3.96038
-0.0087993 -0.162032 38.7516
0.00823883 -0.0931001 20.4916
0.0702786 -0.0850236 -37.2279
0.15807 0.0551831 -110.965
0.0118866 0.0488902 -4.323
-0.043795 0.0299229 39.6617
0.0274765 -0.0141111 -12.9814
-0.141816 -0.000120634 117.139
0.0071111 -0.0838402 3.86174
0.00576847 -0.0117626 -1.57738
0.00429514 0.0520698 -0.268283
0.00704023 0.0120094 -4.52332
-0.00122508 0.00035285 6.94218
-0.011385 0.00897604 14.5079
0.0221294 -0.194511 0.850469
-0.00937152 -0.0406434 17.8171
-0.0551548 -0.210946 80.7404
0.000400723 -0.00448675 3.72503
0.00291815 -0.00528458 1.2071
0 -0.174334 20.849
-0.00310113 0.00474365 6.33098
-0.00190916 0.0033701 7.1783
0.0106113 0.00761886 -8.02594
-0.00490704 0.011069 9.7938
-0.00470628 0.0142044 9.05945
0.309067 0.469081 -410.851
-0.0050027 -0.00554865 12.4773
0.0810016 0.0625768 8.55966
-0.268126 -0.295868 60.7578
0 0 -1
0.00971707 -0.0696604 39.3765
0.00512697 -0.0460032 36.7687
-0.0207198 -0.0235747 36.5614
-0.00310006 0.0025304 30.6204
-0.0723068 -0.00190453 54.1173
-0.0803009 -0.0021156 55.488
-0.138585 0.0730994 42.2752
-0.136163 0.051447 43.5523
-0.102865 0.0462556 36.951
-0.0502853 0.207145 3.63571
0.308114 0.190289 -94.8599
-0.110123 -0.0365422 53.3855
-0.132888 0.0113353 54.4076
-0.11659 -0.0933766 59.9509
-0.0353873 -0.129913 34.8975
-0.00822952 -0.0686296 17.5133
-0.0399546 -0.0829075 32.4039
-0.0325019 -0.0241909 22.8038
-0.0522546 -0.0176539 31.1218
-0.055534 -0.00565055 30.8506
-0.0195328 0.00147476 12.5376
-0.0041527 -0.0141873 6.70879
-0.00301982 -0.0215042 6.88349
0.00175925 -0.149228 23.3346
-0.0204647 -0.168546 38.4585
0.234617 0.223604 -173.465
0.534237 0.00275735 -334.069
-0.250052 0.0680292 171.267
0.0381574 -0.020318 -7.0871
0.0214357 -0.0340668 -8.27229
0.000258631 -0.0186272 4.47949
0.0154864 -0.0340752 -4.72538
0.157615 -0.106637 -101.424
-0.048332 -0.00760548 46.1384
-0.0960357 -0.110052 96.0198
0.00823857 -0.0229913 -2.11327
0.0143082 -0.021794 -7.61775
0.0196215 -0.0139161 -13.2211
0.0247572 -0.0156225 -17.34
-0.0192411 -0.197817 44.7302
0.0313871 0.00598982 -26.2953
-0.00974808 0.0174128 12.402
-0.0144213 -0.0662599 26.0175
-0.0120137 -0.0619579 22.9518
-0.0103624 -0.0627583 21.3314
-0.00108916 0.0042355 6.21301
-0.00303023 0.00996515 5.2407
-0.00100129 0.00486424 3.97992
0.0371258 -0.366051 7.133
0 -0.342419 45.3586
0.00922852 0.0081684 -7.67651
0.0192188 0.0313245 -22.1396
0.0216897 0.0484224 -26.386
0.0172357 0.0880406 -10.9505
-7.0513 -0.0769105 8718.16
0.078506 0.0787619 6.11264
0.0870747 0.0888208 4.33395
0.1122 0.0966036 2.45208
0.0254148 -0.0817052 39.5961
0.0192715 -0.0570097 36.8474
-0.015008 -0.0397239 37.6872
0.00125801 -0.0422612 36.1736
-0.0639046 -0.00705916 53.2025
-0.0735639 -0.00607955 54.7527
-0.168045 -0.0123726 59.456
-0.146629 0.0403582 47.7886
-0.0775015 -0.0260292 39.2592
-0.0610821 -0.0503847 39.1459
-0.0434487 -0.0397298 33.1785
-0.0582906 -0.0206698 35.3779
-0.070783 0.00154951 36.1825
-0.0119869 -0.00138292 9.52091
0.022941 -0.0087312 -2.41261
0.00935799 0.00740258 1.26244
-0.0174104 -0.000120459 13.1668
-0.0215155 0.0287631 10.9193
-0.0479649 0.00365495 27.1122
-0.0713988 0.0132608 36.0716
-0.0146464 -0.0083282 11.0014
-0.016752 -0.00449209 12.2346
-0.00555628 -0.0177098 7.7265
-0.0121754 -0.024485 13.7096
-0.0489107 -0.103753 46.6961
-0.00243028 -0.0201376 5.93219
0.0579472 0.0500155 -41.7308
-0.0304158 0.0795611 10.3845
0.0648231 -0.0155349 -25.5803
-0.436442 0.0895091 305.504
0.000562718 -0.0218796 4.63813
0.246244 0.18946 -206.016
0.055629 -0.0915254 -25.8404
-0.0476978 -0.0722973 51.7651
-0.0181327 -0.0667673 27.4038
0.0329152 -0.00441277 -25.3069
0.0163323 -0.0169883 -9.90102
0.027473 -0.0181528 -19.4524
0.0163685 -0.00670162 -10.2725
0.228002 0.108712 -217.594
0.000100076 0.0643616 -7.91459
-0.00600629 0.0209148 8.39808
0.0476137 0.0127449 -42.0473
0.00777185 0.119154 -17.6337
-0.0125952 0.24445 -16.2672
-0.0180349 0.147707 4.9189
0 0.440193 -58.6958
0.0178275 0.0453101 -22.2045
0.0088763 0.00482889 -5.58896
0 0.132078 -11.7035
-0.0198539 -0.624347 147.199
0.031759 -0.0298729 -28.5984
0.0261009 0.0287111 -29.1865
0.0282969 0.109528 -27.3264
0.00946133 0.11439 -5.02912
0.0665005 0.104597 2.38125
0.0707824 0.108932 1.42285
0.118559 0.0800782 4.90377
0.0745142 -0.0526824 30.5734
0.052986 -0.04217 31.3242
-0.00578663 -0.0454543 37.6048
-0.0111354 -0.0578233 39.7789
-0.0529732 -0.00603735 51.2728
-0.062847 -0.00205706 52.2863
-0.255618 -0.0796304 85.7029
-0.0473427 0.033457 22.0617
-0.0526308 0.0535957 19.8391
-0.0867251 0.0393419 31.5167
-0.131323 0.151087 24.3554
-0.0387424 0.00563241 24.509
-0.106618 0.103963 28.832
-0.0252759 0.117195 -2.53914
-0.0340616 0.113657 1.12638
0.00594112 0.0684531 -6.8366
-0.0203303 0.0444556 7.90869
-0.0349486 0.0531753 13.3068
-0.0412634 0.0155878 22.3611
-0.087841 0.0174615 43.5781
-0.0338237 0.00908701 18.2048
-0.0139648 -0.00276548 10.0693
-0.00552652 0.00926072 3.49495
-0.0101451 -0.0124308 9.58557
0.000861763 -0.0212637 5.27439
0.0283887 -0.0254697 -11.7364
0.00202712 -0.035852 5.44002
-0.000983777 0.142307 -19.2588
-6.84018e-05 -0.0196304 4.81333
-0.00119137 0.000739842 2.15471
-0.00137826 -0.0145115 4.70421
0.00616755 -0.0196452 0.114189
-0.00306452 -0.00351856 5.44693
-0.104784 0.0866511 70.5997
0.0305193 0.00724185 -25.199
0.0325746 -0.00313051 -25.5118
0.0349898 0.0156601 -31.0589
0.0379043 0.000214429 -31.2552
0.0210748 -0.0029809 -15.581
0.0483376 -0.00834539 -38.4858
0.0288361 0.0258561 -24.8561
-0.00737862 0.00743624 12.0859
0.0452028 -0.00507479 -36.9995
-0.00302358 0.0202633 4.97023
-0.00811128 0.00304022 13.8882
0.0136459 0.0213546 -13.9036
0.0175976 0.0280504 -19.1399
0.0157887 0.0140454 -14.7858
0.0128532 0.031894 -14.5823
0.0183419 0.0435018 -22.6229
-0.0059011 0.17865 10.9625
-0.00412356 0.209279 -10.9421
-0.121924 0.194523 128.924
-0.00371083 0.00950649 8.49117
0.0211132 0.0278301 -15.2942
0.0731086 0.114349 0.795749
0.075325 0.0945723 4.84179
0.0793024 0.0445626 13.6278
0.0703278 0.0224748 18.0322
0.0472332 -0.0109266 26.3939
0.00310343 0.0153738 25.7034
0.0225182 -0.00742442 26.0347
-0.0164142 -0.0149794 46.8154
-0.0378051 -0.0106595 49.3685
-0.082298 0.15217 8.19229
-0.0707461 0.125269 10.8243
-0.0541264 0.0977856 12.7306
-0.0517954 0.0960448 12.1736
-0.0511016 0.0786091 15.2447
-0.058111 0.0576226 21.3483
-0.0621781 0.128134 9.46262
-0.0324961 0.176185 -9.69469
-0.0521226 0.18001 -3.14996
-0.0492569 0.113155 7.45486
-0.0264694 0.065628 6.5962
-0.0210276 0.0555198 5.66946
0.0780023 0.153192 -56.2678
-0.0595306 0.0212124 29.2136
-0.0412332 0.010897 21.6502
-0.0168297 0.00648817 10.2809
0.0110142 0.0382423 -10.83
0.0054941 0.172325 -29.4848
0.0765222 0.0466784 -43.4916
0.0766928 0.0125282 -37.1389
-0.0284268 0.195806 -15.5654
-0.0183364 0.207203 -22.9687
-0.0239156 0.247504 -28.093
-0.0447161 -0.00799373 44.6237
-0.0128863 0.0319788 5.09892
-0.059874 0.705902 -91.2564
-0.044258 0.0356173 28.8887
-0.00326345 -0.00118247 4.14816
0.00879304 -0.006782 -4.77557
-0.176278 0.000864808 145.393
0.0107588 -0.00214653 -5.08996
0.0328326 0.00748637 -28.1937
0.0602381 0.00564191 -52.7163
0.00993657 0.0759623 -21.8047
0.0191028 -0.0138649 -12.3383
0.0103701 0.00967124 -5.49699
-0.0345802 0.000214585 39.8233
0.012632 0.144858 -31.8449
-0.0218411 0.00288431 25.7996
0.00699237 0.00988379 -5.06794
0.0142397 -0.00617281 -9.63587
-0.00361301 -0.0350951 15.0241
0.0120117 -0.0444802 -0.283128
0.0278624 0.0167097 -29.0784
0.069567 -0.187446 -28.772
0.547078 -0.0444454 -587.412
-0.00406164 -0.219258 83.0119
-0.0247223 0.056448 51.6286
0.0100987 0.0254783 -1.28627
0.0704334 0.109839 1.68815
0.0700602 0.0971887 4.2706
0.0538095 0.0585322 12.6523
0.0428595 0.0411998 16.596
0.0489446 0.029675 18.2832
0.0717724 0.059695 9.6623
-0.00150594 0.0683118 16.4109
0.0546568 -0.00288311 32.2953
-0.118056 0.165506 13.667
-0.0902174 0.146638 12.1956
-0.0835903 0.161248 7.7819
-0.0652831 0.156088 4.26317
-0.0447618 0.199706 -9.3622
-0.0449363 0.160531 -2.41133
-0.0313672 0.141479 -3.22102
-0.0222128 0.23988 -24.5144
-0.0386359 0.227281 -16.2179
-0.04106 0.251624 -21.2405
-0.0373217 0.34389 -42.0053
-0.0182954 0.343576 -49.9776
0.0187057 0.39475 -76.3473
-0.00252357 0.240116 -33.3675
0.00427596 0.217019 -32.2522
-0.0896955 -0.00923532 70.3742
-0.0961634 0.0533003 61.3419
-0.130241 -0.00723126 91.1033
-0.013348 0.216153 -26.6309
0.056898 0.170712 -57.3684
0.0220327 0.0314402 -7.33857
-0.0243973 0.261607 -30.0775
-0.051743 0.258221 -11.6835
-0.01115 0.304563 -48.3784
-0.099089 0.00589863 79.2495
-0.0158728 0.0903264 -2.58082
-0.0508936 0.0725647 26.8551
-0.0282775 0.0295343 18.43
0.0127526 0.0134903 -10.9349
0.0202767 0.000451707 -15.4921
0.0369451 0.0081883 -31.4372
0.00577519 0.0351459 -11.0674
0.0282229 0.0133759 -25.355
0.0176641 -0.0113866 -11.4219
0.0612914 0.0259723 -57.8067
0.0423361 0.00857087 -36.2906
-0.0140683 -0.00838743 20.7033
0.00563301 -0.00576083 0.309547
-0.00908962 0.0253263 8.48813
-0.00570108 -0.00317248 12.801
-0.00872969 0.0269226 7.88771
0.00345722 0.00766059 0.89062
-0.00516364 0.00429483 10.5903
-0.0374167 0.0259377 37.0518
0.9181 -0.0200504 -1002.99
-0.00322622 0.00499478 8.49224
0.379178 0.0402777 -432.181
0 0 -1
0.00812818 0.0240469 1.41833
0.0105878 0.0252427 -1.87276
-0.00692641 -0.346892 113.979
-0.00692641 -0.346892 113.979
-0.00692641 -0.346892 113.979
-0.00692641 -0.346892 113.979
-0.00692641 -0.346892 113.979
-0.0133553 -0.20795 88.8159
0.278273 -0.140588 26.7381
0.256046 -0.124373 26.4272
-0.0123081 0.0204928 38.9598
-0.0664784 0.111884 15.316
-0.0624 0.121813 11.5265
-0.00841485 0.113005 0.518776
-0.0301429 -0.00546131 34.6713
-0.0225253 0.167161 -8.53772
-0.00108451 0.224899 -29.557
-0.0110767 0.206113 -21.3917
-0.00937614 0.267705 -36.7372
-0.00854454 0.271139 -38.3508
-0.0127403 0.277136 -36.6027
-0.0198991 0.282486 -35.7131
0.00402428 0.208416 -29.3248
-0.0338812 0.214509 -13.0735
0.00755336 0.180694 -25.2526
-0.022895 0.0584804 19.4888
-0.105906 0.0334285 68.893
-0.119996 0.155117 48.5721
-0.0641543 0.220067 2.6467
-0.0204365 0.224288 -23.4129
0.000150344 0.262426 -44.8817
-0.012785 0.272573 -39.2095
-0.0249227 0.303345 -38.4893
-0.0514208 0.314221 -23.0628
-0.0655358 0.123484 29.5966
-0.100367 0.106787 57.1733
-0.0923837 0.0856857 55.4152
-0.0214755 0.067824 5.52263
-0.0343654 0.0604307 17.1766
-0.0146152 0.0541304 2.42663
-0.015061 0.0256107 9.18346
0.0198289 0.00571786 -16.4342
-0.0350123 0.0822208 12.7529
0.0136216 0.0249103 -14.1232
0.0364524 0.0141519 -31.9749
0.0436522 0.017898 -39.3676
0.0216502 0.00526928 -16.0195
0.000843027 0.00920102 2.60567
0 0.0506583 -3.35533
0.569919 -0.0428454 -571.864
-0.0322159 0.0331666 34.7674
0 -0.0498345 21.3214
0.129349 -0.0400172 -115.958
0.000893477 0.00256683 4.28992
0.947266 -0.0871094 -1020.87
0.324239 -0.0717832 -342.614
0.277478 0.0417706 -312.951
0.856602 -0.0785078 -1005.17
-0.111388 -0.0628214 173.339
-0.0038003 -0.00883735 30.6226
0.0152682 0.085483 82.9535
0.0152976 0.0859217 82.8405
0.0158166 0.0865819 82.6481
0.0172552 0.0869442 82.4559
0.0199531 0.084639 82.7825
0.0452478 0.0584602 12.9491
0.0446299 0.0645873 11.329
0.00858411 0.151759 -14.3471
-0.106278 0.111379 23.3753
-0.0738241 0.105732 17.4269
-0.0262104 0.105659 6.97707
0.039791 0.13204 -16.2684
0.0447619 0.238896 -44.3774
-0.00673398 0.246805 -32.4732
0.0183148 0.252557 -42.0958
0.00617224 0.25919 -39.6879
-0.0100812 0.267756 -36.0618
-0.0302969 0.252496 -24.5606
-0.0125122 0.259305 -33.3848
-0.0217181 0.210468 -18.0342
-0.00788309 0.187811 -19.2392
-0.0258826 0.171887 -7.13227
-0.00841849 0.187294 -18.6538
-0.0190479 0.177216 -10.3242
-0.0352476 0.185096 -4.36495
-0.0618219 0.201012 6.1922
-0.0228516 0.174947 -9.58641
-0.0148628 0.202638 -21.5783
-0.000321608 0.193312 -27.8124
-0.0172019 0.247899 -29.938
0.0403749 0.226022 -62.3299
0.0801607 0.249989 -95.053
0.113306 0.205743 -106.113
0.0979808 0.193054 -91.8017
0.0119877 0.29044 -74.3644
-0.042284 0.0885121 16.9952
0.0598127 0.0759152 -48.0348
-0.33442 0.266787 216.852
0.474125 0.0598719 -399.352
0.0837996 1.54873 -436.334
0.0394414 0.0198755 -35.9367
0.0311094 0.456094 -131.737
0.0134007 0.478504 -121.73
0.0293609 0.00662661 -23.3437
0.0142154 0.0160606 -11.4523
-0.00301175 0.033066 0.897559
-0.00803643 0.0338146 5.66957
-0.0283071 0.0223997 29.1375
0.06148 0.00175636 -24.3889
-0.016738 -0.00733736 22.902
0.304793 0.0729145 -333.873
0.00227441 -0.0233741 18.988
0.00240241 -0.0229068 18.7269
0.0816151 -0.0278337 -71.4943
0.0254616 -0.00508936 -12.1824
-0.0062774 -0.00478543 13.8371
0.0396054 -0.00901893 -30.3311
1.01701 0.234803 -1297.04
0.0155755 0.0854885 82.9476
0.0157751 0.0859572 82.8157
0.016321 0.0866892 82.5944
0.0169843 0.0875823 82.3127
0.017168 0.0905293 81.5081
0.291919 0.121938 43.4923
-0.0129899 0.0808509 15.0402
-0.0243558 0.195343 -14.2544
-0.024916 0.194249 -13.9045
-0.0213696 0.261748 -33.4946
0.0606698 0.362363 -78.2096
0.0550106 0.125487 -18.0663
0.0185202 0.279479 -48.4598
0.00897789 0.271599 -43.3487
0.0319072 0.268677 -50.5663
0.00596076 0.267572 -41.1453
-0.0113535 0.264096 -34.0883
-0.0183498 0.245095 -26.6114
-0.0561021 0.286541 -24.0743
-0.0210151 0.151864 -4.05229
-0.0215032 0.169127 -8.13294
0.0047332 0.196992 -27.3104
0.00637586 0.218322 -33.9644
-0.015945 0.224481 -23.8239
-0.0517235 0.201639 0.305037
-0.0593066 0.195806 5.49398
-0.0448667 0.181955 0.833091
-0.0149237 0.165513 -12.2612
0.000220339 0.159695 -19.6203
0.016902 0.171149 -33.3426
0.0829772 0.13592 -67.2488
0.0889963 0.21327 -91.2611
0.0893034 0.23076 -96.4159
0.106573 0.199993 -100.006
0.118839 0.204268 -110.638
-0.0200276 0.100252 -2.79133
-0.00363751 -0.0326202 17.017
-0.0301819 -0.0293123 37.1074
0.00268994 -0.0190116 8.03816
-0.0139636 -0.000968692 17.1362
0.056354 0.0171533 -48.7623
0.00507039 -0.0715157 20.1912
0.024042 -0.0363976 -6.56879
0.0111988 0.0241156 -10.8042
0.00535762 0.0255673 -5.52212
-0.00558846 0.0255525 5.26199
-0.00565205 0.0166449 7.60174
-0.036256 0.0234637 36.6129
0.061531 0.0171225 -28.1455
0.0543588 0.00974343 -18.6139
0.00244064 -0.0240832 18.9888
0.00253865 -0.0237154 18.7865
0.00243663 -0.0232646 18.7793
0.061076 -0.0650767 -38.0302
0.0600875 -0.0648586 -36.977
-0.000325129 -0.000305086 16.0823
-0.03318 0.0133417 52.5999
0.20846 -0.20807 -189.793
0.0015391 0.00401196 -1.9477
0.0218036 0.35357 -67.9106
0.0246673 0.34291 -64.91
0.0274824 0.32794 -60.6888
0.0283108 0.309402 -55.2973
0.0243443 0.288406 -48.6718
0.0134484 0.26552 -40.4847
-0.00357603 0.231692 -27.9209
-0.0201649 0.236271 -26.4497
-0.0301522 0.247057 -27.7294
-0.10997 0.0275889 58.4718
-0.0578799 0.225564 -12.0431
0.0195496 0.311533 -58.2127
0.0247849 0.313761 -60.4572
-0.0158856 0.265578 -33.2869
0.00627652 0.270514 -42.0634
-0.0190774 0.205027 -13.9018
0.160298 0.120989 -55.823
-0.0214387 0.317693 -45.3008
-0.0260117 0.401601 -68.3924
0.0275439 0.192001 -36.6409
0.01739 0.252965 -48.7648
0.000938015 0.274287 -46.596
-0.029057 0.228282 -18.4197
-0.0681829 0.201843 9.33729
-0.0687636 0.189447 12.3559
-0.0554815 0.185056 5.89655
-0.0864235 1.04694 -214.832
0.0323731 0.159564 -39.8137
0.0456233 0.176944 -53.2267
0.0740777 0.201388 -78.7767
0.0904837 0.217382 -93.5735
0.0833922 0.251321 -97.9103
0.0972284 0.234312 -103.079
0.131361 0.225938 -125.575
0.0813172 0.236945 -91.2064
0.0361479 0.228097 -53.5595
0 0.0223938 33.8067
-0.011138 0.26925 -29.8438
0.00215766 0.268489 -40.7738
-0.00802246 0.0390854 35.9337
0.0137984 0.17376 -20.9047
0.00725377 0.0489578 19.4547
0.0155448 0.174377 -22.6542
0.00174775 0.205912 -20.5875
0.0025616 0.206186 -21.4523
0.0383062 -0.0542902 18.33
0.0502407 -0.151423 34.6341
0.0612733 -0.176419 30.9114
0.063859 -0.181658 29.6814
0.0219296 -0.299118 108.071
0.016591 -0.313054 117.977
0.016591 -0.313054 117.977
0.0163721 -0.119405 60.5905
0.14171 -0.0295169 -112.449
-0.0957299 -0.174868 210.78
-0.0667465 -0.761752 309.641
0.061455 0.0777286 -18.1512
0.0015391 0.00401196 -1.9477
0.0121391 0.354933 -67.989
0.0124013 0.343682 -64.4734
0.0120888 0.328521 -59.6957
0.010073 0.310088 -53.7358
0.0056006 0.290054 -46.9651
-0.000574146 0.271252 -40.2744
-0.00601688 0.261046 -36.2922
-0.00823613 0.270662 -38.946
-0.00248984 0.296488 -48.2682
0.0125172 0.275441 -44.7323
0.0266582 0.322193 -63.1314
0.0342364 0.327413 -66.0176
-0.0282427 0.227047 -18.0162
-0.0163681 0.148752 2.39904
-0.0442103 0.175913 3.10478
-0.0832911 0.0965875 40.5047
0.110654 0.11973 -36.5739
0.0542324 0.291244 -67.2057
-0.0306751 0.30899 -38.2996
-0.0957791 0.218597 18.3241
-0.0545653 0.153027 21.8668
-0.0927786 0.257468 3.66623
-0.0774778 0.193471 15.6419
0.0066084 -0.175415 99.5994
0.0137864 -0.1614 91.3295
0.0190129 -0.150129 85.0071
0.00710582 -0.133337 86.7843
-0.0165232 0.382859 -65.7682
-0.0210711 0.36429 -57.0305
-0.332183 0.364666 144.291
-0.245431 0.539123 37.237
0.0696839 0.265734 -93.4389
0.0836212 0.268373 -103.322
0.0779583 0.249749 -93.1402
0.0825525 0.228041 -89.9104
0.0269231 0.223522 -45.4037
-0.0172379 0.255337 -20.4188
-0.0128037 0.255442 -24.227
-0.0102255 0.214347 -13.3584
0.00351032 0.17051 -10.9225
0.0163843 0.170346 -22.1831
0.0156656 0.173983 -22.6387
0.0157916 0.174274 -22.8404
0.0163015 0.174024 -23.2494
0.0235014 0.421393 -109.533
0.0275122 0.525892 -146.246
0.028661 0.581538 -164.891
0.0302413 0.597684 -171.638
-0.43786 0.202493 424.563
-0.0106921 0.188715 -29.8593
-0.00854039 0.188368 -32.108
-0.00854039 0.188368 -32.108
0.0156383 -0.118796 61.2425
0.0151165 -0.119884 62.2216
-0.187686 0.461384 101.985
-0.0537565 0.132122 42.4644
-0.0537565 0.132122 42.4644
0.0015391 0.00401196 -1.9477
0.00123483 0.355233 -67.7089
-0.000558465 0.343727 -63.7828
-0.00362052 0.328496 -58.4987
-0.00748366 0.310596 -52.1981
-0.01072 0.292521 -45.8355
-0.00973718 0.275739 -40.4239
-0.00163943 0.271739 -40.3641
0.00814241 0.282143 -45.4829
0.00196547 0.287552 -45.8453
-0.035963 0.254861 -26.1885
0.0170671 0.232083 -31.1918
-0.0768386 0.0960276 37.6681
-0.083065 0.114505 32.1621
-0.029989 0.102849 20.8899
-0.0548059 0.082903 35.3293
-0.0963575 0.206098 22.0649
-0.093448 0.242645 8.40893
-0.0671461 0.265606 -9.81225
-0.0737315 0.247244 -0.699998
-0.0660508 0.197955 12.3063
-0.123548 0.220022 30.9523
-0.125135 0.230823 27.7475
-0.105789 0.230483 17.9536
-0.0841006 0.23709 4.88516
0.0309508 -0.165453 83.1571
0.0333102 -0.15223 77.5245
0.0180759 -0.142977 83.4707
-0.0105205 -0.14125 100.114
-0.035677 -0.140203 115.498
-0.0632852 -0.146388 135.46
-0.094087 -0.150818 157.573
0.0718198 0.327226 -113.745
0.0490921 0.309953 -91.7491
0.0539533 0.265058 -80.2427
0.0286967 0.281962 -66.3977
0.0285195 0.252169 -55.6867
0.403623 -0.480289 -114.429
-0.025134 0.277807 -22.0696
-0.0223392 0.181063 7.84089
0.000152585 0.153021 -2.4137
0.0265679 0.158277 -27.2974
0.0151466 0.171881 -21.4352
0.0163745 0.172366 -22.7645
-0.0083208 0.228365 -18.0121
-0.0159427 0.313613 -39.2359
-0.00591782 0.347242 -60.4516
0.00942476 0.317392 -65.8275
-0.001446 0.228004 -24.4269
-0.00143637 0.233561 -26.4044
-0.0015453 0.233556 -26.2834
-0.00159705 0.233845 -26.3246
-0.00207489 0.235054 -26.1963
-6.03229e-05 0.23767 -29.3964
0.00365933 0.2504 -38.1325
0.00359294 0.253304 -39.0262
0.00318784 0.256295 -39.5363
0.00318784 0.256295 -39.5363
0.0015391 0.00401196 -1.9477
-0.00525317 -0.253544 142.839
-0.00724141 -0.253924 143.06
-0.0103506 -0.251587 142.42
-0.0132262 -0.246126 140.702
-0.014102 -0.238735 138.14
0 0 -1
0.00100032 0.10424 125.6
0.00111702 0.103759 125.732
-0.047327 0.244448 -20.5826
-0.0786369 0.191348 5.04986
-0.103749 0.101877 42.6473
-0.0838345 0.0487519 56.5
-0.0836162 0.0826861 43.5243
-0.0587728 0.0967032 31.1537
-0.0451096 0.0782922 33.4707
-0.0458931 0.0783107 33.7303
-0.0458931 0.0783107 33.7303
-0.0766338 0.238243 3.44528
-0.0842711 0.228032 10.3113
-0.0907609 0.228086 12.8882
-0.113559 0.224228 24.5912
-0.109987 0.245513 15.0885
-0.0809963 0.263454 -5.61904
0.0197541 -0.158219 86.4946
0.0377823 0.29292 -78.9501
0.0382174 0.286492 -76.8833
0.00454855 -0.1434 91.6349
0.00172854 -0.141741 92.7492
0 0 -1
-0.0108392 -0.0694659 93.2946
0.00228437 0.352072 -72.8042
0.0221445 0.339522 -82.3099
0.0228756 0.318381 -75.2323
0.0359841 0.300665 -78.6097
0.039859 0.279901 -74.4237
0.0168309 0.291035 -60.4346
-0.0162336 0.273212 -27.5796
-0.0402298 0.228057 7.37779
-0.0847557 0.204348 52.915
-0.0245021 0.125427 28.2487
0.0305499 0.115001 -16.534
0.0315559 0.14026 -25.7641
0.0219898 0.165444 -25.6883
0.0102706 0.198044 -25.5319
0.00254007 0.15097 -1.2693
-0.000753402 0.228167 -25.2034
-0.000753402 0.228167 -25.2034
-0.00111395 0.228391 -24.9082
-0.00167787 0.229218 -24.6048
-0.00140532 0.23377 -26.5108
-0.00119406 0.234174 -26.8854
-0.000571364 0.236187 -28.2957
0.000657623 0.237661 -30.2181
0.00365933 0.2504 -38.1325
0.0472182 0.313386 -150.897
0.00318784 0.256295 -39.5363
0.00318784 0.256295 -39.5363
-0.00123975 0.0848117 132.983
-0.00122112 0.0857622 132.63
-0.00105207 0.0876067 131.938
-0.000648667 0.0902645 130.925
-1.60535e-05 0.0936338 129.622
0.000751916 0.0975957 128.072
0.00139109 0.102007 126.358
0.00169445 0.105194 125.141
-0.0737369 0.227854 -9.28071
-0.090858 0.220283 -3.06431
-0.114013 0.160587 23.9963
-0.125589 0.109036 45.5932
-0.109315 0.0872387 49.1792
-0.0844611 0.0646455 50.2503
0.00260731 0.216253 -19.4359
0.00206774 0.21647 -19.2998
-0.00468737 0.216898 -17.0555
-0.0221661 0.217522 -10.7815
-0.0512594 0.218328 0.322771
-0.0797381 0.230067 7.62468
-0.0991851 0.230904 15.6248
-0.0993679 0.224266 17.9848
-0.0687699 0.263718 -11.3749
-0.00688766 0.324461 -64.7124
0.0593877 0.264554 -76.5817
0.0871774 0.203755 -68.8472
0.0886469 0.142337 -46.7805
0.0714358 0.0805369 -13.7674
0.0438237 0.0185427 25.9239
0.00838152 -0.0615369 77.8225
-0.0181386 -0.0710269 98.4332
-0.0202531 0.355341 -58.4173
-0.00382661 0.346613 -66.5832
0.0084995 0.315836 -63.9446
0.0171394 0.290243 -60.8119
0.0202443 0.28035 -59.562
0.010907 0.255747 -43.2989
-0.00497275 0.25149 -29.1328
-0.0354849 0.301219 -22.0327
0.029763 0.233121 -50.8359
0.0341511 0.132016 -17.1561
0.00378554 0.148828 -36.5444
0.0509335 0.116231 -35.1367
-0.0578935 0.033282 55.332
-0.0547641 0.0318211 52.6331
-0.0371762 0.02728 36.3597
-0.0103559 0.164937 -31.9981
0.000834145 0.283559 -84.0954
0.00127317 0.28828 -86.3001
0.000430161 0.30633 -92.0227
0.000285653 0.306902 -92.0752
-0.000152757 0.310538 -92.9383
-0.000867159 0.314337 -93.5452
6.23421e-05 0.319659 -96.6883
0.000198359 0.319392 -96.7543
0.0446325 0.313084 -147.715
0.0110684 0.314845 -108.154
0.0110684 0.314845 -108.154
