0 1 3
1 2 3
2 4 3
4 5 1
5 6 1
6 7 2
7 8 2
8 9 1
9 10 3
10 11 3
11 12 3
12 14 0
14 15 3
15 16 3
16 17 3
17 18 1
18 19 3
19 20 3
20 22 2
22 23 0
23 24 3
24 25 3
25 26 3
26 29 0
29 30 3
30 31 3
31 32 3
32 212 0
37 212 0
37 40 1
40 503 0
277 503 2
277 562 2
445 562 3
346 445 3
49 346 0
49 170 0
170 230 3
56 230 0
28 29 0
331 503 3
40 331 0
26 28 3
7 65 1
12 71 3
14 71 1
97 331 3
5 63 1
6 63 2
20 78 3
29 88 3
48 346 0
12 70 3
22 78 1
30 88 3
48 49 3
170 346 3
4 62 0
70 71 3
25 83 0
26 83 0
5 62 0
11 69 3
12 69 3
15 74 2
20 77 3
4 61 0
14 72 3
19 77 3
10 69 3
69 70 3
14 74 2
108 346 0
56 114 3
2 61 0
72 74 3
22 81 0
23 81 0
30 89 3
31 89 3
37 331 3
114 230 0
0 58 3
1 60 3
2 60 3
6 64 3
7 64 2
8 66 2
9 67 3
10 68 3
18 76 2
19 76 2
77 78 3
24 82 0
32 90 3
212 331 1
1 58 3
60 61 0
62 63 0
64 65 3
66 67 1
67 68 3
68 69 3
71 72 3
17 76 1
76 77 1
23 82 0
25 82 0
89 90 3
90 212 0
111 170 0
61 62 3
7 66 0
73 74 3
29 145 3
63 64 1
28 145 0
88 145 3
99 331 0
16 74 3
17 74 3
17 134 0
76 134 0
81 82 3
26 143 0
111 230 0
72 73 3
22 80 0
82 83 3
28 143 0
88 89 3
78 196 0
80 81 3
80 196 3
83 143 3
111 346 0
58 60 3
63 120 1
62 120 3
74 134 3
58 117 0
60 117 0
65 66 0
230 346 3
77 136 0
78 136 0
83 141 3
286 346 0
141 143 3
61 120 3
71 130 3
63 122 1
64 122 3
70 128 3
72 130 3
65 122 3
60 119 0
61 119 3
82 141 3
28 144 0
144 145 3
230 289 3
58 116 0
74 133 3
136 196 0
80 138 3
81 138 3
119 120 3
63 121 1
122 123 3
65 123 3
65 124 0
66 124 1
67 125 3
68 126 3
69 127 3
76 135 0
77 135 0
142 143 3
28 142 0
88 146 3
89 146 3
89 147 3
116 117 3
120 121 3
124 125 3
125 126 3
126 127 3
71 128 3
73 131 3
74 131 3
133 134 3
141 142 3
142 144 3
90 147 3
123 124 0
70 127 3
74 132 3
81 140 3
82 140 3
146 147 3
90 148 3
60 176 0
121 122 1
131 132 3
135 136 3
147 148 3
148 212 0
117 176 3
73 130 3
132 133 3
145 146 3
119 176 3
346 396 3
127 128 3
140 141 3
277 445 0
396 445 3
134 135 3
128 187 3
71 187 3
130 131 3
117 175 3
130 187 3
175 176 3
128 186 3
195 196 0
138 140 3
127 186 3
136 195 3
328 331 3
131 189 3
212 328 3
346 397 3
119 177 1
120 177 1
132 189 3
286 397 0
132 190 3
142 201 1
189 190 3
144 201 1
186 187 3
201 202 0
145 204 3
209 212 0
122 180 3
123 181 3
141 199 3
141 200 3
142 200 3
145 202 3
146 204 3
223 346 3
116 175 3
121 179 1
123 180 3
140 199 3
144 202 3
210 212 0
223 396 3
116 174 3
120 178 0
120 179 1
122 179 3
123 182 0
124 182 3
124 183 3
125 183 3
126 184 3
127 185 3
136 194 3
194 195 3
199 200 3
230 288 3
177 178 0
180 181 3
181 182 0
182 183 3
183 184 3
184 185 3
132 191 3
133 191 3
135 194 3
288 346 3
288 289 3
185 186 3
134 192 3
135 192 3
202 204 3
147 205 3
148 205 3
328 503 3
178 179 1
133 192 3
200 201 1
176 177 1
191 192 3
146 205 3
190 191 3
207 212 0
179 180 3
140 255 3
207 209 3
174 175 3
192 194 3
138 255 3
199 255 3
229 346 0
205 212 0
445 451 3
209 210 3
396 451 3
192 250 3
138 254 3
204 205 3
205 207 3
281 346 3
194 250 3
254 255 3
223 281 3
281 397 3
181 239 0
182 239 3
174 232 3
185 243 3
199 257 3
210 267 3
179 237 3
185 244 3
186 244 3
255 257 3
204 262 3
205 262 3
209 267 3
286 288 0
174 233 1
175 233 1
177 235 3
180 237 2
130 246 3
130 189 3
202 261 3
204 261 3
176 235 1
178 236 1
179 236 0
182 240 3
183 240 3
183 241 0
187 246 3
189 246 3
189 247 3
190 247 3
190 248 3
191 248 3
138 196 3
205 263 1
232 233 1
177 236 3
184 242 3
184 243 3
247 248 3
191 307 3
195 311 3
262 263 3
205 321 3
207 321 3
176 234 1
235 236 3
239 240 3
240 241 0
241 242 1
242 243 3
243 244 3
187 244 3
248 307 3
195 309 3
277 451 0
281 396 3
309 311 3
201 261 0
263 321 3
176 233 1
180 238 3
200 257 3
181 238 3
281 339 3
233 234 3
234 235 3
236 237 3
246 247 3
200 258 3
201 259 0
207 265 3
207 324 3
209 324 3
339 397 3
258 259 3
261 262 3
265 321 3
289 347 3
237 238 3
196 311 1
288 347 3
191 250 3
196 254 3
257 258 3
286 347 0
244 302 3
187 302 3
187 304 3
194 309 3
259 261 3
267 324 3
302 304 3
246 304 3
254 311 3
265 324 3
212 267 1
181 296 3
254 313 3
255 313 3
238 296 3
239 296 1
250 309 3
257 313 3
267 326 3
339 396 3
257 314 3
212 326 2
286 578 0
397 578 3
347 578 3
242 300 2
243 300 2
309 368 3
313 314 3
339 451 3
307 308 0
191 308 0
311 368 3
235 293 3
237 295 3
250 308 3
234 293 3
236 294 3
308 309 3
311 312 3
235 294 3
237 296 3
254 312 3
259 317 3
262 320 3
503 507 3
277 393 0
232 290 2
233 290 0
239 298 3
240 298 3
240 299 3
241 299 2
247 305 3
248 306 3
261 320 3
342 397 0
234 292 3
293 294 3
239 297 3
299 300 3
243 301 3
292 293 3
236 295 2
296 354 3
296 297 0
298 299 3
300 301 3
248 305 3
312 313 3
324 326 3
233 291 0
233 292 3
294 295 3
297 354 1
297 298 3
246 305 3
347 461 1
290 291 1
244 301 3
306 307 3
263 320 2
277 507 2
393 451 3
461 578 0
301 302 3
305 306 3
261 319 3
320 321 3
265 440 3
291 292 3
261 317 3
319 320 3
321 440 3
324 325 3
347 404 3
317 319 3
321 437 3
324 440 3
326 328 3
404 461 1
295 296 1
304 305 3
437 440 3
328 443 3
258 314 3
326 384 3
326 443 3
311 369 3
259 374 3
308 365 3
368 369 3
314 372 3
259 314 3
317 374 3
277 450 2
397 399 3
399 578 3
307 365 0
312 370 3
313 372 3
393 450 3
292 350 3
311 370 3
325 326 3
369 370 3
304 361 3
304 362 3
293 350 3
301 359 3
302 361 3
305 362 3
306 364 0
323 437 3
295 353 3
296 353 0
298 357 3
299 357 3
300 358 3
302 360 3
305 363 3
306 365 0
383 440 3
362 363 3
308 366 3
314 373 3
321 323 3
324 383 3
354 412 3
297 355 3
298 355 3
302 359 3
309 366 3
313 370 3
259 373 3
317 375 3
319 375 3
380 440 0
384 443 3
291 349 2
293 352 3
294 352 3
297 412 1
299 358 0
359 360 3
339 454 3
339 572 3
397 572 3
290 349 1
349 350 3
298 356 3
301 358 2
361 362 3
305 364 0
364 365 3
313 371 3
437 495 3
325 383 3
451 454 3
290 348 0
293 351 3
295 352 2
356 357 3
309 367 3
371 372 3
320 377 3
348 349 1
350 351 3
353 354 1
355 412 1
357 358 0
366 367 3
367 368 3
370 371 3
373 374 3
319 377 3
325 384 3
351 352 3
363 364 0
365 366 3
321 377 3
358 359 2
347 463 3
360 361 3
372 373 3
404 463 3
323 377 3
355 356 3
383 557 3
397 459 3
319 376 3
399 459 3
376 377 3
395 451 3
459 572 3
360 419 0
380 437 0
395 454 3
454 572 3
361 419 0
375 376 3
325 557 3
377 493 3
352 353 3
374 375 3
376 493 3
370 429 3
370 428 3
371 429 3
374 431 3
356 414 3
364 422 3
369 428 3
373 431 3
503 558 3
353 411 3
354 411 0
356 413 3
362 420 3
440 557 3
328 558 3
352 411 3
355 413 3
359 417 3
365 423 3
367 425 3
368 425 3
348 406 2
349 406 0
351 409 3
352 409 3
352 410 3
358 416 1
358 417 2
360 417 3
366 424 3
368 426 3
371 430 3
372 430 3
375 433 3
406 407 1
410 411 3
357 415 3
416 417 3
363 420 3
423 424 3
424 425 3
428 429 3
372 431 3
375 434 3
377 437 3
451 510 3
349 407 3
350 407 3
412 413 0
413 414 3
358 415 1
361 420 3
363 422 0
429 430 3
374 433 3
433 434 3
376 434 3
393 510 3
395 510 3
350 409 3
411 412 1
357 414 3
415 416 3
360 418 3
425 426 3
369 426 3
459 578 3
409 410 3
414 415 3
418 419 3
364 423 3
417 418 3
419 420 1
422 423 3
434 493 3
325 443 3
350 408 3
430 431 3
440 495 3
404 521 3
463 521 3
495 496 1
395 512 3
461 521 0
393 509 3
454 512 3
407 408 3
420 422 3
437 493 3
450 507 3
450 509 3
509 510 3
407 466 3
408 466 3
408 409 3
426 484 3
493 494 3
437 494 3
415 473 3
369 484 3
494 495 3
440 496 1
414 472 3
419 477 3
431 489 3
374 489 3
459 575 3
575 578 3
413 472 3
472 473 3
420 477 3
430 489 3
433 490 2
443 558 3
411 469 3
416 474 3
433 489 3
510 512 3
412 469 0
415 474 3
489 490 1
459 515 3
406 465 2
407 465 3
410 469 3
417 475 3
420 479 3
424 482 3
425 484 3
428 486 3
450 508 3
508 509 3
515 572 3
406 464 2
408 467 3
409 467 3
409 468 3
410 468 3
412 470 3
418 475 3
420 478 3
422 479 3
423 482 3
425 483 3
429 486 3
430 488 3
507 508 3
518 578 0
461 518 1
461 519 1
464 465 3
467 468 3
474 475 3
422 480 3
423 481 3
482 483 3
369 486 2
429 487 3
430 487 3
325 558 3
461 462 0
462 521 3
468 469 3
412 528 3
413 471 3
477 478 3
423 480 3
487 488 3
510 511 2
511 512 0
518 519 2
465 466 3
466 467 3
469 470 1
470 528 3
471 528 1
471 472 3
473 474 3
418 476 3
478 479 3
479 480 3
481 482 3
419 476 3
557 558 3
518 575 0
480 481 3
488 489 3
512 572 3
462 519 1
475 476 3
459 574 3
476 477 3
494 552 2
495 553 1
515 574 3
484 486 3
486 487 3
490 549 1
433 549 1
434 549 1
434 550 1
494 553 2
508 566 3
518 577 0
474 533 3
549 550 3
509 566 3
519 577 0
521 579 3
475 533 3
484 543 3
490 548 3
493 550 1
575 577 1
486 543 3
507 566 3
493 552 2
509 567 3
510 567 3
548 549 3
574 575 3
483 541 3
425 541 3
487 545 1
572 573 3
515 573 3
484 541 3
488 545 1
489 547 1
512 628 3
552 553 3
572 628 3
482 540 3
483 540 3
486 544 3
493 551 2
511 628 0
469 527 3
476 533 3
477 535 3
467 526 2
476 535 3
484 542 3
487 544 3
440 555 3
462 579 3
464 522 1
468 527 2
469 528 1
481 539 3
481 540 3
541 542 3
543 544 3
550 551 0
496 555 0
462 577 1
465 523 1
468 526 3
471 529 3
472 530 3
473 530 3
474 532 3
476 534 2
478 535 3
480 539 3
490 547 3
551 552 3
464 523 2
529 530 3
473 531 3
474 531 3
542 543 3
544 545 1
495 555 3
510 628 3
573 574 3
528 529 0
480 538 3
538 539 3
539 540 3
503 566 3
527 528 1
533 534 3
479 537 3
540 541 3
488 547 1
566 567 3
466 524 1
467 524 1
534 535 3
495 554 1
555 557 3
567 628 3
530 531 3
531 532 3
479 538 3
547 548 3
557 614 3
466 523 1
524 526 0
532 533 3
478 537 3
537 538 3
554 555 0
555 614 3
386 567 3
522 523 0
526 527 3
558 616 3
535 537 3
557 616 3
386 503 3
523 524 2
386 566 3
572 629 3
628 629 3
537 595 3
537 593 3
575 692 1
577 692 1
535 593 0
495 611 1
554 611 3
628 743 1
526 585 3
593 594 3
538 596 3
557 615 3
527 585 3
537 594 3
538 595 3
539 596 3
614 615 3
572 630 3
542 600 3
543 601 3
488 604 1
547 604 3
553 611 3
567 743 1
629 630 3
573 630 3
522 580 0
523 580 0
524 583 0
534 593 2
555 613 3
613 614 3
615 616 3
558 618 3
503 623 3
386 623 3
574 632 3
530 588 0
532 590 0
533 591 0
594 595 3
595 596 3
543 600 3
554 613 3
616 618 3
386 743 1
573 632 3
575 632 3
462 636 3
579 637 3
526 583 0
584 585 1
529 587 0
529 588 0
530 589 0
531 589 0
532 589 0
534 591 3
540 598 2
541 599 3
600 601 3
548 606 3
551 609 3
558 617 3
577 636 0
462 637 3
526 584 0
528 586 3
528 587 0
587 588 2
588 589 0
589 590 3
539 597 3
541 598 2
544 601 3
544 602 1
547 606 3
550 609 2
551 610 3
617 618 3
523 581 0
585 586 1
533 590 0
540 597 3
541 600 3
545 602 0
552 610 3
552 611 3
573 631 3
524 581 0
524 582 0
586 587 0
596 597 3
598 599 3
547 605 3
609 610 3
503 622 3
630 631 3
631 632 3
580 581 1
597 598 3
601 602 3
549 606 2
610 611 3
575 691 1
636 637 3
581 582 3
582 583 0
583 584 3
534 592 2
599 600 3
605 606 3
549 608 2
550 608 2
632 691 1
691 692 3
591 592 3
604 605 3
606 608 3
608 609 3
616 617 3
503 617 3
622 623 3
592 593 3
617 622 3
545 604 0
628 686 1
545 661 0
611 670 1
554 670 1
686 743 1
629 686 1
590 591 3
602 661 3
604 661 3
617 738 1
622 738 1
577 693 3
588 647 3
613 670 1
692 693 2
636 693 1
589 647 3
608 665 3
608 666 3
613 672 1
614 672 1
586 644 0
606 665 3
580 638 0
586 645 0
587 645 2
594 652 3
598 657 3
599 657 3
665 666 3
584 642 2
590 648 3
591 648 2
591 649 2
595 652 3
615 733 1
616 733 1
644 645 3
587 646 2
588 646 2
589 648 3
596 654 1
600 658 3
600 659 3
601 659 3
609 666 3
670 671 3
613 671 1
617 733 1
581 638 3
585 644 0
646 647 3
648 649 3
595 654 1
602 659 3
602 660 3
630 688 1
631 688 1
637 695 3
582 641 2
583 641 2
592 650 2
596 655 1
597 656 1
598 656 3
600 657 3
658 659 3
605 663 3
609 667 3
610 667 3
610 669 3
629 688 1
636 695 3
583 642 2
592 649 3
593 650 2
654 655 3
611 669 3
671 672 3
631 689 1
632 690 1
581 639 2
584 643 2
585 643 0
645 646 3
647 648 3
597 655 1
656 657 3
604 663 3
629 687 1
688 689 3
689 690 3
690 691 3
582 640 2
643 644 3
649 650 3
652 654 1
655 656 3
659 660 3
660 661 3
667 669 3
386 622 3
686 687 3
687 688 3
638 639 1
581 640 2
640 641 3
661 663 3
669 670 3
614 733 1
386 738 1
642 643 3
657 658 3
606 663 3
639 640 3
593 652 3
666 667 3
593 651 2
663 664 3
606 664 3
664 665 3
641 642 3
651 652 3
693 752 0
636 752 3
661 719 3
386 799 1
743 799 3
650 651 3
661 720 3
617 735 1
719 720 3
735 738 1
663 720 3
667 726 3
667 727 3
669 727 3
670 728 3
614 789 1
654 711 3
654 712 3
656 772 3
664 723 3
665 723 3
726 727 3
669 728 3
672 789 3
733 789 0
643 701 3
666 724 3
617 734 1
690 749 1
691 749 1
692 752 0
642 701 3
644 701 3
650 708 1
651 709 1
652 709 1
660 718 3
667 724 3
733 734 3
734 735 3
386 797 1
688 746 1
692 749 1
639 697 3
644 702 3
651 708 1
655 713 3
656 713 3
657 772 3
659 718 3
660 719 3
665 724 3
738 797 0
686 744 1
687 744 1
687 746 0
695 753 3
638 697 1
640 697 3
645 703 3
649 707 1
650 707 2
652 710 1
711 712 3
658 716 3
386 798 1
743 744 3
636 753 3
638 696 1
645 702 3
648 706 3
652 711 3
655 712 3
657 716 3
659 716 3
659 717 3
663 721 3
664 721 3
667 725 2
797 798 3
798 799 3
689 747 1
690 748 1
693 751 3
696 697 3
640 698 3
641 698 3
646 703 3
649 706 3
708 709 3
710 711 3
712 713 3
724 725 0
746 747 0
747 748 0
748 749 3
751 752 0
701 702 3
702 703 3
647 706 3
707 708 1
715 772 3
657 715 3
718 719 3
723 724 3
671 729 3
672 729 3
701 758 3
717 718 3
725 726 3
670 729 3
692 808 1
642 758 3
715 716 3
727 728 3
789 790 1
733 790 3
687 745 0
749 808 1
752 808 1
697 698 3
713 772 3
728 729 3
738 794 0
743 800 3
744 745 0
745 746 3
709 710 3
735 794 3
799 800 3
642 757 3
706 707 1
716 717 3
721 723 3
729 789 3
737 738 1
752 753 3
757 758 3
646 704 3
720 721 3
737 794 3
698 757 3
641 757 3
703 704 3
647 704 3
721 780 3
723 780 3
733 791 3
704 706 2
734 791 3
704 763 3
706 763 1
697 755 3
703 761 3
796 797 3
702 761 3
738 796 0
701 759 3
702 759 3
710 769 3
711 769 3
718 777 3
729 788 3
737 796 3
743 801 3
747 805 2
707 764 2
707 765 2
708 766 3
716 774 3
717 774 3
719 777 3
734 792 3
800 801 3
744 801 3
746 805 0
753 810 3
704 761 3
706 764 1
713 771 3
715 774 3
724 782 3
725 782 1
726 784 3
728 787 3
729 787 3
735 792 3
746 804 1
752 810 3
708 765 3
709 766 3
712 769 3
712 771 3
715 773 3
725 784 3
727 785 3
728 785 3
788 789 3
804 805 1
748 805 1
696 754 3
764 765 3
709 767 1
710 767 1
772 773 3
773 774 3
720 777 3
720 778 3
721 778 3
723 781 3
723 782 3
726 785 3
728 786 3
787 788 3
790 791 3
735 793 3
737 795 3
744 802 3
745 802 1
748 806 3
749 807 3
753 811 1
754 755 3
755 756 3
698 755 3
698 756 3
763 764 2
765 766 3
717 777 3
780 781 3
781 782 3
791 792 3
792 793 3
793 794 3
794 795 3
795 796 3
801 802 3
805 806 0
806 807 3
807 808 1
758 759 3
777 778 3
721 779 3
725 783 1
785 786 3
810 811 1
778 779 3
779 780 3
783 784 0
784 785 3
745 803 1
766 767 1
782 783 1
786 787 3
802 803 3
746 803 1
761 763 2
771 772 3
774 777 3
759 761 3
777 834 3
763 820 2
803 804 1
756 757 3
769 771 3
710 826 1
769 826 1
769 827 2
759 818 1
761 818 1
761 820 1
764 822 2
765 822 2
767 826 3
771 830 3
772 830 1
758 816 1
759 816 1
761 819 1
826 827 0
834 835 3
777 835 1
778 835 1
818 819 2
822 823 3
765 823 2
796 855 1
797 855 1
798 855 1
774 833 3
777 833 2
784 842 3
785 842 3
799 857 1
803 862 1
804 862 3
771 828 2
833 834 3
780 838 1
781 838 1
783 840 1
783 841 1
798 857 1
800 857 1
752 867 1
757 815 3
819 820 2
772 831 1
773 831 1
779 838 1
782 840 1
789 847 3
790 847 1
808 867 0
810 867 1
756 814 3
757 814 3
758 815 3
773 832 1
774 832 1
805 862 0
755 813 0
763 821 2
764 821 3
766 823 2
830 831 3
784 841 1
805 863 2
754 812 0
754 813 0
755 814 3
771 827 2
778 836 1
779 836 1
781 839 1
786 843 3
787 843 3
790 848 1
791 849 1
792 850 1
793 851 1
794 852 1
795 853 1
796 854 1
798 856 1
800 858 1
801 859 1
802 860 1
803 861 1
862 863 1
806 863 1
806 864 3
807 865 3
810 869 3
811 869 0
812 813 1
813 814 2
814 815 3
815 816 1
820 821 3
767 824 1
832 833 0
839 840 3
787 904 3
847 848 1
848 849 1
849 850 3
850 851 3
851 852 3
852 853 3
853 854 3
854 855 3
855 856 3
856 857 3
857 858 3
858 859 3
859 860 3
860 861 3
861 862 3
863 864 0
864 865 3
808 865 0
821 822 1
766 824 1
827 828 3
831 832 3
779 837 1
838 839 3
785 843 3
823 824 1
771 887 3
835 836 3
837 838 3
840 841 3
787 903 3
788 904 3
788 847 3
816 818 3
830 887 3
841 842 0
843 903 2
903 904 3
836 837 3
842 843 3
847 904 3
828 887 2
865 867 3
810 926 1
824 826 2
867 926 3
826 885 3
869 926 1
843 902 1
865 924 3
867 924 3
826 884 3
833 892 1
834 892 2
902 903 3
904 905 3
813 871 0
816 875 3
824 884 2
884 885 3
827 885 1
831 889 3
835 892 3
814 871 0
818 876 3
842 901 1
843 901 1
818 875 3
824 883 3
835 893 2
819 876 0
824 882 3
836 893 3
841 900 3
842 900 1
847 905 3
816 874 0
875 876 3
883 884 3
831 887 3
833 891 1
862 920 3
812 871 1
874 875 2
819 878 0
820 878 2
822 881 2
823 881 2
827 886 3
828 886 3
832 889 3
832 891 3
837 896 0
838 896 0
902 961 0
847 906 3
848 906 1
849 907 3
863 920 0
864 922 3
812 870 1
815 873 1
819 877 0
823 882 2
832 890 3
892 893 3
839 897 3
840 898 3
903 961 0
848 907 1
850 908 3
851 909 3
852 910 3
853 911 3
854 912 3
855 913 3
856 914 1
857 915 3
858 916 3
859 917 3
860 918 3
861 919 3
863 922 0
865 923 3
869 927 1
870 871 0
814 873 1
816 873 2
876 877 2
877 878 3
821 878 1
821 880 1
822 880 2
886 887 1
889 890 3
890 891 3
891 892 3
896 897 1
897 898 3
907 908 3
908 909 3
909 910 3
910 911 3
911 912 3
912 913 3
913 914 1
914 915 0
915 916 3
916 917 3
917 918 3
918 919 3
919 920 3
922 923 3
926 927 3
836 894 3
837 895 3
841 898 3
906 907 3
923 924 3
873 874 0
893 894 3
894 895 3
901 902 3
881 882 3
883 941 3
900 901 3
905 906 3
880 881 3
885 886 0
895 896 0
867 983 3
926 983 3
882 883 3
924 983 3
875 933 3
878 880 2
887 889 2
863 979 0
922 979 3
871 873 1
920 979 3
898 900 3
871 930 1
873 930 1
878 937 2
887 945 1
887 946 1
885 943 3
945 946 3
889 946 3
881 939 3
886 943 1
886 945 1
898 957 1
900 957 1
878 936 1
884 942 3
906 964 3
880 937 3
883 942 2
885 942 3
903 962 0
904 962 0
877 936 1
889 948 3
890 948 3
891 950 3
892 950 3
900 958 0
905 964 3
926 984 3
876 934 2
882 941 3
886 944 1
944 945 2
901 958 0
961 962 3
983 984 3
926 985 3
927 985 3
877 934 3
874 931 1
875 934 3
880 939 3
890 949 3
891 949 3
893 950 3
893 951 3
895 953 0
896 953 3
984 985 3
870 928 1
871 929 1
873 931 3
874 932 1
877 935 1
937 939 3
882 939 3
894 951 3
894 952 3
896 954 3
897 955 0
898 956 0
901 959 1
902 960 1
907 964 3
907 965 3
908 966 3
909 967 3
910 968 3
911 969 3
912 970 3
913 971 1
914 972 0
915 973 2
916 974 2
917 975 2
918 976 2
919 977 0
920 978 0
922 980 3
923 981 3
928 929 3
929 930 3
930 931 0
875 932 2
933 934 0
948 949 3
949 950 3
950 951 3
951 952 3
952 953 0
954 955 0
955 956 3
956 957 1
957 958 0
958 959 1
959 960 3
960 961 0
905 962 1
965 966 3
966 967 3
967 968 3
968 969 3
969 970 3
970 971 1
971 972 3
972 973 0
973 974 3
974 975 3
975 976 3
976 977 0
977 978 2
978 979 1
980 981 3
924 981 3
931 932 3
934 935 1
935 936 3
942 943 3
953 954 3
905 1021 2
964 965 3
979 980 3
932 933 3
936 937 3
943 944 3
946 948 3
941 942 2
962 1021 0
964 1021 2
937 996 3
939 996 3
939 998 3
882 998 3
924 1040 1
924 1042 1
983 1042 1
942 1000 1
981 1040 1
946 1004 3
1040 1042 3
941 998 3
943 1001 3
939 997 3
942 1001 3
941 999 3
997 998 3
942 999 2
945 1003 3
961 1019 1
962 1019 1
978 1037 1
979 1037 1
984 1042 1
931 989 3
1000 1001 0
946 1003 3
966 1024 3
929 988 0
930 988 0
933 991 3
934 992 1
935 992 3
936 995 3
944 1003 2
948 1006 3
965 1024 3
980 1037 1
931 988 3
932 989 3
932 991 3
933 992 3
937 995 3
949 1006 3
950 1008 3
951 1008 3
965 1022 3
985 1042 1
1003 1004 3
964 1022 3
971 1030 3
972 1030 3
928 986 0
929 987 0
932 990 3
992 993 3
935 993 3
996 997 3
999 1000 1
1004 1005 0
946 1005 3
949 1007 3
951 1009 3
952 1010 3
953 1011 1
954 1012 1
955 1013 1
956 1014 1
957 1015 0
958 1016 1
959 1017 0
960 1018 0
962 1020 1
967 1025 3
968 1026 3
969 1027 3
970 1028 3
971 1029 3
973 1031 1
974 1032 1
975 1033 1
976 1034 1
977 1035 1
978 1036 1
980 1038 1
981 1039 1
985 1043 1
986 987 3
987 988 3
988 989 3
989 990 3
990 991 3
936 993 3
944 1001 3
1005 1006 3
1006 1007 3
1007 1008 3
1008 1009 3
1009 1010 3
1010 1011 3
1011 1012 3
1012 1013 3
1013 1014 3
1014 1015 3
1015 1016 3
1016 1017 3
1017 1018 3
961 1018 1
1019 1020 1
1020 1021 2
1024 1025 3
1025 1026 3
1026 1027 3
1027 1028 3
1028 1029 1
1029 1030 3
1030 1031 3
1031 1032 3
1032 1033 3
1033 1034 3
1034 1035 3
1035 1036 3
1036 1037 3
1037 1038 3
1038 1039 3
1039 1040 3
1042 1043 3
991 992 3
998 999 3
1021 1022 2
995 996 3
1022 1024 3
