-0.0490432 0.208634 22.6889
-0.04875 0.201962 22.7415
-0.0403393 0.0701983 23.5926
-0.0550978 0.137245 23.341
0.19509 0.0581854 44.6635
0.0127481 0.0185734 48.5577
0.049708 0.0497256 30.6924
0.049727 0.0497374 30.6884
0.0499021 0.0498113 30.6556
-0.278993 0.0258579 94.9655
-0.271525 0.0376793 92.4944
-0.234655 -0.0415507 83.6155
-0.254196 -0.0726348 89.3419
0.0569074 0.168654 -1.27381
0.0143648 0.0999036 12.6313
-0.0109602 -0.0400099 23.5227
-0.0119606 -0.11736 25.4188
-0.0523042 -0.0382235 37.2996
0.208425 0.236358 -55.3744
0.153728 0.0616157 -30.6558
0.0973616 0.00645755 -5.82514
0.065719 0.0639974 7.83646
0.00761719 -0.00993691 4.56029
0.00272418 -0.0207209 7.2964
-0.00621947 -0.0308708 12.0443
-0.0174985 -0.0425465 18.2845
-0.0318998 -0.0600276 26.3161
-0.0318808 -0.019192 25.9773
0.00614528 0.0640364 67.8389
-0.0344366 0.380458 50.2555
-0.0335359 0.385461 49.6535
-0.00177715 -0.0292601 8.87217
-0.0201044 -0.0217752 21.0056
0.0456344 -0.17021 -18.2125
-0.0257771 -0.133384 33.238
-0.00526576 -0.0224452 9.24723
0.71321 -0.120785 -555.764
0.0546616 -0.155 -29.0882
0.0481425 -0.158443 -23.7877
0.0571707 -0.144331 -31.6706
0.0710629 -0.141325 -43.6462
0.0637016 -0.14197 -37.0221
0.00787637 -0.220586 13.9408
0.0267004 -0.306062 -2.89802
0.0162424 -0.2805 6.72263
0.00630397 -0.272901 16.2383
-0.00616991 -0.248338 28.2961
-0.0106707 -0.231521 32.6453
-0.0115118 -0.222419 33.4126
-0.0115118 -0.222419 33.4126
-0.152106 -0.112987 319.803
-0.0104692 -0.2444 176.026
0.426043 0.120953 -334.383
0.394386 0.162729 -298.717
-0.025506 0.00710437 32.8165
0.33635 0.184642 -274.491
0.00300969 -0.0435683 108.92
0.00347982 -0.0726264 108.868
-0.048238 0.209329 22.6596
-0.0473641 0.213436 22.4874
0.575206 0.271344 -6.4262
0.575746 0.305799 -7.52269
0.00163393 0.0079641 50.2173
-0.0101482 0.013456 51.3374
-0.0110154 0.030122 50.8021
0.0497824 0.0497298 30.6789
0.0543973 0.0474275 29.945
0.0577769 0.0475625 29.2294
-0.0422357 -0.0518467 35.0297
-0.114286 -0.0119436 51.5071
-0.129682 0.0224996 53.5485
-0.0203728 0.0592368 26.1255
0.0115984 -0.0983208 16.7359
-0.0118372 -0.109208 25.9927
-0.0235374 -0.0751401 28.3641
-0.0350161 -0.0570949 32.0072
-0.11507 -0.0742117 63.1168
-0.0435082 0.0696908 24.8104
-0.0269204 0.0229569 19.6377
-0.0300542 -0.0132253 22.2033
0.00785825 -0.0138241 4.58775
-0.000846706 -0.0238783 9.26554
-0.00825947 -0.0279935 13.1475
-0.0179786 -0.0395451 18.5313
-0.0143608 0.770413 -1.97397
-0.0159628 0.8301 -3.17244
0.217564 0.0899784 -126.006
0.0123825 0.0037925 -2.46254
0.0265634 0.02022 -10.1758
0.0334879 -0.0667736 -11.8102
-0.00807637 -0.0230601 12.8039
-0.0165801 -0.0176349 18.3528
0.0458367 -0.153787 -19.046
-0.0543946 -0.0188557 48.0977
-0.00844941 -0.539677 30.4958
-0.0976562 -0.972656 109.961
0 -0.222548 14.9863
-0.0150312 -0.0241189 16.2519
0.0598173 -0.136498 -33.7887
0.312878 0.455611 -273.343
-0.00623789 -0.00303003 8.44599
0.0058587 0.00626538 -0.547004
0.0157292 -0.280575 7.15052
0.0216392 -0.00213026 -16.5107
-0.00400862 -0.0374848 7.66418
-0.0012104 -0.024039 4.43281
0.0194958 -0.00293444 -14.5303
0.00420253 0.00347191 1.21487
0.0055261 0.0406352 -4.95083
-0.0137427 0.00298907 20.1192
-0.00526424 0.0324034 6.8105
-0.0250468 0.00625044 32.3555
-0.0250949 0.00773829 32.318
4.119 -1.01582 -4785.78
0.261226 -0.452859 -195.359
-0.0293544 -0.294763 154.661
-0.126867 -0.1931 24.9039
-0.127893 -0.194078 24.9723
0.567064 -0.259929 17.1497
0.00372479 -0.171228 19.4373
-0.0065797 -0.00136373 51.336
-0.0104256 -0.000387398 51.776
0.0205598 -0.0447904 20.4803
0.0205598 -0.0447904 20.4803
0.0566208 0.0474276 29.5264
-0.00687815 0.00114542 23.9746
-0.00112681 -0.0264984 24.3513
-0.00516556 -0.00252611 24.2171
-0.00780004 0.0659009 21.3225
-0.0759998 -0.0582126 41.2289
-0.00810033 -0.0895651 22.3909
-0.0091127 -0.0957585 23.2389
0.00911823 -0.0800603 16.733
-0.0661912 -0.0638327 43.7187
-0.129916 -0.00279125 64.6461
-0.0477904 0.0426958 27.5162
-0.0581611 0.013361 33.8766
-0.0888121 -0.0887913 62.4057
0.00709274 -0.0645455 7.57517
0.00489607 -0.0535115 8.09755
-0.0040186 -0.0329454 11.6294
0.0025376 -0.0329953 7.5426
0.000981746 -0.0417078 8.63946
-0.0138408 -0.0103055 15.1222
0.0172527 0.0244037 -4.39559
-0.00789696 0.00303106 11.9648
0.0245836 -0.364553 14.5768
0.0377018 -0.37889 6.64898
-0.0235012 -0.171786 33.36
-0.0258323 -0.218503 41.5195
0.0169943 -0.00157246 -12.5009
-0.0388172 -0.0137601 35.7518
0.00512682 -0.0484702 6.70264
-0.00503687 -0.0495823 14.8805
-0.00533357 -0.0490541 15.2054
-0.00492944 -0.13185 16.5777
-0.0211328 -0.125797 29.9726
-0.00175679 -0.0556374 12.7311
-0.00762445 -0.0466636 17.6295
-0.00427878 -0.0528475 15.0041
-0.00552294 -0.067343 17.124
0 -0.0351306 9.98273
0.0115736 -0.0635939 -0.0462203
0.0391732 0.262291 27.6629
0 0.320117 64.7461
0.0442253 0.0865296 -49.6884
0.153794 0.132981 -31.594
0.179614 0.100444 -58.3951
0.208938 0.212226 -97.2152
0 -0.0764587 48.5555
0 -0.0764587 48.5555
0 -0.0764587 48.5555
1.25017 0.0394257 -1496.54
0.238469 -0.0901886 -244.12
0.0169659 0.0717974 43.875
-0.127613 -0.193714 24.926
-0.00545169 0.00999858 50.7393
-0.0107533 0.00775169 51.3032
-0.0205026 0.00557233 52.4083
-0.0276187 -0.00301396 53.8611
0.0205598 -0.0447904 20.4803
0.0205598 -0.0447904 20.4803
-0.00415349 0.0176539 22.0889
-0.0190594 0.0123716 25.8357
-0.00410734 0.00734444 22.7192
0.0108089 -0.0064008 20.6211
0.045723 -0.00160337 10.8954
0.000391753 -0.0314638 16.633
-0.0118786 -0.0232436 19.1845
-0.0203591 -0.0318793 22.6739
0.00252262 -0.0663487 17.5807
-0.0776119 -0.0711449 48.0705
-0.0843356 -0.0645709 50.7665
-0.0803704 0.000615765 44.4687
-0.0876024 -0.00598252 47.8696
-0.0611411 -0.0404906 37.466
-0.0482122 -0.0715762 34.4258
0.00448154 -0.0699813 9.90065
-0.0164121 -0.0650689 20.155
0.00818638 -0.0458291 4.96708
0.0430601 -0.0539427 -14.3784
0.0393891 -0.0227639 -15.5822
0.0552469 0.0672729 -31.1394
0.0628164 0.11076 -39.2306
0.0467916 -0.394831 2.03765
0.0324261 0.447671 -49.8519
-0.11503 0.0948443 87.7554
-0.10091 0.0963835 76.9965
-0.130452 0.142942 93.943
0.161295 0.000122298 -118.988
-0.0387657 -0.0136654 35.7046
0.4719 -0.329193 -350.022
-0.535864 -0.24673 469.441
0.0170858 -0.00140927 -11.6592
0.333336 0.670709 -322.903
0.102866 0.55888 -111.009
0.00318958 0.162765 -8.93089
0 0.157624 -5.59328
0.00370356 0.161282 -9.44802
-0.00520506 0.0290236 8.53179
0.00819912 0.090079 -9.57879
-0.0148879 0.172549 8.38287
0.00641175 0.0290816 -5.16992
0.0857361 0.161369 -98.8257
0.065536 0.0486908 71.5994
-0.10368 -0.0881015 127.202
-0.0235821 0.00656208 30.5918
-0.00682698 0.0885441 6.32495
-0.0042407 0.0856665 3.52724
-0.00437402 0.0948111 3.00682
-0.00437402 0.0948111 3.00682
1.06483 -0.0270835 -1281.43
0.0169659 0.0717974 43.875
0.0101236 0.0408936 47.0321
-0.0203118 0.0209083 51.1053
-0.0202966 0.0209076 51.1038
-0.0244535 0.0086029 52.4996
-0.0478978 0.0131825 54.6279
0.280213 0.0413892 -15.6886
-0.0818828 -0.0568599 49.0811
1.11558 0.00868545 -194.774
-0.0202624 -0.0110906 28.5152
-0.0163219 -0.0127867 27.6182
-0.00867991 -0.0558316 29.9112
0.0311499 -0.0247549 16.7076
-0.00959772 0.0370457 13.5752
-0.0406506 -0.00886555 27.4702
-0.0565541 0.00960942 30.8035
-0.0162219 -0.0314922 21.5768
-0.0603709 -0.159636 48.6304
-0.0365351 -0.167945 39.9488
-0.0690881 -0.0671583 45.0921
-0.0397058 -0.146634 38.8331
-0.0647554 -0.0290445 38.6136
-0.0164094 -0.0519119 17.4757
0.0162443 -0.0865113 5.73456
0.00755794 -0.0670582 7.96427
0.0191109 -0.0569694 1.18442
0.00616082 -0.0437183 6.33164
0.0258363 -0.0313533 -6.52655
0.327696 -0.0784414 -184.703
0.0484955 0.0672208 -25.3841
0.0878898 0.0408905 -48.6835
0.0760039 0.0176003 -37.5758
-0.0212811 0.131682 17.5938
-0.0952842 0.0974914 73.0694
-0.0859099 0.1733 58.8689
-0.0640582 -0.0297473 56.4089
-0.00701935 -0.0125188 10.076
-0.170066 -0.0350941 147.352
-0.0258808 -0.0231671 25.2325
-0.0436422 -0.0212823 41.6065
0.00942678 -0.0017186 -5.26337
0 0.0184045 -0.610336
0 0.0640161 -4.72735
0 0.0640161 -4.72735
0.000623836 0.0480771 -3.86015
0.0268881 -0.00141485 -20.7191
0.0190232 0.0491192 -18.8105
0.00745442 0.00186935 -2.37468
0.0128573 0.0269414 -11.7542
0.00959859 0.00464013 -4.32312
0.0621979 0.00362931 78.8645
0.071566 -0.0102308 69.8839
-0.309633 0.55008 445.069
0.047672 -0.279812 114.2
0.00212129 0.0891872 -4.21942
0.000705614 0.0938041 -2.98815
0.145056 -0.0230049 -143.262
0.235009 -0.0510532 -243.513
-0.743616 -0.0735318 77.9337
-0.78439 -0.113327 84.6397
-0.0190603 -0.0572995 44.5876
-0.0177999 -0.0591797 44.6701
-0.038947 0.0351527 51.4304
-0.0661026 0.00222094 58.0954
0.0637313 0.022687 16.2538
-0.0956626 -0.0848984 54.1432
-0.11171 -0.055251 51.6259
-0.0797652 -0.0730599 47.969
-0.056355 -0.0726993 43.3167
-0.10396 -0.123141 60.1867
-0.0933175 -0.0766517 51.0703
-0.0343836 0.00679144 24.58
-0.0519302 0.0159702 28.7744
-0.0446562 -0.00233644 28.4435
0.00546739 -0.0111648 4.9719
0.00565974 -0.0101525 4.3663
-0.00153983 -0.00143126 6.4732
-0.0218123 -0.016182 16.8486
-0.0308839 -0.0289065 22.6663
-0.0482298 -0.0244616 29.9768
-0.0523389 -0.0203066 30.9506
0.0215793 -0.0322821 -4.30975
0.0132174 -0.0627315 3.69027
0.0375728 -0.0635759 -9.08958
0.0164767 -0.0497428 0.767676
0.0229949 -0.0413261 -4.14988
0.0524152 -0.136647 -10.202
-0.0198752 0.00192802 16.1052
0.047359 0.145553 -45.8071
-0.011273 -0.0410613 15.6982
-0.0054207 -0.0400192 11.805
-0.114149 -0.0209039 94.6083
-0.000143869 -0.00851002 2.94786
0.00584148 -0.00674666 -1.687
-0.0465812 -0.243941 75.3624
0.0198192 0.000952611 -14.4726
0.0366779 0.0123878 -31.5618
0.00506073 -0.00947546 -1.27311
0.13946 0.444336 -176.265
0.00224929 0.0286054 -4.65987
0.0245139 0.0167418 -22.3367
0.0192733 0.0135404 -16.9841
0.0226276 0.00107611 -17.4387
0.0224288 -0.00464461 -16.627
-0.00135739 -0.0564197 11.3951
-0.00821587 0.00285055 14.3749
0.0193024 -0.0066004 -13.6841
-0.0223956 0.00802088 29.0551
0.0664996 -0.00509827 75.1837
0.0481053 -0.0312631 97.9663
-0.832612 0.597083 1036.73
0.158755 -0.0232777 -24.7693
-0.0241244 0.0071296 31.1893
-0.0372846 -0.334591 220.032
0.207031 5.74081 -853.499
0.377022 -0.0271977 -421.853
-0.0265812 -0.421739 101.487
-0.025801 -0.427341 102.224
-0.0193908 -0.0461166 42.9293
-0.036441 -0.0561367 45.6388
-0.0876888 -0.000948238 61.3539
-0.0921299 0.00198274 61.1328
-0.0914151 -0.0045576 41.9567
-0.137345 -0.0756809 59.1034
-0.0868251 -0.0701898 48.5637
-0.0932529 -0.0773911 51.1272
-0.0841868 -0.0780882 48.6599
-0.0983012 -0.072511 51.4403
0.00677093 0.0129968 6.44868
-0.0152665 -0.0238901 23.6699
-0.0473081 -0.00220887 29.8305
-0.228978 0.0331055 81.2257
-0.0309311 0.0110593 14.602
0.00885332 0.0554545 -5.96719
0.00473088 0.0405499 -1.27841
-0.0148366 0.0244258 8.98085
-0.0204675 -0.00463943 15.3344
-0.0653026 -0.00859424 36.8881
-0.0469176 -0.00989452 27.0031
-0.00177007 -0.00138028 3.3993
0.00564018 -0.0148851 2.17305
0.0134947 -0.040441 0.693421
-0.0558686 -0.00545633 37.0055
0.0100338 -0.00474172 -2.51675
0.00822886 -0.0825738 9.56284
0.0184441 -0.139829 13.3617
-0.0169468 -0.0472723 20.2799
-0.0476958 -0.418301 98.6301
-0.0945633 -0.113087 97.9315
-0.30256 0.0555014 221.477
-0.0324554 -0.0147705 30.0832
0.0031794 -0.00573565 0.238215
0.0260736 0.0103158 -21.6755
-0.135522 0.0791294 101.404
-0.00338991 -0.0124077 6.37388
0.0345809 0.189707 -56.192
0.0288106 0.0075274 -23.6533
-0.00408969 -0.00720574 6.63375
0.0332495 0.0229585 -30.9166
0.0513673 0.163163 -42.094
-0.0357161 0.804891 -53.8035
0.0250132 0.00131884 -19.8904
-0.0126706 -0.00871408 17.9333
0.0267607 -0.103793 -8.1399
0.0106891 0.00301069 -5.28135
-0.00970484 0.0120792 14.6237
-0.00802522 -0.344157 60.8676
-0.0105347 -0.00885613 15.5653
-0.022002 0.00924379 28.4274
0.0227749 -0.095198 -8.19543
-0.0132465 -0.00167836 17.646
0.029842 -0.294528 134.425
-0.0238097 0.00846643 30.7093
0.460386 -0.0154746 -526.424
-0.0205797 -0.125868 56.6259
-0.0240884 -0.100253 52.5699
-0.0522841 -0.0693656 49.0338
-0.0481727 -0.083154 50.885
-0.0919136 -0.014546 63.6286
-0.0829877 -0.00700883 61.4798
-0.0431248 0.0221434 30.5343
-0.170704 -0.0478932 61.068
-0.123385 -0.0781159 56.393
-0.0829229 -0.0487997 44.0854
-0.0621022 0.00854098 29.8023
-0.0601383 0.00145107 30.9777
0.0857001 0.0644472 -23.3254
0.123434 -0.00466727 -21.379
-0.109916 -0.0187293 50.8698
-0.102317 0.087561 29.3394
-0.0409866 0.117525 3.25604
-0.0261518 0.107028 -0.267936
-0.0210927 0.0807631 2.34771
-0.0194144 0.0467201 7.56885
-0.0417005 0.0346116 18.9856
-0.0701447 0.0180651 35.2561
-0.0939782 0.0121637 46.966
-0.0125528 0.0313143 3.74647
-0.0199658 0.0131724 10.7332
-0.0060547 0.0151137 3.12657
-0.0723059 0.473731 -35.7383
-0.0230273 -0.0109192 19.1387
-0.00176101 0.00225864 2.20475
-0.00987123 -0.051819 16.3286
-0.0743813 -0.0116163 56.9343
-0.00881251 -0.0548657 16.0584
-0.00227245 -0.0477565 10.4379
-0.0257488 -0.014686 34.4053
0.0572317 -0.441814 27.1346
-0.100643 0.0189089 76.5982
0.00595665 -0.0130448 -0.605534
-0.0220551 0.0625168 10.5912
0.0253681 0.0153731 -21.7064
0.0525352 -0.279394 -0.586243
-0.214186 -0.135038 207.425
0.00899234 -0.0027958 -5.77989
0.0356124 0.0118576 -30.5568
0.0459685 0.02383 -42.6011
0.030466 0.0213381 -26.678
0.0126301 0.0468708 -13.9803
0.0197013 0.00467141 -14.9341
-0.0231887 0.0350012 23.7733
-0.0171915 0.0154936 22.1366
-0.0201202 0.00926952 26.3475
-0.00912833 -0.00896722 13.9045
-0.00847502 -0.00813729 13.036
0 -0.0716122 15.0698
-0.0219888 0.00939776 28.3958
-0.0219888 0.00939776 28.3958
0 0.0493614 -3.62604
-0.460998 -0.333828 639.602
0.466339 -0.0183543 -533.271
-0.0144928 -0.133459 57.8706
-0.0127429 -0.162316 63.1213
-0.0319866 -0.0835672 49.8485
-0.076216 -0.100954 56.0058
-0.0947234 -0.0117142 63.4065
-0.0952137 -0.0135011 63.8757
-0.0587019 0.0474946 28.1464
-0.0988473 0.0217947 38.9081
-0.0413179 -0.0835092 42.4069
-0.0355384 0.0771851 12.1097
-0.0506602 0.10215 11.428
-0.0588313 0.0736974 18.5213
-0.0741666 0.0649248 24.3913
-0.0310413 0.0803014 9.02582
-0.0590047 0.0749608 18.2431
-0.0551127 0.118494 8.71741
-0.0342159 0.129987 -0.64872
-0.0408669 0.112114 4.549
-0.0514728 0.0814686 14.07
-0.0327785 0.0314134 16.4777
-0.046607 0.0509221 17.9745
-0.0591671 0.214551 -6.00188
-0.0510557 0.0915163 12.6912
-0.011556 0.161278 -19.5303
0.0110348 0.131346 -25.672
0.0388697 0.173972 -48.9139
0.0193444 0.121074 -27.6006
0.0558031 0.139507 -50.9311
0.0818798 0.0806939 -53.9032
-0.00291853 0.23793 -39.8495
-0.0274534 0.259582 -28.0946
-0.0202828 0.266638 -34.5994
0.562691 0.174896 -420.901
0.221986 -0.0857351 -129.763
-0.0491087 0.213788 -3.27277
-0.011971 0.0508949 1.38508
-0.00626555 0.0143872 3.38794
-0.00602988 0.001891 5.57086
0.00954848 0.00650746 -7.83502
0.0220014 0.00662512 -18.4829
0.00646485 -0.215047 35.9245
0.0391227 0.00458006 -33.4875
0.0538893 0.0113483 -48.1315
0.0705249 0.00164107 -61.8293
0.0294063 -0.00157788 -21.9098
0.0368709 0.0269735 -33.7385
0.00201486 0.0280086 0.427494
-0.0666203 0.0313121 68.6417
-0.00286206 0.178139 -21.4505
0 0.129038 -15.5908
0.0107267 0.195397 -39.2705
0 0.163429 -21.8001
-0.00483706 0.182627 -19.7671
-0.00387688 0.201433 -24.267
0.363201 -0.0415439 -292.687
0 0.196546 -27.6864
0.774924 -0.200076 -881.085
0.654575 0.0132865 -771.209
0 0.109478 16.9869
-0.150669 -0.22082 78.19
-0.168088 0.433596 -44.4997
-0.0912854 0.348999 -30.9532
0.113867 -0.0382264 35.8534
-0.0536427 -0.0067272 57.9951
-0.0897353 0.0572531 30.7166
-0.0901534 0.0516297 32.0726
-0.0945206 0.0392358 35.4005
-0.10391 0.171914 9.50391
-0.0757039 0.170551 3.75379
-0.0735837 0.0729566 22.9631
-0.0602799 0.0873545 16.3136
-0.0699255 0.140943 8.12952
-0.0519385 0.109762 9.34278
-0.0308323 0.145458 -5.04248
-0.0255075 0.151284 -8.17604
-0.041497 0.202094 -12.1823
-0.0322482 0.214739 -18.461
-0.02548 0.279389 -34.6152
-0.00612158 0.311025 -49.5256
-0.0182868 0.301752 -42.3315
-0.0504347 0.199908 -7.22988
-0.086892 0.105561 51.501
0.0139476 0.236471 -46.1231
0.0106126 0.232011 -43.4891
0.000226541 0.167523 -24.2608
-0.0148813 0.141923 -8.03888
0.00321609 0.0450111 1.00042
-0.0121873 0.272277 -40.3054
-0.0166883 0.275858 -38.0262
-0.0189858 0.294131 -40.9273
0.0747536 0.276255 -100.952
-0.0193991 0.0187529 13.046
-0.0233641 0.0774815 5.01085
0.0403878 0.0087432 -34.1022
0.00461954 0.00502081 -2.66242
0.0315938 0.00754181 -25.8951
0.00318238 0.00241114 -1.13939
-0.00593441 0.00138523 5.91645
0.0143923 0.0218556 -13.8492
0.0597486 0.0309771 -57.0326
0.0224468 0.0367678 -24.3168
0.068611 5.98933e-05 -59.7
0.0281198 -0.0110059 -18.5506
0.0239665 0.00751008 -17.8362
0.0432702 0.0168074 -38.9158
-0.02666 -0.00870272 35.8551
0 0.213583 -32.7229
0.0151783 0.172321 -40.5792
-0.0363592 0.16947 15.7292
0.0256678 0.148777 -48.1469
0.0170773 0.202362 -49.897
-0.0031268 0.205448 -27.4876
0.00193599 0.195728 -31.4181
0.0316594 0.144645 -56.7375
0.0339013 0.100915 -51.1235
0.885758 -0.0269851 -1048.44
0.0125624 -0.238378 78.7601
-0.197141 -0.240317 83.6991
-0.373644 0.122373 13.1616
-0.0282498 0.166073 -14.1138
-0.0339487 0.177892 -16.7267
0.0237623 -0.0457981 57.5749
-0.118932 0.0705869 32.7685
-0.0988286 0.0323584 37.7663
0.366661 0.109403 -70.7596
-0.0261997 -0.0624852 44.298
-0.112323 -0.0230526 53.3223
-0.100329 0.03841 36.864
-0.0530919 0.0473731 22.2728
-0.000998287 0.084839 0.284094
-0.0126002 0.167712 -15.6415
0.024286 0.25362 -48.1036
-0.0115682 0.226217 -29.2005
-0.0107425 0.288488 -43.3101
-0.012324 0.27308 -39.7669
0.0280975 0.264799 -54.7137
0.0146483 0.288638 -53.6961
0.0260757 0.291879 -59.4359
0.181599 -0.119766 -32.0388
-0.110061 0.0724066 70.4522
-0.0553622 0.275962 -16.9035
-0.0134943 0.246516 -32.4939
-0.040135 0.241384 -16.2325
-0.0277451 0.136141 0.378295
-0.035074 0.137049 4.84669
0.0177786 0.250043 -54.2469
0.0178048 0.299392 -65.2781
0.0075114 0.326648 -65.1994
-0.012649 0.321202 -50.8125
0.269438 -0.0746353 -165.743
-0.0243779 0.00359239 21.1355
-0.0150878 0.00854796 13.1467
-0.00664045 0.0356805 1.19187
0.0115219 0.0233615 -11.6954
0.0202777 0.00319111 -14.6614
0.0260736 0.0103158 -21.6755
0.235665 -0.144324 -159.237
-0.278432 0.439884 163.711
0.0288501 -0.00973208 -18.6299
0.0294068 0.00815866 -23.948
0.0766656 -0.0220062 -62.4627
0.0381829 0.00874243 -32.0762
0.0411668 0.0116417 -35.6622
0.0416813 0.444992 -136.921
0.0417766 0.434917 -134.79
-0.0214274 0.0104386 27.5845
-0.0222753 0.0101682 28.5489
-0.0219364 0.00963828 28.2954
-0.0116522 0.340925 -55.5525
-0.0200624 0.33379 -44.3193
-0.0343225 0.320174 -24.6307
-0.035737 0.260592 -9.49053
0.914368 -0.0140786 -1086.35
0.897168 -0.02931 -1062.07
0.0144671 0.147178 -12.825
-0.264106 0.124192 -1.18934
-0.477742 0.14894 12.0013
-0.00691595 0.151056 -12.0113
-0.01355 0.177751 -18.5869
0.0180805 0.158971 -16.5948
0.0173767 0.118666 -6.15987
-0.031493 0.160849 -10.2488
-0.00627759 0.219072 -28.5621
-0.0140249 0.198085 -21.5191
-0.00480677 0.257005 -38.5507
-0.000635778 0.262216 -40.7145
-0.0277886 0.322742 -49.6324
0.00322994 0.292824 -50.7765
-0.01157 0.260747 -37.3426
0.0203649 0.307212 -58.7078
0.00931249 0.292978 -51.2711
0.000376392 0.302834 -50.3704
-0.0181962 0.302615 -43.0945
-0.00780597 0.280959 -42.7201
0.00604446 0.283773 -49.189
0.0149493 0.253834 -45.1793
0.00447557 0.206921 -27.9705
-0.0912329 0.230673 13.3108
-0.0982454 0.195592 25.2188
-0.0017368 0.225521 -34.1405
-0.0198084 0.219947 -21.5859
-0.0582284 0.212552 0.882825
0.00963231 0.183334 -33.9834
0.0633639 0.234393 -79.8916
0.0443202 0.269792 -75.277
0.0475048 0.30029 -85.4326
0.168067 0.26811 -160.532
0.129915 0.178431 -109.821
0.119581 0.160495 -97.2879
0.0740946 0.154655 -61.4419
-0.0228987 0.118437 21.7043
-0.025801 -0.125674 85.1645
-0.0109573 -0.262092 105.174
0.0551535 0.326579 -91.1794
-0.481695 0.0874682 429.028
0 0.912438 -205.616
0 -0.433396 140.783
0 -0.433396 140.783
0.0121642 -0.0100879 -4.07638
-1.13679e-12 -0.433396 140.783
-1.13679e-12 -0.433396 140.783
0 -0.433396 140.783
-0.00121684 -0.431908 141.791
-0.000930479 -0.432038 141.514
-0.000930479 -0.432038 141.514
-0.000640944 -0.432105 141.212
-0.000448214 -0.432176 141.014
-0.000425559 -0.43224 141.005
-0.000496651 -0.432291 141.101
-0.000559294 -0.432327 141.184
0.0450516 -0.245769 40.3636
0.726279 -0.0239336 -851.212
0.0379599 0.146495 -12.8092
0.0325254 0.130725 -8.32339
0.0110893 0.15834 -14.9397
0.066889 0.216731 -35.4515
0.0281206 0.224284 -35.0049
0.0101667 0.181549 -21.4884
0.0093192 0.161103 -16.621
-0.026582 0.150797 -8.40488
-0.0173667 0.173744 -15.8791
0.016212 0.288452 -51.2966
0.0354138 0.289618 -55.5151
0.00959299 0.319285 -57.2655
-0.00825872 0.284399 -43.3425
-0.0346527 0.27688 -34.6078
-0.0036894 0.281927 -45.3487
-0.00342801 0.237596 -32.8418
0.0122496 0.276244 -48.1255
0.0122262 0.262384 -43.8598
-0.014505 0.266139 -35.0669
-0.0177634 0.279757 -37.21
-0.0197902 0.26017 -31.1999
0.00589455 0.226958 -34.1702
-0.0227158 0.22133 -19.2782
-0.0825095 0.198691 16.682
-0.105895 0.179609 33.2829
-0.0551876 0.127697 19.5727
0.088648 0.615938 -186.337
-0.0924638 -0.134176 110.565
0.561041 -0.0881764 -286.076
-0.275826 0.126332 169.749
0.0630238 0.214402 -73.7139
0.0772124 0.22141 -84.4917
0.120469 0.230086 -117.463
0.136058 0.152089 -107.5
0.107001 0.154608 -86.0602
0.267523 0.00679213 -170.214
-0.0202869 0.148047 12.0164
-0.0306072 0.153639 18.7687
-0.0294322 -0.130233 89.2655
0.0390625 0.22526 -54.9935
-0.520412 -0.137631 523.363
-0.00105728 0.188013 -37.4002
0.0928328 0.130366 -107.144
0 0.20999 -44.1448
0.130222 0.0824816 -136.084
0.0114315 0.0903212 -22.5397
0.0058335 0.0815884 -14.6394
0.0015317 0.0738761 -8.08942
0.00146191 0.0736835 -7.96607
0.00122895 0.0728252 -7.48551
0.00119858 0.0728214 -7.45171
-0.00392187 0.0714547 -1.36932
-0.00847954 0.0745674 2.88855
-0.0105607 0.0782224 4.27012
-0.0105607 0.0782224 4.27012
-0.0126497 0.0708533 68.5554
0.31901 -0.0078125 -365.253
0.851662 -0.13457 -977.22
0.0528092 0.145063 -12.6002
0.0574527 0.163621 -17.8911
0.0411689 0.210284 -31.0618
0.0478205 0.243707 -40.5416
0.050875 0.273453 -50.4104
0.107589 0.563303 -140.569
-0.0164434 0.159699 -11.7875
-0.0344452 0.147676 -6.39841
-0.129197 0.121883 30.3952
-0.037359 0.32858 -49.81
0.0291762 0.313402 -60.1195
0.0156788 -0.0342087 40.3226
0.0199293 0.0409457 16.9707
0.011688 0.253079 -41.3475
0.0121549 0.303088 -55.8727
0.0190422 0.30634 -58.7632
-0.00689565 0.276506 -41.7654
0.0111486 0.24097 -39.0658
3.1945e-06 0.243565 -34.7799
-0.0291679 0.245113 -22.7666
-0.0188615 0.240698 -26.1098
-0.00963634 0.246721 -32.2775
-0.00594584 0.262545 -38.512
-0.00635495 0.439918 -89.8669
-0.135854 0.195039 44.6937
-0.146284 0.202796 48.1191
0.0602762 -0.0277881 10.5499
0.0216508 -0.222672 72.2877
0.305045 0.116421 -167.208
0.0574827 0.0473032 -3.86574
0 0 -1
0.136538 0.154485 -106.171
0.0896608 0.20164 -87.5487
0.0916756 0.200403 -88.8035
0.108647 0.176956 -94.1229
0.0559521 0.149123 -46.4967
0.0192627 0.177281 -26.8096
0.00620041 0.0288674 1.57415
0.00716072 0.0289838 0.740115
0.00661545 0.028074 1.46575
0.00621135 0.0274848 1.9851
0 0.150232 -28.9647
0.0820638 0.128019 -96.7108
-0.0123688 0.255945 -48.9426
0.00427332 0.0738494 -11.0926
0.128296 0.0721503 -131.211
0.00196592 0.0735414 -8.43204
0.00157377 0.0738236 -8.11708
0.00125999 0.0728615 -7.52914
0.00122411 0.0728319 -7.48225
0.00118623 0.0728126 -7.4357
0.00117623 0.0728062 -7.42285
-0.00455605 0.0742831 -1.48045
-0.00562394 0.0780751 -1.37429
0.00948697 0.0560514 46.41
0.0155975 0.045843 42.1887
-0.0157038 0.0701176 72.4307
0.673388 -0.108174 -764.048
0.0617818 0.137711 -10.5595
0.0684765 0.130953 -8.63778
0.0556459 0.167284 -18.2047
-0.280966 -0.890438 328.388
0.520852 0.359875 -125.725
0.149471 -0.0756563 47.8218
0.179696 -0.0545319 36.891
-0.0837174 0.0826402 34.1412
-0.06963 0.0939931 26.8444
-0.0589094 0.115863 18.6337
0.0345201 0.261893 -45.9317
0.0690434 0.325373 -72.9879
0.0525696 0.442007 -105.432
-0.103399 0.244418 -0.0333753
-0.00861301 0.30842 -50.7466
0.049716 0.358116 -85.7387
0.0687106 0.352874 -90.2374
0.0299603 0.222417 -40.0131
0.00545384 0.263005 -41.6324
-0.0541868 0.259439 -17.0359
-0.025619 0.238547 -22.7094
-0.00263986 0.243514 -34.2987
0.0131392 0.227173 -36.6402
0.0724508 0.151786 -43.212
0.0108022 -0.00395961 30.782
0.026465 -0.00171538 21.4824
0.0367844 -0.0263229 23.4671
0.309087 0.118002 -170.155
0.307848 0.117008 -169.099
0.0533968 0.0465093 -0.99684
0.140261 0.137824 -104.319
0.1473 0.14865 -111.981
0.1117 0.20575 -104.976
0.0947623 0.209769 -93.5101
0.0764731 0.224312 -84.507
0.0706431 0.208901 -76.1013
0.0892704 0.194545 -87.4549
0.066365 0.210696 -74.4327
0.00620041 0.0288674 1.57415
0.00600295 0.028081 1.98533
0.0059085 0.0275976 2.2166
0.00590518 0.027542 2.23718
0.00590518 0.027542 2.23718
0 -0.0145368 20.5884
0 -0.0145368 20.5884
0.0190165 0.00296629 -13.9048
0.00287567 0.0730945 -9.21171
0.00124805 0.0728679 -7.5184
0.0012399 0.0728639 -7.50875
0.00120884 0.0728338 -7.46652
0.00118048 0.0728167 -7.43064
0.00117235 0.0728085 -7.41916
0.0011733 0.0728069 -7.41974
-0.00227778 0.0774008 -5.03264
0.0328784 0.0341626 25.0382
0.0190597 0.0252428 44.31
0.011994 0.128451 -18.6139
0.0122479 0.170391 -32.4483
0.0620884 1.16633 -343.332
0.0628082 1.16912 -344.289
0.10999 0.118589 3.40622
0.0840138 0.121751 4.52369
0.0170039 0.175199 -7.2021
0.0241143 0.21099 -20.8018
0.175501 -0.0644226 40.8096
0.0976164 0.373955 -89.0865
0.139752 0.528289 -148.031
-0.0478929 -0.053 87.2332
-0.0996077 0.00553659 77.2515
-0.0590535 0.119132 27.8292
-0.0294402 0.109279 23.8576
-0.0961424 0.249184 -3.55952
-0.00729277 0.308125 -51.0351
0.0436185 0.319111 -70.9573
0 0 -1
-0.0250515 -0.229795 147.676
0 1.49119 -449.038
-0.0298642 -0.207897 141.187
-0.028791 -0.181181 131.325
-0.028791 -0.181181 131.325
0.168826 0.118381 -82.3317
0.168443 0.113995 -80.6226
0.0128075 -0.0132173 33.0055
0.0131499 -0.00350583 29.428
0.0722308 0.0114741 13.1482
0 0 -1
0.0509004 0.0444828 1.25507
0.0510221 0.0443657 1.21292
0.0511549 0.0350286 4.24587
0.0508371 0.0384369 3.29435
0.10392 0.19521 -96.0493
0.117031 0.178968 -100.396
0.11861 0.201806 -108.073
0.0690243 0.253587 -88.0859
0.0717513 0.254977 -91.64
0.101265 0.231959 -106.975
0.059455 0.268085 -86.2371
0.0581989 0.257353 -81.5502
0.0457378 0.174268 -41.9491
0.0345132 0.162318 -28.0634
0.0296798 0.160318 -23.0759
-0.00312061 0.125317 16.2348
0.00692641 0.207971 -22.5682
0.0404762 -0.256066 48.4398
0.00448335 0.20177 -17.9374
0.00448996 0.201754 -17.9388
0.00449243 0.201728 -17.9324
0.00449492 0.201693 -17.9233
0.00448966 0.201672 -17.9105
0.0461599 0.153915 -27.9497
0.0459482 0.156547 -28.5436
0.0422414 -0.101947 111.727
0.0413936 -0.103347 113.181
0 0.35226 -43.3384
-0.0210154 0.111296 27.536
-0.0668853 -0.0852091 148.472
0.137605 0.0907665 11.1483
0.138081 0.0914826 10.8721
0.13581 0.0950392 9.75273
0.132184 0.116843 2.44644
0.0541872 0.233645 -30.9998
-0.0249511 0.37832 -74.3356
-0.374592 0.198258 34.687
0.0371371 0.307678 -55.7656
0.0233651 0.174169 -6.87209
-0.0465714 0.0572468 47.7885
-0.0785695 0.00595371 72.1454
-0.0647035 0.0521132 51.295
-0.0498685 0.0618542 45.2304
-0.0137059 0.0669507 34.1347
0.00302566 -0.119486 76.3872
0.00302566 -0.119486 76.3872
-0.0247633 -0.229712 147.559
-0.027681 -0.230221 148.741
-0.0327244 -0.199212 139.442
-0.0303274 -0.183457 132.785
-0.0268098 -0.179877 129.975
0.0211272 -0.0244058 32.2938
0.0212031 -0.0244113 32.2559
0.0218552 -0.0244221 31.9305
0.0233657 -0.0244378 31.1473
0.0196535 -0.00844795 27.5312
0.0219323 0.0133152 18.4313
-0.0335389 1.50228 -480.101
-0.0348248 1.50211 -479.262
-0.000634891 -0.0134097 39.2298
-0.000634891 -0.0134097 39.2298
-0.000634891 -0.0134097 39.2298
-0.000634891 -0.0134097 39.2298
-0.000634891 -0.0134097 39.2298
0.133392 0.180683 -111.958
0.12247 0.18049 -103.532
0.0698281 0.256436 -89.7803
0.0644169 0.24502 -81.8603
0.0485186 0.259919 -74.313
0.0976562 0.226562 -103.223
0.0556173 0.258289 -79.6655
0.0265031 0.163058 -21.1543
0 0.346823 -65.1801
-0.00020382 0.228909 -23.0805
0.00177562 0.22689 -24.2573
0.00448335 0.20177 -17.9374
0.00448228 0.20176 -17.9333
0.00448084 0.201737 -17.9235
0.00447548 0.20172 -17.9118
0.004469 0.201696 -17.8966
0.00447103 0.201673 -17.8906
0.0581368 -0.145479 61.6593
-0.28596 0.0352402 440.872
0.0432044 -0.165472 132.768
0.0590092 -0.148652 108.463
0.000197749 0.019568 66.248
-0.000491753 0.0103671 70.4003
0 -0.115281 165.506
0.137756 0.090136 11.3693
0.138252 0.0904868 11.2176
0.141337 0.0926036 10.2758
0.153212 0.1118 2.61871
0.112844 0.170772 -15.0752
0.042572 0.225203 -27.3842
0.0514181 0.247497 -36.5208
0.02663 0.25516 -35.3782
-0.0105147 0.227423 -19.1452
-0.0888546 0.197486 6.36427
-0.0956436 0.172738 16.7244
-0.0742682 0.0731962 47.5288
-0.0230963 0.0527221 41.7435
-0.0139447 0.0364852 44.9918
-0.012392 -0.0523228 77.4606
-0.0137313 -0.140381 110.555
-0.0199711 -0.228633 145.446
-0.0292067 -0.214159 143.498
-0.0262716 -0.199392 136.912
-0.0241425 -0.184857 130.666
-0.0220396 -0.177467 127.016
-0.0196366 -0.177447 125.932
-0.0188548 -0.177437 125.562
-0.0188548 -0.177437 125.562
0.0243727 -0.0278687 31.8184
-0.0291477 0.0749062 40.4365
-0.0292985 0.0755238 40.2886
-0.0290903 0.076591 39.7613
-0.024748 0.0968051 29.6124
-0.014724 0.0964601 23.4441
-0.00228943 0.0964724 15.355
0.0154653 0.0967452 3.33214
0.0396268 0.0971799 -13.5763
0.0709877 0.0976771 -36.146
0.117927 0.139917 -86.3604
0.13047 0.150474 -99.5139
0.117846 0.220809 -114.996
0.0656956 0.253099 -85.7506
0.0498967 0.267352 -78.1143
0.0538975 0.260938 -79.1334
0.0195572 0.171364 -17.9521
0 0.0941685 26.2878
-0.00190045 0.236667 -24.2485
-0.00155483 0.228158 -21.5375
-0.00168827 0.225678 -20.5
0.00448202 0.201769 -17.9359
0.0044802 0.201766 -17.9333
0.00447862 0.201761 -17.9299
0.00447115 0.20172 -17.9075
0.00445876 0.201695 -17.8854
0.00446019 0.201677 -17.8803
0.0549291 -0.129049 59.3478
0.0505291 -0.129397 64.4312
0.0505291 -0.129397 64.4312
0.0173119 0.105468 14.7339
0.000841578 0.0209992 64.9558
0.000100436 0.0198759 66.2573
0.000100436 0.0198759 66.2573
