0 1 3
1 2 3
2 3 3
3 4 3
4 5 0
5 6 2
6 7 2
7 8 1
8 9 0
9 10 0
10 11 3
11 12 3
12 14 3
14 15 3
15 16 3
16 17 0
17 18 1
18 19 0
19 78 0
21 78 3
21 23 3
23 82 1
82 86 0
24 86 3
24 90 3
89 90 3
89 97 2
97 214 3
99 214 3
42 99 0
42 101 0
101 103 3
103 108 3
108 109 3
52 108 0
52 109 0
12 71 3
14 71 3
52 513 0
103 107 3
107 108 3
108 513 3
42 273 0
4 62 3
5 62 1
87 90 3
2 60 3
21 79 3
87 89 3
1 60 3
12 70 3
78 79 3
11 70 2
21 138 1
3 60 3
10 68 2
70 71 3
23 138 1
24 87 3
89 145 3
99 273 3
101 273 3
0 58 3
1 58 3
3 61 3
5 63 0
6 64 0
7 65 1
8 66 0
9 67 0
11 68 1
14 72 3
15 72 3
16 74 3
17 74 1
18 76 0
87 145 3
109 113 1
60 61 3
61 62 3
63 64 3
64 65 1
65 66 0
66 67 0
67 68 1
11 69 3
15 73 3
17 76 2
19 76 2
79 138 1
82 83 1
109 513 3
62 63 0
16 73 3
76 78 0
83 86 0
68 69 0
69 70 3
58 60 3
72 73 3
71 72 3
73 74 3
23 81 3
81 138 1
109 114 1
74 76 3
81 82 1
74 134 3
86 143 1
86 87 3
60 117 3
76 134 3
78 136 3
101 107 3
58 117 3
79 136 3
99 272 3
113 114 2
69 128 1
70 128 1
78 135 1
86 144 1
87 144 1
214 272 3
60 119 3
61 119 3
71 128 1
76 135 3
86 141 1
143 144 3
79 137 3
137 138 3
97 205 3
105 107 0
69 127 1
127 128 2
89 205 3
101 276 3
58 116 3
116 117 3
74 133 3
97 389 3
214 389 3
273 276 3
133 134 3
107 276 3
109 172 1
109 173 3
68 127 3
135 136 0
60 118 3
62 120 3
63 121 1
64 122 3
65 123 0
66 124 1
67 125 1
68 126 3
71 129 3
72 129 3
73 131 3
136 137 3
117 118 3
118 119 3
62 119 3
120 121 3
121 122 0
66 123 3
124 125 0
125 126 3
126 127 3
72 131 3
64 123 3
74 191 3
134 135 3
141 143 3
144 145 0
172 173 0
62 177 3
122 123 3
128 129 0
171 172 1
119 177 3
120 177 3
74 131 3
133 191 3
145 205 3
97 324 3
171 173 0
82 141 2
324 389 3
272 273 3
107 513 3
72 189 3
131 191 3
272 389 3
131 189 3
82 198 3
109 226 1
123 124 1
226 513 0
173 226 1
81 198 1
141 198 3
145 203 3
203 205 3
129 188 3
72 188 3
141 200 3
143 200 3
107 384 3
173 289 3
128 186 3
129 186 1
143 201 3
97 263 1
276 384 3
188 189 3
134 192 3
137 196 3
144 201 3
263 324 0
127 185 3
133 192 3
138 196 3
200 201 3
107 278 3
128 185 2
134 193 3
135 193 3
144 202 2
278 384 3
120 179 3
125 184 3
126 184 3
126 185 3
145 202 1
116 174 3
121 179 3
124 182 0
184 185 3
81 197 1
117 174 3
117 175 3
118 176 3
122 180 3
123 181 3
124 181 0
125 182 3
125 183 3
136 195 3
137 195 3
215 272 0
215 273 0
173 286 3
174 175 3
175 176 3
176 177 3
179 180 0
180 181 3
183 184 3
192 193 3
198 199 3
141 199 3
265 324 0
215 276 0
181 182 3
182 183 3
185 186 3
131 190 3
190 191 3
263 265 1
226 286 0
191 192 3
135 195 0
195 196 3
138 197 3
199 200 3
201 202 0
189 190 3
196 197 3
202 203 0
286 289 3
197 198 3
272 390 3
177 179 3
215 390 0
129 245 2
193 195 3
186 245 0
188 245 3
189 248 3
190 248 3
267 324 0
270 272 0
267 389 0
276 386 3
205 263 2
215 386 0
226 462 0
286 462 3
179 236 3
177 236 3
195 253 3
107 453 3
186 244 3
189 247 3
269 272 0
453 513 3
176 235 3
177 235 3
185 244 3
188 247 3
182 240 3
196 254 3
205 262 3
386 390 3
181 240 3
201 259 0
202 259 1
202 260 1
203 262 3
185 243 3
191 250 3
196 253 3
262 263 3
326 389 3
269 270 3
278 453 3
174 232 3
175 233 3
176 234 3
179 237 0
180 238 1
181 239 3
183 241 0
184 242 3
184 243 3
188 246 3
203 260 2
269 389 3
232 233 3
233 234 3
234 235 3
235 236 3
237 238 3
238 239 0
239 240 3
240 241 0
241 242 1
243 244 3
245 246 3
246 247 3
267 326 0
462 513 3
236 237 0
242 243 3
244 245 0
191 248 3
197 254 3
253 254 3
197 256 3
198 256 3
260 262 3
199 258 3
200 258 3
259 260 3
192 250 3
384 386 3
193 253 3
199 256 3
248 250 0
201 258 0
272 386 3
270 386 0
278 394 3
453 462 3
286 520 3
289 520 3
394 453 3
286 345 1
247 248 3
345 520 0
248 307 0
250 307 3
254 371 3
254 256 3
248 306 0
258 259 3
265 440 0
253 311 3
263 440 0
440 497 3
345 462 0
244 302 3
244 303 0
245 303 3
254 311 3
193 250 3
246 303 3
250 308 3
256 258 3
238 297 0
243 301 3
263 321 3
269 326 3
235 293 3
236 293 3
239 297 3
244 301 3
307 308 3
250 253 3
259 318 3
260 318 3
260 319 3
262 319 0
321 440 3
267 325 0
234 292 2
235 292 2
237 296 3
238 296 3
242 301 3
325 326 3
232 290 2
233 291 2
236 295 0
237 295 3
296 297 0
239 298 3
240 298 3
240 299 2
241 299 1
242 300 3
301 302 2
302 303 0
246 304 3
247 305 0
248 305 0
253 308 3
259 317 3
318 319 3
263 319 3
265 381 3
346 520 0
290 291 3
291 292 3
299 300 0
300 301 3
303 304 3
247 304 3
305 306 3
253 310 3
254 314 3
256 314 3
258 317 3
324 381 1
324 325 3
345 346 0
298 299 3
308 310 3
258 314 3
258 316 3
297 298 3
317 318 3
270 326 3
384 451 3
278 451 3
304 305 0
310 311 3
314 316 3
292 293 0
293 295 0
295 296 3
326 383 3
316 317 3
326 386 3
319 321 3
314 371 3
394 451 3
520 579 0
306 307 3
307 423 3
293 352 3
308 367 3
310 367 3
254 369 2
369 371 3
295 352 1
311 369 3
314 372 3
316 373 3
306 364 3
308 366 3
314 373 3
319 435 3
303 361 3
366 367 3
321 435 3
383 386 3
300 358 3
304 362 3
305 363 3
302 361 0
303 362 3
307 364 3
292 351 0
293 351 3
296 355 0
301 358 3
361 362 3
305 364 3
371 372 3
299 358 0
301 359 3
304 363 0
363 364 3
307 366 3
372 373 3
317 432 3
318 432 3
297 356 3
298 356 3
299 356 2
302 359 2
362 363 0
290 348 0
291 349 0
292 350 0
297 355 3
299 357 3
302 360 0
324 440 3
325 383 3
345 403 3
348 349 3
349 350 3
351 352 3
357 358 3
359 360 3
360 361 3
366 423 3
310 369 3
317 373 3
381 440 0
325 440 3
403 462 0
355 356 3
356 357 3
364 423 3
310 368 3
318 435 3
295 353 3
358 359 3
368 369 3
383 501 3
296 353 3
370 371 3
373 432 3
386 501 3
367 368 3
369 370 3
318 377 3
350 351 1
352 353 0
432 434 3
376 432 3
318 376 3
377 435 3
501 557 3
403 520 0
376 377 3
451 452 3
394 452 3
353 355 3
376 434 3
321 380 3
380 435 3
386 615 2
384 508 3
451 508 3
380 440 3
501 615 3
392 508 0
373 431 3
369 427 3
462 520 3
353 411 3
370 427 3
371 429 3
386 508 3
353 412 3
358 416 3
370 429 3
355 412 3
355 413 2
357 415 3
357 416 3
351 409 3
356 413 3
356 415 3
363 421 3
364 421 3
366 424 3
325 497 3
350 409 1
415 416 3
362 421 0
423 424 3
367 424 3
380 495 3
359 416 3
359 417 3
360 417 3
361 418 0
361 419 3
367 425 3
368 425 3
431 432 3
348 406 3
349 407 3
350 408 3
352 409 3
360 418 0
362 419 3
368 426 3
370 428 3
406 407 3
407 408 3
416 417 3
418 419 1
362 420 3
425 426 3
369 426 3
427 428 3
428 429 3
372 429 3
383 557 3
408 409 1
417 418 0
424 425 3
419 420 3
420 421 0
372 488 2
325 557 3
453 516 3
364 422 3
429 488 3
377 380 3
557 615 3
352 467 3
411 412 3
380 497 3
409 467 3
353 467 1
356 414 3
414 415 3
422 423 3
372 431 3
413 414 2
394 511 3
453 511 3
412 413 0
452 511 3
511 516 3
421 422 3
431 488 1
353 469 3
411 469 3
413 471 2
377 495 3
495 497 3
451 509 3
519 520 0
467 469 0
415 473 3
416 473 3
497 557 3
452 510 3
423 481 3
487 488 3
431 490 1
452 509 3
510 511 3
457 462 0
422 481 3
426 427 3
429 487 3
432 490 2
434 490 2
414 473 3
424 481 3
426 484 3
427 486 3
428 486 3
462 516 3
417 475 3
418 475 1
424 482 3
425 484 3
412 470 3
414 471 3
427 484 3
508 509 3
509 510 3
462 808 1
412 471 0
416 474 3
427 485 3
434 493 2
520 808 1
473 474 3
417 474 3
419 477 3
425 482 3
406 464 3
407 465 3
407 466 3
408 466 3
470 471 0
414 472 3
418 476 1
419 476 3
420 477 3
421 479 3
422 479 3
484 485 3
377 494 2
464 465 3
466 467 1
476 477 3
490 493 3
421 478 3
485 486 3
377 434 3
494 495 3
412 469 3
471 472 3
420 478 3
377 493 2
465 466 3
472 473 3
475 476 3
478 479 3
422 480 3
480 481 3
469 470 3
479 480 3
481 482 3
474 475 3
425 542 2
484 542 2
428 487 3
493 494 3
477 478 3
486 487 3
493 550 1
472 530 3
490 550 1
511 569 3
516 569 3
431 548 1
425 541 2
490 548 3
482 541 3
541 542 3
488 548 3
486 545 1
386 622 3
480 482 3
487 545 1
497 555 1
508 622 3
486 544 1
544 545 3
487 546 1
488 546 2
548 550 3
494 552 3
469 527 3
470 528 3
473 531 3
474 531 3
485 544 1
545 546 0
488 547 3
547 548 3
493 552 3
511 568 3
465 523 3
469 528 3
546 547 3
494 553 3
495 553 2
495 554 3
509 567 3
510 568 3
568 569 3
466 523 3
527 528 3
472 531 3
479 536 3
480 536 3
485 542 2
508 567 3
467 525 3
472 529 1
474 533 3
475 533 3
475 534 3
476 534 3
480 540 3
482 540 3
497 556 3
464 522 3
466 524 1
471 529 1
474 532 3
477 534 3
485 543 2
553 554 3
555 556 0
510 567 3
522 523 3
523 524 1
524 525 1
467 527 0
471 528 1
542 543 3
543 544 1
579 808 1
525 527 0
528 529 3
529 530 3
531 532 3
532 533 3
478 536 3
552 553 3
556 557 3
530 531 3
477 535 3
536 540 3
533 534 3
534 535 3
478 535 3
538 540 3
540 541 3
535 536 3
493 610 3
552 610 3
567 568 3
516 804 3
462 804 3
536 538 3
555 613 3
557 614 3
622 623 3
508 623 3
804 808 1
556 614 3
569 804 3
527 584 3
550 610 2
525 584 0
555 614 0
528 586 3
508 624 3
527 586 3
614 615 3
567 624 3
545 604 0
497 612 1
555 612 3
546 604 3
613 614 0
525 583 3
527 585 3
542 600 3
547 605 3
495 612 1
568 627 3
569 627 3
579 694 1
583 584 0
584 585 3
585 586 3
530 588 2
538 594 3
538 595 3
543 600 3
548 606 3
553 612 3
554 612 1
567 625 3
694 808 1
579 637 1
529 588 2
536 594 3
544 602 3
546 605 3
547 606 3
553 611 3
386 560 3
560 622 3
621 622 3
568 625 3
522 580 3
523 581 3
524 582 0
529 587 2
532 590 3
533 591 3
535 593 3
536 593 3
594 595 3
538 597 3
541 600 3
543 601 1
543 602 1
611 612 2
580 581 3
581 582 0
582 583 1
586 587 3
587 588 3
531 588 2
531 589 0
532 591 3
601 602 0
545 602 2
603 604 3
604 605 3
550 608 2
552 611 3
615 616 3
560 621 3
623 624 3
588 589 0
531 590 3
590 591 3
545 603 0
605 606 3
550 607 2
608 610 3
503 615 3
386 503 3
534 591 3
534 592 3
535 592 3
593 594 3
538 596 3
599 600 3
602 603 0
607 608 3
612 613 0
502 615 3
503 620 3
503 560 3
568 626 3
627 804 3
589 590 3
591 592 3
596 597 3
540 597 3
548 607 3
502 616 3
502 503 3
625 626 3
626 627 3
541 597 3
600 601 1
606 607 3
624 625 3
592 593 3
612 670 1
595 596 3
597 600 3
611 670 3
597 599 3
610 611 3
502 614 3
597 655 3
560 623 3
611 669 3
502 672 1
590 648 3
597 656 3
610 669 3
614 672 1
625 683 3
589 648 3
596 655 3
626 683 3
591 648 3
599 656 3
613 671 1
614 671 1
588 647 2
589 647 3
603 662 3
604 662 3
610 668 3
612 671 1
587 645 2
588 645 2
599 657 3
608 668 3
566 624 3
566 625 3
751 808 0
581 639 1
584 643 0
585 643 0
588 646 2
596 654 3
656 657 3
600 657 3
600 658 3
602 660 3
603 660 1
605 663 3
607 666 3
608 666 3
694 751 1
579 695 1
637 695 3
580 638 1
581 638 1
582 640 1
583 641 0
586 643 0
586 644 0
645 646 3
646 647 3
592 650 3
593 650 3
595 654 3
654 655 3
601 659 0
601 660 2
605 662 3
606 663 3
606 664 3
639 640 3
640 641 3
587 644 2
591 649 3
657 658 3
658 659 3
659 660 3
660 662 0
606 665 3
607 665 3
749 808 1
584 641 0
584 642 0
643 644 3
644 645 3
647 648 3
592 649 3
594 652 3
595 652 3
595 653 3
664 665 3
671 672 3
566 683 3
749 804 3
749 751 1
638 639 3
642 643 3
648 649 3
652 653 3
665 666 3
668 669 3
649 650 3
653 654 3
655 656 3
670 671 3
566 623 3
593 652 3
663 664 3
503 676 1
593 651 3
666 668 3
641 642 3
650 651 3
651 652 3
655 770 3
660 720 3
662 720 1
503 678 1
566 626 3
662 663 3
647 705 3
623 796 3
694 695 3
668 727 3
669 670 3
560 796 3
566 796 3
566 627 3
627 860 1
804 860 1
643 701 3
669 727 3
639 698 3
640 698 3
646 705 3
747 804 3
645 703 3
648 705 3
666 725 3
668 725 3
747 749 3
646 703 3
644 701 3
653 711 3
566 860 1
649 707 3
650 708 3
651 708 3
654 711 3
656 714 3
669 728 3
694 753 3
695 753 3
668 726 3
670 728 3
671 729 3
644 702 3
648 707 2
655 714 3
657 714 3
657 715 3
658 715 3
659 717 3
663 722 3
664 722 3
726 727 3
672 729 3
638 696 3
639 697 3
641 699 3
642 700 3
645 702 3
650 707 3
652 710 3
652 711 3
658 717 2
660 718 3
665 723 3
666 723 3
666 724 3
670 729 3
696 697 3
641 698 3
699 700 3
643 700 3
707 708 3
659 718 3
664 723 3
724 725 3
694 752 3
652 709 3
663 720 1
723 724 3
725 726 3
728 729 3
751 752 0
752 753 3
700 701 3
651 709 3
709 710 3
718 720 3
727 728 3
502 788 1
560 795 3
702 703 3
503 795 3
697 698 3
708 709 3
714 715 3
722 723 3
672 788 3
701 702 3
729 788 3
698 699 3
654 770 3
717 718 3
710 711 3
648 764 1
715 717 3
720 722 3
705 764 1
707 764 3
646 762 3
705 762 1
751 809 3
705 763 1
715 774 3
718 777 3
747 806 1
749 806 1
749 809 1
717 774 3
795 796 3
703 762 3
711 770 3
714 770 3
720 777 3
752 809 1
762 763 3
763 764 3
502 848 1
503 848 1
708 765 3
726 784 3
729 787 3
804 805 1
747 805 1
701 760 2
702 760 2
711 769 3
720 778 0
720 779 0
722 780 3
725 784 3
728 787 3
707 765 3
714 772 3
722 779 2
723 780 3
725 783 3
749 807 3
807 809 1
753 811 3
703 761 3
769 770 3
715 772 3
777 778 3
724 783 3
752 811 3
697 755 3
698 755 3
701 759 3
764 765 3
709 768 3
715 773 3
717 775 3
728 786 3
503 852 1
696 754 3
699 757 3
700 757 3
765 766 3
708 766 3
710 769 3
770 772 3
773 774 3
718 775 3
778 779 2
723 781 2
724 782 2
727 785 3
795 852 1
754 755 3
698 757 2
700 758 3
759 760 1
761 762 3
710 768 3
781 782 3
783 784 3
726 785 3
728 785 3
502 847 1
566 916 1
701 758 3
709 766 3
772 773 3
782 783 1
785 786 3
787 788 3
847 848 3
860 916 1
804 862 1
752 810 3
757 758 3
703 760 2
774 775 3
779 780 2
780 781 0
784 785 3
804 861 1
805 862 1
806 807 0
809 810 0
810 811 3
758 759 3
760 761 3
786 787 3
860 861 3
861 862 3
805 806 1
770 830 3
766 768 3
772 830 3
755 757 3
788 847 3
796 916 1
768 769 3
796 914 1
914 916 3
807 866 1
809 866 0
770 828 3
795 854 3
796 854 3
755 814 3
757 814 3
763 822 3
769 828 3
860 917 1
764 822 3
775 777 3
775 834 3
777 834 3
916 917 1
828 830 3
766 825 3
768 825 3
768 826 3
829 830 3
787 846 3
788 846 3
758 817 1
759 817 1
828 829 3
774 832 3
777 835 1
786 844 3
787 844 3
757 815 3
757 816 3
758 816 1
765 823 3
825 826 3
769 826 3
773 832 3
775 833 3
778 835 1
503 908 1
795 853 3
854 914 1
811 869 1
762 821 2
766 824 3
774 833 3
779 837 0
848 908 3
852 908 2
853 854 3
810 869 1
754 813 3
755 813 3
815 816 1
763 821 2
780 837 0
754 812 3
813 814 3
760 817 3
761 819 3
765 822 3
773 831 3
832 833 3
833 834 3
778 836 0
780 838 3
781 839 1
782 840 1
783 841 3
784 842 3
785 843 3
805 863 1
806 864 0
866 867 3
809 867 0
810 868 1
812 813 3
816 817 3
760 819 2
762 819 3
822 823 1
765 824 3
772 831 3
835 836 0
778 837 2
837 838 0
838 839 3
839 840 3
840 841 3
841 842 3
842 843 3
843 844 3
862 863 1
863 864 3
867 868 3
868 869 3
819 821 2
821 822 0
824 825 3
836 837 1
807 864 1
823 824 3
830 831 3
831 832 3
834 835 1
807 865 1
814 815 3
864 865 3
865 866 3
795 910 1
846 847 3
852 910 3
853 910 1
817 819 3
852 909 1
819 876 3
769 885 3
908 909 3
860 918 1
817 876 3
819 878 2
821 878 3
826 885 3
917 918 3
861 918 1
828 885 3
787 903 3
844 903 3
847 906 3
848 906 3
825 882 3
846 903 3
848 907 3
862 920 1
863 920 1
846 905 3
847 905 3
907 908 3
854 913 1
913 914 3
861 920 1
905 906 3
853 912 1
854 912 1
828 886 3
829 886 3
865 923 0
814 872 1
822 880 1
823 881 3
830 887 1
830 888 3
831 888 3
846 904 3
864 922 0
864 923 0
813 872 1
815 872 1
815 873 1
821 880 1
824 881 3
824 882 3
826 882 3
829 887 1
834 893 3
835 893 0
904 905 3
863 922 0
812 870 1
813 871 1
816 873 2
816 874 2
823 880 1
826 884 3
831 889 3
832 890 3
833 891 3
836 894 1
837 895 0
838 896 3
839 897 3
840 898 3
841 899 3
842 900 3
843 901 3
844 902 3
906 907 3
909 910 0
861 919 1
866 924 0
867 925 0
868 926 0
869 926 0
870 871 3
871 872 3
884 885 3
889 890 3
890 891 3
834 891 3
835 894 0
894 895 3
895 896 3
896 897 3
897 898 3
898 899 3
899 900 3
900 901 3
901 902 3
902 903 3
903 904 3
912 913 0
918 919 0
919 920 1
923 924 3
924 925 3
925 926 3
872 873 3
881 882 3
885 886 3
887 888 0
888 889 3
853 911 1
922 923 3
869 927 0
880 881 3
882 884 3
886 887 1
910 911 3
916 973 0
926 927 0
873 874 3
893 894 3
911 912 1
914 973 0
817 874 3
876 878 2
821 937 1
878 937 2
880 937 2
863 979 0
920 979 0
922 979 3
916 974 0
917 974 0
878 935 2
880 938 1
817 933 3
876 935 2
937 938 3
973 974 3
874 933 3
876 933 3
834 950 3
893 950 3
908 966 3
909 966 3
913 972 0
914 972 0
882 941 3
891 950 3
907 966 3
876 934 3
884 941 3
972 973 0
874 931 3
893 952 3
894 952 3
873 931 3
881 940 3
882 940 3
905 963 3
904 963 3
910 968 0
873 930 3
887 945 3
909 968 0
911 968 0
922 980 3
926 985 3
927 985 1
872 930 3
881 939 2
884 942 3
899 957 3
900 959 3
901 959 3
907 964 3
979 980 3
923 980 3
924 982 0
925 983 0
870 928 3
871 929 3
933 934 3
935 936 2
878 936 2
940 941 3
941 942 3
885 942 3
885 943 3
886 944 3
888 946 3
889 947 3
890 948 3
891 949 3
893 951 3
895 952 3
895 953 3
896 954 3
897 955 3
898 956 3
900 957 3
902 960 3
903 961 3
904 962 3
906 964 3
909 967 0
911 970 0
912 970 0
913 971 0
917 975 0
918 976 0
919 977 0
920 978 0
923 981 1
925 982 2
926 984 3
928 929 3
929 930 3
934 935 2
942 943 3
943 944 3
944 945 1
945 946 0
946 947 3
947 948 3
948 949 3
949 950 3
951 952 3
952 953 3
953 954 3
954 955 3
955 956 3
956 957 3
959 960 3
960 961 3
961 962 3
966 967 0
967 968 3
970 971 3
971 972 1
974 975 3
975 976 1
976 977 0
977 978 1
980 981 1
981 982 0
982 983 0
925 984 3
984 985 3
931 932 3
874 932 3
880 939 3
950 951 3
962 963 3
905 964 3
978 979 0
932 933 3
938 939 0
963 964 3
964 966 3
983 984 1
930 931 3
939 940 3
900 1016 3
936 937 3
957 1016 3
959 1016 3
911 1027 1
968 1027 1
970 1027 1
966 1023 3
964 1023 3
938 996 0
939 996 2
979 1037 1
934 992 3
936 994 3
937 995 3
980 1037 1
935 992 2
937 994 3
966 1024 3
994 995 0
937 996 2
941 999 3
967 1024 1
931 989 3
942 999 3
959 1017 3
978 1037 1
980 1038 1
981 1038 1
933 991 3
934 991 3
935 994 2
995 996 2
960 1017 3
962 1021 3
963 1021 3
1023 1024 3
984 1042 1
985 1042 1
930 989 3
932 990 3
935 993 1
964 1021 3
928 986 3
929 987 3
930 988 3
932 989 3
933 990 3
991 992 3
992 993 1
993 994 3
939 997 3
940 998 3
940 999 3
942 1000 3
943 1001 3
944 1002 3
945 1003 3
946 1004 1
947 1005 1
948 1006 1
949 1007 1
950 1008 1
951 1009 1
952 1010 1
953 1011 1
954 1012 1
955 1013 3
956 1014 3
957 1015 3
1016 1017 3
960 1018 3
961 1019 3
962 1020 3
967 1025 1
968 1026 1
970 1028 1
971 1029 1
972 1030 1
973 1031 1
974 1032 1
975 1033 1
976 1034 1
977 1035 1
978 1036 1
1037 1038 3
981 1039 1
982 1040 1
983 1042 1
985 1043 1
986 987 3
987 988 3
988 989 3
989 990 3
990 991 3
997 998 3
998 999 3
999 1000 3
1000 1001 3
1001 1002 3
1002 1003 3
1003 1004 3
1004 1005 3
1005 1006 3
1006 1007 3
1007 1008 3
1008 1009 3
1009 1010 3
1010 1011 3
1011 1012 3
1012 1013 3
1013 1014 3
1014 1015 3
1015 1016 3
1017 1018 3
1018 1019 3
1019 1020 3
1020 1021 3
1024 1025 3
1025 1026 3
1026 1027 3
1027 1028 3
1028 1029 3
1029 1030 3
1030 1031 3
1031 1032 3
1032 1033 3
1033 1034 3
1034 1035 3
1035 1036 3
1036 1037 3
1038 1039 3
1039 1040 3
983 1040 1
1042 1043 3
996 997 2
