0 1 3
1 2 3
2 3 3
3 4 1
4 5 0
5 6 3
6 7 3
7 8 1
8 9 0
9 10 0
10 11 3
11 12 3
12 13 3
13 14 3
14 16 3
16 17 3
17 18 3
18 19 3
19 21 3
21 81 3
81 144 3
28 144 3
28 30 3
30 88 3
88 89 1
89 215 0
214 215 3
213 214 3
98 214 3
98 99 3
42 99 0
42 100 0
100 104 3
49 104 3
49 54 1
54 55 0
55 56 3
56 57 3
99 100 3
104 334 3
100 334 3
0 59 1
1 59 1
19 78 3
18 77 1
19 77 1
213 215 3
21 78 3
17 76 0
18 76 0
28 143 3
30 143 3
215 440 3
14 73 3
89 440 0
215 329 3
11 69 3
16 73 3
213 329 3
57 115 3
9 67 2
10 67 1
56 115 3
14 72 3
16 74 3
54 277 0
6 64 1
8 67 0
12 69 2
73 74 3
21 137 3
213 271 3
49 277 3
0 58 1
1 60 1
2 60 1
3 61 1
4 62 2
5 63 1
7 65 0
7 66 3
8 66 0
10 69 3
12 70 3
13 71 3
14 71 3
17 74 3
78 137 3
30 87 3
58 59 3
60 61 3
61 62 3
62 63 0
63 64 3
64 65 0
66 67 3
72 73 3
77 78 0
89 380 0
98 213 3
59 60 3
69 70 3
13 70 3
81 137 3
380 440 3
52 54 1
52 55 1
65 66 2
70 71 3
71 72 3
87 143 3
87 88 3
49 164 3
55 113 3
52 56 1
211 215 3
104 164 3
52 113 1
52 115 1
76 77 1
211 440 3
211 329 3
54 218 0
52 218 3
74 76 2
143 144 3
100 448 3
10 126 1
98 271 3
334 448 3
67 126 3
218 277 3
58 116 3
69 126 1
69 127 1
126 127 2
89 146 0
70 127 1
76 134 2
137 196 3
81 196 3
99 448 3
77 134 2
77 135 2
78 135 3
144 198 3
70 129 3
76 133 2
111 277 0
59 117 3
59 118 3
60 118 3
71 129 3
146 380 3
164 277 3
58 117 3
167 277 0
64 122 3
65 122 1
72 130 3
74 133 3
144 258 3
143 258 1
117 118 3
61 119 3
62 120 3
63 121 3
65 123 1
66 124 3
67 125 3
73 130 3
73 132 3
74 132 3
81 198 3
118 119 3
119 120 3
120 121 0
121 122 3
123 124 0
124 125 3
133 134 3
134 135 3
88 146 3
87 146 3
170 277 0
122 123 3
125 126 3
116 117 3
72 129 3
143 202 3
211 328 3
127 129 0
129 130 3
78 194 3
87 202 3
132 133 3
168 218 3
130 189 3
73 189 3
168 277 3
137 194 3
196 197 3
81 197 3
198 258 3
99 445 3
137 195 3
98 445 3
445 448 3
195 196 3
143 259 1
87 203 3
271 445 3
132 189 3
135 194 3
194 195 3
258 259 3
146 203 3
197 198 3
202 203 3
124 182 3
117 175 0
123 182 0
118 175 0
133 191 3
116 174 0
117 174 0
129 186 0
132 191 3
202 259 1
211 269 3
125 183 0
126 185 2
127 185 2
134 192 3
269 440 3
124 183 0
130 188 3
133 192 3
118 176 0
119 177 0
120 178 0
121 179 0
122 180 0
126 183 2
126 184 2
188 189 3
198 257 3
257 258 3
146 262 1
175 176 3
176 177 3
177 178 3
178 179 3
179 180 3
123 180 0
184 185 3
186 244 0
129 187 3
135 193 3
203 262 2
146 263 1
265 380 0
221 334 0
104 221 1
123 181 0
183 184 2
127 186 0
187 188 3
193 194 3
262 263 2
263 380 0
265 440 0
180 181 3
182 183 0
325 440 0
181 182 3
185 186 0
186 187 1
191 192 3
269 325 1
218 342 3
174 175 3
132 248 3
134 193 3
277 342 3
168 342 3
191 248 3
445 618 3
448 618 3
185 244 0
192 193 3
277 461 3
189 248 3
164 221 1
342 461 3
321 380 0
269 387 3
271 329 3
269 328 3
219 334 3
225 277 0
195 253 3
196 254 3
197 254 3
197 257 3
265 321 0
219 448 3
219 221 1
191 249 3
194 252 3
195 254 3
263 321 0
277 454 3
174 233 1
175 233 1
187 246 3
188 246 3
247 248 3
180 238 1
189 247 3
193 252 3
175 234 1
176 234 1
178 236 1
179 236 1
179 238 1
180 239 3
181 239 3
183 241 3
253 254 3
219 618 3
174 232 1
177 235 1
179 237 1
182 240 3
183 240 1
184 242 1
187 303 3
248 249 3
195 252 3
211 387 0
277 280 1
234 235 3
178 235 1
237 238 3
241 242 1
185 242 2
246 303 3
189 246 3
197 313 3
233 234 3
238 239 0
182 239 3
240 241 0
254 313 3
232 233 3
236 237 3
239 240 3
203 319 1
329 387 3
235 236 3
246 247 3
202 319 1
164 276 3
276 277 3
185 243 2
243 244 0
259 319 2
221 276 3
242 243 2
187 244 2
262 319 1
325 384 0
269 384 3
454 461 3
386 445 3
319 320 3
262 320 0
386 618 3
244 303 2
248 306 3
193 249 3
249 306 3
191 193 3
276 454 3
249 307 3
197 314 3
265 325 2
271 387 3
306 307 3
313 314 3
257 314 3
324 325 3
219 276 3
265 324 0
249 252 3
271 446 3
249 308 3
254 312 3
259 317 3
387 446 3
445 446 3
239 297 3
233 291 3
234 293 3
235 293 3
195 369 3
286 342 0
234 291 3
237 295 3
238 295 3
238 296 0
252 369 3
253 369 3
239 296 3
246 304 3
307 308 3
252 308 3
257 316 3
258 316 3
258 317 0
262 321 0
451 618 3
219 451 3
244 302 1
247 304 3
232 290 3
233 290 3
234 292 3
295 296 0
242 300 0
243 301 3
252 310 3
314 316 3
259 318 0
318 319 1
386 446 3
291 292 3
236 294 3
240 297 0
242 301 2
303 304 3
247 305 0
310 369 3
316 317 3
317 318 3
320 321 3
235 294 3
293 294 3
296 297 3
241 300 0
302 303 3
308 310 3
342 346 1
292 293 3
241 299 0
244 301 1
248 305 3
236 295 3
240 299 0
312 313 3
276 451 3
300 301 2
385 387 3
305 306 3
290 291 3
294 295 2
265 497 0
269 385 3
304 305 0
301 302 3
307 365 3
308 367 3
310 367 3
254 369 3
321 497 0
312 369 3
297 356 0
297 299 0
299 356 3
305 364 3
313 372 3
314 373 3
316 373 3
384 385 3
299 300 2
306 364 3
314 372 3
321 379 0
342 403 1
296 354 3
319 377 2
342 405 1
290 349 0
291 349 0
295 354 0
303 361 3
342 402 1
346 404 1
295 353 3
379 497 3
342 404 1
308 366 3
369 370 3
312 370 3
342 518 3
300 358 1
303 362 2
304 362 0
304 363 0
307 366 3
313 371 3
371 372 3
317 375 3
318 377 3
324 497 0
461 518 3
353 354 3
299 357 1
300 357 1
305 363 2
307 364 3
318 375 3
384 497 3
404 405 3
320 378 3
292 350 3
293 350 3
294 352 3
295 352 2
297 355 3
301 359 3
302 360 3
362 363 2
364 365 3
365 366 3
319 378 2
455 461 3
403 461 0
290 348 0
355 356 0
359 360 3
303 360 3
366 367 3
312 371 3
377 378 3
320 379 0
454 455 3
402 461 0
460 461 3
348 349 3
291 350 3
352 353 3
357 358 2
301 358 3
361 362 2
363 364 3
310 368 3
368 369 3
316 374 3
404 518 0
296 355 3
370 371 3
317 374 3
447 618 3
294 350 3
356 357 2
358 359 3
349 350 1
352 468 3
354 355 3
372 373 3
374 375 3
375 377 3
378 379 0
367 368 3
384 443 3
401 461 3
373 374 3
401 455 3
401 460 3
460 518 3
350 352 3
497 499 3
360 361 3
437 497 3
384 499 3
385 443 3
379 437 3
451 452 3
276 452 2
350 409 3
352 409 3
377 435 3
385 501 3
387 501 3
357 415 3
369 485 3
375 435 3
378 435 3
443 499 3
358 415 3
363 421 3
368 485 3
369 427 3
370 427 3
386 387 3
348 406 3
349 406 3
362 421 2
276 453 3
409 468 3
364 421 3
371 429 3
378 437 2
467 468 3
355 412 3
356 413 1
360 418 0
370 429 3
507 618 3
404 462 3
405 463 1
350 408 3
354 412 3
355 413 3
359 418 0
451 507 3
462 518 0
349 408 1
365 423 3
366 423 3
366 424 3
367 425 3
368 425 3
452 453 3
408 409 3
352 411 3
359 417 3
361 419 3
362 420 0
427 485 3
443 501 3
411 468 3
353 411 3
358 417 3
362 419 2
423 424 3
367 424 3
370 428 3
378 436 3
386 501 3
404 463 1
356 414 1
417 418 0
361 418 0
420 421 3
372 429 3
411 412 3
413 414 3
414 415 3
358 416 3
419 420 0
364 422 3
364 423 3
368 426 3
427 428 3
375 433 3
433 435 3
454 513 3
462 463 1
412 413 0
415 416 3
416 417 3
424 425 3
425 426 3
372 487 3
276 513 3
455 513 3
406 408 1
418 419 1
426 485 3
428 429 3
429 487 3
372 488 3
372 431 3
373 431 3
435 436 3
436 437 3
438 497 3
455 460 3
422 423 3
487 488 3
437 438 3
447 507 3
451 508 3
452 508 3
455 457 3
455 516 3
460 516 3
431 488 1
413 470 3
374 431 3
374 433 3
409 466 2
421 422 3
408 466 1
409 467 3
499 501 3
507 508 3
406 465 1
408 465 3
431 490 1
457 516 3
418 476 1
374 491 2
433 491 1
415 473 3
422 481 3
374 490 2
452 510 3
513 514 3
455 514 3
457 514 3
414 473 3
420 478 3
421 478 3
423 481 3
490 491 3
453 510 3
460 517 3
412 470 0
416 473 3
426 484 3
386 502 3
516 517 3
419 478 3
425 484 3
484 485 3
436 495 2
437 495 2
501 502 3
508 510 3
276 512 3
419 476 3
438 495 3
453 512 3
512 513 3
463 520 0
518 694 3
462 694 0
462 520 3
417 475 3
424 481 3
406 464 1
413 529 2
414 472 3
416 474 3
416 475 3
419 477 3
421 479 3
422 479 3
424 483 3
433 493 2
435 493 2
464 465 3
470 529 1
413 472 3
473 474 3
474 475 3
476 477 3
477 478 3
478 479 3
425 483 3
428 487 3
463 521 3
475 476 3
418 475 1
427 486 3
428 486 3
436 493 2
520 694 0
520 521 1
465 466 1
472 473 3
486 487 3
436 494 2
512 570 3
517 518 3
411 469 3
422 480 3
480 481 3
494 495 3
453 570 3
468 469 3
412 469 3
479 480 3
481 483 3
453 511 3
466 467 2
510 511 3
511 570 3
485 486 3
433 549 1
433 550 1
493 550 1
549 550 3
493 494 3
457 573 3
516 573 3
472 529 3
473 531 3
481 539 3
483 539 3
491 549 3
488 490 2
483 541 3
425 541 2
514 573 3
438 554 2
513 570 3
487 546 2
511 569 3
484 541 2
495 554 3
569 570 3
518 576 3
485 544 1
486 544 1
487 545 1
517 576 3
469 470 0
485 543 1
486 545 1
545 546 0
510 568 3
480 539 3
484 542 1
485 542 1
488 546 2
493 551 3
494 552 3
499 558 3
501 558 3
511 568 3
513 572 3
468 526 3
543 544 3
490 548 3
550 551 0
497 554 2
508 568 3
514 572 3
465 523 3
466 523 0
467 525 3
469 526 3
470 528 1
528 529 3
472 530 3
474 531 3
479 537 3
480 537 3
541 542 1
491 548 3
494 551 3
469 528 3
473 530 3
475 533 3
476 533 3
478 537 3
544 545 3
488 548 3
517 573 3
464 522 3
466 524 0
468 525 3
469 527 3
530 531 3
474 532 3
495 552 3
495 553 3
576 694 3
520 578 3
521 579 3
522 523 3
523 524 1
526 527 3
532 533 3
476 534 3
570 572 3
578 694 0
578 579 1
531 532 3
533 534 3
477 534 3
477 536 3
478 536 3
488 547 2
551 552 3
499 557 3
568 569 3
572 573 3
467 524 3
525 526 3
536 537 3
537 539 3
483 540 3
542 543 3
546 547 3
547 548 3
497 613 2
499 613 3
501 559 3
573 574 3
517 575 3
477 535 3
539 540 3
540 541 3
553 554 3
554 613 3
573 575 3
575 576 3
534 535 3
552 553 3
574 575 3
535 536 3
548 549 3
557 558 3
502 559 3
527 528 3
538 539 3
529 530 3
537 538 3
558 559 3
634 694 3
613 614 2
499 614 1
557 615 3
576 634 3
546 603 3
557 614 1
545 603 0
546 604 3
558 616 3
524 525 3
527 585 3
528 585 3
614 615 0
559 616 3
386 622 3
618 622 3
447 508 3
508 626 3
568 626 3
523 581 2
538 596 3
557 616 3
508 624 3
524 581 0
525 585 3
526 585 3
537 596 3
447 624 3
570 628 3
575 633 3
576 633 3
537 595 3
540 599 3
541 599 3
569 628 3
570 629 3
572 629 3
573 631 3
524 582 3
595 596 3
547 604 3
386 621 3
572 631 3
534 592 3
535 592 3
536 595 3
550 609 2
551 609 3
551 610 3
552 610 3
615 616 3
621 622 3
574 631 3
528 586 2
529 531 3
536 594 3
542 600 3
543 600 3
544 602 0
548 606 3
553 611 3
554 612 3
502 621 3
569 626 3
522 580 2
522 581 2
531 589 0
533 590 3
535 594 3
594 595 3
539 596 3
543 602 0
545 602 0
547 606 3
554 611 3
574 633 3
578 637 1
579 637 3
580 581 3
525 582 3
529 588 0
531 588 0
532 590 3
533 591 3
534 591 3
535 593 3
599 600 1
603 604 3
549 606 2
560 615 1
578 636 0
532 589 3
591 592 3
592 593 3
593 594 3
602 603 3
549 607 3
550 607 3
612 613 3
628 629 3
574 632 3
636 694 3
581 582 1
585 586 0
528 588 0
588 589 3
590 591 3
543 601 3
601 602 0
606 607 3
607 609 2
609 610 3
622 623 3
508 625 3
631 632 3
632 633 3
636 637 1
584 585 1
600 601 3
621 623 3
618 623 3
624 625 3
569 627 3
586 588 0
611 612 3
626 627 3
627 628 3
633 634 3
589 590 3
447 623 3
582 585 3
585 644 0
553 610 3
539 655 3
623 624 3
625 626 3
585 641 0
586 644 1
553 669 3
611 669 3
560 613 1
502 560 3
582 641 0
585 643 0
596 655 3
610 669 3
560 614 1
559 560 3
584 641 0
584 643 2
603 661 3
611 670 3
612 670 1
560 616 2
572 688 3
629 688 3
631 688 3
560 612 1
634 693 3
693 694 3
540 656 3
607 666 1
609 666 3
539 656 3
599 656 3
547 663 3
633 692 1
634 692 1
589 647 3
595 653 3
596 653 3
604 663 3
606 663 3
610 668 3
668 669 3
588 647 3
586 645 2
588 645 3
590 647 3
592 650 3
604 661 3
606 664 3
591 650 3
594 653 3
607 664 1
609 667 3
628 686 3
581 639 3
588 646 3
666 667 3
626 684 3
627 686 3
582 639 0
643 644 3
610 667 3
627 684 3
628 687 3
629 687 3
580 638 3
582 640 0
644 645 3
593 650 3
655 656 3
599 657 3
600 658 0
686 687 3
632 690 3
633 691 3
637 695 0
638 639 3
639 640 0
640 641 3
645 646 3
590 648 3
653 654 3
596 654 3
657 658 3
601 658 0
669 670 3
560 670 1
625 684 3
687 688 3
631 690 3
690 691 3
691 692 1
694 695 0
636 695 0
593 651 3
623 625 3
692 693 0
693 695 0
584 642 2
591 648 3
650 651 1
656 657 3
663 664 3
642 643 3
646 647 3
667 668 3
641 642 3
590 706 2
648 650 3
593 652 3
594 652 3
654 655 3
602 660 3
661 663 3
648 706 3
601 660 0
603 660 3
651 652 3
647 706 3
601 659 0
660 661 3
560 621 3
652 653 3
658 659 3
659 660 3
560 678 1
560 623 3
627 744 3
686 744 3
668 785 3
669 785 3
607 723 1
560 729 1
560 730 1
688 747 3
631 747 3
690 747 3
664 723 3
666 723 3
729 730 3
684 744 3
693 752 1
695 752 1
639 697 0
660 719 3
661 719 1
670 728 3
509 623 3
640 697 3
660 717 3
661 720 3
663 720 3
663 721 3
664 721 3
669 728 3
643 700 0
644 702 3
648 707 2
659 717 3
509 560 3
688 746 3
638 697 0
706 707 3
650 707 1
652 710 3
652 711 3
654 712 3
720 721 3
687 746 3
641 699 2
643 702 3
653 711 3
655 712 3
658 716 3
664 722 3
667 724 3
667 725 3
645 703 2
646 704 3
647 704 3
650 708 1
653 712 3
657 716 3
659 716 3
666 724 3
668 725 3
669 727 3
687 745 3
692 750 3
638 696 0
696 697 3
642 700 0
646 703 2
655 713 3
655 714 3
656 714 3
657 715 3
719 720 0
727 785 3
727 728 3
509 625 3
687 744 3
690 749 3
691 749 3
693 750 1
695 753 1
640 698 3
640 699 2
642 699 3
707 708 3
651 708 3
711 712 3
657 714 3
715 716 3
721 722 3
722 723 3
560 789 1
560 737 1
509 737 1
625 1033 0
684 1033 0
746 747 3
749 750 1
752 753 0
697 698 3
698 699 3
644 703 2
712 713 3
713 714 3
723 724 3
724 725 3
744 745 3
745 746 3
699 700 3
702 703 3
703 704 0
710 711 3
700 701 1
714 715 3
717 719 3
643 701 2
701 702 1
704 706 3
652 708 3
560 848 1
707 764 3
708 710 3
717 776 3
719 776 3
789 848 3
737 848 1
706 764 3
716 717 3
725 785 3
670 729 3
730 789 3
750 752 0
728 729 3
747 749 3
752 809 3
750 809 0
509 1033 0
698 756 3
716 775 3
710 768 3
717 775 3
725 784 3
744 803 1
747 806 1
708 768 3
711 769 3
712 769 3
784 785 3
729 787 3
729 788 3
730 788 3
745 803 1
749 806 1
722 781 1
723 781 1
725 783 2
727 786 3
728 786 3
728 787 3
744 1033 0
702 759 2
703 762 1
707 765 3
708 765 3
775 776 3
719 777 3
723 782 2
724 783 2
701 759 1
704 762 1
714 771 3
720 777 1
724 782 2
699 757 3
700 757 0
703 761 1
706 763 1
710 769 3
713 771 3
720 778 1
720 779 2
721 779 2
787 788 3
744 860 1
750 808 1
696 754 3
697 755 3
698 755 3
698 757 2
761 762 3
704 763 1
764 765 3
769 770 0
712 770 3
778 779 3
860 1033 0
749 807 1
749 808 1
752 810 0
753 811 1
754 755 3
755 756 3
700 759 2
763 764 3
713 770 3
715 773 3
716 773 3
777 778 3
786 787 3
803 860 0
746 803 1
806 807 1
809 810 0
810 811 1
759 761 1
702 761 1
762 763 3
776 777 3
722 779 2
781 782 0
782 783 3
783 784 1
788 789 3
746 804 1
700 758 3
774 775 3
803 804 3
747 804 1
808 809 3
756 757 0
758 759 3
768 769 3
770 771 3
771 773 3
714 773 3
785 786 3
757 758 1
716 774 3
807 808 1
747 805 1
708 766 3
773 774 3
804 805 3
766 768 3
805 806 3
765 766 3
779 781 1
768 826 3
773 830 3
769 826 3
771 830 3
759 818 1
761 818 3
762 820 3
763 820 3
785 843 3
787 845 3
766 824 3
768 824 3
769 827 3
786 843 3
786 845 3
788 848 3
826 827 3
774 832 3
781 839 0
782 839 1
761 819 3
763 821 2
765 824 3
775 832 3
779 838 0
781 838 0
788 846 3
759 817 2
762 819 3
824 826 3
770 827 1
770 828 1
775 834 3
776 834 3
784 843 3
787 846 3
808 866 3
757 815 2
758 815 0
758 817 3
820 821 3
765 823 3
823 824 3
770 829 0
771 829 0
779 837 2
807 866 1
817 818 1
764 821 3
764 822 3
827 828 3
777 835 3
809 867 3
754 812 0
755 813 0
758 816 3
821 822 3
764 823 3
822 823 3
773 831 3
775 891 3
778 836 3
778 837 1
782 840 1
783 841 1
784 842 3
786 844 2
803 861 0
804 862 0
805 863 0
806 864 0
807 865 0
808 867 3
810 868 2
811 869 1
812 813 1
756 814 3
757 814 3
815 816 1
816 817 3
819 820 3
830 831 3
831 832 3
834 835 3
835 836 3
836 837 0
837 838 0
838 839 3
839 840 3
840 841 3
841 842 3
842 843 3
843 844 1
860 861 3
861 862 3
862 863 3
863 864 3
864 865 3
865 866 1
867 868 3
868 869 3
828 829 0
844 845 0
755 814 3
814 815 2
829 830 0
845 846 3
848 1023 3
737 1023 1
832 891 3
834 891 3
866 867 3
813 814 2
818 819 2
819 877 3
846 848 3
814 873 1
815 873 1
848 906 3
918 1033 0
818 877 2
906 1023 3
860 918 3
826 883 3
827 883 3
827 884 3
509 1034 1
823 882 3
883 884 3
824 882 3
824 883 3
827 885 3
818 876 3
812 870 1
815 874 2
816 874 3
828 885 3
813 870 1
876 877 3
848 905 3
509 1023 1
813 871 1
814 871 1
872 873 3
873 874 2
817 875 2
821 879 3
821 880 3
822 880 3
829 888 1
830 888 1
905 906 3
509 909 1
860 919 3
861 919 3
814 872 1
818 875 2
820 877 3
828 886 0
831 888 1
846 904 3
846 905 3
829 886 0
831 889 3
832 890 3
834 892 3
835 893 3
836 894 3
837 895 1
838 896 3
839 897 3
840 898 3
841 899 1
842 900 1
843 901 3
844 902 0
845 903 1
845 904 3
862 920 0
863 921 0
864 922 0
865 923 0
866 924 0
867 925 0
868 926 0
869 927 0
816 875 2
820 879 2
879 880 3
823 880 3
889 890 3
890 891 3
891 892 3
892 893 0
893 894 3
894 895 3
895 896 3
896 897 3
897 898 3
898 899 1
899 900 3
900 901 0
901 902 0
902 903 1
903 904 0
919 920 0
920 921 3
921 922 3
922 923 3
923 924 1
924 925 3
925 926 3
926 927 1
870 871 3
882 883 0
884 885 3
888 889 0
904 905 3
918 919 3
871 872 3
874 875 0
875 876 3
880 881 3
823 881 1
881 882 3
885 886 0
829 887 0
887 888 1
886 887 3
877 879 3
1033 1034 3
976 1033 0
976 1034 1
918 976 1
879 936 3
906 965 3
965 1023 3
877 936 3
891 949 3
892 949 0
904 962 3
918 977 1
919 977 1
875 933 3
876 933 3
883 941 3
890 949 3
905 962 3
905 964 3
906 964 3
882 941 0
884 942 3
892 951 0
893 951 3
900 958 0
883 942 3
885 942 3
886 945 3
887 945 3
888 945 0
872 930 3
879 938 3
880 938 3
881 939 0
941 942 3
870 928 3
871 929 3
871 930 3
874 932 0
876 934 3
882 940 0
885 943 3
886 944 0
888 946 0
889 947 3
890 948 3
894 952 1
895 953 0
896 954 0
897 955 3
898 956 1
899 957 0
899 958 0
901 959 1
902 960 1
903 961 0
920 978 1
921 979 1
922 980 1
923 981 1
924 982 1
925 983 1
926 984 3
927 985 2
928 929 3
929 930 3
877 935 3
939 940 3
940 941 1
942 943 3
943 944 0
944 945 1
946 947 3
947 948 3
948 949 3
892 950 3
951 952 1
952 953 0
953 954 3
954 955 1
955 956 1
956 957 3
957 958 2
958 959 3
959 960 0
960 961 1
961 962 0
977 978 3
978 979 3
979 980 1
980 981 3
981 982 0
982 983 1
983 984 0
984 985 3
873 989 3
874 933 0
933 934 3
877 934 3
935 936 3
936 938 3
950 951 0
964 965 3
874 989 0
949 950 1
934 935 3
881 938 3
945 946 3
976 977 3
873 930 3
932 989 3
932 933 3
938 939 0
976 1035 1
930 989 3
977 1035 1
936 995 2
936 994 3
962 1021 3
905 1021 3
933 991 3
932 991 3
934 991 3
934 993 1
935 993 3
935 994 3
994 995 0
938 996 3
941 1000 3
942 1000 3
977 1036 1
978 1036 1
938 995 3
993 994 3
939 996 1
943 1000 3
948 1007 3
949 1007 3
965 1022 3
1022 1023 3
932 990 3
964 1021 3
964 1022 3
928 986 3
929 987 3
930 988 3
989 990 3
934 992 3
939 997 3
940 998 3
941 999 0
999 1000 1
943 1001 0
944 1002 1
945 1003 3
946 1004 3
947 1005 3
948 1006 3
950 1007 0
950 1008 3
950 1009 0
950 952 3
952 1009 0
952 1010 0
953 1011 3
954 1012 3
955 1013 3
956 1014 0
957 1015 0
958 1016 0
959 1017 0
960 1018 0
961 1019 0
962 1020 0
979 1037 1
980 1038 3
981 1039 3
982 1040 1
983 1041 0
984 1042 1
985 1043 1
986 987 3
987 988 3
988 989 3
991 992 3
995 996 3
997 998 3
998 999 3
1001 1002 3
1002 1003 3
1003 1004 3
1004 1005 3
1005 1006 3
1006 1007 3
1007 1008 1
1008 1009 0
1010 1011 0
1011 1012 3
1012 1013 1
1013 1014 3
957 1014 0
1015 1016 3
1016 1017 3
1017 1018 3
1018 1019 3
1019 1020 3
1020 1021 1
1036 1037 3
1037 1038 1
1038 1039 3
1039 1040 0
1040 1041 3
1041 1042 3
1042 1043 1
990 991 3
992 993 1
996 997 0
1000 1001 0
1009 1010 3
1014 1015 3
1034 1035 3
1021 1022 3
