0.00634908 0.0808255 27.3848
0.00634908 0.0808255 27.3848
0.00634908 0.0808255 27.3848
0.00634908 0.0808255 27.3848
0.00577866 -0.207571 83.0464
0.0371302 -0.0178271 22.4776
0.0372959 -0.0178975 22.4504
0.0385052 -0.0180896 22.2604
-0.246608 0.433898 118.353
0.030513 0.116871 22.3468
0.0193989 -0.0582555 18.1148
0.0403964 -0.0137613 12.0053
0.0316423 -0.123396 16.3133
-0.0597974 -0.159128 42.3871
-0.0496944 -0.0975649 37.5621
-0.0462935 -0.103028 36.2535
-0.0350022 -0.0973771 32.3765
-0.0260548 -0.10131 29.871
-0.0610995 -0.131162 43.8907
-0.0894091 -0.155277 55.8701
-0.0877946 -0.0950329 55.1731
-0.0541183 -0.109793 38.6076
-0.0750981 -0.0518874 49.0725
-0.00371416 -0.00714812 13.0441
0.0357379 -0.173608 -4.10486
0.0161077 -0.173161 6.38057
0 -0.458524 15.4114
-0.0257712 -0.605823 33.4149
-0.0134996 -0.0295978 17.0043
0.0476293 0.236396 -27.2923
-0.0135201 -0.0163426 16.8519
0.0558863 0.151599 -17.5313
0.0545143 0.157456 -16.6659
-0.0175137 0.0162112 18.6401
-0.0236845 0.013406 23.2199
-0.0340276 0.00493083 31.249
-0.0349521 0.00680296 31.8938
0 0.371633 17.7103
-0.0358578 0.00556265 32.6321
-0.0358517 0.00850297 32.443
-0.000620052 -0.548846 15.0693
0.00151107 -0.579733 13.1859
-0.137491 -0.0864915 142.936
-0.049131 0.586344 61.013
0 -0.0375884 15.5837
-1.77823e-15 0.571664 14.7295
-1.77823e-15 0.571664 14.7295
0.0144447 -0.403321 -4.0616
0 -0.0193818 15.6253
-0.012463 0.0348836 13.6141
0.000281266 -0.040115 15.2846
0.000281266 -0.040115 15.2846
-0.0182225 0.0386808 19.727
-0.0322429 0.169877 219.296
-0.0157619 0.177309 199.717
0.00287089 0.00796667 116.279
0.00297937 0.00805832 116.148
0.00300282 0.00807575 116.119
0.00351828 0.0631964 77.4538
0.00353529 0.0632641 77.4501
0.00373664 0.0632949 77.4374
0.00475481 0.0634898 77.3597
0.00660432 0.067842 77.0604
-0.125525 -0.11563 71.5122
-0.122601 -0.115651 71.1328
0.332043 -0.083662 -26.8956
0.0589939 -0.0387719 19.087
0.0362922 -0.0644137 24.5559
-0.00326331 -0.166125 24.6301
-0.0268221 0.0345974 27.5476
-0.0441021 -0.152294 37.2762
-0.0582209 -0.152339 41.1989
-0.0356595 -0.118246 32.7608
-0.0222684 -0.0915236 28.4075
-0.0413819 -0.0758368 34.5289
-0.0193034 -0.109616 27.9904
-0.0399642 0.205298 22.895
-0.11106 -0.433713 77.8126
-0.0620104 -0.0986885 41.1804
-0.0390175 0.0230706 24.8104
0.107009 -0.889611 -5.85765
-0.0144 -0.0558833 17.5542
0.0437722 -0.155571 -8.88844
-0.0107676 -0.141655 19.6548
-0.0854379 0.0333165 52.8308
0.319881 -0.0190051 -180.708
-0.181579 0.0863429 121.074
-0.0104217 -0.0247018 16.1123
-0.013645 0.0114333 15.9876
0.0349449 0.00671743 -7.56412
-0.0329304 0.0360648 28.2609
0.161263 0.264173 -110.879
0.964063 -0.059375 -686.392
-0.0252603 0.00426802 23.2039
0 0.834025 -13.2117
-0.0369227 0.00669658 33.4359
-0.0315173 0.0416925 27.0617
-0.0325525 0.028441 28.5588
-0.0239616 0.00243031 22.2804
0.00332477 0.0114709 -2.18785
0.00514481 0.019988 -4.07532
0.0157734 0.800873 -27.3046
0.00752502 0.839171 -21.2542
0 0.810026 -13.2838
-0.00282598 0.0325067 3.65531
0.25456 0.147805 -189.249
-0.302692 -0.11595 325.985
0.00354329 0.601754 -11.4097
0.00354214 0.601755 -11.4085
0.00354214 0.601755 -11.4085
0.00354214 0.601755 -11.4085
0.145674 -0.168608 -109.702
0 0.129092 6.73847
0.00580576 0.0122488 112.724
0.00295367 0.0111437 116.148
0.00299799 0.00806483 116.125
0.00353197 0.0631957 77.4537
0.00353779 0.0632413 77.4514
0.00353379 0.0632917 77.4496
0.00326757 0.0629529 77.4876
0.00257067 0.0625628 77.5644
-0.134691 -0.115868 72.614
-0.137566 -0.118753 73.1453
-0.139686 -0.0603589 70.5867
0.051173 -0.0249216 19.9014
0.0380846 -0.0200544 22.5075
0.000823047 -0.0382449 30.749
0.217259 -0.0899387 -19.1086
-0.0402221 -0.150613 35.7899
-0.0306045 -0.105591 30.5054
-0.024678 -0.0751182 27.8303
0.00110607 -0.0818173 19.8707
-0.032004 -0.0743506 31.3947
-0.0357498 -0.0755914 32.8251
-0.0616461 -0.0653004 42.7739
-0.102648 -0.0564508 58.5832
-0.100869 0.005308 54.107
-0.0312676 -0.058541 25.8817
0.0263257 -0.204166 4.10877
1.15474 0.00818709 -578.493
0.111356 0.272171 -63.5148
0.0215117 -0.0610989 -1.24816
-0.0588223 -0.00887235 40.6138
0.000769514 -0.0369463 8.78418
-0.00405852 -0.0162909 11.3953
-0.270153 -0.147147 186.76
-0.0054291 -0.00854564 11.6854
0.0567657 0.0173102 -22.85
0.000636838 -0.488691 29.1925
0.126865 0.167054 -81.2396
0.00889886 0.0645869 -5.24029
0.00264156 0.138659 -3.48463
0.0699219 -0.168359 -40.6191
-0.038272 0.0264154 33.7524
0.192969 0.260937 -165.444
-0.0435648 0.00873771 38.6444
0.0519339 -0.339507 -21.9249
0.188314 -0.162272 -160.072
0.0481164 -0.342175 -20.5816
0.0348725 -0.251906 -14.7862
0 -0.298732 20.8817
0 -0.33101 22.9029
-0.0202471 -0.427622 49.3046
-0.00588725 -0.370372 31.4668
-0.0141555 0.038533 15.3377
0.00368258 -0.290309 17.098
0.00274135 -0.294036 18.3122
0.100572 -0.161291 -54.4789
-0.0183749 0.0384821 19.9323
0.144748 -0.161079 -108.963
0.0657821 -0.199006 120.979
0.00473928 -0.178883 191.21
0.00399728 -0.178839 192.1
0.00399728 -0.178839 192.1
-0.00390903 0.0821757 14.8204
-0.00366148 0.0822728 14.788
0.00123296 0.0816966 14.5718
0.00886376 0.0820241 14.0087
0.0226323 0.082328 12.7529
0.0427953 0.0847362 10.3491
0.0698937 0.0859925 6.7142
0.107307 0.0755618 2.02331
0.112062 0.0666665 1.96792
0.368214 -0.0560341 -49.0937
-0.0333518 -0.214966 49.4727
0.0242238 -0.281572 41.2731
-0.0396847 0.0539368 18.1048
-0.02379 0.00126062 22.5216
-0.0333971 -0.0174699 27.1576
-0.0281164 -0.0658499 28.5912
0.00162369 -0.0742603 19.9394
-0.0448937 -0.0990339 38.1606
-0.042134 -0.0754732 35.3127
-0.0587323 -0.0764594 41.7293
-0.0646469 -0.063088 41.7114
-0.0320579 -0.0323559 24.9692
-0.01756 -0.050656 18.5519
0.0305237 -0.051689 -6.181
0.0508473 -0.0295417 -18.0173
0.0535505 -0.328738 7.34587
0.0632935 -0.00201416 -23.6516
0.00524069 0.0758407 -1.97542
0.0135897 -0.0449128 2.03309
-0.00845731 -0.0306252 14.3454
0.438182 0.0796092 -284.087
0.000542634 -0.0269159 4.85799
0.0055994 0.0850682 -2.5393
-0.032826 0.207304 24.9052
-0.0590388 -0.0302717 58.0414
-0.0652611 0.142104 48.9964
-0.0800449 0.10144 63.2807
-0.00781604 0.0225668 10.8458
-0.119741 -0.0302549 105.893
-0.0334714 0.0030047 30.4665
-0.033714 0.00577904 30.6371
-0.0366463 0.0203906 32.9403
-0.00138034 0.0178227 1.87698
-0.00418026 0.0169017 4.45197
-0.0183533 0.0385548 19.9029
0.0260045 0.0252565 -24.5583
0.111136 -0.112316 -95.4018
-0.0275626 -0.0356971 39.2054
0 -0.0703211 14.7169
0 -0.0703211 14.7169
0.181684 -0.0346287 -84.2501
0.182423 -0.0156614 -86.6953
0 -0.0811012 15.5441
0 -0.0811012 15.5441
0 -0.0811012 15.5441
0 -0.0811012 15.5441
-0.00118059 -0.0826753 17.1261
-0.00118059 -0.0826753 17.1261
0.0282027 -0.0414651 41.888
0.0172866 -0.043167 42.4624
-0.049608 -0.0171524 43.0922
-0.080099 0.0206038 40.1674
-0.00537349 -0.0145994 37.0488
0.0966516 -0.097038 34.5254
0.112035 -0.105586 34.0165
0.0616108 0.0658454 10.2553
0.125672 0.118281 -5.14877
0.399889 -0.0347442 -57.4746
-0.420981 -0.135839 135.199
-0.0755815 -0.0741583 46.5056
0.736822 0.125512 -202.201
-0.0378631 0.0222289 24.7759
-0.0370411 -0.00903598 27.2525
-0.0156422 -0.0478287 23.8017
-0.0271754 -0.102556 32.0259
-0.0370697 -0.135177 36.6754
-0.015508 -0.120183 26.204
-0.0888521 -0.107786 56.9228
-0.0367265 -0.0459467 27.4522
-0.0415904 -0.0307087 28.6432
-0.0456196 -0.0529364 32.4659
0.0358046 -0.0439354 -9.3867
0.0629552 -0.0521092 -22.3127
0.0575566 -0.0371209 -20.6452
0.101287 -0.0287669 -45.1842
0.148978 -0.114274 -66.8751
0.171818 -0.0743389 -85.3405
0.255005 0.166614 -170.597
0.357708 0.0728855 -230.604
-0.0267125 0.0506174 29.03
0.293657 -0.0957177 -183.263
-0.379894 -0.017242 297.012
0.103264 0.0181602 -69.019
-0.0183576 0.363779 -14.8391
-0.0315299 0.0637362 21.061
-0.00103937 -0.0410101 8.22897
-0.0115654 -0.0406399 16.0709
-0.0144766 -0.00726675 14.3595
0.280882 0.740304 -306.596
-0.379779 -0.0645943 356.816
0.00896694 0.0104075 -7.67
0.0101255 0.018209 -9.6532
-0.0186885 0.0298789 21.1873
-0.0174905 0.0365708 19.0728
0.0142411 -0.0555976 -3.99356
-0.0140554 -0.0315732 24.4713
0.147536 -0.0288278 -141.98
0.417033 0.145589 -443.427
-0.037718 -0.262345 176.611
0.0842815 -0.0360937 23.916
0.07215 -0.426338 -31.1139
0.0493691 -0.026566 -2.58226
0.0228169 -0.0851128 166.608
0 -0.086849 60.5183
0.00668307 -0.09575 53.0828
0.00668307 -0.09575 53.0828
0.0216144 -0.0351906 41.4796
0.00339946 -0.0340392 42.0538
-0.0274327 -0.0284542 42.9991
-0.0608217 -0.0144647 43.9165
-0.0822159 -0.0352884 46.2377
0.062985 -0.0723824 35.9666
-0.15167 -0.0284618 53.8181
-0.0921192 -0.0549554 46.6982
-0.0231172 0.0399674 11.7605
-0.0808647 0.0095378 26.7685
0.397546 -0.0629294 -67.4254
-0.0462887 -0.0590418 37.4691
-0.0617922 0.0117727 33.1596
-0.065781 0.0127347 34.0026
-0.0394665 -0.00694104 27.7385
0.0342624 -0.121167 10.8072
-0.0474176 -0.123781 39.4789
0.00550376 -0.0154865 6.09935
-0.0160092 -0.0105257 14.3484
-0.00944093 -0.000328251 10.6341
-0.0150699 0.00209784 12.7551
-0.0621549 -0.0309098 38.1531
-0.0405264 -0.0124114 24.5197
0.0185065 -0.031764 -2.18515
0.0387468 -0.0494754 -10.2839
0.0404815 -0.0795987 -7.33523
0.0265231 -0.0862107 0.793621
0.0154535 -0.121774 10.2251
0.0241964 -0.0884878 0.70664
0.00982558 -0.260457 32.7869
-0.0107174 -0.163046 34.5231
-0.0132416 -0.172025 37.6503
0.0534543 -0.154103 -12.7659
-0.195433 -0.04644 166.092
0.000955271 -0.0453366 15.3483
-0.0679673 -0.0556393 68.7775
-0.0330629 -0.0827637 45.3075
-0.562199 0.0338377 457.623
0.00736259 -0.0702699 3.56549
-0.0355059 -0.000491721 32.5769
-0.0137493 -0.00593889 14.0051
-0.267578 -0.00976562 251.712
0.0173031 0.0218309 -16.819
0.00440215 0.0218835 -3.81936
0.00829631 0.0268763 -7.32162
0.0147997 0.0637405 -19.0695
0.0112303 0.0287076 -12.7159
0.00805974 0.0547899 -12.5971
0.000899711 0.0355232 -2.74457
-0.000839825 0.0499672 -2.57233
-0.00401239 0.0443193 1.50307
-0.0163857 0.0302955 18.1576
-0.0183977 0.0402384 19.7946
0.0202306 -0.114676 172.879
0.0202811 -0.0342193 53.3867
0.0488751 -0.0209239 17.9291
0.0504851 0.0960211 -27.5755
0.0423997 0.0574555 14.3632
0.161778 -0.148256 39.2227
0.165564 -0.146315 38.9416
-0.033938 -0.0156169 41.3272
-0.0830106 -0.0241415 45.7846
-0.0749944 -0.00539924 42.3135
-0.113641 -0.0259089 50.0298
-0.166542 -0.0298635 55.6316
-0.162779 -0.0384321 56.3657
-0.0252328 0.0354758 12.7967
0.300551 0.0400095 -51.9163
-0.019025 -0.0144447 24.8723
-0.0299328 -0.013115 27.2143
-0.018122 0.0191765 20.1012
-0.0646817 0.00196739 36.0493
-0.408334 0.101037 125.74
-0.086512 0.0893838 23.4182
-0.0160979 0.0178158 9.26897
0.0221444 0.0477485 -9.08987
0.0103299 0.0310301 -1.20121
-0.021078 0.0261898 12.3723
-0.0319233 0.0186769 18.2307
-0.0629882 -0.0134699 37.0623
-0.0654231 0.00807394 34.4107
-0.00999853 -0.0070688 9.18528
-0.0143894 0.000334278 11.094
0.0154049 -0.0404859 0.297433
0.00800921 -0.0465927 4.66437
0.0187945 -0.0857734 3.35316
-0.06457 0.0345656 39.6943
0.0300802 -0.109286 0.327774
0.0537181 -0.134135 -11.6965
0.00318812 -0.0160347 1.69108
-0.0193863 0.0387173 19.1699
-0.0137732 -0.0249424 15.3031
0.014145 0.00816664 -10.3458
-0.00907835 -0.0281205 13.361
-0.00706696 -0.0159154 9.91742
0.00274622 -0.025157 3.43776
0.00949327 0.0110471 -8.34402
-0.0123029 -0.00865525 13.02
0.000738878 -0.00241312 1.01131
0.00858807 -0.0599352 2.50699
-0.0120689 0.226385 -17.851
0 0.208705 -26.376
0.0318885 0.151033 -49.4448
0.104955 0.279052 -140.167
0.0174581 0.137634 -32.8816
-0.0026872 0.0653093 -1.36129
-0.0122717 0.126778 0.422215
0.00878512 0.0485729 -11.0683
0 0.129078 -12.7274
0.0163206 0.125652 -30.3962
-0.00432358 0.0503612 1.31728
-0.0157514 0.0415726 16.5702
0.00791661 -0.261315 96.5216
0.135405 -0.0653555 -80.2907
0.0562191 0.0069694 4.18867
0.0581141 0.0307088 -1.28334
0.161255 -0.14589 38.9334
0.0466137 -0.179346 46.8217
-0.0337617 -0.0517856 47.1227
-0.108027 -0.00101277 44.0947
-0.0670347 0.0162163 37.2699
-0.103401 0.00940782 43.1517
-0.166422 -0.0131128 53.6314
-0.0299251 -0.0157793 29.877
-0.0371957 0.0803284 14.1334
-0.0130701 0.0656533 10.8639
-0.0386872 0.0465956 19.9877
-0.0452466 0.0258782 24.951
-0.0251132 0.0698151 6.52858
-0.0566343 -0.0273787 37.3859
-0.0444051 0.162093 -1.59051
-0.0504623 0.111658 8.45757
-0.0397436 0.139619 0.159848
-0.00132639 0.0776391 -4.01567
-0.0167903 0.0471051 7.19541
-0.0297891 0.0381079 14.567
-0.0439992 0.0120791 24.5279
-0.0727144 -0.000844271 39.5359
-0.0300419 0.0209259 15.0496
-0.00612143 0.0042842 5.69898
-0.0172759 0.038455 6.4913
-0.0120809 -0.0275778 13.4061
-0.0121556 -0.00462529 10.1306
-0.00279837 -0.0381233 9.15862
0.0148783 -0.0723306 3.76424
0.0185436 -0.080618 2.39548
-0.00611043 -0.0679072 16.5443
-0.00596398 -0.0297486 10.3453
0.00764959 0.0127498 -6.28458
-0.0160703 -0.019933 16.4091
-0.027431 0.00537651 26.3944
-0.161088 -0.0716647 134.277
0.0359842 -0.244942 10.6811
0.000481844 -0.0133131 3.36247
-0.0569066 -0.0280615 53.1334
0.006997 0.00598159 -5.21483
0.000144453 0.00416927 0.884073
0.0363974 0.0369015 -36.3706
0.0132256 0.0140517 -11.5791
0.0377797 0.0198654 -35.9941
0.0402906 0.0358958 -41.2561
0.0351873 0.0392857 -34.9902
0.0604833 0.0422069 -59.4386
-0.0205823 0.0384309 22.4366
-0.0163927 0.0380298 17.6972
-0.0152712 0.0427538 15.8534
-0.0160485 0.0385158 16.4681
-0.0126813 0.0529915 11.335
-0.0127373 0.0384645 12.662
-0.0119897 0.0399386 11.5872
-0.0171737 0.0447998 17.7752
-0.0165395 0.040605 17.5803
0.0327346 -0.0191302 36.7982
0.0991413 0.0019446 4.99796
-0.0797883 -0.202556 74.5595
-0.0828491 -0.173898 69.4806
-0.652389 -0.0201056 80.8621
-0.153094 0.0417122 38.8579
-0.0892955 0.0464488 34.2847
-0.100712 0.0508374 35.2977
0.0765616 0.0244062 5.42226
0.0974709 0.187388 -26.5919
-0.0755471 0.104978 16.659
-0.0645632 0.112141 13.851
-0.0720947 0.09905 18.4186
-0.0642982 0.0663963 22.7808
-0.0408403 0.0573812 17.935
-0.0604935 0.052141 24.2191
-0.0790451 0.0938288 22.0765
-0.0565779 0.144189 5.75559
-0.0527428 0.14474 4.37013
-0.0406051 0.12362 3.34457
-0.0447532 0.154632 -1.09967
-0.0413219 0.132008 1.61759
-0.0474791 0.0096375 26.265
-0.0607749 -0.00454603 35.432
-0.0411434 -0.00711918 25.7042
0.032851 0.0417001 -19.9713
0.0806088 0.0564094 -45.9647
0.0734219 0.0453296 -39.4695
-0.057854 0.23392 -2.2342
0.0377443 0.231214 -56.9202
0.0247633 0.0327781 -8.89335
-0.0220627 0.267028 -32.4629
-0.00614972 0.277376 -44.5318
-0.0192207 0.177931 -16.8924
0.000929592 0.09552 -15.7731
0.00167846 0.0187362 -2.05397
-0.0121895 0.0787408 -2.00332
-0.00543687 0.0141145 3.30421
-0.046872 0.168669 5.61006
0.00121607 0.00209019 0.0215747
0.011305 0.0287516 -13.8708
0.0150321 0.0253756 -15.3603
0.0288177 0.0271142 -27.9188
0.0181775 0.0148331 -16.6595
0.0231305 0.0213204 -22.9614
0.0371138 0.0368882 -37.132
0.050713 0.0439555 -50.9274
0.0325024 0.043069 -32.9575
0.0407793 0.0402575 -40.0807
-0.028701 0.0348986 31.3985
-0.0157153 0.0341327 17.6357
-0.0119121 0.0415826 12.3662
-0.00879352 0.0557069 6.57992
-0.0328247 -0.121672 64.3249
-0.015662 0.0514577 14.9486
-0.0161757 0.0526135 15.3612
-0.01903 0.0463366 19.7984
-0.00484348 0.0352071 3.94912
0.0406044 -0.0319848 29.4384
0.0961129 0.00212465 8.70645
-0.0754282 -0.20854 75.6418
-0.0814553 -0.20337 74.7614
-0.107097 0.121389 21.1484
-0.0996351 0.0931046 26.6098
-0.0916026 0.0674815 30.7931
-0.103357 0.0739067 30.8919
-0.114271 0.0745234 32.4329
-0.107428 0.179752 9.25557
-0.0824853 0.162221 8.04195
-0.0876601 0.120594 17.6874
-0.0582661 0.0302582 29.0317
-0.0623959 0.0513569 25.4642
-0.0577374 0.0815405 18.0908
-0.0278967 0.110729 3.42022
-0.0546701 0.124248 8.26878
-0.0422099 0.149 -0.460156
-0.0636403 0.193091 -0.850672
-0.0501964 0.211898 -10.7218
-0.0328974 0.240372 -22.1114
-0.0561994 0.239394 -12.6759
-0.0682576 -0.142887 103.499
-0.0785455 -0.136217 106.913
-0.0485524 -0.0237968 69.4395
-0.0378525 0.0397538 51.4059
0.00146272 0.296486 -50.3437
0.00287376 0.252112 -42.1057
-0.00253562 0.179938 -24.078
0.0343011 0.0890444 -26.0238
-0.0023097 0.026197 9.02011
-0.0236117 0.28594 -34.7953
-0.0367619 0.260332 -20.8845
-0.0354109 0.300222 -30.3284
-0.069538 0.227324 8.12299
-0.0480907 0.152776 8.6478
-0.039098 0.0820327 16.7406
-0.0273022 0.0616595 11.7658
-0.0108797 0.0354311 3.8442
0.00841729 0.0251234 -9.89412
0.0275448 0.0480107 -30.279
0.0103057 0.0252817 -12.3549
0.0306373 0.0453701 -33.8379
0.0410374 0.0609217 -46.719
0.0466955 0.0711001 -53.9999
0.0301899 0.0528939 -33.8836
0.0587849 0.0588863 -63.0893
0.0686003 0.0617931 -73.1723
0.0321876 0.0503303 -32.9139
-0.00269362 0.0675743 -2.26231
0.0130688 0.0571982 -17.2535
-0.00946961 0.0477216 6.98453
-0.00295292 0.0760362 -3.75794
-0.0143244 0.0677217 10.4209
-0.0236236 0.0784509 18.6727
-0.0177391 0.0633023 15.1309
-0.0193294 0.0545531 18.7366
-0.0181756 0.053789 17.0518
0.0457858 -0.03143 23.0024
0.0988722 0.00362419 4.98473
-0.0527617 0.128249 2.81412
-0.0498119 0.139215 0.299652
-0.10558 0.104063 25.1108
-0.188865 -0.0680985 63.8132
-0.131917 -0.30678 112.508
-0.108523 0.0853441 29.3221
-0.000819118 -0.538644 148.327
-0.0483134 0.102548 5.83038
0.0160506 0.0856158 -0.26895
-0.00676533 0.0616009 9.58725
-0.0806657 0.04523 29.9895
-0.0474503 0.0501836 21.7727
0.00436782 0.0734071 2.23311
0.0232651 0.169901 -24.7294
-0.0238228 0.198302 -17.8169
-0.0392612 0.183862 -9.83354
-0.0561488 0.227518 -12.5442
-0.0108866 0.247994 -33.3433
-0.00575377 0.246101 -34.6626
-0.00691516 0.266351 -38.8087
-0.0637214 -0.137842 100.324
-0.0730759 -0.137183 104.561
-0.0598809 0.280779 -13.885
-0.0716429 0.257451 -3.24255
-0.0165726 0.260146 -32.546
0.00471002 0.275912 -47.9147
-0.0348862 0.260088 -22.6554
-0.022748 0.0492741 16.6752
0.0274845 0.246058 -57.1909
-0.0196402 0.279183 -35.5004
-0.0120376 0.306841 -46.7272
-0.0487671 0.340707 -30.1263
-0.0868801 0.207493 24.3417
0.00286531 0.13626 -24.6065
0.367406 -0.0216673 -255.748
-0.0493534 0.0667629 28.4817
-0.0363749 0.0296478 25.8243
-0.0249123 0.032195 16.7367
0.0216154 0.0167161 -19.98
0.017746 0.0532846 -24.5124
0.0238606 0.0652765 -32.284
0.0273514 0.0395457 -28.6959
0.0349223 0.0348554 -34.6451
0.0321487 0.0437432 -32.8606
0.0351856 0.0498145 -37.5604
0.0442559 0.0515307 -46.293
0.0421768 0.0580967 -45.3713
0.0270327 0.0981618 -39.5469
0.0078806 0.102838 -20.9421
-0.000294464 0.100298 -11.7924
-0.00258873 -0.00377393 11.7953
-0.0172654 0.0920014 8.57943
-0.0252936 0.088043 18.4406
-0.0240061 0.0732129 20.2372
-0.0248823 0.0549115 25.2708
-9.40886e-05 0.0426113 -2.75981
0.00734166 0.0472181 -11.8857
0.101355 0.00389644 1.87704
-0.0493948 0.128079 2.81548
-0.049086 0.129075 2.57514
0.0306143 0.26592 -42.0609
-0.0292346 0.394462 -69.7597
0.022803 0.200499 -25.7253
0.011287 0.124663 -4.99743
-0.129812 0.143282 8.57704
-0.0432424 0.0861629 9.24039
0.00555116 0.0633198 7.42909
0.0135357 0.113142 -6.63725
-0.0411147 0.151427 -4.55572
0.00861977 0.251512 -40.8635
-0.0157676 0.0594955 10.639
0.0166245 0.280856 -48.1822
0.0120385 0.290756 -49.1432
-0.0119075 0.305209 -45.8433
-0.0327458 0.314064 -40.1492
-0.0371521 0.266161 -27.177
-0.00477937 0.252372 -36.0563
0.0490149 0.252398 -57.9439
0.06016 0.217666 -53.411
0.00138019 0.189038 -19.3334
-0.0575759 0.281981 -15.5363
-0.0507065 0.244549 -11.7011
-0.00103226 0.227502 -33.3413
0.0107934 0.249469 -44.9449
0.0187114 0.240309 -46.0996
-0.0331846 0.0417157 24.5926
-0.0431063 0.248178 -12.7721
-0.0335712 0.260757 -22.3416
0.0182843 0.278002 -59.6309
0.0226888 0.307897 -69.9877
0.0850629 0.294043 -110.376
0.0759433 0.220265 -82.5907
0.0634953 0.195382 -66.9673
0.0476919 0.203385 -57.1683
0.0500651 0.230037 -66.4181
0 -0.0175681 33.8161
0.00967663 -0.0157296 25.3593
0 -0.0122114 32.6055
-0.0939207 -0.0738444 130.77
-0.176942 -0.134032 219.61
0.172697 0.0211011 -156.241
0.0453679 0.0758827 -52.809
0.0341655 0.10071 -48.4793
-0.0819021 0.0468907 76.8977
0.0551942 0.0820216 -64.1734
-0.0533058 0.136865 33.923
0.0116356 0.111589 -26.6215
-0.00217986 0.114077 -12.7954
-0.0159361 0.102737 4.64726
0 0.00662435 6.25143
-0.0298849 0.0969709 21.5082
-0.0307157 0.0917761 23.7314
0.639409 -0.0206018 -669.023
-0.0224245 0.0529763 22.7707
-0.0180282 0.0523288 17.6155
0 0 -1
0.0445767 0.237675 -36.1879
0.0428419 0.240565 -36.9149
0.0469151 0.210979 -28.2495
-0.0466201 0.146606 -5.71468
-0.0462662 0.380836 -69.7309
-0.118563 -0.19332 95.2071
-0.0733105 0.223882 -19.1781
-0.0350235 0.378118 -67.0215
0.0614766 0.0938315 -11.4919
0.075581 0.140191 -26.6052
0.0434029 0.250924 -48.1257
0.0575799 0.341914 -76.5879
0.0358374 0.297722 -57.8989
0.0148719 0.27281 -45.44
0.0311499 0.291044 -55.8187
0.0040497 0.322779 -55.174
-0.0311363 0.297852 -36.5829
-0.0371454 0.231317 -17.3414
0.00626903 0.227635 -33.6771
0.0496032 0.20501 -46.2039
0.0499833 0.197274 -43.2764
-0.00944334 0.186623 -13.3066
-0.000757228 0.14295 -5.96214
0.0212177 0.174335 -25.4638
0.0193382 0.221919 -43.1169
0.0385933 0.22427 -54.1909
-0.00136832 0.247599 -37.0372
-0.0304145 0.230724 -15.9593
-0.0320597 0.239274 -17.6009
0.0118745 0.253763 -49.7971
0.0558309 0.22096 -69.0245
0.0540756 0.284001 -85.4914
0.0735469 0.287987 -99.7101
0.0998044 0.24288 -106.013
0.0670458 0.213901 -74.5813
0.0466477 0.221744 -61.439
-0.242102 0.170644 179.005
0 -0.111719 45.7586
0 -0.111719 45.7586
0.0355516 -0.011661 -12.5479
0.0413307 -0.0131841 -17.174
0.0757791 -0.205669 0.56917
-0.0762592 -0.104967 111.326
0.0567049 0.030247 -52.2678
-0.00631122 0.117123 -16.0176
0 0.111548 -20.5532
0 0.103277 -18.2748
0.0551916 0.0362227 -52.9944
0.031327 0.123398 -50.1839
0.00188853 0.112019 -16.4058
-0.0243042 0.114254 10.9774
-0.0298824 0.101808 20.2816
0 -0.25 86.9162
-0.0320147 0.0974816 23.8005
0.636539 -0.0202952 -665.744
0 -0.0138258 84.0975
0.0538055 0.0300169 7.69169
0.647175 0.0445828 -786.948
0.0539343 0.236457 -35.9413
0.0557157 0.231195 -34.4427
0.0569806 0.194623 -23.1455
-0.209343 0.124929 12.1045
0.043953 0.385907 -79.3168
0.0913012 0.536543 -128.056
-0.0881867 0.581851 -116.195
-0.0409091 0.0628033 32.2466
-0.0528428 0.0489229 39.7637
-0.1376 0.0812754 45.2267
-0.00351141 0.297409 -48.4273
0.066825 0.280108 -60.9083
0.0312883 0.288638 -54.6512
-0.00106939 0.289429 -45.4776
0.0300559 0.289772 -54.8593
0.0351867 0.318054 -63.7695
-0.0599425 0.200235 -0.267851
-0.0234542 0.195094 -12.2144
-0.0013054 0.196493 -22.5757
0.0179973 0.19189 -28.3424
0.0152237 0.165456 -19.1187
-0.00305139 0.128577 0.601551
-0.0171326 0.163535 -3.77389
0.00832658 0.11102 -1.94487
0.0174668 0.11255 -6.81555
0.0171186 0.48874 -116.282
-0.0815315 -0.122129 113.607
-0.0477971 -0.0578543 84.3814
-0.0329416 -0.192176 103.675
-0.0194756 -0.161699 86.3393
0.0518751 0.22568 -67.461
0.0350127 0.241104 -60.5349
0.0792204 0.237792 -88.9304
0.0628633 0.254458 -82.6687
0.0519135 0.242839 -71.127
0.0521148 0.229641 -67.747
0.0744717 0.374245 -128.083
0 0.357452 -64.6194
-0.0142961 0.317076 -41.2701
0 0.340495 -59.7686
-0.0241496 0.317414 -32.2451
0.0269971 0.310004 -75.2238
0.00964732 0.335964 -67.3511
-0.00581107 -0.184589 137.203
-0.217522 0.181548 229.818
-0.00708407 0.410505 -72.7242
0.0119883 0.42636 -96.1934
0 0.447331 -90.1347
0.0104048 -0.260369 92.271
-0.00981048 0.390485 -63.3519
-0.00981048 0.390485 -63.3519
-0.00981048 0.390485 -63.3519
-0.00981048 0.390485 -63.3519
-0.311455 0.17095 381.033
0.0582745 0.0236812 4.1344
0.053774 0.0301344 7.69366
0.0474675 0.780893 -211.931
-0.0209419 -0.15005 150.531
0 0 -1
1.23917 0.310334 -107.797
-0.016305 0.235559 -32.6857
-0.143637 0.847902 -212.639
0.0573286 0.355944 -72.0369
0.0672701 0.288749 -52.0084
-0.143961 0.0633485 47.8878
0.000897543 0.0903226 17.7001
-0.059275 0.118747 19.136
-0.0111525 0.255348 -34.1749
0.064184 0.280777 -58.6185
0.0736029 0.2658 -57.6105
0.0233489 0.320077 -61.4738
-0.0022422 0.21879 -22.5178
0.0181409 0.271306 -44.2985
-0.00474703 0.165605 -4.10329
-0.0138339 0.151642 2.79796
-0.102457 1.12368 -271.445
-0.0108418 0.161446 -7.29563
0.00310121 0.121264 -0.70269
0.000991288 0.0880087 10.8331
-0.00636687 0.0941628 12.224
-0.0279253 0.14408 6.83402
-0.0354991 0.0826957 28.5888
0.00948159 0.0779453 7.28494
0.03722 -0.645493 214.76
0.0511447 0.288571 -85.913
0.0419059 0.270487 -74.8313
0.0383002 0.25649 -68.3428
0.045088 0.243185 -68.4657
0.0566477 0.230034 -71.8669
0.071252 0.228383 -81.1205
0.0994789 0.610089 -215.855
0.0619149 0.236564 -76.8419
0.0538866 0.24845 -74.2749
0.0490584 0.244394 -69.5467
0.0805367 0.247527 -95.4802
0.0154391 -0.291345 124.87
0.0232541 -0.364329 140.752
-0.0132034 -0.335236 162.137
-0.0335336 -0.277035 162.09
-0.0141855 -0.359346 170.932
0 -0.351053 155.738
-0.100312 0.053536 154.081
0.00391032 -0.00515374 22.4368
-0.00016873 -0.00408838 26.0444
-0.00317628 -0.0071217 30.0078
-0.000326525 -0.00383616 26.1329
0.0270481 0.0914595 -32.0665
0.0192086 0.101491 -26.8634
0.0107484 0.101679 -17.824
0.00599691 0.101746 -12.6345
0.00419013 0.10178 -10.6296
0.00419013 0.10178 -10.6296
0.0488837 0.025659 15.0102
0.0527007 0.030234 8.82393
0.051077 0.0326706 10.0134
0.051077 0.0326706 10.0134
0.0189183 0.076341 25.8094
0.0197186 0.0737851 26.6428
0.0307414 0.0909452 20.3911
0.00841117 0.10803 16.4168
0.14761 0.382016 -88.0149
0.0186195 0.00842971 43.9795
-0.00978064 0.106691 15.2671
0.0356606 0.193374 -21.7033
-0.0173103 0.163895 -3.33682
-0.00147859 0.262649 -39.1933
0.0432181 0.253549 -44.8301
0.0535061 0.164057 -15.2032
0.0656451 0.339032 -77.4918
-0.00776024 0.199428 -14.6521
-0.0129305 0.152261 2.47432
-0.0259617 0.141691 10.1578
0.0491954 0.191116 -47.3286
0.0500465 0.191988 -47.925
0.217203 0.00897586 -27.1381
-0.00257681 0.0710491 17.6397
-0.00680578 0.0630242 22.1443
0.0189942 0.0852582 3.12928
0.044612 0.214599 -50.5051
0.0348003 0.045353 4.6536
0.0397081 0.0874555 -11.8404
0.0395227 0.182953 -43.6205
0.030494 0.278665 -70.5059
0.0191021 0.262038 -58.4499
0.0233247 0.257142 -59.3535
0.0555825 -0.235336 109.048
0.0554905 -0.236743 109.586
0.071252 0.228383 -81.1205
0 0 -1
-0.0835135 0.385388 -15.8165
0.0865323 0.204488 -84.7825
0.0722754 0.244461 -87.308
0.0889583 0.263595 -107.564
0.123306 0.271784 -137.665
0 0.0849905 -15.1912
0.0414605 0.0398962 7.78092
0 0.0494415 -3.35797
0.0102153 0.0533168 -13.7671
0 0.0494415 -3.35797
0 0.0494415 -3.35797
0.0568155 0.0360752 -54.3228
0.0568491 0.0356651 -54.2583
0 0.132684 -30.6133
-0.00342048 0.170029 -39.5463
0.0265468 0.0957579 -32.8664
0.0257372 0.0979798 -32.6234
-0.00155934 -0.011996 20.0675
-0.00155934 -0.011996 20.0675
-0.00155934 -0.011996 20.0675
-0.00155934 -0.011996 20.0675
0.0761083 0.318648 -168.538
0.0760445 0.318679 -168.471
0.0756482 0.318738 -168.009
0.0674344 -0.473009 115.548
0.0166059 0.0769259 25.6392
0.0164515 0.0742833 26.5852
0.0163466 0.0681891 28.7624
0.000783922 0.0533703 34.9572
-0.0337841 0.0466544 40.7658
0.00244535 0.135682 4.01758
0.0353535 0.171048 -13.2054
0.0775191 0.331856 -75.2893
-0.0254702 0.337067 -58.8842
-0.0680171 0.313133 -42.6619
0.0068757 0.152377 -1.9125
0.0124601 0.0263558 33.2089
0.0143648 0.0371308 28.8119
-0.0790382 0.161057 19.4114
-0.0362267 0.151004 10.0938
-0.0229498 0.140333 9.24509
0 0 -1
0.0480456 0.191596 -47.0785
0.0479383 0.133918 -26.3044
0.0171039 0.0657396 10.8827
-0.00754836 0.0628277 22.489
-0.015834 0.0639147 25.7545
0.0597043 0.295097 -84.9086
0.0615757 0.0341213 -5.1326
0.0605061 0.305526 -88.9972
0.0913093 0.0446102 -57.9151
0.0970897 0.0538498 -64.3557
-0.0127667 0.249484 -35.2844
0.136079 0.133473 -78.9627
0.136161 0.132017 -78.5013
-0.126684 0.13037 92.2793
-0.126684 0.13037 92.2793
0.00136404 2.69453 -915.428
0.363228 0.892944 -525.418
0.0713402 0.215483 -77.5008
0.115797 -0.0169585 -29.7641
0.059102 0.262886 -83.1377
0.0919315 0.265923 -110.228
0.136011 0.248997 -139.753
0.0624348 0.0355934 -8.68651
0 0.244141 -49.5619
0 0.244141 -49.5619
0 0.0414342 -1.50126
0 0.0414342 -1.50126
0 0.244141 -49.5619
0.0799435 0.0860654 -94.9936
0 0.244141 -49.5619
0 0.244141 -49.5619
-0.0350491 0.5172 -108.888
-0.0350491 0.5172 -108.888
-0.0350491 0.5172 -108.888
-0.0350491 0.5172 -108.888
0.0131116 -0.0217203 148.076
0.0138717 -0.0212407 147.026
0 0.244141 -49.5619
-6.61702e-06 0.149888 100.488
0.0742519 0.31859 -166.244
0.0681621 0.32099 -159.683
0.0148164 0.07846 25.1173
0.0134947 0.0758237 26.1382
0.00829943 0.0708459 28.2352
-0.0100255 0.0601056 33.4405
-0.00304368 0.00728206 51.7219
-0.00873226 0.0961807 19.787
0.0105476 0.135541 2.95069
0.0645171 0.487528 -128.225
0.0427889 0.477166 -120.618
-0.107782 0.0875349 46.3969
-0.083305 0.0896698 40.1747
0.0231286 0.0135529 35.08
0.0226619 0.0310878 28.7283
0.0226619 0.0310878 28.7283
-0.0486655 0.126693 22.5698
0.0120759 0.194354 -34.4451
0.0122665 0.193856 -34.3467
0.0153888 0.192729 -35.1105
0.0120712 0.128117 -9.88906
0.0022067 0.0715685 15.0703
-0.00695888 0.0641344 21.7572
-0.0121427 0.0679316 22.6737
0.0602933 0.30385 -88.2625
1.67932e-13 0.0390625 30.4305
1.67932e-13 0.0390625 30.4305
0.0927565 0.043587 -58.3542
0.0975597 0.0427901 -60.7279
-0.0446363 0.239504 -12.8414
-0.0486399 0.235367 -8.9331
-0.0466818 0.232073 -8.96081
-0.0418999 0.230202 -11.3702
-0.0365519 0.228218 -14.2059
-0.0325781 0.22689 -16.4471
-0.0307027 0.226226 -17.5259
-0.0307027 0.226226 -17.5259
0.0902614 0.24994 -103.09
0.0812897 0.257834 -98.9524
0.0830439 0.260374 -101.308
0 0.553057 -144.579
0 1.10491 -347.468
0 0.553057 -144.579
0 0.553057 -144.579
0 1.22578 -392.27
0 0.553057 -144.579
0 1.10491 -347.468
0 1.10491 -347.468
0 0.553057 -144.579
0.0151127 0.978176 -316.957
0.0151127 0.978176 -316.957
0.0151127 0.978176 -316.957
0.0151127 0.978176 -316.957
0.0151127 0.978176 -316.957
0.015846 -0.0235645 145.625
0.0149149 -0.0201737 145.449
-0.00237911 -0.385996 209.185
-0.00237911 -0.385996 209.185
-0.00237911 -0.385996 209.185
0.0297261 -1.14 537.101
