0.270432 -0.207817 16.6818
0.00129445 -0.204465 23.4273
-0.0510266 -0.0819463 23.3116
-0.0337688 -0.00541425 21.8112
-0.0569152 0.0527148 23.4882
-0.0543804 0.0261948 23.1592
-0.0329466 -0.0302532 21.063
-0.0523656 -0.0585778 30.1835
-0.0229744 -0.0995413 26.6939
0.315615 0.0203978 -47.7191
-0.071056 -0.0225846 35.6072
-0.0386475 -0.0580451 28.2401
-0.0169229 -0.11719 23.8696
-0.0406566 -0.113594 30.9924
-0.0607756 -0.120223 36.3309
0.130846 -0.0314045 -25.4709
-0.0138245 -0.23454 20.8575
0.0304432 -0.193778 5.0232
-0.00503161 -0.138772 16.6615
0.0471225 -0.0960054 -5.82916
0.0281616 -0.0966985 3.44212
0.0622155 -0.169552 -13.1972
0.00186006 0.100429 13.3644
-0.016649 0.195062 21.3771
-0.14551 0.473096 77.4476
0.0499299 -0.0687781 -12.7549
0.0501473 -0.0389657 -13.7927
0.0171097 -0.0460966 6.00403
0.0114211 -0.0191672 8.95767
0.0174123 -0.0153666 5.29049
-0.0103839 -0.0246813 23.5109
-0.0508662 0.508779 39.7762
0.0164428 -0.117251 -2.45169
0.00359939 -0.12749 7.21714
-0.033803 -0.0780431 33.6386
-0.0407862 -0.126209 39.9599
-0.0768582 -0.121634 67.8226
-0.0735201 -0.17179 66.1693
-0.0739348 -0.0878834 65.3076
0.382314 -0.028172 -318.626
0.0152039 -0.0312721 -2.62106
-0.00697795 -0.0136116 16.024
-0.0480531 -0.0338404 53.1367
-0.0448833 -0.0605772 50.4596
-0.0434407 -0.0420609 48.9641
-0.0406353 -0.0213754 45.4239
-0.0204873 -0.0275426 25.4224
-0.0334482 -0.0383837 38.6181
-0.0246292 -0.0186259 29.0251
-0.0234337 -0.0154484 27.7733
0.00477649 -0.332731 3.05279
0.00297499 -0.349301 5.2283
-0.00953878 -0.0227103 13.8274
-0.00911073 0.0131114 11.3853
-0.0114334 -0.0196367 15.8998
-0.0104675 0.0166767 12.9444
0.202565 -0.0171623 -198.208
-0.0121086 -0.0200241 16.6918
0.0305916 -0.123433 16.7216
0.0734489 -0.253574 20.1251
0.0614019 -0.354997 23.4959
0.0330471 -0.210326 21.7521
-0.0186272 -0.0319801 21.5843
-0.0422887 -0.00629276 23.0148
-0.0532483 0.0411119 22.353
-0.0674608 0.00974946 26.0603
-0.0297219 -0.011002 20.1016
0.0594757 -0.199548 9.82865
-0.0164243 -0.147915 26.0833
-0.0360466 -0.0812078 29.0779
-0.0443172 -0.0935366 31.3599
-0.0367837 -0.096448 28.6526
-0.0765043 -0.0866904 40.3057
-0.083619 -0.0716366 41.124
-0.0150353 -0.0560035 16.9785
0.0195956 -0.189532 9.36563
0.0134982 -0.0806368 8.07944
0.0139456 -0.070264 7.61
-0.00962387 -0.0855062 18.2342
-0.0224007 -0.0251355 20.928
-0.0117632 -0.0798764 18.0312
0.0129981 -0.0898692 6.11812
0.0541095 -0.0809126 -16.1755
0.0537123 -0.119929 -14.3736
0.05111 -0.0335437 -14.3952
0.0170411 -0.0500483 6.25766
0.0183743 -0.0302897 5.13573
0.00293817 -0.00866062 15.0609
-0.0230516 -0.0784508 23.7557
-0.0365817 -0.0889779 33.3545
0.00051158 -0.0565035 6.3441
-0.000349566 -0.119175 9.55373
-0.0199868 -0.0976843 22.9163
-0.00497275 -0.103164 12.1959
-0.057264 -0.0793941 51.7018
-0.0578591 -0.0693506 50.8792
-0.0141084 -0.0498825 14.8581
0.0443032 -0.00702617 -35.0564
0.0614944 0.000540772 -50.1747
-0.0273248 -0.0227588 34.6749
-0.0288738 -0.0172265 34.7838
-0.012643 -0.0289805 19.1877
0.0627589 0.0689523 -54.9378
-0.0382767 -0.0196652 43.1311
-0.0295985 -0.0312177 34.9111
0.0146615 0.240946 -17.2854
-0.00841007 0.279894 5.38004
0.00248429 0.263518 -5.4784
0.0234767 0.294264 -29.7311
-0.0155931 0.284005 13.7104
0 0.236048 -2.02885
-0.00393297 0.235057 2.56271
-0.00424913 0.235008 3.02159
0.00416787 0.307527 -9.40135
0 0.236048 -2.02885
-0.023996 0.267129 26.6433
-0.00189888 -0.0141016 12.7941
-0.0288648 0.00831686 12.23
-0.0123358 -0.0609375 15.0039
0.262697 -0.120032 0.513344
-0.00761531 -0.0627299 21.0898
-0.0253233 -0.241205 31.2042
0.00230644 -0.281203 30.3514
-0.0560394 -0.0673577 27.8221
-0.0491309 -0.0387466 25.4754
-0.0354961 0.00659507 19.8897
0.00520411 -0.12575 19.3777
0.0068159 -0.177631 21.0141
-0.0124861 -0.151939 26.5436
-0.0374253 -0.116896 30.3966
-0.0633921 -0.0758518 35.887
-0.0436802 -0.0260268 26.9537
-0.0536806 -0.0117878 28.9669
-0.0383758 -0.0139048 23.8252
-0.000795248 -0.0408187 11.2608
0.00216493 -0.0640204 12.5051
-0.032656 -0.0435407 26.895
-0.0559989 -0.0723579 39.5084
-0.0342093 -0.103925 30.2614
0.0103804 -0.0974278 7.87304
-0.00169431 -0.104421 14.6691
-0.0162166 -0.0859229 20.8276
-0.0394052 -0.0450041 30.271
0.0141975 -0.0275043 -4.28577
0.0232697 -0.031568 -9.26908
0.0181833 -0.0797571 -3.47608
-0.00145495 -0.0601828 8.3375
-0.0252986 -0.101033 26.6822
-0.0019903 -0.0770954 7.73703
0.00514092 -0.0917023 3.71497
0.042284 -0.243619 -17.2052
-0.00932533 -0.0611808 12.6745
-0.0314747 -0.0479133 29.2387
-0.0154011 -0.021406 14.7938
0.034722 -0.0100707 -27.1396
0.0557117 -0.00479697 -44.7714
0.124604 0.0137438 -105.267
0.0154588 -0.0328575 -3.81476
-0.0118489 -0.0180304 18.6535
0.0603968 0.0164349 -49.9694
0.152914 0.11838 -142.756
-0.06328 -0.0170974 67.4496
-0.0250647 -0.0214578 29.8967
-0.00214986 -0.013349 5.47992
0.00474176 0.111672 -8.14432
-0.00798887 -0.0178307 12.0105
-0.0119656 -0.0190868 16.4762
-0.00183643 0.103067 -0.628428
0.176158 -0.217336 -178.423
0.254065 -0.200354 -268.358
-0.0117975 -0.0196639 16.315
-0.0130101 -0.0184483 17.6272
-0.0125041 -0.019785 17.1525
-0.0128307 -0.0198777 17.5542
-0.01031 0.00897914 11.8418
-0.0144319 0.00829767 12.1598
-0.0343877 0.00855881 12.5196
0.00134442 -0.0398904 13.7158
0.0271014 -0.192127 18.3867
0.0386494 -0.240987 21.8449
0.020534 -0.218201 22.4331
0.0166369 -0.223795 24.8006
0.00289992 -0.186495 24.3513
-0.0343555 -0.594949 60.5869
0.00198066 -0.151541 22.5697
-0.0128247 -0.1109 23.3011
-0.0263263 -0.0943523 24.9668
-0.023855 -0.0765937 22.0793
-0.0264474 -0.0834836 24.7454
0.00213494 -0.0608223 13.0813
-0.0416638 -0.00189978 24.4528
-0.0209888 -0.0312926 18.599
-0.0137548 -0.0198956 15.0213
-0.039825 -0.0204415 25.7213
-0.0357599 -0.0601965 28.6473
-0.0414017 -0.0843925 32.9504
-0.0133858 -0.0939979 19.1337
-0.000934854 -0.0818082 12.3662
-0.0250599 -0.081871 25.0817
0.00924185 -0.574651 40.7405
-0.00943183 -0.0481435 13.7873
-0.0142853 -0.0285613 14.2739
-0.0146185 0.00970706 11.3937
-0.0148609 -0.0299062 14.2676
-0.0303256 -0.0567473 26.2082
0 0 -1
-0.0147548 -0.0380288 14.2958
0.00357514 -0.0222025 0.143458
0.00257495 -0.11585 6.89123
-0.00128342 -0.0254277 4.35782
-0.0144831 -0.0160299 13.9737
-0.00196877 -0.000925191 2.76262
0.0338237 0.0137814 -27.7646
0.0598444 -0.00103495 -49.0859
0.120084 -0.014599 -99.1237
0.0335455 -0.0915043 -17.0212
-0.0029593 -0.0530529 13.3545
0.0299589 -0.00683826 -20.6126
0.038874 -0.10511 -20.609
-0.0999737 -0.00526668 103.576
-0.0273741 -0.0156768 32.1891
-0.0237095 -0.00974178 27.8033
-0.0090426 -0.00267886 12.0001
-0.0207554 0.205572 9.74999
-0.00582274 -0.0127965 9.51332
0.479117 0.111574 -433.843
-0.0145651 0.0658701 21.428
0.0197917 0.0736292 -18.4433
0 -0.00498897 10.2198
-0.00463241 -0.0125521 16.3755
0.000958259 0.0263388 6.69536
0.0117428 0.0038369 -4.97254
0.00996683 -0.0108141 13.4177
-0.0002977 -0.00345154 12.8788
-0.0337483 0.00882967 12.8533
-0.348183 -0.0547908 40.9722
-0.0438253 -0.0947766 17.5803
-0.00198085 -0.151578 18.6619
0.00873751 -0.0655505 9.3679
0.0138478 -0.157508 18.307
-0.0424933 -0.163198 29.0296
-0.00133135 -0.0735538 11.1752
0.00292671 -0.0559402 7.98988
0.0289317 -0.201836 17.2777
0.00479178 -0.200003 23.268
0.0598711 -0.163642 4.02556
-0.000766926 -0.0778436 15.7604
0.0291093 -0.0901268 6.07539
0.0583047 -0.0643639 -5.3288
-0.0145255 -0.0216699 16.6882
0.00109474 0.0270574 5.91572
-0.0852149 -0.233759 63.4582
-0.0640871 -0.0802093 42.9362
-0.0469164 -0.101338 36.3799
-0.00240096 -0.0740972 12.2504
0.0058258 -0.0236774 4.00307
-4.24744e-05 -0.0468814 8.3021
0.0113052 -0.0291312 -0.194279
0.0270561 0.0147363 -12.8165
0.0162085 0.00225764 -5.66506
-0.0180724 0.00380865 14.0629
-0.0409934 0.0136085 27.5608
-0.0258798 -0.00693309 19.2779
-0.0148111 -0.00996996 12.105
0.00157541 0.013979 -1.20825
0.000904343 0.0113264 -0.528583
-0.00417704 0.00962543 3.52817
-0.0026299 -0.0101787 4.13614
0.00350443 0.00123811 -1.50928
0.000949834 -3.84774e-05 0.491935
0.0280319 -0.0186642 -19.8828
0.0468272 -0.0178611 -36.1091
0.0453176 -0.0585057 -30.9103
0.0562038 -0.0588967 -40.3645
0.00561062 -0.0544697 4.46173
0.0411064 -0.0606388 -27.141
-0.0363539 -0.0452169 45.0908
-0.0316566 -0.017975 37.3537
-0.00672254 -0.0133625 10.5369
-0.0233452 -0.00919306 27.0231
-0.00923447 -0.0107816 12.6559
-0.0134907 -0.00698194 17.3043
-0.0112088 -0.0253798 16.7555
0.223785 0.0824698 -252.25
0.0529907 0.14541 -63.2894
0.0755696 0.137879 -88.3086
0 0.399006 -25.5196
-0.0040503 0.413659 -21.9881
0.0217376 -0.187249 3.86837
0 -0.22827 34.4308
-0.0239049 -0.0112567 13.6782
-0.0216993 -0.0134812 14.3526
-0.0408635 -0.0202122 15.9841
-0.0824234 -0.0203488 18.7783
-0.00109414 -0.053377 9.23796
0.0116655 -0.0435844 6.50308
0.0223322 -0.0235018 2.44134
-0.013001 -0.0888863 15.8751
-0.0275459 -0.110678 20.5382
0.0044763 -0.0435251 6.25496
-0.0110481 -0.0363949 9.29366
-0.00567883 -0.0169237 5.59061
0.00388356 -0.00644295 1.71918
-0.00927159 -0.0509188 13.3411
-0.0354605 -0.0387763 19.9806
0.029055 -0.0352712 0.241687
-0.0148605 0.0335834 2.99179
-0.0216411 0.0257088 6.77552
0.0422445 0.0481011 -12.8643
-0.00138162 -0.00605492 3.76068
-0.000893096 -0.00782669 3.69222
0.00775901 -0.0820788 9.01737
0.0195351 -0.0603064 0.263221
0.120075 -0.0458615 -50.7235
0.050866 0.0731404 -26.4431
0.0227625 -0.0227801 -6.85437
0.0493137 -0.0106952 -22.791
0.00709677 0.0117508 -1.79854
-0.0357139 0.0308186 22.5519
-0.0433567 0.00547639 29.3637
-0.0209564 -0.000345123 15.2997
-0.00786839 0.00434538 6.16042
0.00706459 0.00651345 -3.93369
-0.00339959 0.0095965 3.10286
-0.0125763 0.00663713 10.069
-0.00655589 0.00809276 5.32025
0.000919441 -0.00265124 1.02413
-0.0095587 -0.00161322 9.16032
0.0150505 -0.0135979 -9.86379
0.0309978 -0.019938 -22.2994
0.0346258 -0.024478 -25.0052
0.0462717 -0.0358995 -34.1095
0.0186259 -0.0371593 -8.14547
0.0633031 -0.0332329 -51.6129
0.0117507 -0.0246744 -3.00487
-0.0351166 -0.0199675 41.2118
-0.0408441 -0.0152472 45.9244
0 0.0251972 -0.299664
0 0.0251972 -0.299664
0 0.0334784 -1.03836
-0.0270768 0.0279289 28.9328
-0.203246 0.104277 232.161
-0.0352124 0.180365 34.3232
-0.0733692 0.160439 79.5455
-0.0201072 -0.19192 61.4886
0.00591116 -0.204368 32.3811
-0.12734 0.0672157 176.515
-0.141027 0.0715099 192.815
-0.0537769 -0.0213018 27.5925
-0.0700683 -0.0183197 27.4686
-0.0309585 -0.00934712 13.9346
-0.0497687 -0.0392703 28.8719
-0.0340837 -0.0540751 13.7942
-0.00503718 -0.0105939 4.72014
0 0 -1
0.00533553 0.00929346 0.933067
-0.0768477 0.040264 21.4878
-0.125197 0.200163 8.36532
0.000755867 0.0103812 0.82052
-0.00312107 0.0208221 0.337356
-0.00454054 0.00960802 2.14632
0.0262409 -0.0204983 -1.98564
-0.0404343 -0.0375881 21.3929
0.0187026 -0.0206533 0.337058
-0.0142139 0.0194577 5.4527
-0.010159 0.0219502 3.61586
0.108818 -0.0235733 -30.8274
0.100752 -0.0288712 -26.8323
0.0194822 -0.0346868 9.3477
-0.0124292 -0.0114786 9.78353
-0.000597966 -0.00657505 2.69658
0.00106833 -0.0302249 5.47501
-0.0294142 0.0663014 16.1539
-0.000497873 -0.0155102 4.22517
0.042698 -0.00435425 -20.5888
0.0258347 0.0415671 -16.3002
-0.00345865 0.0356816 1.07102
-0.0368175 0.00622054 27.4676
-0.00286368 -0.000571668 3.39898
0.00788469 0.000455729 -3.7794
-0.00162732 0.00304308 2.45547
-0.000179778 0.00642111 0.941253
-0.00251085 0.01631 1.36113
-0.00317611 0.0285496 0.148933
-0.0276641 0.00889401 22.1187
-0.0211651 0.00260069 17.9366
-0.000853771 -0.00176066 1.84479
0.0257837 -0.0160474 -18.4359
0.0303278 -0.0345921 -19.5961
0.0250366 -0.023729 -16.6659
-0.00807749 0.00409166 9.87614
0.0235316 -0.0110554 -17.8877
0.0226107 -0.00879304 -15.6735
-0.0345191 -0.015728 40.165
-0.0307723 -0.0195871 36.1436
-0.0179591 -0.0108926 22.3075
-0.0129477 -0.0202045 17.9511
-0.0156325 -0.0147516 20.1799
0.101831 0.337433 -149.945
0.113202 -0.0341728 -112.439
0.131152 0.0205982 -140.834
0.122776 0.0176372 -130.562
0.0672468 -0.194571 -42.8407
0.00583473 0.387538 -50.8667
0 0.378627 -42.534
0 0.0863855 1.00674
0.0224414 -0.32741 72.6929
0.18224 0.203417 -27.2073
0.160811 0.0627138 -2.10197
-0.0652571 -0.0232284 27.1441
-0.0496266 -0.0733353 34.1728
-0.0623409 -0.129624 44.356
-0.0322014 -0.0217119 23.6692
-0.0743053 0.0383659 20.4108
-0.0541259 0.0223092 19.8375
-0.0692769 -0.00911238 28.0017
-0.00889977 -0.000873213 5.10643
-0.00492246 0.041328 -2.72999
-0.00807216 -0.000778114 5.05838
0.0217703 -0.0279788 1.14603
-0.00243156 -0.0280046 8.2299
-0.0210129 -0.0195571 13.7158
-0.0272879 0.0504541 4.45373
-0.00863059 0.0448692 -1.20726
0.149191 -0.00359681 -50.5473
0.0877411 -0.0371855 -20.1193
0.018962 -0.00119016 4.34422
-0.0901825 0.00557052 51.0565
-0.0746183 0.00430064 49.9104
-0.0486865 0.0100212 35.5426
-0.0445953 0.0359973 28.9533
0.100225 0.00236513 -47.3346
0.0113431 0.0301757 4.60725
-0.00202386 0.0258218 13.2455
0.0309233 0.0223221 -16.5902
-0.0608367 0.0259408 38.5572
-0.00495858 0.00553831 3.80936
-0.0182777 0.0184118 10.9384
0.00219434 0.0176783 -2.69641
0.005905 0.0123872 -4.41099
0.00442647 0.0185636 -4.17274
0.0412205 -6.4283e-05 -28.8564
-0.0128607 0.00398904 12.6609
-0.00737832 0.00643063 5.95977
0.000346113 0.00633088 -0.423252
0.0131621 -0.00260914 -9.73973
0.0236257 -0.0133581 -17.1079
0.025862 -0.0167316 -18.4448
-0.0245813 -0.00746102 28.4985
-0.0267296 0.0296144 24.8183
-0.0211097 -0.0177851 26.3743
-0.0370345 -0.0216223 43.2558
-0.0293652 -0.0264104 35.8375
-0.00750308 0.0838981 -3.54266
0 0.0898583 -12.2475
0.0490094 0.136747 -72.601
-0.0300914 0.129951 13.7767
0.103255 -0.14802 -84.3771
0.0848417 -0.0328095 -78.3816
0.128292 -0.000562368 -133.834
0.0835967 -0.0155766 -85.2489
-0.014676 0.0291167 23.5422
0 0.0317276 5.49424
-0.00770475 0.0280873 15.6253
-0.0756428 0.0636722 13.4363
-0.0827843 0.0616881 14.0466
-0.07077 0.08401 8.02377
-0.0642624 0.0635237 11.2621
-0.046506 -0.0398493 27.2734
-0.0655687 0.0348776 17.4144
-0.140089 0.0488429 21.9846
-0.0606447 0.0402664 17.7538
-0.0596675 0.0454983 16.3733
0 0 -1
-0.081966 0.272195 -24.6268
-0.0219504 0.234788 -29.9949
-0.0118682 0.0822374 -2.5307
0.0124799 0.0104196 -2.42002
0.24554 0.0225663 -65.8687
-0.0174582 0.143131 -11.0248
-0.0497478 0.235896 -19.3804
-0.00225748 0.11969 -15.381
0.0920139 0.0469206 -36.6933
-0.0408772 0.0947846 3.09889
-0.0210702 0.0327599 5.48231
-0.0167988 0.0134775 7.74068
-0.120112 -0.00260562 74.1918
-0.0336373 -0.0259655 34.9264
-0.0393236 -0.00613685 33.5624
0.311151 0.0199527 -160.024
-0.0063485 0.00831006 18.9052
0.0079788 0.0383442 5.11327
0.0313133 0.278555 -68.7202
-0.0680033 0.0844101 33.0292
-0.0437906 0.243448 -14.0535
-0.0443824 0.122862 10.3642
-0.0219747 0.127399 -5.66525
-0.0235495 0.086613 3.17852
0.00634732 0.0322244 -8.50081
0.00847518 0.00373557 -4.97366
-0.0368539 -0.0135003 33.0504
0.00931022 0.012938 -8.58058
-0.00367325 0.0275758 -0.802457
-0.00588655 0.0251791 1.52731
0.0067642 0.00670281 -5.94
0.0165648 -0.0157825 -9.97799
-0.0832608 -0.0399218 90.6892
-0.063462 -0.0916667 80.968
-0.0508541 -0.0230575 56.994
-0.0170598 0.00133941 19.5507
0.0111882 0.0373331 -16.8255
-0.0134433 -0.013882 17.9752
0.0033708 0.0355371 -8.71895
0 -0.00196329 1.82664
0.000864558 0.0334285 -5.766
-0.0151771 -0.0135892 19.4248
0.116591 -0.0178411 -117.473
0.160236 -0.0145372 -168.174
0.0524715 -0.0228499 -41.7035
0.0321619 -0.0225417 -17.7357
0.0190562 -0.0322499 -0.0948165
0.0131953 -0.0380679 8.15059
-0.0727285 0.0702526 12.0402
-0.0890562 0.080725 10.2506
-0.0912301 0.123648 1.32201
-0.0753972 0.161662 -7.29584
-0.0295392 0.162988 -10.9787
-0.0436063 0.0863277 5.78477
-0.0351884 0.0754219 6.73394
-0.0583269 0.075378 10.4015
-0.0731007 0.116204 4.83348
-0.0993321 0.19532 -5.09857
0.013073 0.28969 -48.0758
0.068084 0.0128752 -2.40387
-0.0315188 0.122589 -5.38211
-0.0822065 0.0423053 39.1874
-0.0742546 0.0282398 39.7098
-0.0255072 0.161503 -13.7499
-0.0166944 0.173645 -19.132
-0.168153 0.0162461 84.8399
-0.166401 0.00631623 86.3366
-0.15945 0.00359871 83.8474
-0.112473 -0.0388981 70.565
-0.0280069 -0.0937145 44.169
-0.0130616 -0.0969844 37.7088
-0.0054259 -0.0784877 30.2676
-0.0177222 -0.0448117 29.7608
0.0693297 0.0517071 -32.2981
0.00613225 0.0415892 5.46913
-0.0305166 0.0686699 21.4233
0.0162969 0.304187 -64.201
-0.0100937 0.238092 -34.0781
-0.015917 0.233902 -30.6103
-0.0208067 0.280575 -36.4389
0.000476583 0.237004 -42.1738
-0.00912269 0.244218 -36.831
-0.0125843 0.322821 -51.207
-0.0250198 0.313353 -39.7056
-0.0294237 0.305507 -34.9732
-0.0236232 0.232872 -24.5425
0.00153874 0.112184 -21.4066
-0.0076504 0.160053 -23.1507
-0.021164 0.121527 -3.72256
-0.00854675 0.0444669 1.33885
-0.0418655 -0.025198 47.6993
-0.0422538 0.0028297 42.6951
-0.0274483 -0.0202974 33.032
-0.0145333 -0.012479 18.4911
-0.0145748 -0.00693813 17.3476
-0.0172173 -0.00462055 19.7169
-0.0114131 -0.00934641 14.6696
-0.0149934 -0.0122485 18.996
-0.0161851 -0.0120586 20.2663
0.0901441 -0.0252014 -85.6145
0.0340922 -0.0459357 -17.7784
0.178009 -0.0219238 -186.624
0.0523378 -0.0168067 -42.6111
0.0276932 -0.0190109 -13.0679
0.0143415 -0.0320496 5.59636
0.0116079 -0.0351375 9.55404
-0.0706487 0.0768874 10.5959
-0.0686357 0.0900961 7.60349
-0.033613 0.17148 -11.553
0.0377933 0.275398 -39.2777
0.0444365 0.456769 -80.2423
0.659813 0.00105492 -40.168
-0.0574111 1.06288 -202.29
-0.0487385 0.0127463 41.2795
-0.077807 0.00673577 47.8138
-0.0988133 -0.0036302 54.0684
-0.111696 -0.00228966 56.4472
0.188199 0.0651695 -35.4457
-0.104446 0.0182706 50.5845
-0.0794192 0.0131078 45.1949
-0.19296 -0.00580513 98.3578
-0.193766 -0.0148463 100.64
-0.165923 0.015631 84.2479
-0.0181173 0.248833 -33.6115
-0.00391427 0.273234 -45.4517
-0.0312129 0.28448 -36.2173
-0.0417666 0.25869 -25.6217
-0.0172629 0.300538 -45.8689
-0.0102377 0.265833 -42.1336
0.0303017 0.341084 -78.7314
0.07853 0.266019 -87.1615
0.106045 0.119326 -67.8833
0.0285289 0.0907189 -18.2284
-0.0202484 0.0851551 11.312
-0.0670743 0.127773 29.8742
-0.0165317 0.295354 -41.0905
-0.0219917 0.294607 -38.2628
-0.0240953 0.347253 -48.7262
-0.00438546 0.320079 -57.1641
-0.0241087 0.333459 -45.6333
-0.0285418 0.325282 -40.3331
-0.0248249 0.297353 -36.8972
-0.0335148 0.285555 -27.5864
-0.215319 -0.625706 317.082
-0.0273067 0.15803 -5.17562
-0.00970892 0.131241 -14.3658
-0.0332634 0.0899965 14.9228
-0.0441881 0.0460001 34.74
-0.0319268 0.00853122 30.9417
-0.010332 -0.0050506 12.7726
-0.0248073 -0.00176082 26.7677
-0.0691789 0.0208194 63.7073
-0.0430671 -0.00444792 46.1077
-0.0219869 -0.0124483 26.8706
-0.0275178 -0.00856429 31.6415
-0.0159034 -0.0103407 19.6144
-0.0178132 -0.0106601 21.7633
-0.0836561 -0.000574781 101.827
0.15483 -0.0226887 -160.548
0.14198 0.00980706 -151.324
0 0.123671 -19.4785
0.0331431 -0.597333 109.444
0.140077 -0.367182 -58.8243
0.00492372 0.142675 -29.8047
-0.0557168 -0.0154607 50.9591
-0.0555361 -0.0153996 50.9298
0.0611136 1.18373 -255.09
-0.0605553 -0.0210822 53.1665
-0.104598 -0.0175974 56.335
-0.0724586 -0.0586014 62.1502
-0.0509167 -0.0165037 48.6486
-0.0550647 -0.00199499 46.1506
-0.0735964 -0.0192617 53.4479
-0.101643 -0.0249924 59.7086
-0.090431 0.00917298 48.6103
0.0918899 0.0512727 -8.76633
-0.0690092 0.0227196 39.3198
-0.0633468 0.0253837 37.0687
-0.0637844 0.127115 11.9753
-0.0447028 0.234628 -20.6903
-0.0228169 0.236888 -29.1908
-0.0291815 0.267088 -33.8007
0.00176938 0.266017 -46.7272
0.00504828 0.30226 -55.719
-0.000899601 0.298683 -52.829
0.00632497 0.32556 -62.4183
-0.0161812 0.326861 -51.9699
0.00751589 0.384665 -78.2449
0.0727014 0.355848 -105.856
0.0548125 0.323364 -87.7666
-0.0104475 0.321269 -49.9576
-0.0297665 0.18022 -4.87488
-0.0148876 0.21681 -23.3954
0.0234782 0.278338 -62.2139
0.00935199 0.304452 -59.5194
-0.00227662 0.345425 -62.1778
-0.0290792 0.373108 -51.4715
-0.0222335 0.351919 -51.1948
-0.00200735 0.338796 -62.9067
0.265069 0.124179 -210.774
0.00207622 0.0549103 10.0811
-0.0787151 0.110217 48.3906
-0.0694155 0.107814 41.4758
-0.0700212 0.0799645 49.2251
-0.0580382 0.050211 46.1116
-0.0382791 0.11366 13.876
-0.0189577 -0.110197 51.924
0.0280224 0.222571 -71.759
-0.00908175 0.194283 -29.6392
-0.00194994 0.316448 -67.2441
0 0.209273 -42.1956
-0.0300915 0.428763 -72.7958
0.158484 -0.190896 -58.7175
0 -0.16059 72.1811
-0.0244392 0.35559 -50.4008
0 -0.149414 44.0819
0.152207 -0.0317031 -155.165
0.781287 0.223932 -936.381
0.074282 -0.293198 19.1224
0.0213639 -0.0584536 21.6775
0.178869 -0.265044 -130.509
0 -0.229687 89.9969
-0.00721597 0.00860194 30.6815
-0.00726493 0.00859323 30.6861
-0.0538291 -0.0159549 50.9731
-0.0509208 -0.0190139 51.7813
-0.0956372 -0.0182204 56.1278
0.0155328 -0.0162792 39.566
-0.0524322 -0.00849265 46.1647
-0.0779124 -0.0303086 56.3754
-0.136852 -0.0178361 63.0053
-0.0712747 0.181027 -3.75453
-0.0367983 0.209812 -18.8534
-0.050082 0.122043 8.54072
-0.0224852 0.247293 -31.8614
-0.0337221 0.226677 -23.1175
0.00237149 0.219346 -32.2793
-0.00444294 0.244158 -37.0929
-0.0273619 0.214979 -21.3683
0.00822428 0.306578 -58.8283
0.00314728 0.331795 -62.9375
-0.0239104 0.328753 -50.8699
-0.00221642 0.321122 -57.8852
0.00406991 0.31554 -58.9042
-0.00885287 0.300533 -47.821
-0.0326058 0.329457 -44.5517
-0.502509 -0.0774596 313.442
-0.0373172 -0.321352 131.175
0.0429633 0.277633 -67.6718
0.0459744 0.178491 -42.0652
0.455321 0.112405 -281.086
0.0362826 0.272369 -69.0962
0.0140905 0.297439 -60.697
0.0260912 0.340066 -79.9407
0.0452108 0.371754 -101.864
-0.0240275 0.0771298 21.3963
0.00661505 0.0852545 -3.42524
0.05605 0.0757411 -38.1205
0.0273653 0.0295913 -2.87415
-0.0762883 0.0986784 49.4281
-0.0717526 0.0770692 51.5622
-0.0233941 0.10379 4.1917
-0.11868 0.0267039 104.264
0.0459919 0.378193 -131.466
0 0.386922 -92.6614
-0.00939274 0.407063 -89.212
-0.00985467 0.381956 -81.9702
-0.00256723 -0.126547 67.0274
-0.0314392 0.427158 -71.0048
-0.0309269 0.427989 -71.7428
0.0928999 -0.00934395 -17.086
0.00602682 -0.0195369 77.3636
0.0042854 -0.0201573 79.4146
0.00216964 -0.0208462 81.9287
0.000697461 -0.0211264 83.6496
7.99386e-05 -0.0214402 84.4369
-6.84253e-05 -0.0216531 84.6658
-0.000104524 -0.0217533 84.7354
-0.0160321 -0.132367 122.118
0.0116713 0.464041 -127.28
-0.0250111 0.110306 13.2941
-0.027299 0.0755122 23.5459
-0.04823 0.0341108 37.4684
-0.0864136 0.0179732 43.3456
-0.0772937 -0.0266003 56.4319
-0.0944247 0.0496162 35.8767
-0.0659468 0.0656321 27.1383
-0.0390845 0.245944 -28.9947
-0.0515233 0.208839 -15.7628
-0.0374386 0.214211 -19.9473
-0.0236434 0.22488 -25.4695
-0.0239164 0.248283 -32.2823
-0.040172 0.240798 -25.1257
-0.0238314 0.104451 9.07118
-0.0635393 -0.0506089 66.1383
-0.0415698 -0.0335779 53.9535
-0.0485047 -0.0775273 68.7098
0.0598662 0.374414 -95.9357
-0.0171442 0.343642 -57.7583
-0.0029738 0.336202 -61.4899
-0.00380215 0.326445 -59.0725
-0.00384983 0.306136 -52.7382
0.0103794 0.254126 -44.576
0.0152529 0.284557 -55.7797
0.0508669 0.313179 -82.3992
0.0275428 0.269104 -56.1308
-0.00562306 0.224341 -24.4725
0.0309158 0.195565 -37.5821
0.025611 0.148066 -20.8815
0.0165553 0.0749946 5.94171
0.0534895 0.252686 -74.6104
0.0677698 0.279219 -91.4762
0.0876225 0.283386 -106.426
0.0931417 0.28904 -111.853
0.00626999 0.0686506 1.53742
0.0331922 0.0501577 -13.3698
0.0219116 0.0194884 4.17127
0.129059 -0.115885 -52.371
-0.139048 -0.091198 158.658
0.0263474 -0.15701 50.7446
-0.0245191 -0.118042 83.5223
-0.00796911 -0.157526 80.566
0.0100729 -0.163936 66.0623
-0.00174483 -0.130019 67.221
-0.00195125 -0.12781 66.7806
-0.00114974 -0.127276 65.8478
-0.000300519 -0.129679 65.71
-0.000300519 -0.129679 65.71
0.102398 -0.0101994 -26.8557
0.00552018 -0.0195403 77.9113
0.00357384 -0.0201921 80.1997
0.00174533 -0.020826 82.3939
0.000444506 -0.0211346 83.9383
-0.000127904 -0.0213926 84.6641
-0.00024269 -0.0216008 84.8567
-0.000217649 -0.0217192 84.8614
-0.0258821 -0.0808589 119.719
-0.0517015 0.17442 85.6166
-0.0374539 0.126881 8.28743
-0.034878 0.137486 4.77035
-0.0490688 0.0926579 18.7056
-0.029413 0.223748 -23.8496
-0.0197497 0.205906 -19.4522
-0.0196285 0.210558 -20.6941
-0.0202037 0.260825 -36.4367
-0.0372665 0.25453 -31.8698
-0.0468988 0.251049 -29.7373
-0.0182483 0.24718 -32.9824
0.00081069 0.245294 -36.2641
-0.00602385 0.249868 -36.9068
0.0449154 0.333085 -75.2802
-0.0972616 -0.0188747 66.3052
-0.105619 -0.108426 96.161
-0.0261127 -0.0412315 51.5398
-0.0556141 -0.0599711 66.3167
-0.059796 0.351066 -43.4766
-0.0345467 0.302549 -37.7697
-0.00525425 0.329777 -58.3442
0.0029331 0.328166 -61.5303
-0.0317511 0.32692 -46.304
-0.00373655 0.291612 -49.207
0.0486668 0.287336 -73.4837
0.0463935 0.331665 -85.6342
0.0144337 0.295032 -56.9701
-0.0455001 0.23987 -6.77222
-0.031448 0.19603 -1.35406
-0.0210819 0.122217 15.3764
-0.0106797 0.111588 12.0506
0.0353612 0.223373 -53.4241
0.0793524 0.220266 -81.5404
0.0962986 0.240584 -99.7548
0.129929 0.248681 -126.528
0.139781 0.218551 -123.677
-0.0610468 -0.340398 207.452
0.0332809 0.477756 -125.95
-0.0987721 0.403854 1.97396
-0.0239368 0.314383 -30.2711
0.0545805 -0.0103284 8.02922
-0.0108204 0.365338 -56.6468
0.00117376 0.289842 -43.6787
0.00102117 0.287878 -42.9164
0.000643154 0.282913 -41.0102
-0.000762377 0.268743 -35.2464
-0.00137736 0.255984 -30.665
-0.001435 0.254425 -30.1193
-0.001435 0.254425 -30.1193
-0.0963996 -0.00703428 180.891
0 0.147005 1.7115
0.00536383 0.246044 -7.02228
0.00424188 0.249575 -6.8773
0.00192101 0.250269 -4.49196
0.000330759 0.250513 -2.75535
-0.000176209 0.251089 -2.35
2.83219e-05 0.252034 -2.8896
-0.0234779 0.0470444 91.1558
-0.0234779 0.0470444 91.1558
-0.0241363 0.151236 0.23563
-0.0166645 0.171172 -6.7111
-0.0129114 0.16747 -5.71609
-0.0393541 0.204612 -16.533
-0.00203797 0.232015 -28.4482
-0.012368 0.251061 -34.7758
0.0335649 0.288852 -53.1941
-0.0374344 0.128443 12.3564
-0.0423126 0.232415 -23.2407
-0.0159358 0.186111 -13.0923
-0.0191689 0.220757 -24.0835
-0.0266511 0.262847 -36.502
0.34999 0.65951 -261.483
-0.157653 -0.0806565 117.916
-0.132826 -0.026339 91.7428
-0.100995 0.26238 1.78182
-0.116663 0.304329 -7.14599
-0.0854355 0.299563 -17.1166
-0.0452807 0.242453 -13.0167
-0.0134542 0.283823 -40.2474
-0.0048001 0.309022 -52.4758
-0.0220192 0.329442 -51.5517
0.041125 -1.39173 473.19
0.0479926 -1.39944 472.38
-0.0111091 0.33903 -57.2501
-0.0154201 0.306353 -44.0592
-0.095452 -0.382478 223.191
-0.00251338 0.151745 5.82668
0.00403105 0.113246 2.61994
0.0256265 0.136033 -18.7432
0.0606073 0.192484 -60.3462
0.0969715 0.192479 -85.4274
0.138316 0.184768 -111.605
0.0889898 0.251694 -97.7191
0.119623 0.202265 -103.249
0.103745 0.170985 -81.1336
0.0593527 0.133683 -34.3984
0.0593527 0.133683 -34.3984
-0.0794461 -0.0508176 149.146
-0.0787752 -0.0695195 154.223
-0.0795196 -0.0571283 151.046
0.0375982 -0.0558038 49.1618
0.000357652 0.00177208 50.2436
0.000183608 0.00360314 49.785
0 0.134701 19.8424
-0.00137736 0.255984 -30.665
-5.63672e-07 0.134701 19.8429
-5.63672e-07 0.134701 19.8429
-0.00657994 0.0725813 60.2802
0.0155813 -0.0390365 73.9128
0.0404659 0.0256219 24.9564
0.00454215 -0.0574246 92.1113
0.00112334 -0.0592045 96.528
-0.000429773 -0.0612585 98.9811
-0.0234779 0.0470444 91.1558
-0.0234779 0.0470444 91.1558
-0.0234779 0.0470444 91.1558
-0.0234779 0.0470444 91.1558
-0.0100853 0.165766 -4.84626
-0.0112391 0.181948 -10.566
-0.0138303 0.198637 -16.4144
0.00219488 0.217966 -25.0247
0.0260463 0.196906 -18.1951
0.0128944 0.243158 -33.9856
-0.123975 -0.389152 203.65
-0.10184 0.106821 30.0432
0.212219 -0.151392 58.5138
0.0144155 -0.230837 124.953
0.00390028 -0.222235 124.207
-0.00494877 -0.185816 113.232
0.0387448 0.850857 -264.049
-0.131446 -0.0603506 103.162
-0.119401 -0.0305088 88.9827
-0.120955 -0.0220225 86.5035
-0.108232 0.279618 -1.59959
-0.0955975 0.25266 2.93613
-0.0488568 0.254292 -16.1054
0.00453001 0.26094 -40.0985
0.0187336 0.287449 -55.6044
0.0275888 0.312753 -68.554
0.0451211 0.25558 -56.0976
0.00108696 0.240072 -28.6271
-0.00857069 0.301315 -45.7055
-0.00321961 0.294945 -46.9666
0.0300122 0.22164 -38.4274
-0.00792082 0.151851 8.97475
-0.0381094 0.17103 20.2902
-0.821277 0.170773 510.25
-0.0214868 0.177579 8.65372
-0.0135046 0.167557 6.76043
0.00755542 0.246375 -36.7023
0.0441399 0.257887 -66.9963
0.0402721 0.243252 -58.8199
0.0590829 0.161233 -43.813
0.046592 0.101494 -13.3894
0.338392 0.00336298 -211.514
0.305963 -0.0234673 -175.305
0.307605 -0.0690912 -160.96
0.00047565 -0.149203 113.521
0.00509354 -0.420176 195.376
0.00108882 0.389573 -84.4119
0.00100239 0.390218 -84.5587
0.000869643 0.390273 -84.4518
0 0 -1
-0.00238605 -0.0986156 113.614
0.00163083 -0.420764 198.504
0 0 -1
-0.00181159 -0.420921 202.227
-0.00161847 -0.420872 201.999
-0.000973347 -0.420771 201.252
0.0345634 -0.0539273 34.4751
0.010096 -0.0351113 55.8681
-0.0292501 -0.0484199 106.141
-0.0555383 -0.0542255 139.26
-0.0719101 -0.0592137 160.668
-0.0719101 -0.0592137 160.668
0.00270603 0.173481 -7.71729
0.00337181 0.194417 -15.4604
-0.00101484 0.242665 -33.0343
-0.0189212 0.245525 -33.0234
0.0277159 0.17972 -13.2018
-0.0332851 -0.38363 188.642
-0.0336671 -0.382592 188.33
-0.00381021 -0.279372 145.468
0.0468389 -0.176734 98.5692
0.0260692 -0.219334 118.267
0.0181027 -0.212819 117.626
0.00182162 -0.183427 110.698
-0.0260705 -0.132294 99.0748
-0.0660269 -0.0815189 91.5575
-0.0929439 -0.0304012 80.6697
-0.103782 -0.00951067 76.3478
-0.11577 0.213373 24.4412
-0.0866267 0.212691 13.348
-0.0127556 0.239269 -25.3501
0.015859 0.262291 -45.4531
0.0309462 0.291901 -62.702
0.0307191 0.30048 -65.6888
0.0242925 0.256387 -46.2824
0.0108025 0.242198 -34.3241
-0.00360393 0.27484 -38.9826
0.0056872 0.264437 -40.3038
2.73716e-05 0.217177 -19.6841
-0.00732814 0.161582 5.14708
-0.00881345 0.184651 -2.53269
-0.0066247 0.178954 -1.71944
-0.0142314 0.173251 5.39102
-0.0204038 0.171222 10.1747
-0.0112907 0.189707 -2.97324
0.0356559 0.197879 -39.4726
-0.0117743 0.229406 -15.4328
0.00947508 0.124254 6.36328
0.0468184 0.0431057 7.04938
0.33532 -0.0218752 -200.089
0.301176 -0.0336923 -167.795
-0.0793342 -0.0571183 150.881
0.00061327 -0.149463 113.497
-0.0794066 -0.0571004 150.938
0.0010043 -0.165284 119.017
0.000725471 -0.168973 120.644
0.000272446 -0.171134 121.875
-0.000232984 -0.171202 122.389
-0.000436875 -0.171236 122.603
-0.000436875 -0.171236 122.603
0.0184111 7.42646 -2721.88
0.192152 3.63106 -1496.74
-0.0177218 0.177796 11.1924
-0.0283358 0.178624 22.2967
-0.029598 0.165358 28.5028
-0.0314228 0.187815 22.2207
-0.0321121 0.202436 17.5872
-0.309973 0.218254 470.365
-0.309867 0.223415 468.339
0 0 -1
