0 1 0
1 2 1
2 3 0
3 4 0
4 5 3
5 6 3
6 7 3
7 8 3
8 10 0
10 11 3
11 12 3
12 13 3
13 14 3
14 16 2
16 17 0
17 18 3
18 19 3
19 21 3
21 22 3
22 23 1
23 24 1
24 25 3
25 26 0
26 27 3
27 28 3
28 29 0
29 30 1
30 31 1
31 32 0
32 33 3
33 34 3
34 152 3
152 156 3
156 211 3
211 329 3
279 329 3
162 279 3
162 163 3
55 163 0
163 402 3
14 73 3
16 73 0
19 78 3
21 78 3
14 72 3
18 77 3
19 77 3
16 74 0
17 74 3
328 329 3
112 163 0
10 69 2
11 69 2
17 75 3
31 89 0
55 112 0
55 113 2
114 163 0
8 67 0
10 68 1
13 71 3
14 71 3
18 75 3
77 78 3
21 79 3
27 85 3
106 329 0
113 163 0
0 58 1
1 59 1
2 60 1
3 61 1
4 62 1
5 63 3
6 64 3
7 65 3
8 66 3
10 67 3
68 69 0
12 70 2
12 71 2
73 74 3
22 142 3
23 142 0
23 82 0
28 85 3
30 89 0
34 92 3
58 59 3
59 60 1
60 61 3
61 62 3
62 63 0
63 64 3
64 65 3
65 66 3
71 72 3
74 75 3
24 82 0
28 87 0
29 87 3
92 152 3
70 71 3
78 79 3
66 67 3
67 68 2
12 69 2
22 79 3
79 142 3
25 82 0
32 89 1
211 328 3
163 279 3
109 163 0
30 87 0
32 90 3
33 90 3
156 213 3
69 70 0
152 269 3
211 213 3
163 168 1
72 130 3
72 73 3
75 76 3
18 76 3
76 77 3
82 142 0
26 145 3
156 269 3
26 85 3
33 92 3
85 87 0
68 126 3
85 145 3
33 91 3
87 89 2
89 90 0
90 91 3
67 126 3
78 137 3
79 137 3
25 145 0
91 92 3
25 141 3
69 126 0
82 141 1
141 145 0
168 279 0
75 133 3
78 136 3
71 129 3
74 133 3
77 136 3
85 88 3
87 88 3
88 89 2
106 328 0
139 142 3
64 123 3
65 123 3
79 139 3
63 121 0
66 124 1
67 124 1
77 135 3
136 137 3
88 145 3
167 279 0
58 116 1
59 117 1
60 118 0
61 119 0
62 120 0
62 121 0
64 122 0
70 129 3
72 132 3
73 132 3
79 195 3
166 279 0
163 170 1
116 117 3
117 118 0
118 119 0
119 120 0
121 122 3
123 124 1
70 128 3
72 129 3
74 132 3
76 133 3
135 136 3
137 195 3
142 145 3
128 129 3
129 130 3
130 132 3
76 135 3
106 164 0
166 167 3
122 123 1
141 142 0
164 328 0
164 329 0
67 125 3
125 126 3
69 128 0
132 133 3
79 196 3
195 196 3
139 196 3
145 202 3
89 151 2
90 151 3
124 125 0
88 202 3
167 168 0
133 192 3
76 192 3
88 151 3
213 269 3
163 173 1
92 266 3
152 266 3
166 329 0
129 187 1
130 187 3
135 192 3
91 151 3
120 121 0
145 200 3
152 268 3
132 189 3
142 200 3
200 202 3
266 268 3
130 189 3
91 266 3
125 184 3
126 184 3
133 191 3
139 198 3
142 198 1
124 183 2
166 284 2
167 284 2
168 400 0
163 400 3
119 178 3
124 182 2
125 183 3
69 184 0
128 185 3
130 188 3
151 265 3
91 265 3
164 222 0
120 178 2
122 180 1
123 180 3
69 185 0
187 188 3
136 194 3
137 194 3
265 266 3
222 328 0
121 178 1
121 179 1
123 182 3
184 185 0
128 186 3
132 191 3
151 262 3
168 284 1
116 174 0
117 175 0
118 176 3
119 177 1
122 179 1
88 262 3
222 329 2
163 229 1
174 175 3
175 176 3
119 176 1
183 184 3
129 186 3
188 246 3
135 194 3
151 205 3
176 177 3
178 179 3
182 183 3
188 189 3
135 193 3
202 262 3
205 265 3
177 178 0
186 187 1
191 192 3
193 194 3
194 195 3
198 200 0
205 262 3
180 182 3
185 186 3
202 260 3
280 328 3
281 329 0
284 329 0
179 180 3
200 260 3
189 191 3
192 193 3
222 280 3
280 329 3
202 261 3
261 262 3
284 400 0
189 247 3
196 254 3
196 198 1
188 247 3
194 253 3
195 253 3
200 259 3
259 260 3
268 269 3
180 239 3
182 239 3
191 247 3
194 310 3
191 249 2
178 236 2
179 237 2
196 253 3
260 261 3
177 236 3
178 237 2
184 186 0
187 246 3
196 256 3
198 315 0
200 315 3
262 263 2
176 234 3
179 238 2
180 238 3
183 241 3
198 256 3
205 263 2
174 232 3
175 233 3
175 234 3
184 241 3
187 245 3
192 250 2
193 250 2
232 233 3
233 234 3
177 235 3
236 237 3
237 238 3
186 244 1
245 246 3
263 265 2
269 326 3
163 404 3
176 235 3
244 245 3
191 250 2
265 323 3
266 323 3
400 404 3
402 404 3
182 240 3
183 240 2
249 250 3
196 313 3
263 322 1
265 322 3
240 241 3
246 247 3
193 310 0
254 313 3
256 313 3
268 326 3
213 328 3
234 235 3
235 236 3
238 239 3
184 300 3
247 249 0
213 326 3
402 405 3
186 300 1
259 315 3
239 240 3
241 300 3
253 254 3
268 325 3
404 405 3
239 298 3
240 298 3
256 315 3
266 325 3
244 300 3
250 310 2
322 323 1
266 324 3
244 301 3
249 306 2
323 324 2
300 301 3
236 294 3
247 306 0
250 309 2
260 318 3
283 329 0
324 325 3
328 501 3
329 400 2
238 297 3
239 297 3
263 320 1
235 293 3
308 309 3
262 320 3
280 396 3
236 293 3
299 300 3
249 307 2
250 308 2
253 310 3
253 368 3
328 396 3
280 397 3
329 397 3
236 295 3
237 295 3
241 299 3
306 307 3
310 368 3
259 318 3
297 298 3
263 321 1
396 397 3
261 320 3
232 290 3
233 291 3
234 292 3
235 292 3
238 295 3
245 303 3
246 303 3
250 307 2
254 312 3
259 373 3
290 291 3
291 292 3
292 293 3
294 295 3
238 296 3
244 302 3
244 303 3
246 305 0
247 305 0
373 432 3
261 318 3
325 326 3
295 296 3
307 308 3
253 311 3
315 373 3
293 294 3
296 297 3
240 299 3
311 368 3
326 500 0
305 306 3
312 313 3
321 322 3
301 302 3
309 310 3
254 311 3
320 321 3
213 500 3
298 299 0
302 303 3
213 501 3
500 501 3
328 445 3
329 399 3
399 400 3
307 364 3
313 372 3
256 372 3
261 377 3
320 377 3
397 399 3
306 364 3
311 312 3
315 372 3
318 373 3
318 377 3
323 381 0
345 404 0
318 375 3
324 381 0
404 460 3
297 356 0
373 375 3
381 439 3
324 439 0
400 460 3
298 356 0
246 362 0
305 362 3
345 460 0
299 357 3
303 362 0
400 401 3
295 353 3
307 365 3
401 460 3
364 365 3
308 365 3
375 432 3
299 356 0
303 361 3
293 351 3
355 356 3
300 359 0
301 359 0
302 360 3
361 362 0
297 355 0
300 357 3
303 360 3
311 427 3
320 378 3
321 378 3
322 381 3
292 351 3
294 353 3
296 353 3
308 366 3
312 427 3
312 370 3
313 370 3
372 373 3
325 442 0
290 348 3
291 349 3
294 351 3
356 357 1
300 358 3
301 360 3
305 364 3
365 366 3
309 366 3
309 367 3
310 367 3
313 371 3
318 435 3
377 435 3
377 378 3
322 437 3
325 382 3
326 442 3
348 349 3
357 358 3
366 367 3
368 427 3
370 427 3
371 372 3
321 379 3
381 437 3
324 382 3
296 354 3
297 354 3
358 359 0
370 371 3
321 437 3
382 439 0
353 354 3
378 379 3
291 351 3
360 361 3
362 364 3
367 368 3
442 499 3
354 355 0
325 499 0
326 499 0
328 503 3
294 410 3
351 410 3
353 410 3
359 360 1
360 419 3
375 433 3
375 435 3
379 437 3
382 499 0
499 500 3
328 451 3
445 451 3
361 419 3
396 445 3
400 458 3
362 421 3
397 456 3
399 456 3
399 458 3
401 458 3
362 419 1
364 421 3
367 426 3
368 426 3
375 434 3
451 503 3
405 463 3
291 409 3
351 409 3
426 427 3
371 429 3
434 435 3
378 436 3
404 463 3
291 408 3
359 417 3
419 420 0
362 420 3
370 429 3
396 454 3
397 455 3
399 457 3
349 408 3
408 409 3
360 417 0
420 421 3
364 422 3
377 436 3
455 456 3
457 572 3
354 412 0
355 412 1
356 414 1
365 422 3
445 454 3
456 457 3
357 414 3
358 417 0
437 439 3
396 455 3
401 459 3
355 414 1
358 416 3
370 428 3
371 430 3
458 459 3
459 460 3
348 406 3
349 407 3
353 411 3
354 411 3
357 416 3
365 423 3
366 424 3
367 425 3
427 428 3
372 430 3
406 407 3
410 411 3
411 412 0
355 413 1
357 415 3
416 417 0
423 424 3
424 425 3
429 430 3
379 436 3
407 408 3
409 410 3
413 414 3
415 416 3
425 426 3
428 429 3
372 431 3
414 415 3
373 431 3
433 434 3
435 436 3
454 455 3
412 413 3
421 422 3
422 423 3
430 431 3
439 497 2
382 497 0
457 458 3
417 475 1
436 494 3
460 520 3
404 520 3
432 433 3
379 494 2
437 496 3
463 520 3
431 432 3
416 475 3
360 476 3
417 476 1
419 476 3
460 518 1
439 496 3
443 503 3
445 511 3
518 520 0
511 570 3
454 511 3
459 518 1
420 478 3
328 443 3
445 503 3
419 478 3
432 490 3
433 490 3
437 494 2
411 469 0
435 494 3
413 472 3
414 472 3
423 481 3
494 495 3
437 495 2
495 496 3
496 497 3
456 572 2
458 574 3
459 574 3
412 469 3
422 479 3
422 481 3
426 484 3
455 514 3
456 514 3
407 465 3
408 465 3
408 466 3
410 468 3
411 468 3
416 474 3
421 479 3
429 487 3
430 487 3
435 493 2
493 494 3
455 513 3
409 466 3
474 475 3
424 481 3
425 484 3
454 513 3
406 464 3
412 470 3
415 473 3
419 477 3
420 479 3
479 481 3
424 482 3
425 483 3
427 486 3
428 486 3
428 487 3
513 570 3
514 572 0
464 465 3
409 468 3
413 470 3
415 472 3
473 474 3
475 476 3
477 478 3
478 479 3
481 482 3
424 483 3
483 484 3
465 466 3
469 470 1
472 473 3
503 570 3
463 521 3
468 469 0
482 483 3
434 493 2
443 501 3
443 570 3
457 573 3
458 573 3
520 521 3
513 514 3
476 477 3
497 499 3
503 511 3
486 487 3
487 546 2
430 546 2
431 546 2
572 573 3
573 574 3
470 528 3
426 486 3
433 492 1
434 492 1
470 472 3
492 493 0
472 531 3
518 574 0
409 526 3
468 526 3
473 531 3
431 547 2
431 490 3
409 525 2
479 539 3
481 539 3
490 547 3
494 552 3
466 525 3
525 526 3
474 531 3
490 492 1
495 552 3
466 523 3
426 543 1
486 543 1
486 544 1
490 548 3
465 523 3
466 524 3
483 541 3
484 543 1
496 554 3
497 556 1
547 548 3
492 548 3
493 551 3
497 554 3
499 556 1
518 519 0
519 520 3
482 541 3
543 544 0
492 551 0
495 554 3
497 555 3
499 557 3
520 637 3
521 637 3
472 530 3
479 536 2
479 538 2
481 540 2
482 540 2
546 547 3
524 525 3
530 531 3
478 536 2
479 537 2
538 539 3
519 637 3
464 522 0
469 527 1
474 532 3
475 533 3
536 537 3
537 538 3
484 542 1
487 544 1
487 545 2
493 552 3
555 556 1
499 558 3
500 558 3
522 523 1
526 527 3
531 532 3
532 533 3
476 534 3
539 540 1
542 543 2
545 546 3
554 555 3
501 558 3
476 533 3
477 534 3
477 536 2
540 541 0
484 541 3
544 545 0
551 552 3
469 528 1
470 530 3
552 554 3
513 571 3
519 574 3
523 524 3
527 528 3
533 534 3
541 542 1
557 558 3
570 571 3
534 536 3
470 529 3
529 530 3
550 551 3
513 572 3
528 529 3
492 550 3
571 572 3
552 611 1
552 610 3
551 610 3
554 611 1
556 557 0
532 590 0
548 605 3
533 590 0
533 591 0
534 591 0
534 593 0
547 605 3
531 589 0
532 589 0
539 597 2
540 597 0
555 613 3
556 613 3
443 686 1
536 593 2
527 586 0
529 587 2
530 587 2
591 592 3
534 592 0
538 597 2
545 603 3
546 603 2
570 686 1
524 582 0
525 582 0
528 586 0
528 587 2
590 591 3
592 593 3
536 594 2
537 595 2
538 596 2
543 601 0
544 601 0
554 613 2
536 595 2
538 595 2
596 597 3
541 600 1
542 600 1
542 601 0
544 603 0
550 609 3
551 609 3
556 614 2
522 580 0
523 581 2
525 583 0
527 585 0
589 590 3
595 596 3
540 598 0
541 598 3
548 607 3
492 607 2
558 562 3
580 581 1
581 582 1
526 585 0
585 586 2
586 587 1
530 588 0
531 588 0
550 607 3
550 608 3
501 562 3
582 583 2
526 583 0
593 594 3
594 595 3
600 601 0
546 605 3
608 609 3
610 611 2
613 614 3
443 623 1
571 686 1
583 585 3
587 588 0
597 598 3
544 602 0
602 603 0
603 662 3
609 610 3
557 562 3
588 589 3
601 602 2
607 608 3
562 617 1
571 687 1
502 562 3
501 502 3
686 687 3
603 605 3
598 600 1
605 662 3
605 607 3
556 562 0
562 620 1
562 614 1
443 566 3
566 686 1
572 574 3
574 690 1
611 613 0
566 625 1
519 690 1
589 647 3
598 657 3
600 657 0
572 690 1
588 647 2
605 664 3
611 728 3
613 728 1
583 642 3
587 646 2
588 646 2
605 663 3
607 664 3
634 637 3
585 642 3
566 683 1
519 634 3
662 663 3
562 619 1
566 623 1
625 683 3
646 647 3
591 650 3
610 669 3
611 669 3
443 502 3
586 645 0
587 645 2
590 648 3
592 650 3
595 653 3
596 654 3
608 666 3
586 644 0
591 648 3
591 649 3
593 651 3
607 666 3
644 645 3
598 656 3
608 667 3
609 667 3
580 638 1
581 638 1
645 646 3
593 652 3
594 652 3
594 653 2
595 654 3
597 655 1
600 658 0
601 659 0
602 660 3
602 661 3
603 661 2
609 668 3
610 668 3
583 641 3
586 643 2
648 649 3
649 650 3
593 650 3
653 654 3
654 655 0
655 656 0
656 657 3
658 659 3
659 660 1
660 661 3
661 662 3
663 664 3
668 669 3
581 583 1
585 643 3
643 644 3
589 648 3
652 653 1
664 666 3
581 640 1
666 667 3
630 690 1
519 630 3
651 652 3
657 658 3
583 640 3
640 641 3
642 643 3
647 648 3
641 642 3
669 728 3
562 613 1
650 651 3
667 668 3
562 728 1
581 697 1
640 697 3
638 697 2
571 688 1
664 723 1
666 723 1
562 678 1
668 727 3
669 727 3
642 700 3
572 688 1
630 634 3
643 700 3
650 708 1
651 708 1
653 711 1
666 724 3
667 724 3
641 699 2
651 709 1
652 711 1
664 722 3
562 788 1
566 741 1
640 699 3
643 701 3
649 708 3
652 709 1
660 718 3
663 721 3
663 722 3
728 788 3
697 699 3
642 699 3
700 701 3
643 702 3
645 703 3
708 709 3
657 716 1
658 716 1
659 717 1
661 718 3
644 702 3
709 710 3
652 710 1
657 715 1
658 717 1
717 718 0
661 719 3
662 719 3
517 687 1
577 630 3
577 634 3
638 696 2
699 700 3
701 702 3
646 703 3
646 704 3
648 706 2
649 706 2
654 712 3
655 712 1
655 713 1
656 714 1
656 715 1
715 716 3
716 717 3
662 778 3
662 721 3
722 723 1
667 725 3
668 726 3
562 848 1
517 686 1
577 751 1
696 697 3
644 703 3
647 706 2
653 712 3
713 714 3
725 726 1
726 727 3
502 848 1
697 698 3
698 699 3
646 705 2
710 711 2
711 712 0
714 715 3
718 719 3
719 778 3
721 778 3
723 724 0
724 725 3
704 705 3
647 705 2
702 703 3
703 704 3
721 722 3
502 566 3
706 708 3
712 713 3
517 571 3
703 762 3
705 706 3
788 848 1
727 785 2
704 762 3
708 767 3
669 785 2
572 630 3
706 765 3
708 765 3
630 978 3
572 978 3
696 755 3
697 755 3
718 777 3
719 777 3
728 785 2
688 978 0
709 767 3
571 978 3
705 762 3
699 757 3
700 757 3
702 759 3
765 767 3
716 774 3
717 774 3
728 787 3
701 759 3
766 767 3
717 776 3
718 776 1
776 777 0
721 780 1
722 780 1
566 799 1
700 759 3
703 761 3
761 762 3
706 764 3
765 766 3
713 771 3
714 771 3
714 773 3
715 773 3
716 773 3
721 779 1
726 784 3
696 754 3
764 765 3
710 769 3
711 769 0
712 771 2
778 779 3
779 780 3
723 780 1
723 781 1
724 782 1
725 783 3
727 784 3
787 788 3
517 978 3
754 755 3
702 760 2
703 760 2
780 781 1
781 782 2
782 783 2
783 784 1
699 755 3
705 763 3
705 764 3
712 769 0
757 759 3
760 761 1
710 767 3
712 828 2
630 979 3
762 763 3
771 828 3
566 628 3
978 979 3
699 756 3
767 769 3
773 774 3
784 785 3
755 756 3
756 757 3
763 764 3
774 776 3
628 686 1
517 628 3
759 760 0
769 828 3
777 778 2
787 844 3
728 844 1
771 773 3
785 844 2
767 826 3
769 826 3
787 845 3
773 832 3
774 832 3
773 831 3
759 817 1
760 817 1
765 823 3
771 831 3
776 834 3
777 835 2
759 816 1
766 823 3
778 836 3
779 836 3
755 813 3
756 813 3
757 816 1
769 827 1
778 835 2
779 837 1
827 828 0
788 846 3
502 507 3
507 566 3
628 977 1
517 977 1
761 820 3
771 829 3
831 832 3
780 837 1
787 846 3
846 848 2
754 813 3
756 815 1
757 815 1
762 820 3
828 829 3
754 812 0
816 817 3
771 830 3
780 838 1
781 839 3
782 840 1
783 841 1
784 842 1
785 843 2
812 813 1
815 816 3
764 822 0
765 822 0
830 831 3
774 833 3
776 833 3
776 835 0
835 836 1
837 838 1
838 839 3
840 841 0
841 842 3
842 843 1
843 844 3
756 814 1
761 817 1
763 822 0
829 830 3
836 837 1
839 840 3
814 815 3
763 820 0
763 879 0
822 823 1
766 826 3
826 827 3
820 879 3
766 824 3
834 835 0
845 846 3
813 814 1
817 875 0
761 877 3
822 879 1
824 826 3
832 833 3
844 845 3
820 877 3
833 834 3
848 905 2
920 978 3
817 877 0
823 824 3
517 920 3
845 903 3
846 903 3
920 979 3
577 979 3
846 905 3
813 870 0
507 628 3
812 870 3
826 883 2
824 883 3
826 884 2
835 893 1
827 884 3
820 878 3
822 880 1
823 880 3
903 904 3
846 904 3
920 977 1
577 927 1
877 878 3
828 886 1
875 876 3
827 886 2
829 886 1
831 889 3
816 874 3
878 879 3
883 884 3
829 887 1
830 887 1
830 889 3
833 890 3
838 895 0
815 874 3
817 874 3
879 880 3
832 890 3
837 895 3
844 903 3
870 871 1
813 871 2
814 872 3
815 873 3
875 877 3
827 885 2
832 889 3
833 891 3
834 891 3
834 893 3
836 894 2
838 896 3
839 897 3
840 898 3
841 899 1
842 900 1
843 901 3
871 872 1
815 872 3
876 877 3
823 881 3
884 885 1
885 886 3
889 890 3
893 894 3
894 895 3
896 897 3
897 898 3
898 899 3
899 900 3
900 901 3
844 901 3
844 902 3
874 875 0
880 881 3
824 881 3
895 896 1
901 902 3
902 903 3
904 905 3
502 905 1
872 873 3
886 887 0
873 874 3
890 891 3
905 906 3
502 906 1
824 940 3
883 940 2
881 940 3
887 889 3
891 893 3
502 964 1
502 1024 1
887 946 3
905 964 3
964 1024 3
889 946 3
875 933 1
874 933 3
876 933 3
883 941 3
884 941 3
979 1036 1
878 936 3
879 936 3
905 962 3
920 1036 1
577 1036 1
877 936 3
879 937 3
904 962 3
872 930 3
933 934 3
876 934 2
940 941 0
890 948 3
904 961 3
871 930 2
877 935 3
936 937 3
880 937 3
881 939 3
886 945 0
887 945 3
891 948 3
891 950 1
903 961 3
870 928 0
871 929 2
876 935 3
880 938 3
880 939 3
939 940 3
884 942 3
885 943 0
886 944 0
889 947 3
891 949 3
893 950 1
893 951 1
894 952 1
895 953 3
896 954 3
897 955 3
898 956 3
899 957 3
900 958 3
901 959 3
902 960 3
507 966 1
928 929 3
929 930 3
935 936 3
937 938 3
942 943 3
943 944 3
944 945 3
946 947 3
947 948 3
948 949 3
950 951 3
951 952 3
952 953 0
953 954 1
954 955 3
955 956 3
956 957 3
957 958 3
958 959 3
959 960 3
960 961 3
961 962 3
507 1024 1
873 931 3
874 931 3
938 939 3
941 942 3
945 946 3
949 950 1
873 930 3
934 935 1
905 1021 3
962 1021 3
964 1021 3
930 931 3
931 933 3
507 964 1
933 990 3
936 994 3
931 990 3
935 993 3
935 994 3
938 997 3
939 997 3
962 1020 3
977 1031 1
934 992 3
935 992 0
993 994 3
961 1020 3
628 1031 1
933 991 3
934 991 3
930 988 3
937 994 3
937 995 3
938 996 3
940 998 3
941 998 1
929 988 3
931 988 3
931 989 3
990 991 3
994 995 3
938 995 3
996 997 3
940 997 3
928 986 3
929 987 3
997 998 3
941 999 0
942 1000 2
943 1001 2
944 1002 2
945 1003 1
946 1004 0
947 1005 1
948 1006 3
949 1007 3
950 1008 0
951 1009 0
952 1010 1
953 1011 0
954 1012 1
955 1013 0
956 1014 0
957 1015 0
958 1016 0
959 1017 0
960 1018 1
961 1019 3
986 987 3
987 988 3
988 989 3
992 993 1
995 996 3
998 999 0
999 1000 1
1000 1001 3
1001 1002 3
1002 1003 1
1003 1004 0
1004 1005 1
1005 1006 0
1006 1007 3
1007 1008 1
1008 1009 3
1009 1010 0
1010 1011 0
1011 1012 1
1012 1013 0
1013 1014 0
1014 1015 3
1015 1016 3
1016 1017 1
1017 1018 1
1018 1019 0
1019 1020 3
991 992 3
1020 1021 3
989 990 3
