0.0112132 -0.970598 36.1273
0.187697 -0.153533 14.8503
0 0.0376184 29.8592
0 -0.973905 37.3907
0.0982069 -0.0248699 18.2479
0.098208 -0.0249709 18.2511
0.0838863 -0.0419538 20.4921
0.0614133 -0.0635493 24.1437
0.0510853 -0.0785257 26.0765
-0.0686502 0.186751 37.9202
-0.043929 0.159233 32.6721
-0.0315813 0.101663 30.7437
-0.0178559 0.0398555 27.635
-0.012162 -0.112109 28.3607
-0.00924475 -0.125314 27.2746
0.274249 -0.19379 -65.0162
0.268391 0.0563014 -64.2645
-0.0468815 0.0372489 33.6119
-0.068034 0.00387376 42.9575
-0.112081 0.008906 60.7913
-0.107395 0.107564 56.7082
-0.0845183 0.025216 47.7435
-0.0404039 -0.0115651 27.2528
0.00371822 0.518257 2.23019
0.0213882 0.0286349 4.00106
0.0204489 0.0427334 4.46043
0.0792936 -0.0889461 -36.9917
0.144557 -0.152999 -74.6457
0.17556 -0.142172 -92.7921
0.0352573 -0.0168529 -15.5008
0.0641389 0.297749 -29.5501
0.0410469 0.0541538 -3.99032
0.0361098 0.0222713 -18.6226
-0.0119537 0.0140841 16.4449
-0.0317231 0.0155891 31.1162
-0.043961 -0.00301574 41.5224
-0.0515058 -0.0062311 47.4017
-0.0582233 -0.000266203 52.7133
-0.0257097 -0.200957 32.4842
0 -0.220542 11.0537
0.0321982 -0.204833 -16.9539
-0.00237591 -0.202722 12.9523
-0.030008 -0.177816 38.3934
0.0033616 -0.114636 7.47689
0.0344658 -0.143599 -22.3614
0 -0.100328 10.5645
0 -0.131731 10.8748
0 -0.110813 10.575
0.00488248 -0.107322 5.462
0 -0.110813 10.575
0 -0.156943 10.7312
0.26626 -0.253922 -191.409
0.00834447 -0.220586 1.62978
0.000215065 -0.605584 17.2832
0.194305 0.000684626 -101.773
0.476465 -0.00015178 -372.464
0.506073 -0.020889 -408.025
0 0.0803471 200.18
1.56112e-15 0.115981 25.563
1.56112e-15 0.115981 25.563
0.105894 -0.0379522 44.5592
0.100005 -0.0489176 45.3393
0.0944425 -0.051266 45.9172
0.0767624 -0.0111695 20.5442
0.0480944 -0.0527006 25.9381
0.0346162 -0.070364 28.7088
-0.028985 -0.0918096 41.035
-0.0845071 0.097229 44.6175
0.0849875 -0.0879029 14.5338
-0.1419 0.471334 49.3972
-0.0471196 -0.227121 42.0487
-0.0501445 -0.15666 40.7202
0.00157054 -0.140693 23.2848
-0.010639 -0.11458 27.1234
-0.0746331 -0.0176378 45.7579
-0.0374147 0.0103103 30.7724
-0.0457409 -0.00797996 35.323
-0.102829 0.0223787 56.4567
-0.0983312 2.48776e-05 54.6882
-0.0494771 -0.0128739 32.0861
-0.0510621 -0.00103502 31.5994
0.112036 -0.0231978 -49.5846
0.0668515 0.0309522 -27.0833
0.0163231 -0.0557408 -3.15918
0.00390157 -0.0563719 3.71348
0.0822403 -0.144697 -36.9787
-0.0120496 -0.227734 24.4324
0.0584788 0.00824432 -31.469
0.020662 0.00704206 -6.39238
0.187013 -0.177383 -108.807
0.0147389 0.022938 -3.2096
-0.00727961 0.0207807 12.9552
-0.0299155 0.0259732 29.4667
-0.0455098 0.00258789 42.5702
-0.0517196 -0.000863981 47.4798
-0.019243 -0.0383048 27.0104
-0.0207257 -0.0431704 28.6614
-0.0196501 -0.0397939 28.1722
0 -0.0150339 10.6217
0.00401143 -0.0253506 7.43094
0.00231379 -0.0247914 8.82737
0.000668854 -0.0199154 10.2137
0.000334817 -0.0266306 10.7165
0.00510487 -0.0110626 5.47846
-0.0148187 -0.0122391 25.4251
0.0118614 -0.0209362 -1.26751
0.159968 0.101029 -78.0616
-0.146331 -0.0887023 242.252
0.0330398 0.265564 41.6443
0.196439 0.254346 -126.23
0.571478 -0.220635 -552.487
0.220591 -0.272328 -149.599
0.155439 -0.338506 -48.8392
0.498433 0.2078 -403.037
-0.0777265 0.127004 208.28
0 0.178587 111.755
1.92087e-14 0.0564867 51.1557
1.92087e-14 0.0564867 51.1557
-0.0158227 -0.00420029 40.924
-0.00406445 0.2223 17.1835
-0.233041 1.16566 -21.5002
0.0887978 0.154087 -1.17676
0.0857694 0.177662 -2.15759
-0.040898 -0.0470932 39.3483
-0.0590283 -0.736122 86.788
-0.0220462 -0.084802 38.6883
0.00998337 -0.0872463 31.8363
0.0510413 -0.128631 25.2381
-0.0516782 -0.236832 44.1527
-0.0549774 -0.208123 42.6511
-0.00361092 -0.0314916 19.1273
0.0129383 -0.0849778 17.2643
-0.00821919 -0.0824495 24.3394
-0.0329858 -0.0323957 31.183
-0.0288116 -0.0229333 29.1205
-0.104352 -0.0249223 59.6945
-0.117912 -0.0155119 64.1379
-0.0873707 -0.0217995 50.6131
0.149433 -0.173917 -53.392
0.00898897 0.000628812 2.71386
0.156856 0.00742094 -73.7191
0.0185231 0.0435474 5.43322
-0.0244956 0.0141165 17.6304
-0.214511 -0.0267109 136.858
-0.0171758 0.0289402 12.3432
0.0243122 -0.0359455 -6.67029
0.386622 -0.0186786 -240.927
-0.247641 0.29622 162.524
0.0126471 0.544206 -28.1861
0.217638 0.193121 -156.71
-0.493372 0.048869 374.931
0.00919281 0.0209296 1.24758
-0.0356512 0.013646 34.0877
-0.0501711 0.00540258 46.06
-0.0550174 -0.0054302 50.1955
-0.0190351 -0.0133086 20.1223
-0.0173111 0.00133913 18.4987
-0.0484483 -0.00916141 44.8873
0.006141 0.00268127 -4.31106
0.00671359 -0.00443834 -4.18014
0.0188773 0.00611839 -16.296
0.0140008 0.0114735 -11.4512
-0.0181123 0.0107335 23.8199
-0.0205185 0.0105632 26.6807
-0.0507618 -0.07395 146.288
0.0364007 -0.0820457 54.458
0.186167 -0.138781 -106.365
0.201179 -0.137431 -122.745
0.486447 0.118543 -467.263
-0.0947502 0.12848 197.979
0.219067 -0.0482368 -130.466
-0.240992 0.133764 487.973
0.257985 -0.367783 -174.706
-0.125894 0.0370834 279.198
-0.0636483 0.0268798 40.7762
-0.0543765 0.0118892 41.6191
-0.026612 -0.00680236 41.7634
-0.0633277 -0.0425767 47.1708
-0.0791486 0.295898 18.7928
-0.0778397 0.178658 27.6311
-0.0636874 -0.00407531 40.2871
-0.0865552 0.00330773 43.3044
-0.0438945 -0.0557092 39.8597
2.04168e-05 -0.103246 35.4335
-0.00562475 -0.113625 36.6889
-0.0271445 -0.2392 37.82
-0.0264195 -0.187341 33.5616
-0.0105497 -0.0374093 23.298
-0.0379091 -0.00795838 28.9881
0.0107469 -0.0325285 14.3781
-0.0220083 -0.0646015 28.3634
-0.0226091 -0.0520673 28.3411
-0.0465717 -0.0335481 36.6658
-0.0750862 -0.0955859 52.7601
-0.109166 -0.0678537 64.1274
-0.0707092 -0.050473 44.5975
-0.0234487 -0.027623 19.2269
0.0722091 -0.044466 -27.3404
0.0520287 -0.02896 -15.7929
-0.390654 0.0538876 217.576
0.024616 -0.0338794 -6.84902
0.0484405 -0.0160895 -22.1665
0.0347945 -0.0298963 -12.8283
0.0949326 -0.026824 -50.7802
0.0471979 0.093832 -29.6162
0.0150426 0.0257239 -2.45133
0.0157035 0.0714247 -7.2545
0.0106893 0.0805276 -5.29223
0.00845741 0.0897924 -4.53958
0.00837642 0.0832986 -3.86227
-0.0646906 -0.111553 66.9412
0.0097903 0.000760025 -6.21236
-0.062764 -0.0324956 58.9858
0.00610018 -0.00147691 -3.03508
0.00606994 0.0139747 -4.11708
-0.00285126 -0.00412011 4.55663
-0.0113911 0.104585 4.54685
0.0151917 0.0472117 -16.2
-0.00318196 0.0922037 -2.03356
0.019167 0.0627228 -21.8318
-0.00383025 0.097243 -1.60545
0.291236 -0.160121 -278.981
-0.161172 -0.093737 183.993
0.0326771 -0.0163025 -13.079
-0.00301732 -0.165787 37.6321
0.146094 0.228125 -78.8961
0.192858 0.231487 -138.893
-0.102192 0.129383 206.457
-0.00774758 -0.155381 42.6227
-0.0777138 -0.299753 337.517
0.353602 -0.0198501 -313.689
-0.0140511 -0.0159325 135.509
-0.076441 0.0247548 41.1785
-0.0762746 0.0166088 41.9217
-0.0544092 0.00700894 42.0394
-0.0601558 -0.0168437 44.8318
-0.0979542 -0.0261416 48.5983
-0.114272 -0.0365283 50.6707
-0.0701224 -0.0168744 42.82
-0.0690432 0.0236115 39.0179
-0.114677 0.012216 47.8257
-0.0403508 -0.116237 44.5242
-0.0828346 -0.121396 54.2998
-0.0967916 -0.0282556 47.4015
-0.0589264 -0.00846807 35.7663
-0.0493758 0.00359015 31.436
-0.0603589 0.0146987 33.6563
-0.0288351 -0.0463048 29.7571
-0.0453908 -0.0559245 36.2091
0.0597904 -0.523396 37.4092
-0.00289179 -0.417314 52.7229
-0.0829295 -0.230598 66.7656
-0.100778 -0.0806731 60.8926
-0.0705885 -0.0410194 42.9494
-0.0222557 -0.014067 15.6643
0.0658677 -0.0418451 -24.5572
0.0275473 -0.060738 -2.30246
-0.0335813 -0.0422378 27.8252
0.011061 -0.0125417 -0.34547
0.00418193 -0.0256557 4.82989
0.0495827 -0.0501259 -19.7232
0.0403984 -0.0649269 -13.8875
0.039456 -0.00819331 -16.7679
-0.00121841 -0.410528 46.7358
0.0829533 -0.104465 -40.8977
0.00271524 0.00608189 6.63188
-0.0312124 0.0344738 29.899
-0.042387 0.0341705 38.8128
-0.0474386 0.00503164 43.3657
-0.0415724 0.00738285 39.2983
-0.0635637 -0.0198784 58.4616
0.134165 -0.0226683 -110.851
-0.0626594 0.112964 47.4737
-0.560603 0.0232143 496.094
0.0228249 0.0122708 -20.7957
0.0297509 0.0127137 -27.1625
0.00965204 0.0156605 -9.44098
0.0112951 0.0205032 -11.408
0.0117929 0.0414729 -13.6824
-0.0167251 0.013659 22.3607
0.0291779 0.00588219 -24.6979
0.0215871 -0.0208443 -0.733851
0.0362002 0.2909 -46.9192
0.0429576 0.116038 -36.2786
0.205766 0.148235 -145.808
0.000335177 0.299525 71.8932
-0.0292286 0.2902 107.622
0.0920848 -0.00100548 109.005
-0.00430837 0.350124 73.1988
-0.00430837 0.350124 73.1988
-0.0781413 0.00940058 42.9779
-0.0845694 0.00292606 44.114
-0.0910473 -0.0232715 47.6432
-0.0788353 -0.0209462 46.5308
-0.114886 -0.052943 54.2773
-0.115356 -0.0404871 51.204
-0.0751594 -0.0304651 44.9525
-0.0278182 -0.00590877 35.5858
-0.0503781 0.0174496 37.6031
-0.0718908 -0.111852 51.1978
-0.064204 -0.0918393 46.3512
-0.0486582 -0.0240581 35.0373
-0.0519049 0.000132677 33.2982
-0.0718053 0.0153281 36.9333
-0.581865 -0.07789 204.047
-0.0383151 -0.0271625 23.5816
-0.0345864 -0.0122062 20.3369
0.0137663 0.0386902 -3.35729
0.0233781 0.0471435 -7.76422
-0.0219095 0.00826754 15.6777
-0.0342377 -0.017859 23.9892
-0.0863784 -0.00117446 46.0036
-0.0387968 0.0174441 20.4822
0.0309393 -0.0270626 -8.73235
0.0156073 -0.0340699 1.11883
-0.0186352 -0.0403815 18.3056
0.00222331 -0.0372167 6.4769
0.0116202 -0.0649008 4.58607
0.00047907 -0.0569409 9.72316
0.0384657 -0.0743188 -11.426
0.0130521 -0.0711463 5.07094
-0.00644044 -0.0763289 18.0763
0.0185227 -0.0746217 0.822723
0.0496041 0.0832333 -33.9442
-0.106688 0.0674364 84.3587
-0.0845398 0.0490802 68.9785
-0.0457849 -0.0018775 43.5185
-0.0890192 -0.0941909 88.4383
0.0186702 0.00245451 -14.8122
0.0136056 0.000969701 -9.26312
0 0 -1
0.0356355 0.0144729 -33.0836
0.0218978 0.00434629 -18.793
0.0412082 0.0177299 -38.5543
0.0327091 0.0103857 -29.4869
0.0467209 0.0206609 -45.1084
0.0524224 0.0247017 -51.1629
0.0671941 0.0449304 -69.3732
0.0764279 0.0466132 -78.8449
0.0310141 0.201285 -48.8484
-0.00799304 0.208686 -7.83311
-0.000228977 0.219982 -17.5578
0.000291727 0.198392 -15.831
-0.0116172 0.237936 -6.43103
0.115464 0.0482581 -62.4869
0.116064 0.0504133 -63.4721
0.0361183 0.0476627 32.0943
0.0361183 0.0476627 32.0943
-0.0815019 -0.00774664 45.2097
-0.0826249 -0.0148549 46.249
-0.0953858 -0.0304723 48.8229
-0.0717445 -0.0293603 46.8092
-0.167273 -0.025827 55.3958
-0.14004 -0.0275977 52.0592
-0.0792748 -0.034244 46.1915
-0.0539848 0.0591599 15.4137
-0.0472473 -0.0147694 24.5124
-0.0328378 -0.033811 32.0292
-0.0251884 -0.0404666 31.3031
0.0293058 -0.0323397 9.96593
-0.046939 -0.018618 34.4948
-0.0517901 -0.00771532 34.3471
-0.0222323 0.0714651 5.078
-0.0185519 0.0713134 4.10415
-0.0294006 0.0347678 12.1711
0.0211872 0.0560369 -8.37262
-0.000705274 0.0325917 4.05385
-0.0214152 0.0150445 14.9042
-0.0356356 -0.00112711 23.7779
-0.0912755 0.00904738 47.4802
-0.0340901 0.0115808 18.8331
0.0156728 -0.00402273 -3.78785
-0.0099252 -0.0204632 12.4176
-0.0106912 -0.0180708 11.7071
-0.0204563 -0.0348451 19.0444
-0.00126172 -0.0343998 8.06234
0.00349394 -0.0436006 6.02982
0.0246409 -0.0678249 -4.01992
0.0141446 -0.0618302 2.74843
0.00353277 -0.0809061 11.533
0.0255347 -0.0690125 -4.4043
-0.0535639 -0.066239 51.2492
-0.131436 0.0550821 104.473
-0.0260524 -0.105826 39.2428
-0.0253651 -0.0659622 32.5884
-0.0160585 -0.0910779 29.3398
0.0257257 0.0099702 -22.8954
0.010514 0.00488285 -8.60698
0.0334811 0.0116916 -31.0858
0.265571 0.0199948 -236.045
0.00481475 -0.103587 11.7683
0.0335455 0.0085987 -30.4811
0.137768 0.000691877 -128.733
0.0551563 -0.0722464 -39.522
0.0204725 0.082648 -28.5271
0 0.0934138 -9.53176
0.0408312 0.0295478 -39.2457
-0.0219095 0.0267168 26.8987
-0.0312708 0.0274743 36.1137
-0.0170786 0.0123921 22.3622
-0.0309377 0.0104384 39.015
-0.0323758 0.0148267 40.3514
-0.0237853 0.00731138 30.669
0.177027 -4.08204 401.478
-0.0291528 0.00699192 37.1758
-0.0282325 0.0060572 36.1698
-0.0815837 -0.0195365 46.948
-0.0838406 -0.0178703 46.738
-0.0894987 -0.00840169 45.4441
-0.0688774 -0.00851 43.019
-0.115408 -0.0135886 49.1458
-0.160528 -0.0145648 53.0454
0.0249011 0.0672433 9.29939
-0.0612355 0.0925758 17.7526
-0.0393701 0.0528523 20.1852
-0.0587223 0.035377 26.7567
-0.0490266 0.0303552 25.9772
0.023641 0.00594989 5.47785
0.10485 0.111591 -30.7438
-0.067934 -0.0152789 39.166
-0.0379402 0.135348 0.95439
-0.0393344 0.11959 4.27776
-0.0236956 0.10963 0.189803
-0.00678416 0.0718891 0.043173
-0.0350507 0.0321966 17.7354
-0.0334084 0.0117018 20.5079
-0.0206919 0.00937476 15.5687
-0.0711862 0.00275364 38.7195
-0.0534067 0.0225202 26.5835
-0.00841191 0.0148969 5.48754
-8.41187e-05 0.000484052 4.00329
0.0099079 0.0350672 -7.45165
0.0146853 0.0236732 -9.56727
-0.0287277 0.0424025 12.1273
-0.0144095 0.00297031 9.92846
-0.00521702 -0.0206999 7.99289
0.00790665 -0.0331912 1.68622
0.00298731 -0.070684 10.6922
0 0 -1
-0.0310354 -0.0542711 32.5649
-0.16838 0.0325803 136.054
-0.0130221 0.0136668 8.41766
0.00219156 -0.068868 11.9313
0.0172871 0.00287517 -13.6276
-0.0144096 -0.0173757 16.1645
0.0416769 0.0191501 -39.1319
-0.0376467 -0.289708 79.4312
-0.129165 -0.408363 178.768
0.017223 0.00651888 -14.9604
0.0349803 0.0144672 -32.7867
0.0248292 -0.00649861 -19.921
0.0282408 0.00577499 -24.5723
0.0408217 0.00447007 -36.9013
0.0723268 0.00456261 -67.6726
0.0300812 0.0171004 -26.421
-0.0063883 0.0324697 9.93258
-0.0619965 0.0293953 69.6474
-0.00725126 -0.00616795 14.6724
-0.0208547 0.0122043 27.5833
-0.0423342 0.00126322 54.1933
-0.0385462 0.0111632 47.885
-0.0105579 0.98961 -136.943
0.954901 -0.0602983 -1138.09
-0.0304157 0.00489348 38.9612
-0.0774518 -0.0243237 47.6694
-0.0722437 -0.0258161 47.7558
-0.0568806 0.0293566 36.7962
-0.0790452 0.0592947 32.3886
-0.10184 0.0278087 40.5879
-0.0457918 0.0367827 22.201
-0.076472 0.163025 7.97853
-0.0972406 0.16337 11.0327
-0.0460038 0.106866 12.077
-0.045214 0.113887 10.5439
-0.0659949 0.0889813 19.8808
-0.0729803 0.0734668 24.0504
-0.0634811 0.00862622 33.7314
-0.0737441 0.0127966 35.9748
-0.0882903 0.0796739 28.2278
-0.0624626 0.122129 12.3359
-0.0754899 0.116892 17.5094
-0.0478462 0.0617118 17.6308
-0.0480922 0.0403944 21.4345
-0.0551932 0.0348933 25.3479
-0.0565083 0.0203507 28.6525
-0.0685728 0.0150506 35.793
-0.061266 0.0121838 32.601
-0.00773532 0.0301975 2.66455
0.0189907 0.15075 -32.5894
0.0331565 0.178308 -45.5649
0.0120279 0.111156 -20.9907
0.100275 0.203004 -88.5609
0.0207136 0.0339283 -6.5018
0.0124396 0.251984 -50.8746
-0.0157411 0.113465 -7.49784
-0.0281926 0.169101 -9.04386
0.0131586 0.0477064 -15.9766
0.0061346 0.0870879 -18.0853
-0.00722747 0.116701 -13.5209
0.00396559 0.00544554 -2.51246
0.00212755 -0.00969225 1.44598
0.0141852 0.00596698 -11.789
0.0107776 0.00392612 -8.07981
0.0434105 0.0163503 -40.6455
0.00830116 0.00200435 -6.13842
0.010287 0.00446636 -8.47452
0.0513903 0.0141142 -48.365
0.010019 8.09485e-07 -6.34777
0.0452734 -0.0121612 -38.5918
0.0364158 -0.0280884 -26.937
0.0785821 -0.0240193 -69.0083
0.0490947 0.0177133 -46.1084
0.00775637 0.0586112 -9.14033
-0.0112805 -0.0392237 27.4229
-0.00180383 0.0693524 -1.66625
-0.0720121 0.0559248 76.567
0.0115315 0.507665 -95.0498
0.00551343 -0.0118082 1.98974
0.130009 -0.166172 -107.482
-0.0253085 -0.00436548 34.8361
-0.0273803 0.00124867 35.9215
-0.0280007 0.00493317 36.0095
0 1.11906 -196.16
-0.0744257 -0.0246064 47.2699
-0.00972371 0.0411402 32.3863
-0.0945514 0.128377 19.7716
-0.095895 0.0502157 35.4346
-0.102399 0.134702 18.9232
-0.0871834 0.125104 18.1643
-0.114995 0.200832 7.05243
-0.0775048 0.1648 7.25687
-0.0576856 0.106805 15.3521
-0.084226 0.102143 21.3968
-0.0856397 0.0708491 28.0848
-0.0843359 0.0197474 37.7808
-0.0785324 -0.0197893 42.8972
-0.07782 -0.212114 81.8288
-0.0490162 -0.225235 75.6804
-0.0402756 -0.132854 53.6249
-0.061264 -0.00595177 35.371
-0.128874 0.484888 -32.5909
-0.0694925 0.0538279 28.019
-0.292496 -0.11172 207.41
0.182649 -0.215519 13.3989
0.108866 0.0961675 -21.5574
0.0461824 0.332883 -83.3683
0.0394923 0.210644 -54.5638
0.0487487 0.211298 -60.6088
0.0444249 0.159124 -47.3382
0.0569546 0.135252 -50.0696
-0.00729749 0.105235 -4.73294
-0.0307887 0.272202 -25.9426
-0.044987 0.238696 -10.1922
-0.0577735 0.251128 -4.44444
-0.0234224 0.149048 -7.9119
0.0780925 0.213373 -93.4242
0.0919089 0.0311818 -60.429
-0.0304167 0.0369134 19.2585
-0.0104214 0.0151437 7.97284
-0.0250079 0.0398637 14.2065
0.0221448 0.0033835 -18.3738
0.0211874 0.00235176 -17.3156
-0.00105619 0.00633372 1.69045
-0.110144 0.160547 74.6909
0.179996 -0.168791 -123.207
0.17921 -0.0478525 -147.491
0.0108097 -0.00116048 -6.67998
0.00919638 -0.00943081 -3.97492
0.0205914 -0.0547664 -4.22439
0.0216846 -0.00414947 -16.0541
0.0360575 -0.0617215 -17.0114
-0.00734748 -0.0191966 17.6477
-0.00694275 -0.0131395 15.6332
-0.00199189 -0.00987437 9.77292
-0.0156261 -0.0123835 25.7422
-0.0126777 0.31656 -43.8811
-0.129529 -0.44273 257.95
-0.0132537 -0.00496717 20.5773
-0.00427443 0.271504 -43.9179
0 0.267471 -48.3087
0 0 -1
-0.0980773 -1.44321 353.708
0.439711 0.0240292 -9.30148
-0.118436 -0.00740018 33.8997
-0.147335 0.0663041 19.0445
-0.117178 0.147459 -2.92448
0.272711 0.0703279 -34.8765
-0.121157 -0.627981 184.522
-0.0187113 -0.100592 44.5195
-0.0184219 0.105324 -1.88066
-0.0356489 0.045856 14.7124
-0.0227427 0.174654 -18.525
-0.00357524 0.180535 -25.2727
-0.0166051 0.186276 -22.7246
0.0024313 0.201713 -32.3304
0.0274425 0.296541 -62.0673
-0.0188529 0.294173 -45.1436
-0.0317949 0.222374 -24.471
-0.033041 0.124573 -2.09238
-0.0279271 0.130466 -5.01381
0.179867 -0.0617889 -5.94117
-0.347894 -0.0597012 206.23
-0.149863 0.0542851 86.0842
-0.0368794 0.352154 -44.6943
-0.0281896 0.272173 -30.8329
-0.00664386 0.228261 -32.8175
0.0230036 0.13828 -30.1698
0.00760287 0.157994 -25.6764
0.0348643 0.161884 -43.6109
0.0330991 0.208863 -53.0334
0.0404463 0.289716 -75.6743
0.186179 0.144793 -139.47
0.0886437 0.805342 -229.508
0.222241 0.17122 -187.335
0.217174 0.273578 -206.544
-0.0196499 0.00749617 17.2047
-0.00742902 0.0056963 7.48016
0.10631 -0.0282583 -69.0035
-0.00184267 0.948162 -203.331
-0.030536 0.419685 -49.5856
-0.189372 0.261192 126.097
0 -0.0496094 31.4269
0.319288 0.309592 -343.935
0.0489075 0.049512 -36.5334
0.143222 0.0995682 -136.411
-0.0803835 0.134617 71.494
0.692645 0.12808 -695.23
0.0277361 0.052116 -24.9427
0.00955201 -0.00340509 -4.74369
0.132213 0.0244301 -129.665
-0.0129452 -0.00755517 21.022
-0.0267595 0.0344755 37.7323
0.0275698 0.0200738 -19.8345
0.00342237 0.251716 -52.8647
-0.0180427 -0.00376862 25.9739
-0.0104018 0.243023 -34.6333
0 0.254316 -49.5784
-0.0243978 0.00282764 32.0552
0.109954 0.48845 -104.748
0.00394519 0.140124 -11.9971
0.00801075 0.108172 -3.79362
-0.0604372 0.00935278 24.3773
-0.0869363 0.127144 -1.34215
-0.0442798 0.232881 -31.8869
-0.00486443 0.273313 -47.2677
0.00393589 0.256548 -44.1514
0.00993905 0.233489 -39.4364
0.0108803 0.182462 -27.4397
-0.0232329 0.138025 -9.22342
0.0680308 0.290457 -68.8219
-0.0134457 0.188964 -24.1611
-0.0110018 0.198839 -26.5294
-0.0374108 0.172567 -13.4504
0.0614757 0.352869 -86.3082
0.0235531 0.350189 -73.0106
0.19455 -0.313823 28.2798
-0.0281916 0.124959 -4.13773
-0.026421 0.12467 -4.80605
-0.0223643 0.123909 -6.34571
-0.0223643 0.123909 -6.34571
-0.162974 0.103701 80.4026
-0.163151 0.143131 70.0751
-0.0356993 0.220002 -14.2388
-0.0637152 0.210818 4.18623
-0.0248641 0.183574 -12.1333
-0.00909501 0.12708 -8.51389
0.027925 0.16551 -39.5073
0.069092 0.178176 -67.7899
0.068995 0.276786 -91.6321
0.103722 0.209317 -98.454
0.108363 0.191073 -96.7339
0.0922598 0.209511 -90.6739
0.31934 0.150584 -253.531
-0.000498678 0.12476 -5.75494
0.000258938 0.1172 -4.52106
-0.000378271 0.0440815 14.3011
-0.000378271 0.0440815 14.3011
-0.0337674 0.412372 -45.1088
0.0431099 -0.162632 50.2066
0.00478078 0.0733938 2.0769
-0.0287576 -0.0492441 63.8116
0 0.411762 -74.7272
0.0289704 0.124649 -32.0281
-0.0285945 0.0748933 35.8839
0.245443 0.00455729 -220.913
0.0260105 0.268843 -74.3871
0.0207745 0.226957 -58.695
-0.0230907 0.152913 3.82912
0.0116668 0.201803 -37.3901
0.0137445 0.705612 -169.198
0.119436 0.264468 -179.529
0.00246722 0.040573 6.59841
0.175649 -0.144099 -143.952
0 0.375776 -72.3915
0.293246 0.0599181 -266.974
0.0548844 0.340437 -130.699
0.0296316 0.227727 -36.5574
0.0257417 0.192287 -27.3402
0.0110792 0.188608 -25.0949
-0.0166277 0.21005 -28.7638
-0.026574 0.20244 -25.8524
-0.006405 0.249838 -40.678
-0.000489435 0.266931 -46.1638
0.0429239 0.326533 -68.3211
0.0541706 0.338943 -74.4621
0.0150221 0.493181 -109.103
0.0590122 0.519698 -126.102
0.067315 0.488711 -120.597
0.0465841 0.382081 -85.3259
-0.0205005 0.322275 -51.3113
-0.0594195 0.305981 -34.5893
0.407502 0.112703 -132.427
0.0452898 0.333931 -75.7418
0.0690613 0.153503 -35.318
0.0881339 0.119391 -33.0379
0.0817046 0.104675 -26.1374
0.0492471 0.0701572 -2.70383
0.0225503 0.027224 21.2238
-0.133246 0.146431 55.0133
-0.0919319 0.172662 26.4512
-0.0139288 0.209852 -23.4462
-0.0705367 0.209945 7.34441
-0.0932385 0.170858 29.737
0.0907823 0.262842 -95.5374
0.0673548 0.16039 -62.2325
0.0893454 0.151194 -73.6105
0.0289511 0.318304 -75.0463
0.0136602 0.258383 -49.1465
0.0931689 0.200197 -88.3649
0.0928462 0.245895 -100.565
0.152028 0.225239 -137.401
0.120634 0.0513961 -58.7976
0.000258938 0.1172 -4.52106
-0.00286323 0.322399 -55.6247
0 0.287915 -41.474
0.0669895 -0.151749 26.558
0.0499519 -0.153237 41.79
-0.00146522 -0.565079 182.66
-0.00146423 -0.56508 182.66
-0.00146322 -0.56508 182.659
-0.00146322 -0.56508 182.659
0.115438 0.364846 -173.72
0 0.455343 -93.8774
-0.205078 -0.0755965 255.667
-0.13106 -0.0626749 176.691
-0.249296 0.277203 208.829
-0.01025 0.13745 3.81025
0.156987 -0.0195344 -139.249
0.160791 0.0717027 -175.874
0 0.424043 -85.2154
-0.0087985 0.275148 -33.6623
-0.00717729 0.00519421 39.6289
-0.0255553 -0.0187632 68.3699
-0.0181634 -0.00864996 56.5141
0.0270286 0.231488 -37.4977
0.020777 0.226187 -35.7814
-0.000546333 0.211868 -30.9341
0.0189079 0.218745 -35.0411
0.0328119 0.260996 -47.814
0.0221901 0.276142 -50.6966
0.0548733 -0.3221 112.779
0.0290396 0.37419 -79.1097
0.0262641 0.36821 -76.015
0.0163099 0.491639 -108.624
0.0341596 0.493247 -112.121
-0.0026745 0.386029 -73.3213
0.00332759 0.352713 -65.8503
-0.0433822 0.367331 -56.3933
-0.164493 0.193292 34.6034
-0.0880866 0.351281 -38.7264
0.0100162 0.177737 -20.846
0.0509287 0.120141 -18.7232
0.0835025 0.10841 -27.8643
0.0598195 0.102864 -16.3078
0.0185813 0.0755422 9.38084
-0.0377829 0.0830627 32.425
-0.0136425 0.0694022 25.1069
-0.13914 0.167112 52.8267
0.0439134 0.234778 -60.3743
0.116545 0.233107 -97.5409
0.101329 0.085396 -45.5992
-0.0954101 0.142495 62.4979
-0.971419 0.143043 591.871
0.101017 0.147179 -80.1442
0.0390419 0.323652 -83.5346
0.0594482 0.450285 -133.765
-0.0306206 0.169651 12.7776
0.0706436 0.241515 -82.4755
0.103806 0.218544 -100.118
0.118681 0.0178669 -48.0832
0.109695 -0.0850456 -8.98444
-0.0112897 0.0852073 28.4667
-0.0112897 0.0852073 28.4667
-0.000303862 0.120609 9.23198
0 0.120287 9.06684
-0.00200327 0.126045 9.19507
-0.00135629 0.127588 8.14401
0.000840164 0.130013 5.3875
0.00492934 0.133607 0.452475
0.0460101 0.134257 -40.2073
0.000293895 0.204606 -15.1012
-0.00377025 0.224124 -16.5171
0 0.204928 -14.8978
0.00262586 0.210252 -19.2245
-0.00065848 0.205963 -14.4757
0.00082205 0.203933 -15.5285
-0.03523 0.450606 -45.3683
0.02 0.444996 -106.775
0 0.204928 -14.8978
0 0.204928 -14.8978
0.216368 -0.0145519 -211.075
0.249322 -0.0772576 -232.728
0.651014 2.09796 -675.622
0.0296106 0.225267 -35.6255
0.0450451 0.0697469 26.9003
0.0306643 0.0566843 32.1153
-0.0247687 0.124973 14.4509
-0.0215962 0.119938 14.931
0.04461 -0.0436333 56.0059
0.00571143 0.374265 -75.3843
0.0241085 0.353958 -73.0199
0.0235093 0.384318 -82.4303
0.097557 0.0881163 -12.2039
0.0224814 0.35203 -70.6617
-0.0142077 0.294041 -41.9553
-0.0610451 0.347789 -43.8008
-0.0518785 0.354524 -49.1013
-0.0174735 0.152098 2.91114
-0.003804 0.146949 -5.82114
0.00639618 0.103753 3.06742
0.0810411 0.08383 -19.6587
0.0729255 0.0947378 -19.1171
0.0329933 0.0826827 1.32051
-0.0256841 0.0805941 27.8766
-0.00471304 0.116896 6.18905
-0.0109924 -0.0753086 60.7988
0.0971611 0.268268 -97.8452
0.0218643 -0.032502 41.0725
-0.0664981 0.128845 49.8274
-0.0583782 0.141279 41.1205
-0.0494755 0.119454 42.815
0.0273035 -0.642015 227.879
0.0273035 -0.642015 227.879
-0.0225049 0.16827 7.78503
-0.0156215 0.175869 -0.0796595
0.0460939 0.191823 -48.9588
0.0958405 0.213327 -92.4498
0.106435 0.13495 -75.0488
0.173647 -0.0806935 -60.374
7.01577e-14 -0.0719407 48.1983
1.19604e-13 -0.0719407 48.1983
-0.00682224 -0.0740052 54.6296
-0.00809102 -0.082406 58.4854
-0.00997823 -0.0120753 38.9044
-0.0100295 -0.013344 39.3491
-0.0099687 -0.0140671 39.5192
-0.0099687 -0.0140671 39.5192
-0.00087249 -0.0715558 48.9381
-0.00190534 -0.073144 50.4781
0.0727308 0.119651 -88.5949
-0.135996 -0.0937983 196.016
-0.00555295 -0.13276 72.9877
0.00947352 -0.111623 50.1519
-0.00478346 -0.115496 67.0621
-0.0129541 -0.131785 81.5142
0.00217049 -0.108604 57.0712
0 -0.0987392 56.4492
0.000989986 -0.110147 58.8809
0.244094 -0.0821317 -224.707
0.243311 -0.077433 -225.224
0.651014 2.09796 -675.622
0.0779899 0.604021 -159.761
0.0404703 0.0673468 27.8095
0.0560527 0.0819845 20.7299
-0.00939899 0.130434 11.1101
0.102748 0.194304 -29.1869
0.0481122 0.312603 -60.3832
0.0138254 0.381988 -78.5164
0.00643771 0.389929 -80.54
-0.00247422 0.370535 -72.5119
0.00535807 0.33343 -60.7589
-0.0376354 0.289975 -35.3009
-0.0660817 0.073407 43.8656
-0.0403977 0.0396499 48.9331
-0.0847448 0.0370961 62.0108
-0.0807836 0.799366 -184.573
-0.0909376 0.736564 -159.958
-0.0411413 0.0182515 54.3509
-0.0558399 0.00854912 63.0739
-0.00103211 0.0869804 14.338
-0.0107977 0.0674742 25.2834
-0.0037803 0.0674594 21.8339
-0.0171365 0.12343 10.0337
-0.00884294 0.055656 27.9563
0.00719983 0.0849313 9.5436
0.0187506 -0.0197414 38.4907
-0.0585031 0.125166 46.4411
-0.0591362 0.130031 45.1895
-0.0617887 0.123172 49.1012
-0.0631136 0.134401 46.0853
-0.0548754 0.146385 36.653
-0.0368534 0.162059 19.2666
-0.00318218 0.174812 -8.38102
0.0349452 0.191394 -41.124
0.0951319 0.198769 -87.5268
0.0916108 0.212541 -89.0102
0.0837646 0.21082 -82.4138
2.59961 -2.83105 -1086.72
-0.0571567 0.234947 20.7472
0.0320767 0.129091 -16.6138
0 0.0523578 36.1716
0 -0.0696002 76.2762
1.27235e-13 0.0592044 33.7155
9.07556e-14 0.0592044 33.7155
1.39591e-13 0.0592044 33.7155
0 -0.0696002 76.2762
-0.0219765 0.0624648 54.5053
-0.0546875 0.03125 71.8281
0.0238223 0.0775282 2.77024
-0.0715182 -0.284141 199.505
-0.0047855 -0.00151317 9.83002
0.0104014 0.0958088 10.1584
0.0156936 0.0564833 16.8076
0 0.0487264 36.9207
0 0.0592044 33.7155
-0.0366292 0.0204298 90.4948
-0.125226 0.145264 207.813
-0.0901828 0.369258 91.6162
0.0669309 0.147919 -2.00017
0.0660977 0.146079 -1.33035
0.0654301 0.115869 9.12733
0.0470504 0.179909 -11.5479
-0.00954613 0.151779 3.55588
-0.0246422 0.143364 7.64385
-0.0430263 0.028876 50.3991
0.0209099 0.368407 -74.9777
0.0104909 0.395471 -82.0999
-0.0238211 0.374296 -68.4882
-0.0100754 0.318213 -52.6789
-0.0306654 0.308797 -44.4096
-0.0431837 0.297647 -37.1876
-0.0875584 0.0280374 66.2227
-0.0796541 0.0358135 60.9523
-0.0614611 0.0302079 57.0784
-0.0458191 0.0222687 54.5406
-0.0342607 0.0246688 49.5239
-0.03142 0.044535 41.458
-0.0171843 0.0652143 28.4566
-0.0208905 0.0394775 39.243
-0.0267964 0.0175963 49.545
0.00246191 -0.127145 96.8551
0.00246191 -0.127145 96.8551
0.00246191 -0.127145 96.8551
0.0187506 -0.0197414 38.4907
-0.0583432 0.126171 46.0146
-0.0592814 0.126829 46.339
-0.0591661 0.126328 46.4149
-0.0548811 0.134413 40.8299
-0.0447535 0.145755 30.1917
-0.02453 0.158345 12.1168
0.0114167 0.170612 -17.2085
0.0639103 0.17868 -57.6993
0.0971987 0.182273 -83.4142
0.127133 0.179677 -104.869
0.0886488 0.220456 -89.0531
0.077776 0.242347 -88.2759
-0.0520055 0.290743 -3.30413
-0.0278002 -0.00747271 51.953
0 -0.0347981 38.2289
-0.00997823 -0.0120753 38.9044
0.00886877 -0.642212 242.73
0.0563928 0.0093285 -31.8451
0.0563928 0.0093285 -31.8451
0 0.0286768 15.1455
0 -1.0391 389.802
0.0488281 0.108724 -71.9408
0.163888 -0.170724 -89.1174
0.0181886 -0.0186618 12.47
-0.00683467 -0.00993641 14.7109
-0.0103862 -0.00658065 17.7282
0 0.0390263 -9.20244
0 0.0390263 -9.20244
0 0.0390263 -9.20244
0.0767886 0.0378379 -102.657
0.0743455 0.0404669 -100.651
0.0743455 0.0404669 -100.651
0.0710211 0.14866 -2.30812
0.071933 0.154811 -4.60575
0.0703287 0.163758 -7.78757
0.0387442 0.146127 1.06104
-0.00932392 0.151269 3.28457
-0.0508922 0.110159 22.426
-0.0599465 0.0741165 36.6858
0.0512624 0.335102 -67.664
0.00517326 0.381529 -76.688
-0.0495012 0.346943 -53.7064
-0.0421437 0.337035 -51.9944
-0.0251523 0.329773 -53.1531
-0.036957 0.316449 -45.3414
0 0 -1
-0.0680018 1.92488 -635.064
-0.063461 1.94066 -642.403
-0.0591063 1.92796 -639.181
0 -0.394531 209.857
0 0 -1
0 -0.394531 209.857
-0.0399401 0.0293396 51.268
-0.0406664 0.0142871 57.103
-5.06276e-13 4.2573 -1520.27
-8.04947e-13 4.2573 -1520.27
0 -0.320312 173.594
0 4.12551 -1476.21
0 -0.394531 209.857
0 4.2573 -1520.27
-1.38281e-10 2.93037 -1033.16
-1.38664e-10 2.93037 -1033.16
-1.39456e-10 2.93037 -1033.16
0 4.2573 -1520.27
0 -0.394531 209.857
0.0785076 0.159541 -61.498
0.0975208 0.153572 -73.4513
0.114816 0.182617 -96.9533
0.124345 0.184975 -104.886
0.0785416 0.240857 -88.6205
0.0763591 0.240174 -86.5279
0 -0.483677 244.525
0.0110105 -0.456058 224.765
0 -0.440921 228.833
-0.0038519 -0.442519 233.132
-0.0038421 -0.442564 233.139
-0.0038421 -0.442564 233.139
-0.0038421 -0.442564 233.139
-0.00855594 -0.451509 241.305
1.01461e-06 -0.3956 212.119
-1.26039e-06 -0.483677 244.526
7.35225e-07 -0.440921 228.832
0.00556497 -0.486375 239.515
0.00556515 -0.486375 239.515
0.00556534 -0.486375 239.514
0.00556534 -0.486375 239.514
-0.000334467 -0.429332 224.974
-0.000334509 -0.429333 224.974
-0.000334561 -0.429333 224.974
-0.000334561 -0.429333 224.974
