4.08864e-15 -0.374276 28.9874
4.86042e-15 -0.374276 28.9874
6.30373e-15 -0.374276 28.9874
8.65384e-15 -0.374276 28.9874
6.57197e-15 -0.374276 28.9874
8.74187e-15 -0.374276 28.9874
-0.022491 -0.200929 46.0273
-0.196313 -0.178964 165.144
-0.00723131 0.0234232 26.7303
-0.00153272 0.00636461 25.5866
-0.00515348 0.00986002 26.5038
0.00914943 -0.14236 25.073
0.0158756 -0.176815 24.0344
-0.071703 -0.103942 47.8043
-0.122724 -0.00107027 60.8969
-0.0899062 -0.0420376 50.5473
-0.0262868 -0.0417623 29.0364
0.0434278 0.056381 2.07959
0.0809429 0.113205 -12.7943
0.11846 0.435198 -36.6396
-0.0114275 -0.0433717 21.3151
-0.0374783 -0.0423275 33.2081
-0.0230589 -0.322442 31.8893
0.0109034 0.0336879 -2.02937
0.198479 -0.966471 -68.9042
0.0344532 0.365677 -12.2527
0.0404058 0.36349 -15.4867
-0.157694 -0.0345811 108.353
-0.095565 0.052701 71.5376
0.0990027 -0.160996 -48.4118
0.0996364 -0.164142 -48.7867
0.0815149 -0.171086 -36.5432
0.0796439 -0.0330636 -38.3286
0 0.488482 8.3809
0.541908 0.022472 -390.856
-0.0829012 -0.303871 85.556
0.0417049 0.677456 -27.6872
0.0414988 0.41703 -24.8781
0.0226104 0.26526 -7.48378
0.0484321 0.498749 -33.2756
-0.0527321 0.474415 54.0857
0 0.421354 8.43151
-0.0483786 0.276602 55.8029
-0.0482979 0.273358 55.7785
-0.0496196 0.269866 57.0784
0 0.421354 8.43151
0.0392168 0.395098 -30.5938
-0.0426785 0.41523 52.2518
-0.0238171 0.271865 36.0482
0.0308339 0.47057 -24.5762
0.0243025 0.464751 -17.9479
0.0101512 -0.26083 -2.39673
-0.125423 -0.203162 251.114
-0.0832512 -0.194304 202.932
-0.0854587 -0.196652 205.413
-0.0623442 -0.18125 177.619
0.300797 -0.0369442 -219.525
0.504023 0.0639324 -470.542
0.133768 -0.0128644 29.9819
0.13332 -0.000632593 29.6009
0.101085 0.0256043 30.274
0.0433095 0.0692388 32.704
-0.0153611 0.0259551 39.0358
-0.0431869 -0.0213631 43.3935
-0.0343119 -0.196435 47.7271
-0.0214212 -0.208959 46.1655
-0.0483688 -0.1165 48.1154
-0.0428534 -0.120473 46.7653
0.172859 -0.196807 3.1137
0.0254538 -0.171171 20.9905
0.0310848 -0.190218 20.2161
0.026399 -0.180897 21.4889
-0.100019 -0.0654077 54.9049
-0.0424886 -0.0828593 36.3075
-0.0612911 -0.0469748 41.8972
-0.0909701 0.022026 49.2066
-0.0848906 0.0682742 45.1316
-0.116132 0.0165474 60.0103
-0.119969 0.0523893 58.8027
-0.0609986 0.0315256 32.1904
0.00626393 0.0260803 0.487715
0.0501688 -0.0552073 -16.6021
0.178791 -0.115869 -76.5383
-0.0196111 -0.0539126 18.4826
-0.00503119 -0.353565 24.857
0.0470147 -0.320709 -7.46654
-0.0844495 -0.259241 69.6966
-0.00265666 0.00940044 3.48649
0.0367462 -0.103326 -8.76513
0.0208392 -0.525899 12.9863
-0.00499435 0.0481449 4.78095
0.0308061 0.104513 -20.653
0.276619 -0.221906 -187.853
-0.0755829 -0.315551 80.1492
-0.000190421 -0.313436 21.7189
0 -0.313291 21.5634
-0.0187554 -0.289726 36.4427
0 0.792199 -20.9639
0.0154548 -0.336497 8.85155
-0.00501095 -0.309067 25.9315
0.0171442 -0.281401 4.91428
0.54506 0.17096 -495.72
0.0397508 -0.490584 -12.2128
-0.00107877 -0.31336 22.6287
0 -0.313291 21.5634
0 -0.313291 21.5634
0 -0.313291 21.5634
-0.25014 -0.299212 379.345
-0.245916 -0.300179 374.77
-0.209251 -0.0239666 326.728
0.686795 -0.0692125 -678.418
-0.0816738 -0.177096 200.197
-0.0618612 -0.184204 176.989
-0.00310555 -0.0625642 101.688
-0.0571799 -0.168114 171.06
-0.0555824 -0.163165 168.972
0.132003 -0.0151994 30.0824
0.130767 -0.0149621 30.0842
0.137653 0.0175502 28.697
0.0631537 0.0790531 30.992
-0.0549244 0.0217068 43.1067
-0.0671657 0.006392 45.0475
-0.0117037 -0.232472 46.0786
-0.0380977 -0.197152 47.8522
-0.0185517 0.0399799 31.3472
0.0146927 -0.103877 33.552
0.0249912 -0.206198 36.4064
0.0460712 0.240783 -2.19446
0.00861936 -0.182551 24.9001
-0.00331344 0.0639823 13.5327
0.0165604 -0.0177982 13.0277
-0.00338247 -0.0619802 22.1672
-0.0534164 -0.041706 39.3122
-0.0106686 0.126275 13.462
-0.078984 0.0350652 44.6536
-0.124812 0.0315394 63.5993
-0.116277 0.0351624 58.8427
0.0185697 -0.376687 28.1106
0.00962892 0.0157641 -0.489812
-0.0538809 -0.0349561 35.4951
0.0177061 -0.00748177 -3.22401
-0.0398381 -0.471759 58.2314
-0.0496605 -0.171729 51.3699
0.101607 -0.229497 -44.266
-0.0331489 -0.181796 34.6496
0.0870264 -0.357145 -31.2287
0.0308106 -0.0386894 -12.6697
0.0519336 -0.239946 -15.3059
0.0224474 -0.092999 -2.0686
-0.00432562 -0.169366 20.3778
0.2683 0.0441962 -192.446
-0.112236 0.059425 92.807
-0.118711 0.0249242 98.9446
-0.0338341 -0.0396354 36.7657
0.0593899 -0.591255 -6.33505
-0.0369907 0.00160672 35.2231
-0.0154477 0.0240961 16.4094
0.142453 0.0576431 -121.948
0.715495 0.0950521 -646.678
0.485026 0.348941 -447.278
0.0168318 0.0126607 -14.8188
0 0.896589 -22.4894
0 0.72107 -11.8569
0.017151 0.732572 -29.8517
0.00201045 0.720013 -13.9131
-0.206148 -0.28716 331.04
-0.184633 -0.430653 315.164
-0.19737 -0.0219847 313.39
0.0201644 -0.245882 82.4664
0.00447041 -0.00289375 91.562
-0.0665868 -0.166418 182.304
-0.0621105 -0.166247 176.841
-0.0549573 -0.164272 168.217
-0.0559104 -0.164358 169.401
0.138719 -0.015505 30.0182
0.141388 -0.012822 29.7439
-0.00520049 -0.269969 64.5245
0.00164948 -0.249487 62.842
-0.0654127 0.0374845 42.6776
-0.323294 0.341762 26.9681
0.0792117 0.150607 7.73127
0.0688424 0.140896 9.91841
0.0339342 -0.289909 43.2733
0.0283508 -0.455202 57.243
-0.579474 0.280203 134.643
-0.0315371 -0.172581 32.9835
-0.0191819 0.0828283 16.8579
-0.00187417 0.0279728 16.0941
-0.00869701 -0.0139802 20.4499
-0.00543059 -0.0285509 20.8197
-0.0445889 -0.0877407 38.8573
-0.0561362 -0.0264159 39.7921
-0.0960792 0.00884619 53.201
-0.127795 0.0573582 62.7476
-0.0788788 -0.00464763 44.5537
-0.0686162 -0.0197224 39.9359
0.000955655 0.000511548 4.34403
0.0340907 -0.0217296 -10.0988
0.315747 -0.130778 -145.855
0.00211418 0.0181102 3.46843
-0.0077132 0.0503005 6.49341
-0.00282104 -0.00828991 8.2249
0.00326831 0.0342689 0.944089
0.0029072 0.000884627 4.00421
0.268716 0.00130017 -169.665
-0.0707992 0.0624416 51.6321
-0.0263794 -0.0822877 34.0494
-0.0741728 -0.0537926 65.0246
0.00606172 0.0300005 7.05638
-0.0988526 0.0385995 81.7451
-0.0934186 0.0415096 77.5343
-0.0795179 0.0369818 66.6974
-0.0293978 0.0301848 25.4442
-0.0413021 0.0121569 38.7372
-0.00555824 0.0234042 5.67707
-0.00949625 -0.00276664 11.1759
0.00160149 0.0063822 -0.000405352
0.158381 0.162198 -132.536
0.0182849 0.0119547 -15.2554
0.0278351 0.01714 -24.394
0.0100122 0.0402903 -10.2833
0.0311588 0.0155656 -28.0318
0.0102371 0.112375 -15.3769
0.0460799 0.0190645 -42.9202
0 -0.082805 15.7884
-0.0504086 0.252439 134.987
0.03125 -0.296875 91.5156
0.163664 -0.391019 -53.8108
0.195228 0.255714 -146.653
-0.0553365 -0.164163 168.658
-0.0557276 -0.164928 169.173
-0.0370741 -0.00894968 141.312
-0.0217798 0.0385862 37.8202
0.0727391 2.76298 -258.479
0.0429037 -0.00105115 38.704
-0.00923438 0.0172435 40.3533
-0.0993786 0.0362035 38.5994
-0.327621 0.344755 27.2368
0.0805039 0.0632539 15.2061
0.119237 0.101379 5.33967
-0.0410162 -0.435559 76.9985
0.0488215 0.361825 -26.9367
-0.0551493 -0.0623769 40.7746
-0.0648784 0.0359944 33.4439
-0.0558347 0.0309759 30.7653
-0.0362069 0.00930533 27.4343
-0.0342549 0.000803501 27.6303
-0.042064 -0.0445718 34.73
0.029764 -0.0303771 -0.7873
0.103179 -0.4614 15.5205
0.0349012 -0.394191 35.9176
-0.00781407 0.0228839 7.97819
-0.0294314 -0.0183473 21.7497
-0.0735248 -0.0286048 42.7472
-0.029192 -0.0183487 20.4813
0.0201799 -0.019506 -3.07416
0.046189 -0.0954536 -7.12455
0.00337372 -0.0252075 7.08776
-0.0134862 -0.0300435 16.5908
0.000924036 -0.0227687 7.27158
0.00471275 -0.000541166 3.43952
0.0237311 -0.0249851 -6.13804
0.0347567 -0.0208821 -13.818
-0.0136515 -0.0829505 24.538
-0.0415324 -0.0996007 45.8802
-0.0237789 -0.0615477 29.6776
0.188791 0.109257 -135.494
-0.0655375 0.00761679 59.2609
-0.0714782 0.0177934 61.9499
0.0197718 -0.00579995 -8.55215
-0.0552546 0.000454694 49.7157
-0.00982605 0.0174904 9.40892
-0.00215098 -0.00952457 4.77815
-0.0022602 -0.00472165 4.47091
0.00606101 -0.00210403 -3.4059
0.00587867 0.0127448 -4.26354
0.135636 -0.0800604 -117.548
0.0227691 0.0130268 -20.4106
0.00851407 0.0419461 -8.71559
0.00737942 0.0414241 -7.44652
-0.0780435 -0.0134018 88.3117
0.0277141 0.00696685 -23.224
0.0157892 0.0607772 -17.1132
0 0.0675801 -0.314576
-0.0116634 0.0201031 17.7186
0.474542 -0.234653 -399.361
0.00113402 -0.0429535 9.68747
-0.159006 0.0419014 213.702
0.0387779 0.137555 -54.5426
0 -0.0295759 9.71708
0 0 -1
0.0535701 0.00489261 36.6233
0.0521142 -0.0187653 40.0748
-0.0154135 -0.0638535 49.4511
-0.136195 0.0309942 43.8307
-0.0244284 -0.0110943 35.5237
0.0128058 0.0115084 29.8467
0.0260032 0.0278562 7.824
-0.00586095 -0.0193077 24.8581
-0.0122368 -0.0129819 25.7684
-0.0302349 -0.0335338 31.9374
-0.0261603 -0.00119105 27.2264
-0.0608067 0.0282778 32.807
-0.0633851 0.0305274 32.8874
-0.0349082 0.0329888 14.9787
-0.0239033 0.0154316 13.3557
-0.0102645 -0.0127293 11.9658
0.0230133 0.0324611 -5.61031
0.00185066 0.0180485 4.82308
-0.0186512 0.00897614 14.2052
-0.0182226 -0.00939383 16.7746
-0.0583839 -0.00464996 33.4863
-0.0197231 0.0137994 11.7746
0.0304503 -0.0332591 -7.04461
0.0371812 -0.0300833 -9.73654
-0.0222487 -0.0537479 24.5403
-0.0217701 -0.0520308 24.326
0.00259118 -0.0615298 10.4396
0.0136656 -0.0516656 2.77537
0.021272 -0.0680848 -0.158114
0.0410944 -0.0693242 -12.9166
0.00252768 -0.0688865 12.7356
-0.025662 -0.0688049 31.0258
-0.0233824 -0.0828163 31.0186
-0.0299364 -0.0364964 46.6834
-0.0991835 0.0362794 82.3201
-0.0782708 0.0179157 67.5047
0.00803732 0.016363 -5.8614
-0.048222 0.0103149 42.9599
-0.00362221 0.0375744 3.76146
0.0156106 0.00379189 -12.9852
0.00423072 -0.00243598 -1.78074
0.00923745 -0.00739018 -5.82163
0 0.10129 -10.6323
0 0.10129 -10.6323
0.0157216 0.0172819 -14.5501
0.00985071 0.026706 -5.63309
0 0.10129 -10.6323
0.0335109 0.0100252 -29.6372
0.0208281 0.00359692 -16.4124
0 0.185791 -13.722
0 0.185791 -13.722
-0.000885539 0.158437 -9.65298
0 0 -1
-0.175013 -0.290962 344.063
-0.156225 0.0469503 209.832
0.319317 0.100403 -401.308
0.320141 0.102673 -402.493
0 0 -1
0.0653669 -0.0163633 38.9988
0.0641668 -0.0250908 40.1306
-0.200835 -0.0368207 58.9099
-0.173475 -0.0241144 53.5053
0.139194 0.0232817 3.53596
-0.00385127 0.0501235 8.88257
0.0161399 -0.00392036 13.3923
-0.0118273 -0.00438215 24.2346
-0.0273225 -0.0124407 28.3755
0.0384768 -0.0115474 5.33353
-0.0257478 -0.0287245 30.2846
-0.0434133 -0.0152029 33.8913
-0.0649259 -0.00696704 38.181
-0.00604652 0.0843835 -1.57901
0.00016358 0.0444418 0.909835
-0.0084438 0.0261736 5.84617
0.033865 0.0583319 -13.0942
-0.00408347 0.0397584 4.66738
-0.0151475 0.0188749 11.8925
-0.0249414 0.00338556 18.7849
-0.0682289 0.0115956 36.0187
-0.0189516 0.00227947 12.8102
0.0195345 -0.0349096 -1.13602
-0.00113098 -0.0434915 11.2661
-0.0257009 -0.0565927 26.0533
-0.0288875 -0.0780947 30.5336
-0.00106659 -0.0601373 11.7929
0.000731397 -0.0703539 12.1332
0.0084646 -0.076369 8.40996
0.0240354 -0.0912634 0.453994
-0.0107303 -0.0726377 20.7355
-0.0208013 -0.060481 26.2942
-0.00624061 -0.0619154 16.9997
-0.0379634 -0.0350076 49.227
-0.064114 -0.0416416 70.0427
-0.0085009 -0.337051 61.4105
-0.0684728 0.0206831 59.1587
-0.0848093 -0.118112 90.8103
-0.0614626 0.015327 53.2349
-0.00827963 -0.00172631 9.21883
0.0282963 0.020402 -24.681
0.00193255 0.026868 -2.05675
0.023127 0.0720553 -28.465
0.0179471 0.00184157 -15.1522
-0.108841 -0.068675 118.776
0.035464 0.0270037 -33.6151
-0.019342 -0.00141812 25.8673
0.0306846 0.0128265 -27.1868
0.0300944 0.0129245 -26.458
0.0183968 0.0177843 -15.2828
0.0380448 0.0105665 -34.8782
0.279608 0.227413 -334.925
-0.0532147 0.0897755 55.9911
-0.0114669 -0.0179561 23.5195
0.228041 0.181905 -291.647
0.320782 -0.0285401 -381.205
0.304755 -0.0323959 -361.535
0.0613493 0.0496734 28.1534
0.0649886 -0.00510771 36.9667
0.0798223 -0.00503144 36.0997
-0.181921 -0.0184615 54.8311
-0.206273 0.0141797 50.732
0.0686446 0.0149682 13.3397
-0.0314565 0.0449394 22.1527
-0.0700043 0.0605581 24.9959
-0.0567509 0.0428241 25.4219
-0.0426426 0.0418767 23.1346
-0.0490199 0.00232193 30.7378
-0.0593584 0.0161777 31.2306
-0.0901203 -0.0159649 45.2866
-0.154949 0.176843 30.4085
-0.0669554 0.138294 10.0078
-0.0483571 0.142641 3.34775
-0.004912 0.105675 -6.10043
-0.00521769 0.070007 0.182353
-0.00700768 0.0509329 4.29054
-0.0366445 0.0205264 20.6853
-0.0276214 0.00831177 19.0486
-0.0689184 0.00213544 37.7606
-0.041159 0.0263203 19.8943
-0.0154307 0.0150753 9.28863
-0.0168095 -0.0151643 14.7595
-0.0324977 -0.0284069 25.2013
-0.0299653 -0.0544095 27.5538
-0.0166312 -0.0393221 17.6476
-0.00120477 -0.0175522 5.09755
0.0022462 -0.0378937 5.91738
0.012562 0.000188255 -6.38606
-0.011758 -0.00725433 10.9268
-0.00898505 -0.011295 9.70408
-0.0261662 -0.0630369 30.5837
-0.00833639 -0.00988611 9.41169
-0.0182055 -0.0255449 32.6648
-0.011627 -0.0647633 21.9122
-0.020072 -0.112011 36.8806
-0.0234205 -0.0716933 33.1232
0.0346127 0.00234732 -30.2155
0.125634 -0.299333 -61.3072
0.0166098 -0.314181 34.2199
0.0056594 0.00089581 -3.20638
0.016809 0.000342499 -13.372
0.0188301 0.00418435 -16.327
0.0186642 0.0202875 -15.7999
0.0411224 0.0326259 -40.5618
0.0474456 0.0218432 -45.0468
-0.00372051 0.0474577 3.27505
0.0230126 0.0322218 -21.6193
0.0244658 -0.00211988 -18.803
-0.0315987 -0.0654363 53.4888
0.00754932 -0.0225628 2.37717
-0.0406742 0.0784699 42.58
-0.0164363 -0.00978664 28.2957
-0.030345 -0.0206374 45.9743
0.314754 -0.012939 -376.401
0.2953 -0.0222886 -351.363
0.0355888 0.064113 25.9064
0.0368348 0.0445852 29.3154
0.0242966 0.068393 26.2332
-0.390002 0.0246731 61.9602
-0.39146 0.0686617 52.3342
-0.104584 0.0822384 29.5913
-0.0104595 0.130184 3.79731
-0.0568254 0.125081 11.259
-0.048408 0.0977779 14.6204
-0.0676275 0.103481 17.6296
-0.0852475 0.0675606 28.2702
-0.0691346 0.0499045 27.6936
-0.0765291 0.0389736 31.8691
-0.0612518 0.120621 12.2563
-0.06051 0.142146 7.83991
-0.0509586 0.116554 9.75328
-0.0471003 0.0962487 11.42
-0.0320196 0.0566355 12.8352
-0.0566489 0.0450232 24.5032
-0.0665801 0.0135664 34.2565
-0.0371346 0.00143586 23.8733
-0.0757266 -0.00590243 42.5308
-0.0451224 0.0134495 24.3836
-0.00611823 0.0685385 -5.18882
-0.0406032 0.00744554 23.6809
-0.0389084 0.0248093 19.6372
-0.0291742 0.0945821 6.75963
0.0112033 0.0220353 1.61217
0.00190289 0.0213613 7.59978
-0.0333391 0.259726 -23.3684
-0.100185 0.220275 26.731
-0.0271139 0.066391 8.82099
-0.0322551 0.114909 3.92708
-0.0189293 0.0781457 1.43258
-0.00525633 0.0824389 -9.26383
-0.00307175 0.0671347 -8.44949
0.0177051 0.00907506 -15.8437
0.0161694 0.00361814 -12.7897
-0.0149568 0.0176803 10.3444
0.0296818 0.00356486 -23.8301
0.0186991 0.0211845 -15.8054
-0.0160109 0.0553602 5.50586
-0.000565441 0.0936486 -15.1542
-0.000123382 0.0942687 -15.6706
0.025228 0.00598853 -22.146
0 0.094334 -15.7985
0.0482522 0.0100707 -42.9871
0.0397642 0.00745826 -34.6577
0.0494765 0.015424 -45.2093
0.0247198 0.0290327 -22.3539
0.0252128 -0.073932 -2.73669
-0.447414 -0.388683 599.293
0.00339138 0.0816062 -3.47608
-0.00666715 -0.0109957 17.1444
-0.0020071 0.0112891 15.4027
-0.0020071 0.0112891 15.4027
0.239638 -0.0801961 -264.773
0.0669208 0.00648276 -67.8393
0.0479659 0.075877 23.6274
0.0443659 0.0888383 21.1903
-0.0161731 0.0924901 23.6449
-0.109323 0.130977 20.905
-0.103423 0.113742 23.4862
-0.105373 0.0999649 26.2342
-0.103319 0.165199 11.8487
-0.079856 0.184029 4.24089
-0.0762842 0.109528 18.5788
-0.0851912 0.0969248 22.4454
-0.0769947 0.0890767 22.4096
-0.0811669 0.06956 27.0058
-0.0774927 0.0620611 27.6572
-0.0539595 0.073082 18.6783
-0.0423628 0.0951894 11.0911
-0.0500461 0.0539343 21.4159
-0.0619521 0.101021 15.9981
-0.0577396 0.0719109 20.1337
-0.00783558 0.204353 34.6811
0.00900274 0.197088 29.0515
0.0254366 0.155124 30.9964
-0.0734137 -0.18294 127.543
-0.0263285 0.306858 -41.8859
0.0161678 0.291571 -59.8096
0.0635827 0.181114 -60.7579
0.0353083 0.138962 -36.8082
-0.00424257 0.173576 -22.5685
0.0316002 0.151637 -38.1007
-0.0123257 0.0818625 3.42225
-0.0527089 0.28641 -14.8629
-0.0615343 0.315277 -15.1299
-0.0710357 0.139757 26.6954
-0.0531206 0.150338 12.5321
-0.00520707 0.1387 -19.4535
0.500733 0.106141 -384.718
0.438982 0.137884 -345.157
0.00629278 0.0772664 -17.8008
0.00298984 0.01906 -4.14678
0.0166412 0.00680386 -13.5
0.0102464 0.0127396 -9.2443
-0.118449 0.0245916 114.176
-0.21013 0.058339 190.108
-0.0994209 0.20434 58.0262
-0.00433079 -0.00483546 7.88323
0.0449055 0.0275325 -43.3881
0.0260867 0.0150322 -24.2247
0.0409097 0.218945 -79.02
0.0350105 0.000176842 -27.7455
0.0354685 -0.00571732 -27.0003
0.0379195 -0.0167253 -27.3043
-0.0158774 0.0213084 21.9298
-0.00227325 -0.118331 37.5217
1.18163 0.0329792 -1313.23
0.424491 -0.100304 -458.712
0.143679 -0.100514 -146.104
0.315408 -0.0117026 -377.346
0.310172 -0.0159096 -370.003
0.288594 -0.0181771 -342.629
0.0217429 -0.0397716 34.0076
0.0174891 -0.0504666 36.6488
-0.0292821 -0.0610825 40.9741
-0.0321118 0.120079 -0.946721
-0.00852154 -0.189272 60.3791
-0.0344801 0.144922 -7.22759
-0.0705513 0.207435 -17.1457
0.151117 -0.0484555 6.57734
-0.225195 -0.0777497 77.5937
-0.0385443 0.19181 -20.1005
-0.0240701 0.229396 -32.1599
-0.00879933 0.158288 -18.8231
-0.0130962 0.15266 -16.7013
-0.0176317 0.127278 -9.05496
0.0213313 0.201726 -37.8845
0.0561956 0.10009 -25.2744
0.0320288 0.114966 -20.3711
-0.0300254 0.556742 -25.0891
-0.0296858 0.565304 -27.1059
-0.0367148 0.208535 45.8249
-0.0652063 -0.155308 117.571
-0.0708339 -0.16552 122.47
-0.0493786 0.301261 -28.9986
-0.00618283 0.310239 -52.5703
0.0254228 0.241764 -53.1024
0.0176885 0.240167 -49.0838
0.0118963 0.243922 -46.9235
0.00987886 0.219113 -40.4936
0.0132371 0.184155 -33.6284
0.0156119 0.260668 -52.6815
0.0595626 0.277382 -85.062
0.175985 0.130233 -128.212
0.258172 0.0356104 -162.906
0.148172 0.0305606 -85.2343
0.482402 0.0838438 -365.958
0.483572 0.0806305 -366.217
-0.00434311 0.102752 -14.0651
-0.0739339 0.057389 50.4902
0.185777 -0.0368565 -128.009
-0.116808 0.0447953 108.427
-0.119092 0.0373099 112.02
0.00641367 -0.114793 39.7497
0.858893 1.10551 -1017.45
-0.164956 0.0949157 159.184
-0.313151 1.18457 57.1051
0.206871 0.00234714 -183.311
0.0296818 0.00356486 -23.8301
0.0504044 0.0358038 -50.8329
0.0294776 0.00845188 -25.1622
0.491669 0.49818 -625.095
0.00461555 0.0369333 -3.87965
-0.125172 -0.0423077 180.537
1.17279 0.0191632 -1300.12
0.367593 -0.230898 -366.07
-0.0359438 0.0875031 61.0672
-0.114118 0.0916574 124.194
0.200676 -0.439377 -143.872
0.157674 -0.456059 -87.0084
-0.00249729 -0.0267643 31.0629
-0.00930625 -0.0306007 32.1113
-0.0268232 -0.0862366 46.9608
-0.040948 0.168463 -16.2687
-0.0130326 0.256474 -41.393
-0.0138739 0.272989 -45.4178
-0.00276266 0.273224 -47.0101
-0.331942 0.174875 35.131
-0.00560551 0.252874 -41.4559
0.0149862 0.29353 -55.7485
-0.0385691 0.306031 -47.599
-0.0327077 0.216466 -26.4849
-0.0189691 0.127107 -8.52469
0.00324634 0.160376 -22.354
0.0137625 0.185325 -31.7602
0.0376106 0.153878 -31.8368
0.0376941 0.121254 -23.8535
-0.066544 0.198436 60.5854
-0.0730974 0.16153 72.0826
-0.0537558 -0.15076 111.387
-0.0555538 -0.148712 111.7
-0.0897524 0.0755315 55.1328
-0.0388424 0.275605 -28.3555
0.0109697 0.269498 -51.8558
0.025959 0.254979 -55.534
0.00141879 0.259245 -44.3148
-0.00890361 0.248007 -34.8544
0.00926538 0.257054 -48.6583
0.0245386 0.265959 -59.9523
0.0519229 0.266069 -77.1448
0.0708343 0.259549 -88.796
0.0949024 0.245317 -101.125
0.134619 0.128923 -99.3217
0.13294 0.067262 -83.3641
0.468099 0.0666902 -351.648
0.462218 0.0522705 -343.805
-0.0655531 0.189014 16.0829
0 0.428214 -89.9996
0.067058 0.295497 -113.994
-0.00329643 0.219524 -37.1881
0 0.224466 -41.1088
-0.00787871 0.223068 -33.7725
0 0.224466 -41.1088
-0.0134272 0.103487 15.4208
0 0.745231 -158.52
0.204104 0.000259427 -179.984
0 -0.378803 114.877
-0.0145106 -0.344023 121.427
-0.00236025 0.0746714 8.35402
0.0424224 0.118629 -49.1773
1.01492 0.00786451 -1093.91
-0.0798921 -0.00046503 112.542
1.16825 0.0208255 -1295.47
0.139163 0.156338 -169.398
-0.0365974 0.0865976 62.1079
-0.0283129 0.089915 51.0321
0.189589 0.064386 -206.606
0.123673 0.632892 -275.146
0.0234911 0.0013701 23.4369
0.0491447 0.0537577 9.0674
0.0346386 0.230971 -37.6153
0.00480851 0.251769 -41.5482
0.00665661 0.268331 -46.1101
-0.0058853 0.305596 -55.2407
-0.00227677 0.310877 -57.3147
0.00086571 0.27692 -49.1228
0.0454299 0.283844 -59.1091
0.0671599 0.326931 -75.1381
0.0332649 0.380678 -81.9291
0.0242251 0.256439 -44.7064
0.00594367 0.264327 -42.3498
-0.0383405 0.209762 -14.3516
0.360014 1.47316 -520.624
-0.0269789 0.0461247 28.6947
-0.0270561 0.0463812 28.6393
-0.169288 2.03332 -375.442
-0.00822231 0.333093 10.0149
0.136871 -0.437522 150.486
0 0 -1
-0.173589 0.111066 83.8465
-0.196851 0.229999 61.237
0.0216617 0.240581 -50.1393
0.00533358 0.253878 -44.4763
-0.00261518 0.263402 -43.5602
0.019878 0.257911 -54.1292
0.0294426 0.262244 -60.8025
-0.123255 -0.0277453 98.8323
-0.130415 -0.0302846 103.928
0.0899983 0.267546 -103.4
0.0740065 0.261606 -90.8075
0.0815362 0.228156 -87.6575
0.112508 0.186223 -99.1756
0.129739 0.204942 -117.177
0.150773 0.243115 -142.951
-0.0558272 0.334902 -15.2234
0 0.390598 -73.9515
-0.0162699 0.32544 -43.2427
-0.0267092 0.361075 -43.0846
0 0.319207 -54.9076
0.0317536 0.298498 -78.0022
-0.0332335 0.291048 -17.0877
0.166615 0.161356 -148.918
0.00386471 0.196554 -26.168
0.0676463 0.15976 -79.1296
-0.0152914 0.176672 -2.21157
0.0370659 0.103008 -39.4978
0.0409083 0.112442 -45.9442
0.0571577 0.210341 -87.4871
0.0421429 0.11625 -48.2724
0.84251 -0.039464 -890.076
1.0699 0.0158663 -1182.86
1.10113 1.20759 -1576.29
0.128505 0.196683 -167.31
-0.0368878 0.0782387 64.7169
-0.0292654 0.0791007 55.1012
-0.0113984 -0.0176263 59.254
0.269116 0.119252 0.266405
-0.441985 0.119298 15.542
0.0263889 0.232388 -37.9411
0.0374725 0.304055 -59.6281
0.034826 0.277014 -51.3624
0.0449442 0.334306 -69.1495
0.0603601 0.504529 -120.327
0.0471441 0.609725 -149.557
0.0121001 0.618409 -146.264
0.0285428 0.431428 -95.2836
-0.028065 0.365185 -62.757
-0.0390846 -0.0400031 53.7524
-0.0495222 0.279686 -31.5721
-0.112667 0.263479 -9.574
0.360014 1.47316 -520.624
0 0 -1
-0.0295354 0.047686 29.1254
-0.0253188 0.0452091 28.3241
-0.0235035 0.0452163 27.6293
-0.0235035 0.0452163 27.6293
-0.134569 0.176045 47.7324
-0.153932 0.204724 47.9605
-0.125843 0.228217 27.0928
-0.0149218 0.264547 -38.7191
0.0125046 0.254871 -49.3251
0.0210899 0.26233 -56.4435
0.0246467 0.252974 -55.6711
0.020641 0.249892 -52.3095
0.349159 -0.173358 -148.429
0.349184 -0.173371 -148.441
0.0901861 0.255705 -99.6488
0.0464398 0.241943 -66.8794
0.089031 0.240672 -96.8612
0.111764 0.247378 -114.854
0.113104 0.238072 -113.151
0.124434 0.261995 -127.845
-0.05 -0.0786458 109.743
0.0138917 0.321967 -59.1915
0 0.109674 14.4841
0 0.109674 14.4841
0 0.109674 14.4841
0.00479278 0.114628 8.71689
0.0120281 0.293567 -50.6722
0.161989 0.580656 -263.089
0 0.06642 27.3485
0.0145818 0.175305 -19.184
0.00166436 0.110991 12.3674
0.00166436 0.110991 12.3674
0.00166436 0.110991 12.3674
-0.311384 0.359933 293.448
0.103003 -0.267194 28.7621
-0.0862295 -0.475206 264.707
-0.00477836 0.0847604 8.31514
-0.0673755 0.075127 101.581
-0.0638381 0.0680742 99.4658
-0.0422715 0.0729093 72.571
-0.018798 0.0724984 44.2098
-0.0167624 0.0759092 40.7171
0.269116 0.119252 0.266405
0.175888 0.215999 -35.6518
0.174932 0.247529 -45.7244
0.0708927 0.509577 -124.321
0.0623982 0.589529 -148.317
0.00346072 -0.0349177 60.722
-0.00722368 0.409874 -81.595
0.0394686 0.516994 -119.903
-0.0400736 0.405701 -72.9082
-0.0199026 0.378783 -69.0417
-0.0223476 0.373712 -66.672
-0.0432058 0.324427 -46.3529
-0.094416 0.304234 -26.4022
-0.108578 0.306978 -24.0341
-0.1009 0.213472 1.75804
-0.0761808 0.114428 24.6288
-0.0640801 0.0567001 38.6227
0.087012 0.186216 -47.3591
0.0353187 0.157764 -17.8044
-0.055414 0.21477 2.13781
-0.0952991 0.199603 23.1564
-0.132343 0.199242 40.1672
-0.10534 0.212736 22.1242
-0.00713655 0.25879 -40.551
0.029455 0.247996 -55.425
0.00236511 0.255133 -43.6087
0.0167394 0.255502 -51.884
0.0208441 0.24897 -52.2284
0.0206854 0.245818 -51.1757
0.0267716 0.244094 -54.4962
0.0400031 0.243398 -62.9057
0.0421849 0.237592 -62.5348
0.065666 0.262644 -86.9752
0.112843 0.253856 -117.603
0.103962 0.244526 -108.093
0.12825 0.241892 -125.488
0.164184 0.193355 -137.311
0 0.263045 -45.6698
0 0.263045 -45.6698
-0.0380461 -0.18538 127.569
0.00426047 0.262595 -49.2735
0 0.263045 -45.6698
0 -0.258934 118.76
0 0.263045 -45.6698
-0.00178521 0.262879 -43.9109
-0.122285 -0.27616 245.013
-0.209932 -0.00265361 243.173
0.0720363 -0.370383 74.6435
0.0720363 -0.370383 74.6435
0.0720363 -0.370383 74.6435
-0.169918 0.0697011 201.146
-0.169987 0.0696576 201.235
0.424163 0.0511457 -460.252
-0.0668154 0.071143 102.218
-0.0689573 0.0648254 106.475
-0.0219738 0.10073 39.8624
-0.0143806 0.0683961 40.1432
-0.0153114 0.0752776 39.1195
-0.029601 -0.00566953 57.0689
-0.0307951 -0.00544202 57.0461
0.107921 0.517914 -129.859
-0.067627 -0.0239558 66.2483
0.0396983 -0.000530645 44.4698
-0.142611 0.0687342 46.5055
-0.0461187 -0.0541697 73.1197
0.0284352 -0.0362215 56.6107
-0.0680179 0.417061 -71.3499
0.00694936 0.406191 -83.3004
-0.102552 0.0434605 65.4276
-0.134948 0.0781676 60.7722
-0.100097 0.31178 -27.4402
-0.0956806 0.291962 -22.4991
0.197484 -0.291604 103.938
-0.17092 -0.304231 227.312
-0.171009 -0.305177 227.652
0.0628747 0.177676 -35.0995
0.0243101 0.185154 -22.005
-0.0737219 0.210265 10.3703
-0.121664 0.143073 53.0943
-0.111659 0.204927 28.7758
-0.0590506 -0.671645 285.608
-0.00314742 0.236952 -35.4739
0.00694185 0.197538 -27.4833
0.0162814 0.237115 -45.5888
0.0164897 0.249682 -49.8938
0.0167818 0.24799 -49.5143
0.0189769 0.245422 -50.007
0.0251976 0.244133 -53.5057
0.0355245 0.242793 -59.7783
0.0511866 0.243911 -70.6784
0.0740885 0.262817 -92.8458
0.0954901 0.258159 -106.443
0.10113 0.258488 -110.582
0.0918703 0.239248 -97.1463
0.02412 0.210405 -34.3212
0.114598 -0.153176 17.8319
-0.173824 -0.187437 268.738
-0.0376865 -0.0165385 94.9181
0.0382058 -0.309428 130.563
0.0160194 -0.26435 134.124
-0.00482838 -0.262553 152.199
0 -0.30625 162.537
-0.0208625 -0.223544 155.709
-0.0177599 -0.224024 152.847
-0.194549 -0.295397 322.628
-0.0027515 -0.237474 142.662
0.0349136 -0.100465 55.7643
0.044841 -0.0778566 36.8816
0.0318848 -0.100672 58.4049
0.0222735 -0.121945 76.025
0.42747 0.0505834 -463.759
0 0 -1
0.295822 -0.0913219 -153.861
-0.00185675 -0.248743 146.613
-0.00182061 -0.248751 146.572
-0.00189956 -0.248884 146.712
-0.0298003 -0.00469628 56.7486
-0.0311648 -0.00438676 56.7027
-0.0380708 -0.00256377 56.4209
-0.141286 -0.00712482 65.933
-0.0897317 0.0236768 50.1874
-0.0295627 0.0230945 43.9736
-0.0633316 -0.0348192 68.6978
-0.0250535 0.216278 -11.3112
-0.0488377 0.23319 -12.6
-0.0527867 0.143676 19.7265
-0.113746 0.0439466 67.6614
0.000725723 -0.44792 178.563
0.000752908 -0.447823 178.522
0.000811998 -0.447586 178.421
0.000862928 -0.447189 178.266
0.000818437 -0.446638 178.086
0.00063711 -0.446024 177.932
0.0003524 -0.445557 177.872
-0.475251 0.211536 174.673
-0.0766978 0.187711 19.5593
-0.0928336 0.207591 18.9872
-0.0813033 0.205843 14.3866
-0.0658173 0.211958 4.88399
-0.051315 0.224404 -6.73371
-0.0484905 0.187027 5.10628
0.0276612 -0.260866 94.9009
0.0332658 -0.275103 96.7837
0.0406168 -0.280656 94.5855
0.0355745 -0.288353 100.477
0.0291058 -0.292942 106.087
-0.00634387 0.0525987 11.9397
-0.00591468 0.052605 11.6521
-0.00574534 0.0526076 11.5352
-0.00574534 0.0526076 11.5352
0.0757402 0.211388 -75.1876
0.0796525 0.20746 -76.7874
0.064679 0.187128 -57.7322
0.0290014 0.185483 -29.4363
-0.0163464 0.0937111 40.0646
-0.183525 -0.207332 283.671
0.0103911 0.105332 14.9777
0 -0.249097 145.23
0.00253145 0.0898877 27.7283
-0.0214864 -0.223888 156.424
-0.0212953 -0.22372 156.185
-0.00229755 0.221428 -16.2415
-0.00096955 0.2066 -12.1453
-0.00213393 0.201314 -9.08799
0.00181112 0.21551 -18.3063
-0.00228385 0.196 -6.87611
0.00180159 0.200055 -12.663
0.00231106 0.197403 -12.1586
0.000616278 0.19873 -10.7413
-0.677832 2.66992 -129.01
-0.108862 -0.0762221 266.816
0.118219 -0.0718662 -4.1648
-0.00116224 0.207185 -11.7568
-0.00189956 -0.248884 146.712
0 0 -1
0 0 -1
-0.0567544 0.00105414 56.1928
-0.0685004 -0.0119102 61.8106
-0.0502354 0.0504714 36.9182
0.414519 0.194301 -65.7686
0.347531 0.264125 -83.0288
-0.104805 0.259576 -13.4737
-0.0585363 0.19001 4.19498
-0.0974956 0.135732 31.5448
-0.117067 0.100146 48.5496
0.000653198 -0.155892 71.5536
0.000599111 -0.156924 71.9495
0.000536409 -0.159074 72.763
0.000434063 -0.162482 74.0558
0.000211384 -0.167256 75.8968
-0.000275207 -0.173546 78.3954
-0.00120017 -0.181613 81.7249
-0.0027615 -0.191552 86.0144
-0.00452373 -0.201836 90.5439
-0.00636916 -0.209925 94.3266
-0.00657691 -0.216451 96.8197
-0.00523191 -0.226155 99.7581
-0.00138084 -0.235954 101.455
0.00590674 -0.245756 101.284
0.0166927 -0.255469 99.0322
0.0270841 -0.264995 96.7359
0.0325381 -0.279589 99.0024
0.030258 -0.292102 105.064
0.0221515 -0.290919 109.725
0.00540568 -0.284698 118.198
-0.00406858 -0.285115 124.65
-0.0074444 -0.285323 127.037
-0.0074444 -0.285323 127.037
0.0759058 0.178949 -63.9255
0.0743584 0.171132 -59.868
0.0945306 0.187125 -81.2817
0.0450604 0.235747 -59.4517
0.0315562 0.199029 -36.1988
0.00634506 0.173928 -7.13853
0.0118918 0.103134 14.4099
0.0077761 0.0965107 20.5145
0.00368434 0.216455 -20.297
0.00334836 0.21486 -19.3885
0.00229977 0.212334 -17.4546
0.000676145 0.209456 -14.8185
0.00028105 0.207916 -13.8732
0.00177059 0.206913 -15.036
0.00410848 0.219291 -22.0416
0.00507713 0.223482 -24.663
0.00148883 0.197856 -11.52
0.000606885 0.198748 -10.7368
0.000579327 0.198785 -10.7195
0.000350936 0.199784 -10.8297
2.61057e-05 0.202212 -11.3509
-0.000274812 0.204645 -11.8956
-0.000491191 0.207079 -12.5363
-0.000491191 0.207079 -12.5363
