0 1 3
1 2 3
2 3 0
3 4 2
4 5 1
5 6 3
6 8 0
8 9 0
9 10 3
10 11 3
11 13 2
13 14 3
14 16 3
16 17 3
17 18 3
18 19 3
19 20 3
20 23 0
23 83 1
83 84 3
84 201 3
29 201 3
29 30 3
30 89 3
89 204 3
39 204 3
39 153 3
153 395 3
214 395 3
53 395 3
53 54 3
54 55 3
55 56 3
56 57 3
39 273 3
204 207 3
39 207 1
8 65 3
6 65 0
13 69 2
52 53 3
52 54 3
11 69 3
9 67 3
9 68 3
10 68 3
29 87 3
13 71 3
16 74 3
17 74 3
87 201 3
30 87 3
67 68 3
14 73 3
19 76 3
20 78 3
23 79 1
55 346 2
56 114 1
16 73 3
18 75 3
18 76 3
19 77 3
20 79 3
30 88 3
54 346 3
57 114 1
0 58 0
1 59 0
2 60 0
3 61 3
4 62 3
5 63 3
6 64 0
8 67 0
11 68 3
17 75 3
76 77 3
19 78 3
87 88 3
88 89 3
55 114 1
58 59 3
59 60 3
60 61 2
3 62 2
62 63 1
77 78 3
57 115 1
61 62 2
5 64 0
64 65 3
69 128 1
78 79 3
53 168 3
114 115 3
63 64 0
13 73 3
103 395 0
168 395 3
114 346 0
68 69 3
13 128 2
75 76 3
71 128 1
71 73 3
73 74 3
74 75 3
52 168 3
52 346 3
65 67 0
144 201 3
87 144 3
153 214 3
60 238 0
23 196 1
23 139 1
153 273 3
89 146 3
139 196 3
146 204 3
39 208 1
73 131 3
74 131 3
74 132 3
75 132 3
79 196 3
84 142 3
73 130 3
142 201 3
67 126 0
68 126 0
71 129 3
71 130 3
83 142 3
204 322 3
61 238 0
146 322 3
207 322 3
39 268 1
65 123 3
208 268 1
52 170 1
64 123 3
65 124 1
67 124 1
23 197 1
170 346 0
63 121 3
75 133 3
139 197 3
83 198 3
87 145 3
88 145 3
60 118 3
118 238 0
64 121 2
127 128 1
77 135 3
78 136 3
79 136 3
142 198 3
114 172 0
58 116 3
59 117 3
59 118 3
62 121 1
69 127 2
129 130 3
132 133 3
78 135 3
83 197 3
142 144 3
226 395 3
172 346 0
115 173 0
116 117 3
117 118 3
62 238 0
64 122 3
123 124 1
128 129 0
168 226 3
52 227 3
172 173 0
121 238 0
121 122 2
168 227 3
122 123 3
124 126 0
131 132 3
76 135 3
144 145 3
130 131 3
135 136 3
68 127 2
76 133 3
88 146 3
197 198 3
170 227 0
126 127 3
142 202 3
145 146 3
136 196 3
144 202 3
39 270 3
228 346 0
198 199 3
207 208 3
270 273 3
227 404 3
170 404 0
170 228 1
128 186 0
142 199 3
228 404 0
129 186 3
124 183 0
126 183 3
126 184 3
183 184 3
133 135 3
177 238 0
135 192 3
118 177 0
124 182 0
129 188 3
130 188 3
136 195 3
199 200 3
142 200 3
123 182 3
195 196 3
200 202 3
135 194 3
130 189 3
131 189 3
132 189 3
133 191 3
136 194 3
122 180 3
127 185 3
135 191 3
146 205 3
205 322 3
207 266 3
116 174 0
117 175 1
118 175 1
121 180 2
127 184 3
127 186 2
145 203 3
208 266 3
172 230 0
173 231 1
174 175 1
191 192 3
144 203 3
207 265 3
230 346 0
230 231 0
178 238 0
180 238 0
122 181 3
123 181 3
129 187 3
188 189 3
265 266 3
118 176 1
177 178 3
181 239 0
123 239 0
182 183 0
184 185 3
185 186 3
186 187 3
187 188 3
132 191 3
202 203 3
395 631 3
175 176 3
176 177 0
182 239 0
132 190 3
146 203 3
214 631 3
190 191 3
194 195 3
146 263 3
208 267 0
268 270 0
226 227 3
189 190 3
192 194 3
203 263 3
266 267 0
267 268 1
153 329 3
122 239 0
180 239 0
188 246 2
203 262 3
262 263 3
273 329 3
281 395 3
346 404 3
238 239 3
196 254 3
139 255 3
212 329 3
214 329 3
329 631 3
226 281 3
195 254 3
197 255 3
139 254 3
187 245 3
202 259 3
205 263 3
187 246 1
254 255 3
200 259 3
245 246 3
183 239 0
280 395 0
265 322 3
226 404 3
183 241 3
190 248 3
198 256 3
198 257 3
199 257 3
202 261 3
263 322 3
184 241 3
189 248 0
226 284 3
237 238 0
240 241 1
187 244 2
198 255 3
256 257 3
199 258 3
200 258 3
284 404 3
174 232 1
175 233 3
176 234 3
177 235 2
178 236 1
178 237 1
239 241 1
184 242 3
186 244 2
189 246 3
194 250 3
203 261 3
287 346 0
230 288 0
231 289 0
232 233 3
233 234 3
176 235 0
235 236 1
236 237 0
244 245 3
194 253 3
195 253 3
253 254 3
258 259 3
259 261 3
288 346 0
288 289 3
239 240 3
185 243 3
246 248 0
192 250 3
184 243 1
186 243 2
257 258 3
261 262 3
234 235 0
241 242 3
243 244 3
255 256 3
242 243 1
194 310 2
191 250 3
250 310 2
253 310 3
238 296 2
263 265 1
237 296 0
239 296 2
190 250 3
250 309 3
253 312 3
226 340 3
309 310 3
254 312 3
212 273 3
281 631 3
281 340 3
266 324 0
267 324 3
284 340 3
286 404 0
248 305 3
286 346 0
246 305 2
255 313 3
324 441 3
235 294 2
246 304 2
263 320 3
265 324 0
346 347 3
236 294 2
304 305 3
250 308 3
253 368 3
261 318 3
262 320 3
288 347 0
236 295 0
243 301 3
248 306 3
310 368 3
254 313 3
259 318 3
284 343 3
343 404 3
286 403 0
346 403 3
234 293 2
235 293 1
237 295 0
245 303 3
403 404 3
244 303 0
258 316 3
263 380 3
265 380 0
270 325 3
212 270 3
281 511 3
232 290 3
233 291 3
234 291 3
239 297 1
244 301 3
259 317 3
318 319 3
511 631 3
289 347 0
290 291 3
296 297 1
240 298 1
241 299 3
242 299 3
242 301 1
301 302 3
244 302 3
246 303 3
190 306 2
190 308 2
256 313 3
257 316 3
317 318 3
261 319 3
239 298 1
242 300 1
302 303 0
305 306 3
256 315 3
257 315 3
262 319 3
267 325 3
268 325 0
347 403 3
234 292 3
295 296 3
297 298 3
240 299 2
300 301 3
303 304 3
306 308 3
315 316 3
258 317 3
323 380 3
265 323 0
284 342 3
291 292 3
298 299 0
299 300 1
308 309 3
316 317 3
319 320 3
323 324 3
325 386 3
270 386 3
342 343 3
292 293 2
263 379 3
270 388 3
293 294 0
294 295 0
313 315 3
320 379 3
379 380 3
212 388 3
212 389 3
340 511 3
340 342 3
312 313 3
324 325 3
329 389 3
312 368 3
319 378 3
320 378 3
302 360 0
329 390 3
312 370 3
306 365 3
308 365 3
386 388 3
343 400 3
342 400 3
388 389 3
389 390 3
294 352 0
295 352 3
312 369 3
369 370 3
380 381 3
323 381 3
368 369 3
313 372 3
293 352 0
324 384 1
296 354 3
315 372 3
319 377 3
384 441 0
325 384 1
295 354 3
302 359 3
303 360 2
306 364 3
309 368 3
318 376 3
384 442 0
295 353 3
297 355 3
301 359 3
303 361 2
304 361 3
308 367 3
309 367 3
313 370 3
317 376 3
290 348 0
291 349 0
296 355 1
297 356 3
298 356 3
304 362 3
305 363 3
306 363 3
364 365 3
308 366 3
315 373 3
316 373 3
318 377 3
325 385 1
348 349 3
292 349 0
292 350 3
352 353 3
299 356 1
300 358 0
360 361 3
361 362 3
305 362 3
365 366 3
367 368 3
372 373 3
377 378 3
384 385 2
353 354 3
354 355 1
299 358 2
358 359 2
359 360 0
366 367 3
316 374 3
385 386 0
340 400 3
349 350 1
293 350 2
293 351 0
355 356 3
299 357 3
363 364 3
370 372 3
356 357 0
362 363 3
368 426 3
385 442 0
404 460 3
351 352 0
357 358 2
373 374 3
440 441 3
343 460 3
403 460 3
350 351 0
372 429 3
376 377 3
324 440 3
369 426 3
317 374 3
400 460 3
347 405 3
360 418 1
378 379 3
376 434 3
359 418 3
350 408 0
374 376 3
356 414 3
357 414 1
370 429 3
380 438 3
400 458 3
351 408 3
367 425 3
458 460 2
353 411 1
354 411 1
354 413 1
362 420 3
368 425 3
374 434 3
381 438 3
381 439 3
385 502 0
386 502 3
355 413 3
360 419 3
361 419 3
361 420 3
363 421 3
364 421 3
379 437 3
340 458 1
352 411 1
411 412 3
354 412 1
412 413 3
356 413 3
359 417 3
365 423 3
370 428 3
374 433 3
433 434 3
376 435 3
377 435 3
324 381 3
340 457 1
358 417 2
417 418 3
364 423 3
369 428 3
434 435 3
378 436 3
384 498 0
457 511 0
348 406 3
349 407 1
350 407 2
351 409 3
366 424 3
369 427 3
378 437 3
438 439 3
442 498 3
457 458 3
406 407 0
408 409 3
351 468 3
352 468 1
358 416 3
416 417 2
419 420 3
423 424 3
424 425 3
426 427 3
427 428 3
380 437 3
441 498 3
389 446 3
363 420 2
428 429 3
429 545 2
381 440 3
388 446 3
390 446 3
347 460 3
411 468 3
413 414 3
420 421 3
386 504 3
388 504 3
329 446 3
407 408 2
409 468 3
418 419 0
429 431 3
372 431 3
436 437 3
440 498 3
373 431 3
378 435 3
437 438 3
502 504 3
446 631 3
425 426 3
456 511 0
414 473 3
435 436 3
357 473 1
364 480 3
438 496 3
416 474 1
569 631 3
456 457 3
357 416 2
421 480 3
374 431 3
437 496 3
423 480 3
433 490 1
439 496 3
446 504 3
511 569 3
417 474 3
418 476 3
374 490 1
440 497 3
511 572 1
416 473 1
419 476 3
431 490 1
442 500 3
569 572 1
457 515 3
458 515 3
425 483 3
431 545 2
439 497 3
381 497 3
456 572 1
412 471 3
473 474 3
424 483 3
497 498 3
408 466 0
413 471 3
435 494 2
436 494 2
498 500 3
460 519 1
405 521 1
407 465 1
409 466 0
420 478 3
421 478 3
456 515 2
414 471 3
426 485 3
427 485 3
347 519 1
419 477 3
423 481 3
431 488 1
437 494 2
385 500 0
458 516 3
406 464 3
409 467 1
411 469 3
412 470 3
417 475 3
418 475 3
477 478 3
424 482 3
488 545 2
435 493 2
502 560 3
460 516 3
407 464 1
408 465 0
467 468 0
469 470 3
470 471 3
414 472 3
474 475 3
476 477 3
478 480 3
481 482 3
428 485 3
434 493 2
493 494 3
437 495 2
385 560 0
466 467 1
480 481 3
426 483 3
515 516 2
464 465 3
471 472 3
482 483 3
428 486 3
429 486 3
494 495 3
391 631 3
515 572 1
465 466 0
468 469 3
495 496 3
498 499 3
391 446 3
391 569 3
461 519 1
347 461 3
472 473 3
485 486 3
499 500 3
475 476 3
426 484 3
484 485 3
486 545 3
431 489 1
433 492 1
434 492 1
492 493 0
488 489 2
489 490 0
496 497 3
504 563 3
446 563 3
385 559 3
470 528 3
483 484 3
500 559 1
469 528 1
405 461 3
482 540 3
446 564 3
471 529 3
559 560 0
504 561 3
391 564 3
490 492 1
502 561 3
471 528 3
490 549 3
492 549 3
504 562 3
460 577 1
467 469 0
528 529 3
478 538 3
480 538 3
486 544 3
500 557 3
465 523 3
477 535 3
544 545 3
489 548 3
561 562 3
515 573 0
516 574 3
519 577 3
464 523 3
466 523 1
474 532 3
476 535 3
478 535 3
490 548 3
499 557 3
516 573 3
467 526 3
473 532 3
485 543 3
548 549 3
493 551 3
495 554 3
496 554 3
516 577 2
469 526 1
472 531 3
473 531 3
478 537 3
483 541 3
484 543 3
486 543 3
492 550 3
493 550 1
494 552 3
495 552 3
497 555 3
498 557 3
562 563 3
563 564 3
573 574 3
464 522 1
466 524 1
466 525 1
467 525 3
474 533 3
475 533 3
478 536 3
537 538 3
481 538 3
484 541 3
550 551 3
497 554 3
498 556 3
574 577 0
472 529 3
476 533 3
535 536 3
549 550 3
498 555 3
556 557 3
560 561 3
572 573 0
523 524 1
469 527 1
476 534 3
481 539 3
481 540 3
484 542 3
554 555 3
522 523 0
524 525 3
527 528 3
533 534 3
534 535 3
539 540 3
483 540 3
542 543 3
494 551 3
555 556 3
525 526 3
531 532 3
540 541 3
489 547 3
532 533 3
536 537 3
541 542 3
543 544 3
551 552 3
529 530 3
472 530 3
495 611 3
461 577 1
530 531 3
538 539 3
488 547 2
552 611 3
554 611 3
500 616 1
526 527 3
545 547 1
547 548 3
557 616 2
560 618 1
547 605 3
559 618 2
573 689 3
461 636 0
572 689 0
577 635 0
577 636 0
525 583 3
545 605 3
552 610 3
573 632 3
574 632 3
635 636 0
461 695 1
524 583 3
538 596 1
539 598 3
540 598 3
551 610 3
526 583 3
529 587 1
530 587 1
537 596 1
539 596 1
555 613 3
556 613 3
556 614 3
557 614 3
557 615 3
559 617 1
534 592 1
535 592 1
543 601 3
545 603 3
615 616 2
559 616 2
561 618 1
564 623 1
569 688 1
572 688 0
541 598 3
541 600 2
542 600 3
544 601 3
544 602 3
545 602 3
603 605 3
614 615 3
524 582 3
526 584 3
533 591 1
534 591 1
543 600 3
567 618 1
577 632 1
522 580 1
523 581 1
582 583 3
527 584 3
527 585 1
528 586 1
528 587 1
530 588 1
531 589 1
532 590 1
533 590 1
535 593 1
536 594 1
537 595 1
539 597 1
598 600 3
550 608 3
554 612 3
616 617 3
561 619 1
580 581 3
581 582 0
583 584 3
585 586 3
586 587 3
587 588 3
588 589 3
589 590 3
593 594 3
594 595 3
595 596 0
596 597 1
601 602 3
602 603 3
548 606 3
549 606 3
549 607 3
550 607 3
611 612 3
613 614 3
618 619 3
567 619 1
561 567 3
562 567 3
562 620 1
567 623 1
688 689 0
590 591 3
597 598 0
607 608 3
551 608 2
551 609 3
563 620 1
632 689 3
584 585 1
592 593 3
606 607 3
608 609 3
609 610 3
591 592 3
547 606 3
600 601 3
605 606 3
610 611 0
555 612 3
617 618 0
391 685 1
612 613 3
569 685 1
567 620 1
563 567 3
564 567 3
598 657 3
600 657 3
606 664 3
564 682 1
601 659 3
602 659 3
391 567 3
605 662 3
616 675 2
617 675 2
618 676 3
567 682 1
590 648 0
591 648 0
602 661 3
603 661 3
603 662 3
610 669 3
611 669 1
617 676 0
567 676 1
391 682 1
589 648 0
685 688 1
606 665 3
607 665 3
612 670 1
586 644 0
587 644 0
608 665 3
608 666 3
609 666 3
611 670 1
685 803 0
688 803 0
632 690 3
593 651 0
594 651 0
597 655 3
598 656 3
610 668 3
613 670 1
613 671 1
614 671 1
391 684 1
686 803 0
580 638 0
581 639 0
582 640 1
583 641 0
584 642 1
585 643 0
587 645 0
588 646 0
589 647 0
591 649 0
592 650 0
595 653 0
596 654 1
596 655 1
656 657 3
600 658 3
600 659 3
606 662 3
609 668 3
668 669 3
614 672 0
615 673 1
567 684 1
687 803 0
636 694 2
461 694 1
638 639 3
639 640 3
640 641 0
641 642 1
642 643 0
643 644 3
644 645 3
645 646 3
646 647 3
647 648 3
649 650 3
650 651 3
594 653 0
653 654 1
654 655 0
655 656 0
659 660 3
669 670 3
670 671 3
671 672 0
672 673 1
616 673 1
616 674 1
675 676 0
684 685 3
686 687 3
689 690 3
577 690 1
635 694 2
694 811 1
658 659 3
674 675 2
594 652 2
602 660 3
661 662 3
662 664 3
648 649 3
651 652 1
652 653 0
657 658 1
657 715 1
658 715 1
664 665 3
665 666 3
673 674 3
567 678 1
577 751 1
635 751 1
660 661 3
567 683 1
567 800 3
684 800 0
694 695 0
567 679 1
609 725 3
668 725 3
694 751 1
656 714 1
661 719 3
666 725 3
676 790 1
751 811 1
662 719 3
662 720 3
678 679 3
685 743 2
664 721 1
670 728 3
567 790 1
743 803 0
656 715 1
719 720 3
664 722 1
668 726 3
669 726 3
669 727 3
671 728 3
662 721 1
665 722 2
726 727 3
669 728 3
658 716 3
721 722 2
672 730 1
673 731 3
674 731 3
690 748 1
577 809 0
751 809 0
638 696 0
639 697 0
640 698 0
641 698 3
642 700 0
643 701 0
644 702 0
645 703 0
646 704 0
647 705 0
648 706 0
649 707 0
650 708 3
651 709 3
654 712 0
655 713 0
659 716 3
659 717 3
665 723 3
665 724 3
666 724 3
671 730 1
673 730 1
743 800 0
688 690 2
577 748 1
696 697 0
697 698 1
641 700 3
700 701 3
701 702 3
702 703 3
703 704 3
704 705 3
705 706 3
706 707 3
707 708 1
708 709 3
652 709 0
653 712 0
713 714 1
714 715 1
715 716 0
716 717 3
660 719 3
722 723 2
723 724 3
725 726 3
655 712 0
720 721 3
724 725 3
727 728 3
685 800 0
459 748 1
660 717 3
660 718 3
671 729 3
688 746 0
459 690 1
695 811 1
717 718 3
718 719 3
728 729 3
729 730 1
730 731 0
675 790 1
459 688 1
641 699 3
699 700 3
698 699 3
652 712 0
652 768 0
462 811 1
712 768 3
695 753 1
461 753 1
461 462 3
675 731 2
753 811 1
462 753 1
709 768 0
459 577 0
717 775 3
731 790 1
746 803 0
718 775 3
699 757 3
698 757 3
700 757 3
567 796 3
730 788 0
459 746 1
705 763 3
712 713 2
713 771 1
729 788 3
459 803 3
705 764 3
706 764 3
712 771 1
716 774 3
727 786 3
728 786 3
730 789 3
731 789 1
709 767 0
712 770 1
715 774 0
721 779 3
721 780 3
722 780 1
696 754 1
697 755 1
698 756 3
756 757 3
701 759 3
702 760 3
703 761 3
704 762 3
706 765 3
707 765 3
708 766 3
768 770 1
714 772 1
715 773 0
720 779 3
723 781 3
724 782 3
725 783 3
726 784 3
727 785 3
789 790 0
754 755 0
755 756 1
700 759 3
759 760 3
760 761 3
761 762 3
762 763 3
765 766 1
709 766 3
771 772 1
772 773 0
773 774 3
720 778 3
779 780 3
722 781 2
781 782 3
782 783 3
783 784 3
784 785 3
700 758 3
763 764 3
766 767 0
767 768 0
718 776 2
719 778 3
780 781 0
785 786 3
788 789 1
758 759 3
775 776 3
719 776 2
764 765 3
770 771 3
778 779 3
757 758 3
717 774 3
729 786 3
809 811 1
790 796 0
786 845 3
729 845 3
800 803 3
774 775 3
788 845 3
776 778 3
762 821 1
763 821 1
768 826 1
790 906 1
811 869 0
764 821 1
767 826 1
789 906 0
809 869 0
462 869 3
786 844 1
773 831 3
774 831 3
788 846 3
770 827 1
770 828 3
771 828 3
845 846 3
757 815 1
766 825 3
767 825 1
768 827 1
774 833 3
775 833 3
844 845 2
758 815 1
774 832 3
778 835 2
778 836 2
779 836 3
779 837 1
780 837 1
785 844 1
776 833 1
776 834 1
776 835 1
789 846 2
754 812 1
755 813 1
756 814 1
758 816 1
759 817 1
760 818 1
761 819 1
762 820 1
771 829 3
772 829 0
772 830 0
833 834 3
834 835 3
780 838 1
781 838 1
781 839 1
782 840 1
783 840 1
784 842 3
785 843 3
812 813 3
813 814 0
814 815 1
815 816 0
816 817 1
817 818 3
818 819 0
819 820 1
820 821 0
830 831 3
836 837 2
838 839 2
839 840 3
783 842 3
842 843 3
825 826 0
828 829 3
831 832 3
832 833 3
790 965 1
826 827 1
827 828 0
837 838 2
843 844 1
906 965 3
796 965 1
764 823 1
765 823 1
766 824 0
824 825 1
835 836 3
766 823 0
829 830 0
823 824 3
796 800 3
821 823 3
459 809 0
783 899 2
840 899 0
842 899 2
513 809 0
459 513 3
846 906 3
829 887 0
821 880 3
823 880 3
828 887 2
830 887 1
824 882 3
825 882 0
825 884 0
826 884 3
828 886 3
513 869 3
823 881 3
823 882 3
843 902 0
844 902 0
846 905 3
905 906 3
881 882 3
845 903 3
820 878 0
821 878 3
880 881 3
828 885 3
832 890 3
812 870 0
813 871 0
814 872 3
815 873 0
816 874 3
817 875 0
818 876 0
819 877 3
826 885 3
827 885 0
885 886 3
830 888 1
831 889 1
833 890 3
835 893 3
836 894 3
837 895 0
838 896 0
839 897 0
840 898 0
842 900 3
843 901 3
844 903 2
870 871 3
871 872 3
872 873 3
873 874 3
874 875 3
875 876 3
876 877 3
877 878 3
821 879 3
888 889 3
889 890 0
834 892 1
834 893 3
893 894 3
894 895 3
895 896 3
896 897 3
897 898 1
898 899 1
899 900 0
900 901 3
901 902 0
902 903 1
846 903 3
846 962 3
878 879 3
879 880 3
825 883 0
886 887 0
887 888 1
833 949 0
834 949 0
513 925 1
882 883 0
883 884 1
884 885 3
903 962 3
892 949 0
892 893 0
905 962 3
890 949 0
462 513 3
906 964 3
905 964 3
964 965 3
965 1023 3
796 1023 1
886 944 0
887 944 0
887 945 1
888 945 1
899 957 0
892 950 0
898 957 0
900 957 0
893 950 0
870 928 3
871 929 3
872 930 3
873 931 3
874 932 0
875 933 0
876 934 0
877 935 0
878 936 0
879 937 0
880 938 0
881 939 0
885 943 0
885 944 0
888 946 1
889 947 1
890 948 1
893 951 3
894 952 3
895 953 1
896 954 1
897 955 3
898 956 0
900 958 0
901 959 1
902 960 3
903 961 0
513 803 3
928 929 3
929 930 3
930 931 3
931 932 0
932 933 3
933 934 3
934 935 3
935 936 3
936 937 3
937 938 3
938 939 3
882 939 0
885 942 0
943 944 3
944 945 1
946 947 1
947 948 3
948 949 0
950 951 1
951 952 3
952 953 1
953 954 3
954 955 0
955 956 3
956 957 3
957 958 3
958 959 1
959 960 0
960 961 3
961 962 1
884 942 0
942 943 3
883 942 3
945 946 3
949 950 3
882 940 0
883 941 3
939 940 3
883 940 3
941 942 3
940 941 3
905 1021 3
964 1021 3
941 1000 1
942 1000 1
944 1002 1
962 1021 3
943 1002 1
946 1004 0
947 1004 0
943 1000 1
945 1002 0
964 1023 3
928 986 3
929 987 3
930 988 3
931 989 3
932 990 1
933 991 1
934 992 1
935 993 1
936 994 1
937 995 1
938 996 1
939 997 1
940 998 1
941 999 1
943 1001 1
947 1005 0
948 1006 0
949 1007 1
950 1008 1
951 1009 1
952 1010 1
953 1011 3
954 1012 3
955 1013 1
956 1014 1
957 1015 1
958 1016 1
959 1017 3
960 1018 1
961 1019 1
962 1020 3
986 987 3
987 988 3
988 989 3
989 990 3
990 991 3
991 992 3
992 993 3
993 994 3
994 995 3
995 996 3
996 997 3
997 998 3
998 999 3
999 1000 3
1000 1001 3
1001 1002 2
945 1004 0
1004 1005 3
1005 1006 3
1006 1007 3
1007 1008 3
1008 1009 3
1009 1010 3
1010 1011 3
1011 1012 3
1012 1013 3
1013 1014 3
1014 1015 3
1015 1016 3
1016 1017 3
1017 1018 3
1018 1019 3
1019 1020 3
1020 1021 3
