0.00731826 0.263773 37.6578
0.00731826 0.263773 37.6578
0.00731826 0.263773 37.6578
-0.501613 -0.00922544 63.3854
-0.0140091 -0.010825 21.2434
-0.0946851 -0.341696 61.6442
-0.0935507 -0.327444 61.3649
0.000147293 0.412089 25.5799
0.213438 -0.0405097 2.53003
0.00220541 -0.169127 25.8343
0.0179533 -0.114558 21.034
0.0402105 -0.16531 17.0699
0.117108 -0.349073 0.985509
-0.0698515 -0.0935447 44.5626
-0.0629363 -0.0631207 41.797
-0.0731063 -0.0727327 45.6194
-0.0389591 -0.0708038 33.1853
-0.0240677 -0.0346016 27.187
-0.0800329 -0.0483939 50.0621
-0.0771236 -0.0222651 47.2445
-0.0447774 -0.0438475 34.0468
-0.0415529 -0.0403753 32.6344
0.142007 -0.084593 -50.026
0.0153829 -0.0861357 -4.47982
-0.246065 0.0146298 143.735
0.0170603 0.0255454 6.16266
-0.0663456 -0.416511 61.0353
-0.0747926 -0.163945 62.1963
-0.00929502 -0.0254577 14.8456
-0.024687 -0.020044 25.5465
-0.0244822 -0.0277096 25.5318
0.0080112 -0.0359273 4.90646
0.155129 0.146861 -103.88
0.13483 0.0105578 -91.024
0.139268 0.0151085 -94.3056
-0.0232538 0.0285416 22.5519
-0.0131966 0.0767478 12.1086
-0.0165909 0.0363668 15.6567
0 0.185405 -1.52756
-0.0112468 -0.0138006 13.6604
-0.00976562 -0.00651042 11.0983
0.747879 0.0154279 -665.635
-0.00698299 -0.0481065 10.1062
-0.0190976 -0.0170845 21.488
-0.027157 0.0228408 25.3823
0.0669456 -0.412393 -56.4601
-0.222131 -0.0304399 235.121
-0.0260286 -0.0245439 34.5394
-0.00117006 -0.0631791 5.35665
0 -0.0970698 4.67211
0 -0.345405 8.85379
0 -0.0612423 4.10132
-0.0184493 -0.0112268 29.6142
-0.00554377 -0.0144831 14.8674
-0.0327867 0.00920774 44.9789
-0.0433788 0.102095 56.2332
-0.0279008 0.149376 37.1015
-0.0168742 0.149152 23.6419
-0.010189 -0.0212854 32.4827
-0.0104119 -0.0193996 32.4211
-0.0113116 -0.0162628 32.3481
-0.503769 -0.00969786 63.5492
-0.0232742 -0.0139907 22.2412
-0.16398 -0.351228 69.4955
0.107456 -0.0945564 20.4897
0.151696 -0.0908646 13.5149
0.32253 -0.0164045 -40.0621
-0.0140146 -0.145636 28.2478
0.00728215 -0.168595 24.3274
0.0328828 -0.186099 18.4547
-0.148332 0.169699 60.1851
-0.00750708 -0.09899 25.6207
-0.0327085 -0.068485 32.7565
-0.0497616 -0.0642391 37.8595
-0.0348695 -0.0292888 31.5391
-0.00760264 -0.0236818 21.2807
-0.0828662 -0.0549979 51.201
-0.0874867 -0.0605336 53.0809
-0.0552762 -0.058716 39.1448
-0.059866 -0.0872057 42.5505
-0.528478 0.0453972 271.306
0.00434412 -0.0610853 10.9496
-0.0148557 0.0178146 18.0172
0.010082 -0.0914504 7.99622
0.00818143 -0.104786 9.84119
0.132329 -0.101672 -61.9578
0.0425414 -0.0378611 -16.552
-0.025269 -0.0452872 26.5308
-0.0188957 -0.0264807 21.7206
-0.0161085 -0.0307639 19.3523
0.167184 0.147816 -112.158
0.133259 0.0187943 -90.0422
0.117225 -0.0364603 -72.9892
0 0.342167 -8.96599
0.0397746 0.316693 -39.418
-0.00340669 0.324188 -5.63487
0 0.326768 -8.50018
-0.0164548 -0.088265 22.4846
-0.53125 0.977679 518.4
0.0336213 0.0165877 -26.9307
-0.00101572 -0.00858357 4.72132
-0.00301012 -0.0145484 9.67614
0.504024 0.0285718 -467.9
0.386609 0.223116 -359.328
-0.00913633 0.185124 10.214
0 0.311956 -3.97109
0.0136092 0.163382 -12.3091
0 0.176259 1.41224
0 0.211337 0.0274833
0.117188 -0.148438 -119.238
-0.0118851 0.0416939 19.7469
0.00339642 0.0539287 1.92411
-0.0120854 0.0519743 19.8269
-0.000925424 0.134008 4.07481
0.0613814 0.019483 -44.8065
0.0613814 0.019483 -44.8065
-0.00959495 -0.0210827 32.4683
-0.00948296 -0.01977 32.4029
-0.0100824 -0.018299 32.3605
-0.00903267 -0.0183 32.2827
-0.00903267 -0.0183 32.2827
-0.265512 -0.251531 76.7989
0.158175 -0.163773 16.3482
0.140072 -0.105355 16.1238
0.030199 -0.0308193 37.2219
0.0323012 -0.0299354 36.7612
0.100917 -0.0131363 -8.0046
0.134538 -0.0291682 -14.2444
-0.156485 0.200318 61.1584
3.19517e-05 -0.0732017 22.1572
-0.0200019 -0.0715421 29.2096
-0.0429813 -0.0598024 35.9422
-0.0478097 -0.113306 40.3293
-0.0739989 -0.0652247 47.6743
-0.075454 -0.077733 49.1727
-0.0785538 -0.0635286 48.8243
-0.0725521 -0.0632105 46.9273
-0.0604236 -0.107538 43.7675
-0.302297 -0.145977 166.768
-0.0226231 -0.0792946 23.3036
0.047892 0.0186928 -15.9455
-0.0202861 -0.103344 24.5965
-0.000986736 -0.0943731 13.6157
0.0485268 -0.0331633 -20.5114
0.000417586 -0.0457606 10.3028
-0.0133212 -0.0302617 17.9989
-0.00261499 0.0143173 9.22471
-0.0145001 0.0840839 12.2514
0.0139752 0.0927523 -6.32743
0.15614 0.119808 -111.157
0.126415 -0.0319449 -80.1625
-0.0278069 0.0458459 24.3975
0.0157698 -0.122073 10.8532
0.0201222 -0.0276788 -12.9631
-0.0155722 -0.10452 22.7476
0.205458 -0.0369717 -166.207
0.00251752 0.0159449 -0.0228967
-0.0323144 -0.0426669 34.0468
-0.00580069 -0.00144685 8.41708
0.00196232 -0.00362254 0.899868
0.0182371 -0.0160313 -12.5719
0.546995 -0.447313 -487.871
0 -0.127212 10.8973
0.00360093 -0.129232 7.29853
0 -0.127212 10.8973
0.0333281 -0.00659047 -27.3545
0.217575 -0.0706641 -223.266
-0.0807613 0.0263878 98.6994
0.00469602 -0.000808852 3.36553
0.108775 0.108395 -123.823
0.0479396 -0.0102585 -34.7476
0.0204431 -0.026772 99.229
-0.0166016 5.38184 -195.082
0 0 -1
0 -0.401479 44.7887
-0.0314193 -0.0360387 43.1781
-0.0507797 -0.0059922 41.8221
0.186855 -0.123123 10.5675
0.186855 -0.123123 10.5675
-0.179707 -0.296727 68.8502
0.227537 -0.187732 7.65969
0.15461 -0.151544 16.1472
0.135931 -0.089628 15.8982
0.0641162 -0.0407659 2.74156
0.114242 -0.00900411 -11.4464
0.0734949 0.0128389 -2.16113
-0.0356566 -0.084872 33.3897
0.0052741 -0.0750117 20.9852
-0.0123654 -0.0511968 25.3159
-0.0436422 -0.130967 40.5136
-0.0107811 -0.184165 31.5407
-0.0602691 -0.108125 44.8657
-0.0731697 -0.0667874 47.7453
-0.0700785 -0.0694262 45.7882
-0.0704869 -0.0784894 46.7142
-0.073872 -0.0767149 47.7267
-0.0667951 -0.113182 46.4694
0.0153456 -0.11 5.21856
0.0109382 -0.0780754 6.19246
0.00880126 -0.0645368 6.26571
0.0163825 -0.066276 1.4211
-0.0312645 -0.0701922 30.828
0.0254275 -0.048911 -4.60137
-0.000906283 0.000948526 9.45201
-0.0235905 0.00966098 24.3591
-0.045725 0.0177811 40.1284
-0.0669216 -0.0752116 62.0997
0.0343776 0.0794251 -20.024
0.0220206 0.0792582 -9.26721
0.0634995 -0.0446598 -33.2698
0.080696 0.301375 -67.7122
-0.0602414 0.0386552 48.1567
0.010735 -0.0234573 -4.94981
0.323568 -0.204232 -254.595
0.0252276 -0.027925 -17.7356
0.00711561 -0.0112054 -2.95167
0.000965362 -0.0116353 2.58218
0.00653167 -0.00290899 -3.46359
0.0336054 -0.0955777 -22.544
-0.000182301 0.0077528 1.76984
0.017371 -0.00283661 -14.2194
-0.00232095 -0.0849918 11.2488
0.159844 -0.146033 -141.933
-0.0293334 0.23827 23.4115
-0.0394108 0.248925 33.3722
-0.470738 0.0195753 535.665
0.000227483 -0.0160027 9.26672
-0.0164035 -0.0210785 27.9507
0.022778 -0.132813 103.285
-0.00393012 0.0140131 10.9904
-0.125233 0.248276 263.158
-2.42125 5.97614 2626.76
-0.00534283 -0.0365458 42.2591
-0.00475918 -0.0345015 42.0405
0.00524234 -0.00603908 38.8799
0.224068 0.406639 -38.0865
0.245702 -0.462515 50.1059
0.285244 -0.424601 34.3834
-0.15023 0.406081 -3.35974
-0.1395 0.37161 -2.29973
-0.143838 0.377183 -2.00549
0.120464 -0.0198732 -11.0196
0.116316 0.0100296 -12.9582
-0.0744781 0.10964 26.9266
-0.0831246 0.0949766 31.0796
-0.108513 -0.156315 62.0203
-0.140775 -0.280193 84.0394
-0.00514237 -0.128086 22.9745
-0.00454672 -0.0690498 15.9161
0.0403067 -0.235187 16.9373
-0.0450014 -0.104816 37.4899
-0.0612657 -0.0798824 42.0044
-0.0866514 -0.0206069 48.5429
-0.0850856 -0.0154644 47.0895
-0.0196472 -0.072599 20.7344
0.00575566 -0.0730859 8.36449
0.0188257 -0.0393086 -0.725963
0.0121156 -0.0503765 3.62264
0.0087148 -0.0441198 4.79372
0.0289899 -0.0552137 -6.12705
0.0614517 -0.0329093 -27.7395
0.0402536 -0.0685114 -11.1325
0.034324 -0.0956459 -3.94504
-0.0153326 -0.0453848 23.1844
-0.0779944 -0.00795197 63.9287
0.0329342 0.0879048 -19.2923
0.0260317 0.0820167 -13.9982
-0.0315682 -0.0438285 33.7329
-0.0603269 -0.0581058 75.2457
-0.00195691 -0.00746584 5.00893
0.00350177 -0.0113329 0.748553
0.0222951 -0.0181435 -16.442
-0.160233 -0.051285 145.065
0.00746815 -0.0253331 -2.10672
-0.00103974 -5.87999e-05 3.41473
-0.00714577 -0.00387813 9.49703
-0.00499665 -0.0960457 16.4082
-0.0125738 -0.0534471 19.7516
0.0154048 -0.00656588 -11.7709
0.0288326 -0.0093044 -26.3723
0.167608 -0.134924 -151.158
0.0335668 -0.0234338 -26.1391
1.41525e-05 -0.0580986 10.8985
-0.0825072 -0.0295586 100.686
-0.0191632 -0.0202294 30.6301
-0.0153727 -0.0289375 26.241
-0.277406 0.343019 343.348
0.275887 -0.107759 -201.223
0.0491882 0.200739 47.633
0.0491882 0.200739 47.633
-0.00559398 -0.0375438 42.3761
-0.00618672 -0.0431329 43.0567
-0.0016464 -0.071772 45.9719
-0.18906 -0.0669237 58.0984
-0.131287 0.160309 18.05
-0.0445058 -0.00244923 22.4067
-0.032858 0.0276103 16.9682
-0.0307004 -0.00947278 30.2009
-0.0342237 -0.0100807 31.1892
0.0748322 0.00266509 -3.2925
-0.0318043 0.0660559 22.1293
-0.0744048 0.0739138 31.5143
-0.0543521 0.0646109 26.8727
-0.0968507 -0.20409 62.7427
-0.0605127 -0.0175223 29.328
-0.0317247 -0.0154984 19.9324
0.0119877 0.0210698 0.244788
0.015605 0.00841927 1.11806
0.00395024 0.0329493 2.67659
-0.0126789 0.0150578 11.5739
-0.0426485 0.0191171 25.441
-0.0953147 0.00496289 49.3464
-0.0566186 0.00204594 31.1253
0.00764002 -0.0265418 3.22018
0.0032033 -0.0450048 8.0208
0.0304381 -0.032306 -8.12445
0.0217451 -0.0504178 -1.77523
0.00310635 -0.0552701 9.17519
0.0155571 -0.0839718 4.97701
0.0473018 -0.120968 -11.154
0.028115 -0.0865225 -1.66039
0.02142 -0.155494 11.2762
0.00761729 0.0309355 1.35392
-0.0120477 -0.0465707 17.6025
-0.0131663 -0.0424615 19.0776
-0.0193012 -0.00584019 19.7406
-0.0807115 -0.0817985 93.9223
-0.219418 0.00217665 189.278
-0.00929711 0.0113798 9.70333
0.0174727 -0.0246831 -10.5694
0.0293356 -0.0157049 -23.4499
0.00629531 0.0037596 -3.33966
-0.0072937 -0.00369942 9.81271
0.0016216 -0.000725359 1.07313
0.0176477 -0.0167768 -11.8265
0.00409427 0.239207 -27.1821
0.000306112 0.236218 -23.1164
-0.0618097 -0.162678 85.1533
-0.00025418 0.234308 -22.3243
-0.0580837 -0.25128 99.0243
-0.00113001 -0.0195927 10.9872
5.5028 -0.020981 -6162.36
-0.0315624 -0.00892084 43.7255
-0.0264053 -0.0252284 39.4389
0.0781504 -0.045219 -80.7526
-0.0789984 0.0603007 97.6081
-0.0280802 -0.0104663 40.4226
-0.0182035 -0.011664 27.9159
-0.0213666 0.0703927 15.1008
-0.020951 0.0661409 15.6981
0.0607071 -0.0560647 40.572
-0.0520471 0.14075 9.77564
-0.0323883 -0.0305711 24.4715
-0.0286971 -0.0143861 22.2775
-0.0422634 0.0144297 19.945
-0.0230335 -0.00475748 28.149
-0.0455333 0.00740328 30.5113
-0.0704462 0.0192618 24.8675
0.460813 -0.104744 -72.289
-0.0871317 -0.0177891 45.9605
0.0200449 0.084084 -7.20912
-0.0242773 0.0829216 5.11109
-0.040141 0.0297805 16.637
0.0231743 0.0425569 -6.5063
0.0374016 0.0901884 -18.4106
0.0199155 0.0494739 -5.48478
-0.00995028 0.0316265 8.54752
-0.025518 0.030979 14.8093
-0.0545205 0.0194054 29.2038
-0.0812835 0.0124198 41.7433
-0.0141667 0.00351437 10.2425
0.000710838 -0.0137024 5.30346
0.0103554 -0.0322756 3.3309
-0.0182068 -0.0379838 18.9094
-0.0140054 -0.0473 17.4582
-0.00402226 -0.0667472 14.8308
-0.00861217 -0.0675285 17.6095
0.00801945 -0.0970926 10.789
0.0295898 -0.0894237 -3.74616
-0.0114937 -0.0972833 25.4708
-0.0244851 -0.0726123 29.982
-0.0137607 -0.0441899 18.9355
0.0371407 -0.0740604 -13.6868
0.198473 -0.145025 -126.423
0.180029 -0.224262 -99.7158
-0.139679 -0.00799462 126.413
-0.0282991 -0.00817349 28.634
-0.0479191 -0.00396638 44.8107
0.000620471 -0.0120402 3.01837
0.00496472 -0.0230438 1.32838
0.00338936 -0.0107586 0.884407
0.0196222 -0.015366 -13.7108
-0.0024884 -0.00923176 5.67811
0.000412491 0.0997726 -12.2001
0.229993 0.138586 -227.638
0.0214231 -0.0278432 -13.451
-0.00320601 0.0222295 4.8124
-0.0145941 0.0471343 13.2026
0 0.0577609 -3.27893
0.16615 -0.0554883 -171.617
-0.0667379 0.0210631 78.7541
-0.0366957 -0.0137282 49.1064
-0.522734 -0.124966 646.235
0.00231371 -0.010585 4.62239
-0.0185978 -0.0206921 30.1031
-0.00971185 0.000463273 15.5575
-0.0252216 0.0722932 14.8401
0.505974 -0.176964 38.9932
-0.102868 0.113065 17.2383
-0.0543639 0.144649 9.01192
-0.0261049 0.13316 9.11906
-0.096219 0.0673602 27.841
-0.0632928 0.0610669 25.1073
-0.0320563 0.0432546 22.4779
-0.0584691 0.0689627 23.2119
-0.218409 -0.0912698 76.0148
0.381048 -0.0802801 -57.7073
-0.0481217 -0.0116143 34.3444
-0.0748677 -0.027688 43.9781
-0.0659365 0.159435 6.28292
-0.0755188 0.148777 10.7664
-0.0451716 0.150171 1.47975
-0.0247678 0.100845 2.51998
-0.0158943 0.0746212 3.94425
-0.0348268 0.0271124 19.0125
-0.0442621 0.0138965 25.0832
-0.0604537 0.0340734 28.8899
-0.0763319 0.0171071 38.6291
-0.0637337 0.0312989 29.9423
-0.0349069 0.0238903 17.0192
-0.012143 -0.0135572 11.9058
-0.0206039 -0.0221741 17.7001
-0.0123929 -0.0283895 13.7016
-0.00563052 -0.00894448 6.53628
-0.0107113 -0.0180166 11.0486
0.00126238 -0.068371 11.3192
0.0176711 -0.091231 4.52532
0.0117722 -0.0659986 4.28979
0.00301381 -0.0357026 5.29459
-0.00437367 -0.00764265 5.99922
-0.0343789 -0.029192 31.9864
-0.0527775 -0.0205568 45.0084
-0.0266234 0.0584615 11.3449
-0.124483 0.000209389 112.845
-0.0873009 -1.52062 310.931
0.0725851 0.147187 -80.0214
0.0128677 -0.0179635 -6.80828
0.00484277 -0.0187267 0.610929
0.00575086 -0.0130083 -1.07874
0.185558 -0.234444 -137.513
-0.000831021 -0.00824642 3.89603
-0.0507812 0.386719 -6.53125
0.00533513 -0.00687428 -1.19154
0.0104221 0.00596878 -8.90642
0.0264534 -0.00559641 -22.9647
-0.00125603 -0.0260054 9.59939
-0.231027 0.0941843 256.107
-0.268889 0.0280325 309.139
-0.236065 0.0638111 264.936
0.0201348 -0.011217 -15.7483
-0.0182955 -0.0182677 28.643
-0.0197962 0.0036323 27.7433
0.0202173 0.000336173 -19.6992
0.247961 -0.132344 -262.567
-0.0291278 0.0763492 14.1618
-0.0296045 0.0834944 12.7893
0.242936 0.0134166 7.37064
-0.113207 0.0707141 33.5079
-0.0528658 0.111617 15.2937
-0.066679 0.0286008 30.7004
-0.0541839 0.0985563 16.8108
-0.0701633 0.111386 17.6693
-0.0773051 0.0969108 21.6432
-0.0990834 0.0926801 26.4414
-0.0529137 0.0447769 25.5665
-0.0675148 0.0166284 34.2868
-0.0805317 0.0731101 27.0631
-0.0574002 0.13187 9.7638
-0.0758784 0.121768 17.3617
-0.0739465 0.141254 12.808
-0.0589008 0.0942451 16.1546
-0.047291 0.0869855 13.0488
-0.0487057 0.0714862 16.5068
-0.0485642 0.0594077 18.5857
-0.0534083 0.0927797 14.9175
-0.058494 0.072621 20.5419
-0.0254745 0.13493 -6.66445
-0.00105008 0.13652 -18.4602
0.441763 0.17401 -252.894
-0.0811039 0.012433 56.5456
-0.0112335 0.102876 -4.55158
0.0461527 0.100396 -33.6411
0.011424 0.0277765 0.442405
-0.038976 0.287179 -24.7191
-0.0378418 0.228891 -14.1675
-0.0218101 0.206342 -20.5484
-0.0195484 0.0713425 2.74018
-0.0437735 0.0392443 27.0134
-0.0444683 0.0341732 29.1907
-0.0239627 0.0837329 4.4072
-0.0323293 0.0680674 14.193
-0.125856 -0.00148177 114.244
0.00199327 -0.0323318 5.89427
-0.00749499 -0.0293782 13.4679
-0.00284637 -0.0212301 7.74836
0.00910504 -0.0139362 -4.07764
0.00878188 -0.0112605 -4.30415
0.024657 -0.0158751 -18.6646
0.0197174 -0.00978834 -14.6446
0.0207265 -0.0077836 -16.3844
0.015841 -0.000532604 -13.6089
0.0343261 -0.011455 -28.8131
0.0397135 -0.0292969 -28.5645
0.020692 -0.0102776 -16.6852
-0.0221557 -0.111099 61.4602
-0.305837 -0.00805001 354.875
-0.0903847 0.0438234 103.327
0.00483481 0.195178 -33.1454
-0.104756 -0.309844 201.594
0.515557 0.00879874 -593.321
0.433318 0.000760062 -516.289
0.223489 -0.139981 -230.951
0 -0.22603 92.0192
-0.0274894 0.0743627 14.5647
-0.119719 0.0818191 32.6434
-0.139155 0.104643 28.7017
-0.153381 0.126308 25.5941
-0.105921 0.172221 10.8057
-0.0943531 0.122513 19.8356
-0.100471 0.0858502 28.1163
-0.0905892 0.097564 24.0105
-0.0945671 0.102769 23.844
-0.0821139 0.0717823 27.0387
-0.066922 0.0534959 27.1449
-0.06424 0.0964196 18.0735
-0.059261 0.106097 14.9368
-0.0694871 0.108509 17.8259
-0.0813199 0.111298 20.8676
-0.0617372 0.106687 14.847
-0.0372449 0.142721 -0.963586
-0.0462164 0.13001 5.09148
-0.0641327 0.11728 14.8166
-0.0408064 0.192134 -10.8878
-0.0299005 0.200779 -17.1178
0.00237737 0.230008 -38.083
0.0373969 0.207783 -51.0109
0.174622 0.135552 -106.078
-0.0475947 0.0976286 20.0685
-0.0748741 0.121524 29.5528
0.0231938 0.121301 -26.598
-0.0138552 0.0852933 3.73324
-0.0519259 0.281256 -14.4342
-0.0608034 0.251697 -2.5712
-0.0552256 0.214709 0.82136
-0.0166268 0.172433 -17.3481
-0.0235242 0.141042 -6.17095
-0.039044 0.11732 10.0144
-0.0199065 0.109237 -3.01836
-0.0227899 0.0756 5.47283
-0.101881 -0.0156316 97.3306
0.0012846 0.00185301 0.0580028
0.00347184 -0.0137236 1.00279
0.00720636 -0.0156176 -2.01963
0.00756254 -0.016121 -2.25068
0.0143767 -0.0150512 -8.68252
-0.396509 0.126102 356.481
0.026733 -0.0161454 -20.0543
0.0126199 -0.0158712 -6.85096
0.169408 0.0262491 -173.036
0.0498398 -0.0016937 -46.0068
0.0914917 0.0128978 -90.7589
0.0530591 -0.0242231 -44.4172
0.106259 0.118552 -59.7944
-0.0340668 0.102267 28.0808
-0.0434818 0.0855987 42.647
-0.0152656 -0.108651 52.4689
0 -0.193847 52.6794
0.516206 0.00617214 -593.386
-0.00368419 0.00590635 29.0665
0.327257 -0.0677826 -372.776
-1.81786e-15 0.0883843 197.709
-1.81786e-15 0.0883843 197.709
-0.114495 0.094676 29.2638
-0.122175 0.103838 27.8651
-0.137279 0.125041 24.5426
0.00100218 0.135041 186.172
0.00104901 0.134727 186.234
0.00147816 0.134161 186.294
0.00246189 0.133227 186.331
0.00390577 0.131936 186.339
0.00605884 0.131358 186.008
0.00874726 0.128695 185.964
0.0106714 0.127691 185.696
0.0129546 0.126062 185.426
0.0151787 0.124219 185.172
0.0149666 0.129108 184.099
0.062477 -0.181538 151.115
-0.21815 0.080349 253.507
-0.0159967 0.144865 -10.2296
-0.0463853 -0.227403 81.5671
0.0157875 0.249504 -47.1908
-0.00438308 0.259879 -40.3727
0.0111621 0.25981 -48.1554
0.0101755 0.249443 -45.2452
0.0477832 0.192421 -51.6163
-0.00826995 0.235309 -31.7761
-0.0459032 0.160175 5.55844
-0.00769183 0.132283 -10.498
0.0261525 0.153447 -35.5866
0.0434855 0.223058 -62.2115
0.0354681 0.288804 -72.6883
-0.0318632 0.193911 -10.947
-0.0180709 0.195635 -20.9458
-0.0514198 0.145452 13.4096
-0.0419269 0.113019 13.2467
-0.0265525 0.126483 -1.80807
0.499762 0.211923 -430.325
0.454661 0.179199 -387.826
0.22744 0.0452793 -185.483
0.207155 0.036476 -166.784
0.00341983 -0.121594 36.8886
0.0680804 -0.0128348 -44.2003
-0.648251 -0.212891 644.078
0.129698 0.0604434 -121.079
-0.079561 -0.081648 119.126
0.0512009 0.421019 -130.905
0.0295056 0.111279 -34.8522
-0.816516 0.016436 846.501
0.0146724 0.217465 -53.2417
0.011655 0.219581 -50.4509
-0.0213637 0.199009 -9.53543
0.0266243 -0.0242893 -19.6958
-0.0107315 0.108722 0.46637
0 0.151591 -21.6722
0.0107923 0.148743 -33.7827
-0.0464198 0.0130317 68.382
0.55246 0.696565 -817.839
0.705066 0.00288584 -855.535
-0.00176929 -0.0809934 182.197
-0.00176929 -0.0809934 182.197
-0.00176929 -0.0809934 182.197
0.0365879 0.161267 -20.3588
0.00863484 0.146776 181.961
0.00520085 -0.0840945 181.91
0.00532736 -0.0841473 181.904
0.00591916 -0.0842716 181.843
0.00690055 -0.0844017 181.706
0.00782271 -0.084614 181.585
0.00797318 -0.084654 181.572
0.00685245 -0.0845106 181.815
0.00324053 -0.0856953 183.064
-0.00303761 -0.0854789 184.836
0.0247479 -0.18433 256.391
0.00773088 0.226721 135.23
-0.337402 -0.264844 386.413
-0.224186 0.0785502 256.229
-0.0175563 0.164641 -14.3426
-0.00424076 0.122832 -10.1257
-0.0500805 0.336674 -37.8856
-0.0289153 0.29975 -38.8656
-0.000613928 0.29799 -50.9883
-0.00990145 0.289099 -43.7272
-0.0336536 0.242027 -19.9869
-0.062721 0.132782 22.1125
-0.0531923 0.114584 20.8645
-0.00301785 0.150144 -17.3436
0.0591932 0.176308 -62.1891
0.10895 0.200142 -98.4515
0.0776633 0.235102 -87.143
0.0899652 0.253522 -99.9092
0.13373 0.194431 -115.287
0.120004 0.189491 -103.92
0 0 -1
-0.272572 -0.00103775 232.708
-0.242571 0.0437784 197.443
0.314307 -0.0286792 -226.199
0.249807 0.0332381 -201.536
0.0471492 0.00124659 -14.1317
0.0496958 0.0150916 -19.8568
0.0533783 0.0241905 -25.4255
0.00467355 0.209513 -36.5555
1.61406 -0.756446 -1319.01
-0.0478453 -0.0984329 92.8586
0.158845 0.0472434 -149.319
-0.0123733 0.079841 15.6333
0.0395687 0.0805306 -38.1885
-0.0319124 -0.119152 88.1628
-0.0483008 -0.149006 112.992
-0.186359 0.0493252 212.919
-0.0122877 0.112217 1.59991
-0.0190028 0.132321 4.6506
0.000603473 0.0338184 6.68867
0 0.012456 12.7624
-0.0374722 0.0108593 58.2541
0.534445 -0.0214564 -625.452
0.721372 0.00367265 -875.863
-0.00520011 -0.0438998 35.547
0 0 -1
0.0374678 0.162724 -20.8132
0.0372219 0.163562 -21.0735
0.0270189 0.161397 -19.4206
0.0205948 0.158204 -17.8805
0.0148763 0.153348 -15.8301
0.0103565 0.147223 -13.5005
0.00757525 0.141161 -11.3882
0.00581963 0.134773 -9.32688
0.00558638 0.134223 -9.12071
0.00549718 0.134169 -9.08601
0.00307707 -0.0863518 183.272
0.00258933 -0.0860764 183.338
0.0317563 -0.166655 249.682
0.0812354 0.589252 -159.897
0.0824655 0.59044 -160.63
-0.126455 0.175034 31.2197
-0.0471272 -0.0562564 152.278
-0.262478 0.163605 248.114
-0.0524781 0.283843 -23.006
-0.0203856 0.260312 -31.2373
0.0119141 0.239867 -40.9343
-0.0120545 0.253879 -33.2854
0.0191557 0.249999 -49.3576
0.0696299 0.137271 -45.0024
-0.506818 0.05203 302.073
0.0538872 0.131724 -46.2465
0.0688621 0.165872 -64.4875
0.105765 0.203912 -97.5005
0.112153 0.229541 -107.971
0.0764838 0.235775 -85.6034
0.0939385 0.216352 -93.0482
0.0853257 0.22633 -89.3572
0.177751 -0.0836701 -64.9646
-0.283398 -0.00137572 241.056
-0.189931 0.0403571 157.94
0.364423 -0.0835821 -253.053
0.189075 0.0597104 -158.139
0 0.314864 -69.5868
-0.000256623 0.126221 -18.0496
0.369833 0.0213989 -307.728
0 0.312016 -68.9231
0.019457 0.323933 -90.1972
-0.165851 0.802809 -27.2693
-0.00316822 0.319545 -67.7427
0.0927604 -0.0170833 -65.4407
-0.122822 -0.619341 308.251
-0.0449535 -0.00365751 72.1387
-0.0621333 -0.14707 127.222
0.127615 0.112388 -152.684
-0.124751 0.0572738 143.892
0.0282701 0.0448278 -20.2073
0.226562 0.109375 -264.094
0.0069239 -0.0112769 18.5435
0.00600809 -0.0106038 19.4403
0.00940657 -0.0119836 15.742
0.230521 0.0328025 -261.682
5.03941e-16 -0.0296753 38.6767
-0.0166603 1.36029 -371.535
0.0372335 0.163472 -20.9957
0.0358515 0.16327 -20.8185
0.0283495 0.160265 -19.2876
0.0197044 0.15993 -18.2635
0.0101146 0.153732 -15.2622
0.00495353 0.147483 -12.6969
0.0028606 0.141294 -10.5653
0.00264351 0.135396 -8.85109
0.00525013 0.133512 -8.83265
0.00540172 0.13417 -9.06198
0.00305243 -0.0862297 183.238
0.499906 0.0154887 -98.5178
0.0824655 0.59044 -160.63
0.211481 0.201129 -71.6335
0.0231136 0.10738 23.799
0.0199873 0.110917 24.0094
0.392578 -0.294271 45.3416
-0.0407916 0.169641 2.99869
-0.041114 0.181109 -0.16486
-0.0345031 0.168734 -0.110875
0.0228869 -0.0436444 33.9022
0.053963 0.0497706 -8.49247
0.0138236 0.220453 -37.9951
0.0424625 0.168266 -38.62
0.0540987 0.133292 -35.1195
0.0739689 0.141391 -60.59
0.104718 0.180666 -90.6014
0.134823 0.212915 -118.792
0.134287 0.226927 -122.142
0.0989302 0.248924 -104.83
0.0805136 0.251768 -93.1396
0.0713544 0.249756 -86.0812
0.0489191 0.250118 -70.0967
0.177369 -0.0816446 -65.3312
-0.0460226 -0.275045 135.403
-0.0536727 -0.215261 124.207
0 -0.777361 242.486
-0.0104264 -0.772046 249.786
0 -0.777361 242.486
0 -0.777361 242.486
0.0145667 -0.0155405 -8.70744
-0.0127305 -0.775206 253.735
-0.0275134 0.469746 -104.038
0 -0.899331 279.094
0.0153524 -0.0147697 -9.71659
-0.0296541 0.465099 -98.5971
0 0.0721919 -13.8953
0.0192688 -0.0124121 -14.4264
0 0.0721919 -13.8953
0 0.0721919 -13.8953
0 -0.990876 306.371
0 -0.777361 242.486
0 -0.777361 242.486
1.20839 0.270644 -1515.24
0 0 -1
-0.091526 -1.43389 552.366
1.10237e-15 0.0275763 151.561
1.10237e-15 0.0275763 151.561
0.0190115 -0.0925217 97.8778
0 0.0275763 151.561
0.00125573 -0.0507629 85.402
-3.40241e-14 0.0275763 151.561
-3.40241e-14 0.0275763 151.561
-0.00565032 0.0299678 59.0534
0.000116642 0.0280273 151.396
0.00179638 0.0554926 49.1712
0.0079606 0.0670325 44.0095
0.00245216 0.0564281 48.7337
0.00253851 0.056901 48.5644
0.00305243 -0.0862297 183.238
0.0314567 0.140188 10.6707
-0.0473817 0.0905254 147.291
0.0131144 0.116566 24.6149
0.0170883 0.0994467 28.4982
-0.0458555 0.165542 6.36623
-0.0458758 0.165547 6.37381
-0.0417566 0.162131 5.45399
-0.0317708 0.151381 4.55923
-0.0141167 -0.0277101 52.7545
-0.0489499 -0.0308874 71.3397
-0.054074 0.0216952 57.6463
0.627007 0.0187748 -308.85
-0.105236 0.00384237 107.022
0.15998 0.009165 -49.1769
0.159201 0.00929822 -48.7284
-0.0031382 0.23338 -30.6472
0.152478 0.251161 -141.409
0.132081 0.26206 -131.179
-0.377077 0.134019 270.856
0.0360388 0.257236 -62.383
0.0510227 0.242363 -68.9209
0.0410964 0.240832 -61.003
0.0154698 0.0238438 26.4405
-0.00466603 -0.0552115 67.083
-0.0109868 -0.116201 91.262
-0.00840671 -0.144519 97.8521
-0.00437294 -0.158722 98.7756
-0.00437294 -0.158722 98.7756
0.00859253 0.593297 -179.915
0.0032491 -0.280853 129.675
0.00314839 -0.280903 129.787
0.00290084 -0.28098 130.051
0.00275153 -0.280988 130.201
0.00275153 -0.280988 130.201
-0.00913613 -0.278154 141.526
0 -0.0721251 65.957
0.0200035 -0.319362 122.995
-0.0181277 -0.281727 153.151
-0.0256619 -0.290938 165.084
-0.0139316 -0.286831 150.718
0.0111289 -0.276295 118.276
-0.279032 -0.689292 576.441
0 -0.232287 117.182
0.0263515 -0.0135416 -22.1224
0.0137639 -0.0833055 94.9799
0.0156382 -0.0881873 96.5653
0.0191299 -0.0932337 98.1178
0.0146444 -0.0858168 96.0442
0.00123828 -0.0513556 85.612
-0.00513275 -0.0239266 77.0929
-0.00704826 0.0030206 68.3028
-0.0057724 0.0295443 59.2187
-0.00194704 0.0516191 51.1674
0.00159815 0.0548784 49.4068
0.00251812 0.0554926 49.0167
0.00294918 0.0562507 48.6684
0.0026713 0.0565334 48.6463
0.0265664 -0.0704418 41.0315
0.0314332 0.140207 10.6724
0.0313825 0.140183 10.6978
0.0323516 0.132499 13.1799
-0.420117 -0.255448 300.915
-0.000568504 -0.0550259 87.1088
-0.000924576 -0.0562851 87.6613
-0.0343266 0.154983 4.44943
0.284226 -0.0800912 -40.2558
0.289305 -0.113821 -31.2325
-0.0112101 -0.0494866 58.104
-0.0101995 -0.0158401 46.4131
-0.0096551 -0.0135783 45.3597
-0.00861245 -0.0113901 44.0416
-0.00737486 -0.00931497 42.6275
-0.0617585 -0.242278 164.695
-0.201156 0.684701 -50.8181
0.148753 0.253982 -139.795
0.14566 0.26063 -139.959
2.60362e-13 0.0743419 8.70057
0.0764195 0.253414 -90.9114
0.0678558 0.229931 -77.2655
0.0661774 0.26202 -86.6971
0.0986924 0.274423 -117.129
-0.270276 -0.839526 564.758
-0.0018065 0.486979 -107.236
-0.00181262 0.483832 -106.148
-0.000285689 0.462018 -100.148
0.00383148 0.421012 -90.0443
0.00682379 0.291078 -48.9694
0.00176538 0.280868 -40.9183
0.00269218 0.280689 -41.7423
0.00361714 0.278519 -41.9048
0.00361714 0.278519 -41.9048
0.0808415 0.647089 -162.728
0 0.907123 -249.694
0 0.131284 7.95448
0 0.58498 -141.342
-0.00530632 0.49503 -105.727
0 0.58498 -141.342
0.0533415 0.655614 -226.145
-0.152603 -0.0737605 280.514
0.162219 -0.22107 -42.4498
-0.0163254 -0.273778 187.52
-0.0163254 -0.273778 187.52
0.0100306 -0.0838195 95.198
0.0104665 -0.0881269 96.6941
0.0167786 -0.0939252 98.4078
0.0436043 -0.100388 98.7843
-0.0135212 -0.0611588 47.4978
-0.0135621 -0.0614435 47.6019
-0.0134178 -0.0620058 47.7792
-0.0127038 -0.0628352 47.9591
-0.0109189 -0.0639179 48.0244
-0.00756843 -0.065237 47.8286
-0.00199633 -0.0667721 47.1525
0.00600805 -0.0682336 45.7513
0.0180539 -0.0748377 44.9832
0.0264415 -0.0724315 41.7484
0.0342949 -0.0770924 41.032
-0.0237107 -0.0395331 46.5
-0.0707953 -0.0782192 76.5942
-0.128918 0.0659888 173.217
-0.128478 0.0662354 172.971
0.122308 -0.0442302 116.316
0.120628 -0.0537712 120.387
-0.0081328 -0.125946 70.8837
-0.0081328 -0.125946 70.8837
0.012049 -0.0433926 44.1329
0.0128868 -0.026941 37.9414
-0.00433176 -0.0594859 80.6423
-0.00454204 -0.0591748 80.6469
-0.00307045 -0.00899511 39.9657
-0.00221416 -0.00874771 39.3636
-0.00185862 -0.00851909 39.0617
-0.00185862 -0.00851909 39.0617
0.0109671 0.0269543 38.5198
2.2502e-13 0.0743419 8.70057
2.71402e-13 0.0743419 8.70057
0.0556087 0.237118 -70.9064
0.100642 0.229408 -101.72
0.075378 0.280338 -99.5735
0.0746741 0.291423 -102.5
0.000700476 0.191975 -7.42823
-0.012629 0.174118 10.0701
-0.0125632 0.166282 12.7258
-0.00446801 0.181734 0.0242309
0.00126725 0.258142 -32.4691
0.00476563 0.272528 -40.8475
0.00345569 0.277692 -41.4367
0.00102936 0.275693 -38.3847
0.038696 -0.079343 134.609
-0.0206365 0.0712356 141.144
0.005086 0.211327 -19.7699
0.00711827 0.211301 -21.9021
0.00640681 0.216342 -22.925
5.51419e-07 0.658437 -175.444
-0.0112537 0.233494 -9.45049
-0.00937571 0.242222 -14.6867
-0.0177148 0.263668 -12.5991
-0.0220183 0.25689 -4.60371
-0.0277596 0.341182 -27.8391
-0.00688749 0.109716 31.5467
0.00932019 -0.0850436 95.6384
0.00996623 -0.0868218 96.2483
0.0151574 -0.0873854 96.186
0.0237596 -0.0915362 97.1481
0.0259552 -0.0835786 94.0364
0.0245871 -0.076187 91.4626
0.0210583 -0.0692922 89.3751
0.0160162 -0.062826 87.745
0.0104279 -0.0567225 86.4503
0.00492689 -0.0509194 85.3641
-5.29598e-05 -0.0453582 84.3742
-0.00430639 -0.0399855 83.3858
-0.00770253 -0.0347519 82.3202
-0.0101337 -0.0296127 81.092
-0.0117524 -0.0283878 81.1246
-0.0128706 -0.0247926 80.1497
0.283443 -0.0198998 -24.046
0.000369548 -0.0748649 83.8891
0.000417438 -0.0597966 78.3031
0.000413897 -0.0598046 78.3081
0.000305617 -0.0597861 78.3492
2.92829e-05 -0.0597706 78.4703
-0.000491225 -0.059754 78.7132
-0.00128566 -0.0597301 79.1002
-0.00236513 -0.0596903 79.646
-0.00360239 -0.0596237 80.2891
-0.00468992 -0.0588193 80.5985
-0.00509423 -0.0429247 74.9352
-0.00413717 -0.0265016 68.2597
-0.00134607 -0.00932503 60.1329
0.00342156 0.00881462 50.3068
0.0109948 0.0281081 38.0715
0.0225592 0.0918031 6.44514
0.0391071 0.155888 -29.1177
0.0609972 0.219402 -68.7536
0.0993115 0.20153 -91.4007
0.132748 0.21331 -120.727
0.0836114 0.26577 -101.322
-0.000826272 0.207246 -11.6846
-0.0214691 0.179724 15.6174
-0.0129825 0.171246 11.3297
0.00709542 0.185128 -11.5383
0.0206557 0.233237 -41.4371
0.0168031 0.262054 -48.435
0.00576399 0.273179 -42.0512
-0.00637801 0.268435 -28.5287
-0.0137068 0.24287 -11.8431
-0.0115248 0.227387 -8.37018
-0.00150161 0.215001 -14.181
0.00636112 0.212306 -21.4534
0.00716899 0.216889 -23.961
-0.000850461 0.230286 -20.0149
-0.00516003 0.233498 -16.3617
-0.0070749 0.239056 -16.2205
-0.00794133 0.24907 -18.8882
-0.00688749 0.109716 31.5467
-0.00688749 0.109716 31.5467
-0.00688749 0.109716 31.5467
