0.0652513 -0.0787373 50.5362
0.0653869 -0.0793619 50.5436
-0.134375 4.63802 -49.357
0.00446099 0.198631 21.9102
-0.154141 -0.146859 65.1482
-0.0637345 0.0334871 44.0749
-0.0441298 0.0169568 41.9829
0.208122 -0.361482 12.3188
0.00745073 -0.125115 28.4243
0.00957562 -0.19681 29.0244
0.0442073 -0.169973 21.453
0.0245721 -0.104042 20.8096
-0.013546 -0.179051 31.4272
0.00166751 -0.157191 26.3313
-0.00734895 -0.140969 29.6201
-0.0599589 -0.0652269 45.4333
-0.0433477 -0.096539 41.0801
-0.063414 -0.128253 47.3664
-0.0896629 -0.0789173 55.6805
-0.103905 -0.0841132 61.2878
-0.0275169 -0.193164 29.4031
-0.0394915 -0.174982 34.8193
-0.0294815 -0.14295 29.5376
-0.0636926 -0.0929457 45.0266
-0.0621269 -0.0641326 43.6741
-0.0319071 -0.0386194 26.955
-0.0034026 -0.0277682 11.1066
-0.00457365 -0.0376146 12.0718
0.00641171 -0.0226873 5.22151
-0.0216248 0.0205319 22.6783
-0.0206628 0.0918277 20.5419
0.0106616 0.0120361 1.57562
-0.00664722 0.0226698 13.6929
-0.021305 0.011813 24.3327
-0.0263538 0.00686912 28.1136
-0.0108282 0.00389873 16.8721
-0.0525599 0.0185691 47.7073
-0.00328067 -0.00656786 12.8058
-0.00312946 -0.0114677 12.8353
-0.00634597 -0.00224566 15.4743
-0.00415938 -0.0080708 13.8119
0.00340173 -0.00727284 7.11602
-0.00361989 -0.00912363 13.5137
0.0128379 -0.0116511 -1.81112
0.321583 -0.16623 -294.369
0.292031 0.407898 -275.3
0.160582 0.0930167 -139.405
-0.000556558 0.171037 3.3652
-0.000556558 0.171037 3.3652
-0.000556558 0.171037 3.3652
0.0553766 -0.304517 -48.2376
-0.10186 0.0323822 117.068
0.0237318 0.00772675 -22.9736
0.00509008 0.16908 -3.07208
0.728468 -0.127774 -808.968
0.18319 -0.860928 -157.361
0.0719276 0.0578351 -82.9325
0.0732364 0.062702 -84.5672
0.0649767 -0.0789522 50.5436
0.0649818 -0.0800418 50.576
0.0650289 -0.085264 50.744
-0.222019 -0.0905081 69.4294
-0.194287 -0.129801 68.0713
-0.0818439 0.000331183 47.101
-0.0730438 -0.0294378 47.6223
0.125945 -0.299886 24.4409
-0.0145254 -0.181467 34.3288
-0.0385908 -0.157714 38.2212
-0.0147463 -0.216753 34.4544
-0.0174184 -0.132399 30.8985
-0.0179421 -0.071311 28.2895
0.0187301 -0.12777 20.2524
-0.00179771 -0.103966 27.0186
-0.0258317 -0.0819225 34.4861
-0.0540136 -0.0637198 42.9863
-0.0960266 -0.0639794 58.439
-0.0925071 -0.0466925 55.9235
0.0592608 -0.160475 -11.3397
0.00242469 -0.290682 17.796
-0.008143 -0.164711 19.4223
0.022047 -0.0540197 -0.334679
-0.0220685 -0.101977 24.2381
-0.0389777 -0.0570009 31.2017
-0.013284 -0.0395315 16.6577
0.00218169 -0.0226901 7.75379
-0.00140151 -0.0261936 9.75237
0.00542606 0.00327328 4.56115
0.0135327 -0.00511057 0.315951
0.000256531 0.0189475 8.20385
-0.125692 0.1428 88.9852
0.0334078 -0.00162666 -13.4453
-0.00451448 0.00707342 12.5331
-0.0290963 0.00270091 30.3877
3.14206e-05 0.00646801 8.35588
-0.0373079 0.0174264 35.8031
-0.0597188 0.0297937 53.3733
0.00994465 -0.0128535 -6.99255
-0.0417122 -0.00559269 38.5626
-0.0530897 0.0191024 47.8881
-0.0552581 0.0458818 47.8992
0 -0.0351943 8.19021
0.00752211 0.0580442 -2.14772
0.0134308 -0.0390119 -4.54096
0.0962503 0.124597 -77.6262
0.136591 0.237658 -115.134
-0.0399639 0.294517 61.4019
-0.0200092 0.661601 10.7464
-0.0197357 0.656002 10.5691
-0.026857 0.824431 13.8219
-0.027291 0.802447 14.9581
0.613536 -0.252079 -550.957
-0.0243317 -0.0576268 38.8727
0.0413909 -0.280182 99.1055
0.0252712 0.0225398 -25.6713
0.0197496 0.0111555 -18.3772
0.0402241 0.0107466 -42.742
0.0723914 0.0507983 33.6196
0.0747917 0.0401897 34.146
0.078016 0.0357838 34.231
0.0907954 0.0220745 34.2924
-0.168846 -0.11044 64.7433
-0.163292 -0.0432119 59.7272
-0.106796 -0.0414635 52.7995
-0.0992886 -0.0354078 51.3673
-0.116613 -0.991546 97.8817
0.00395603 0.0198773 10.4299
0.0241586 -0.143646 21.8003
0.00896331 -0.0117377 19.3181
-0.0284315 -0.00648862 28.9244
0.0136369 -0.0549843 19.0578
0.0213119 -0.0794683 17.9937
-0.0232693 -0.0787738 33.7304
-0.0561115 -0.0770405 45.0641
-0.0866573 -0.0265413 53.2971
-0.124661 0.0235928 64.5803
-0.0316009 0.170276 19.7862
-0.104268 -0.0910359 62.2385
-0.00962707 -0.0499638 15.4981
-0.440418 -0.0217704 235.831
-0.391274 -0.0315197 211.536
-0.0636443 -0.0184126 42.5468
-0.0118919 -0.0246109 15.2505
0.0104862 -0.0255465 3.49997
-0.00414903 -0.0117874 11.194
0.0247698 -0.00803924 -6.53588
0.0195583 -0.0303384 -1.14535
0.0143644 0.00383749 -0.152609
0.00676689 -0.00950341 5.47498
0.0108452 -0.0158617 2.81166
-0.00196428 0.00151233 11.023
0.00564189 -0.0249473 5.9033
0.0103106 0.0124538 0.46877
0.00708198 -0.02361 5.79419
-0.0400657 0.0226066 38.3578
-0.0821224 -0.0808865 95.7043
0.00429049 0.00109796 -1.62957
-0.0298824 0.000198049 32.211
0.00433375 0.00119602 -1.68081
-0.00737345 0.0357992 8.12822
0.000151883 -0.00588037 2.65036
0.00433525 0.00115589 -1.67929
-0.0114145 0.0680104 30.0945
-0.124937 -0.079783 303.164
-0.0197929 0.137101 36.3039
0 0 -1
-0.0226337 0.163028 37.9292
-0.0199429 0.194378 33.3321
0.00152732 0.0931133 15.9902
0.111439 0.0363187 9.81175
0.0227825 0.00524234 -20.6673
0.0222039 0.0191553 -21.8836
0.14076 0.0178769 -161.522
0.0660965 0.0442821 -75.7249
-0.0561948 -0.0371562 127.894
0.0608362 0.0538897 33.5281
0.0677084 0.0382528 34.4888
0.0733527 0.0354729 34.5542
-0.00706119 0.000790443 43.0116
-0.126178 -0.0296581 55.6408
-0.127936 -0.00479999 53.7232
-0.0122572 0.0310769 15.9912
-0.0273358 0.0339013 18.1188
-0.0527946 0.0312843 22.0652
-0.0428442 0.0246599 19.6929
0.500855 0.0933168 -103.418
-0.0442508 0.0269962 30.8376
-0.0542006 -0.0152074 36.8176
-0.0338263 -0.0284542 32.3299
-0.0241802 -0.0284383 29.0098
-0.0306424 -0.0624953 33.8477
-0.0183347 -0.160708 37.4692
-0.0506387 -0.0605399 42.5418
-0.0987158 0.0199747 55.1663
-0.222425 0.14098 96.4708
-0.0501662 -0.0351846 34.5253
-0.0890996 -0.0599067 54.2301
-0.0686126 -0.0573309 43.5801
-0.223975 -0.0935357 130.417
-0.0185533 -0.0318627 19.6005
-0.00463887 -0.0205078 11.1895
0.0267653 -0.0200192 -5.13184
-0.0290934 -0.0531693 29.3057
-0.000364373 -0.0569647 12.0598
0.023045 -0.0800899 -0.714495
0.0150443 -0.0551336 3.16642
-0.00271545 -0.0668639 15.4189
-0.00714468 -0.0184879 15.7309
-0.0239082 -0.0310957 28.6618
-0.00361415 -0.0335904 14.4694
0.0111181 -0.0150002 1.96456
0.0185018 -0.00653158 -4.57503
0.646294 -0.284956 -484.719
-0.107673 -0.0691797 116.166
-0.17729 -0.00940946 171.021
-0.0582622 0.0279937 52.1485
-0.00888529 0.00667781 9.54585
0.023603 -0.00595772 -21.5606
0.322611 -0.0195242 -234.724
0.00463629 0.446447 -31.1184
-0.00538332 0.0226337 5.58779
-0.00127421 -0.0136313 175.471
0 0 -1
0.809409 0.0291923 -839.437
0.120831 -0.0429401 -110.492
0.266357 -0.326489 -249.66
0.0248724 -0.146994 -5.54515
0.0400877 -0.00135816 -40.14
0.0147591 0.00855708 -12.7344
0.0208706 0.0107855 -19.5518
0.0221625 0.00849783 -21.1264
0.0229832 0.00806898 -22.0827
-0.0076014 -0.0288004 67.2781
0.0397802 0.0581943 33.4303
0.0396411 0.040247 35.1657
0.0104614 0.064288 8.18828
-0.0168583 0.0106364 42.8063
0.00377224 0.0185595 15.1692
0.00906822 0.0358934 12.6714
-0.0106915 0.0350425 15.4466
-0.0375207 -0.0405137 36.5645
-0.0388629 -0.0236252 35.0797
-0.0319704 0.00356178 30.7874
-0.055803 0.0273993 33.5935
-0.0647358 0.0135903 37.0146
-0.0566311 -0.00859579 36.4887
-0.0301822 -0.0538887 33.5153
-0.0298769 -0.0206137 30.3824
-0.00810628 -0.0068602 10.879
-0.00149863 -0.00839046 8.67464
0.11146 -0.475558 16.4954
-0.00012156 0.0194542 6.39651
-0.0127857 -0.0210244 15.9155
-0.0650517 -0.0254997 39.0298
-0.0432273 -0.0383992 29.535
0.00584761 -0.0404162 6.02875
0.0243772 -0.0397921 -1.68807
0.00127673 -0.00567386 6.77997
-0.0190357 -0.0173639 19.1961
-0.00468392 -0.0404393 13.1335
-0.00859579 -0.052208 16.4674
-0.0258011 -0.0536808 27.301
0.0029389 -0.0683759 10.6301
0.0134716 -0.0848821 5.72192
0.0126945 -0.0912134 7.02712
0.00974187 -0.0737275 7.34885
0.0153804 -0.0748101 3.66845
0.0156056 -0.032918 -0.507118
0.0221446 -0.073773 -2.37197
0.0926726 0.051143 -63.109
0.585094 -0.00490839 -457.075
-0.153629 -0.0907713 155.162
-0.00052077 0.0510066 0.558479
-0.000293008 0.0462837 0.856163
0.00797504 -0.00113611 -4.324
-0.00699407 0.0121295 7.50313
0.315771 -0.0155765 -228.723
0 0.0683594 12.5771
-0.00681282 0.0458186 21.6967
-0.00810369 0.0463763 22.9603
-0.0152828 0.0460565 30.3131
-0.0298658 0.0438139 45.6551
-0.0507616 0.0320027 68.8101
-0.128501 -0.0187223 161.071
-0.0880998 0.118958 103.806
0.0226336 0.00239842 -21.0618
0.0255864 0.0154852 -25.4832
0.028874 0.00849058 -28.5545
0.0427952 -0.0146485 3.9654
0.0426407 -0.0146428 4.15583
0.0416723 -0.0143864 5.32324
0.0212628 0.0590576 33.5842
0.0131297 0.0485176 35.0585
-0.00961811 0.101674 29.6393
0.0465146 0.0122309 12.4892
0.0232149 0.00142866 15.4393
0.0158282 0.0157334 14.2929
-0.0120603 0.00967812 25.9605
-0.0243742 -0.0208097 31.6683
-0.0330601 -0.0460459 36.4184
-0.0210364 -0.00786479 30.0109
-0.0502042 0.0247576 32.7746
-0.0675519 0.01463 37.8672
-0.169367 -0.629608 135.697
-0.0651761 0.0470473 22.5154
-0.0352232 -0.0153302 20.5143
-0.00724328 -0.00934082 10.7547
0.0340934 0.010219 -5.92361
0.0324822 0.0840741 -13.6304
-0.0368224 0.0120859 22.1462
-0.0237905 0.0155427 16.5634
-0.0466491 -0.0305065 31.8671
-0.0871258 -0.00777208 46.8096
-0.0130571 -0.0224303 13.5196
0.032013 -0.0458465 -5.27361
-0.020377 -0.027364 21.5586
-0.0400628 -0.0556567 34.8466
-0.019102 -0.0346451 20.7207
-0.0141121 -0.0520539 20.1929
-0.0146008 -0.0523416 20.7623
-0.0578161 -0.0786197 51.1504
-0.00119878 -0.0519669 10.8841
0.0127691 -0.0856939 5.91514
-0.00104532 -0.0846176 15.8151
0.00439097 -0.0895896 12.3483
0.0110298 -0.0601597 5.15906
0.173728 0.056727 -129.901
0.0240701 -0.113519 1.00251
0.0405048 -0.0222469 -22.6968
-0.054568 0.0618688 44.7273
-0.134067 0.209451 93.9417
-0.0103193 -0.0457486 16.341
0.00866084 -0.0228878 -2.02194
-0.000339032 -0.0158746 5.08263
-0.0103138 0.00279714 11.6495
-0.0101367 0.00807376 10.8674
0.0119677 0.0058281 -9.62953
-0.0161937 -0.10836 36.4557
-0.00505348 0.0204034 8.83688
0.00498254 0.0113434 -0.530786
0 0.0136823 4.42551
-0.000701547 0.0138747 5.16981
0.0634863 0.0119773 -67.5838
0.346444 -0.071911 -276.624
0.0537142 0.0184315 -57.4855
-0.0446963 0.575448 3.27708
-0.0422585 0.5764 0.293541
0.0622768 0.00792411 -37.629
0.0208865 0.00656606 -19.0326
0.0600708 -0.0752722 36.3578
0.0432935 -0.00808102 27.3979
-0.0172498 0.0466194 22.0395
-0.62558 0.156104 45.1553
0.0285782 -0.0249086 17.9013
-0.0079468 0.00218476 18.356
-0.028629 0.0247501 26.1696
-0.0316452 0.00437065 29.4154
-0.0291229 -0.0208865 32.0555
0.00356064 -0.0317453 27.8577
-0.0259059 -0.0185676 32.3598
-0.0263144 -0.0356896 34.475
-0.0404141 0.0775284 11.1456
-0.0609658 0.131924 9.44897
-0.0768561 0.0663138 23.3102
0.0227878 0.0257461 -4.15793
0.0430346 0.0819808 -17.9436
0.0161652 0.0609292 -4.78706
-0.0332087 0.0339378 18.1451
-0.0301775 0.00818698 20.4636
-0.0613376 -0.0209571 38.003
-0.0831286 -0.000407314 44.562
-0.0208828 -0.0188917 17.062
0.0277653 -0.0536344 -1.91977
-0.0164096 -0.0453714 20.0225
-0.0379843 -0.0787802 36.6598
-0.0167955 -0.065716 22.4611
-0.0247809 -0.0735713 28.644
-0.00861877 -0.0910095 21.5896
-0.00431541 -0.0805714 16.8188
0.00664553 -0.0532049 5.79467
-0.0130367 -0.0565003 19.8032
0.00868471 -0.050986 3.59328
0.0249031 -0.0269827 -10.802
0.0737298 0.190374 -76.0409
0.0157707 0.126147 -23.6707
0.0434848 0.104923 -42.6785
0.0141142 0.0276961 -8.68042
0.0173315 0.025738 -10.109
-0.19227 -0.0603474 177.603
-0.0049113 -0.0010498 7.00433
-0.000574223 -0.00776521 3.39628
0.00889314 -0.0263354 -2.38968
-0.000540365 -0.00938277 3.87722
0.0032051 0.000774258 -0.555421
0.0113219 0.0022081 -8.77848
2.48855 0.409587 -2524.4
0.0665026 0.101698 -76.6427
-0.138361 -0.0198712 150.876
0.0132248 0.00333548 -10.993
0.028503 -0.00727028 -26.9305
0.0172095 -0.00584615 -14.8035
-0.0741468 0.0843679 81.739
0.0556986 0.0318604 -61.092
0.0127021 -0.0106316 -6.54871
0.0369888 -0.00159242 -35.8711
0.254196 0.269051 -305.797
0.0218542 0.00344285 -19.8599
0.1017 -0.0855133 37.3642
0.108334 -0.0617041 33.3524
0.0533218 0.00506697 25.5306
0.00420994 0.0149854 27.6579
-0.0514813 0.0170315 31.3781
-0.0737915 0.0799795 23.0835
-0.0445908 0.0877854 17.6247
-0.042544 0.0554133 23.3869
-0.0723141 0.048937 29.7086
0.077551 -0.0234831 3.35836
-0.0151179 -0.0227058 29.166
-0.0465059 -0.0281325 37.2469
-0.0848627 0.143044 14.107
-0.081208 0.177762 8.11996
-0.0871271 0.157155 12.7937
0.00959724 0.125373 -13.0373
0.000598099 0.0649494 0.387814
0.00580976 0.0671595 -2.04736
-0.00680462 0.070582 3.22719
-0.0291401 0.0137847 19.2832
-0.0867669 -0.0306293 51.7763
-0.0916178 -0.0105942 50.2422
-0.0623766 0.000984259 34.2435
-0.0197772 -0.0128931 15.6524
-0.0283569 -0.0435457 25.8433
-0.0127838 -0.00406807 10.3749
-0.0346944 -0.0324251 27.3454
-0.0150902 -0.019847 14.0084
-0.013268 -0.0303804 14.7241
0.0103414 -0.0511542 3.04417
-0.00239751 -0.0183335 6.40112
-0.00416823 -0.012975 6.70696
-0.00606877 0.00248516 5.44359
0.0021576 -0.00752508 1.32517
0.0334841 -0.0295005 -17.9005
-0.0133563 0.00893421 10.0797
0.00260203 0.0367432 -7.05088
0.0110364 0.0341381 -13.232
0.174371 -0.111902 -119.59
-0.13154 0.00552077 116.15
-0.034035 0.00174313 32.2588
0.0468051 -0.0806499 -28.4093
0.0207707 -0.000980287 -18.6482
-0.0122989 -0.430825 79.4442
-0.00913893 -0.322409 60.5766
0.00758054 0.00066655 -5.7003
0.021875 -0.323437 29.6586
0.0232522 0.0815544 -28.9177
0.00495389 -0.00747679 -1.89749
0.00415929 -0.0115095 0.00295418
0.0183012 -0.00148746 -15.7084
-7.68695e-05 -0.0123749 4.22172
-0.188154 -0.0232018 237.979
-0.0276525 0.0598343 31.5923
-0.0116712 0.0468946 14.5094
0.0053618 0.195833 -30.8996
3.15813 0.134469 -3855.44
0.0211592 -0.00460091 -17.764
0.116436 -0.0887448 37.647
0.104238 -0.0753099 35.7886
0.137455 -0.0886596 36.6209
0.0765657 0.0283217 19.2394
-0.0371266 0.0848128 18.3876
-0.024555 0.16226 3.11315
-0.0285198 0.169785 1.82918
-0.0660668 0.163755 8.26535
-0.0991819 0.11323 23.396
-0.083664 0.0940827 23.3356
-0.0550328 0.0225585 30.5983
-0.0843033 0.0225052 37.7102
-0.101187 0.0935898 29.413
-0.076391 0.158003 10.6308
-0.0881377 0.178417 10.9617
-0.066269 0.14208 9.79853
-0.0313476 0.0515517 14.1941
-0.00679996 0.0413569 7.15128
-0.0671209 0.0213923 33.4449
-0.0449582 -0.0083396 29.6433
-0.113132 -0.0515955 67.4106
-0.0700582 -0.02724 43.3235
-0.0217044 0.0139661 12.5375
0.0307468 0.071108 -24.4663
0.0129544 0.0244739 5.48908
0.0266204 0.111772 -27.9262
-0.0368982 0.078853 14.3881
0.0516307 0.0266873 -23.6522
0.0118295 0.0289976 -10.2357
0.0095012 0.230259 -44.6991
-0.0132757 0.0268135 6.56806
-0.0115144 0.0405288 2.86698
-0.017333 0.0179611 10.7613
-0.0137904 0.05204 2.71192
-0.00658192 0.0634464 -4.85606
-0.00863787 0.0670916 -3.78052
-0.00216137 0.0579044 -7.14017
0.0149558 0.057534 -20.6367
-0.0690378 0.00412115 63.1485
0.0159833 -0.00181817 -13.4464
-0.0135997 0.0249242 9.06688
-0.00550018 0.0120804 4.23705
0.0133757 -0.00312091 -10.4875
0.00424722 -0.00353556 -1.83205
0.00182851 -0.00844587 1.61339
-0.000690773 -0.00319285 3.08281
0.00364191 -0.010232 0.0493095
0.0199873 -0.00333814 -16.9788
0.0195866 -0.00921787 -14.5742
0.324929 0.0202415 -313.087
-0.0464927 -0.147981 98.2107
0.231778 -0.125985 -211.439
-0.258008 -8.36928e-05 313.276
-0.0357903 0.0432023 44.0369
-0.0251204 0.0289292 34.3694
-0.0093528 -0.0651506 34.5625
0.38496 0.169225 -458.255
0.0191588 -0.00774315 -14.5952
0 0.190169 3.29729
0.118768 -0.0999979 39.7151
-0.147653 0.047333 40.9919
0.0849357 0.0353912 17.0067
0.0749775 0.105522 4.65371
-0.0113457 0.182456 -2.54777
-0.065825 0.103316 21.6233
-0.0794168 0.153119 13.1685
0.183284 -0.377121 70.8734
0.184799 -0.36517 68.0715
-0.0902195 0.65508 -85.2928
-0.0853799 0.0253048 37.457
0.0207641 -0.475627 108.608
-0.126553 0.168495 22.9957
0.166367 0.093523 -68.2522
-0.0754541 -1.00119 239.884
0.0772241 -0.148513 9.8238
0.0648353 -0.281243 42.8486
0.0463314 0.368199 -91.0021
0.0772785 0.257172 -81.5947
0.000848164 0.0574623 -6.7303
0.0666728 0.2447 -76.6117
0.0537424 0.223328 -66.2351
0.048183 0.268706 -71.827
0.0505675 0.227951 -64.2438
0.0327971 0.222815 -54.474
0.0274372 0.18352 -43.2858
0.0548411 0.148543 -50.6264
-0.0280685 0.0837852 13.2731
-0.0777878 0.273792 3.996
0.00266853 0.28321 -49.3041
-0.233545 0.0874694 148.958
-0.0106884 0.0701622 -2.67202
-0.00365864 0.0630728 -6.43685
0.00453247 0.0949105 -18.429
0.0247569 0.0729988 -30.1219
0.0560898 0.097471 -60.1218
0.0848867 0.109439 -85.3011
0.0499344 0.0569375 -45.0918
-0.106691 0.0591269 83.0511
-0.0274606 0.00231717 26.0441
-0.0134649 -0.00572753 14.8027
0.0133757 -0.00312091 -10.4875
-0.0328013 0.285327 -24.6589
-0.0676995 -0.0947687 107.436
0.572266 -0.186849 -495.9
0 0.277762 -54.2729
0.0146301 -0.00313145 -11.6812
0.0165001 -0.00471428 -12.908
0.241653 0.0808056 -235.73
-0.333147 -1.77547 749.399
0 -0.805809 185.518
0 -0.805809 185.518
-0.0200708 -0.0340782 39.8411
0.0421345 0.329667 -104.991
0 0.45324 -79.699
0.207055 -0.169641 -174.751
0.154317 -0.155373 -112.965
0.0195814 0.0517899 18.3794
0.0199677 0.0516799 18.3723
0.0240432 0.0513762 18.2276
0.0337826 0.0512167 17.5848
0.0532229 0.184747 -14.2457
0.047556 -0.424559 119.627
-0.00300847 0.327145 -63.3179
-0.0030084 0.327145 -63.3179
-0.00300814 0.327145 -63.3179
-0.00300772 0.327145 -63.318
-0.00300734 0.327145 -63.3181
-0.00300715 0.327145 -63.3181
-0.00300715 0.327145 -63.3181
0.000764662 0.324094 -63.547
0.176401 0.0969737 -71.9195
0.0768845 0.265028 -77.5447
0.0489513 0.353854 -88.7232
0.0426231 0.403292 -97.6106
0.0322435 0.403729 -93.8604
0.0287139 0.388071 -88.7112
0.0370117 0.387154 -92.8096
0.0418229 0.329638 -82.1004
0.0322875 0.310891 -73.5934
0.0453541 0.301764 -77.8212
0.0261481 0.299439 -67.3108
0.0125245 0.267244 -52.8451
0.0193323 0.217339 -45.4578
0.00704595 0.139033 -20.1875
-0.0208352 0.137041 -2.10641
0.0286595 0.230009 -54.1233
0.108861 0.242876 -108.971
0.198289 0.143368 -145.316
0.257044 0.0492804 -163.65
0.269896 -0.114311 -135.561
-0.0263099 0.068815 9.48798
0.0812106 0.0232336 -62.8123
0.0647063 0.0674549 -60.2646
0.0818922 0.0683022 -73.5934
0.0774443 0.0890054 -74.0603
-0.309744 0.0755936 253.152
0.00902869 -0.00375888 -6.29691
-0.00651534 0.0538754 -2.99727
0.00209295 0.0752043 -0.0641784
0 0.266335 -44.8906
0 0.0077526 3.57082
0.0179544 0.248422 -58.4352
-0.0478991 0.0808105 44.4489
-0.0478991 0.0808105 44.4489
0 -0.116013 39.6726
0.00438137 -0.0285573 15.054
0.0133103 -0.093741 20.1194
-0.0109124 -0.0999856 48.1772
0.124532 -0.100569 -107.942
0.0222656 -0.0832031 1.55703
0.200304 -0.170663 -184.728
-0.0999884 -0.196484 176.963
0.122422 -0.0644111 -120.324
0.152254 -0.152371 -110.856
0.00363088 -0.370646 111.017
0.00403261 -0.370547 110.957
0.00862817 -0.370352 110.665
0.0200348 -0.370009 109.784
0.0396226 -0.361135 105.839
0.0131183 -0.26277 84.3161
-0.0261738 -0.343689 110.169
-0.03396 -0.343362 111.229
-0.0397568 -0.34327 112.189
-0.0429005 -0.343179 112.763
-0.0440755 -0.34309 112.988
-0.0440755 -0.34309 112.988
0.00149214 -0.128814 49.5215
0.00149214 -0.128814 49.5215
-0.00785253 -0.0980496 44.6517
0.181461 0.0970729 -73.2526
0.0810586 0.344456 -97.2349
0.0532921 0.379275 -95.1658
0.0132085 0.376578 -79.3633
0.0108637 0.380255 -79.7282
-0.00733288 0.333005 -59.6494
0.0105124 0.317186 -63.9186
0.00664732 0.318507 -62.0996
0.0149167 0.303916 -63.1982
0.0253579 0.317055 -71.0508
-0.0287555 0.269963 -30.3767
-0.0187458 0.21755 -22.8625
-0.0259189 0.19703 -13.851
0.0110683 0.176198 -31.7699
0.0501222 0.187074 -58.5569
0.102901 0.217584 -99.2691
0.142339 0.195818 -120.073
0.177729 0.107908 -122.644
0.180701 0.106967 -124.483
0.0157474 0.00550265 -8.03383
0 -0.0907067 29.194
0.102578 0.020345 -78.4208
0.0759887 0.0479305 -62.6497
0.118898 0.022028 -91.6124
0.0447062 -0.0966205 0.235866
-0.032699 0.0291385 25.812
-0.0134368 0.0580482 2.23692
0.00434681 0.0862649 -20.0958
0 0.116479 -23.7603
0.0625718 0.127886 -62.892
0.0613537 0.128865 -61.9878
0.000317395 0.0528482 -8.14787
-0.0270609 0.0185326 56.2232
-0.01727 0.155493 12.0359
-0.030549 0.175868 21.1464
0.0173458 0.0643707 -3.40792
0 0.0329485 23.565
0.127116 -0.101945 -110.49
0.139516 -0.105734 -129.196
0.163805 0.047832 -194.672
-0.00290539 0.0130129 32.0847
0.00111884 0.0131473 27.221
0.00117423 0.0135495 27.047
-0.00369005 0.0965629 171.935
-0.00366579 0.0964571 171.961
-0.00340603 0.0962468 172.004
-0.0027652 0.095925 172.047
-0.00173013 0.0956465 172.029
-0.000221431 0.0947256 172.113
0.00155493 0.0944639 171.951
0.00357611 0.0937856 171.828
0.00566514 0.0930143 171.675
0.00765837 0.0921084 171.533
0.00863116 0.0906628 171.747
0.0180523 -0.387462 118.887
0.00326689 0.29167 -66.7288
0.00427748 0.287404 -65.8743
0.19277 0.0926699 -75.0112
0.20025 0.0518629 -66.5298
0.0503016 0.338711 -84.1892
0.0095266 0.342488 -69.2346
-0.00796795 -0.0722654 45.1948
-0.0331487 0.327531 -46.497
-0.0441381 0.294437 -33.1474
0.0143571 0.282573 -56.605
0.0207308 0.310964 -66.55
-0.0218351 0.277729 -35.8561
-0.0298565 0.27289 -30.1329
-0.0418134 0.241001 -15.2939
-0.0444085 0.242659 -15.0307
-0.0536188 0.17939 7.54642
-0.0191898 0.131331 -0.622856
0.0576601 0.146213 -52.9029
-0.277433 0.1835 164.159
0.0941223 0.259214 -103.454
0.122121 0.203263 -108.11
0.128225 0.185024 -107.438
0.104528 0.196945 -93.5924
0.0358195 0.0504123 -33.7811
0.0845999 -0.00770677 -57.4164
0.0914525 0.0228847 -70.1622
-0.0899065 -0.104102 114.22
-0.156089 0.033587 130.88
-0.151062 0.0477565 123.08
-0.0121182 0.0559303 1.63809
0.00542953 0.0250395 -5.19327
0 0.027471 -0.881273
0.0475434 0.155579 -55.6981
0.0705847 0.120924 -68.8964
0.000317395 0.0528482 -8.14787
-0.0311119 0.0409856 54.6833
0.000365176 0.0524345 -8.1014
0.00315702 0.051945 -10.9725
-0.00768798 0.0691975 -3.83951
0.262391 0.411786 -361.282
0.49327 0.382434 -635.885
-0.108425 0.133058 117.28
0.0147027 0.0115289 11.4358
0.00131563 0.0126808 27.1112
0.14974 0.0078125 -154.272
0.0852236 -0.0130163 -69.6053
0.00762856 0.317058 -62.0383
0.00762856 0.317058 -62.0383
0.00762856 0.317058 -62.0383
0.00762856 0.317058 -62.0383
0.00762856 0.317058 -62.0383
0 -0.437165 365.387
0.00466736 0.297302 -56.5362
0.00466736 0.297302 -56.5362
0.00466736 0.297302 -56.5362
0.00466736 0.297302 -56.5362
0.00864179 0.090993 171.662
0 0.290183 -53.5749
-0.0177788 0.0697034 198.04
0.00889549 0.262128 -47.9549
0.160462 -0.38925 301.071
0.196984 0.0687711 -69.9982
0.0432516 0.325594 -78.1481
0.0537811 0.307725 -76.9695
-0.0074278 0.25077 -35.9005
-0.0299772 0.274185 -33.3049
-0.051174 0.279373 -25.6077
0.0155212 0.259462 -51.1032
0.0420629 0.244457 -58.4583
-0.0193589 0.29567 -42.2027
-0.047624 0.254456 -16.5159
-0.383962 -0.171198 291.969
-0.0664246 0.209412 7.03688
-0.0936881 0.160562 36.5781
-0.0494442 0.125277 19.3349
-0.0292864 0.13576 4.7765
0.302446 0.107799 -201.214
0.0429486 0.291333 -77.4949
0.0493166 0.27328 -76.6529
0.0788429 0.237589 -86.8454
0.088611 0.2167 -87.2333
0.0952771 0.199008 -87.3037
0.0879217 -0.0241177 -55.3651
0.0451471 -0.02083 -21.5502
-0.0356861 0.028953 30.1906
-0.0638733 0.0389147 51.3775
0.0523524 0.177541 2.47548
-0.00975972 0.0546044 -0.134297
0 0.405484 -107.332
0 0.405484 -107.332
0 0.0294845 -1.38665
0.0352295 0.403377 -141.08
-0.271963 -0.260466 437.967
-0.0618496 0.154035 101.686
0.059112 -0.239992 94.1862
0.0120998 -0.315847 106.159
0 -0.310846 117.593
0 0.0294845 -1.38665
0.460286 -0.0332031 -485.125
0 -0.244249 97.6921
-0.024614 -0.239171 124.985
0.0226834 -0.26045 75.3125
0.13742 -0.00719559 -141.718
0.122946 -0.022053 -119.294
-0.00172291 -0.148016 263.471
-0.0016347 -0.148224 263.534
-0.0014989 -0.148572 263.638
-0.00152594 -0.148974 263.769
-0.0019872 -0.149176 263.876
-0.00326578 -0.148736 263.882
-0.00553876 -0.146918 263.61
-0.00830798 -0.144953 263.412
-0.0104685 -0.144299 263.575
-0.0116348 -0.144004 263.702
-0.0116348 -0.144004 263.702
-0.172187 -0.111206 293.847
-0.0120777 0.068239 196.935
0.00992705 -0.258296 296.264
0.0697695 -0.259013 276.144
0.0701543 -0.255881 275.022
0.0752991 -0.254813 272.893
0.00240818 0.0473798 28.0673
0.00474658 0.248142 -40.2902
-0.0177086 0.256873 -33.6669
-0.0413002 0.267148 -26.8906
0.000536571 0.244901 -39.2631
0.00941273 0.207446 -31.9034
-0.275976 -0.0497115 183.224
-0.0114947 0.0793035 25.3734
-0.0114947 0.0793035 25.3734
-0.0664246 0.209412 7.03688
0.00380935 0.0474625 26.5175
0.00380935 0.0474625 26.5175
0.00380935 0.0474625 26.5175
-0.367022 0.297049 195.68
0.0349819 0.297013 -73.506
0.0402591 0.257734 -65.0203
0.0615322 0.255274 -79.5014
0.0772593 0.224735 -81.5321
0.0946557 0.203653 -88.4755
0.0809265 0.210561 -79.814
0.025599 0.0341147 -12.4249
0.0475214 0.0266183 -28.4823
-0.0221427 0.0702504 15.9675
-0.0653009 0.14507 114.267
0.0072355 0.0911008 -15.7599
0.00375638 0.0308429 7.98688
0.0245139 0.0123589 -5.84692
0 -0.000106534 21.236
0.0316017 -0.0908658 18.3948
0.00359251 -0.0364471 92.8311
-0.0809356 0.151893 122.012
-0.0417567 0.0866224 101.172
-0.0109597 -0.3212 134.926
-0.0209059 -0.269464 129.616
0.00699854 -0.322758 115.866
0.0237687 -0.305445 91.2224
0.0424942 -0.337717 79.2052
0.00707 -0.275653 100.295
0.0104169 -0.270432 94.7455
0.714577 0.064965 -847.78
0.15007 -0.0243627 -152.107
-0.00183514 -0.148053 263.484
-0.00183764 -0.148241 263.546
-0.00180842 -0.148569 263.654
-0.00180867 -0.148957 263.784
-0.00192848 -0.149123 263.852
-0.00213866 -0.148892 263.797
-0.034038 0.318249 -72.9893
-0.00905994 -0.144758 263.472
-0.00935404 -0.144411 263.407
-0.3714 0.115411 148.985
-0.0406629 -0.0799225 249.875
-0.0199082 -0.260487 304.751
-0.00319417 -0.271728 304.511
0.0273878 -0.253176 288.948
0.0725298 -0.260539 275.786
0.0749821 -0.261707 275.395
0.0714877 -0.258678 275.601
-0.00133331 -0.37557 147.792
-0.00133331 -0.37557 147.792
-0.00133331 -0.37557 147.792
-0.00133331 -0.37557 147.792
-0.00133331 -0.37557 147.792
0.0165167 0.187379 -29.1566
-0.27927 0.268875 81.834
0.0558688 0.27085 -92.2701
0.0257467 -0.0684369 24.6053
0.0257464 -0.0675268 24.2994
0.0482362 -0.0764898 13.8987
0.0996684 -0.0114825 -21.1975
0.0987559 -0.00512463 -22.6685
0.108784 -0.0350763 -18.9487
-1.19674e-13 0.0259022 9.6037
-1.19674e-13 0.0259022 9.6037
0.053231 0.229145 -65.2712
0.0693396 0.20799 -69.9353
0.069981 0.216759 -73.2413
0.0817443 0.210807 -80.67
0.101666 0.197206 -91.7653
0.102704 0.0102172 -69.0625
0.0166681 0.0774309 -19.4626
0.012762 0.0883558 -19.733
0.00888619 0.091028 -17.2142
0.00788037 0.0912291 -16.3807
0 0.0514072 2.65949
0 0.0590638 0.133956
0 0.0514072 2.65949
0.00326543 0.0502675 1.78411
0.00769208 0.043447 -0.353476
0.0109184 0.0392737 -2.2888
0.000670173 0.0518177 1.80347
-0.00883512 0.0464124 14.0082
0 0.0514072 2.65949
-0.219914 -0.0116223 303.423
0.00680413 -0.157739 92.8617
0 -0.0561198 63.6146
0.00716313 0.0569317 -7.82036
-0.0149358 -0.00205745 64.1207
0.153153 -0.0239966 -155.863
-0.00216605 0.0630117 -14.806
-0.0021632 0.062961 -14.7877
-0.00239294 0.0629793 -14.7829
0.403067 0.0603727 -40.0197
0.000259582 -0.120684 51.8683
0.000341929 -0.120688 51.8586
0.000341929 -0.120688 51.8586
0.00034193 -0.120688 51.8586
0.000341931 -0.120688 51.8586
0.000341931 -0.120688 51.8586
0.000342778 -0.120688 51.8586
0.000570298 -0.121062 51.9462
0.000592004 -0.124175 53.0577
0 0 -1
-0.0129162 0.0049985 11.1998
0.0720333 -0.26073 275.988
0.0743305 -0.261493 275.492
-5.80914e-06 -0.132685 56.2591
-5.80914e-06 -0.132685 56.2591
-5.80912e-06 -0.132685 56.2591
-5.80909e-06 -0.132685 56.2591
-5.80908e-06 -0.132685 56.2591
-5.80908e-06 -0.132685 56.2591
0.00760867 -0.3407 179.087
-0.0152701 0.0648495 43.0485
-0.0153595 0.0791401 38.0012
-0.0179018 0.0970282 33.0472
-0.0210285 0.116076 28.0668
-0.0221443 0.130647 23.548
-0.0245313 0.147186 19.1354
-0.0220846 0.170241 9.28531
-0.0141543 0.192495 -4.01693
0.00239647 0.212481 -22.662
0.0307829 0.229442 -49.0249
0.0567031 0.212731 -62.1391
0.0760887 0.202567 -72.974
0.082261 0.217477 -82.9166
-0.0231139 0.704184 -176.149
0.0352295 0.306416 -77.8108
0.018937 0.0843603 -23.7061
0.0152165 0.0877944 -21.692
0.00276624 0.0515525 1.84598
0.00276624 0.0515525 1.84598
0.0510329 -0.148581 27.7241
-0.0113076 -0.194666 102.962
-0.0118456 -0.186825 100.911
0.00647494 0.0447006 0.453427
0.00673056 0.0431219 0.742411
0.00883769 0.0400617 -0.365137
0.0107605 0.03898 -2.0167
0.0108605 0.0391185 -2.17321
-0.00372504 -0.238576 112
0 -0.283203 123.848
0 -0.0413707 38.1525
0 0.0471946 6.93047
0 -0.116974 64.8567
0.0187988 -0.00827027 4.23755
0.018877 -0.00828153 4.14415
2.57818e-15 0.028683 47.3501
2.57818e-15 0.028683 47.3501
-0.00184303 0.0630388 -14.8336
0.000184789 -0.0107015 61.9439
0.000184788 -0.0107015 61.9439
0.000184786 -0.0107015 61.9439
-0.000465123 0.0266917 48.1568
0.000184785 -0.0107015 61.9439
0.000184783 -0.0107015 61.9439
0.000184783 -0.0107015 61.9439
0.00018445 -0.0107009 61.9437
-0.000472853 -0.00918776 61.5143
-0.000261606 0.010798 54.048
-0.00151481 0.0543912 38.319
-0.00152806 0.0547383 38.1945
-0.00141405 0.0555796 37.8467
-0.000863465 0.0602884 35.91
1.83195e-05 0.0654046 33.6883
0.0012292 0.0709574 31.158
0.00289608 0.0769776 28.2421
0.0048873 0.0835004 24.9648
0.00697891 0.0905681 21.401
0.00879449 0.0982302 17.7059
0.00980924 0.106538 14.1355
0.0042347 0.056514 35.651
-0.00251835 0.078294 31.2329
-0.0071984 0.0970208 26.9281
-0.0106116 0.115052 22.2474
-0.0123818 0.130819 17.4782
-0.0124118 0.147874 11.1756
-0.00928486 0.170303 0.834609
-0.00179752 0.192967 -12.5853
0.0103099 0.213072 -28.4171
0.0262593 0.222965 -43.4526
0.0453738 0.206087 -51.2772
0.0643633 0.188061 -59.1142
0.0931829 0.235564 -97.8528
0.0285869 0.306017 -71.9944
0.0352865 0.308095 -78.4579
0.103895 0.162208 -82.5127
0.0884843 0.100839 -46.9119
0.00761825 0.0320151 47.3454
-0.00379751 -0.100146 106.759
0.0153043 -0.137567 102.151
0 -0.263058 163.267
0.0188752 -0.138743 98.3174
-0.00379751 -0.100146 106.759
-0.00535978 -0.101709 108.804
-0.00127879 -0.0804692 96.7152
0.00962175 -0.0554267 75.9126
-0.00277743 -0.00591779 71.8595
-0.00278314 -0.00592382 71.8681
-1.26826e-06 -0.138858 117.041
1.26039e-06 -0.188058 135.341
0 -0.138858 117.04
-0.00278928 -0.00592663 71.8761
-0.00279214 -0.00592696 71.8795
-0.00279214 -0.00592696 71.8795
