-0.000901792 0.11134 15.3049
-0.00101613 0.11156 15.3027
-0.0660851 0.0197586 57.7768
-0.302692 -0.64722 71.9673
-0.0961755 -0.394005 56.2869
0.162687 -0.484791 29.7202
0.121359 0.184034 34.3525
0.06405 -0.175475 15.4453
0.0363987 -0.127167 19.7004
0.016031 -0.177463 25.1516
-0.0116402 -0.125636 30.7367
-0.0381855 -0.148832 37.4668
-0.0393068 -0.0774922 36.337
-0.0347254 -0.0525579 34.2736
-0.0454692 -0.0337157 36.7517
0.164122 -0.0497564 -31.5039
-0.0490238 0.0334922 33.6518
0.0350984 -0.239633 10.951
0.0448369 -0.233283 7.06025
0.0272169 -0.205486 13.4844
0.10273 -0.0653443 -30.1507
0.0311515 -0.0581321 2.63385
-0.0554425 -0.0341567 43.291
-0.0773945 -0.0285104 53.769
-0.0634308 -0.0118894 46.2072
0.138948 -0.0504368 -62.8521
-0.0869901 -0.103851 64.243
-0.0716468 -0.0536698 54.1699
-0.0714916 0.206201 63.8751
-0.319383 0.203966 218.955
-0.108167 0.0142098 87.5718
-0.0237908 -0.0169525 25.447
-0.126165 -0.0394226 104.685
-0.0874245 -0.0200774 76.4063
0.0265885 -0.058073 -6.41984
0.00758043 -0.0927716 9.14423
0.0223087 -0.0461162 -3.20939
0.177349 -0.0658376 -125.931
0.0148094 -0.103358 5.50974
-0.00455862 -0.0994372 21.655
0 -0.0989068 17.7341
0.00529358 -0.107569 13.0423
0 -0.0989068 17.7341
0.0012704 -0.099057 16.5485
-0.00136982 -0.0984238 19.0436
-0.0092249 -0.0828646 26.5712
0.481643 -0.281273 -380.56
-0.000279516 -0.0102508 11.926
0 -0.00701967 11.6151
-0.00287896 -0.011574 14.7273
0 -0.00701967 11.6151
-0.00234799 -0.00371052 14.1691
0.089629 -0.0572 -93.8332
0.0776147 -0.0568178 -79.9752
0.0725079 -0.00525962 -75.9762
0.0808097 -0.0255853 -85.5178
0.373884 -0.00589246 -422.281
0.368774 0.00385316 -416.201
-0.000406972 0.111588 15.2958
-0.000405541 0.112456 15.2728
-0.000405541 0.112456 15.2728
-0.0950696 -0.0283191 49.8611
-0.0907545 0.0315797 46.7255
0.755017 -0.11278 -41.1836
0.0903184 0.171135 39.2907
0.0852702 -0.671099 22.4304
0.0753784 -0.135229 12.9345
0.0318955 -0.141305 20.8153
0.0270376 -0.146424 20.9465
-0.00412088 -0.101597 27.2667
-0.0278712 -0.0720842 32.3484
-0.0184093 -0.0811287 30.3535
-0.027017 -0.0598542 31.5479
-0.0474071 -0.0598845 38.3281
-0.0764995 -0.00461831 45.1083
0.344827 0.0152712 -117.439
-0.0102032 -0.142205 26.4103
0.0831334 -0.0662797 -21.6503
0.132579 -0.0390446 -44.101
0.0677955 -0.0629022 -13.8122
-0.0174371 -0.0214023 24.5721
-0.0888657 -0.0286623 59.5134
-0.0578549 -0.0338685 43.5864
0.0331019 -0.0746419 -4.23505
0.274065 -0.135337 -136.476
-0.0104776 -0.0330067 17.6438
-0.0731527 0.0193204 68.9497
0.00434143 -0.0134835 7.2217
0.162687 0.143559 -92.9702
-0.0237902 -0.0169138 25.4445
-0.127744 -0.0362929 105.991
-0.264851 -0.0148147 204.526
0.00204307 -0.0425856 11.2141
0.022445 -0.0519912 -3.53513
0.0521261 -0.0137825 -28.712
-0.00820899 0.0169531 15.4029
-0.00824202 -0.176652 23.1487
0.0112179 -0.00752255 -0.047331
0.267863 0.152577 -223.869
0 0 -1
0.0012064 -0.185781 25.0517
0 -0.18155 26.008
0.102273 -0.319602 -25.6967
0.188619 -0.163514 -115.786
0.289532 0.482013 -204.419
0 -0.192522 12.0831
-3.69586e-05 -0.0723656 65.5765
0 -0.192522 12.0831
0.00686344 -0.0735856 58.0722
-0.028797 0.0033516 183.437
0.0384759 -0.174087 -31.3824
0.0567483 0.0755157 76.9718
0.0785266 0.325029 -88.9782
0.086534 -0.0407062 -92.3361
0.0981324 0.0715949 -11.0939
0.359979 0.00473017 -405.329
-0.0250304 -0.0400393 45.0992
-0.0255185 -0.0395013 45.1236
-0.0326611 -0.0383566 45.4438
-0.0503936 -0.0355176 46.5314
-0.052206 0.0223346 43.4036
-0.0520123 0.0170037 43.8082
0.0574465 -0.0817752 12.742
0.0158807 -0.0818003 19.0612
0.0332526 -0.137477 19.7324
0.0637616 0.07217 2.24894
0.0413752 -0.0284969 13.1483
0.00280284 -0.0444202 23.316
-0.0346344 -0.0524626 33.2277
-0.0156975 -0.0665388 29.0447
-0.0332946 -0.0570194 33.3769
-0.0540042 -0.0289372 39.0562
-0.0769913 -0.0264812 46.7392
-0.0392755 -0.047857 33.9968
-0.0413671 -0.0758857 36.7001
-0.0335791 -0.128782 35.8229
-0.007603 -0.13544 24.6086
0.0276741 -0.094612 6.21851
0.0192764 -0.0712632 8.96164
-0.025296 -0.045162 28.3123
0.0563889 -0.130717 -6.63249
0.0645876 -0.0866454 -20.8797
0.0830134 -0.147288 -27.5438
0.00313036 -0.0369307 9.56789
0.038365 -0.125103 -10.2367
0.31561 0.291491 -204.184
-0.0291422 -0.0207153 29.0673
-0.0179341 -0.0243173 21.9426
-0.131887 -0.0602121 110.534
-0.109928 -0.0560986 94.3915
-0.00125636 -0.0688859 15.9838
0.0520224 -0.0172357 -27.8684
0.0307109 -0.00761934 -11.053
0.209312 -0.027328 -153.229
0.157183 0.0834737 -120.748
-0.130293 -0.0660358 136.378
-0.128775 -0.0778139 135.669
0.0465742 -0.0900933 -19.1153
-0.0201831 -0.242876 46.2702
0 0.230426 4.52412
0.591667 0.212109 -526.338
-0.00910463 -0.432507 87.1633
0.00900277 -0.799604 42.1511
0 -0.862282 54.1387
0 -0.862282 54.1387
0.142501 -0.237983 -2.12381
0.00498042 -0.00194627 -2.38928
0.259167 0.719152 -316.884
0.0060621 -0.00431761 -3.178
0.0158307 -0.0153257 -13.363
0.0745457 -0.0432671 -78.1992
0.0949208 -0.0450606 -101.99
0.0876823 0.0763544 1.56347
0.0586765 0.608489 -66.9627
-0.136803 0.673158 -15.8967
-0.136797 0.673154 -15.8966
-0.133109 0.708346 -18.6569
-0.132965 -0.0464326 41.1867
-0.132475 -0.0479337 41.3071
0.00888612 0.0469946 11.082
0.00486845 -0.0277703 17.4607
0.01865 -0.0684341 17.4209
-0.0039096 -0.0999169 23.0282
0.0407036 0.111676 5.0128
-0.00199722 0.0362541 19.5831
-0.0014333 0.00373051 21.7244
-0.0560032 -0.0286839 37.6151
-0.0599471 -0.0821454 42.8395
-0.0872992 -0.255804 63.1141
-0.0155114 -0.342622 46.3907
-0.0263333 -0.145721 36.5134
-0.0364564 -0.217455 44.62
-0.0526718 -0.0567386 39.8489
-0.0652989 -0.0725795 44.5377
0.0424307 -0.0918498 -1.53155
0.0284188 -0.135771 8.40889
0.00881207 -0.128678 16.8299
0.0281132 -0.140665 7.83264
0.0524851 -0.130057 -4.67952
0.0599211 -0.119953 -16.7542
0.0205941 -0.0937476 3.68469
0.0129812 -0.0337912 3.58546
0.0134152 -0.0762425 5.86391
0.00276046 -0.0295302 9.70215
-0.00908694 -0.0617906 19.0756
-0.0519521 -0.424774 80.1732
-0.166255 -0.0961583 137.876
-0.0519089 -0.203598 63.3564
0.0576609 -0.0809691 -27.2134
0.0588633 -0.090201 -28.1192
0.0520338 0.0279931 -29.9784
0.150989 0.160612 -117.641
-0.668772 -0.0628325 565.021
-0.188584 -0.119888 190.366
-0.19696 -0.121514 197.755
-0.0812629 0.145369 79.3672
-0.00149734 0.156465 -6.80146
-0.0197088 0.0619464 17.705
-0.00388151 0.00481594 5.33181
0.000488191 0.125151 -6.53139
0.00702547 0.186404 -17.247
-0.0139827 0.190777 3.80668
-0.0199631 0.272282 3.61338
0 0.117447 -5.4451
0.230053 0.287317 -268.853
-0.000318123 -0.382881 39.3049
-0.0564546 -0.105581 79.2937
0.0513291 -0.0509803 -52.0699
0.0297617 -0.0189951 92.0925
0.10545 -0.0666838 -113.223
0.103972 -0.0543113 -112.347
0.0467881 0.0342354 -20.1219
0.00435259 0.109337 14.0515
1.06063 0.630936 -73.1287
-0.133751 -0.226429 62.2678
0.0064508 -0.244431 43.619
-0.0110308 0.0540857 12.4089
-0.00303254 0.0611139 11.2383
-0.0232171 0.00858382 19.0308
-0.0331582 -0.0155586 22.0549
0.201007 -0.388972 20.8559
0.149504 0.0721814 -12.6761
-0.0629406 0.0360695 33.484
-0.0602351 -0.00276023 36.4227
-0.082481 -0.0541913 46.7088
-0.0862428 -0.0769267 43.5317
-0.040636 -0.0135654 22.3148
0.0381478 -0.0983341 5.2235
-0.0192747 -0.10108 25.0426
0.036155 -0.242628 20.3386
0.0152096 -0.0514787 8.17015
-0.0257886 -0.00245295 19.3299
-0.0532175 -0.0836796 39.6323
-0.0332881 -0.111002 34.0792
-0.0193857 -0.143357 30.1199
0.0309291 -0.166609 8.52554
0.0252865 -0.141611 10.0046
0.0532916 -0.0791159 -16.6136
0.0251549 -0.12101 3.58998
0.036709 -0.113913 -3.32094
0.00358128 -0.109015 15.0258
0.00538164 -0.0713124 10.8614
0.244381 0.0486594 -154.754
-0.0166309 -0.153958 32.9053
-0.00169633 -0.114221 18.5449
0.0154914 -0.110481 4.64614
0.0294205 -0.101671 -5.19497
-0.022395 -0.0982345 34.0561
-0.0573801 -0.0621003 57.1315
0.259109 -0.384208 -156.461
-0.0124308 -0.00218745 13.1379
0 0 -1
-0.238326 0.461515 183.194
0.212891 -0.324219 -146.371
0.000134498 -0.0550677 9.53214
0.0020717 -0.405213 41.2032
-0.00356227 0.00400547 4.9513
-0.000498252 -0.106854 15.4774
6.82962e-05 -0.00312777 3.02186
-0.0318574 -0.188112 191.143
0.0190652 -0.143532 133.617
-0.0175025 0.218059 17.9179
-0.00804019 0.238539 6.2213
-0.136915 -0.305433 208.678
0.0300245 -0.00774271 -30.1404
0.0333398 -0.0028981 -34.0978
0.0107793 -0.00191317 -8.37286
0.135015 -0.059707 -149.211
0.110325 -0.0458648 -120.757
0.171637 -0.0841319 -187.886
0.00258714 0.113704 13.5531
0.00486816 0.104239 14.6407
-0.383981 -0.14159 60.1411
-0.0204625 0.0500205 14.2278
-0.0119496 0.0651507 11.8959
-0.00582882 0.0545475 12.5574
-0.0472296 -0.00594196 34.2252
-0.0977349 -0.0165371 43.8524
-0.0168926 0.000717008 28.4078
-0.0347845 0.00239907 31.8548
-0.0731934 0.0225666 38.0037
-0.0965653 0.0259772 42.8405
-0.0421383 -0.021199 24.2625
-0.0595064 -0.00312285 26.7477
-0.0302011 0.0094968 16.2843
-0.0115173 -0.0113204 12.5584
0.0221633 0.00743998 -1.1022
0.00465643 0.0469021 1.5311
-0.0121763 0.0284363 10.1065
-0.00653974 -0.00692259 12.5485
-0.0938622 -0.00378138 49.5962
-0.091012 -0.00264213 47.6886
-0.00187336 -0.0119191 6.36103
0.0189839 -0.124277 10.1823
-0.0137026 -0.0282339 14.2564
-0.0203413 -0.00874254 15.6273
0.0205177 -0.0687321 -0.118729
0.0262679 -0.1446 5.4745
0.00433978 -0.0896044 11.8791
-0.000461284 -0.0992509 16.326
0.0121573 -0.0528274 1.95644
-0.00144351 -0.0757846 13.8781
-0.0182804 -0.0630734 23.9602
0.0190861 -0.064019 -2.63918
0.0330366 -0.0916091 -9.59339
0.0209818 -0.075919 -2.226
-0.0489566 -0.0447599 48.5157
-0.026059 -0.000279969 24.9365
0.00132017 -0.0105763 2.42179
-0.0175914 -0.00869088 18.0306
-0.0401239 -0.132358 53.2477
-0.0185731 -0.126617 34.1671
-0.0112844 0.00709635 11.256
0.0582908 0.257876 -80.9293
-0.00899502 -0.00453023 11.3299
-0.583053 -0.630869 730.582
-0.000881754 0.015935 1.07698
0.337179 0.0160162 -213.27
0.0371094 -0.119141 112.197
0.300282 -0.213677 -211.812
0.186657 0.126362 -132.043
0.22708 0.035128 -162.269
-0.375542 0.205442 421.169
0.00237445 -0.00239402 0.475528
0.0999323 0.00282616 -113.743
0.138685 -0.0117889 -157.655
0.170712 -0.0227679 -193.732
0.151978 -0.0739427 -165.114
-0.0165718 0.128971 11.7059
-0.0122503 0.108997 14.3273
-0.0413992 0.123485 13.5155
-0.0705189 0.0444026 18.7864
-0.0148683 0.0642119 11.9288
-0.0217796 0.0115008 28.2041
-0.0395667 0.0105682 30.882
-0.0399564 0.0171371 29.837
0.117827 0.0592124 -15.6738
-0.031386 -0.0298544 35.7139
-0.0459656 -0.0297598 38.8199
-0.0530458 0.0102992 34.9183
-0.0344921 0.0559171 12.0222
-0.0508542 0.140435 5.11376
-0.0637567 0.0454692 21.699
4.04374e-05 0.0366609 2.72405
0.0251458 0.0585848 -7.86227
-0.0118834 0.0350126 9.48025
-0.0200013 0.0287192 13.3987
-0.00777304 0.0134105 11.0425
-0.104544 0.00807953 52.8631
-0.0863977 0.0181232 43.0683
-0.0339755 0.00463315 19.6309
0.0278718 -0.0537255 -2.81033
-0.0332518 -0.0495541 28.7518
-0.0286322 -0.0324993 23.7387
-0.00572049 -0.0622205 14.4773
0.0166779 -0.0597218 1.53667
-0.00689428 -0.083301 18.7643
0.00361167 -0.0854266 12.0164
0.00839503 -0.063607 5.93172
-0.0212213 -0.195529 45.2593
0.00526487 -0.0820809 10.361
-0.00957963 -0.0636739 17.9573
0.0215256 -0.059387 -4.85125
0.0119166 -0.0345747 -0.736619
-0.0107337 -0.0611607 20.2324
-0.0302639 -0.0179468 30.5936
-0.0158991 -0.0116999 17.8995
-0.0147088 -0.0111642 16.1432
-0.0111939 -0.00454429 13.1613
0.0048799 0.00313146 -1.04386
-0.00660495 -0.00036852 7.86193
0.0132762 -0.00503231 -8.50923
0.00310653 -0.004437 0.0395245
0.0228073 0.00354021 -20.456
-0.00300204 0.00942044 4.24275
0.251288 -0.108938 -109.045
0.120808 -0.346029 -63.4426
0.370117 0.142578 -332.138
0 0.281297 -35.1528
-3.6124 0.0511932 4069.57
0.000875171 -0.0972505 35.8421
-0.388874 0.746034 357.12
0.0604769 0.0219397 -69.0087
0.0935804 0.0181392 -107.199
0.144322 -0.0240829 -162.373
0.0987352 -0.0323008 -105.987
-0.00606726 0.151423 8.26211
-0.0107772 0.128069 12.528
-0.0357203 0.125448 13.6126
-0.0440302 0.0871338 20.2914
-0.0749017 0.079019 24.2397
-0.0667748 0.054478 27.1212
-0.0346717 0.0470329 24.5541
-0.0951733 0.0572114 32.3326
-0.00196891 0.0484119 8.13546
-0.0460329 -0.0196467 36.25
-0.0654966 -0.0168466 40.3557
-0.000498144 0.137021 -8.34362
-0.0189879 0.124395 -1.78219
-0.0189504 0.11266 0.139322
0.139141 0.293787 -81.2066
-0.014369 0.0896287 1.25552
-0.0184818 0.0369289 11.5062
-0.0312383 0.0220649 18.8768
-0.0382033 0.0076144 23.7571
-0.0263071 0.00212241 19.8046
-0.0867027 -0.00263761 46.5476
-0.0815127 0.0048405 42.8993
-0.0477891 0.0231563 23.5064
-0.0188473 -0.00835439 14.3697
-0.0142495 -0.018019 13.6731
-0.0307213 -0.0315629 24.4982
-0.0125945 -0.0226487 12.5672
-0.00457502 -0.0429826 11.3495
-0.01764 -0.0238513 16.1969
0.0172738 0.00266986 -10.3612
0.00498251 -0.065944 8.31564
0.00667249 -0.0755775 8.71363
0.00093467 -0.042558 7.58446
-0.0131759 -0.0202171 14.5049
-0.0127334 -0.0399801 17.464
-0.00183139 -0.0214644 6.39837
-0.0047093 -0.0491039 13.4941
0.0913479 -0.0344223 -66.9113
-0.0679213 -0.232342 96.7241
-0.259029 -0.163277 249.045
-0.00682048 -0.0103884 9.4232
0.00282496 -0.00554803 0.266115
-0.00775674 0.0127773 9.31678
0.00407726 -0.00426734 -0.94222
-0.000796696 -0.012029 4.36558
-0.033357 -0.240237 71.8544
0.0059494 -0.00246001 -2.98883
-0.00214995 0.00574739 3.30595
0.0917003 -0.126119 -65.3139
0.000910303 -0.00518706 2.44322
0.00923338 -0.00214999 -6.87356
-0.174937 -0.0992875 233.32
-0.0312341 -0.0143535 58.5148
-0.0297311 0.00187026 56.1167
-0.0761202 0.012441 109.178
0.0838673 0.0197521 -95.6822
0.0743198 0.0105812 -82.6814
0.0629989 0.00783401 -68.6426
0.00750709 -0.339266 93.0422
-0.00481641 -0.364651 98.1065
-0.0555306 0.0563306 26.5841
-0.0230303 0.108683 14.2519
-0.0636377 0.111879 16.9172
-0.0756182 0.134784 14.473
-0.0536388 0.101851 17.6323
-0.0828895 0.074381 27.7805
-0.0980345 0.102124 24.4732
-0.0591023 0.0305386 30.4739
-0.0757977 0.02357 35.612
-0.069989 0.0192699 34.8845
-0.0771369 0.129317 15.6382
-0.0718362 0.105888 19.096
-0.0920974 0.0817188 28.3183
-0.0568811 0.0509861 23.1606
-0.0478294 0.0411239 21.4867
-0.0460249 0.0222951 24.1575
-0.0383702 -0.00835295 26.4954
-0.0355911 0.00482393 23.5606
-0.0766906 0.0183765 38.4981
-0.0713312 0.0112616 37.0455
-0.0443667 0.0607399 15.6543
-0.0440775 0.0694424 13.9719
-0.0510603 -0.000429468 30.2304
-0.0424247 -0.00350342 32.3177
-0.0593016 0.0353582 34.9824
0.016347 0.0281587 -12.9568
-0.0122578 0.0759746 6.52465
-0.00738625 0.229138 -34.2438
-0.0430396 0.180277 -1.4207
-0.0324078 0.154685 -3.18883
-0.0142604 0.12808 -11.2864
-0.00025378 0.0186503 -1.42747
0.00745407 0.0367829 -10.5237
-0.00964821 0.0304043 3.955
-0.00312479 -0.00958302 5.5408
0.00254757 -0.00182402 -0.104157
-0.00173236 0.00442826 2.72393
-0.0042397 -0.00293784 5.58713
0.00267106 -0.00196806 -0.127304
0.00538824 -0.00435937 -1.67391
0.00450215 -0.00364346 -1.49483
0.0064511 -0.00102273 -3.87998
0.00326637 -0.00142768 -0.624632
0.0102306 -0.00362416 -7.11515
0.00489773 0.00413712 -3.22498
0.00401019 0.00401734 -2.25554
0.00686204 -0.00380747 -4.13299
0.000223274 -0.00265963 2.69437
0.0107793 -0.00191317 -8.37286
0.00188648 -0.00236868 1.06676
0.0826525 -0.166657 -29.4057
-0.144122 -0.0370201 196.98
-0.10418 -0.00299377 143.983
0.064416 0.0104997 -70.4356
0.913114 0.0102579 -1095.19
0.0755889 0.018263 -85.7024
0 0.000325521 42.2227
-0.0229804 0.366572 -37.0057
-0.0592615 0.328919 -26.4159
-0.0720972 0.254272 -9.62629
-0.0557161 0.187671 2.93724
-0.0806269 0.177894 7.22896
-0.0766825 0.0887092 24.6308
-0.101068 0.0699729 31.7328
-0.0979517 0.0574387 33.2273
-0.0747621 0.0481026 30.6975
-0.080289 0.0373921 34.3099
-0.0791996 0.0413956 32.9252
-0.076761 0.0495432 31.1912
-0.111565 0.0448944 42.0318
-0.0637215 -0.0289704 41.237
-0.062665 0.0279722 29.1239
-0.0608704 0.0673567 19.7868
-0.0619483 0.0436644 25.5533
-0.03583 0.0296303 18.5037
-0.0244726 0.0960244 0.206429
-0.00986259 0.275519 -43.7342
-0.013475 0.311325 -49.6024
0.0176333 0.290753 -59.9124
0.023279 0.196879 -43.1188
0.12004 0.0524926 -54.333
-0.0699566 -0.201249 94.9837
0.0424697 0.25202 -65.797
0.0348707 0.0158336 -11.3502
-0.0557043 0.0508875 36.1711
-0.0197073 0.267735 -32.8178
-0.0310139 0.25317 -22.2025
-0.0491942 0.144772 11.4099
-0.0256451 0.166983 -10.1855
-0.0294803 0.108333 3.84734
-0.0135435 0.0908294 -4.30476
-0.0230285 0.0866942 3.90078
-0.0193676 0.0463625 8.92247
-0.0108709 0.010852 8.77081
-0.0230979 0.0178572 17.4027
0.00200406 -0.00103073 0.676305
-0.014663 -0.0117662 18.4096
0.00495964 -0.00233244 -2.06288
0.00118116 0.00988429 -1.80105
0.0109107 0.00428508 -9.59986
0.00395354 -0.00633382 -0.279814
-0.0584166 0.0729392 46.9678
0.000944176 -0.00450865 2.7294
0.00291326 0.00750708 -1.55658
0.00424332 0.00667781 -2.94414
0.191128 -0.395846 -94.3561
0 0.223425 -39.5085
0.582854 -0.120683 -599.771
0.358817 0.0301339 -378.022
0.00126046 -0.0138216 4.35688
0.00552144 -0.00183095 -2.49329
0.0383292 0.00681137 -40.3259
0.0615222 -0.0105145 -62.8232
0.0769745 0.0041339 -84.3755
0 0 -1
-0.0725408 0.0538979 13.4836
-0.0847411 0.335225 -25.8817
-0.102387 0.235679 -3.43506
-0.0566155 0.232033 -6.76088
0.0298278 0.0540056 5.15479
-0.0191863 0.206659 -27.6423
-0.00452621 0.215324 -32.0654
-0.0136834 0.204898 -27.9309
-0.0093334 0.228719 -34.0386
-0.00599147 0.276117 -46.1567
0.00699254 0.254985 -44.6433
0.0104602 0.2958 -54.7341
-0.0321385 0.206776 -22.6041
-0.0403711 0.184586 -14.5967
-0.0735849 0.0682606 23.3971
0.0243116 0.205782 -40.5699
0.0114351 0.30876 -59.7856
-0.0161031 0.343047 -56.4473
0.0223998 0.352957 -74.4128
-0.0047519 0.298535 -49.9256
-0.0305231 0.27052 -32.2133
-0.0116575 0.287056 -45.0136
0.0163482 0.28586 -58.7373
0.00490519 0.257398 -45.0442
-0.0247378 0.213429 -18.8277
-0.00507685 0.239267 -36.0351
0.00681135 0.196209 -34.2305
0.0148848 0.0773636 -12.5648
0.0428184 0.250162 -68.9109
0.0614762 0.269051 -84.9113
-0.0669479 0.0756772 38.325
-0.0442332 0.292141 -25.9691
-0.0369694 0.0974098 12.3154
-0.0217362 -0.00249275 21.9169
-0.0252013 -0.0123055 27.3669
-0.0167013 -0.0117048 19.9473
-0.0026505 -0.00626151 7.01093
-0.0274124 0.0327874 18.1188
-0.00476197 -0.00518125 7.6665
0.00292445 -0.000848661 0.0510785
-0.00572752 0.0117121 4.52736
-0.000935234 0.0205935 -2.00762
-0.00307696 -0.00328321 5.84961
0.0996595 0.191006 -126.532
-0.0342954 0.316523 -25.4853
0.309444 0.0962303 -320.372
0 0.939785 -202.646
0.014624 0.892224 -207.111
-0.0115539 0.828278 -164.773
-0.0222056 0.884834 -165.939
0.353091 -0.135696 -335.142
0.282479 -0.0338001 -279.086
0.00570327 -0.000311838 -3.93346
0.0577787 -0.00746195 -59.5456
0.0394379 -0.0216461 -33.9405
0.0454349 -0.0211252 -40.905
0.0561233 -0.0181368 -54.1093
0.0197119 0.448365 -94.3985
0.0197119 0.448365 -94.3985
0.0197119 0.448365 -94.3985
0.03954 0.262589 -48.8007
-0.00660101 0.104641 -3.06151
-0.0201809 0.0741936 5.95439
-0.0264138 0.188448 -21.9943
-0.0123922 0.198596 -26.5754
0.00624809 0.259235 -44.9475
0.00623665 0.297802 -54.1792
0.0205395 0.347571 -69.8049
0.0362419 0.319886 -67.8663
0.00664618 0.365592 -71.1621
0.0139816 0.342618 -67.1128
0.00395198 0.252313 -38.4722
-0.0197706 0.214211 -20.3148
0.0725005 0.392286 -101.945
-0.00289294 0.341658 -61.5581
-0.00312065 0.332938 -60.0683
0.00553991 0.318126 -59.0356
-0.0146928 0.275748 -40.777
0.00140512 0.312635 -57.5328
-0.00176629 0.299755 -52.457
0.0119528 0.269843 -52.2119
-0.00160757 0.239309 -37.1403
-0.00667306 0.222268 -30.1908
-0.0307016 0.20924 -13.9019
-0.0334845 0.234805 -18.995
0.0395501 0.259101 -70.2004
0.0810063 0.242307 -91.6244
0.0803973 0.249098 -92.6834
0.0764079 0.264371 -93.6961
0.179599 0.190064 -146.393
0.20884 0.138171 -153.864
0.212791 0.137596 -156.569
-0.0552644 0.0379023 37.7565
0 -0.000397478 2.03136
0 -0.000397478 2.03136
0 -0.000397478 2.03136
-0.015235 -0.0156078 19.7506
0.011004 0.022236 -13.2022
0.280996 0.242932 -309.228
0.00071977 0.00778649 -0.434811
0.034972 0.148958 -67.1624
-0.000572019 0.00444912 1.80804
-0.016225 -0.0147314 21.5325
0.231924 -0.0118719 -216.135
-0.849405 -0.0241815 892.798
1.3457 -0.582031 -1246
0 -0.118185 31.3135
0.932495 0.710693 -1161.41
0.225476 -0.0228996 -217.275
-0.229361 -0.0263231 292.917
0.0198373 0.0479475 -30.2693
0.192727 0.0513174 -233.435
0.230538 -0.0391884 -255.481
0.183367 -0.0165583 -188.712
0.534183 0.110113 -671.784
0.0197119 0.448365 -94.3985
0.0197119 0.448365 -94.3985
0.00313132 0.427353 -88.2175
-0.0353819 0.371007 -68.7215
-0.02778 0.394486 -75.8253
-0.0155496 0.402257 -79.279
-0.0081512 0.391514 -77.2407
0.00317332 0.392991 -79.4452
0.0437391 0.364941 -79.0745
0.0434694 0.411481 -91.9626
0.0638585 0.372972 -84.7984
0.00917529 0.374593 -73.6245
0.0275013 0.376986 -78.8436
0.0404303 0.309589 -64.3236
0.0175946 0.31198 -58.1422
-0.0225341 0.295288 -41.4485
-0.0336513 0.29455 -36.801
-0.0147113 0.319125 -50.586
-0.0132004 0.320852 -52.2162
-0.013207 0.329831 -55.2982
-0.00429668 0.327373 -58.9863
-0.00138012 0.324438 -59.3842
-0.00597979 0.325046 -57.5276
-0.00824654 0.260675 -39.1314
-0.0365735 0.282685 -30.9394
-0.0198699 0.258196 -34.0211
0.0251251 0.207218 -45.9159
-0.0109233 0.232593 -31.3112
0.0359479 0.264912 -69.3628
0.0698575 0.234319 -82.5766
0.0785374 0.248511 -91.011
0.0803783 0.265594 -96.6598
0.078814 0.251703 -92.1225
0.242656 0.145263 -180.558
0.221486 0.153279 -167.164
0.00555423 -0.141182 39.5682
0.00134757 -0.00636918 4.14037
-0.0154961 -0.00910051 18.6901
-0.0448851 -0.0280659 49.6724
-0.0188098 -0.00637526 22.747
-0.00115708 -0.00941393 6.02693
0.000692397 -0.00159336 2.26801
-0.00187809 -0.00667771 6.20747
0.0153319 0.00469762 -12.0361
0.0814874 -0.192485 -18.817
0 0.096327 -20.1355
0 0.100955 -21.4069
0.0041545 0.118703 -30.56
0.00808133 0.113233 -33.2645
-0.0223589 -0.0997197 82.1922
0.275896 -0.0667958 -249.597
0.0967193 -0.0186719 -74.0228
0.214362 -0.0450768 -199.027
0.169149 -0.0735611 -140.17
0.165481 -0.0637695 -138.405
0.0233315 -0.000432346 -22.1636
0.181694 -0.0152697 -187.058
0.0269346 -0.0441694 10.1348
0.0197119 0.448365 -94.3985
0.00524967 0.442737 -92.3862
0.00181098 0.437963 -90.8725
-0.0235836 0.385422 -73.639
-0.0204432 0.393677 -76.3108
-0.0136116 0.399738 -78.8241
-0.00596945 0.400593 -80.0882
0.0064696 0.405316 -83.396
0.0302113 0.40333 -86.97
0.0369685 0.399405 -87.0121
0.0498728 0.368412 -80.8744
0.00816963 0.35847 -68.5368
0.0167643 0.377063 -76.9835
0.00421192 0.282772 -45.6712
-0.00269128 0.29767 -47.6286
-0.00816794 0.261351 -35.1129
-0.0356295 0.272117 -30.3912
-0.011037 0.290248 -43.861
-0.0176831 0.318261 -49.561
-0.00288918 0.323093 -56.7693
-0.0210182 0.298457 -42.8608
0.00419273 0.339906 -66.4591
-0.0257165 0.308081 -42.1209
-0.0374548 0.314327 -38.8545
-0.0388938 0.317827 -39.2025
-0.0501221 0.327431 -35.7105
-0.0212332 0.281544 -39.3301
-0.0239598 0.272749 -34.9837
0.0205185 0.266031 -60.0325
0.0797094 0.256041 -94.2964
0.0958676 0.249535 -102.551
0.0820073 0.248534 -92.5875
0.0748428 0.251063 -88.9799
0.0901102 0.240109 -96.8526
0.152103 0.147909 -115.897
0.0648713 0.224432 -74.166
-0.028321 -0.0063037 28.129
0.0249596 -0.0979672 40.5316
-0.0104164 -0.00571811 13.7482
-0.0223016 -0.00759925 24.0487
-0.00235337 -0.0138844 8.76304
-0.000434193 -0.00151124 2.88013
0.00163224 -0.00831909 3.24822
0.00377244 -0.0466993 12.9446
0.0216879 0.00545151 -20.7386
0 0.0165465 -3.02251
-0.000692373 0.0145438 -1.80729
0.00690209 -0.00249331 -3.71937
0.00956194 -0.00958534 -4.4132
0.0107793 -0.00191317 -8.37286
0.0266894 -0.0102563 -23.1604
0.012121 -0.00368799 -8.8796
0.364398 0.00866366 -286.821
0 0.317402 -89.3264
0.423789 -0.0145172 -492.667
0.187973 -0.0724436 -194.775
0.171523 -0.0121128 -175.507
-0.0769414 -0.0239515 133.249
0.0197119 0.448365 -94.3985
-0.00351443 0.403715 -80.0508
-0.0250604 0.389153 -74.6321
-0.0213336 0.38886 -74.7957
-0.0145441 0.394061 -77.0058
-0.00815904 0.40062 -79.7516
-0.000405869 0.406408 -82.5992
0.0128071 0.410571 -85.9386
0.0269018 0.405347 -86.7837
0.0187788 0.407005 -85.6856
0.0136117 0.406116 -84.5477
0.00363074 0.399946 -80.1549
-0.033924 0.352131 -55.8041
-0.0571344 0.198886 -2.44332
-0.0144747 0.181924 -9.91862
-0.00523379 0.162982 -7.13238
-0.00506731 0.241357 -31.3466
-0.0111686 0.283277 -41.6248
-0.00347912 0.274444 -41.9887
-0.00766271 0.282807 -44.0416
0.00339344 0.31411 -58.0682
-0.000840328 0.321103 -57.8961
-0.0271641 0.305873 -41.1667
-0.0511802 0.332276 -37.1031
-0.0485112 0.324667 -36.1613
-0.0527337 0.311849 -29.829
-0.0460588 0.303617 -31.2185
-0.0482945 0.0680232 57.8839
-0.0460082 0.0684194 56.3796
0.0691472 0.277453 -93.778
0.0734021 0.24869 -87.4733
0.0703833 0.21796 -75.7418
0.0686308 0.219139 -74.9965
0.0835335 0.252593 -95.8993
0.0805068 0.246246 -91.9458
0.0664118 0.254804 -83.7816
-0.0251184 -0.0123876 27.4894
-0.0369472 0.0111508 29.0652
-0.00854148 -0.00202796 10.9016
-0.0252318 0.0213594 17.6979
-0.00737806 -0.0098532 11.7704
0.0167962 0.0127191 -16.621
-0.00266353 -0.011686 8.19094
0.0273045 0.00283229 -24.3921
0 0.0121913 -1.50742
-0.0226838 0.016833 19.4781
0 0.0121913 -1.50742
0 0.0121913 -1.50742
0.00684435 0.0198862 -11.1383
0 0.0121913 -1.50742
0.00939749 0.0126113 -11.8353
0.00484147 0.00115774 -2.81206
0.00863989 -0.0113872 -3.05947
0.203361 -0.108987 -202.267
0.00941392 -0.00900276 87.5024
1.03796e-06 -0.0518536 111.912
-1.03796e-06 -0.0518536 111.915
0 -0.0518536 111.914
0.121438 0.0680371 -22.8242
0.0167553 0.351082 -63.8712
-0.0307105 0.384169 -72.6593
-0.0206386 0.387185 -74.2791
-0.00867752 0.394753 -77.8042
-0.00144523 0.402042 -81.0069
0.00448298 0.408254 -83.8589
0.0115201 0.410813 -85.7819
0.0181952 0.407296 -85.753
0.0201939 0.404458 -85.1557
0.00647674 0.394523 -78.5785
-0.0176459 0.170956 -5.65266
-0.00354042 0.173689 -10.6141
-0.0175912 0.171032 -5.69208
-0.0155465 0.162035 -3.40941
-0.0118817 0.158857 -3.65415
0.00200743 0.147768 -4.70175
0.0189266 0.211051 -30.851
0.00373591 0.2503 -37.9153
0.0177413 0.289182 -56.6632
0.0232844 0.298163 -61.8735
-0.0119486 0.295179 -44.3943
-0.024644 0.322309 -47.3356
-0.0407186 0.321815 -39.1246
-0.0536176 0.324974 -33.5528
-0.058105 0.313583 -27.4424
-0.0470508 0.310704 -32.8138
-0.0263721 0.301433 -41.7882
-0.00307701 0.29155 -52.5884
0.0253624 0.281062 -66.9349
0.0388387 0.246505 -64.0252
0.0347259 0.208411 -48.4864
0.0220349 0.155894 -22.1989
0.0295651 -0.0179662 30.6654
0.0577892 0.28874 -88.1309
0.0487769 0.275782 -77.0937
0.0281057 0.281883 -62.991
-0.229272 -0.0399587 249.061
-0.00428401 -0.195783 119.922
0 -0.203664 119.023
-0.0055876 -0.0117941 10.8625
-0.00331563 -0.269242 143.818
0 -0.203664 119.023
-0.00251508 -0.208448 122.961
0 -0.203664 119.023
0 -0.179376 110.821
0 -0.203664 119.023
-0.00138611 -0.201909 119.851
0.0903498 -0.0337661 -5.83606
-0.0264036 -0.240903 185.627
0.0919326 -0.0077539 -20.7027
-0.330094 0.367946 319.381
0 0.0226562 -4.51797
0 0.0226562 -4.51797
-0.120604 0.134078 190.218
0.1051 0.0448799 -128.589
0.0509968 0.0830264 -75.5211
-0.0414861 0.178464 84.9513
0.121438 0.0680371 -22.8242
-0.0437833 0.373653 -68.5049
-0.0257915 0.367595 -67.2323
-0.0101803 0.384885 -74.2964
-0.00110335 0.394984 -78.6173
0.00429024 0.40234 -81.7843
0.00788554 0.407971 -84.2325
0.0104844 0.40984 -85.2732
0.0113124 0.40589 -83.9938
0.00885473 0.394539 -79.4451
-0.00291738 0.387928 -74.3484
-0.0147876 0.360228 -61.7777
-0.0185016 0.352706 -58.1792
-0.0175247 0.347609 -56.6665
-0.0146401 0.342283 -55.6528
-0.0106766 0.339824 -56.0744
-0.00650002 0.336944 -56.4932
-0.00287443 0.333607 -56.632
-0.00052636 0.329695 -56.1472
0.00116634 0.324164 -54.8689
0.0029675 0.314356 -52.154
0.00585327 0.29619 -46.9884
0.00933271 0.267636 -38.4579
0.0208462 0.201361 -20.3816
0.00857922 0.134636 9.74427
0.000477728 0.12812 16.3719
-0.00208194 0.132456 16.2414
-0.00372842 0.137122 15.5383
-0.00601284 0.140953 15.5531
-0.00847097 0.144152 15.9485
-0.0105471 0.146795 16.3448
-0.0120291 0.148954 16.5578
-0.0123775 0.15081 16.1249
-0.0883537 -0.024037 118.174
-0.310437 -0.673654 504.878
0.0423207 0.307729 -83.1983
0.0507091 0.274871 -77.9775
0.205856 -0.610574 121.973
0.147636 -0.0921424 -21.7952
0.166391 -0.0961057 -36.177
0 -0.113279 92.8101
0 -0.113279 92.8101
0 0.0165614 46.2958
-0.233258 0.111642 228.659
0.040483 -0.737216 268.698
0 -0.96986 389.489
0 -0.870223 354.792
-0.0237177 -0.916527 395.221
-0.0162236 -1.06186 438.55
0.0243525 -0.923108 347.052
0 -1.06152 421.372
-0.0288543 1.01877 -268.357
0 -0.870223 354.792
0.0573317 0.990668 -356.781
0.0686953 -0.0836151 46.2461
2.20567e-06 -0.189728 165.966
0.00842862 0.163073 27.2941
0.105794 0.0175781 -110.527
0.0161064 0.0897933 31.9705
0.00577575 0.0110212 61.2587
-0.00722549 -0.124746 112.01
-0.0137101 -0.225442 149.651
-0.00947634 -0.307062 179.491
-0.00246873 -0.373472 203.34
0.00282832 -0.421734 220.552
0.00543249 -0.453237 231.853
0.00425073 -0.472137 239.086
-0.00184423 -0.478109 242.505
-0.00864974 -0.44204 230.596
-0.0133353 -0.469854 242.024
-0.0174358 -0.455189 237.624
-0.017126 -0.437337 230.902
-0.0139869 -0.420382 223.663
-0.00965393 -0.405125 216.607
-0.00529868 -0.38916 209.196
-0.00164642 -0.372095 201.543
0.00087787 -0.352679 193.38
0.00256273 -0.328516 183.746
0.00376136 -0.29524 170.904
0.00541415 -0.247107 152.324
0.00771979 -0.180005 126.374
0.0103363 -0.0639224 82.1095
0.0082773 0.114422 17.1307
0.0047708 0.125047 15.0957
0.00163719 0.132247 14.1888
-0.00117429 0.137255 13.976
-0.00398151 0.140985 14.2928
-0.00680926 0.144091 14.9127
-0.00916927 0.146647 15.4898
-0.0107033 0.148753 15.7262
-0.010371 0.152325 14.1563
-0.00606821 0.207348 -9.33056
0.00393623 0.262308 -37.071
0.0211864 0.306211 -66.3909
0.0437633 0.271343 -71.4006
0.103495 0.222278 -101.018
0.115655 -0.0710941 -2.99345
0.152172 0.652129 -297.952
0.0125809 -0.475857 230.909
0.000624918 -0.385931 208.059
0 -0.442746 229.616
0 -0.442746 229.616
0 -0.442746 229.616
0.0132926 -0.45279 220.22
0 -0.442746 229.616
8.45509e-07 -0.442746 229.615
-0.00459838 -0.446471 235.791
0.00584963 -0.448099 225.323
0 -0.442746 229.616
2.06556e-05 -0.419678 221.057
2.06076e-05 -0.419678 221.057
2.0538e-05 -0.419678 221.057
2.0538e-05 -0.419678 221.057
7.35225e-07 -0.442746 229.615
-7.35225e-07 -0.442746 229.617
0 -0.442746 229.616
