0 1 1
1 2 3
2 118 0
4 118 0
4 120 0
7 120 0
7 9 3
9 10 1
10 11 3
11 12 3
12 71 3
71 72 3
15 72 1
15 16 1
15 18 1
15 19 1
19 20 3
20 21 3
21 22 1
22 436 0
146 436 3
28 146 3
28 31 3
31 32 3
32 92 0
34 92 3
34 573 0
333 573 3
43 333 0
43 44 3
44 568 3
505 568 3
505 574 3
397 574 3
16 18 1
18 19 0
17 18 1
22 139 0
16 17 3
7 67 3
9 67 3
118 120 3
139 436 0
153 573 0
7 122 0
34 209 1
28 89 3
31 89 3
91 92 3
44 102 3
63 120 0
120 122 3
66 67 3
10 68 0
18 76 0
19 76 3
19 77 3
20 77 3
7 66 3
11 69 3
12 70 3
72 73 3
20 79 3
21 79 3
22 80 3
9 68 3
10 69 0
11 70 2
15 73 0
21 80 1
80 139 3
209 573 0
16 73 3
1 116 0
2 116 0
66 122 0
0 116 0
63 121 0
69 70 3
17 76 3
79 80 1
316 436 3
63 122 0
67 68 3
146 316 3
76 77 3
68 69 3
70 71 2
16 74 3
77 79 3
32 91 0
73 74 3
17 74 3
139 256 1
31 147 3
32 147 3
209 267 0
115 397 3
256 436 0
92 209 1
267 573 3
89 147 3
116 118 3
256 316 0
102 568 3
116 117 3
71 187 0
72 130 3
80 138 3
138 139 3
117 118 3
71 130 0
73 131 3
74 131 3
77 135 3
76 135 3
17 133 3
76 133 3
76 134 3
77 194 3
79 194 3
91 147 1
91 148 1
102 505 3
120 121 3
79 137 3
147 148 1
67 125 3
67 126 2
68 126 1
137 194 3
80 137 3
92 148 1
504 505 3
504 574 3
173 397 0
115 173 1
125 126 2
70 128 3
134 135 3
135 194 3
333 388 3
69 127 3
136 194 0
170 397 0
126 127 0
70 127 3
74 133 3
136 137 0
92 208 3
396 568 3
71 128 2
137 138 3
208 209 1
388 573 3
162 396 0
127 128 3
130 187 3
133 134 3
329 388 3
574 636 3
66 125 1
128 187 0
135 193 3
333 392 3
43 392 0
397 636 3
388 392 3
74 132 3
193 194 3
139 196 3
131 132 3
138 196 3
196 256 1
44 392 3
72 131 3
89 204 3
147 204 3
392 505 3
132 133 3
102 392 3
146 202 1
115 230 1
117 176 1
118 176 1
130 131 3
230 397 0
89 146 3
328 573 3
122 125 1
146 259 1
329 573 3
504 636 3
259 316 0
328 329 0
122 182 1
146 204 3
196 255 3
147 205 1
116 174 1
117 174 1
137 195 3
138 195 3
255 256 1
204 205 1
148 205 3
148 207 3
125 184 2
126 184 0
128 186 0
194 195 3
92 207 1
127 185 3
130 188 3
133 191 3
134 191 3
148 206 3
118 235 1
184 185 0
185 186 3
186 187 3
131 188 3
205 206 3
206 207 3
397 458 3
187 188 3
134 193 3
195 196 3
257 316 0
458 636 3
256 257 0
176 235 3
117 232 1
122 184 1
193 251 3
257 259 2
326 573 3
176 232 3
132 188 3
174 232 3
207 208 0
132 191 3
191 193 3
208 266 3
188 191 3
207 266 0
188 248 3
191 251 3
191 248 0
229 230 1
230 288 0
188 245 3
187 245 3
250 251 3
188 246 3
229 397 0
119 120 3
186 244 3
246 248 3
191 249 2
191 250 3
267 326 3
229 458 0
184 242 2
185 244 3
248 249 3
194 310 3
194 253 3
195 253 3
205 264 0
206 264 0
122 242 1
185 243 3
187 244 3
207 264 0
209 266 0
119 237 1
120 237 1
242 243 0
243 244 3
244 245 3
266 267 3
229 288 1
235 293 3
118 293 1
195 254 3
196 254 3
204 264 3
264 266 3
176 233 3
176 234 3
245 246 3
249 250 2
253 310 3
254 255 3
232 233 3
233 234 3
193 310 3
288 458 0
118 119 3
246 305 3
248 305 3
204 375 3
234 235 3
251 310 3
146 375 3
288 347 0
326 328 3
253 254 3
204 495 3
255 313 3
264 495 3
346 458 0
256 313 0
346 636 0
288 346 3
248 306 3
243 302 3
244 302 3
249 307 1
257 315 2
264 380 3
266 325 3
267 325 3
119 122 3
309 310 3
259 315 2
375 495 3
325 326 3
305 306 3
250 307 3
251 309 3
309 367 3
264 381 3
266 381 3
266 323 3
388 505 3
250 309 3
250 308 3
323 381 3
307 308 3
256 315 0
266 324 3
232 291 3
259 375 0
380 381 3
324 325 3
233 291 3
119 293 1
242 302 0
246 304 3
380 495 3
235 292 3
245 304 3
393 504 3
232 290 3
234 292 3
242 300 1
304 305 3
393 636 3
245 303 3
310 367 3
292 293 3
303 304 3
248 307 3
308 309 3
254 313 3
323 324 3
326 385 3
328 385 3
346 347 0
290 291 3
122 300 1
245 302 3
306 307 3
256 372 0
315 372 3
375 380 3
300 302 0
253 369 3
254 369 3
313 372 3
385 499 3
234 291 3
119 296 1
120 296 1
122 298 1
302 303 3
375 435 3
329 505 3
447 505 3
304 362 3
315 434 3
291 292 3
119 298 1
310 369 3
259 434 0
293 353 3
302 359 3
303 362 3
367 368 3
310 368 3
433 434 3
375 434 3
119 353 1
300 359 0
389 505 3
292 351 3
293 351 3
313 369 3
389 447 3
306 364 3
307 364 3
351 353 3
328 386 3
375 377 3
298 300 3
308 364 3
377 435 3
346 405 0
347 405 0
308 366 3
309 366 3
368 369 3
313 371 3
325 385 3
385 386 3
325 383 3
303 360 3
366 367 3
369 371 3
380 438 3
383 385 3
119 354 1
302 360 3
364 365 3
329 386 2
119 300 1
360 362 0
305 364 3
364 366 3
290 348 3
291 349 3
292 350 3
305 363 3
365 366 3
324 383 3
445 505 3
348 349 3
349 350 3
350 351 2
304 363 3
363 364 3
505 563 3
389 445 3
346 404 0
404 405 0
300 358 0
358 359 0
359 360 3
324 381 3
371 372 3
383 440 3
445 563 3
362 363 3
576 636 3
119 358 1
434 435 3
377 380 3
383 499 3
447 504 3
346 576 0
329 445 3
393 453 3
377 438 3
324 440 3
386 445 3
363 421 3
364 421 3
315 431 3
369 428 3
431 434 3
386 444 3
371 428 3
372 431 3
381 440 3
119 415 1
358 415 3
504 513 3
404 576 0
377 437 3
447 513 3
393 513 3
360 419 3
362 419 1
437 438 3
353 411 3
353 354 3
353 410 3
351 410 3
358 416 3
365 424 3
366 424 3
354 411 3
415 416 3
359 417 3
369 427 3
381 439 3
358 417 0
364 422 3
365 422 3
427 428 3
380 439 3
439 440 3
354 412 3
359 418 3
360 418 3
371 430 3
499 501 3
385 501 3
444 445 3
410 411 3
411 412 3
119 412 1
362 420 2
421 422 3
368 427 3
386 501 3
348 406 1
349 407 1
350 408 1
351 409 1
417 418 3
363 420 3
371 429 3
447 686 3
393 576 3
404 520 1
405 463 2
406 407 3
408 409 3
368 426 3
428 429 3
372 430 3
513 686 3
404 463 0
419 420 0
420 421 2
365 423 3
429 430 3
349 408 1
416 417 0
422 423 3
367 426 3
426 427 3
438 439 3
407 408 3
418 419 3
423 424 3
377 494 2
444 501 3
520 576 0
439 496 3
461 576 0
409 410 3
366 425 3
430 431 3
437 494 3
424 425 3
367 425 3
463 520 1
438 496 3
433 490 3
434 490 1
437 496 3
440 498 3
420 478 3
435 494 2
493 494 3
498 499 3
433 489 3
393 687 3
463 576 3
420 479 2
421 479 3
431 489 3
431 433 3
489 490 3
576 687 3
430 489 3
494 496 3
521 576 3
463 521 3
424 482 3
435 493 2
439 498 3
425 482 3
434 493 2
389 503 3
513 687 3
408 465 3
408 467 3
409 467 3
418 475 3
496 553 2
496 498 3
503 560 3
410 467 3
410 469 3
411 469 3
412 469 3
417 475 3
423 481 3
426 485 3
494 553 3
576 690 3
406 464 3
407 465 3
410 468 3
417 474 3
474 475 3
419 478 3
424 481 3
427 485 3
447 503 3
687 690 3
464 465 3
412 470 3
119 470 1
119 471 1
119 472 1
415 472 3
422 481 3
428 486 3
445 503 3
415 473 3
416 474 3
422 480 3
481 482 3
427 486 3
429 486 3
496 554 2
467 468 3
468 469 3
471 472 3
472 473 3
415 474 3
418 476 3
480 481 3
469 470 3
419 477 3
478 479 3
421 480 3
425 426 3
465 467 3
477 478 3
473 474 3
475 476 3
485 486 3
430 488 1
488 489 0
434 491 1
418 477 3
486 488 1
429 488 1
447 560 3
470 471 3
476 477 3
553 554 3
479 480 3
489 547 1
444 503 3
488 547 2
499 558 3
465 524 3
467 524 3
467 525 3
488 546 3
490 491 1
501 558 3
524 525 3
471 529 3
485 543 1
486 546 1
469 527 3
470 529 3
474 532 3
425 541 1
486 543 1
491 550 3
468 527 3
473 532 3
482 541 1
426 542 1
486 544 1
434 550 1
434 551 1
496 555 3
478 537 2
425 542 1
485 542 1
490 547 1
490 549 3
554 555 3
498 557 3
501 559 3
501 503 3
468 526 3
473 531 3
479 537 2
482 540 1
540 541 3
544 546 3
491 549 3
550 551 0
498 555 3
499 557 3
467 526 3
470 527 3
531 532 3
481 540 1
542 543 3
543 544 3
493 551 3
470 528 3
528 529 3
480 537 2
541 542 3
549 550 3
576 577 1
464 522 1
465 523 3
475 532 3
476 534 3
547 548 0
494 551 3
522 523 0
525 526 3
472 529 3
475 533 3
476 533 3
513 628 3
527 528 3
480 539 1
481 539 1
490 548 3
628 686 3
628 687 3
472 530 3
533 534 3
476 535 2
477 535 2
477 536 2
478 536 2
548 549 3
523 524 3
526 527 3
529 530 3
472 531 3
532 533 3
539 540 3
546 547 2
557 558 3
558 559 3
534 535 3
555 557 3
530 531 3
576 637 3
577 637 0
536 537 3
553 610 3
521 637 3
535 536 3
537 539 1
551 553 3
555 615 3
557 615 3
503 559 3
551 610 3
555 614 3
614 615 3
554 613 3
555 613 3
529 588 3
530 588 3
533 535 3
539 596 2
557 616 3
558 616 3
559 617 3
637 690 3
529 587 3
533 592 1
535 592 3
547 605 2
537 596 2
546 605 3
523 582 3
524 582 3
533 591 1
536 595 2
542 601 3
543 601 3
544 601 3
544 603 3
558 617 3
527 585 3
535 594 3
536 594 3
537 595 2
551 609 3
553 611 3
522 580 3
523 581 2
525 584 3
526 584 3
527 586 3
528 586 3
528 587 3
587 588 3
531 590 1
532 590 1
532 591 1
594 595 3
541 599 3
542 599 3
542 600 3
546 603 3
610 611 3
554 611 3
554 612 3
615 616 3
616 617 3
503 617 3
580 581 0
581 582 2
524 583 3
525 583 3
586 587 3
531 588 3
591 592 3
595 596 3
539 597 2
600 601 3
546 604 3
550 609 2
611 612 3
613 614 3
527 584 3
585 586 3
531 589 1
592 594 3
596 597 3
548 606 3
549 606 2
549 607 3
550 607 2
609 610 3
448 560 3
583 584 3
584 585 3
590 591 3
540 598 2
599 600 3
601 603 3
603 604 3
604 605 3
548 605 3
606 607 3
550 665 2
612 613 3
447 448 3
582 583 3
588 589 1
605 606 3
607 665 3
589 590 3
539 598 2
609 665 3
687 689 3
540 599 3
689 690 3
609 666 3
598 599 3
665 666 3
503 622 3
589 648 0
590 648 0
610 668 3
616 622 3
617 622 3
591 648 0
591 651 0
592 651 0
597 598 3
599 657 3
609 667 3
609 668 3
687 688 3
587 645 3
594 651 0
594 652 0
595 652 3
600 657 3
688 689 3
583 642 3
584 642 3
588 646 3
589 646 0
589 647 0
603 660 3
666 667 3
646 647 3
647 648 3
591 649 0
649 651 3
651 652 3
601 660 3
667 668 3
582 640 2
586 645 3
603 662 3
604 662 3
637 694 3
581 640 3
588 645 3
648 649 3
612 670 3
645 646 3
651 708 3
613 670 3
560 622 3
606 664 3
607 664 3
610 669 3
617 619 3
448 686 3
583 640 2
584 643 3
585 643 3
596 654 3
597 656 3
598 656 3
599 656 3
603 661 3
668 669 3
611 669 3
614 672 0
615 672 0
619 622 3
628 745 3
580 638 0
581 639 3
583 641 3
586 644 3
597 654 3
660 661 3
661 662 3
664 665 3
613 671 0
614 671 0
638 639 3
639 640 3
640 641 2
641 642 3
585 644 3
644 645 3
649 708 3
595 654 3
601 659 3
659 660 3
670 671 0
652 653 3
595 653 3
597 655 3
656 657 3
616 672 0
686 745 3
690 749 3
643 644 3
653 654 3
654 655 3
655 656 3
600 659 3
604 663 3
605 663 3
605 664 3
671 672 3
622 672 2
637 749 3
642 643 3
657 659 3
663 664 3
561 686 3
645 704 3
672 790 0
448 561 3
662 663 3
612 669 1
622 790 3
646 704 3
669 670 0
628 746 3
687 746 3
579 689 3
579 690 3
561 745 3
688 746 3
643 701 3
644 702 3
579 749 3
642 701 3
665 724 3
666 724 3
670 728 1
644 701 3
664 722 3
745 746 3
579 688 3
640 699 3
649 706 3
651 709 3
652 709 3
659 716 3
663 722 3
669 728 3
637 753 3
641 699 3
645 702 3
647 704 3
648 705 3
656 714 3
657 716 3
665 723 3
669 727 3
671 729 2
642 699 3
647 705 3
657 714 3
723 724 3
667 724 3
670 729 1
642 700 3
708 709 3
661 719 3
662 719 3
664 723 3
667 725 3
668 725 3
727 728 3
672 730 2
700 701 3
645 703 3
648 706 3
655 714 3
662 721 3
668 726 3
671 730 2
638 696 3
639 697 3
640 698 2
699 700 3
702 703 3
703 704 3
706 708 3
653 711 3
654 712 3
659 717 3
724 725 3
725 726 3
669 726 3
729 730 3
579 746 3
696 697 3
640 697 3
701 702 3
652 711 3
653 712 3
655 712 3
657 715 3
663 721 3
730 790 0
697 698 1
714 715 3
715 716 3
716 717 3
659 661 3
722 723 3
652 710 3
728 729 3
698 699 3
704 705 3
709 710 3
711 712 3
719 721 3
637 808 3
705 706 3
710 711 3
712 714 3
659 719 3
721 722 3
749 808 3
726 727 3
637 810 1
753 810 1
560 851 3
711 770 3
712 770 3
622 851 3
705 763 3
560 621 3
448 621 3
637 809 3
698 756 3
719 776 3
808 809 3
809 810 2
717 776 3
659 776 3
579 806 3
753 811 3
721 778 3
621 851 3
749 806 3
810 811 0
699 757 3
708 766 3
714 771 3
716 774 3
717 774 3
719 778 3
622 850 1
706 763 3
709 766 3
709 768 3
710 768 3
850 851 0
703 761 2
704 761 2
711 768 3
712 771 3
721 779 3
725 783 3
790 848 1
708 765 3
715 774 3
722 779 3
622 848 1
699 756 2
701 759 3
702 759 3
706 765 3
727 784 3
728 787 3
729 787 3
579 920 3
756 757 2
765 766 3
723 781 3
724 782 3
725 782 3
726 783 3
726 784 3
746 920 3
806 920 3
696 754 0
697 755 1
698 755 3
700 757 2
704 763 3
714 773 3
715 773 3
717 775 3
722 780 2
723 780 2
727 785 3
727 786 3
728 786 3
730 788 2
561 746 3
749 807 3
754 755 1
755 756 3
700 759 1
770 771 3
773 774 3
779 837 3
779 780 3
723 782 3
782 783 3
784 785 3
786 787 3
787 788 3
806 807 3
807 808 3
700 758 1
774 775 3
775 776 3
776 777 3
719 777 3
777 778 3
778 779 3
780 781 3
758 759 3
704 820 3
781 782 3
785 786 3
788 790 0
561 621 3
763 820 3
763 765 3
714 830 3
773 830 3
783 784 3
703 759 3
761 820 2
766 768 3
759 761 2
771 830 3
622 849 1
848 849 0
849 850 3
757 758 1
711 827 3
770 827 3
759 818 1
761 818 2
761 819 2
819 820 3
561 920 3
757 815 1
768 827 3
806 865 3
807 865 3
810 868 0
763 821 3
763 822 3
765 822 3
768 825 3
790 847 1
811 868 3
756 815 3
759 817 1
766 825 3
788 847 3
847 848 3
808 866 3
820 821 3
765 823 3
787 846 3
788 846 3
807 866 3
809 866 3
766 823 3
758 817 1
785 844 3
758 815 1
770 828 3
778 836 3
785 843 3
786 844 3
865 920 3
771 828 3
771 829 3
773 831 3
777 836 3
778 837 3
780 838 3
784 843 3
843 844 3
809 867 3
754 812 1
755 813 3
815 817 3
821 822 3
768 826 2
774 831 3
781 839 3
782 840 3
783 841 3
783 842 3
784 842 3
851 968 1
866 867 3
810 867 2
811 869 3
812 813 3
756 814 3
817 818 3
822 823 3
826 827 1
827 828 3
828 829 3
829 830 3
774 832 3
775 832 3
836 837 3
837 838 0
838 839 3
839 840 3
840 841 3
841 842 3
621 968 1
868 869 3
814 815 3
830 831 3
775 834 3
776 834 3
842 843 3
787 844 3
755 814 3
816 817 1
825 826 0
844 846 3
818 819 3
823 825 3
846 904 3
813 814 3
831 832 3
832 834 3
777 834 3
844 904 3
846 847 3
561 977 1
865 866 3
867 868 3
815 816 2
832 891 3
834 891 3
920 977 1
621 1034 1
561 1034 1
851 909 3
850 909 0
825 882 3
920 922 3
865 922 3
819 877 3
777 893 3
818 877 3
823 882 3
834 893 3
836 893 3
814 873 3
815 873 3
865 923 3
866 923 3
825 883 3
826 883 1
831 890 3
903 904 3
832 890 3
844 903 3
848 906 3
816 874 3
829 887 3
836 894 3
849 906 1
815 874 3
817 874 2
819 878 3
820 878 3
826 884 1
828 885 3
830 888 3
837 894 3
909 968 1
821 878 3
883 884 3
827 885 3
830 887 3
831 888 3
831 889 3
890 891 3
842 901 3
843 901 3
847 904 3
847 906 3
812 870 3
813 871 3
814 872 3
817 875 3
821 879 3
822 879 3
827 884 3
828 887 3
887 888 3
837 895 3
838 896 1
839 897 1
840 898 1
841 899 3
842 900 3
843 902 3
844 902 3
849 907 0
850 908 0
920 921 3
866 924 3
867 925 1
868 926 3
869 927 3
870 871 3
871 872 3
872 873 3
822 881 3
823 881 3
888 889 3
889 890 3
894 895 3
895 896 3
896 897 3
897 898 3
898 899 3
899 900 3
900 901 3
850 907 0
908 909 3
921 922 3
922 923 3
923 924 3
924 925 1
925 926 0
926 927 3
874 875 3
877 878 3
893 894 3
906 907 0
907 908 3
873 874 3
878 879 3
884 885 3
901 902 3
968 1027 3
621 1027 1
818 875 3
561 976 1
902 903 3
904 964 3
976 1034 3
976 977 1
882 883 3
885 887 3
847 964 3
881 882 3
906 964 3
887 945 2
834 950 3
818 933 2
822 939 3
891 950 3
893 950 3
1027 1034 3
875 933 3
879 939 3
881 939 3
885 943 3
877 933 3
885 944 3
884 942 3
887 944 3
877 934 3
885 942 3
933 934 3
882 939 3
944 945 0
920 979 1
921 979 1
874 933 3
889 948 3
890 948 3
963 964 3
925 982 2
877 935 3
878 936 3
879 936 3
882 940 3
883 940 3
883 941 3
942 943 3
904 963 3
920 978 1
924 982 1
870 928 3
871 929 3
872 930 3
873 930 3
873 932 3
874 932 3
877 936 3
879 937 3
879 938 3
938 939 3
939 940 3
888 946 3
889 947 3
891 948 3
891 949 3
893 951 3
894 952 3
895 953 3
896 954 3
897 955 3
898 956 3
899 957 3
900 958 3
901 959 3
902 960 3
903 961 3
904 962 3
906 965 3
907 965 1
908 966 1
909 967 1
977 978 3
978 979 3
922 980 1
923 981 1
926 984 2
927 985 2
928 929 3
929 930 3
873 989 3
934 935 3
936 937 3
884 941 3
943 944 3
887 946 3
946 947 3
947 948 3
948 949 3
949 950 3
950 951 3
951 952 3
952 953 3
953 954 3
954 955 3
955 956 3
956 957 3
957 958 3
958 959 3
959 960 3
960 961 3
961 962 3
962 963 3
965 966 3
966 967 3
967 968 3
979 980 0
980 981 3
981 982 1
925 984 0
984 985 3
935 936 3
940 941 3
945 946 3
932 933 3
930 989 3
976 1035 3
977 1035 0
925 983 0
983 984 0
937 938 3
941 942 3
964 965 3
932 989 3
982 983 0
968 1026 3
933 991 2
965 1022 3
967 1026 3
982 1041 0
932 991 0
934 992 3
935 992 3
964 1022 3
977 1036 3
978 1036 3
983 1041 0
935 993 3
945 1003 1
1026 1027 3
932 990 3
990 991 0
992 993 3
944 1003 1
946 1003 1
946 1004 1
963 1022 3
979 1037 3
984 1042 1
941 999 3
1003 1004 3
978 1037 3
983 1042 0
933 992 3
942 999 3
980 1037 1
928 986 3
929 987 3
930 988 3
991 992 2
936 993 3
936 994 3
937 995 3
938 996 3
939 997 3
940 998 3
940 999 3
942 1000 3
943 1001 3
944 1002 1
947 1005 3
948 1006 3
949 1007 3
950 1008 3
951 1009 3
952 1010 3
953 1011 3
954 1012 3
955 1013 3
956 1014 3
957 1015 3
958 1016 3
959 1017 3
960 1018 3
961 1019 3
962 1020 3
963 1021 3
965 1023 3
966 1024 3
967 1025 3
1034 1035 3
1035 1036 1
980 1038 0
981 1039 0
982 1040 0
985 1043 1
986 987 3
987 988 3
988 989 3
989 990 3
993 994 3
994 995 3
995 996 3
996 997 3
997 998 3
998 999 3
999 1000 3
1000 1001 3
1001 1002 1
1002 1003 3
1004 1005 0
1005 1006 3
1006 1007 3
1007 1008 3
1008 1009 3
1009 1010 3
1010 1011 3
1011 1012 3
1012 1013 3
1013 1014 3
1014 1015 3
1015 1016 3
1016 1017 3
1017 1018 3
1018 1019 3
1019 1020 3
1020 1021 3
1021 1022 3
1022 1023 3
1023 1024 3
1024 1025 3
1025 1026 3
1037 1038 0
1038 1039 3
1039 1040 3
1040 1041 3
1041 1042 0
1042 1043 1
1036 1037 3
