0.00484221 -0.304414 16.8797
-0.197038 -0.440673 54.53
-0.197019 -0.440663 54.5287
0.0674462 -0.111343 8.65825
0.0510226 -0.254323 10.6802
0.0799748 -0.145987 7.39774
0.0964819 -0.128006 5.17007
0.0517264 -0.138463 12.4335
0.0812407 -0.17071 7.55149
0.0495956 -0.17018 13.8325
-0.155734 -0.0185898 63.0388
-0.113129 -0.0982652 53.0092
-0.0801737 0.0384634 42.9314
-0.0886737 0.0192072 45.5111
-0.091609 -0.066396 49.1531
-0.0949258 0.880499 34.7794
-0.0640686 -0.0443781 37.9576
-0.061666 -0.0301659 36.7485
-0.00414104 -0.0408464 20.4681
-0.0478754 -0.0227795 30.8379
-0.0387312 -0.0320208 27.0429
-0.0331999 -0.0358922 24.5539
0.0546616 -0.267166 -6.96089
0.0881696 -0.343471 -24.017
0.0358714 0.0534259 2.99639
0.450899 0.161428 -220.818
0.0189424 0.021636 -2.73629
0.0196612 0.0176495 -3.10667
0.0358135 -0.0435609 -12.2671
0.0207436 0.013114 -3.68956
0 -0.077939 11.117
0.0427419 -0.0873465 -16.2355
0.0794692 -0.0987602 -40.5047
0 -0.505743 18.2301
0.184498 -0.0391209 -129.988
-0.000460652 0.016043 1.18283
0.108441 0.0962783 -68.0901
0.108318 0.114558 -68.0825
-0.00174339 0.143911 11.7262
0.809766 0.0834223 -681.689
-0.00478641 -0.00830841 8.25041
0.0294864 -0.0922648 -15.4463
-0.0820178 -0.040895 87.2695
-0.0533448 -0.0298671 60.1879
-0.0561622 -0.0715019 62.5469
-0.0297386 -0.0325062 34.4378
0.000197473 -0.297652 10.972
0.00164295 -0.0974559 6.22001
0.343099 -0.26981 -326.474
0.000457192 0.300022 0.765052
0 0.333223 1.32993
0 0.904883 -0.172852
-0.00991988 -0.017193 13.6813
0.000844892 -0.018018 2.24494
0.000844892 -0.018018 2.24494
-0.108344 -0.416779 183.74
0.154844 -0.914823 -131.045
0 -0.119502 8.17018
0 0.158296 12.6726
-0.0320958 0.00477063 4.64141
-0.0696909 -0.0595781 38.765
0 0.30269 7.61842
0.0597729 0.334992 0.913813
-0.263969 0.110525 42.8845
0.108336 -0.131108 2.83901
0.0803131 -0.155656 7.71732
0.0648254 -0.130579 9.54692
0.0459054 -0.0738163 11.6877
0.0560881 -0.170876 11.7706
0.075914 -0.116227 5.87621
0.0856719 -0.023063 0.109097
-0.114427 0.0996014 51.8733
-0.0829853 -0.0965599 46.5444
-0.0789939 -0.0473743 42.7842
-0.0492875 -0.0480041 32.835
-0.0716524 -0.00418157 38.9396
-0.0539251 -0.0114744 32.9964
-0.0436596 -0.0443692 29.598
-0.0169059 -0.0599015 17.932
-0.0307154 -0.0425744 23.6705
0.0243471 -0.185709 5.39544
0.0640777 -0.130188 -16.3657
0.0407939 -0.083955 4.62028
0.0445095 -0.0945317 2.97136
0.0167369 0.0206165 -1.45688
0.0169567 0.0168798 -1.482
0.0686792 0.0109467 -33.4156
0.515501 -0.104401 -287.997
0.0249642 -0.257343 -0.47205
0.0222501 -0.0790295 -3.4498
0.272897 0.0722684 -177.994
0.143041 -0.0290251 -100.913
0.182351 -0.0272088 -129.08
0.126026 0.0140919 -72.2484
-0.0392526 0.0734921 51.4147
0.047239 -0.230126 -7.34907
0.0115307 0.392921 -10.4678
-0.00534381 -0.0091607 8.84212
0 -0.172366 10.9329
-0.0146235 -0.170672 23.9034
-0.0905727 -0.0277469 95.2749
0 0 -1
-0.0182718 -0.0373353 24.2411
-0.0751858 0.00851985 77.226
-0.00449585 0.285302 0.833087
0.00946143 0.0529331 -7.22351
-0.00297708 0.303449 -1.04426
0.0104427 0.0551841 -8.69126
-0.0283464 0.289337 27.0483
0 0.301058 -4.07757
0 0.0744635 1.73981
0.0210044 -0.111988 -0.69607
0.179747 -0.168363 -190.283
-0.0180114 0.0937174 22.6427
-0.00668161 0.0648284 10.1004
0.0147154 0.00724325 -13.5244
-0.0390069 0.011822 5.27976
-0.0305575 0.000441603 4.97011
-0.0334491 0.00805189 4.98207
-0.0325639 0.00783086 4.92113
-0.032535 0.00792673 4.90799
-0.032535 0.00792673 4.90799
-0.0325297 0.00787505 4.91048
0.0695301 -0.120258 8.41221
0.0834489 0.145594 -6.3156
-0.0618505 0.0586476 29.2458
0.425197 0.0294841 -74.1023
0.0957288 -0.108452 0.747232
0.129729 -0.0507303 -10.8364
0.239057 -0.78942 -8.20078
-0.0177545 -0.123879 26.3881
-0.0320824 -0.111774 30.337
-0.0124339 -0.0655295 20.8194
-0.0409418 -0.0292117 29.1538
-0.0235994 -0.0322261 22.6182
-0.0543672 -0.0255059 33.4607
0.123393 -0.102244 -36.14
0.0438087 -0.064931 -9.4268
0.027319 -0.109764 0.968785
0.0347893 -0.0973528 -3.25376
0.0644504 -0.126409 -16.7568
0.133375 -0.0979715 -57.1393
0 0 -1
0 0 -1
-0.0987543 -0.0597089 83.344
0.348119 -0.339666 -186.068
0.0107927 -0.058753 2.73654
0.0356012 -0.0964198 -11.5828
0.101987 0.243419 -66.1447
0.193726 0.17299 -127.607
0.183604 -0.0527904 -113.444
-0.1553 -0.359692 159.347
0.00977146 0.029014 14.1639
0.0198996 0.0320886 5.65858
0.0309646 0.0704737 -5.41752
0.0142718 0.0432987 9.84572
0 -0.141194 16.1917
-0.00545726 -0.152703 21.6055
-0.115224 -0.0427336 118.565
-0.132973 -0.0384607 134.591
-0.000170948 -0.100986 14.0679
-0.0065183 -0.109001 20.6755
-0.222392 -0.287273 273.77
-0.00147678 -0.109707 15.8728
0.00413065 -0.10933 9.98669
0 -0.108273 14.2716
0 -0.108273 14.2716
0 -0.108273 14.2716
0.00762762 -0.109918 5.69776
0.0495113 -0.0991167 -34.0866
0.319137 0.248798 -379.225
-0.00175073 0.248813 -4.6029
0.0357489 0.0354719 -40.2645
0.00863055 -0.00745848 153.914
-0.0579381 0.126288 7.79612
-0.0997747 0.135348 8.65479
-0.0445165 0.134938 6.16208
-0.135313 0.0992907 13.9603
-0.0499189 -0.199909 37.7602
-0.0476405 -0.203512 37.7807
-0.0412604 -0.182986 35.3754
-0.0170888 0.74902 -26.1939
-0.0589317 0.700735 -14.8543
-0.0905986 0.55299 3.67738
-0.0545502 0.545116 -3.91301
-0.0614093 -0.113246 39.317
-0.0886049 -0.0887018 44.2707
-0.0524324 -0.0743443 32.1835
-0.0136165 -0.119756 23.5299
-0.000366325 -0.148429 21.0501
-0.0101247 -0.15428 25.5996
-0.0151014 -0.0813726 22.1807
0.0717365 -0.0778968 -12.3405
-0.0303177 -0.0258919 24.4232
-0.0514923 -0.0477918 32.8975
0.0070655 -0.0862298 9.40755
0.0062934 -0.10843 11.1709
0.0173409 -0.0783691 3.59968
0.0791712 -0.0765864 -18.2323
0.0691695 0.0832715 -34.2874
0.016126 -0.319019 30.6817
-1.61069 -1.6567 1090.18
0.0555129 -0.0749233 -10.2315
0.00788525 0.0197287 -2.7743
0.00978608 -0.0533335 2.43874
0.089514 0.252531 -57.9443
0.076371 0.240673 -48.1038
0.0652842 0.234277 -40.0222
0.13854 0.0131998 -98.0949
0.0886061 0.0158084 -43.7231
-0.123672 -0.0804661 120.408
-0.181584 -0.175787 175.879
-0.182569 -0.192475 177.706
-0.142753 -0.0818006 135.95
0.128906 0.371094 -115.578
0.0384823 -0.3393 4.41721
0.0120928 -0.377941 30.2016
0.0957851 -0.366697 -48.6908
0.0154617 -0.347955 24.6955
-0.00199136 0.154023 4.11292
-0.2527 -0.295371 304.951
0.0488911 0.314138 -40.0018
-0.0249877 -0.264798 58.768
-0.0195286 -0.35796 60.5709
0.00775363 -0.246877 23.0003
0.0212489 -0.259864 8.77307
0.00677024 -0.248635 24.0177
0 -0.252909 31.8759
0 -0.252909 31.8759
0.109104 -0.214324 -66.9803
0.97654 0.0601189 -1107.9
0 -0.255612 97.766
-0.057981 0.12629 7.79783
-0.0635986 0.12485 7.91089
-0.0326007 0.125557 6.3814
-0.00495062 0.140154 3.45648
-0.106116 0.155476 6.89908
-0.238253 -0.409056 81.0005
-0.19667 -0.377924 72.9385
0.0103984 -0.164272 26.2073
0.0157407 -0.155876 24.511
0.0157407 -0.155876 24.511
0.0777726 -0.304107 39.324
-0.0528126 -0.0880929 34.8801
-0.0765095 -0.0649583 38.9781
-0.067179 -0.0586241 34.6663
-0.045988 -0.0375213 26.6775
-0.0317249 -0.0438783 22.6703
-0.0507204 0.0131516 23.1401
0.069887 -0.291873 7.69013
-0.0342793 -0.0151852 22.9644
-0.018361 -0.02828 18.6413
-0.156778 -0.00843289 77.2047
-0.048426 -0.0359368 30.2312
-0.0102426 -0.0620294 15.0219
0.000288678 -0.0419525 8.33404
0.0325036 -0.114544 10.4159
0.0272782 -0.217224 13.9572
0.00480664 -0.304761 35.9562
0.338094 -0.243874 -162.972
0.029445 -0.0471416 3.01175
-0.142463 -0.0877292 104.313
-0.00321735 -0.0179291 8.36841
0.00372653 -0.0361839 5.82554
0.0232205 -0.0491331 -6.36528
0.0136828 0.196236 -20.9453
0.00994013 -0.0536306 3.08237
0.0116821 -0.025601 -0.663949
0.228744 -0.0633758 -167.55
0.00334307 -0.111886 16.2163
-0.0111745 -0.128247 29.5928
0.0185142 -0.0592745 -1.4275
-0.105423 0.0622625 93.669
-0.0798428 -0.170195 95.1666
0.0112521 -0.144212 10.6248
-0.0170986 -0.139075 36.4522
-0.0616039 -0.20351 85.5254
0.0305274 -0.152274 -8.20791
0 -0.46026 52.1628
0.0206439 -0.158228 0.793475
0.012154 -0.179575 11.2008
-0.040422 -0.261286 75.9519
-0.0053245 0.1743 -2.44513
-0.0654414 -0.177638 96.9375
-0.0245379 -0.201479 53.6826
0.0495205 -0.147769 -35.6686
0.140108 -0.040797 -76.8739
0.0516818 -0.139504 -4.38611
0.00828839 -0.0273319 78.0596
0.0110388 0.00449903 -10.1172
-0.059197 0.118291 8.5696
-0.0569701 0.117947 8.49144
0.00549386 0.127487 4.04283
0.0446146 0.142867 -0.395279
-0.0737103 0.165185 2.87739
-0.830457 -0.0573828 142.395
0.00674738 0.146453 11.2987
1.54967 0.127566 -220.539
-0.0333413 -0.0316273 42.5237
-0.0417268 -0.00214886 41.1551
-0.0745549 -0.0408141 52.7358
-0.019373 0.031028 12.1847
-0.0571004 -0.0102616 27.1099
-0.0792515 -0.00398602 32.6719
-0.0145209 -0.0188421 14.6784
-0.00841512 0.0297752 7.20568
0.0128785 0.0453007 -1.54073
-0.00188638 0.0408774 3.89793
-0.00148721 0.0210115 6.73328
0.000877448 0.0246499 5.5468
-0.112346 0.0101008 56.0883
-0.0477241 -0.000604491 27.034
0.00341944 -0.0149956 4.09708
-0.0137948 -0.0142309 12.7288
0.0368892 -0.0476927 -8.79609
-0.0169503 -0.0549082 21.859
-3.89821e-05 -0.050523 8.76568
0.0516216 0.0638667 -29.8176
-0.0105112 -0.0968784 22.6313
-0.0397684 -0.115391 42.4737
0.0150808 -0.0186454 -4.61456
0.0080603 -0.0520671 5.00223
-0.00514605 -0.0378184 11.8983
-0.0079948 -0.0413918 13.8432
0.00331407 -0.0427534 6.11207
0.0231057 -0.0514144 -7.26137
0.0412169 -0.0222998 -24.3321
0.0842857 0.0402944 -64.1804
0.0317456 -0.0184706 -17.1033
-0.0145406 -0.0169993 18.6722
-0.00975809 -0.0173906 13.3729
0 -0.075634 10.9246
-0.205044 -0.104249 205.126
-0.0127395 -0.0326166 18.2468
-0.0495909 -0.375732 95.9389
-0.00530081 -0.00898698 8.32045
0.0549088 -0.257634 -17.7936
-0.0576321 -0.340347 107.646
-0.00357386 -0.26759 44.428
-0.0117029 -0.287177 55.4127
0.00391255 0.00347301 -2.89143
0.0435313 -0.34601 0.963718
0.00307218 -0.258456 36.1904
0 -0.272598 41.2456
0.346944 0.071099 -335.333
-0.0367525 -0.0678357 137.904
0.015072 -0.025913 70.1584
0 -0.0411659 13.6152
-0.0563576 0.117977 8.55846
-0.0544067 0.122084 7.91563
-0.0570738 0.110681 9.55316
0.0959703 0.113857 -0.972672
0.000440387 -0.0812895 38.9785
0.0629937 0.160315 -3.72803
0.0410742 0.0920523 8.59149
-0.0546049 0.0337363 30.132
-0.287016 -0.193757 117.139
-0.0823705 -0.0106969 42.8305
-0.0728236 -0.0215421 42.6979
-0.0169443 0.102966 2.16935
-0.0412429 0.0848181 10.9653
-0.0199435 0.102477 2.58947
-0.0123891 -0.0399585 15.7104
0.0271653 0.0359746 -5.89339
0.0028832 0.0320656 3.82657
-0.00954243 0.0586669 4.25147
0.000119887 0.016604 6.31476
-0.024511 0.0116198 19.515
-0.108304 0.0127449 53.6043
-0.0384353 -0.00109441 22.274
-0.0157302 -0.00726502 12.451
-0.00959114 -0.00119632 8.68211
0.0287434 -0.0300641 -7.21947
-0.0177958 -0.050302 21.0708
-0.0231052 -0.0113527 18.3112
-0.0031221 -0.0367083 9.45091
-0.0148276 -0.0541038 19.0858
0.0103888 -0.053726 2.78698
0.0122049 -0.0629276 3.70358
0.0152831 -0.0549696 0.627321
0.0181963 -0.0297035 -5.24315
0.00258548 -0.0445412 7.21991
0.00537389 -0.0540862 6.27905
0.0012517 -0.0389872 6.84541
0.055854 -0.0672083 -31.5242
0.0218377 -0.0531429 -5.73077
-0.0150721 -0.055282 24.7807
-0.0137275 -0.129613 34.2326
-0.0134963 -0.0334586 18.8833
0.00641348 -0.00200896 -3.64132
-0.000691675 -0.0147213 4.48335
0.0920477 -0.0134379 -82.5499
-0.0139322 -0.0353619 19.9521
0.00476556 0.0109362 -2.76744
0.742188 -0.652344 -654.883
-0.00458598 0.0898712 -6.41862
-0.0211227 -0.0334891 26.5842
0.0143656 0.0066462 -13.0392
0.0036353 0.0890407 -14.9593
-0.000215991 0.00801092 0.999703
-0.00163723 0.000936137 3.5888
-0.00976925 0.00794311 11.8405
-0.00865968 0.00979762 10.3155
0.00449123 0.0260313 -6.11079
0.183646 -0.199566 -176.519
0.0804244 0.541438 -174.236
-0.0629262 0.126281 16.8134
-0.0591537 0.112568 18.9666
-0.070977 0.122238 18.3072
-0.108867 0.169652 12.1911
-0.0301038 0.211587 -2.32832
0.0148241 0.138514 4.68674
-0.0430322 0.0963547 18.9116
-0.0729046 0.0722702 26.557
-0.0606078 0.032761 31.234
-0.075436 0.0166857 37.011
-0.0876535 0.00863161 40.8884
-0.102191 0.162052 15.318
-0.0575015 0.138388 7.07641
-0.0477326 0.140413 4.36197
0.130751 0.19472 -62.9976
-0.0137517 0.084905 0.919247
-0.0196267 0.0519134 9.15064
-0.00337678 0.0465608 3.86537
-0.0163299 0.0292431 11.8028
-0.0123264 0.010429 13.1723
-0.10383 -0.00364497 54.2949
-0.088221 0.00795053 45.068
-0.0157239 0.0242362 7.63621
-0.00897029 0.0154294 6.07721
0.0239764 -0.00180184 -8.7426
-0.0196097 -0.0110422 16.1424
-0.0313199 0.151318 -2.60477
-0.0348792 0.0539597 15.6825
-0.00687761 -0.0192662 9.37598
0.0018304 -0.0332315 5.44076
0.00385898 -0.0523915 6.60234
-0.0125485 0.0242772 6.83979
0.00816099 -0.0312147 1.06808
-0.00152643 -0.0320456 8.13773
-0.00677768 -0.0353951 12.6507
0.000421252 -0.0132492 3.48256
0.0238073 -0.0602017 -7.12191
0.0122213 -0.0552197 1.05607
0.00393576 -0.0107932 0.269194
-0.00181765 -0.01503 5.91397
-0.0356775 -0.111512 49.5992
0.0117171 0.0083039 -9.8699
0.0165833 0.0315532 -19.6064
0.0369631 0.0202312 -36.5633
0.0121907 0.0174891 -12.8707
-0.00339842 0.00485858 4.81519
-0.000585305 0.128245 -18.7342
-0.000759675 0.00639467 3.88416
-0.00392179 0.0494181 2.31694
-0.00469325 -0.000736057 7.99012
0.240004 0.0332554 -260.928
-0.00260866 0.0168935 1.91099
0.0128243 0.00346108 -11.1003
0.022794 -0.30504 25.4569
-0.0101002 -0.289501 61.025
0.172645 -0.123436 -158.282
0.0430968 -0.0351289 -41.1854
0.0318092 -0.0294515 -27.6545
-0.0765554 0.129642 16.371
-0.0777234 0.144308 13.7121
-0.0538728 0.189506 4.58463
-0.0801544 0.171079 9.675
-0.0830119 0.17473 10.0395
-0.0602983 0.131084 14.781
-0.0979006 0.112184 23.3739
-0.0873336 0.112131 21.4793
-0.0587195 0.095236 19.3981
-0.0825231 0.0637924 29.8359
-0.127984 0.0840199 36.149
-0.0731461 0.16637 7.4138
-0.0690816 0.158478 8.69451
-0.0701852 0.191035 2.92199
-0.0856124 0.175199 9.6341
-0.0696133 0.105965 17.4185
-0.0740299 0.105217 18.8278
-0.0470803 0.0261352 23.6252
-0.0450158 -0.0204784 31.0447
-0.0312921 -0.00346894 23.5778
-0.0823597 0.0192295 40.7062
-0.0583231 0.0216865 29.1274
-0.0470018 0.0208343 23.6693
-0.0125205 0.0182061 7.20783
-0.0188427 0.0772726 15.9046
0.0245787 0.12479 -28.7339
0.0229595 0.136297 -30.0036
-0.00645267 0.0358687 9.8816
-0.0220723 0.160098 -11.0652
0.0060363 0.181001 -33.6905
-0.0100373 0.14232 -15.5089
0.0171311 -0.0415935 -3.11654
-0.00558473 0.042099 -1.64664
-0.0207138 0.0768932 3.34874
-0.00513431 0.0230674 1.41516
-0.00576689 -0.00223344 6.69156
-0.007936 0.0516248 -1.62379
0.0022629 -0.0217874 3.78611
0.00679036 -0.0109652 -1.89758
0.0043012 0.00899323 -4.17901
0.0064659 0.00409344 -3.92661
-0.00253315 -0.0159407 6.59788
0.00874626 0.0139432 -7.83506
0.0202495 0.123678 -39.5411
0.772091 -0.371922 -676.42
-0.00292459 0.00676294 4.05113
-0.00571802 0.226615 -32.2973
-0.00314883 0.206825 -31.1723
-0.022477 -0.300596 86.1433
0.0139222 0.0157139 -13.2323
-0.000514426 0.241643 -39.9413
0.00633348 0.155221 -32.2065
0 0.155016 -25.2031
0.0259871 0.162952 -56.4657
0.0182248 0.180471 -51.1532
0.190147 -0.0998575 -183.301
0.00574919 0.0358264 218.234
0.010997 0.00236873 -8.46613
4.22332e-15 -0.0737796 60.8309
-0.0378417 0.164986 8.88897
-0.0540605 0.135226 16.1484
-0.107211 0.160139 14.8185
-0.0975331 0.155405 14.3702
-0.0983625 0.1314 19.6269
-0.0884043 0.117112 21.1051
-0.0826978 0.137474 15.3031
-0.0870657 0.137434 16.1105
-0.104094 0.143111 18.378
-0.0829377 0.120048 18.5854
-0.0219748 0.179692 -8.12268
-0.00979852 0.148124 -5.83559
-0.0252527 0.404281 -53.1348
-0.0435584 0.474349 -62.497
-0.0721114 0.544024 -67.3347
-0.00935007 -0.316565 96.948
-0.0314237 -0.154404 70.8861
-0.0613399 0.0151212 46.5879
-0.0673014 0.0565529 39.9462
-0.0694248 0.0651822 39.5576
-0.0378823 0.0536419 28.0491
0.00943027 0.0777364 -0.431443
0.0104322 0.0472944 6.94383
-0.0232128 0.0319811 27.3907
-0.235041 -0.00760576 148.792
-0.0601515 0.227962 0.306741
0.000194271 0.151314 -18.4518
-0.00512573 0.0310638 10.1104
0.000275174 0.220774 -36.6971
-0.0149564 0.214975 -25.0334
-0.0495362 0.209524 -1.37382
-0.0479727 0.202991 -1.35977
-0.0280411 0.135185 -2.11096
-0.0335371 0.128749 3.36209
-0.00580543 0.0534416 -2.5894
-0.013061 0.0358659 6.00871
-0.0103194 0.02064 6.55805
0.010917 0.0383525 -16.114
0.0207579 0.0331764 -23.9724
-0.00351078 0.215231 -56.1411
-0.00346196 -0.01593 7.55589
0.0128863 0.0183386 -13.301
0.00727998 0.0114462 -7.18678
0.0157461 0.0251798 -17.8277
0 0.153246 -29.8561
-0.0207712 -0.0333898 26.2617
0.00863055 0.0127935 -8.20674
-0.0433964 0.127164 20.7968
0.00404819 0.0189187 -4.32491
-0.026716 0.127892 4.25503
-0.0220261 -0.0279331 26.4719
0.00656273 0.000914229 -3.76198
0.000742721 0.151974 -30.2806
0.000103897 0.0120939 2.41403
-0.108363 0.17837 302.309
0.0105404 -0.0472987 0.254294
0.00739631 0.0406809 -11.354
4.22332e-15 -0.0737796 60.8309
0.131911 -0.133532 67.7708
-0.0245871 0.104092 21.5881
-0.0815672 0.109896 23.816
-0.102566 0.123918 22.0647
-0.104345 0.114256 24.5746
-0.0976778 0.130214 19.936
-0.0893525 0.156135 13.0856
-0.0715037 0.171018 6.81743
-0.0939159 0.330738 -16.7224
-0.0837175 0.389796 -32.1298
-0.0923791 0.438688 -40.8378
-0.078755 0.411959 -38.8169
-0.0695099 0.448319 -49.2535
-0.0677305 0.393638 -37.6697
-0.0524928 0.217985 -3.89985
-0.0547257 0.180973 5.22583
-0.0267821 0.233171 -16.5303
0.0138009 0.223505 -30.2547
-0.0584091 0.130731 20.8702
-0.0553587 0.137706 17.9613
-0.0312707 0.108852 12.8476
0.000232866 0.135283 -8.11768
-0.00421643 0.128158 -3.98675
-0.0422818 0.122407 16.8398
-0.116309 0.18832 41.3021
-0.0771475 0.276307 -0.302514
-0.0641884 0.24697 -1.00708
-0.0341468 0.299884 -30.4512
-0.0531196 0.2817 -14.8665
-0.0146821 0.264139 -35.7705
-0.0492496 0.256097 -11.1807
-0.0704352 0.208765 13.3954
-0.0597289 0.17826 12.0618
-0.0521093 0.146263 13.6614
-0.033997 0.0909044 11.9063
-0.0230953 0.0175978 19.0394
-0.0173904 0.0239592 12.4575
0.0284509 0.042606 -33.9973
0.0134969 0.0211026 -12.232
-0.000373567 0.0178164 -1.97814
0.0133543 0.0350747 -17.3742
-0.00688973 0.0286375 2.08883
0.0540864 -0.0117172 -45.038
-0.0450228 0.31399 -24.2628
0.00993339 0.203317 -51.8715
-0.0305295 0.30488 -34.6627
0.0154414 0.0339603 -19.9962
0.0104892 0.0232017 -11.4046
-0.162996 -0.032294 184.224
0.020563 0.0520289 -29.42
-0.012299 0.126955 -11.7704
-0.00193338 0.0549178 -5.43617
-0.00610288 0.0448111 0.717033
-0.0157632 0.0265149 15.9151
-0.00853764 -0.00296481 13.759
0.00843215 0.00392898 -6.08484
-0.018506 0.0389528 18.4585
0.145539 -0.157575 72.6964
0.142392 -0.15761 72.7828
0.15297 -0.14804 70.5158
-0.0357321 -0.0142112 49.1968
-0.0428639 0.0214443 40.3123
-0.0725919 0.0817427 28.1741
-0.0865722 0.114681 22.0724
-0.0542402 0.147415 8.93845
-0.0286723 0.162985 1.03194
-0.0426343 0.200676 -5.86698
-0.00287418 0.271031 -32.1715
-0.0161236 0.30543 -37.4899
-0.0227105 0.356081 -47.9554
-0.0261143 0.351605 -46.7519
-0.0120401 0.293739 -35.6211
-0.0538586 0.250872 -10.8394
-0.0584491 0.229503 -4.1802
-0.0287173 0.243901 -18.4091
-0.0165793 0.22155 -17.7416
-0.0528762 0.234425 -6.29324
-0.0461468 0.204218 -1.89763
-0.0381632 0.22344 -11.4101
-0.00214409 0.143472 -8.41382
-0.00505249 0.186586 -17.1474
-0.0303692 0.18111 -2.62924
-0.0619011 0.229028 2.54569
-0.0592579 0.242434 -2.23827
-0.0728569 0.245786 5.79693
-0.062796 0.205878 10.2046
-0.0472747 0.223924 -4.23928
-0.0106065 0.225339 -29.3137
0.0592028 0.267405 -85.5014
-0.0420707 0.188138 -2.24633
-0.0799925 1.26855 -242.922
-0.0534275 1.22276 -251.323
-0.0196042 -0.00457757 21.3243
-0.0316876 0.0571044 16.8925
-0.032576 0.0609386 16.6155
-0.0360821 0.0645816 18.6841
-0.0334952 0.0620442 17.228
0.0058377 0.00798115 -4.83796
0 0.415754 -98.24
0.00713558 0.00567457 -5.36206
0.0160688 0.433433 -117.706
0.273438 0.09375 -89.6055
0.00981899 0.412318 -107.019
0.00363664 0.419735 -102.865
0.0293945 0.0420449 -35.1511
0.013816 0.0253688 -15.3137
0.00509919 0.0238689 -5.31174
0.00914316 0.0348455 -11.9747
0.0026154 0.032614 -4.33808
-0.00460305 0.0295372 4.54231
-0.00471925 0.14646 -24.6657
0 0.198638 -42.311
-0.0169713 0.11973 -0.675912
0.00977404 0.0806492 -24.5519
-0.0226662 0.129014 3.8247
0.1553 -0.156857 72.3998
0.158253 -0.151875 70.9857
0.0366822 0.213929 -18.3245
-0.0290588 -0.00463834 45.5273
-0.058766 -0.0528117 61.065
-0.0220995 0.0881947 20.9262
-0.0130277 0.122537 10.0294
-0.0270656 0.197299 -9.32928
0.0109158 0.259974 -31.9564
0.00404469 0.251317 -29.2302
0.0170952 0.282391 -40.1739
0.0257313 0.258049 -34.9376
-0.0100821 0.307068 -38.0421
-0.0493415 0.293928 -24.7558
-0.0330417 0.258517 -20.3096
-0.0294218 0.260552 -21.9125
-0.0332652 0.242425 -15.9174
-0.0222967 0.266005 -26.1241
-0.033346 0.268769 -22.5244
-0.0353473 0.302905 -31.8909
-0.0707296 0.302174 -15.9974
-0.0530763 0.296888 -22.3272
-0.0594347 0.31368 -24.2782
-0.0292637 0.235564 -18.0798
0.0039362 0.184758 -21.6068
-0.0186378 0.192904 -11.3529
-0.0368186 0.20178 -3.91222
-0.0676216 0.203931 13.0694
-0.043352 0.216332 -5.21043
-0.0501017 0.190571 5.72556
0.0291996 0.206263 -50.7708
0.105369 0.221337 -104.82
0.087819 0.263198 -103.644
0.0490296 0.347421 -99.1761
0.0113901 0.513351 -116.326
0.0755722 0.620465 -192.224
-0.0207543 -0.0179459 25.1314
0.0210696 0.0982963 -14.3825
0.0210696 0.0982963 -14.3825
0.0210696 0.0982963 -14.3825
0 0.260266 -59.4303
0 0.260266 -59.4303
-0.0968802 -0.110665 312.943
-0.024582 -0.159393 258.329
0.0272728 0.353732 -111.361
0.010157 0.00257711 -7.28923
0.0170132 0.442975 -126.035
-0.0492426 0.317296 -24.9413
0.027922 0.153806 -61.9756
0.0198586 0.0349645 -23.3435
0.0201751 0.0344071 -23.4501
0.006435 0.130618 -32.4059
-0.00158554 0.191782 -39.7932
-0.0118082 0.046964 9.05368
0.0261683 0.117844 -52.3932
0.0149128 0.0998846 -33.9757
0.010859 0.135586 -40.0348
0.0131855 0.103892 -34.5604
0 0 -1
0.0563701 0.311123 -47.0671
0.0237059 0.321978 -48.5412
-0.217194 0.0529725 43.7232
-0.00935078 0.104996 16.3493
-0.0254081 0.189909 -5.90288
-0.087076 0.136091 16.7198
0.0235814 0.539176 -112.671
-0.0250992 0.326532 -42.9034
-0.00705943 0.293286 -37.2929
-0.0242113 0.290862 -33.547
0.0048076 0.255827 -29.5973
-0.0341431 0.266627 -21.2903
-0.0678513 0.259236 -9.87851
-0.0401005 0.270295 -21.8498
-0.0342207 0.29101 -28.9941
-0.00880784 0.280807 -36.0102
-0.0177892 0.2638 -27.1518
-0.0347442 0.256629 -17.7157
-0.02109 0.271223 -28.5848
-0.044686 0.286466 -22.3031
-0.0655435 0.264977 -6.71629
-0.0498069 0.291667 -22.4086
-0.0713926 0.243096 1.4659
-0.0600193 0.198661 8.75986
-0.0594462 0.158106 20.1094
-0.0445043 -0.00456853 58.3481
-0.0267312 0.116772 12.8044
-0.0489831 0.182153 7.33686
0.0093031 0.256464 -51.7156
0.0637451 0.24453 -83.9711
0.104305 0.227823 -106.289
0.117552 0.225777 -114.201
0.103312 0.251375 -111.548
0.0955484 0.226149 -98.0466
0.0817606 0.22968 -88.407
-0.00688973 0.0286375 2.08883
0.0585418 0.147278 -83.2182
0.0143681 0.107723 -35.5179
0.0996097 -0.0343043 -61.7497
0.00253802 -0.208957 72.238
0 -0.187463 67.9296
-0.0199854 -0.0853389 57.218
-0.00652601 -0.192365 75.3412
0.0378136 -0.152299 21.0846
-0.00729806 -0.172776 70.5065
0.0283422 -0.206015 45.1419
0.0188832 -0.190302 49.4538
0.0260493 -0.195929 43.2248
-0.00279736 -0.212541 78.5188
-0.00544386 -0.214534 81.8156
0.0240017 0.0349268 -27.7725
0.0106676 0.0445927 -16.0912
0.00609903 0.0532422 -13.3425
-0.0072805 0.0615006 -0.0981141
0.0126373 0.0741876 -27.1305
0.807708 -0.0634458 -945.536
0.0913974 0.104943 -130.537
0.0383684 0.374243 -65.5404
0.0437152 0.353133 -59.0844
0.0496594 0.338031 -54.5738
0.0407927 0.299254 -41.8861
-0.182951 0.304511 -23.4968
0.00986397 0.17288 1.21637
-0.0292627 0.175044 4.4849
-0.0106015 0.211407 -9.2837
-0.0202267 0.292834 -33.5933
-0.0242832 0.275635 -27.8004
-0.0441235 0.268688 -21.4555
-0.0166751 0.251831 -22.1749
-0.026962 0.235193 -14.2314
-0.0413547 0.261818 -18.4803
-0.0871214 -0.206615 137.269
-0.0332633 0.284941 -27.4952
-0.0358938 0.265825 -21.3529
-0.0363495 0.267204 -21.3404
-0.0239567 0.248875 -20.2838
-0.0328719 0.246795 -16.2279
-0.0687638 0.228347 5.69402
-0.0832561 0.208011 18.4375
-0.0727436 0.234987 5.21126
-0.0819641 0.260805 1.50794
-0.088957 0.249522 8.43696
-0.112102 0.259364 17.8853
0.0899927 -0.0182858 -15.0167
0.0748207 0.0934723 -40.7407
0.0497858 0.19446 -57.0903
0.0249024 0.327942 -83.1082
0.0187088 0.322201 -77.563
0.0564637 0.311733 -99.9974
0.115902 0.252182 -121.656
0.111831 0.248362 -116.821
0.105858 0.237499 -109.391
0.0825994 0.218238 -85.9085
0.0765746 0.217324 -80.3863
0.248736 0.198909 -216.455
0.248123 0.190776 -213.572
0.000879432 0.0483593 -9.902
-0.016787 -0.109273 61.687
-0.0108509 -0.108553 56.4775
0.00450474 -0.110798 43.3379
-0.0204242 -0.109347 66.2509
0.000474225 -0.103242 44.6231
-0.000627965 -0.113125 48.855
0 -0.113062 48.216
0 -0.0975184 43.1613
0.0152352 -0.103139 29.0705
-0.0165529 -0.102612 62.5191
0.0269113 0.0628158 -38.0752
0.0233935 0.0806898 -39.6783
0.0123344 0.089908 -30.1607
0.0155666 0.0483207 -22.7466
0.0189315 0.0615795 -30.8377
0.05819 0.0834557 -84.1398
0.0944435 0.0976554 -132.142
0.113241 0.114501 -160.272
0.0280731 0.376432 -66.1072
0.0300779 0.362683 -61.5663
0.0262812 0.340002 -53.6996
0.00310256 0.313919 -43.1584
-0.0309946 0.306006 -38.3472
-0.0129424 0.227493 -14.4083
-0.00207852 0.34612 -56.6002
-0.0077433 0.278075 -32.6564
-0.00444125 0.283128 -33.801
-0.0496401 0.262932 -17.1531
-0.0880772 0.26223 -9.2085
-0.00598094 0.225464 -17.1544
-0.0252218 0.238258 -15.9661
-0.00351436 0.247398 -25.4396
-0.0248748 0.244395 -16.3317
-0.0476664 0.248269 -11.0769
-0.0503421 0.261848 -14.6748
-0.0478544 0.232968 -6.19476
-0.0434244 0.225463 -4.63377
-0.0375821 0.234995 -10.5285
-0.0495948 0.231602 -3.47646
-0.0680423 0.215637 8.43899
-0.0199484 0.23232 -19.6399
-0.0737229 0.253493 -0.373503
-0.069112 0.28808 -14.3808
-0.0290252 0.324192 -48.0668
0.0013541 0.370917 -80.5028
-0.00205326 0.394044 -86.1744
-0.0151618 0.408257 -83.0881
-0.012471 0.396859 -81.1881
0.000288578 0.382283 -84.6618
0.0269379 0.357529 -94.3464
0.0817709 0.316971 -118.615
0.0976798 0.283659 -118.618
0.0900126 0.237884 -97.4752
0.0611498 0.244291 -77.6392
0.0716114 0.215394 -76.1007
-0.0459914 0.0689981 24.7602
-0.0445767 0.0671859 24.0358
-0.0172324 0.0664464 0.880827
-0.00301063 0.0259908 0.0699996
0 -0.192188 81.2208
0.016427 0.216985 -72.7409
0 0.612046 -187.496
-0.00379826 -0.186722 83.0037
-0.0152128 0.574586 -160.198
0 -0.192188 81.2208
0 0.725174 -224.791
0 0.612046 -187.496
0.0313628 0.0709013 -45.2896
0.0188891 0.0418358 -24.3803
0.0188861 0.0431153 -24.7707
0.0177588 0.0461156 -24.4948
0.0182565 0.053483 -27.4771
0.0202386 0.0579634 -31.2465
-0.139602 0.150852 227.862
0.129344 0.0929156 -173.231
0.151925 0.119685 -209.629
0.013461 0.376542 -65.9489
0.0115349 0.360111 -60.0418
0.00385631 0.326679 -47.7395
-0.0420097 0.312709 -39.7016
-0.0354125 0.288031 -31.825
-0.0135745 0.317792 -44.8626
0.00960731 0.386901 -72.5605
-0.0087898 0.356291 -58.7368
-0.00942733 0.306994 -40.9268
-0.0478805 0.256377 -15.5291
-0.0757344 0.249977 -7.42532
-0.0558016 0.254215 -14.1978
-0.0236925 0.230317 -13.5251
-0.00937344 0.218507 -13.1398
-0.0249213 0.22017 -8.94376
-0.0255926 0.227204 -10.9983
-0.053283 0.22903 -1.83646
0.139433 0.0195192 -5.85127
0.0327029 0.154332 -11.0085
-0.0247779 0.219187 -10.537
-0.0666371 0.227825 4.40179
-0.0608165 0.240855 -3.17302
-0.0474243 0.236255 -7.78689
-0.0344357 0.256585 -21.3472
-0.0162284 0.302796 -47.2767
0.00811316 0.344716 -75.3231
0.0223934 0.372405 -93.0183
0.0139399 0.392329 -95.0791
-0.00456247 0.408128 -89.5488
-0.0159369 0.414544 -84.8716
-0.0129284 0.405765 -83.8412
0.00528677 0.386802 -89.4252
0.0345592 0.350309 -96.7167
0.0559618 0.302915 -95.0011
0.0645469 0.263363 -87.1626
0.0677995 0.256579 -87.1493
0.0649166 0.246495 -81.3537
0.0486647 0.241553 -66.8394
0.0353084 0.206821 -43.5647
0.0198692 0.172446 -18.2654
0.0138307 0.166771 -11.0133
0 0.305139 -50.9693
0.034875 0.547339 -170.589
0.000888008 0.570707 -147.969
0.0135357 0.569891 -159.748
-0.0252614 0.545281 -112.979
0.0315351 0.531776 -164.449
0 0.571059 -147.258
0.0107651 0.162328 -6.60743
0.0178428 -0.0678664 173.996
0.0216939 -0.0724678 171.439
0.0211674 -0.0807341 175.022
-1.2031e-06 -0.201563 146.623
-1.2031e-06 -0.201563 146.623
0.178183 -0.127808 -52.7489
-0.0747292 -0.261256 257.515
0.137944 -0.133687 -105.435
0.152332 -0.16717 -111.072
0.00119968 0.377375 -66.1049
-0.00281221 0.357672 -58.7087
-0.0112447 0.328615 -47.586
-0.0303935 0.316643 -41.8701
-0.0546797 0.274585 -25.1461
0.358581 0.0488272 8.55227
-0.0101114 0.39455 -71.9331
-0.0283252 0.342456 -50.3371
-0.0477114 0.303552 -32.699
-0.0666082 0.258707 -12.5338
-0.0729672 0.251058 -8.45144
-0.0608694 0.268755 -18.0129
-0.0388365 0.226785 -8.19009
-0.0189095 0.197106 -2.86396
-0.00683649 0.208194 -10.4368
-0.00744435 0.219952 -14.5368
0.0832036 -0.0901149 226.843
0.0690641 -0.132179 247.691
0.0682605 -0.11783 242.705
-0.0487227 0.21869 -0.280006
-0.0543197 0.217312 2.64611
-0.0507462 0.24377 -8.86382
-0.03455 0.246343 -17.5711
-0.0120863 0.267337 -36.4886
0.010721 0.310448 -64.222
0.0281622 0.35136 -88.6978
0.0344534 0.373143 -100.174
0.0244367 0.389757 -100.4
0.00519253 0.406413 -94.9409
-0.0122753 0.419526 -88.9558
-0.0183356 0.417185 -84.3093
-0.01079 0.400544 -83.3399
0.00775087 0.364851 -83.043
0.028857 0.316066 -80.0565
0.0470579 0.278181 -79.3881
0.0562281 0.260405 -79.6596
0.0511958 0.257168 -74.465
0.0329036 0.239453 -53.4138
0.0185301 0.206911 -29.6543
0.0129962 0.177966 -14.343
0.0133731 0.168164 -11.0875
0.012145 0.166202 -9.27821
0 -0.0377604 74.8311
0 -0.0377604 74.8311
0 -0.0377604 74.8311
0 -0.0113002 65.0672
0 -0.0377604 74.8311
0.0173704 0.0645052 21.1635
0.0109182 0.163342 -7.10906
0.0107465 0.163022 -6.82889
0.0151055 -0.0631489 175.353
0.0180769 -0.0707504 174.865
-5.74532e-07 -0.191406 132.044
-5.74532e-07 -0.191406 132.044
-5.74532e-07 -0.191406 132.044
-5.74532e-07 -0.191406 132.044
-0.681641 0.00911458 850.984
0 -0.191406 132.044
