0 1 3
1 2 3
2 3 3
3 4 2
4 5 0
5 6 0
6 7 2
7 10 1
10 11 2
11 13 2
13 14 3
14 15 3
15 16 3
16 17 3
17 18 3
18 19 3
19 20 3
20 21 2
21 22 1
22 23 3
23 24 3
24 25 3
25 27 3
27 28 0
28 29 1
29 30 3
30 31 1
31 32 3
32 33 0
33 34 1
34 35 3
35 36 3
36 37 3
37 38 3
38 39 3
39 215 0
215 279 3
219 279 3
219 281 3
111 281 3
281 463 3
27 144 0
55 463 0
13 70 3
38 96 3
39 96 3
7 66 3
7 67 0
10 67 0
215 217 3
39 217 0
5 63 3
66 67 3
4 63 0
217 273 3
21 79 1
215 219 3
4 62 0
62 63 3
11 69 1
3 62 0
10 69 1
39 503 0
6 63 1
7 65 3
65 66 3
16 132 3
96 503 0
213 503 0
11 70 2
13 71 3
14 72 3
17 132 3
6 65 2
70 71 3
13 72 3
24 83 3
25 83 3
2 61 3
3 61 3
10 68 0
15 73 3
25 84 3
27 84 3
61 62 0
68 69 3
71 72 3
17 76 3
18 76 3
19 78 3
20 78 3
20 79 3
22 79 3
84 144 0
0 58 3
1 59 0
2 60 0
6 64 1
23 81 3
24 81 3
30 88 0
31 89 0
32 90 0
33 91 3
34 92 3
35 93 3
36 94 3
37 95 3
58 59 0
59 60 3
63 64 3
67 68 3
16 73 3
18 77 3
19 77 3
22 80 3
29 88 0
88 89 3
89 90 3
90 91 3
91 92 1
92 93 3
93 94 3
94 95 3
38 95 3
64 65 3
14 73 3
78 79 3
80 81 3
83 84 3
27 86 0
28 86 3
95 96 3
60 61 1
69 70 2
76 132 3
79 80 3
29 86 0
77 78 3
81 83 3
73 132 3
76 77 3
217 503 3
72 73 3
65 123 2
86 144 3
66 123 3
29 145 0
86 145 3
88 145 3
76 133 3
81 139 3
81 140 3
83 140 3
132 133 3
215 276 3
62 120 3
66 182 2
67 126 3
69 128 3
70 128 2
71 128 1
219 276 3
63 120 3
67 182 3
68 126 3
72 130 3
217 276 3
71 130 3
73 131 3
83 141 3
84 141 3
72 131 3
78 136 3
96 155 3
155 503 0
61 119 3
79 136 3
219 280 3
58 116 3
59 117 1
60 118 1
62 119 1
69 127 3
77 136 3
79 137 2
80 137 2
80 139 3
140 141 3
84 142 3
142 144 0
89 147 3
91 149 3
92 150 3
93 152 3
94 152 3
280 281 3
116 117 3
117 118 3
118 119 3
63 121 3
64 121 3
64 123 3
126 127 0
127 128 3
88 146 3
88 147 3
90 147 3
90 149 3
149 150 3
93 150 3
95 152 3
95 154 3
182 184 0
67 184 0
126 184 0
131 132 3
77 135 3
146 147 3
96 154 3
76 135 3
135 136 3
80 196 0
141 142 3
145 146 3
119 120 0
180 182 1
130 131 3
137 196 0
139 196 0
139 140 0
154 155 3
133 135 3
136 137 3
86 202 1
120 121 3
121 123 3
144 201 1
145 202 3
281 460 3
460 463 3
128 130 0
123 182 3
144 202 1
152 154 3
150 152 3
229 463 0
132 190 3
133 190 3
147 149 3
135 192 3
149 206 3
154 211 3
147 206 3
152 211 3
128 188 0
130 188 3
131 190 3
152 210 3
123 180 0
128 186 0
139 198 0
140 198 3
142 201 3
145 204 3
119 176 0
121 180 0
184 185 3
133 191 3
135 194 3
136 194 3
146 204 3
152 209 3
118 176 0
120 178 1
120 179 1
121 179 3
135 191 3
150 209 3
210 211 3
155 213 2
119 178 0
127 186 3
186 188 3
131 188 3
190 191 3
191 192 3
137 194 2
150 208 3
116 176 0
117 176 0
119 177 3
127 185 3
137 195 2
141 198 3
142 200 2
200 201 1
209 210 3
155 270 3
176 177 1
185 186 2
192 194 3
199 200 1
145 261 3
149 207 3
150 207 2
154 270 3
276 280 3
116 174 0
177 178 0
178 179 3
126 185 0
196 198 3
202 261 3
204 261 3
147 205 3
207 208 0
208 209 3
213 270 3
217 275 3
231 463 0
194 195 3
146 205 3
205 206 3
275 503 3
174 176 3
186 245 3
188 245 3
141 199 2
142 199 0
188 190 3
189 190 3
206 207 3
179 180 0
188 189 3
198 199 2
188 246 3
195 196 3
204 205 3
176 234 3
196 255 3
198 255 3
174 234 3
245 246 3
502 503 3
180 240 1
201 202 3
275 502 3
281 459 3
286 463 0
180 239 1
182 240 3
280 397 3
280 459 3
459 460 3
286 460 0
182 183 0
183 184 0
397 459 3
239 240 3
213 271 3
185 242 1
191 250 3
192 250 3
198 256 3
271 503 0
183 240 1
184 242 1
199 256 2
180 238 1
186 244 3
276 335 3
179 238 1
183 242 1
185 244 2
189 248 3
190 248 0
191 248 0
199 315 1
210 268 3
280 335 3
174 232 3
174 233 3
233 234 3
179 237 3
189 247 3
194 252 3
211 269 3
154 269 3
177 235 0
178 237 3
189 246 3
195 252 3
256 315 3
210 269 3
176 235 3
178 236 3
240 241 3
183 241 1
246 247 3
195 254 3
275 276 3
235 236 3
236 237 3
237 238 1
241 242 1
255 256 3
209 268 3
232 233 3
196 254 3
207 265 0
269 270 3
254 255 3
200 202 1
204 262 0
205 262 0
208 265 3
268 269 3
388 503 3
244 245 3
192 252 3
200 261 1
261 262 0
206 265 0
208 267 3
209 267 3
271 388 3
463 519 3
234 235 3
252 254 3
200 258 1
275 335 3
238 239 1
248 250 3
199 258 1
260 261 1
247 248 3
205 265 0
267 268 3
270 271 3
205 322 0
461 463 3
260 262 3
265 322 3
460 461 3
185 243 1
262 322 3
265 267 3
280 337 3
243 244 3
250 308 3
250 425 2
192 425 2
252 425 3
200 260 1
335 337 3
234 292 3
200 317 1
200 318 1
262 321 3
242 243 0
246 304 3
247 305 3
248 305 3
248 308 3
258 315 3
258 317 3
260 318 3
321 322 3
335 452 3
233 292 3
235 292 3
244 302 3
244 303 3
245 303 3
247 304 3
308 425 3
254 311 3
317 318 3
337 452 3
238 296 1
255 313 3
256 314 3
240 298 3
241 298 3
242 300 0
245 304 3
248 306 3
310 425 3
254 313 3
256 313 3
265 323 3
237 296 1
241 300 0
243 300 3
243 302 3
248 307 3
252 310 3
267 324 3
237 295 1
239 296 3
243 301 3
302 303 3
303 304 3
305 306 3
306 307 3
313 314 3
232 290 3
235 293 1
236 294 1
295 296 3
239 297 3
240 297 3
241 299 3
300 301 3
307 308 3
265 324 3
271 329 3
292 293 2
293 294 3
294 295 2
296 297 3
299 300 0
314 315 3
322 323 3
270 329 3
388 502 3
233 290 3
233 291 3
297 298 3
252 311 3
260 319 3
333 502 3
291 292 3
298 299 3
301 302 3
310 311 3
323 324 3
329 388 3
268 383 3
268 385 3
269 385 3
290 291 3
318 319 3
267 383 3
270 385 3
304 305 3
383 384 3
310 368 3
329 385 3
337 397 3
368 425 3
262 319 3
383 385 3
275 333 3
343 460 0
311 370 3
254 370 3
397 456 3
456 459 3
306 365 3
307 365 3
324 383 3
329 387 3
313 371 3
317 375 3
322 381 3
292 350 3
296 354 3
258 374 3
318 375 3
323 381 3
387 502 3
293 351 1
297 354 3
301 359 3
254 371 3
315 374 3
317 374 3
333 335 3
290 348 2
291 348 2
291 349 2
292 349 2
294 351 2
294 353 2
295 353 3
295 354 3
299 357 3
300 357 1
302 359 3
307 366 3
308 366 3
314 372 3
319 378 3
333 337 3
300 358 3
302 361 3
303 361 3
306 364 3
364 365 3
315 372 3
262 378 3
321 378 3
385 387 3
333 452 3
397 453 3
458 460 3
292 351 1
297 355 3
298 356 3
298 357 3
301 358 3
302 360 3
304 361 3
304 362 2
305 364 3
366 425 3
315 373 3
319 377 3
453 456 3
458 459 3
349 350 3
353 354 3
354 355 3
355 356 3
357 358 0
359 360 3
311 368 3
370 371 3
313 372 3
373 374 3
377 378 3
321 380 3
322 380 3
350 351 1
361 362 0
305 362 0
311 369 3
372 373 3
375 377 3
318 377 3
387 388 3
333 392 3
360 361 3
365 366 3
368 369 3
369 370 3
371 372 3
378 380 3
294 352 3
356 357 3
358 359 3
374 375 3
380 381 3
337 392 3
348 349 3
351 352 3
352 353 3
392 397 3
354 412 3
353 412 3
392 502 3
404 463 0
383 440 3
392 453 3
457 459 3
361 418 3
456 457 3
457 458 3
460 518 3
360 418 3
362 420 1
461 518 3
324 440 3
387 445 3
370 428 3
385 502 2
388 445 3
368 426 3
369 428 3
375 434 3
377 434 3
352 410 3
323 440 3
445 502 3
460 517 3
355 412 3
361 420 3
305 421 3
364 421 3
425 426 3
369 427 3
377 435 3
214 392 3
458 517 3
517 518 3
420 421 3
378 435 3
214 453 3
348 406 1
350 408 1
351 408 3
355 413 3
356 414 3
357 414 3
357 415 3
358 416 2
366 424 3
375 433 3
378 437 3
380 437 3
349 407 1
349 408 1
351 409 3
353 410 3
412 413 3
357 416 0
365 424 3
427 428 3
433 434 3
383 442 3
407 408 3
352 409 3
414 415 3
358 417 3
359 417 3
359 418 3
370 429 3
371 429 3
384 442 3
348 407 1
353 411 3
364 422 3
365 422 3
424 425 3
410 411 3
421 422 3
365 423 3
369 426 3
408 409 3
356 413 3
416 417 3
372 429 3
373 431 3
434 435 3
378 436 3
381 439 3
461 519 3
411 412 3
415 416 0
422 423 3
428 429 3
372 431 3
435 436 3
323 439 3
412 470 3
413 414 3
374 433 3
436 437 3
406 407 3
411 470 3
372 430 3
380 439 3
385 442 3
423 424 3
429 430 3
374 431 3
383 499 2
426 427 3
431 433 3
439 440 3
440 499 3
385 501 2
501 502 3
518 519 3
430 431 3
380 497 3
442 499 3
214 502 3
431 489 1
431 490 1
433 490 1
437 497 3
439 497 3
456 514 3
420 478 3
457 514 3
489 490 3
442 501 3
408 467 3
453 514 3
409 467 3
416 474 2
417 474 3
423 481 3
424 481 3
437 496 3
496 497 3
409 410 3
417 418 3
361 478 3
453 628 3
410 468 3
411 468 3
418 478 3
214 628 3
457 516 3
458 516 3
416 473 2
421 479 3
501 559 3
502 559 2
413 471 3
413 472 3
414 472 3
415 473 3
429 486 3
435 494 2
436 494 2
442 500 3
412 471 3
420 479 3
421 480 3
422 480 3
428 486 3
440 497 3
499 500 3
500 501 3
406 464 3
407 464 3
407 467 3
411 469 3
415 472 3
478 479 3
479 480 3
434 493 2
435 493 2
436 495 2
437 495 2
516 517 3
407 465 3
469 470 3
423 480 3
425 481 2
493 494 3
465 467 3
410 467 3
468 469 3
470 471 3
471 472 3
417 476 3
418 476 3
433 493 2
494 495 3
495 496 3
457 515 3
464 465 3
472 473 3
474 476 3
514 515 3
515 516 3
467 468 3
476 478 3
480 481 3
429 488 1
427 486 3
486 488 1
433 492 1
492 493 0
518 577 3
519 577 3
519 520 3
473 474 3
520 521 1
426 543 2
426 486 3
430 488 1
514 628 3
430 489 1
433 549 1
467 525 3
481 539 3
490 548 3
490 549 3
467 524 3
468 525 3
480 539 3
430 546 1
489 548 3
492 549 3
497 499 3
524 525 3
478 536 3
481 541 3
425 541 2
489 546 1
499 556 3
469 527 3
479 536 3
426 541 2
486 543 2
488 546 3
497 556 3
474 533 3
542 543 3
486 544 1
494 552 3
495 552 3
514 572 3
515 572 3
517 577 3
476 533 3
478 535 3
426 542 2
543 544 3
486 545 1
488 545 2
492 551 0
470 528 3
470 529 3
471 529 3
476 535 3
535 536 3
493 551 3
499 557 3
476 534 3
481 540 3
541 542 3
548 549 3
495 553 3
496 554 3
500 558 3
501 558 3
464 522 3
465 523 3
465 524 3
479 537 3
545 546 3
496 556 3
556 557 3
500 557 3
522 523 3
468 526 3
468 527 3
469 528 3
528 529 3
472 529 3
533 534 3
536 537 3
480 537 3
540 541 3
544 545 1
494 551 3
552 553 3
553 554 3
520 577 3
523 524 3
526 527 3
489 605 2
557 558 3
527 528 3
472 531 3
473 531 3
474 531 3
474 532 3
546 605 0
525 526 3
531 532 3
532 533 3
548 605 3
539 540 3
492 550 3
550 551 3
496 613 3
556 613 3
558 559 3
516 577 3
472 530 3
534 535 3
551 552 3
530 531 3
537 539 3
549 550 3
572 628 3
529 530 3
554 613 3
516 572 3
558 617 3
559 617 3
539 596 3
556 615 3
557 615 3
516 575 3
575 577 3
532 590 3
539 597 3
540 597 3
533 590 3
537 596 3
556 614 3
533 591 3
534 592 3
535 592 3
544 602 3
572 575 3
534 591 3
535 593 3
541 597 3
542 600 3
553 611 3
554 611 3
554 612 3
526 584 2
590 591 3
536 596 3
596 597 3
543 600 3
546 604 0
549 606 2
551 609 3
552 609 3
552 611 3
559 560 3
214 393 3
522 580 0
523 581 0
525 584 2
536 593 3
545 604 2
548 606 3
549 607 3
550 607 3
550 608 3
551 608 2
612 613 3
613 614 3
614 615 3
557 616 3
558 616 3
560 621 1
393 505 3
575 633 1
580 581 3
524 581 0
524 582 0
527 584 2
531 589 3
532 589 2
591 592 3
592 593 3
597 598 3
541 598 3
541 600 3
616 617 3
565 621 1
502 560 3
505 626 1
524 583 3
525 583 3
527 586 3
528 586 3
528 587 3
530 588 2
541 599 3
543 602 3
545 602 2
604 605 3
606 607 3
607 608 3
611 612 3
615 616 3
529 587 3
531 588 2
599 600 3
545 603 2
608 609 3
582 583 1
583 584 0
530 587 3
602 603 3
603 604 3
552 668 3
588 589 3
589 590 3
593 596 3
600 602 3
609 668 3
617 618 3
559 618 3
560 618 3
560 565 2
393 625 1
605 606 3
598 599 3
611 668 1
393 628 3
581 582 3
587 588 3
586 587 3
593 594 3
520 575 3
584 586 3
587 645 2
594 596 3
214 560 3
628 631 3
560 677 3
214 565 3
572 631 3
588 645 2
625 628 0
589 647 2
615 673 3
625 630 0
628 630 3
588 647 2
605 662 3
616 673 3
560 678 3
584 642 2
668 669 3
677 678 3
214 621 1
590 647 0
604 662 3
618 677 3
562 621 3
592 650 3
597 655 3
591 647 0
591 650 3
602 661 3
617 676 3
618 676 3
630 678 3
581 639 3
598 655 3
600 659 3
611 669 1
613 671 3
614 671 3
630 631 3
580 639 3
581 640 3
586 644 3
647 648 3
596 653 3
596 654 3
598 656 3
602 659 3
605 663 3
612 671 3
617 675 3
393 621 1
582 640 3
587 644 3
588 646 2
591 648 3
649 650 3
594 652 1
594 653 1
655 656 3
599 657 3
600 658 3
659 661 3
662 663 3
614 672 3
615 672 3
616 675 3
580 638 3
639 640 3
586 643 3
591 649 3
593 650 3
652 653 3
653 654 3
599 656 3
600 657 3
603 661 3
612 670 1
616 674 3
675 676 3
676 677 3
393 678 3
625 678 0
638 639 3
584 643 2
643 644 2
648 649 3
606 663 3
608 667 3
609 667 3
669 670 3
672 673 3
673 674 3
674 675 3
583 641 0
644 645 3
593 652 3
656 657 3
658 659 3
671 672 3
621 678 2
582 641 3
584 641 2
642 643 3
606 665 1
607 665 1
667 668 3
670 671 0
641 642 3
643 701 3
608 665 1
640 641 3
645 646 3
657 658 3
603 662 3
646 647 3
608 666 1
650 652 3
663 665 2
665 666 3
666 667 0
575 631 3
597 654 3
661 662 3
654 655 3
639 698 3
656 714 3
657 714 3
661 718 3
639 697 3
640 698 1
652 710 3
697 698 3
650 708 1
652 708 1
653 710 3
678 794 1
638 697 3
659 718 3
668 726 3
649 708 1
667 725 3
667 726 3
669 726 3
669 728 3
658 717 3
659 717 3
662 721 3
663 721 3
665 724 0
670 728 3
672 731 1
673 731 1
641 699 3
644 701 3
708 710 3
717 718 3
662 720 3
666 724 0
644 702 2
649 707 1
676 735 3
677 735 3
640 699 3
642 700 3
645 702 3
707 708 3
653 711 3
720 721 3
671 729 1
672 729 1
673 732 1
674 732 1
638 696 3
696 697 3
641 700 3
643 700 3
646 705 3
647 705 3
647 706 1
648 706 1
710 711 3
654 711 3
654 712 3
655 712 3
655 713 3
658 716 3
661 719 3
665 722 0
670 729 3
675 733 1
676 734 3
700 701 3
649 706 1
656 713 3
661 720 3
666 725 0
725 726 3
731 732 3
732 733 3
676 733 1
734 735 3
678 735 3
706 707 1
711 712 3
657 716 3
716 717 3
719 720 3
663 722 0
733 734 0
699 700 3
705 706 2
708 767 2
735 794 1
718 719 3
721 722 3
724 725 3
729 731 3
698 699 0
701 702 3
645 705 3
714 716 3
722 724 2
726 728 3
712 713 3
713 714 3
728 729 3
645 703 3
710 767 3
703 705 3
575 576 3
520 576 3
722 781 1
724 781 1
702 703 3
714 830 3
731 788 3
716 773 3
716 774 3
729 788 3
698 756 3
703 762 1
714 773 3
699 756 1
705 762 1
707 765 3
773 830 3
773 774 3
708 765 3
728 787 3
729 787 3
705 763 1
724 782 3
728 786 3
699 758 3
703 761 1
717 774 3
720 778 3
721 778 3
726 784 2
728 784 0
697 755 3
698 755 3
701 758 1
761 762 3
705 764 1
706 764 1
706 765 1
710 768 3
719 778 3
786 787 3
699 757 2
700 758 1
701 759 2
702 761 1
763 764 3
708 766 2
711 768 3
781 782 0
731 789 3
696 754 3
756 757 1
758 759 1
702 759 2
717 775 3
718 775 3
718 777 2
719 777 2
721 779 3
725 783 2
732 789 3
733 791 0
734 792 1
754 755 3
755 756 3
757 758 0
764 765 0
765 766 1
766 767 3
713 771 3
774 775 3
777 778 1
722 779 3
722 780 3
782 783 0
783 784 3
732 791 0
791 792 1
735 792 1
762 763 3
712 771 3
713 830 3
778 779 3
780 781 1
784 786 1
794 852 3
678 852 1
711 770 3
779 780 3
732 790 3
578 631 3
575 578 3
702 760 1
767 768 3
712 770 3
775 777 0
788 789 3
789 790 3
771 830 3
787 788 3
790 791 0
759 760 1
760 761 3
770 771 3
735 852 1
576 578 3
756 814 1
768 827 2
711 827 2
578 630 3
758 816 1
770 827 3
784 843 1
757 816 1
759 816 2
760 819 3
775 833 1
775 834 1
786 843 1
773 831 1
774 831 1
774 833 1
777 834 1
788 846 3
788 847 3
789 847 3
792 850 3
735 850 1
757 814 2
781 839 1
782 839 1
786 845 3
787 845 3
787 846 3
760 816 3
763 823 3
764 823 2
830 831 1
632 678 3
761 819 3
765 823 1
766 823 3
786 844 1
844 845 0
754 812 1
755 813 1
816 817 3
760 817 3
761 820 3
762 820 3
767 825 3
768 825 3
770 828 3
771 829 3
833 834 3
777 835 1
778 836 1
779 837 1
780 838 1
782 840 1
783 841 1
784 842 1
789 848 3
790 848 3
791 849 1
632 852 1
812 813 3
756 813 1
814 816 3
819 820 3
763 820 3
763 821 3
827 828 3
828 829 3
834 835 3
835 836 3
836 837 3
837 838 1
838 839 3
839 840 0
840 841 3
841 842 3
842 843 3
846 847 3
848 849 3
849 850 3
760 818 3
821 823 3
768 826 3
829 830 3
813 814 3
818 819 3
820 821 3
825 826 3
826 827 0
845 846 3
847 848 3
735 909 1
817 818 3
850 909 3
852 909 3
630 632 3
766 825 3
831 833 3
843 844 3
847 906 3
848 906 3
852 969 3
831 890 3
833 890 3
852 910 3
632 969 1
814 873 1
821 880 2
823 880 3
910 969 3
578 865 1
816 873 3
578 632 3
823 825 2
816 874 3
823 881 3
909 910 3
813 872 1
814 872 1
817 874 3
833 891 3
835 893 3
836 893 3
873 874 3
819 877 1
820 877 1
834 891 3
818 877 1
823 882 2
825 882 3
831 889 3
843 901 3
844 902 2
845 903 3
846 903 2
847 905 3
850 908 3
820 878 1
881 882 3
825 883 3
826 883 3
830 889 1
889 890 3
834 892 3
835 892 3
836 895 3
837 895 3
843 902 2
844 903 0
846 905 3
908 909 3
812 870 1
813 871 1
818 875 3
821 878 1
826 885 3
827 885 1
828 886 1
829 887 1
830 888 1
838 896 0
839 897 0
840 898 3
841 899 3
842 900 3
842 901 3
901 902 0
848 907 3
849 907 3
870 871 3
872 873 3
817 875 3
826 884 3
885 886 3
886 887 3
887 888 3
888 889 3
891 892 3
836 894 3
895 896 3
896 897 3
897 898 3
898 899 3
899 900 3
849 908 3
871 872 3
877 878 3
821 879 3
880 881 3
882 883 3
883 884 3
893 894 3
894 895 3
900 901 3
846 962 3
818 876 1
878 879 0
879 880 3
884 885 3
892 893 3
902 903 0
903 962 2
906 907 3
876 877 3
890 891 3
907 908 3
875 876 1
905 962 3
905 906 3
874 875 3
888 947 3
909 968 3
910 968 3
879 937 2
889 947 3
875 933 3
880 937 1
874 932 3
876 933 0
880 938 3
881 939 2
905 963 3
908 966 3
908 967 3
909 967 3
875 932 3
876 935 3
877 935 3
881 938 2
884 941 3
887 945 3
888 945 3
907 966 3
968 969 3
632 972 1
878 936 2
937 938 0
883 941 3
890 948 3
892 951 3
893 951 3
962 963 3
905 964 3
906 964 3
870 928 3
871 929 3
872 930 3
873 931 3
874 931 3
879 936 2
882 939 2
885 944 3
886 944 3
889 948 3
891 949 3
891 950 3
892 950 3
894 951 3
894 952 3
895 953 3
896 954 3
897 955 3
898 956 3
899 957 3
900 958 3
901 959 3
902 960 2
907 965 3
928 929 3
929 930 3
930 931 3
932 933 3
877 936 2
938 939 3
884 942 3
885 942 3
887 944 3
948 949 3
949 950 3
950 951 3
951 952 3
952 953 3
953 954 3
954 955 3
955 956 3
956 957 3
957 958 3
958 959 3
959 960 0
903 960 3
966 967 3
967 968 3
931 932 3
935 936 0
936 937 1
944 945 3
903 961 3
907 964 3
960 961 3
961 962 1
945 947 3
963 964 3
964 965 3
882 941 3
941 942 3
947 948 3
965 966 3
876 992 3
939 940 1
882 940 3
969 1027 3
933 992 1
935 992 3
632 1027 1
968 1027 3
942 944 3
940 941 3
935 993 3
940 998 3
942 1000 3
941 998 3
947 1004 3
965 1023 3
966 1023 3
968 1026 3
932 990 3
942 1001 3
945 1004 3
947 1005 3
948 1005 3
1026 1027 3
933 991 1
991 992 0
1000 1001 3
944 1001 3
964 1022 3
936 994 1
937 994 1
938 997 1
939 997 1
963 1022 3
967 1026 3
963 1021 3
935 994 3
938 996 1
940 997 3
941 999 3
962 1021 3
1021 1022 3
933 990 3
937 996 3
967 1025 3
928 986 3
929 987 3
930 988 3
931 989 3
996 997 3
942 999 3
944 1002 3
945 1003 3
948 1006 3
949 1007 3
950 1008 3
951 1009 3
952 1010 3
953 1011 3
954 1012 3
955 1013 3
956 1014 3
957 1015 3
958 1016 3
959 1017 3
960 1018 1
961 1019 1
962 1020 3
965 1022 3
967 1023 3
1025 1026 3
986 987 3
987 988 3
988 989 3
989 990 3
993 994 3
998 999 3
1002 1003 3
1003 1004 3
1004 1005 3
1005 1006 3
1006 1007 3
1007 1008 3
1008 1009 3
1009 1010 3
1010 1011 3
1011 1012 3
1012 1013 3
1013 1014 3
1014 1015 3
1015 1016 3
1016 1017 3
1017 1018 3
1018 1019 3
1019 1020 3
1020 1021 3
1023 1025 3
997 998 3
992 993 3
1001 1002 3
1022 1023 3
990 991 1
999 1000 3
