0 1 3
1 3 1
3 4 3
4 5 3
5 6 3
6 7 3
7 9 3
9 10 3
10 11 3
11 12 3
12 13 3
13 14 3
14 15 3
15 16 0
16 17 3
17 18 2
18 19 0
19 21 1
21 22 0
22 24 3
24 25 3
25 27 3
27 28 3
28 87 3
32 87 3
32 33 3
33 34 3
34 35 3
35 158 2
36 158 3
157 158 3
157 163 3
163 164 3
108 164 3
108 165 3
57 165 3
1 4 1
35 36 3
24 81 3
35 94 3
55 57 3
14 72 3
22 81 3
36 94 3
55 165 3
32 89 3
1 59 1
4 62 3
87 89 3
32 91 3
1 62 1
11 128 3
12 128 3
25 84 3
27 84 3
33 91 3
57 173 3
5 63 3
12 71 3
19 78 1
55 173 3
13 71 3
21 78 0
89 91 3
4 63 3
1 60 1
1 61 1
21 79 0
60 61 3
61 62 3
15 73 3
22 79 3
27 85 3
158 391 3
157 391 3
62 63 3
10 69 3
11 69 3
18 78 2
18 77 0
25 83 3
28 85 3
36 95 3
95 158 0
6 64 3
16 74 3
77 78 1
24 83 3
28 86 3
35 92 3
165 167 3
59 60 0
5 64 3
9 66 3
9 67 3
10 68 3
16 73 1
17 75 1
84 85 3
86 87 3
34 92 3
108 167 3
1 58 1
7 64 2
7 66 3
67 68 3
13 72 3
14 73 3
17 74 3
85 86 3
58 59 3
63 64 3
68 69 3
74 75 1
54 165 3
66 67 3
72 73 3
73 74 0
83 84 3
34 91 3
162 164 3
108 162 3
18 75 1
54 55 3
78 79 2
91 92 3
162 163 3
69 128 3
92 94 3
79 81 3
94 95 3
62 121 3
63 121 3
75 133 0
81 83 3
89 148 3
157 159 3
54 167 3
71 128 3
75 77 0
89 146 3
91 148 3
91 149 3
159 391 3
159 163 3
71 72 3
87 146 3
146 148 3
79 138 3
86 145 3
87 145 3
94 152 3
64 66 2
81 138 3
92 150 3
95 152 3
91 150 3
83 141 2
84 141 2
92 151 3
95 391 0
161 163 3
54 173 3
79 137 3
94 151 2
161 162 3
81 140 3
83 140 3
149 150 3
60 119 3
61 119 3
78 136 2
79 136 3
148 149 3
61 120 3
62 120 3
69 127 3
75 134 2
137 138 3
54 170 3
64 122 3
127 128 3
77 134 3
77 135 3
85 143 3
85 144 3
86 144 3
145 146 3
170 173 3
59 117 0
66 124 3
68 126 3
69 126 3
72 130 3
73 131 3
133 134 3
78 135 2
144 145 3
58 116 0
59 116 0
67 124 3
67 125 3
71 130 3
130 131 3
73 132 3
84 142 3
84 143 3
143 144 3
60 117 3
120 121 3
64 121 2
64 124 3
124 125 3
125 126 3
74 132 3
136 137 3
138 140 3
141 142 0
142 143 3
54 169 3
116 117 3
121 122 2
126 127 3
71 129 2
159 161 3
167 169 3
119 120 3
134 135 3
135 136 3
128 129 0
131 132 3
150 151 3
108 168 3
124 181 3
129 130 3
75 132 1
162 168 3
167 168 3
169 170 3
64 181 2
140 141 1
132 133 3
148 206 3
117 119 3
138 197 3
151 152 3
140 197 3
146 206 3
95 270 0
152 270 0
146 205 3
122 181 2
124 182 3
128 186 0
141 199 0
205 206 3
149 206 3
149 207 2
150 207 3
117 176 3
119 177 3
181 182 3
150 208 3
152 210 3
95 329 0
116 174 3
120 177 3
122 180 1
130 188 2
133 191 3
134 191 3
145 203 3
207 208 3
270 329 3
329 391 3
117 174 3
119 176 3
180 181 3
129 188 3
140 198 3
140 199 3
142 199 3
144 203 3
206 207 3
151 210 3
210 270 0
121 180 1
127 185 3
143 202 3
144 202 3
146 204 3
125 182 3
127 186 0
137 197 3
137 196 3
198 199 3
145 204 3
120 178 3
196 197 3
143 201 3
202 203 3
121 178 3
121 179 3
125 183 3
126 185 3
131 188 2
137 195 3
197 198 3
176 177 3
179 180 1
126 183 3
126 184 3
129 186 0
136 195 3
201 202 3
151 209 3
168 169 3
177 178 3
178 179 3
142 201 3
204 205 3
150 209 3
182 183 3
183 184 3
135 252 3
142 200 3
160 391 3
159 160 3
184 185 3
185 186 0
129 246 0
131 189 2
134 252 3
136 252 3
199 200 3
200 201 3
203 204 3
208 209 3
209 210 3
160 329 3
170 287 3
173 287 3
132 189 2
195 196 3
188 246 2
188 189 3
196 254 3
210 268 0
186 246 3
132 191 3
268 270 3
186 245 3
245 246 3
174 233 3
117 233 3
159 334 3
195 252 3
161 334 3
162 390 3
168 390 3
104 169 3
104 170 3
189 191 2
104 168 3
181 240 3
182 240 3
191 250 0
197 256 3
176 233 3
185 244 0
186 244 3
196 255 3
197 255 3
177 235 1
191 252 3
200 258 3
201 258 3
178 235 2
189 246 2
198 256 3
203 261 3
328 329 3
160 334 3
176 234 3
176 235 1
195 254 3
160 328 3
161 390 3
174 232 3
233 234 3
178 236 3
179 237 1
180 238 3
183 240 3
185 243 0
199 257 3
210 267 0
334 501 3
104 287 3
232 233 3
234 235 1
235 236 2
236 237 1
237 238 0
181 238 3
181 239 3
183 241 0
184 243 0
243 244 3
189 247 2
191 249 0
199 256 3
200 257 3
206 264 2
209 267 3
238 239 3
239 240 3
184 242 0
244 245 3
246 247 3
189 249 2
255 256 3
256 257 3
205 264 2
207 264 3
208 267 3
184 241 0
249 250 3
202 261 3
161 450 3
242 243 3
254 255 3
204 262 3
204 320 3
267 268 3
390 450 3
240 241 0
241 242 3
262 320 3
205 320 3
257 258 3
208 323 3
268 327 3
250 252 3
207 323 3
270 327 3
261 262 3
204 261 3
205 263 3
263 264 3
250 308 3
201 261 3
267 323 3
104 390 3
249 308 3
247 249 3
239 297 3
240 297 3
250 425 3
252 425 3
270 328 3
236 294 1
308 425 3
258 317 3
201 317 3
263 320 3
268 499 3
240 298 3
241 298 1
252 310 3
323 324 3
327 499 3
310 425 3
254 311 3
261 317 3
267 324 3
328 334 3
235 294 1
327 328 3
245 304 3
246 304 3
334 450 3
247 306 3
249 306 3
252 254 3
252 311 3
234 293 1
235 293 1
241 299 3
242 299 3
249 307 3
237 294 2
237 295 2
238 295 2
238 296 3
239 296 3
242 300 3
244 303 3
245 303 3
247 304 3
307 308 3
232 290 3
233 290 3
233 291 3
234 291 3
234 292 1
293 294 3
299 300 3
242 301 3
243 301 3
303 304 3
247 305 3
306 307 3
264 323 3
291 292 1
292 293 3
294 295 3
244 301 3
304 305 3
254 313 3
255 313 3
256 313 3
267 443 2
268 443 3
385 499 3
290 291 3
295 296 3
297 298 3
298 299 0
257 373 3
327 385 3
287 346 1
300 301 3
310 311 3
256 373 3
443 499 3
305 306 3
394 450 3
296 297 3
256 372 3
267 383 2
287 403 3
313 372 3
372 373 3
257 317 3
264 322 3
383 443 3
346 403 0
324 383 3
301 361 3
244 361 3
317 373 3
317 375 3
390 394 3
320 322 3
303 361 3
263 322 3
328 385 3
328 563 3
261 320 3
310 368 3
368 425 3
328 387 3
296 354 0
373 375 3
322 323 3
385 387 3
328 501 3
104 403 3
305 363 3
311 370 3
254 370 3
290 348 0
295 354 0
306 363 3
373 374 3
374 375 3
499 500 3
385 500 3
387 563 3
291 348 0
294 352 3
313 371 3
293 351 3
293 352 3
296 355 3
297 355 3
298 356 3
300 358 3
304 362 0
254 371 3
324 381 3
291 349 3
295 352 2
299 358 3
306 364 3
501 563 3
334 394 1
292 350 3
351 352 3
297 356 3
299 356 1
301 359 3
304 361 3
363 364 3
307 364 3
307 365 3
308 366 3
311 369 3
261 375 3
320 377 3
291 350 1
293 350 3
358 359 3
359 361 3
364 365 3
365 366 3
366 425 3
368 369 3
320 375 3
375 377 3
348 349 1
295 353 0
361 362 0
304 363 3
369 370 3
350 351 3
352 353 3
353 354 0
320 378 3
323 381 3
104 518 3
370 371 3
377 378 3
334 449 3
403 518 3
354 355 1
362 363 3
356 358 0
371 372 3
349 350 1
322 378 3
361 418 3
449 501 3
359 418 3
355 413 3
297 413 3
368 426 3
381 383 3
356 413 3
356 414 3
425 426 3
381 438 3
413 414 3
323 438 3
358 415 3
363 422 3
394 449 3
356 415 0
362 420 1
364 422 3
381 439 3
458 518 0
358 416 3
370 429 3
375 434 3
377 434 3
322 437 3
322 438 3
383 499 3
394 565 3
361 420 3
363 420 3
371 429 3
371 430 3
372 430 3
378 437 3
349 407 3
350 409 3
351 409 3
364 423 3
365 423 3
449 565 3
348 407 2
350 407 0
369 427 3
370 427 3
377 435 3
378 435 3
383 440 3
390 518 3
459 518 0
348 406 2
352 409 3
352 410 3
354 412 1
366 424 3
370 428 3
373 431 3
440 499 3
406 407 3
350 408 3
353 410 3
355 412 3
415 416 3
423 424 3
426 427 3
427 428 3
428 429 3
429 430 3
372 431 3
374 431 3
381 440 3
387 500 3
501 565 3
407 408 1
359 416 3
424 425 3
374 433 3
375 433 3
433 434 3
409 410 3
412 413 3
422 423 3
414 415 0
378 436 3
460 518 0
408 409 3
353 469 3
415 473 1
434 435 3
437 438 3
438 439 3
418 420 3
435 436 3
439 440 3
414 473 3
433 490 1
353 412 3
403 519 3
410 469 3
431 489 1
462 519 0
439 498 3
353 470 3
418 477 3
430 431 3
436 437 3
440 498 3
469 470 3
418 478 3
420 478 3
420 422 3
422 479 3
374 489 1
374 490 1
420 479 3
423 481 3
390 565 3
412 470 3
477 478 3
424 481 3
489 490 3
390 516 3
404 519 3
403 404 3
516 518 3
416 473 1
416 474 1
413 471 3
413 472 3
414 472 3
478 479 3
412 471 3
473 474 3
488 489 1
390 677 3
422 480 3
423 480 3
434 493 2
435 493 2
439 497 3
565 677 3
407 465 1
408 465 3
409 468 3
416 418 3
479 480 3
431 488 3
436 493 2
438 497 3
501 677 3
406 464 1
410 468 3
481 482 3
424 482 3
429 488 3
430 488 3
436 494 3
407 464 1
471 472 3
472 473 3
418 475 1
418 476 1
426 485 3
427 485 3
437 495 2
438 495 2
416 475 1
476 477 3
428 485 3
436 495 3
497 498 3
464 465 3
465 466 3
408 466 3
470 471 3
474 475 3
480 481 3
493 494 3
494 495 3
438 496 2
516 677 3
409 466 3
425 482 3
428 486 3
495 496 3
496 497 3
409 467 3
468 469 3
475 476 3
426 484 3
429 486 3
467 468 3
485 486 3
433 491 1
433 492 1
434 492 1
484 485 3
492 493 0
470 528 3
491 492 3
466 467 3
469 528 3
486 488 3
425 484 3
518 519 3
623 677 3
466 524 3
623 627 3
465 524 3
467 524 3
490 491 3
497 555 3
499 558 3
500 558 3
470 529 3
471 529 3
484 542 2
488 546 1
496 555 3
448 500 3
387 448 3
467 525 3
477 535 3
481 540 3
482 540 3
498 556 3
465 523 0
475 532 3
478 535 3
481 539 3
485 488 3
490 548 3
494 552 3
497 556 3
464 522 0
523 524 1
468 526 3
472 529 3
474 532 3
475 533 3
476 535 3
480 539 3
485 542 2
491 548 3
491 549 3
493 552 3
495 553 3
496 554 3
522 523 3
469 526 3
532 533 3
476 533 3
425 540 3
489 548 2
494 553 3
495 554 3
555 556 3
448 563 3
476 534 3
534 535 3
478 536 3
539 540 3
488 547 1
489 547 2
492 609 3
552 553 3
553 554 3
554 555 3
473 532 3
479 536 3
480 538 3
425 542 0
547 548 3
548 549 3
492 549 3
493 609 3
526 528 3
479 538 3
546 547 0
498 499 3
524 525 3
468 525 3
525 526 3
472 530 3
538 539 3
540 542 3
529 530 3
535 536 3
608 609 3
549 608 3
552 609 3
516 623 3
528 529 3
533 534 3
488 542 2
556 615 3
498 615 3
499 615 3
558 615 3
542 601 3
488 601 1
448 501 3
534 591 0
536 595 2
479 595 0
500 617 3
500 501 3
501 562 1
448 562 1
473 530 3
530 532 3
501 617 3
533 591 0
558 617 3
538 595 3
530 589 0
542 600 3
526 585 0
528 585 0
528 586 0
529 586 0
529 587 0
624 677 0
516 631 1
530 587 0
530 588 0
588 589 3
562 563 0
600 601 3
591 592 3
534 592 0
535 592 0
535 593 0
536 593 2
553 669 1
554 669 1
519 634 1
526 584 0
585 586 3
532 589 0
538 597 2
539 597 2
539 598 2
540 598 2
540 599 2
549 606 2
501 558 3
516 632 1
516 519 3
519 633 1
522 580 3
523 580 3
524 582 0
587 588 3
532 590 0
488 602 1
488 603 1
546 603 0
548 605 2
548 606 3
549 607 3
552 668 3
501 618 3
523 582 3
525 583 0
586 587 3
589 590 3
532 591 0
593 595 3
542 599 3
602 603 3
547 605 3
582 583 3
583 584 0
584 585 3
590 591 3
592 593 3
599 600 3
546 605 0
605 606 3
606 607 3
607 608 3
609 668 3
555 560 2
556 560 3
501 615 3
597 598 3
598 599 3
560 615 3
546 604 0
554 560 2
617 618 3
601 602 3
604 605 3
553 668 3
580 582 3
603 604 3
560 669 1
631 632 0
519 637 1
582 639 3
668 669 3
580 639 2
595 597 3
597 655 3
598 655 3
592 650 3
446 501 3
623 685 1
591 650 2
595 654 3
597 654 3
595 653 3
501 560 3
600 658 3
601 658 3
603 661 3
604 661 3
605 663 3
606 663 3
607 665 3
669 727 3
633 691 3
590 649 3
591 649 2
653 654 3
668 727 3
519 691 1
580 638 3
585 643 3
589 647 3
590 647 3
649 650 3
601 659 3
604 662 3
605 662 3
608 666 3
609 666 3
516 689 1
516 690 1
638 639 3
583 642 2
584 642 3
585 644 3
586 644 3
587 645 3
588 645 3
593 650 3
598 657 3
599 657 3
631 689 3
582 641 2
583 641 2
585 642 3
586 645 3
588 646 3
589 646 3
590 648 3
593 653 3
654 655 3
602 660 3
606 665 3
669 729 3
501 679 1
519 692 1
643 644 3
646 647 3
648 649 3
657 658 3
601 660 3
608 665 3
560 729 1
446 679 1
623 686 1
642 643 3
644 645 3
647 648 3
658 659 3
603 660 3
689 690 0
691 692 3
645 646 3
665 666 3
685 686 3
641 642 3
593 651 3
659 660 3
660 661 3
661 662 3
662 663 3
606 722 3
655 713 3
655 657 3
663 722 3
665 722 3
593 710 3
654 713 3
446 677 3
651 710 3
653 710 3
678 679 1
677 679 1
666 668 3
677 678 3
639 698 3
582 698 2
650 651 3
651 708 1
655 715 3
657 715 3
666 725 3
560 672 1
501 678 3
516 746 1
639 697 3
641 698 3
668 725 3
623 746 1
516 747 1
697 698 3
654 711 3
655 714 3
643 702 2
644 702 2
646 704 3
714 715 3
560 678 3
689 747 3
519 750 1
653 711 3
666 724 3
519 752 1
645 704 3
665 724 3
746 747 3
519 690 1
519 751 1
638 697 1
698 699 3
641 699 3
651 709 3
691 748 1
708 709 3
709 710 3
710 711 3
713 714 3
659 717 3
660 717 2
669 728 3
690 748 1
519 748 1
692 750 3
645 703 2
660 718 3
661 719 3
665 723 3
727 728 3
728 729 3
689 748 3
638 696 1
642 700 3
643 701 3
645 702 3
657 716 3
660 719 3
722 723 3
696 697 3
642 699 3
643 700 3
701 702 3
702 703 3
647 704 3
649 706 1
649 708 1
650 708 1
715 716 3
658 716 3
723 724 3
724 725 3
668 726 3
747 748 3
699 700 3
716 717 2
718 719 3
662 721 3
663 721 3
725 726 3
726 727 3
678 741 3
751 752 3
703 704 0
647 705 1
648 705 1
706 708 3
711 713 3
662 719 3
721 722 3
677 741 3
648 706 1
708 765 3
704 705 1
706 765 3
717 718 2
700 701 3
662 778 2
629 746 1
719 778 2
721 778 3
629 747 1
705 706 3
704 763 1
705 763 3
727 785 2
703 763 1
711 768 3
726 785 3
678 790 1
623 629 3
719 777 3
560 788 1
747 805 3
710 768 3
713 770 3
777 778 3
723 781 3
729 788 3
698 756 3
706 764 3
709 768 3
713 771 3
718 776 3
719 776 3
724 781 3
697 755 3
698 755 3
699 756 3
703 760 3
714 771 3
728 785 2
629 805 1
703 761 3
761 763 1
711 770 3
711 769 3
769 770 3
770 771 3
717 775 1
721 780 3
726 783 1
696 754 3
699 757 3
700 757 3
700 758 3
701 758 3
701 760 3
702 760 3
762 763 2
705 764 2
764 765 3
768 769 3
716 774 1
718 775 1
722 780 3
722 781 3
724 782 3
725 783 1
726 784 1
629 748 1
754 755 3
755 756 3
760 761 3
761 762 3
714 773 3
715 773 3
774 775 3
775 776 3
781 782 3
782 783 3
783 784 1
728 786 3
729 786 3
757 758 3
701 759 3
716 773 1
776 777 3
780 781 3
784 785 2
678 788 1
519 629 3
758 759 3
763 764 2
677 683 3
756 757 3
785 786 3
759 760 1
771 773 3
778 780 1
519 810 1
773 774 3
708 824 3
709 824 3
768 824 3
773 830 3
786 788 3
765 824 3
771 830 3
786 846 3
788 846 3
623 683 3
810 868 3
519 868 1
823 824 3
678 847 1
683 741 3
764 821 3
778 837 1
780 837 3
788 847 3
760 818 3
763 821 1
765 823 3
786 845 3
845 846 3
761 818 3
755 813 3
759 818 1
756 813 3
629 683 3
756 814 1
764 822 3
768 825 3
780 838 3
678 907 1
818 819 3
761 819 3
824 825 3
769 827 3
770 827 3
781 838 3
741 907 1
813 814 2
822 823 3
764 823 3
768 827 3
770 828 1
776 835 0
777 835 3
846 847 3
759 817 1
768 826 3
771 828 1
778 835 3
754 812 1
757 815 1
758 817 1
821 822 3
825 826 3
826 827 3
773 831 3
774 832 3
775 833 3
776 834 1
778 836 1
781 839 3
782 840 3
782 841 2
783 841 1
784 842 1
785 843 1
629 862 1
812 813 0
814 815 0
758 815 1
762 819 3
831 832 3
832 833 3
833 834 1
834 835 0
835 836 1
836 837 3
838 839 3
839 840 3
842 843 2
786 843 1
827 828 0
771 829 3
830 831 3
840 841 2
783 842 1
786 844 1
817 818 3
829 830 3
837 838 3
841 842 2
519 867 1
815 817 3
828 829 1
819 820 3
762 820 3
762 821 3
843 844 2
844 845 2
820 821 3
678 906 1
847 906 3
906 907 3
815 874 3
817 874 3
824 882 0
823 881 3
830 888 1
824 881 3
829 888 1
831 888 1
846 903 2
832 889 1
836 894 3
837 894 3
845 903 2
846 904 3
814 872 1
818 876 3
881 882 0
827 885 3
831 889 1
835 893 2
836 893 0
844 903 2
847 904 3
812 870 3
813 871 1
817 875 3
819 876 3
822 880 3
825 883 0
826 884 1
828 885 1
828 886 1
832 890 3
833 891 3
834 892 1
837 895 3
838 896 3
839 897 3
840 898 3
841 899 1
842 900 1
843 901 1
870 871 3
871 872 3
874 875 3
875 876 3
880 881 3
824 883 0
883 884 1
884 885 0
829 886 1
889 890 0
890 891 3
891 892 1
892 893 0
893 894 1
894 895 3
895 896 3
896 897 3
897 898 3
898 899 1
899 900 3
900 901 3
844 901 1
844 902 1
519 924 1
819 935 2
820 935 3
821 878 3
885 886 1
901 902 0
902 903 0
907 1024 1
815 872 3
820 878 3
882 883 0
903 904 3
741 1024 1
878 935 3
872 874 3
876 935 2
821 880 3
829 887 1
888 889 3
874 931 3
878 880 3
886 887 3
887 888 3
872 931 3
904 906 3
907 964 1
906 964 3
880 937 2
878 937 2
880 938 2
904 962 2
903 962 3
886 944 3
888 946 3
889 946 3
904 964 3
964 1024 3
937 938 3
887 944 3
904 1021 3
875 933 3
880 939 2
881 939 2
870 928 3
871 929 3
872 930 3
874 932 3
875 932 3
882 940 1
883 941 1
884 942 3
885 943 2
886 943 0
889 947 3
890 948 1
891 949 1
892 950 1
893 951 1
894 952 1
895 953 1
896 954 1
897 955 1
898 956 1
899 957 1
900 958 1
901 959 1
902 960 2
903 961 3
519 982 1
924 982 3
928 929 3
929 930 3
930 931 3
931 932 3
876 933 3
939 940 3
940 941 3
941 942 3
942 943 3
943 944 1
947 948 1
948 949 3
949 950 3
950 951 3
951 952 3
952 953 3
953 954 3
954 955 3
955 956 3
956 957 1
957 958 3
958 959 1
959 960 0
960 961 0
961 962 3
962 1021 3
741 1025 1
938 939 3
887 946 3
946 947 3
1024 1025 3
932 933 3
964 1021 3
935 992 3
935 937 3
933 935 2
933 992 3
931 989 0
937 994 1
935 993 3
1023 1024 3
741 1026 1
992 993 3
937 993 1
964 1023 3
629 1035 1
944 1002 3
944 1003 3
887 1003 3
946 1004 3
938 996 1
943 1002 1
946 1003 3
947 1004 3
993 994 3
939 996 1
930 989 0
932 990 3
948 1006 3
958 1016 0
959 1016 0
933 990 3
928 986 3
929 987 3
930 988 3
931 990 3
933 991 3
937 995 1
937 996 1
939 997 1
940 998 1
941 999 1
942 1000 1
943 1001 1
1001 1002 3
947 1005 3
949 1007 0
950 1008 0
951 1009 0
952 1010 0
953 1011 0
954 1012 0
955 1013 0
956 1014 0
957 1015 0
959 1017 0
960 1018 0
961 1019 0
962 1020 0
986 987 3
987 988 3
988 989 0
990 991 3
994 995 3
995 996 3
996 997 3
997 998 3
998 999 3
999 1000 3
1000 1001 3
1004 1005 3
1005 1006 1
1006 1007 0
1007 1008 3
1008 1009 3
1009 1010 3
1010 1011 3
1011 1012 3
1012 1013 3
1013 1014 3
1014 1015 3
1015 1016 3
1016 1017 3
1017 1018 3
1018 1019 3
1019 1020 3
989 990 2
1003 1004 3
519 1038 1
1020 1021 1
991 992 3
1002 1003 3
