-0.0184486 -0.286323 6.14611
-0.0194241 -0.256309 5.76357
-0.232771 -0.760238 42.4627
0.0937574 -0.0260236 9.55626
0.0938009 -0.0260247 9.55168
0.128388 -0.070469 5.79902
0.087284 -0.0907701 13.0062
-0.0440551 -0.0256961 31.6054
-0.0872681 0.00461615 37.4905
-0.00103777 0.0291027 21.2302
0.0680496 -0.00268597 7.65655
0.0471869 -0.0244172 14.0163
-0.0426188 -0.038069 36.9604
-0.0355267 -0.0471613 34.9295
-0.0318637 -0.0832881 35.0261
-0.0135281 -0.0708137 28.3601
0.0111682 0.00681897 12.578
-0.0231208 0.00436342 25.0526
0.2397 0.017504 -77.5002
0.0212449 -0.317906 7.24364
0.0310269 -0.286079 2.692
0.0202445 0.347073 5.89496
-0.0143887 -0.148314 21.5145
-0.0501567 -0.0861649 37.759
-0.0164435 -0.0395011 19.9837
0.000918152 -0.00339794 9.34303
0.0446629 -0.0579872 -14.1167
0.00483627 -0.0299396 8.27928
-0.0146885 -0.0230435 19.8084
0.0157511 0.106814 -6.93274
-0.00641884 -0.0364613 15.3206
0.0666829 0.0697279 -32.9684
-0.0114502 -0.0229531 18.4257
-0.0186683 0.00331577 23.0963
6.59134e-05 0.0297725 9.19913
-0.00759459 0.0551538 15.6886
-0.0304572 0.143443 32.5415
-0.0418622 -0.210679 44.213
-0.0399838 -0.212116 42.7245
-0.0404352 -0.210262 43.0603
-0.132893 0.170444 133.136
0.090409 0.172296 -64.3934
-0.0404093 -0.195925 42.7874
-0.00554556 0.00258636 8.55285
-0.0108202 -0.0161495 13.4878
0.211686 -0.143011 -198.649
0.00592856 -0.270757 3.68851
-0.00571249 -0.291194 15.69
-0.0139385 -0.38284 25.4597
-0.00215022 -0.357079 12.8264
-0.00208696 0.00409583 3.99899
0.0083883 -0.296378 -0.589226
0.00793142 -0.310037 0.153799
0.00622075 -0.310846 2.12837
-0.00721932 0.00341234 10.6495
-0.00752721 0.00347504 11.0073
-0.000128373 0.00214638 1.90772
-0.00751194 0.00344038 10.9918
0.0617661 0.19599 35.4242
0.0620357 0.195925 35.4134
0.0122969 0.0383131 14.6846
0.0229967 0.0267528 14.4954
0.0251546 -0.00192784 15.5331
0.0762272 -0.0336436 10.8563
0.134508 -0.089225 5.72691
-0.0147229 0.116041 20.4809
-0.0346946 0.0023248 27.8078
0.00652822 0.073175 18.0822
0.0481807 0.0187687 11.1857
0.0441263 -0.0210231 14.4231
-0.0337707 -0.0249423 33.8724
-0.0319142 -0.0311436 32.7334
-0.02044 -0.0609326 30.483
-0.00410282 -0.104441 26.3348
-0.0274144 0.0022836 26.6521
-0.0339327 -0.637205 54.8996
0.0818506 -0.115479 -12.7708
-0.130734 -0.068286 70.5473
-0.25664 -0.395431 139.838
-0.0130299 -0.0964438 19.2161
0.00880518 -0.0555966 6.75353
-0.0138645 -0.0788078 19.4094
0.00721252 -0.0501434 7.55202
-0.00323592 -0.0360646 12.6181
0.0171659 -0.0311253 1.14355
-0.00442335 -0.0215832 13.7979
-0.0299664 -0.0211515 29.2729
0.00368255 -0.0264617 7.68056
0.146368 0.0925755 -91.0657
0.0117852 -0.0246118 2.50542
0.109219 0.282656 -75.9614
0.0082696 0.0138908 4.0355
0.0180653 0.0557804 -3.98425
0.0139907 0.274677 -8.04568
-0.00177049 0.110949 10.2945
-0.0074032 0.133912 14.3341
0.0436727 -0.332322 -6.16017
-0.0193583 -0.00168676 19.7908
-0.0197494 0.00273279 19.8252
-0.0180389 -0.0231634 21.5119
-0.0096799 -0.0123403 13.2644
-0.00261009 0.00433037 5.14231
-0.00261782 0.00417109 5.25231
1.28798 -1.1149 -1221.06
-0.00553094 0.001796 8.92195
0.0257472 -0.461355 -6.04511
-0.000828181 -0.471507 21.3169
0.0279604 -0.586982 -6.38263
-0.00531702 0.00176879 8.5803
0 -0.49664 21.0915
-0.0455154 -0.530641 73.7133
0.00791188 -0.47461 11.5447
0.025863 -0.490619 -9.40188
0.0348734 -0.473562 -21.3205
-0.000205944 -0.00072285 2.0256
0 -0.003143 8.28048
0.013964 0.0468847 14.5507
0.00298578 0.0543204 14.5302
0.00983956 0.0588579 13.9695
0.00953255 0.0594126 13.8757
-0.00775908 0.0345336 16.7361
0.0149447 0.00422235 15.5267
0.257785 -0.0332252 -13.8281
-0.0128089 0.133231 18.8883
0.00262196 0.115143 17.2881
-0.0136419 0.101277 21.4558
-0.0295777 0.0189322 29.6265
-0.0378817 -0.0487612 35.8901
-0.0293373 -0.00498501 32.2578
0.0506871 -0.33744 22.9589
0.0298855 -0.133355 18.4662
-0.0147394 -0.112659 31.1294
-0.0899321 -0.0340732 51.993
-0.0985063 -0.00462396 53.2255
-0.0998982 -0.0502636 56.7139
-0.128357 -0.0600915 68.7674
-0.0289111 -0.0470631 23.6605
-0.0139591 -0.028882 15.8645
-0.00280624 -0.0623153 12.9125
-0.0165034 -0.0483215 18.696
0.00606539 -0.0638144 8.04619
0.0631831 0.387853 -40.7159
0.0624051 -0.070578 -23.8744
0.0506056 -0.0716104 -16.3979
-0.0134434 -0.0360569 19.9064
-0.00365598 -0.0205473 12.1427
0.0345109 -0.0247676 -12.6691
0.017604 0.126799 -9.82551
0.0107691 -0.0118003 2.75353
0.0135434 0.0201456 -0.196521
0.0334784 -0.0392341 -11.1841
0.0360922 -0.0344403 -12.9025
-0.00109895 0.0386904 12.9451
0.042209 -0.335372 -4.79597
-0.227056 -0.0289283 200.979
-0.0102427 -0.150226 20.2068
-0.0184579 -0.000610506 18.9873
-0.026305 -0.0191521 29.1079
-0.0396052 -0.0219161 41.4113
-0.010898 -0.0126893 14.4023
-0.00932098 -0.0142414 13.1488
0.00462998 -0.0030692 -1.47589
-0.00181818 0.00036846 4.93494
-0.00688571 -0.00838281 10.2719
-0.00475681 -0.000260797 8.00824
-0.00699962 0.00257248 10.4183
0.268235 -0.0657784 -253.626
-0.00635471 0.00296652 9.68503
-0.0046526 0.0025213 7.85064
-0.00601355 0.00345004 9.27935
-0.00661811 0.00391771 9.93353
0.0168934 0.0324861 -20.5834
0.26979 0.00588878 -327.772
-0.0076022 0.00436546 11.0594
0.0156107 0.0504309 14.1712
0.024812 0.0454503 14.5985
-0.000199481 0.0271124 17.3413
0.00275719 0.0574124 15.1484
-0.0272488 0.0397503 18.479
-0.0289791 0.0271684 19.4274
-0.0764148 0.139576 28.5937
-0.0412709 0.146926 22.5172
-0.0298282 0.0866839 25.8374
-0.0387093 0.0775691 28.1858
-0.0552605 0.0597021 32.8254
-0.0868884 -0.0315046 46.106
-0.0172082 0.0453489 9.17845
0.0145109 -0.0355161 7.16687
0.134654 -0.497297 7.3664
0.13345 -0.535381 10.5869
-0.128268 0.0399342 60.4541
-0.0972038 -0.0502071 56.3307
-0.121872 -0.00835779 63.1696
-0.108864 -0.0701319 60.9778
-0.0777935 -0.0284095 43.8243
-0.0401305 -0.0284522 27.7234
0.0139682 -0.0530882 3.64572
-0.0066087 -0.0578963 15.1788
-0.00501939 -0.0514713 13.1613
-0.00048509 -0.0470743 9.76983
0.0448305 -0.0638712 -13.8705
0.0268552 -0.094526 -0.626194
0.000480794 -0.092764 15.6095
0.00297195 -0.0714911 12.6894
0.042243 -0.0886013 -11.911
0.0444841 -0.103494 -12.9028
0.0365708 -0.0180691 -13.4676
-0.00835362 -0.108698 24.8399
-0.00413438 -0.122175 22.446
0.0461541 -0.103835 -16.1831
0.0463478 -0.0206568 -21.9509
0.0218994 0.60938 -49.2802
-0.0354072 0.93629 -28.0657
-0.0279397 0.552805 -3.55675
0.0195897 0.524933 -42.5145
0 0.640422 -33.6928
0 0.567524 -28.3532
0 0.640422 -33.6928
0 0.640422 -33.6928
0 0.533902 -26.1286
0.00869572 0.289035 -14.3804
0.000947879 0.294656 -6.98152
-0.000700555 0.0169345 1.91985
-0.00113328 0.812015 -46.7202
0.0127081 0.530713 -39.6449
0.0144149 0.522557 -41.3234
0 0.0774921 7.97563
0 0.640422 -33.6928
-0.055274 0.566483 36.4066
0 0.294602 -6.00745
-0.023705 0.612891 -2.86699
0 0.533902 -26.1286
-0.00251671 0.0544496 13.898
0.0254625 0.0519934 14.0113
0.00963677 0.0307827 16.6381
-0.443226 0.111242 48.1372
-0.0139063 0.0542479 16.1091
0.0533714 -0.689629 102.453
-0.109928 0.118321 35.5135
-0.0719871 0.0886116 32.76
-0.0331015 0.0780699 26.8062
-0.0617344 -0.0351612 30.0478
-0.0661508 -0.021739 29.8332
-0.0630049 0.0136123 25.0845
-0.056758 0.0389226 20.7216
-0.0255758 0.0163214 14.2219
0.00394462 -0.0171539 8.52183
0.00969285 0.0189008 2.6757
0.0357431 0.0213204 -6.24008
0.0110189 0.0138045 3.56688
-0.0152116 0.024716 12.7064
-0.0891026 -0.00385756 47.0776
-0.0975628 -0.0133475 51.3925
0.00919908 -0.00592168 0.158259
-0.0241018 -0.0119335 17.0956
0.0295185 -0.0576782 -3.15711
-0.00471183 -0.0328913 11.3103
0.0136646 -0.0478878 1.79185
0.0441191 -0.0892964 -11.2283
-0.00258057 -0.0585092 12.846
-0.00656498 -0.128288 22.0386
0.00501992 -0.104154 12.8141
0.023612 -0.0785345 -3.4277
-0.0221748 -0.117055 32.6944
-0.033159 -0.158645 46.3776
0.0718547 -0.12966 -30.2245
0.010203 -0.154383 13.7693
-0.0269313 -0.156435 42.5026
-0.0346996 -0.0393775 36.5444
-0.0379313 -0.0272833 37.7188
-0.0174233 -0.0100623 19.7204
-0.0121328 -0.00938353 14.8727
-0.00777645 0.00273961 9.72493
-0.00764941 -0.0141124 11.2292
0.0220641 -0.0215049 -15.8599
-0.00717471 -0.02046 11.4591
-0.306509 0.114343 288.247
-0.411108 0.0353027 408.449
-0.00139788 -0.00449184 4.23877
-0.0823995 0.333561 55.272
-0.00704884 0.00842266 9.65609
-0.0157676 0.205736 -0.0785289
0 0.234427 -19.5652
-0.00114038 0.0149363 2.47796
0.00137155 0.233901 -21.0737
-0.00200186 0.0206728 2.87514
-0.00217079 0.0205067 3.08662
-0.00596664 0.00376414 9.19639
0 0.234427 -19.5652
-0.0100928 -0.00433323 14.4808
0.00973857 0.0455877 14.8836
-0.00874873 0.017983 18.6739
-0.0125173 0.00168553 34.1402
-0.0265607 -0.0262274 38.4531
-0.0419754 -0.0538972 43.6227
-0.00270977 -0.126586 48.5802
-0.0707633 0.0268354 39.6468
-0.0635068 -0.0064809 42.284
-0.0515801 0.0107365 37.7182
-0.0331761 -0.00951403 20.9029
-0.0459162 -0.00176838 22.5002
-0.0556812 0.0205054 22.4232
-0.0507826 0.0259621 20.327
-0.0386585 0.0197865 17.4596
-0.0161371 0.0150388 11.2806
0.0338451 0.0364375 -7.47194
0.0389301 0.0556363 -10.8044
-0.00565325 0.0395444 7.30364
-0.0026615 0.0232878 7.65878
-0.117669 0.0105315 57.836
-0.092022 0.0201244 45.4649
-0.0699944 -0.00626387 37.7224
0.0261331 -0.0299784 -4.90032
0.0228046 -0.0179008 -3.9762
-0.0172106 -0.0255168 17.1536
-0.00335028 -0.0239684 9.45921
-0.00464818 -0.0476101 12.8873
0.00379757 -0.0628131 9.51543
-0.01425 -0.0888487 23.0846
-0.00211293 -0.121607 18.492
-0.00122427 -0.100128 16.4659
0.0164406 0.109505 -21.7982
0.00163175 -0.0776978 11.7591
-0.0102857 -0.105075 24.2057
0.0219226 -0.0585399 -6.07092
0.0242053 -0.0978831 -2.73324
0.0109928 -0.0493938 1.29323
-0.0140448 -0.0222562 17.8011
-0.0033382 -0.0122287 7.49254
-0.0027571 0.0041044 6.21612
-0.0419951 -0.057234 47.7338
-0.00931834 -0.0194964 13.5024
0.122654 -0.206378 -86.4974
-0.00494005 -0.0231221 9.77553
6.69783e-05 -0.00815169 3.34579
-0.000366223 0.004785 2.52991
-0.00298842 0.00124207 5.71362
-0.0138498 0.00751282 17.0254
-0.0108929 0.00244806 14.4581
0.0181888 0.0202244 -15.2605
-0.00819618 -0.00885908 13.0091
-0.00216912 0.00067707 5.19451
-0.000178074 0.00130393 2.85359
0.00125583 -0.00523652 1.89447
0.00634609 -0.0108234 -3.44049
-0.220834 0.18648 318.364
-0.264887 0.176742 372.731
0 0.183926 49.9991
0.0475912 0.548085 -62.8833
-0.0111304 0.0277505 17.7804
-0.0302678 0.0224507 32.1097
-0.0343304 0.0201055 32.327
-0.0728108 0.00241722 38.6707
-0.105679 0.0690518 31.1119
0.016963 -0.0132136 17.5916
-0.0594947 -0.0633435 48.8727
-0.0414168 -0.0583487 44.6504
-0.0240402 0.0226709 14.9307
-0.0480831 0.0671669 14.0522
-0.037157 0.0609875 12.1533
-0.0377175 0.105035 6.2614
-0.0406818 0.052612 13.8815
0.117895 0.10242 -45.8979
0.0576446 0.0583237 -18.2455
0.00994046 0.0329599 2.61928
-0.021159 0.0214426 15.5014
-0.00760797 0.0174532 10.5596
-0.060175 -0.0174142 37.3639
-0.0823765 0.0100806 42.3017
-0.0857906 0.0153614 42.5071
-0.0150243 0.00770906 10.2484
0.0107461 -0.0136937 1.11257
-0.00388507 -0.0297126 10.6234
-0.0152193 -0.0493478 19.1257
-0.0145249 -0.0461837 17.157
-0.0132624 -0.0743958 21.3373
-0.0237521 -0.0679524 26.7147
-0.00904014 -0.0753531 18.2693
0.000907119 -0.0641601 10.5201
0.123052 -0.231643 -40.765
0.0190875 -0.0248764 -7.3708
-0.0168417 -0.0523922 22.6429
-0.0048725 -0.0462601 12.7558
0.0141264 -0.0291931 -3.99918
0.0310401 -0.0434044 -14.6459
-0.0147893 -0.0266597 19.365
-0.0221038 -0.0102327 22.7549
0.00440561 -0.00890884 -0.269899
-0.0141873 -0.0477629 21.9809
-0.0162287 -0.0356769 22.1582
-0.00164779 -0.00122991 5.1079
-0.0229348 -0.0256717 26.1977
0.0942239 0.177948 -110.989
0.017904 -0.0116262 -13.5192
-0.0311685 0.00169867 36.6395
-0.0155379 -0.0510051 28.0557
-0.0054402 0.001826 8.68843
0.386255 -0.252185 -370.024
-0.011938 -0.0091708 17.1259
-0.00932358 -0.0158626 15.2549
-0.170315 0.297319 161.155
-0.00767945 -0.0191694 13.9371
-0.00716939 -0.0213731 13.7207
-0.00427986 -0.00058172 7.76045
-0.00321639 -0.000806092 6.53119
0 0.0134086 0.403177
0.0376619 0.0532336 12.232
0.0317515 0.0408247 14.4149
-0.0711023 0.0824248 24.9318
-0.0493919 0.0650928 26.7833
-0.0827959 0.0768715 28.5941
-0.0959291 0.0716656 30.0208
-0.0137611 -0.0215132 34.6772
-0.0467726 -0.0387603 42.4219
-0.076522 -0.0312405 46.0872
0.0216653 0.0749027 -2.44444
-0.0346995 0.116377 4.52482
-0.0335367 0.0916124 7.50218
-0.024524 0.0998269 4.44372
-0.0476967 0.134441 5.6227
-0.0310308 0.0995433 5.77454
-0.0438913 0.0894577 11.9108
-0.0106994 0.0530209 6.78861
-0.0271352 0.0177025 18.2143
-0.0126479 -0.000283713 15.268
-0.0684648 0.00450923 38.4133
-0.0664543 -0.0126479 38.5199
-0.0693473 0.00922781 35.7413
-0.0178608 0.0198622 9.72779
-0.0305174 0.0124562 18.0703
-0.0383524 -0.0105656 25.3904
-0.0571168 -0.0374873 40.1207
-0.00647584 -0.029492 10.2299
-0.00796507 -0.0362859 12.3554
-0.0188281 -0.0260425 17.1513
-0.000966313 -0.0359943 7.39179
0.0165911 0.0373525 -16.0632
0.00532913 -0.040946 4.2145
0.0166713 -0.0497779 -2.34303
0.0130135 -0.010579 -6.20508
0.00203817 -0.022715 3.72591
0.010098 -0.0334392 -0.667092
0.00895052 -0.0383905 1.14861
0.0363454 -0.0113246 -23.0298
-0.0077653 -0.0350231 14.2182
-0.00698866 -0.026473 12.2548
-0.000102494 0.00741144 1.0676
-0.0141295 -0.357535 68.7142
0.00314956 -0.00574689 -0.0109215
0.0116923 -2.75154e-06 -8.34487
0.00703982 0.0028812 -4.02074
0.00950118 -0.0126389 -4.08496
0.159322 -0.286606 -112.531
-0.00392575 -0.0392322 14.0476
-0.273037 0.522472 209.833
-0.00237315 0.00728271 5.08327
-0.0121435 -0.0152565 18.2976
-0.00970569 -0.0180532 16.0318
-0.20451 0.241504 208.481
-0.127655 0.0127168 167.378
0.227068 -0.174224 -212.983
0.00768607 -0.317623 66.8482
-0.188066 0.089957 326.016
0 0.00099705 110.618
-0.0275712 0.163917 9.12925
-0.0276207 0.163921 9.13111
-0.0375476 0.158883 10.0357
-0.074066 0.149185 14.6234
-0.0922974 0.114765 22.6302
-0.121356 0.0885977 30.1193
-0.0752684 0.0647124 27.7988
-0.0569386 0.00928753 35.8013
-0.0895401 0.00723098 41.8384
-0.0888447 0.0162584 39.8523
-0.0815758 0.0501982 32.3472
-0.0695421 0.0593988 28.2579
-0.113991 0.0317964 45.195
-0.0856387 0.106749 22.0306
-0.0513151 0.047375 22.4223
-0.0391463 0.0307215 20.8504
-0.0465883 0.00560076 27.7531
-0.0441109 0.0131616 24.9283
-0.00871197 -0.00678305 14.629
-0.0700622 -0.0193501 42.0914
-0.0822545 -0.0240704 47.842
-0.0497649 0.00815825 27.3242
-0.0299404 0.00923338 17.6983
-0.037358 -0.00754911 24.683
-0.0530366 -0.00688913 32.4478
-0.00433379 -0.016834 14.5599
0.00963231 0.0703929 -9.66345
0.065759 0.0689811 -40.6948
0.025429 0.0714782 -16.9325
-0.0338132 0.280066 -26.3876
-0.0205078 0.224797 -24.9164
-0.0452986 0.216714 -6.03779
-0.0207218 0.182113 -16.9268
0.00584459 0.0648695 -14.1246
0.0199197 0.0325853 -18.8076
0.00972944 -0.00846776 -3.14836
0.00206689 -0.0147505 2.73478
-0.00260795 0.00320257 4.05082
-0.00146965 -0.00939931 4.54404
-0.00144887 -0.0148004 5.57857
-0.00324076 -0.0123853 6.9962
0.0010962 -0.00989538 2.71601
0.00571512 -0.00208716 -2.54595
0.00579789 -0.0102322 -1.51818
0.00386166 -0.0145049 1.2388
0.0132186 -0.000545188 -9.91014
0.0574375 0.024587 -56.448
-0.00716731 -0.00791898 12.2295
0.0195512 -0.0156618 -14.3193
-0.0120678 -0.00775859 17.2236
-0.00656151 -0.0177585 12.7813
-0.00727055 -0.000982871 11.0158
-0.00210822 -0.00220825 5.67414
-0.368294 0.95145 271.012
-0.00403814 -0.00116521 7.63825
-0.00284591 -0.00125295 6.22951
-0.0752488 0.0878556 188.412
0.0032746 0.307194 53.9774
0.0166228 -0.143019 53.5446
0.0159921 -0.135118 52.085
-0.0616328 0.158901 12.5644
-0.0930849 0.133902 18.7247
-0.0917613 0.111123 22.8517
-0.112062 0.121559 23.0168
-0.114371 0.0899947 29.2673
-0.0749424 0.0503088 31.0341
-0.0830911 0.0485485 33.0455
-0.0728421 0.0509418 30.4355
-0.0707324 0.0591219 28.4366
-0.0925597 0.0498432 36.008
-0.12085 0.015032 50.1813
-0.126169 0.0282782 48.3061
-0.0755254 -0.0642781 50.5155
-0.0352805 -0.0351203 31.4234
-0.0421494 0.0151202 23.3761
-0.038104 0.00487823 24.2893
-0.0278002 0.000507581 21.2621
-0.0220847 0.265745 -36.3705
0.00101341 0.309947 -56.2272
0.0447452 0.34004 -81.6177
0 0.460765 -84.6032
-0.028469 0.443212 -66.8228
-0.228802 -0.0806258 162.547
0.0317407 0.281761 -65.2922
0.0612422 0.143128 -53.4973
0.0369766 0.0820734 -26.3177
-0.0586125 0.109937 26.0287
-0.0237137 0.280734 -32.6922
-0.0153004 0.289108 -39.9499
-0.0439498 0.261538 -14.9888
-0.0397226 0.180137 -2.51029
-0.0322663 0.151504 -2.63031
-0.00882285 0.0606774 -1.82635
-0.0284807 0.0851731 8.36717
-0.00556795 0.0120069 5.12668
-0.0123152 0.0418437 4.06616
-0.0214649 -0.00392486 23.1624
-0.00814462 0.0182235 5.10006
-0.0712405 0.0549202 63.6614
0.0011475 -0.0120645 3.21805
-0.154297 -0.205078 193.623
0.00722719 0.00116892 -4.01733
0.00232077 0.114271 -11.716
-0.303828 0.282199 251.288
0.000177456 -0.0146327 6.57703
-0.0279587 0.200557 -6.59714
0.117864 -0.403019 6.22984
0.0242155 0.658097 -109.434
0.000430917 0.159884 -27.7887
0.00121405 0.00169264 27.802
0.0591595 0.249802 -91.0403
0 -0.161277 63.7064
-0.0168684 -0.0740084 67.8758
0.237305 0.263021 -309.096
0 -0.14145 59.6177
0 -0.14145 59.6177
-0.0113804 -0.13064 51.0514
-0.0212238 -0.119708 48.8043
-0.0417464 -0.0511563 34.8112
-0.0685409 -0.0422258 33.5626
0.0972948 0.22439 -45.5001
0.0413822 0.17726 -28.1397
0.0145058 0.160604 -21.5981
-0.015604 0.218447 -30.3245
-0.0187117 0.255193 -39.1128
-0.0014615 0.196331 -27.9877
-0.00142794 0.194522 -28.1994
-0.0103413 0.0643098 3.53956
-0.00959234 0.212608 -30.3586
0.0404715 0.26172 -56.0806
0.0175401 0.21996 -39.114
0.0074075 0.269084 -47.9394
0.00862006 0.391751 -76.7503
-0.0027916 0.344601 -61.9606
-0.0195298 0.347669 -56.1474
-0.00643895 0.352362 -61.5553
0.01275 0.286485 -55.4529
0.054087 0.274332 -71.1584
0.0455952 0.292609 -71.0149
0.00118665 0.27391 -44.6747
-0.0358152 0.268726 -24.588
-0.0316232 0.304556 -35.262
-0.0443695 0.241596 -13.626
0.0123807 0.157393 -27.9357
0.00250081 0.17673 -25.8899
-0.016597 0.236086 -27.0326
0.068237 0.301153 -96.7138
0.0538448 0.30196 -87.3204
0.0154486 -0.1967 39.8742
-0.168931 0.297434 64.5309
-0.109399 0.0497926 76.9552
-0.00912547 0.0257052 6.40886
-0.0330545 0.112136 6.2635
-0.00327947 0.0170671 2.33562
-0.00615629 0.00602519 7.04574
-0.00987771 0.00698685 9.51214
-0.204029 0.667436 43.2265
0.0113622 -0.136767 23.7141
-0.022775 -0.137904 54.9444
-0.0026661 -0.00374833 6.72264
-0.0467561 0.1074 36.8679
0.065625 0.180208 -86.624
0.000429065 -0.00742391 4.32605
-0.0132363 -0.0229939 22.8213
-0.00374498 -0.0159543 9.5575
-0.00259516 -0.0024578 6.27451
0.342833 0.142934 -378.508
0.000448677 0.0582623 16.919
0.126175 -0.243838 -61.076
0.174752 -0.0297188 -171.061
-0.141778 0.204551 153.301
-0.209711 0.153396 244.458
-0.00959584 0.110967 15.3014
-0.10311 0.342437 97.4471
0.0247214 -0.0494374 31.7437
0.0532001 0.13574 -13.5382
-0.0397118 0.241267 -36.2887
-0.0059793 0.24636 -40.1714
0.0233819 0.240971 -41.7569
0.000529901 0.184239 -25.4761
0.00960554 0.162267 -20.8461
-0.0258325 0.223289 -30.1738
-0.0154716 0.212535 -28.7261
-0.0242332 0.193794 -22.8919
-0.0145837 0.243681 -37.1862
0.00938463 0.223888 -38.9934
0.0432087 0.263707 -57.1373
0.0308005 0.330841 -69.4287
0.0314506 0.307348 -63.8683
0.0471963 0.294904 -65.4281
0.00288492 0.314814 -56.1964
-0.0306117 0.279775 -34.6862
-0.0535525 0.276798 -25.1037
-0.0300406 0.264023 -31.3488
0.0145667 0.229461 -43.1521
0.0875805 0.26524 -84.4395
0.0244134 0.286108 -58.9582
-0.0135468 0.273445 -36.6319
-0.038588 0.254521 -19.2302
-0.0237935 0.26419 -29.8393
-0.0745993 0.214943 11.1245
0.00689273 0.231004 -42.1919
0.0262536 0.204688 -47.107
0.046433 0.191043 -56.6099
0.0700464 0.221496 -79.5596
0.131694 0.223022 -120.754
0.134423 0.202151 -117.208
-0.0187046 -0.014669 22.9145
-0.153982 0.106448 134.019
-0.0217615 -0.0145053 25.1722
-0.0216064 -0.0119736 24.3959
-0.0163023 0.00922359 15.1293
-0.025869 -0.0263382 30.5697
-0.00179934 0.00178793 4.30518
-0.0110358 0.00202014 12.733
0.0689422 0.262968 -104.624
-0.029575 1.03007 -205.066
0 1.00336 -225.189
0.00790251 0.127927 -20.068
-0.00366377 -0.0015413 7.07894
-0.0459241 0.225663 14.4162
-0.0174283 0.280156 -27.8972
-0.000438474 0.252003 -38.155
0.0102384 0.185151 -32.904
-0.00455051 0.0352082 27.4511
0.0189685 0.0332278 1.78069
0.0877062 -0.142877 -38.7703
0.10659 0.0390781 -109.214
0.116115 0.187001 -156.738
-0.0216636 -0.00217034 58.8823
0.0153855 -0.797799 218.919
0.0720434 0.0419626 -75.0541
0.0254095 0.20949 -30.5293
0.0268522 0.202073 -28.57
-0.0203332 0.224386 -33.2767
-0.00702397 0.250071 -40.9415
0.00462081 0.255912 -43.6625
0.0677791 0.293776 -61.5114
0.0606274 0.398117 -88.5609
0.0483393 0.456159 -102.296
-0.0124954 0.177091 -21.2012
-0.106587 -0.0840754 84.7903
-0.103818 0.168303 14.7561
-0.0890972 0.205505 0.653165
-0.0760958 0.204533 -2.57802
-0.0458447 0.319443 -43.8724
0.0124261 0.322972 -61.5026
-0.0385343 0.271427 -31.1496
-0.0224382 0.216581 -21.1216
-0.0175887 0.230456 -26.1576
-0.031915 0.268308 -31.3914
-0.0478448 0.258614 -23.0801
-0.0252523 0.173463 -10.898
0.188472 0.233753 -123.145
-0.0149319 0.25321 -31.7162
-0.0298777 0.205219 -11.0452
-0.0224703 0.0550466 25.6483
-0.00826585 0.181385 -16.2248
-0.0609251 0.252176 -6.7536
-0.0347459 0.263654 -25.3529
-0.00426925 0.253617 -41.0098
0.0211005 0.184573 -38.9365
0.115468 0.15019 -91.7136
0.137663 0.203377 -119.445
0.138942 0.211201 -122.588
0.145593 0.193904 -122.733
-0.143805 0.109401 125.636
0.354345 -0.13136 -187.534
0.0436698 0.0389334 4.10152
0 -0.0310074 39.6239
0 -0.0310074 39.6239
0.00341481 -0.0760148 49.0703
0.0228551 -0.150578 52.5684
0 -0.07256 51.0256
0.0124169 -0.0622761 36.357
0.0124169 -0.0622761 36.357
0.0124169 -0.0622761 36.357
-0.00615409 -0.00124055 9.34382
0.00951067 0.249131 -47.3393
0.0149615 0.269843 -58.4875
0.0249249 0.249781 -63.475
0.035063 0.203849 -61.8773
-0.00487822 -0.0319334 45.8972
-0.00860267 -0.0155372 45.4662
0.00621816 0.0227505 18.7953
-0.0310251 0.0797368 44.909
0.172327 0.128309 -206.543
-0.00456621 -0.0117842 40.7322
-0.00521859 -0.0129492 41.7925
0 -0.00383126 33.3569
0.0146671 0.21231 -31.2071
0.0128529 0.222788 -34.2146
0.00166117 0.236194 -37.5425
0.00693834 0.239699 -39.0457
0.0122734 0.260466 -45.4269
0.0319289 0.260632 -47.8803
0.0296327 0.438277 -95.4239
0.000515651 0.401403 -79.8875
-0.0549329 0.287813 -35.6363
-0.015985 -0.0843898 65.8821
-0.00619952 0.248273 -31.0064
-0.0469011 0.267005 -27.2393
-0.0703115 0.276944 -24.0996
-0.0117109 0.331785 -56.2892
-0.0230734 0.274724 -35.693
-0.0717655 0.242173 -11.9755
-0.0242016 0.214637 -20.8129
-0.00279519 0.213737 -28.2289
0.223462 0.137034 -94.6719
0.00643393 0.234869 -37.4102
0.0604045 0.150571 -35.1781
0.0314902 0.106292 -8.44219
-0.0947467 0.19872 23.3397
-0.103147 0.0869346 58.338
-0.0679561 0.0539839 49.6419
-0.105211 0.256472 17.8729
-0.0645691 0.266245 -8.29972
-0.036343 0.254502 -21.8271
0.0386813 0.268845 -71.0897
0.0707022 0.232912 -80.0709
-0.44343 0.126827 287.561
0.231144 0.0571102 -143.15
0.170787 0.194823 -140.507
0.13833 0.22602 -126.192
0.149099 0.178424 -119.918
0.0774138 0.0426393 -22.8114
0.0847426 0.0566994 -32.5067
0.0111263 0.0694297 20.7353
-0.00515302 0.046172 40.8672
-0.0111596 0.0322221 49.9565
-0.011728 0.0233571 52.999
-0.00905155 0.0190511 51.8605
-0.0050849 0.014824 49.4984
-0.00320621 0.01259 48.4132
-0.00320621 0.01259 48.4132
0.00370112 -0.0160932 50.3164
0.00342691 -0.0149042 50.2451
0.00266238 -0.0136308 50.651
0.00169086 -0.0126571 51.3723
0.00114104 -0.0121739 51.8101
0.00114104 -0.0121739 51.8101
0.0209489 -0.0680998 26.1868
-0.00840365 0.122151 23.7852
-0.00839189 0.122152 23.7714
-0.00837802 0.122152 23.7552
-0.00837802 0.122152 23.7552
-0.0137417 -0.0463894 158.248
-0.0274251 -0.0533408 176.977
-0.0154563 0.209697 -14.8431
0.0183571 0.239494 -39.1275
0.694788 0.25532 -73.4677
-0.0314732 0.264089 -31.7269
-0.0334935 0.233378 -22.1166
-0.0200372 0.268367 -34.0892
-0.0170322 0.38913 -72.618
-0.0166461 0.398518 -76.0214
-0.0481313 0.341968 -52.976
-0.00555648 0.287349 -43.5512
-0.0177193 0.251694 -28.6223
-0.0343546 0.248824 -23.6807
-0.0524592 0.252314 -21.2961
-0.0263209 0.1922 -11.0625
-0.0367678 0.204126 -11.2844
-0.067005 0.224512 -8.14601
0.157083 -0.625407 174.062
0.0147245 0.214477 -35.0295
0.0155191 0.210409 -34.0023
0.0148465 0.207454 -32.7972
0.0174281 0.141354 -13.2792
0.0255429 0.103768 -5.0727
-0.154285 -0.187531 177.07
-0.0709097 0.0621066 48.7135
-0.0584235 0.215644 4.72317
-0.0972079 0.212894 26.9332
-0.0717613 0.248637 0.90618
-0.0311067 0.266504 -28.387
0.00280764 0.245235 -41.9202
0.465087 0.186129 -312.321
-0.0583391 0.176682 29.414
0.175549 0.170094 -125.09
-0.209702 0.166235 142.979
0.092759 0.307383 -117.825
0.0981649 0.235999 -100.181
0.0849168 0.192116 -76.694
0.00322974 0.0999553 18.4752
-0.0734083 0.0545251 93.3259
0.0033366 0.00858833 24.0419
0.00259436 0.0111484 23.8638
0.00134704 0.0154479 23.587
0.000322821 0.0209403 22.7621
0.00311709 0.029207 17.5145
0.00344215 0.0285302 17.426
0.00442728 0.0260159 17.2813
0.00668835 0.021224 16.5495
0.00169335 0.035385 16.7931
0.00613977 0.0031436 23.0301
0.0133331 -0.00880212 19.4352
0.0136159 -0.0179626 22.0898
0.116062 -0.0850405 -68.6808
0.869324 -0.100563 -893.34
0.00307534 0.110677 -11.0287
0.0194857 0.110037 -29.6261
0.0320733 0.108318 -43.6257
0.0601481 0.00408587 38.1827
-0.0222689 -0.0489965 169.424
-0.00571146 -0.00443362 120.445
-0.0155933 0.210244 -15.0175
-0.0186711 0.218232 -17.5971
-0.0273991 0.236379 -23.2154
-0.0428871 0.231179 -20.509
-0.018831 0.289508 -42.1008
0.0396049 0.308906 -53.9084
0.0375812 0.383201 -78.8046
-0.0370125 0.406689 -75.206
-0.0747238 0.255157 -18.2622
-0.0895901 0.257924 -16.2944
-0.0591467 0.219945 -10.1792
-0.0536857 0.209953 -7.68473
-0.183566 -0.00592283 87.4272
0 0 -1
-0.0485033 -0.181463 125.147
-0.0601681 0.208642 -5.43727
-0.040186 0.0963226 40.2738
-0.0503778 0.109574 39.931
-0.0855213 0.100701 56.7217
-0.097174 0.089058 65.2279
0.00283122 0.129806 -3.16717
0.00568611 0.110343 2.03164
-0.115139 -0.00737475 106.127
-0.0445847 0.954254 -253.222
-0.0691891 0.222375 8.49051
-0.0722801 0.224864 9.38839
-0.059623 0.253199 -7.28943
-0.0366653 0.262565 -23.7649
-0.0240893 0.244497 -25.2293
-0.0237262 0.0191748 73.8768
-0.02894 0.0252777 75.2449
-0.0249332 0.0150934 75.915
0.162138 -0.054646 -40.523
0.108537 0.0575738 -48.7625
0.0819933 0.19713 -75.3859
0.0901616 0.190923 -79.5717
0.0424102 0.222553 -53.1098
-0.0206292 0.053524 51.0545
0.00622221 0.0272628 15.4067
0.00615635 0.0278915 15.2549
0.00293395 0.0287663 17.838
0.00287432 0.0285775 17.9566
0.00248656 0.028315 18.3997
0.00213455 0.0269512 19.1813
0.00224376 0.0244812 19.9022
0.00236719 0.0204565 21.1222
0.00373872 0.0134764 22.0719
0.00367517 0.00771114 24.0384
0.00838495 -0.010013 25.0224
0.00525422 -0.0257889 33.5741
-0.0160249 -0.017697 53.8545
-0.0236017 0.0605366 35.6246
0.000327616 0.0867058 -0.00877105
0.0221447 0.0950054 -27.746
0.155411 0.0708394 -175.759
0.00322623 0.00600752 -3.26674
0.00372257 0.0707037 8.95911
-0.00468964 0.0974821 10.2006
-0.00981644 0.210602 -15.2086
-0.0107241 0.217811 -17.7245
-0.0162292 0.232554 -22.6883
-0.0106618 0.267112 -35.321
0.0389177 0.297438 -49.9898
0.0353983 0.289206 -46.147
-0.00348506 0.270526 -34.6171
-0.150045 0.213165 8.53119
-0.170337 0.189847 20.2173
-0.119374 -0.107703 114.673
-0.0729553 -0.166239 126.085
-0.0509204 -0.166427 121.403
-0.0640852 -0.165939 124.54
-0.0657893 -0.165986 124.948
-0.0555795 -0.181307 127.329
-0.0526404 -0.204062 134.554
-0.0532542 0.0919135 46.5213
-0.0550903 0.0988985 45.3808
-0.0830671 0.105325 53.8317
-0.0959723 0.10075 60.4389
-0.0323154 -0.0415754 99.173
-0.0184066 -0.0448978 94.0773
-0.00830716 -0.0471987 90.1213
-0.00124931 -0.0491667 87.3395
0.00319805 -0.0507718 85.6212
0.0055906 -0.051991 84.7743
0.00675021 -0.0528089 84.4209
0.00708676 -0.0532179 84.373
0.00708676 -0.0532179 84.373
0.0476916 0.125469 5.79767
0.046763 0.136106 2.65714
-0.0121776 -0.178603 158.517
0.16239 0.150975 -111.743
0.140381 0.0170308 -58.3771
0.166137 -0.0118255 -67.0945
0.184374 0.101957 -121.118
0.0797694 0.203457 -75.2649
0.0647073 0.178517 -54.827
0.0251591 0.000876615 43.0794
0.0610379 -0.120876 57.7721
-0.0126152 -0.0480784 95.2587
0.0112095 0.725892 -209.24
0.00106178 0.0282863 19.7186
0.000478429 0.0269158 20.7469
-0.000511777 0.0244103 22.5729
-0.00159007 0.020664 24.9389
-0.00206948 0.01525 27.317
-0.00221246 0.0103846 29.1725
-1.16437 -0.12123 1327.45
0.22587 0.137434 -233.173
0.0129468 0.00125226 15.8422
0.0116594 0.0512456 -0.426214
0.0155653 0.0792178 -14.7279
0.0209481 0.087279 -23.7637
0.112118 0.0598227 -121.257
0.680512 -0.342981 -671.932
0.00538774 0.106596 -12.2092
0.00538774 0.106596 -12.2092
-0.00609988 0.210741 -15.2999
-0.0053807 0.216983 -17.6073
-0.00590526 0.227561 -21.4765
0.720829 0.368035 -136.455
0.0411664 0.261099 -37.1729
0.0164372 0.21275 -16.78
-0.0136445 0.25849 -29.0788
-0.0452109 0.230003 -14.0988
-0.0329588 0.240114 -20.0409
-0.00484728 0.208883 -13.8299
0.00932122 0.21895 -20.5784
0.0169887 0.211293 -19.5042
0.0163411 0.200065 -15.1298
0.00952371 0.188776 -8.99301
-0.00341132 0.177443 -0.849521
-0.0219535 0.167854 8.74366
-0.0497979 0.153424 23.728
-0.0595641 0.125573 37.4409
-0.0926114 0.113069 54.8811
-0.0993528 0.115883 56.5078
-0.0386452 -0.0279546 97.1717
-0.00586761 -0.000203159 41.4686
-0.00592367 5.93643e-06 41.4226
-0.00669934 0.000418302 41.6631
-0.00874595 0.00102548 42.5093
-0.012207 0.00181661 44.0959
-0.0169848 1.38921e-05 47.4696
-0.0216928 0.015229 44.4799
-0.0136938 0.0207505 37.5942
-0.00745164 0.0196959 34.0899
-0.00324384 0.0215647 30.6818
-0.00028196 0.0205072 29.1025
0.00122642 0.0201841 28.1867
0.00178305 0.0200435 27.8462
0.00178305 0.0200435 27.8462
0.152295 0.10654 -98.3037
-0.0271774 0.124377 39.6732
0.0572931 0.182868 -50.2814
0.0645667 0.17257 -52.5951
0.0564245 0.15228 -38.7626
-0.010677 -0.0490766 93.9123
0.0114849 -0.178647 122.029
-0.000399966 -0.207503 143.441
-0.00590622 -0.229879 156.816
-0.00805564 -0.246293 164.925
-0.00875886 -0.257113 169.612
-0.00884002 -0.262522 171.695
-0.00884002 -0.262522 171.695
-0.160754 0.136851 175.892
0.19966 0.194248 -225.88
-0.0193899 -0.104334 129.307
-0.0199607 -0.10282 129.4
-0.0058277 -0.142951 128.432
-0.0323019 -0.10488 144.197
-0.0371625 -0.112282 152.588
-0.0394434 -0.118194 157.475
-0.0400706 -0.121044 159.283
-0.0400706 -0.121044 159.283
