0 1 3
1 2 3
2 4 3
4 5 3
5 6 3
6 7 3
7 8 3
8 9 3
9 10 3
10 11 3
11 12 3
12 13 3
13 14 3
14 16 1
16 17 3
17 18 2
18 19 0
19 20 3
20 22 3
22 23 3
23 24 3
24 25 3
25 26 3
26 27 3
27 87 0
29 87 3
29 30 3
30 31 3
31 32 3
32 33 3
33 34 3
34 35 3
35 36 3
36 37 3
37 38 3
38 39 3
39 40 3
40 99 3
99 218 0
218 221 3
217 221 3
217 222 3
55 222 0
55 172 0
113 172 0
172 222 3
20 79 3
22 79 3
4 61 3
4 62 3
2 61 3
5 62 3
99 100 0
221 280 3
10 68 3
38 97 1
39 97 1
100 218 3
9 68 3
217 280 3
61 62 3
1 59 3
0 59 3
2 60 3
14 72 3
22 80 3
23 80 3
30 88 3
1 60 3
5 63 3
7 65 3
8 66 3
9 66 3
6 63 3
6 65 3
11 68 3
19 78 2
20 78 3
33 91 3
37 95 3
39 98 3
40 98 3
60 61 3
7 66 3
9 67 0
11 70 3
12 70 3
19 77 3
25 83 3
26 84 3
86 87 1
29 88 1
31 89 3
32 90 3
34 92 3
35 93 3
38 95 3
59 60 3
62 63 3
6 64 3
67 68 1
16 72 0
18 77 0
24 83 3
26 83 3
27 84 3
88 89 3
89 90 3
90 91 3
91 92 3
92 93 3
36 93 3
36 94 3
37 94 3
63 64 3
65 66 3
66 67 0
12 71 3
13 71 3
13 72 3
17 74 3
18 76 0
24 82 3
98 99 3
64 65 3
17 76 3
76 133 3
76 77 3
79 80 3
23 82 3
82 83 3
27 86 0
86 144 0
17 133 3
77 78 0
78 79 3
0 58 3
58 59 3
70 71 3
71 72 3
74 133 3
84 86 0
93 94 3
94 95 3
95 97 1
97 98 0
172 217 3
11 127 3
83 84 3
68 127 3
70 127 3
16 74 3
72 74 3
97 213 0
23 139 3
95 213 0
80 139 3
82 139 3
72 130 3
74 132 3
84 144 0
218 278 3
61 120 3
62 120 3
71 130 3
72 132 3
221 278 3
63 121 3
67 125 1
60 118 3
63 120 3
66 125 1
68 126 3
97 155 0
98 155 0
100 278 3
59 118 3
67 126 1
64 122 3
65 123 3
79 137 3
87 88 2
91 150 3
92 150 3
58 116 3
59 116 3
61 119 3
120 121 3
64 121 0
65 122 3
66 123 3
78 136 1
80 137 3
84 142 3
87 146 2
93 151 3
98 100 0
60 119 3
126 127 3
82 141 3
83 141 3
142 144 0
88 146 3
89 147 3
90 148 3
94 151 3
95 153 3
155 213 3
100 157 0
119 120 3
122 181 3
65 181 3
66 124 3
72 190 3
79 136 3
80 138 3
83 142 3
87 203 2
88 147 3
90 147 3
91 148 3
150 151 3
94 152 3
94 153 3
100 216 3
116 118 3
124 125 3
130 190 3
132 190 3
137 138 3
86 203 0
146 147 3
147 148 3
151 152 3
153 213 0
98 157 0
216 278 3
121 122 1
123 181 3
70 129 3
71 129 3
132 133 3
138 139 3
141 142 3
155 157 0
118 175 3
136 137 3
172 341 3
116 175 3
123 124 3
125 126 3
91 208 3
150 208 3
217 341 3
118 119 3
139 141 3
146 203 3
148 208 3
118 176 3
127 129 3
152 153 3
278 280 3
175 176 3
129 130 3
76 192 3
77 192 3
77 136 3
141 199 3
152 209 3
278 279 3
279 280 3
116 174 3
133 192 3
139 199 3
144 203 2
133 191 3
137 195 3
157 214 0
130 188 2
155 214 2
129 188 3
132 191 3
77 193 3
139 197 3
174 175 3
129 186 0
192 193 3
142 201 3
144 202 2
146 204 3
151 209 3
172 520 3
119 176 3
120 178 3
127 185 3
127 186 0
136 193 3
138 195 3
197 199 3
144 201 1
202 203 3
119 178 3
121 179 1
126 185 3
141 200 3
142 200 3
178 179 1
122 179 2
126 184 3
136 195 3
200 201 3
153 211 3
122 180 3
180 181 3
124 183 0
125 183 0
130 189 2
148 206 3
152 211 3
211 213 0
119 177 3
179 180 3
183 184 1
184 185 3
185 186 0
189 190 2
190 191 3
191 192 3
138 197 3
147 206 3
206 208 3
157 273 0
341 520 3
177 178 3
129 246 0
188 189 3
199 256 3
151 208 3
214 273 3
100 273 3
176 177 3
124 181 3
186 246 3
188 246 0
197 256 3
199 200 3
212 213 0
213 214 2
216 275 3
275 278 3
280 398 3
217 398 3
195 254 3
138 254 3
124 182 3
182 183 0
197 254 3
146 205 3
147 205 3
193 195 3
204 205 3
211 212 3
216 273 3
181 182 3
203 204 3
205 206 3
201 202 3
208 209 3
152 268 3
211 268 3
245 246 3
186 245 3
199 257 3
200 257 3
206 265 0
206 266 0
208 266 0
209 266 3
209 267 3
265 266 3
152 267 3
189 246 2
253 254 3
267 268 3
213 271 2
189 191 2
192 307 3
195 252 3
195 253 3
266 267 3
214 271 3
174 233 3
175 233 3
193 252 3
211 269 3
185 243 0
186 244 3
244 245 3
192 249 3
268 269 3
212 271 3
216 274 3
179 237 3
180 237 3
180 238 3
184 242 0
185 242 0
186 243 3
249 307 3
204 320 3
212 269 3
274 275 3
176 234 1
177 235 1
178 236 0
181 239 3
183 241 2
184 241 0
191 249 0
193 307 3
202 204 3
205 320 3
206 320 3
266 323 3
212 270 3
214 272 3
273 274 3
233 234 1
234 235 3
235 236 0
236 237 1
182 239 3
182 241 0
189 247 2
189 249 2
197 255 3
256 257 3
269 270 3
271 272 3
272 273 3
277 280 3
237 238 3
181 238 3
246 247 3
254 255 3
255 256 3
277 279 3
182 298 0
241 242 3
243 244 3
200 258 3
265 320 3
275 279 3
341 398 3
201 258 3
277 398 3
238 239 3
252 253 3
257 258 3
204 260 3
320 321 3
270 271 3
275 393 3
242 243 3
247 249 3
202 317 3
202 260 3
279 393 3
241 298 3
201 317 3
320 381 3
174 290 0
233 290 0
193 366 2
260 320 3
307 366 3
260 317 3
320 323 3
265 323 3
258 317 3
256 314 3
323 381 3
239 298 0
242 301 3
243 301 3
257 314 3
244 301 3
239 297 3
246 304 3
193 309 3
253 311 3
257 315 3
247 304 3
252 309 3
297 298 0
233 292 1
234 292 3
235 293 3
238 296 3
244 302 3
245 304 3
321 381 3
266 325 3
234 293 3
239 296 3
241 299 3
242 299 3
301 302 3
247 306 3
249 306 3
252 311 3
254 311 3
267 325 3
298 299 3
245 303 3
306 307 3
258 315 3
319 320 3
236 294 0
237 295 0
244 303 3
303 304 3
252 310 3
345 520 0
235 294 3
237 294 0
296 297 3
310 311 3
255 313 3
256 313 3
275 333 3
238 295 2
242 300 3
309 366 3
309 310 3
313 314 3
314 315 3
270 328 3
271 330 3
272 330 3
273 330 3
274 333 3
341 344 1
346 520 0
299 300 3
302 303 3
260 319 3
268 325 3
269 326 3
271 328 3
345 346 3
292 293 3
293 294 3
300 301 3
254 313 3
268 326 3
274 330 3
277 393 3
233 291 0
344 520 0
290 291 0
291 292 1
323 325 3
333 393 3
304 363 3
247 363 3
258 375 3
317 375 3
270 326 3
328 330 3
294 295 2
295 296 2
306 363 3
315 373 3
325 326 3
341 518 3
344 518 0
270 327 3
341 343 1
303 361 3
326 327 3
327 560 3
327 328 3
277 455 3
398 455 3
296 354 3
302 361 3
320 378 3
343 518 0
297 355 3
306 365 3
307 365 3
309 367 3
311 370 3
313 370 3
315 375 3
260 377 3
321 378 3
381 438 3
298 355 1
299 357 3
366 367 3
254 370 3
438 497 3
300 357 3
310 368 3
370 371 3
313 371 3
314 372 3
260 375 3
321 438 3
328 386 3
330 333 3
291 349 1
309 368 3
292 349 3
292 350 3
293 350 3
295 354 1
298 357 3
311 368 3
313 372 3
315 372 3
325 556 3
341 515 3
294 352 3
367 368 3
326 560 3
333 388 3
398 515 3
519 520 3
290 348 0
297 354 3
304 361 3
304 362 3
306 364 3
311 369 3
372 373 3
315 374 3
497 556 3
388 393 3
277 451 3
344 519 0
348 349 1
293 351 3
300 358 3
301 359 3
363 364 3
373 374 3
374 375 3
451 455 3
518 519 3
349 350 3
350 351 3
294 351 3
358 359 3
361 362 0
364 365 3
369 370 3
327 386 3
330 387 3
393 451 3
295 353 0
357 358 3
302 359 3
365 366 3
368 369 3
375 377 3
319 378 3
378 438 3
328 387 3
330 502 3
351 352 3
353 354 1
323 382 3
325 382 3
333 502 3
362 363 3
387 502 3
343 515 0
295 352 2
355 357 0
326 556 3
352 353 0
260 378 3
381 382 3
382 556 3
302 418 3
361 418 3
363 421 3
354 355 3
378 437 3
355 356 0
356 357 3
364 421 3
377 378 3
437 438 3
388 502 3
359 418 3
388 451 3
371 372 3
386 387 3
355 414 3
377 434 3
382 497 3
458 515 0
515 518 3
458 518 0
357 415 3
375 434 3
377 437 3
356 414 1
356 415 3
370 428 3
439 497 3
354 411 0
362 420 1
369 428 3
438 439 3
500 560 3
353 411 3
374 433 3
375 433 3
350 408 3
351 408 3
369 427 3
371 429 3
398 514 3
355 413 3
413 414 3
357 416 3
358 416 3
361 420 3
365 482 3
368 427 3
371 428 3
433 434 3
377 435 3
437 497 3
326 500 3
447 502 3
455 514 3
514 515 3
348 406 1
349 407 3
349 408 3
354 412 3
359 417 3
361 477 1
362 421 1
364 422 3
365 423 3
366 482 3
367 425 3
368 426 3
388 447 3
406 407 1
352 411 0
355 412 3
415 416 3
358 417 3
417 418 3
418 477 3
420 477 3
420 421 3
421 422 3
422 423 3
423 482 3
366 425 3
425 426 3
372 429 3
434 435 3
381 439 3
500 556 3
407 408 3
351 410 3
411 412 1
427 428 3
382 439 3
352 410 3
412 413 3
426 427 3
372 488 3
408 410 3
429 488 3
377 436 3
435 436 3
414 415 0
373 488 3
436 437 3
373 489 1
374 490 1
433 490 1
373 490 1
428 429 3
489 490 3
520 521 3
411 470 1
488 489 1
519 521 3
352 468 3
411 468 1
502 504 3
410 468 3
412 470 3
415 474 1
455 513 3
414 474 3
420 478 3
386 502 3
447 504 3
451 564 3
513 514 3
468 470 3
469 470 3
473 474 3
468 469 3
414 473 3
416 474 1
417 477 3
477 478 3
421 479 3
451 513 3
407 465 3
420 479 3
408 465 3
416 475 1
406 464 3
416 417 3
478 479 3
428 486 2
429 486 3
407 464 0
408 467 3
413 470 3
474 475 3
417 475 1
422 480 3
423 480 3
410 467 3
413 471 3
414 472 3
472 473 3
421 480 3
437 495 2
471 472 3
423 481 3
426 484 3
427 486 2
435 493 2
436 493 2
470 471 3
425 484 3
427 485 3
434 493 2
436 494 2
437 494 2
464 465 1
479 480 3
481 482 3
427 484 3
429 487 3
487 488 3
493 494 3
495 497 2
467 468 3
475 477 3
494 495 3
447 451 3
480 481 3
484 485 3
486 487 3
499 556 3
485 486 3
433 491 1
433 493 2
499 500 3
465 467 3
433 492 1
492 493 0
493 551 3
492 551 0
425 482 3
465 523 0
482 484 3
464 523 0
465 524 3
467 524 3
491 492 3
475 534 3
481 538 3
487 546 3
488 546 2
464 522 0
472 531 3
473 531 3
480 538 3
495 553 3
497 553 2
497 554 3
497 555 3
474 531 3
484 542 3
489 546 0
433 549 1
518 521 3
468 527 3
470 528 3
477 534 3
479 538 3
481 539 3
485 542 3
491 549 3
386 560 3
510 515 3
510 518 3
468 526 3
469 527 3
469 528 3
474 532 3
475 532 3
482 539 3
482 542 2
485 544 3
522 523 3
467 525 3
467 526 3
526 527 3
470 529 3
471 529 3
472 530 3
478 536 2
538 539 3
485 543 3
486 544 3
490 548 2
525 526 3
529 530 3
530 531 3
531 532 3
477 536 2
479 536 2
482 540 3
542 543 3
487 544 3
433 548 1
510 514 3
523 524 1
539 540 3
541 542 3
543 544 3
487 545 3
489 548 2
494 553 3
555 556 3
499 616 3
521 576 1
482 541 3
544 545 3
545 546 3
494 551 3
556 616 3
500 616 3
447 564 3
518 576 1
524 525 3
527 528 3
528 529 3
534 536 2
546 548 3
553 610 3
504 563 1
540 541 3
494 610 3
554 555 3
563 620 0
549 551 3
553 554 3
492 549 3
510 513 3
536 595 2
479 595 0
502 560 3
447 563 1
331 564 3
506 513 3
510 576 1
556 614 3
560 616 3
451 506 3
532 534 3
538 595 2
555 614 3
614 616 3
615 616 3
536 593 2
594 595 3
551 610 3
564 620 3
534 593 0
548 549 3
559 564 3
502 620 3
559 678 2
536 594 2
563 564 3
331 451 3
534 591 0
546 605 3
527 586 0
528 586 0
559 620 3
531 589 0
541 600 2
545 603 3
548 607 3
521 636 1
527 585 0
529 586 0
530 589 0
532 591 0
534 592 0
542 600 3
543 601 3
548 605 3
549 607 3
549 608 3
560 618 3
524 582 0
526 584 0
586 587 3
529 587 0
530 587 0
531 590 0
532 590 0
591 592 3
593 594 3
540 599 2
541 599 2
544 601 3
551 608 3
554 613 3
555 613 3
614 615 3
331 559 3
523 582 3
526 585 0
585 586 3
543 600 3
553 611 3
522 580 3
523 580 3
523 581 3
525 582 0
584 585 3
592 593 3
544 602 3
546 604 3
554 611 1
581 582 3
525 583 0
526 583 0
587 589 3
589 590 3
590 591 3
538 596 2
539 597 2
599 600 3
601 602 3
602 603 3
545 604 3
607 608 3
554 612 1
613 614 3
502 559 3
331 506 3
510 521 3
583 584 3
595 596 3
540 597 2
597 599 3
611 612 1
612 613 0
559 793 1
502 563 1
521 635 1
538 597 2
600 601 3
616 618 3
559 618 3
559 560 3
620 621 1
582 583 3
608 610 3
510 635 1
635 636 0
580 581 3
603 604 3
605 607 3
610 611 3
510 516 3
604 605 3
516 633 1
610 667 3
559 621 1
587 646 3
596 597 3
607 663 3
608 667 3
597 656 3
599 656 3
615 618 3
589 646 3
597 654 3
516 691 1
510 691 1
510 636 1
596 654 3
600 658 3
601 658 3
615 673 1
506 510 3
585 643 3
592 650 3
593 650 3
618 673 1
586 643 3
591 649 3
602 660 3
605 663 3
610 668 3
586 645 3
587 645 3
595 653 3
601 660 3
603 660 3
667 668 3
582 640 3
597 655 3
656 657 3
663 664 3
583 641 3
599 657 3
599 658 3
607 664 3
607 666 3
608 666 3
613 671 1
581 640 3
586 644 3
645 646 3
592 649 3
594 650 3
594 652 3
655 656 3
601 717 3
603 662 3
604 662 3
611 670 1
612 670 3
612 671 3
614 671 1
636 694 3
580 638 3
581 638 3
581 639 3
583 640 3
643 644 3
590 648 3
590 649 3
596 653 3
614 672 1
506 688 1
510 692 1
510 693 1
510 694 1
639 640 3
584 643 3
644 645 3
589 647 3
590 647 3
648 649 3
660 717 3
604 663 3
670 671 2
671 672 3
672 673 1
691 692 3
521 694 1
640 641 3
584 641 3
584 642 3
658 717 3
662 663 3
611 668 3
642 643 3
647 648 3
638 639 3
641 642 3
650 652 3
657 658 3
666 667 3
693 694 0
646 647 3
649 650 3
654 655 3
664 666 3
506 687 1
595 652 3
653 712 3
506 686 1
668 727 3
611 727 3
653 654 3
652 653 3
694 752 3
670 727 2
521 695 1
603 720 1
662 720 1
510 747 1
516 747 1
516 749 1
643 701 3
663 721 3
664 723 3
666 723 3
687 688 3
644 701 3
654 712 3
656 715 3
657 715 3
660 720 1
673 847 0
618 847 1
650 709 3
652 709 3
655 712 3
657 716 3
658 716 3
664 721 3
639 698 3
640 698 3
641 699 3
641 698 3
642 699 3
649 708 3
650 708 3
655 713 3
656 713 3
668 726 0
645 704 2
647 705 3
649 707 1
660 718 3
660 777 2
720 777 3
666 724 3
667 726 0
670 729 3
671 729 3
673 730 0
510 751 1
642 701 3
646 704 2
646 705 3
648 705 3
707 708 3
652 710 3
712 713 3
717 776 3
721 722 3
664 722 3
667 724 3
726 727 1
672 730 2
506 516 3
521 752 1
638 696 3
639 697 3
642 700 3
644 702 3
645 702 3
653 710 3
716 717 3
717 718 3
667 725 3
559 847 1
691 749 1
696 697 3
697 698 3
699 700 3
701 702 3
703 704 2
704 705 0
718 777 3
662 721 1
722 723 3
723 724 3
724 725 3
725 726 0
729 730 3
693 751 1
700 701 3
645 703 3
648 707 1
709 710 3
747 748 1
516 748 1
694 751 1
648 706 1
708 709 3
510 749 1
715 716 3
727 787 3
670 787 2
506 747 1
751 752 0
702 703 3
705 706 1
713 715 3
730 847 3
559 732 1
720 721 3
698 699 3
706 707 3
718 776 3
729 787 3
699 757 1
710 767 3
653 769 3
786 787 3
710 769 3
712 769 3
713 772 3
715 772 3
727 786 3
516 751 1
698 757 2
709 767 3
789 847 3
516 752 1
698 756 3
705 763 1
706 763 3
712 770 3
730 789 3
756 757 2
703 761 1
704 761 1
721 779 3
730 788 3
749 807 0
510 807 1
510 808 1
751 808 0
704 762 1
704 763 2
722 779 3
729 788 3
516 807 1
516 808 1
516 521 3
761 762 3
713 829 3
716 774 3
331 503 3
697 755 3
702 761 1
715 774 3
717 774 3
726 784 1
503 559 3
516 805 1
747 805 2
696 754 3
698 755 3
700 758 1
701 758 1
701 759 1
702 760 1
706 764 3
707 764 3
707 765 0
708 765 0
710 768 3
772 829 3
715 773 1
722 780 3
723 781 2
724 782 2
725 783 2
725 784 1
727 784 1
727 785 3
748 805 0
516 810 1
754 755 3
699 758 1
702 759 1
760 761 3
762 763 3
763 764 3
708 767 3
767 768 3
713 770 3
772 773 2
773 774 0
720 779 3
779 780 3
780 781 1
781 782 3
782 783 3
783 784 1
516 809 1
752 810 3
755 756 3
758 759 3
765 767 1
768 769 3
770 829 3
776 777 3
788 789 3
751 809 0
759 760 3
774 776 3
785 786 3
784 785 0
787 788 3
764 765 3
767 824 3
765 824 1
503 506 3
757 758 2
769 770 3
720 836 3
777 836 2
774 833 3
776 833 3
779 836 3
762 821 3
763 821 3
756 813 3
755 813 3
765 822 2
847 965 0
559 965 1
559 796 1
516 984 1
764 822 3
761 819 3
762 819 3
819 821 3
788 847 3
521 984 2
820 821 3
765 823 1
823 824 3
772 830 3
773 830 2
786 845 3
787 845 3
776 834 3
760 819 3
829 830 3
833 834 3
777 834 3
783 842 2
784 842 3
756 814 3
757 814 2
760 818 3
819 820 3
769 827 3
784 843 2
785 843 1
785 845 3
787 846 3
754 812 3
757 815 0
758 816 3
768 827 3
770 827 3
773 831 1
774 832 1
777 835 3
779 837 3
780 838 3
781 839 0
782 840 0
783 841 2
845 846 3
812 813 3
814 815 1
815 816 1
759 816 3
764 821 3
767 825 2
768 825 3
770 828 1
830 831 1
831 832 3
832 833 0
835 836 3
836 837 3
837 838 3
838 839 3
839 840 3
840 841 1
841 842 3
842 843 1
824 825 3
828 829 0
843 845 0
788 846 3
813 814 3
759 817 3
760 817 2
827 828 3
834 835 3
817 818 0
821 822 3
825 827 3
818 819 2
822 823 3
846 847 3
816 817 3
847 905 2
846 905 3
824 882 2
843 902 0
516 868 1
845 902 2
823 882 0
827 884 1
818 876 2
825 884 1
927 984 0
822 880 2
823 880 3
825 882 2
847 906 2
906 965 3
814 872 1
817 875 3
827 885 0
828 885 0
815 872 2
816 875 3
820 878 2
820 879 1
821 879 1
815 873 2
817 876 0
878 879 0
822 879 2
833 891 3
834 891 3
845 903 3
846 903 3
905 906 3
816 873 3
816 874 3
875 876 3
819 877 2
823 881 3
834 892 3
835 892 3
812 870 1
813 871 1
813 872 1
874 875 3
818 877 2
820 877 2
879 880 3
825 883 3
828 886 0
829 887 0
830 888 0
831 889 0
832 890 0
832 891 0
835 893 3
837 895 3
838 896 3
839 897 3
840 898 3
841 899 0
842 900 1
843 901 0
516 923 1
516 925 1
870 871 3
871 872 3
873 874 3
880 881 3
881 882 0
882 883 2
886 887 3
887 888 3
888 889 3
889 890 3
890 891 3
836 893 3
836 894 3
836 895 3
895 896 3
896 897 3
897 898 3
898 899 3
899 900 1
900 901 0
883 884 1
885 886 2
891 892 3
892 893 3
893 894 3
901 902 3
868 925 1
872 873 3
884 885 0
894 895 3
903 905 3
905 962 3
876 877 3
877 878 3
903 962 3
503 516 3
902 903 2
516 924 1
905 963 3
906 963 3
879 937 3
903 961 3
962 963 3
873 932 3
877 935 2
880 938 3
902 960 1
902 961 1
873 931 3
874 932 3
876 935 2
879 938 3
895 953 3
901 960 1
872 931 3
875 932 3
881 939 3
891 950 3
892 950 3
893 950 3
893 951 3
894 951 3
894 953 3
900 958 2
870 928 3
871 929 3
872 930 3
878 935 2
881 938 3
882 940 1
883 941 1
884 942 0
885 943 3
886 944 3
888 946 3
889 947 3
890 948 3
891 949 3
896 954 3
897 955 3
898 956 3
899 957 3
901 959 1
906 964 3
927 985 0
928 929 3
929 930 3
930 931 3
931 932 3
875 934 1
876 934 2
878 937 0
937 938 3
938 939 3
939 940 1
940 941 2
941 942 0
942 943 1
886 943 2
887 944 3
887 946 3
946 947 3
947 948 3
948 949 3
949 950 3
950 951 3
953 954 3
954 955 3
955 956 3
956 957 3
957 958 1
958 959 0
959 960 3
960 961 1
961 962 3
984 985 3
943 944 2
963 964 3
934 935 3
951 1010 1
894 1010 1
964 965 3
953 1010 1
875 991 1
934 991 3
878 994 2
937 994 1
887 1003 1
935 994 3
944 1003 1
946 1003 1
516 1039 1
932 990 1
875 990 1
516 1042 1
984 1042 3
965 1022 3
962 1020 3
963 1020 3
559 1022 1
935 992 3
985 1042 3
963 1021 3
990 991 3
935 993 3
951 1009 1
964 1021 3
991 992 3
934 992 3
992 993 3
944 1002 1
950 1009 1
961 1020 3
1020 1021 3
964 1022 3
993 994 3
937 995 3
943 1002 1
985 1043 3
928 986 1
929 987 1
930 988 1
931 989 1
931 990 1
994 995 0
938 995 3
938 996 3
939 997 3
940 998 0
941 999 0
942 1000 1
943 1001 1
1002 1003 3
946 1004 1
947 1005 1
948 1006 1
949 1007 1
950 1008 1
1009 1010 3
953 1011 1
954 1012 1
955 1013 1
956 1014 1
957 1015 1
958 1016 2
959 1017 3
960 1018 3
961 1019 0
1042 1043 3
986 987 3
987 988 3
988 989 3
989 990 3
995 996 3
996 997 3
997 998 3
998 999 3
999 1000 3
1000 1001 3
1001 1002 3
1004 1005 3
1005 1006 3
1006 1007 3
1007 1008 3
1008 1009 3
1010 1011 3
1011 1012 3
1012 1013 3
1013 1014 3
1014 1015 3
1015 1016 3
1016 1017 3
1017 1018 3
1018 1019 3
1019 1020 1
1003 1004 3
559 964 1
