0.0428446 0.0553824 14.6095
0.0471163 0.0434704 14.7853
0.0386166 0.0244225 15.5397
0.0301226 -0.012306 16.4555
0.0486077 -0.00800734 15.0805
0.106145 -0.064958 10.0193
0.0710489 -0.0365275 15.1848
-0.0094698 0.0530846 25.1608
0.0515919 0.0951397 12.8252
0.0520252 0.0148307 14.5511
0.048151 -0.0235926 16.3624
-0.0415754 -0.0628206 37.9679
-0.0731298 -0.0499024 45.8786
-0.0688653 -0.0454894 44.1079
-0.0626529 0.004505 40.4991
-0.0304741 -0.0700752 32.6708
-0.147328 -0.117234 76.2177
-0.167133 -0.0505567 82.2756
0.0995511 0.039779 -21.9475
-0.0128991 -0.0957181 20.3355
0.00635198 -0.191616 13.3685
0.0185951 -0.210476 8.58488
-0.00429112 -0.14643 17.6009
-0.0137245 -0.114725 21.5468
-0.0328673 -0.0906043 30.7269
-0.0338747 -0.0737498 30.752
-0.0323766 -0.0514859 29.6019
-0.0351909 -0.0461271 30.8466
-0.0996185 0.0324083 64.9523
0.245685 0.0048968 -148.668
0.163221 -0.00184786 -94.1672
0.0623639 -0.0550793 -26.3107
0.0129364 -0.0787734 7.72292
0.0166223 -0.0906523 4.85247
0.0214415 -0.0707699 1.26285
0.00380159 -0.066582 14.6405
-0.0109882 -0.062919 25.805
0.0109784 -0.0383088 8.13536
0.00302667 -0.0328683 14.6722
-0.00169138 -0.0376219 18.6554
-0.00140417 -0.0374598 18.3803
0.0105258 -0.0179554 7.20435
0.0169261 -0.0425484 1.9581
0.016805 -0.0393776 2.09384
0.0130739 -0.0401767 5.63608
0.0130739 -0.0401767 5.63608
0.044419 -0.118372 -25.7698
-0.00311365 -0.0572807 21.2729
-0.00299502 -0.0557916 21.1257
-0.00180525 -0.0532173 19.8287
-0.000257411 -0.0513138 18.1302
-0.000386966 -0.0487587 18.237
-0.00192297 -0.0464098 19.93
-0.00234709 -0.0429528 20.3687
-0.00186572 -0.040928 19.7868
-0.180451 0.096702 271.206
-0.00536725 0.119864 38.4561
0.0159874 0.101102 12.6839
0.026692 0.0666166 14.5142
0.036622 0.0586251 14.5699
0.0258943 0.0476583 15.8228
0.00932736 -0.00402567 18.3428
0.0544136 -0.0573426 14.9387
0.111733 -0.063317 9.28024
0.10285 0.0416469 8.80819
0.0171658 0.067063 20.6701
0.0451846 0.0697013 14.5347
0.114793 0.0082789 -10.0671
0.0182272 -0.0502847 23.8539
-0.0720678 -0.083775 46.3808
-0.0678514 -0.0883169 45.647
-0.0467873 -0.0672191 38.9046
-0.0653012 -0.0251573 42.6706
-0.0399472 -0.0607467 35.9667
-0.0706549 -0.109221 48.0218
-0.11345 -0.0587597 61.3515
-0.10596 -0.0555793 58.8043
-0.0891946 -0.0714057 52.3189
0.0205203 -0.258415 8.63584
0.00808898 -0.125513 10.6621
0.00549142 -0.128191 12.2921
-0.0200606 -0.151669 26.0003
-0.0179214 -0.108685 23.1366
-0.0156539 -0.0701658 20.8149
-0.0239538 -0.0386827 24.4809
-0.0183277 -0.0150669 20.0257
0.102028 0.957802 -84.3734
0.251522 0.0940721 -153.33
0.0271218 -0.0613762 -2.03075
0.0118975 -0.075774 8.64147
0.00272581 -0.0820147 14.9581
0.0410717 -0.0673627 -13.6459
0.0348301 -0.0704662 -8.68778
0.0106814 -0.0483161 8.95605
0.000739573 -0.054143 16.9167
0.0118115 -0.0330081 7.57084
-0.107154 0.348631 92.108
0.02056 0.0938524 145.061
0.000546843 -0.0372585 16.6487
-0.000445808 -0.0369405 17.5297
-0.00421668 -0.0177769 10.3156
0.016805 -0.0393776 2.09384
0.160734 0.0674993 8.33385
-0.224315 -0.0474278 385.638
0 -0.0738543 18.9615
-0.00212216 -0.0572604 20.2539
-0.00133931 -0.0556128 19.3911
-0.000137659 -0.0524253 18.0252
-0.0204935 0.0197687 37.883
0.000544283 -0.0501075 17.2274
0.000496273 -0.0474684 17.2155
0.000359514 -0.0433565 17.2501
-8.46088e-05 -0.041413 17.7031
-0.106563 0.192186 158.817
-0.0120644 0.116832 46.7095
-0.00528265 0.102248 38.9125
0.0232772 0.0451298 15.8269
0.0282958 0.0469789 15.7877
0.0241467 0.0492838 15.6648
-0.020779 0.019158 19.8532
0.00166638 -0.0252926 18.8688
0.0265286 -0.0877846 19.3806
0.0564289 0.0933005 13.2975
0.00937065 0.0917031 20.7873
-0.00433836 0.0539015 25.2956
-0.0831398 -0.162191 53.4674
-0.0755996 -0.109959 48.3908
-0.0704645 -0.0855627 45.8218
-0.1025 -0.118542 55.1586
-0.0320217 -0.18486 39.345
-0.0163692 -0.0902829 30.9138
-0.0855384 -0.0410689 50.6907
-0.0787107 -0.0389503 47.8465
-0.126335 -0.0344461 64.6798
-0.0792475 -0.0380699 47.1597
-0.101087 -0.0544493 56.5051
-0.0419913 -0.0679657 31.4876
-0.0182722 -0.0847533 21.4626
0.0151292 -0.0632375 3.9235
0.0081888 -0.0865479 8.95943
-0.00788801 -0.0512638 15.4733
0.0122539 -0.0648111 4.88077
0.00804125 -0.0647347 7.4716
0.00843987 -0.0596671 7.25357
0.421628 0.177931 -262.792
0.149262 -0.0691926 -81.7333
0.0573545 -0.110955 -19.5092
0.00985581 -0.0946618 10.4049
0.00978046 -0.073271 9.28454
0.0318582 -0.0797555 -5.56848
0.0435083 -0.0782288 -14.7055
0.02506 -0.0636694 -1.11709
0.0033143 -0.13766 19.4595
0.00534628 -0.0865608 14.9996
-0.588716 -0.0509536 499.158
0.21349 -0.0235657 -174.56
0.058069 0.232341 -50.5541
0.0233523 0.916198 -64.6682
-0.0425598 0.045981 41.0842
0.00351992 0.000606056 1.12102
0 -0.0246024 5.65809
0.00518574 0.0335512 -2.3312
-0.00351036 -0.0267782 9.2822
0.004276 -0.0402924 2.13054
0.00253302 -0.0341876 3.41574
0.00259888 0.0343982 -0.0967914
-0.00240318 0.0239708 5.83117
0.000321606 -0.0283847 5.51898
-0.00573517 -0.0323211 12.5145
-0.0117029 -0.0350514 19.7547
0.00770282 -0.0106896 -4.08497
0 0.0614705 1.22952
-0.010981 -0.0112982 16.5351
0.00207372 0.0321864 -1.70757
0.0115714 0.0178455 17.8439
0.0137274 -0.00271038 19.4817
-0.0168661 0.0184408 19.9561
-0.0345979 0.0119562 21.6307
-0.0481229 0.0208136 21.7087
-0.041164 0.193633 19.9972
-0.0340186 0.141174 23.5447
-0.0230178 0.0653529 27.7581
-0.0539326 0.0251895 35.8299
-0.0508173 -0.269581 45.116
-0.0486957 -0.124409 42.998
-0.0342401 -0.140034 40.6954
-0.0176124 0.0217573 11.4356
-0.00442933 -0.0174607 11.0607
0.0777709 -0.421219 20.9047
0.131726 -0.554783 13.0024
-0.0781624 -0.0366655 47.5648
-0.0900373 -0.0326889 51.5053
-0.0665321 -0.0740871 43.6324
-0.0603501 -0.0314708 36.4541
-0.0406789 -0.0410799 29.2282
-0.0332885 -0.0727851 28.3317
-0.0257923 0.0656922 16.2818
0.0367425 -0.0467801 -7.46689
0.0105019 -0.0274768 4.47135
-0.000768094 -0.03847 10.9575
-0.00540554 -0.0488586 14.5173
-0.00652889 -0.0939531 18.0446
0.0364194 -0.0855 -8.89471
0.0709283 -0.0793705 -31.0683
0.0289506 -0.0972755 -2.83334
0.0349753 -0.120573 -4.3907
0.0456379 -0.10616 -13.2937
0.00839531 -0.0622246 10.0756
0.0329135 -0.0768569 -6.75806
0.0671104 -0.163346 -27.1691
0.0817179 0.00159722 -48.2752
-0.0221072 -0.145481 40.2955
-0.041515 -0.131032 54.363
0.19984 -0.00165179 -164.101
-0.0131718 -0.0715939 25.6453
-0.057265 -0.021562 60.4756
-0.0137497 -0.0179743 19.5568
-0.0111728 -0.0132789 16.8581
-0.00985676 -0.0204237 15.7897
-0.0067855 0.130373 1.45403
0 0.168575 -8.10735
-0.0107889 -0.017794 16.6304
-0.0113671 -0.012391 17.0377
-0.00666967 0.0107176 9.36692
-0.0429463 0.032296 47.9197
-0.0248267 0.146963 21.1544
-0.0202238 0.00714286 24.6772
-0.0106182 0.00354191 14.0868
0.00284625 0.0413713 -2.98419
0.00425046 0.0402048 -4.5764
0.0048913 0.0373082 -5.17073
0.00544538 0.0329361 -5.58541
0 0 -1
0.00296077 0.00563419 18.9687
-0.0950274 -0.00319645 40.7745
-0.113535 -0.00147451 41.7489
0.713453 4.03551 -465.7
-0.059532 0.168468 24.4493
-0.0620409 0.0615673 34.7476
-0.0654373 0.0466649 36.1631
-1.05401 -0.0192638 220.024
-0.0764926 0.0569584 22.1645
-0.0533032 0.0306624 20.0055
-0.0378799 0.0382439 15.0903
-0.0401961 0.024898 17.3015
-0.0207462 0.00269253 13.9656
-0.00252398 -0.0181057 10.4463
0.02078 0.0193179 -1.11745
0.0504541 0.00373792 -9.59996
0.0151192 -0.0242994 6.10602
0.0153158 0.0042653 3.08438
-0.065759 -0.00119384 36.505
-0.0675389 -0.0452087 41.5005
-0.0636687 -0.0702811 41.0373
0.0178168 -0.0419049 0.427147
0.039502 -0.0330968 -10.2586
0.00649361 -0.0356281 6.75872
-0.00756483 -0.055902 16.5952
-0.0373712 -0.0651359 34.1573
-0.0337569 -0.0835929 33.5484
0.0109046 -0.0740572 5.77563
0.0223379 -0.109361 1.3877
0.033653 -0.132671 -3.50105
0.0379793 -0.155927 -4.13407
-0.00389775 -0.183267 26.4774
-0.00462193 -0.0449194 10.7588
0.0939038 -0.0933789 -54.7005
0.0607701 -0.112584 -28.2854
0.0143639 -0.110008 7.65702
-0.025868 -0.109765 39.8346
-0.0117987 -0.0786916 24.7215
-0.0118546 -0.0891929 25.6368
-0.0165175 -0.0943979 31.402
-0.0267535 -0.0225267 32.7981
-0.0109329 -0.0326733 18.3751
-0.00274082 -0.0169684 8.70503
0.2122 0.0989207 -207.102
-0.00625951 -0.0164075 11.8662
-0.0105215 -0.0208833 16.4889
-0.00871535 -0.0133525 14.2778
-0.00986946 -0.0151112 15.5456
0.12718 0.171862 -136.581
-0.000700127 0.0173986 14.3218
0 0.0214844 13.1495
0.00822689 0.193511 -12.4242
0.00764488 0.204368 -12.7611
2.7009e-05 0.225087 -5.8154
-0.00929055 0.249323 2.95116
-0.00877905 0.248018 2.46122
-0.00877905 0.248018 2.46122
0.00375925 0.980894 -98.7368
-0.250263 0.134572 8.2229
-0.0582705 0.00134872 37.8838
-0.0947266 -0.00146186 40.7028
-0.106093 0.00829489 39.7537
0.0784045 -0.0952821 33.1309
-0.0540021 0.03444 35.5417
-0.0831786 0.0410083 39.694
-0.0965178 0.0118913 31.2065
-0.0665304 0.0217818 23.7937
-0.041892 0.0262173 17.7758
-0.042503 0.0305701 17.5568
-0.0354445 0.0515889 12.6984
-0.0368291 0.0202403 16.7232
-0.0110456 -0.00649818 11.8627
0.0584444 0.0477754 -16.7689
0.0103847 0.0471055 0.559002
-0.00292494 0.0132557 8.97133
0.0138313 0.0211827 1.6746
-0.0935012 0.010265 46.9757
-0.111349 -0.00864645 57.1078
-0.0471874 -0.0206791 28.4909
0.042547 -0.0384562 -11.6169
0.0258615 -0.0310037 -3.45169
-0.00632264 -0.0509617 15.3023
-0.0194119 -0.0614887 22.6284
-0.0175923 -0.0843104 24.7104
-0.0166077 -0.0566088 19.5064
0.353918 0.0179125 -214.459
-0.019663 -0.0778718 27.5756
-0.000432864 -0.0986341 15.5207
-0.00635881 -0.0250902 10.9269
-0.0600869 0.0383525 41.3799
0.0107056 -0.0654079 3.09608
0.0539218 -0.0413608 -31.3579
0.0297935 -0.0490139 -11.8147
-0.00323224 -0.0567713 14.6302
-0.0145451 -0.0428797 21.3931
-0.0109058 -0.0569191 20.9673
-0.0313517 -0.081891 41.2476
0.00364901 -0.0445606 6.00308
-0.00702854 -0.0108354 11.6791
-0.0165467 -0.0907239 30.6074
-0.00234171 -0.0203209 8.62439
0.0151344 -0.0632299 -2.04899
0.137967 -0.143304 -109.088
-0.0162699 -0.0180537 21.9346
0 0.178689 -15.2539
0.43382 -0.194798 -413.834
0.0166882 -0.835532 89.0658
0.000624753 0.0847034 -4.20707
-0.010165 -0.011756 15.6155
6.98372e-05 0.173766 -14.7386
0.165504 -0.0504434 38.6816
0.231668 -0.250072 -224.885
-0.0917121 0.240695 102.7
-0.212983 0.260973 244.944
0.0164424 0.344247 -43.1868
0 0 -1
-0.0352438 0.0177342 34.4964
-0.0522578 0.0144768 35.742
-0.101891 0.0227535 37.9807
-0.117136 0.0551066 33.4171
-0.0147635 -0.0267924 24.6236
-0.113626 -0.0286895 53.1054
-0.0715939 -0.0645245 50.8937
-0.0196168 0.0494254 10.2871
-0.0477857 0.0418981 17.1408
-0.0276559 0.0452541 11.6446
0.00209765 0.0872881 -0.725029
-0.0208021 0.119677 0.200797
-0.0131235 0.0679736 3.7877
0.10688 -0.0258813 -24.1819
0.0899868 0.0487411 -27.4841
-0.00278724 0.039509 6.40694
-0.0201899 0.0136625 16.0921
-0.0141994 0.00908551 15.4645
-0.0987928 0.00421681 49.6884
-0.0975048 0.00425789 49.2646
-0.0580283 0.0128891 29.458
0.01663 -0.025986 -0.732997
0.0136476 -0.0166701 0.125521
-0.0227612 -0.0351283 21.1813
-0.0425131 -0.0229245 29.5947
-0.00639222 -0.066194 15.5292
-0.017425 -0.0642061 21.9477
-0.0214044 -0.0374609 20.1478
0.0057155 -0.0682113 8.11891
-0.00116458 -0.0609022 12.3877
0.00664086 -0.0777415 17.1934
-0.113114 0.072375 74.2224
-0.00235996 -0.0374452 9.28303
0.00964297 -0.0284991 -0.425372
0.00885937 -0.0345323 1.06787
0.0126392 -0.0600273 1.84763
-0.0106772 -0.043985 18.5257
-0.00221297 -0.0262791 8.58879
-0.0109894 -0.0368256 18.3241
-0.00306807 -0.0160974 8.59897
-0.000916099 -0.0650019 13.0579
0.00458888 -0.160547 22.6854
-0.0609581 -0.0557765 68.6836
0.00471776 -0.0702192 8.78328
-0.0089271 -0.0127918 14.6007
-0.0165701 -0.050672 26.9886
-0.0478358 -0.0791837 64.7423
0.000921111 -0.0042344 2.41585
0.00503914 -0.0401463 4.74758
-0.00892046 -0.0129404 14.3508
-0.000215738 -0.195654 31.7304
0.295455 -0.229936 -87.7873
0.177447 -0.0471912 24.5444
0.145177 -0.372966 -108.132
1.10778 0.00524457 -1301.08
0.0175677 -0.291814 241.406
0 0.102836 -8.87007
-0.0600203 1.09214e-13 34.1046
-0.0564047 0.0664772 27.6419
-0.0582443 0.0557959 29.8501
-0.116388 0.0860381 29.6775
-0.115264 0.0785071 30.9852
-0.0411743 -0.0322787 28.6283
-0.107652 -0.0655871 56.9087
-0.0904358 -0.0320589 48.6475
-0.0727339 -0.0239668 43.9381
0.0114625 0.0579347 2.92663
-0.037153 0.112166 5.158
-0.00133139 0.11739 -4.41815
-0.0249653 0.12423 0.839302
-0.0564112 0.15767 5.12722
-0.0528547 0.119507 9.53752
-0.0156044 0.0499755 9.11341
-0.0285006 0.025389 17.5467
-0.0452785 0.00342846 27.2124
-0.00741478 -0.00746477 14.3471
-0.0809907 -0.0118704 44.4388
-0.0844036 0.000499605 44.006
-0.084249 0.0229474 39.9908
0.0031874 -0.00234581 2.64081
-0.00673671 0.0415844 0.575727
-0.0163685 -0.00187051 12.4843
-0.0474846 0.857958 -105.237
-0.0116393 -0.0118436 10.2423
-0.00491387 -0.0281019 8.89262
-0.00951256 -0.0331686 12.2947
0.00042433 -0.044165 7.80676
0.00667104 -0.0601664 6.39461
0.00766487 -0.0534152 4.82261
-0.0028014 -0.0314428 9.01713
0.00303343 -0.0237338 3.29182
0.100728 -0.010676 -70.5921
0.00763126 -0.0216115 -0.540641
0.00504639 0.04874 -10.5226
-0.00127468 -0.349901 56.0256
-0.00163601 0.0211078 -0.556314
0.0348793 -0.489376 45.5771
-0.00361509 -0.244894 41.4192
-0.00319323 -0.00795096 7.57324
0.00388303 -0.0257787 2.76736
-0.00414307 -0.0338261 12.1236
-0.0435965 -0.201645 74.1479
-0.00352578 -0.00791387 7.517
0.0159813 -0.290007 29.8064
0.0364742 -0.608362 59.0237
-0.0305169 0.158302 9.19966
-0.00481369 -0.0147844 10.2533
-0.063151 -0.536644 151.932
0.00105441 0.0278776 -4.27658
0.324268 0.166391 -178.642
0.427366 0.10173 -286.674
0.277344 -0.375 -239.168
0.0276141 -0.146779 210.212
0 -0.0198103 4.96303
0 -0.0198103 4.96303
-0.0600203 1.09214e-13 34.1046
-0.0524352 0.103463 21.4552
-0.0479129 0.114875 19.5849
-0.0858464 0.109042 23.1593
-0.0904304 0.0961442 24.9183
-0.084285 0.104747 21.6499
-0.076468 0.00767697 39.4777
-0.0854939 0.00527929 41.4956
-0.0766583 0.0136472 38.1186
-0.082509 0.0202489 38.1061
-0.0811908 0.048873 32.9549
-0.076469 0.115149 19.2718
-0.0804086 0.165855 9.29702
-0.0671658 0.0834556 20.8715
-0.077227 0.0739314 25.6291
-0.0389483 0.0239133 21.9101
-0.0439859 0.01267 25.2379
-0.0451083 -0.00844008 29.0632
-0.041468 -0.0047237 27.0894
-0.0501803 0.0262296 24.7648
-0.0604926 0.0359382 27.1748
0.00292527 0.149316 -22.4748
0.0346637 0.191443 -45.6995
-0.0261966 0.173702 -12.4592
0.00213437 0.0276885 -2.23809
-0.0554858 -0.0182249 43.7672
-0.0882173 0.00184634 58.5049
0.00335243 0.0143009 7.17389
0.0122956 0.029806 -1.03433
0.00881036 0.280919 -54.3793
0.00128417 0.295373 -52.4515
0.00747715 0.255728 -49.2004
-0.0778937 0.177984 24.2301
-0.0066332 0.024481 3.0699
-0.0384485 0.142018 3.66395
0.0135687 0.00470514 -9.18496
-0.0139681 -0.0214879 17.582
-0.0311752 0.0117093 24.6313
0.00613077 -0.00660867 -1.48236
-0.00593211 -0.0105024 10.5632
0.00733295 -0.0155798 -0.860652
-0.00466583 -0.00957691 8.48284
-0.00582185 -0.00993475 10.2933
0.00153925 -0.0082717 2.06387
-0.00400948 -0.00512807 6.90184
-0.00503356 -0.00734277 8.34448
-0.00685333 -0.0106027 11.6128
-0.00676251 -0.0126716 11.0678
-0.00801074 -0.0158083 13.3845
-0.00519125 -0.0111172 9.9054
-0.00661613 -0.0120101 11.6352
-0.00834775 -0.0114707 13.5003
-0.00633846 -0.0100325 10.8557
0.262818 0.0234896 -282.939
-0.00809333 -0.0111772 13.1665
-0.00921275 -0.0102792 14.3254
-0.00990747 -0.0105247 15.1983
-0.00815359 -0.0108056 13.1473
0.0105016 0.113866 -10.9963
-0.00273711 0.0975073 -7.24301
-0.065608 0.123015 18.9233
-0.115045 0.118408 23.124
-0.115617 0.1262 21.7066
-0.113414 0.106694 25.2813
-0.0758898 0.067912 28.0479
-0.0910838 0.0250085 38.5782
-0.0826194 0.039993 33.9128
-0.0562021 0.0459635 27.9048
-0.0934948 0.0814721 29.6941
-0.0888901 0.0893334 27.0553
-0.12221 0.0734776 38.1077
-0.0438454 -0.0313489 33.9774
-0.112898 -0.340733 117.627
-0.0128162 -0.0828934 32.2108
-0.0263329 -0.0114634 23.1328
0.00307018 0.00631465 7.62417
-0.0379268 0.00793371 23.2432
-0.0447602 0.0390481 19.3605
0.00195975 0.140138 -20.3367
0.0376604 0.221458 -52.7976
0.0145018 0.225452 -42.359
-0.0277603 0.262103 -28.9988
-0.0333556 0.285703 -31.5487
-0.0129721 0.259075 -36.1455
0.01296 0.21931 -42.3774
-0.0039218 0.125123 -11.6568
-0.0294247 0.132709 2.5346
-0.0280636 0.277481 -29.2648
-0.00817856 0.311947 -48.8784
-0.0434553 0.30849 -24.8851
-0.0263184 0.0689487 10.3161
-0.0116794 0.0544209 2.5057
-0.00926133 -0.000265373 10.1489
-0.0136376 0.0668497 0.129693
-0.021738 0.0053801 18.9217
-0.00552631 -0.0120333 10.7292
-0.0021545 -0.00480899 4.70686
0.00856238 0.0494695 -15.1397
-0.113745 -0.0494004 124.114
-0.106894 -0.155559 139.956
-0.0265232 -0.0294761 35.0119
0 0.57741 -115.485
0 0.446767 -87.6331
0 0.57741 -115.485
0.00199064 0.552693 -112.277
0.0703125 -0.269531 14.6133
0.0180027 -0.119118 38.8763
0 0.595393 -119.293
0 0.57741 -115.485
0 0.595393 -119.293
0 0.57741 -115.485
0.234546 0.0917277 -264.166
-0.0568679 -0.304695 149.956
0.00724664 -0.00251603 13.5793
-0.0565479 0.0974485 68.14
-0.0681601 0.165529 67.8404
0.0134372 0.134678 -15.628
0.0112855 0.16662 -23.2452
-0.0195689 0.145253 -17.0094
0.017509 0.194201 -29.3336
-0.0287181 0.227076 -33.1282
-0.0534851 0.208676 -25.9454
-0.0320344 0.298985 -50.0674
0.0214199 0.297268 -58.1768
0.0310612 0.25428 -49.4829
0.0280743 0.261427 -50.2036
0.00851285 0.22663 -38.4202
-0.00382221 0.252168 -41.8462
-0.00331638 0.227427 -36.0831
-0.0533567 0.162252 -6.64693
-0.00099657 0.266497 -45.453
-0.0386836 0.248734 -28.4153
-0.0232063 0.315175 -49.1745
-0.00333663 0.380265 -71.1705
0.00109475 0.373007 -71.2034
0.0122219 0.352514 -70.9335
0.0744122 0.278556 -81.8944
0.0563355 0.2908 -76.1845
0.0216337 0.282485 -57.8254
-0.0192973 0.25513 -31.4426
-0.0220231 0.274351 -34.2692
-0.0125571 0.261877 -37.0043
-0.0264318 0.238503 -23.9318
-0.00891306 0.196483 -24.5253
0.0138654 0.234291 -46.3871
0.0430335 0.25326 -69.0377
0.0426383 0.290586 -77.2114
0.0438614 0.2961 -79.5346
0.199572 -0.0820991 -87.3327
-0.0327975 0.0449822 20.0799
-0.0288475 0.0213305 22.0222
-0.0313247 -0.00465891 30.012
-0.0192868 0.015738 15.0186
-0.0211887 0.0154027 16.7025
-0.0149713 -0.00181654 15.6641
0.00236477 0.0167791 -2.82299
-0.00650641 -0.011189 11.4635
-0.0143988 -0.40619 122.116
-0.0627118 -0.411014 166.651
-0.0164694 0.0490426 21.7355
0 0.088776 -2.53269
0 0.103542 -5.89474
0.0154677 0.0722835 -14.333
-0.00535271 0.082232 4.40226
0 0.088776 -2.53269
0 0.088776 -2.53269
0 0.088776 -2.53269
0 0.088776 -2.53269
-0.00811053 0.0908474 6.22466
0.00348333 -0.132087 63.0305
0.324521 0.0185317 -357.338
-0.0735128 0.213962 71.1268
-0.0402765 0.0921167 50.1332
-0.0908416 0.0751512 115.388
0.0251874 0.190619 -28.9173
0.0261084 0.212354 -33.9683
0.019856 0.206516 -32.5681
-0.0223263 0.196053 -26.7424
-0.00421262 0.195264 -28.1595
-0.00891075 0.226873 -34.9389
0.0151515 0.254604 -45.2172
-0.00116019 0.261691 -45.7722
0.010551 0.236089 -41.1232
0.0193444 0.225952 -40.6371
0.0202782 0.26386 -50.6225
0.0186739 0.268948 -51.816
0.0168408 0.280895 -54.444
0.0158226 0.3111 -61.0685
0.0244244 0.321447 -65.5198
-0.0256265 0.322462 -48.8106
-0.0203173 0.351934 -57.5858
-0.0293343 0.325964 -47.9106
-0.00802366 0.282249 -45.0519
-0.00976156 0.276961 -44.05
0.0502911 0.280568 -71.1164
0.056336 0.300584 -78.642
0.0628357 0.310562 -84.1988
0.0758777 0.324511 -94.2693
-0.00294278 0.199459 -26.7749
-0.0251069 0.264512 -30.0601
-0.06988 0.199553 11.1809
-0.0238748 0.172965 -10.3001
0.0121105 0.177641 -32.9346
0.0570753 0.197818 -64.7235
0.0780142 0.25612 -92.9742
0.0981361 0.267181 -108.799
0.287616 -0.0650498 -153.366
0.119067 -0.0181176 -45.1853
0.122538 -0.0548202 -38.7859
-0.0756067 0.0259467 99.0762
-0.0480575 0.0148388 38.5882
0 0.0531124 -6.86265
0 0.0531124 -6.86265
0.0069491 0.0592661 -15.8527
-0.0314511 0.0364794 23.977
-0.0601132 0.0707834 40.1544
-0.00408576 -0.00981389 9.38553
-0.0166514 -0.00902247 20.7127
-0.0134261 0.041409 5.88195
-0.0122185 0.0368215 5.74616
0 0.003125 5.14922
0 0.003125 5.14922
0.0887205 -0.2103 -16.0025
0.010533 0.220251 -43.4287
0.0302742 0.24989 -72.0545
0.628594 0.124445 -705.341
0.867244 0.0208329 -954.75
-0.00414396 0.0632862 12.828
-0.00583051 0.0459437 19.1426
0.208352 -0.14203 -187.479
0.0509255 0.0783433 -57.3554
0.222753 0.0517481 -268.041
0.0246357 0.222364 -37.0752
0.0241769 0.210563 -33.9554
-0.0123259 0.229148 -36.3961
-0.0382547 0.188844 -24.3347
0.0165639 0.207146 -33.1378
0.0402173 0.166077 -25.186
0.0117051 0.229841 -39.1162
0.0557256 0.273982 -58.0473
0.0775512 0.688959 -170.529
0.0168149 0.228167 -40.334
-0.107932 0.107033 29.5661
-0.125979 0.13303 26.4619
-0.00967969 0.37469 -70.0948
0.0165008 0.358948 -72.6275
-0.012781 0.323608 -54.3357
-0.00807265 0.270209 -40.7939
-0.0401206 0.272919 -29.4748
-0.0479898 0.228841 -15.9445
-0.05332 0.204045 -7.47215
-0.0106123 0.271453 -42.5698
0.0404637 0.256901 -60.8298
0.0471637 0.266444 -65.0072
0.0238073 0.234085 -44.7751
0.025177 0.171179 -28.48
-0.0935658 0.0495879 67.3029
-0.129452 0.14942 58.6895
-0.12742 0.12886 62.5401
-0.0415057 0.172174 0.249467
0.0554161 0.182278 -60.8404
0.0751722 0.180099 -72.1262
0.542133 -0.156346 -299.033
0.109873 0.2305 -107.421
0.153469 0.185971 -125.753
0.174581 0.0542982 -104.687
0.158724 0.132494 -114.272
0.0712839 0.00844104 -4.43559
-0.094838 0.112343 62.4799
0.462139 0.0756122 -372.772
0 0.109205 -12.8408
0.00883298 0.223539 -51.2727
0.00890713 0.227094 -52.2975
0.0103945 0.234555 -55.6345
0.0135546 0.242444 -60.6321
0.0190342 0.248738 -67.4063
0.0234632 0.244216 -70.3578
0.0271001 0.22782 -69.3647
0.0223078 0.26614 -75.5161
0.0987907 0.00626356 -80.2809
0.0437299 -0.0111757 -17.191
0.217033 -1.2263 120.529
0.540084 0.0242276 -577.514
0.030916 -0.233697 54.9171
-0.0252099 0.064177 46.0135
-0.0029215 0.0105619 32.5923
-0.0102359 0.00335511 42.9607
-0.0230977 -0.00667305 61.073
0.235228 0.0791478 -282.099
-0.0109132 -0.0074189 15.3484
0.0429918 0.242413 -42.7658
0.0444781 0.248669 -44.6047
0.0341021 0.25062 -44.4457
0.281475 0.310221 -77.9888
0.099403 0.299142 -58.2063
0.0807301 0.267463 -46.752
0.0236208 0.0795932 16.5487
-0.051333 0.114849 17.3514
-0.0821494 0.146295 12.7387
-0.0606295 0.143037 9.52452
-0.0783555 0.195148 -2.99973
-0.0785146 0.517281 -98.3314
-0.0935333 0.53004 -98.3739
-0.0287195 0.377917 -65.1482
-0.0253416 0.282318 -38.354
-0.0258537 0.279169 -36.7061
-0.0669292 0.212649 -4.39696
-0.00708031 0.192739 -21.2155
0.00317776 0.201666 -27.1082
0.462484 0.236263 -224.846
0.0381212 0.226219 -50.3868
0.0372396 0.201091 -42.1361
0.0163318 0.165186 -21.693
0.0194964 0.138842 -16.6248
-0.0947257 0.0596466 64.6272
-0.119342 0.0551693 79.3612
-0.124196 0.0741622 76.3117
0.0249199 0.673106 -179.682
0.0492636 0.679682 -196.345
0.0619169 0.62277 -187.501
0.00151453 -0.0685979 59.1946
0.148354 0.179816 -120.318
0.137248 0.18609 -114.054
0.152168 0.182173 -123.936
0.16516 0.140869 -121.736
0.153996 0.129157 -110.012
0.127931 -0.0713702 -26.8775
-0.225052 0.368409 123.564
-0.00761785 0.298628 -55.9887
-0.0462253 0.0661571 73.5314
0.126701 -0.13409 -14.0875
0.262172 0.115132 -207.214
-0.0475478 0.0400105 85.5924
0.0187502 0.248482 -67.0637
0.0179445 0.242744 -64.6525
0.0197562 0.225571 -61.4788
0.0276397 0.198919 -61.6452
0.034497 0.103046 -40.7798
0.0392051 -0.00449458 -14.3672
0.0373116 -0.0194743 -8.03344
0.537195 0.0473123 -581.129
0.0487325 -0.0237535 -23.8169
0.0348357 0.102348 -44.4087
-0.0236629 -0.0212652 57.6641
0.0745595 0.284382 -142.966
0.0799718 0.290422 -152.301
0.0914214 0.112792 -116.532
0.0197564 0.146621 -38.5661
0.0560332 0.245237 -43.6476
0.0493713 0.230844 -38.9044
0.0440442 0.225172 -37.2413
-0.0437184 0.841694 -220.403
0.0170826 0.280118 -43.9501
0.0081732 0.250765 -33.7035
0.16046 0.0753142 -2.00842
-0.0492869 0.130765 12.147
-0.052483 0.25186 -24.7885
-0.0558967 0.189566 -5.85944
-0.0133501 0.336393 -58.7181
-0.00558348 0.123946 6.71796
-0.0563995 0.217442 -9.11733
-0.0476193 0.180302 0.487881
-0.0215314 0.310692 -48.0003
-0.0255419 0.276821 -36.4841
0.0107131 0.0269863 30.7355
0.00797667 0.201486 -29.9555
0.0397341 0.188909 -38.001
-0.0927534 0.0252035 77.1205
-0.0920742 0.0248493 76.8969
0.0249385 0.105269 -8.25816
-0.0276901 0.072556 26.9026
-0.0686304 0.0550195 52.1467
-0.126872 0.00606787 97.3957
-0.0908717 -0.00646721 81.6944
-0.0760025 0.0184479 65.5236
-0.0569452 0.00772656 57.8481
-0.0506585 0.0140504 52.1216
-0.0105332 -0.092721 74.9702
-0.0229628 -0.0726894 76.6818
0.080661 0.233718 -85.1635
0.319869 0.0200801 -192.919
0.19933 0.162747 -151.629
0.161231 0.18458 -131.022
0.146339 0.153749 -110.402
0.143853 0.192868 -121.084
-0.222258 0.364492 122.553
0.0192408 0.138922 -4.26711
0.0326743 0.0746055 3.0836
-0.00374172 -0.0272367 25.3964
-0.00374172 -0.0272367 25.3964
-0.0343908 0.0675893 65.1784
-0.000867077 -0.00783902 16.7159
0.00331622 0.00466757 8.77706
0.0328225 0.0451584 -32.3034
0.0233711 0.0889521 -36.3483
0.00708922 0.0816584 -17.6085
0.000884276 0.0764932 -9.603
3.6375e-05 0.0732549 -7.70898
0.00174873 0.0701625 -8.59283
0.00461472 0.0595534 -8.24203
0.00588845 0.0573984 -8.98646
0.0063905 0.0532047 -8.21968
0.0317371 0.279443 -91.1929
1.30078 0.164062 -1585.06
0.273287 -0.101823 -284.676
0.113576 -0.114657 -87.1978
-0.0210978 0.280753 -40.713
-0.0211269 0.280853 -40.7479
-0.0199067 0.278401 -39.9997
-0.0112349 0.268541 -37.3598
-0.0159077 0.265499 -34.971
-0.00521545 0.313392 -53.2939
0.0556485 0.541584 -138.08
0.0386153 0.516363 -126.84
0.000721467 0.405504 -83.1389
-0.124992 -0.0820403 101.334
-0.0760364 0.00543385 61.4295
-0.0543337 -0.0132603 63.22
0.214065 0.0208265 -21.8406
0.0114889 0.0968072 9.67089
-0.00498733 -0.0435914 69.3773
-0.781361 0.129252 252.661
0.0786565 0.120961 -41.922
0.111415 0.111035 -50.4948
0.121246 0.100879 -50.7231
0.107996 0.0800822 -38.1108
0.0656744 0.0602581 -12.9446
-0.00584375 0.0473002 24.1908
-0.0491729 0.0390898 47.5948
-0.101496 0.0229935 78.8213
-0.141834 -0.00426731 108.534
-0.0909919 -0.0285414 88.8019
-0.061999 -0.00890854 66.1752
-0.0476652 0.00263265 53.9898
-0.0396014 0.0118936 46.0492
-0.0367569 0.0145576 43.4044
-0.0117794 -0.237313 144.331
0.798985 -0.0550278 -505.977
0.801524 -0.0555986 -507.691
0.151682 0.222601 -136.203
0.183554 0.21947 -158.729
0.105703 0.23093 -104.47
0.0660135 0.231644 -74.4589
0.0959643 0.160102 -73.5167
0.000180169 -0.210531 87.3009
0.00018017 -0.210531 87.3009
0.000180172 -0.210531 87.3009
0.000180172 -0.210531 87.3009
-0.0222485 -0.0683373 107.84
0.00298071 -0.0991592 47.7401
0.00161361 -0.0754565 41.1284
-0.00779997 0.000884134 24.662
-0.00523871 0.0820283 -5.18096
-0.00196568 0.0802861 -7.89659
-0.00231393 0.0761975 -6.17027
-0.00231237 0.0732269 -5.19139
0.0042727 0.0594356 -7.82429
0.00399677 0.0589141 -7.34306
0.00338525 0.056794 -5.9435
0.186117 -0.108402 -160.448
-0.0980319 0.160167 77.3959
0.106311 -0.0830921 -73.061
0.0210382 -0.120625 42.4132
0.525329 -0.0843794 -586.606
-0.0205544 0.280646 -40.6827
-0.0203311 0.28042 -40.6091
-0.0205867 0.273752 -38.2119
-0.0270668 0.265092 -34.9537
-0.0110363 0.270131 -37.4133
0.0376348 0.348956 -69.254
-0.0476311 0.0914763 34.1527
0.0184587 0.118154 13.924
0.0148506 0.133417 9.53472
-0.0542315 -0.108796 94.982
-0.0387043 -0.075168 80.0984
-0.0290638 -0.045437 67.337
0.20187 -0.0174069 15.8529
-0.366473 -0.0360895 182.045
0 -0.110834 76.4509
-0.781475 0.129777 252.512
0.0995871 0.111519 -46.2373
0.0712423 0.207515 -69.0369
0.111197 0.105346 -48.3097
0.0932666 0.0802464 -31.9721
0.05356 0.0598953 -7.47836
-0.00109796 0.0450785 22.6408
-0.0542433 0.0538622 44.7949
-0.104888 0.0354075 76.1118
-0.0354212 -0.0188836 68.8602
-0.0773963 -0.0383043 84.7353
-0.0491504 -0.0160757 61.2252
-0.0363077 -0.000839257 48.4155
-0.0325664 0.00914653 42.651
-0.0332624 0.0133331 41.5994
0.00284061 -0.529047 235.38
0.00187335 -0.0355005 55.119
0.00188522 -0.0353549 55.0588
0.144074 0.263398 -143.817
0.128847 0.231409 -121.456
0.0813933 0.26388 -97.0412
0.0517815 0.249941 -69.2303
0.0650806 0.227868 -72.7568
1.00662 0.185386 -829.798
0.0040071 -0.460941 220.361
0.0040071 -0.460941 220.361
-0.000119349 0.0970743 -24.5153
-0.00193792 -0.077855 92.594
-0.000849234 0.059712 -9.98033
-0.00112091 0.0598159 -9.75799
-0.00155303 0.0601 -9.43996
-0.00199153 0.0605429 -9.16396
-0.00223888 0.0611253 -9.12544
0.0015415 0.0661308 -14.9503
0.00253034 0.0669789 -16.3108
0.00367039 0.0688388 -18.2102
0.00595214 0.0737165 -22.47
0.00857796 0.0824366 -28.5354
0.0147813 0.138234 -55.9441
0.0463721 0.170155 -105.091
0.0764345 -0.0378625 -67.34
0.0101273 0.186246 -68.2455
0.0366671 0.20525 -106.777
-0.0570532 0.115094 30.4544
-0.0576448 0.114774 30.6248
-0.0642803 0.114121 31.2173
-0.0806334 0.113119 32.7299
-0.10844 0.0812288 47.1086
-0.118405 0.0226484 68.8063
-0.0699965 -0.0135447 74.6821
0.045334 0.0975843 16.8342
0.0277549 0.148077 2.20587
-0.0201379 -0.0991037 84.4377
-0.0121502 -0.0827442 76.76
-0.00768176 -0.052742 64.6332
-0.00278965 -0.0507681 62.6477
0.000160832 -0.0488357 61.1144
0.00182838 -0.0469381 59.9151
0.00245942 -0.0450687 59.0228
0.00248749 -0.043327 58.3715
0.00207251 -0.0429317 58.3812
0.00126151 -0.041568 58.1934
0.000565343 -0.0386668 57.4053
-0.000412466 -0.0356783 56.7231
-0.00174985 -0.0327186 56.2357
-0.00359373 -0.0297966 56.0328
-0.00606583 -0.0286338 56.8347
-0.00995315 -0.0299669 59.3512
-0.00242844 -0.0343458 56.9414
0.00107886 -0.0354833 55.4056
0.00311268 -0.036664 54.6659
0.00399001 -0.03788 54.5934
0.00390559 -0.039123 55.1123
0.00311846 -0.0403849 56.0941
0.00228927 -0.0356586 54.8942
0.00201187 -0.0352815 54.9443
0.00201187 -0.0352815 54.9443
0.121609 0.281905 -133.707
0.0706812 0.275504 -93.0092
0.0487716 0.240728 -63.668
0.0388762 0.27179 -67.1104
-0.000527695 0.0995762 -25.0814
-0.000513033 0.0990746 -24.9086
-0.000390988 0.0980744 -24.6444
-0.00011236 0.0965885 -24.3416
-2.43616e-05 0.0782672 -17.6292
-0.0004909 0.0601752 -10.4891
-0.00099568 0.0598611 -9.89447
-0.0013883 0.0600842 -9.59623
-0.00174521 0.0604528 -9.3794
0.00146748 0.0657156 -14.7225
0.00176115 0.0656613 -15.0118
0.00292709 0.0666824 -16.6299
0.00550013 0.0686682 -20.1453
0.00917569 0.0733724 -25.9324
0.0135964 0.0812263 -33.7943
0.0993508 0.088097 -134.744
0.0491087 0.172195 -109.092
0.0532977 0.173587 -114.6
0.0477207 0.20987 -121.748
0.0406072 0.213578 -114.55
