0 2 1
2 3 3
3 4 3
4 5 3
5 6 3
6 7 1
7 8 3
8 9 3
9 10 3
10 12 3
12 13 3
13 14 3
14 15 1
15 16 2
16 18 0
18 20 3
20 21 3
21 22 3
22 23 3
23 25 0
25 26 3
26 27 3
27 86 3
29 86 3
29 30 3
30 32 0
32 33 3
33 34 3
34 35 3
35 36 3
36 38 3
38 39 3
39 40 2
40 41 2
41 42 3
42 43 3
43 44 0
44 45 3
45 46 3
46 47 3
47 48 3
48 49 3
49 50 3
50 51 3
51 226 3
53 226 3
53 54 3
54 55 3
55 56 3
56 57 3
32 89 1
22 81 0
23 81 0
30 89 2
36 95 3
40 98 0
43 101 0
38 95 3
41 98 0
10 69 3
12 69 3
27 142 0
18 76 3
18 77 3
20 77 3
20 78 3
6 65 3
21 78 3
25 82 0
7 65 0
15 74 0
23 82 0
16 74 3
36 94 3
39 98 3
30 88 0
94 95 3
38 96 3
44 101 3
47 223 3
48 223 3
12 70 3
76 77 3
88 204 3
42 100 2
3 61 3
4 61 2
10 68 3
69 70 3
25 83 3
26 83 3
35 94 3
39 96 3
43 100 0
44 102 3
56 114 3
8 65 0
68 69 3
29 88 0
88 89 1
41 99 3
41 100 3
47 105 3
53 111 3
57 114 3
0 58 2
2 58 0
2 61 3
8 66 0
13 70 3
14 72 3
21 79 3
22 79 3
26 84 3
99 100 3
100 101 3
101 102 3
45 102 3
45 103 3
46 104 3
46 105 3
49 107 3
50 108 3
111 226 3
54 112 3
55 113 3
58 61 1
9 68 3
13 71 3
82 83 1
83 84 3
84 142 0
27 84 3
32 90 3
33 90 3
98 99 1
103 104 3
105 223 3
107 223 3
107 108 3
51 108 3
111 112 3
112 113 3
56 113 3
6 63 3
65 66 3
16 76 0
77 78 3
22 80 3
96 97 3
39 97 3
102 103 3
60 61 1
5 63 3
63 65 3
70 71 3
14 71 3
78 195 0
78 79 3
79 80 3
86 144 0
34 90 3
104 105 3
4 63 3
71 72 3
81 82 0
95 96 3
51 224 3
224 226 3
15 131 0
80 81 3
86 142 0
86 145 0
86 88 0
89 90 2
113 114 3
8 68 3
72 131 3
79 195 0
34 149 3
74 131 3
88 145 3
90 149 3
58 60 3
66 68 1
108 224 3
61 63 3
63 121 2
60 117 3
61 121 3
74 132 3
16 132 3
34 150 3
35 150 3
63 122 3
76 132 3
144 145 3
58 116 3
61 118 0
61 119 3
65 122 3
68 125 0
35 151 3
58 117 3
60 118 3
66 125 3
143 144 3
204 205 3
94 151 3
97 98 3
68 127 0
149 150 3
97 156 3
99 157 3
100 157 2
101 158 3
169 226 3
111 169 3
141 142 3
150 151 3
98 156 3
100 158 3
125 127 3
126 127 3
76 133 3
83 142 0
142 144 3
94 152 3
125 126 3
132 133 3
151 152 3
94 153 3
95 153 3
169 224 3
112 170 3
69 127 0
71 130 3
72 130 3
81 139 0
82 139 3
83 141 0
96 153 3
111 170 3
116 117 3
65 123 3
66 123 3
96 154 3
97 154 3
158 159 3
113 170 3
113 172 3
114 172 3
66 124 3
70 128 3
88 205 3
101 159 3
102 161 3
103 161 3
105 163 3
122 123 3
71 128 3
76 134 3
77 136 3
78 136 3
79 138 3
80 138 3
89 149 2
102 159 3
102 160 3
104 162 3
163 223 3
123 124 3
124 125 3
133 134 3
77 134 3
89 204 2
153 154 3
157 158 3
159 160 3
160 161 3
161 162 3
162 163 3
108 223 3
121 122 3
142 143 3
89 205 2
152 153 3
98 157 1
169 170 3
136 195 0
148 205 3
118 119 3
119 121 3
127 128 3
69 128 3
71 187 3
141 143 3
117 118 3
128 187 3
130 131 3
134 136 1
82 141 3
223 224 3
170 228 3
113 228 3
131 132 3
130 187 3
154 156 3
156 157 3
89 148 2
224 227 3
169 227 3
139 198 3
82 198 3
172 228 3
138 139 2
80 139 2
141 198 3
148 149 3
163 222 3
222 223 3
117 175 3
128 186 3
153 210 3
116 175 3
148 206 3
152 210 3
119 178 3
132 189 3
172 229 3
121 178 3
187 302 0
131 189 3
143 145 3
149 207 3
157 215 3
228 229 3
123 179 2
125 184 3
126 184 3
132 191 3
133 191 3
138 195 1
138 197 0
149 206 3
150 207 3
156 215 3
158 215 3
160 218 3
161 218 3
122 179 0
123 181 3
124 182 3
134 193 3
136 193 0
136 194 0
179 181 3
128 185 3
145 205 3
159 218 3
163 221 3
127 185 3
189 191 3
141 201 3
206 207 3
150 208 3
156 214 3
159 217 3
161 219 3
162 221 3
119 177 3
121 179 3
123 182 3
143 201 3
207 208 3
214 215 3
162 219 3
116 174 3
118 175 3
177 178 3
127 184 3
185 186 3
194 195 0
139 197 0
151 210 3
153 211 3
154 212 3
158 216 3
158 217 3
118 177 3
125 182 3
186 187 3
211 212 3
156 212 3
217 218 3
218 219 3
162 220 3
169 228 3
181 182 3
184 185 3
186 302 0
189 247 3
133 192 3
134 192 3
193 194 3
198 201 2
216 217 3
220 221 3
221 222 3
178 179 3
182 184 3
130 189 3
210 211 3
172 463 3
174 175 3
192 193 3
223 280 3
224 280 3
191 192 3
227 228 3
182 183 0
183 184 1
195 197 0
197 198 0
145 261 3
224 510 3
227 510 3
187 189 3
151 208 3
222 280 3
229 463 2
189 249 3
195 196 0
196 197 0
205 206 3
212 271 3
156 271 3
189 246 3
191 249 3
143 261 3
215 216 3
175 234 3
118 234 3
179 238 3
181 238 3
246 247 3
201 261 3
212 270 3
205 261 3
214 271 3
201 257 3
261 262 3
270 271 3
217 275 3
177 234 3
184 243 0
198 257 3
205 263 3
219 220 3
185 243 0
206 263 3
151 267 3
201 258 3
215 273 3
228 285 1
177 235 3
218 277 3
219 277 3
221 280 3
227 285 1
238 239 3
181 239 3
187 246 3
208 267 3
210 267 3
192 250 3
193 250 3
201 259 1
214 273 3
216 275 3
218 333 3
228 287 3
229 287 3
246 302 0
207 266 3
217 333 3
333 334 3
221 278 3
234 235 2
178 235 2
258 259 2
201 260 1
208 266 3
216 273 3
275 333 3
220 278 3
178 236 3
179 236 3
247 249 1
259 260 0
260 261 0
216 274 3
277 333 3
280 337 3
174 232 3
175 233 3
235 236 2
182 240 2
183 240 1
183 243 2
183 242 1
242 243 0
194 250 2
206 264 3
207 264 3
210 268 3
211 269 3
214 272 3
272 273 3
221 337 3
280 510 3
228 286 1
287 463 0
232 233 3
233 234 3
181 240 1
196 255 3
257 258 3
205 262 3
267 268 3
268 269 3
269 270 3
271 272 3
219 278 3
285 286 3
286 287 2
236 238 3
192 249 3
262 263 3
266 267 3
273 274 3
263 264 3
264 266 3
278 337 3
239 240 1
195 311 0
274 275 3
285 510 0
240 242 2
186 243 0
195 252 0
196 311 0
277 278 3
252 311 3
235 292 3
242 299 2
302 303 3
264 323 3
266 323 3
240 299 2
197 257 0
273 332 3
243 302 3
250 309 0
250 252 0
194 252 3
197 256 0
256 257 3
252 309 2
196 256 0
271 329 3
252 310 3
255 256 3
274 332 3
249 307 0
249 250 3
272 329 3
234 292 3
255 311 3
257 315 3
270 329 3
256 315 3
246 303 0
247 306 3
274 333 3
277 334 3
247 305 3
249 306 0
261 319 3
262 321 3
263 321 3
232 290 3
246 304 3
246 305 3
306 307 3
250 307 0
255 370 3
260 319 2
262 319 3
266 324 3
270 328 3
233 290 3
236 294 3
303 304 3
256 370 3
267 324 3
269 328 3
332 333 3
280 572 3
510 572 3
233 291 3
235 294 2
239 297 3
243 301 3
304 305 3
259 317 2
260 317 1
264 322 3
267 325 3
268 326 3
277 335 3
287 345 3
234 291 3
236 295 3
238 295 3
240 297 2
316 317 3
321 322 3
322 323 3
323 324 3
324 325 3
325 326 3
269 326 3
278 335 3
285 343 2
345 463 0
294 295 3
309 310 3
257 316 3
258 316 3
260 318 1
269 327 3
327 328 3
273 331 3
331 332 3
334 335 3
343 517 0
286 343 0
286 345 2
290 291 3
318 319 3
326 327 3
328 329 3
272 330 3
272 331 3
343 510 0
238 296 3
239 296 3
297 299 3
329 330 3
330 331 3
286 344 0
305 306 3
370 371 3
343 572 0
344 345 3
291 292 3
295 296 3
242 358 2
243 358 3
306 422 3
256 371 3
335 337 3
337 394 3
343 344 2
299 358 3
301 358 3
301 302 3
315 316 3
317 318 3
302 360 3
310 311 3
258 317 3
301 360 3
310 368 1
262 378 3
321 378 3
297 357 3
337 572 3
292 351 2
296 297 3
299 357 3
315 374 3
316 374 3
235 351 3
337 625 3
294 351 2
303 361 3
305 422 3
333 449 1
335 392 3
572 625 3
294 352 3
297 356 1
356 357 0
302 361 3
309 367 1
309 368 1
319 378 3
334 392 3
351 352 2
296 354 3
250 366 2
309 366 1
335 394 3
290 348 2
291 348 2
295 352 3
295 354 3
307 366 1
367 368 3
329 388 3
330 388 3
335 393 3
304 362 3
305 362 3
306 365 3
323 381 3
345 403 3
291 349 2
291 350 1
307 365 3
324 381 3
325 383 3
326 383 3
331 389 3
392 393 3
344 403 3
292 350 1
297 354 3
360 361 3
321 379 3
322 380 3
324 382 3
324 383 3
326 385 3
327 385 3
327 386 3
328 386 3
330 389 3
332 389 3
344 517 0
344 402 3
403 463 0
348 349 2
301 359 3
311 370 3
379 380 3
380 381 3
381 382 3
329 386 3
332 390 3
393 394 3
517 572 3
402 517 0
358 359 3
310 370 3
382 383 3
333 390 3
333 392 3
402 403 3
359 360 3
310 427 1
378 379 3
389 390 3
392 449 1
352 354 3
319 434 3
388 389 3
394 625 3
303 362 3
372 374 3
385 386 3
354 356 1
390 449 3
349 350 1
315 371 3
350 351 0
317 374 3
383 385 3
386 388 3
310 485 3
370 485 3
427 485 0
318 374 3
357 415 1
357 358 3
305 421 2
365 422 3
383 442 3
403 461 0
461 463 3
352 411 1
352 412 1
354 412 1
362 421 3
421 422 3
365 423 3
385 443 3
386 443 3
386 445 3
388 445 3
351 410 1
352 410 1
356 413 3
359 417 3
378 434 1
385 442 3
403 517 0
411 412 3
358 417 3
315 372 3
318 434 3
378 436 3
350 410 3
368 426 3
371 372 3
434 436 0
462 463 3
348 406 2
422 423 3
367 426 3
372 430 1
461 462 3
349 406 0
393 451 3
461 517 3
410 411 3
360 418 3
361 418 3
366 424 3
382 441 3
383 441 3
389 447 3
392 451 3
350 408 3
356 412 3
356 472 3
357 416 3
358 416 3
307 424 1
310 426 1
443 444 3
386 444 3
390 448 3
408 410 3
413 472 3
356 415 3
362 420 3
371 429 1
371 430 1
388 446 3
388 447 3
394 451 3
361 362 3
371 485 3
379 437 3
380 438 3
381 439 3
382 440 3
446 447 3
390 447 3
417 418 3
361 420 3
420 421 3
423 424 1
309 425 3
367 425 0
426 427 2
429 430 3
374 434 3
378 437 3
437 438 3
438 439 3
439 440 3
441 442 3
442 443 3
451 625 3
412 413 3
425 426 1
440 441 3
448 449 3
416 417 3
485 487 1
315 373 3
436 437 3
445 446 3
447 448 3
406 408 1
349 408 2
415 472 3
309 424 1
429 485 0
372 373 3
374 491 1
434 491 1
411 469 0
417 475 1
425 484 3
426 484 0
429 487 3
442 500 3
418 420 3
441 500 3
443 500 3
307 423 3
444 445 3
406 465 2
408 465 0
372 491 1
424 425 0
434 493 3
436 493 3
436 552 2
408 467 3
410 467 3
493 552 3
458 517 0
410 468 3
451 509 3
461 572 3
411 468 3
444 502 3
392 509 3
467 468 3
434 492 0
445 502 3
572 632 3
461 632 3
411 470 2
412 470 3
413 470 3
427 484 0
441 499 3
499 500 3
445 503 3
461 518 1
461 519 1
492 493 1
392 508 3
406 464 3
491 492 0
437 552 2
502 503 3
446 503 3
449 508 3
518 632 0
462 519 1
464 465 1
437 495 3
443 501 3
444 501 3
446 504 3
448 506 3
509 625 3
413 471 3
418 475 1
418 476 3
420 478 3
429 488 3
430 488 3
495 552 3
438 495 3
438 496 3
439 496 3
440 498 3
447 504 3
447 506 3
470 471 3
415 416 0
415 474 0
416 474 1
417 474 1
372 489 1
551 552 3
439 498 3
440 499 3
503 504 3
468 469 0
471 472 3
472 473 3
415 473 3
474 475 0
493 551 3
439 497 3
500 501 3
504 506 3
449 506 3
421 478 3
423 480 3
425 483 3
483 484 3
495 496 3
497 498 3
501 502 3
508 625 3
421 479 3
480 481 3
487 488 3
496 497 3
498 499 3
478 479 3
421 480 3
422 480 3
475 476 3
479 480 3
424 483 2
372 490 1
473 474 0
420 476 3
489 490 3
490 491 3
408 524 2
484 485 3
465 524 2
467 524 3
476 478 3
423 483 3
372 488 1
484 543 1
503 562 3
518 519 3
465 522 2
465 523 2
469 470 3
471 530 3
472 530 3
478 535 0
480 483 3
489 547 3
523 524 3
372 547 1
501 559 3
504 562 3
506 564 3
469 527 3
473 530 3
485 543 1
506 562 2
467 526 3
468 527 3
476 534 3
476 535 0
478 537 3
502 559 3
562 564 3
508 509 3
464 522 1
468 526 3
474 531 2
372 546 1
546 547 3
491 549 3
492 549 1
467 525 3
473 531 2
484 541 1
495 553 2
502 561 3
470 529 3
471 529 3
534 535 2
480 538 3
483 541 1
487 545 3
488 545 3
503 561 3
449 564 3
518 577 3
481 538 3
499 558 2
500 558 2
559 561 3
561 562 3
577 632 0
524 525 3
470 527 2
479 538 3
483 538 3
490 549 3
552 553 3
495 554 2
496 554 2
500 559 3
519 577 3
526 527 3
479 537 3
483 540 1
490 547 3
499 557 2
462 577 1
525 526 3
475 534 3
537 538 3
490 548 3
498 557 2
557 558 3
474 532 0
478 536 1
538 540 1
540 541 3
541 543 3
548 549 3
492 550 3
493 550 2
562 563 3
563 564 3
529 530 3
475 532 2
535 536 1
536 537 0
549 550 0
553 554 3
558 559 3
527 529 3
547 548 3
497 555 3
508 564 3
530 531 3
531 532 3
550 551 3
554 555 3
496 555 3
498 556 2
522 523 3
498 555 3
532 591 3
488 546 3
475 591 1
536 538 0
538 539 1
555 556 3
556 557 3
462 633 3
539 540 3
559 617 3
572 628 3
534 591 1
534 592 1
545 546 3
561 618 3
625 628 3
628 632 3
546 604 2
559 618 3
591 592 3
535 592 1
561 619 3
538 596 1
539 596 3
543 602 2
485 602 1
487 602 0
618 619 3
532 590 2
536 595 1
545 602 2
545 603 2
545 604 2
555 557 3
562 620 3
523 581 3
529 586 2
541 599 0
541 600 0
543 600 2
543 601 2
550 609 3
551 609 3
522 581 3
538 595 1
600 601 3
602 603 3
552 610 3
553 610 3
561 620 3
632 634 1
577 633 0
527 586 2
590 591 3
599 600 3
547 604 3
548 607 3
549 607 3
554 612 3
619 620 3
564 623 3
524 581 3
595 596 3
601 602 3
551 610 3
563 620 3
508 623 3
522 580 3
524 582 2
524 583 2
525 583 2
526 583 2
529 587 1
529 588 1
530 588 1
531 588 1
535 593 1
536 593 1
536 594 1
603 604 3
548 606 3
558 616 3
617 618 3
580 581 3
583 584 3
527 583 2
527 584 2
586 587 1
540 598 0
548 605 3
550 608 3
553 612 3
555 613 3
557 613 3
557 614 3
557 615 3
616 617 3
564 622 3
577 634 3
582 583 3
587 588 3
531 590 3
539 598 0
541 598 0
605 606 3
606 607 3
550 607 1
613 614 3
557 616 3
633 634 1
581 582 1
593 594 3
598 599 3
607 608 3
609 610 3
553 611 3
554 613 3
614 615 3
592 593 1
594 595 3
604 605 3
547 605 3
615 616 3
584 586 3
531 589 1
589 590 0
611 612 3
608 609 3
610 611 3
612 613 3
586 643 1
563 622 3
622 623 3
584 643 1
450 508 3
588 589 3
450 623 3
596 654 0
539 654 0
539 655 0
598 655 3
583 642 1
583 641 1
584 642 1
586 644 2
641 642 3
643 644 3
654 655 3
620 622 3
450 622 3
595 653 0
595 654 0
607 666 2
608 666 3
601 659 3
609 668 3
610 668 3
590 648 1
592 650 2
600 659 3
603 660 3
605 663 3
609 666 3
450 620 1
589 648 3
591 650 2
593 650 0
594 652 0
594 653 0
602 660 3
581 639 3
581 640 3
582 640 0
583 640 0
653 654 3
604 663 3
606 664 3
607 665 3
616 674 1
617 675 1
640 641 1
587 644 3
598 656 3
599 657 3
600 657 3
601 660 3
607 664 3
665 666 3
609 667 3
611 668 3
674 675 3
639 640 3
591 648 2
655 656 3
598 657 3
600 658 3
603 662 3
663 664 3
666 667 3
618 676 1
450 625 3
580 638 3
642 643 3
587 645 3
588 645 3
588 647 3
589 647 3
648 649 1
591 649 1
649 650 3
593 652 0
604 662 3
667 668 3
611 669 3
612 669 3
613 671 3
614 672 1
615 673 1
615 674 1
617 676 1
619 676 1
644 645 3
593 651 0
656 657 3
658 659 3
659 660 3
662 663 3
664 665 0
612 670 3
612 671 3
671 672 0
672 673 3
619 733 1
632 633 3
638 639 3
588 704 3
652 653 3
657 658 3
660 662 3
669 670 3
670 671 3
673 674 1
620 733 1
668 669 3
676 733 3
632 692 1
633 692 1
643 701 3
644 701 3
647 704 3
647 648 3
675 676 3
628 692 1
645 704 3
650 651 2
651 652 3
659 717 3
652 711 3
653 711 3
649 707 0
649 708 0
650 708 2
628 633 3
660 717 3
662 718 3
668 726 3
660 718 3
662 719 3
667 726 3
450 733 1
642 700 3
654 711 3
654 712 3
655 712 3
663 721 3
664 722 3
669 727 3
639 697 3
648 705 3
648 706 2
707 708 3
658 716 3
718 719 3
667 725 3
668 727 3
640 697 3
643 700 3
644 702 3
647 705 3
651 708 3
657 716 3
663 722 3
665 722 1
675 733 3
705 706 3
648 707 2
656 714 3
656 715 3
657 715 3
659 716 3
725 726 3
628 750 1
638 696 3
640 698 1
641 698 2
701 702 3
651 709 3
655 714 3
662 721 3
721 722 3
665 723 1
666 724 3
671 729 3
672 730 1
673 731 1
674 732 3
675 732 3
696 697 3
697 698 1
641 699 3
645 703 3
652 709 3
715 716 3
722 723 3
723 724 3
667 724 3
670 729 3
729 730 3
730 731 3
731 732 3
624 625 3
700 701 3
703 704 3
706 707 3
711 712 3
724 725 3
726 727 3
732 733 3
624 628 3
698 699 2
642 699 3
644 703 3
708 709 3
712 714 3
717 718 3
670 727 3
699 700 3
702 703 3
670 728 3
714 715 3
716 717 3
727 728 3
728 729 3
711 768 3
719 721 3
704 705 3
709 711 3
709 768 3
733 790 3
714 772 3
732 790 3
450 624 3
701 758 3
725 783 3
709 767 3
712 769 3
715 772 3
767 768 3
711 769 3
712 772 3
719 778 3
721 778 3
715 773 3
716 773 3
716 774 3
717 774 3
726 785 3
727 785 3
698 756 1
706 764 3
707 764 3
707 766 3
724 783 3
726 784 3
699 756 3
700 758 3
702 760 3
703 760 3
703 761 3
704 762 2
705 762 3
706 763 3
708 766 3
708 767 3
725 784 3
696 754 1
697 755 1
697 756 1
699 757 3
701 760 3
703 762 2
705 763 3
768 769 3
712 771 1
771 772 0
721 779 3
722 780 3
723 781 1
724 782 3
728 787 3
729 787 3
730 788 3
731 789 3
754 755 3
755 756 3
700 757 3
773 774 3
717 775 3
778 779 3
779 780 3
780 781 0
781 782 1
782 783 3
783 784 3
787 788 0
788 789 3
732 789 3
760 761 3
761 762 3
764 766 3
766 767 3
772 773 3
718 775 3
728 785 3
756 757 3
762 763 3
774 775 3
784 785 3
566 790 1
566 733 1
626 628 3
757 758 3
763 764 3
626 633 3
758 760 3
758 818 2
760 818 2
450 566 3
719 835 3
789 790 3
719 775 3
778 835 3
785 787 3
775 834 3
719 834 3
769 771 2
772 831 3
834 835 3
785 844 3
787 844 3
757 816 2
758 816 3
767 825 0
768 825 2
760 819 2
766 823 3
761 819 3
764 823 3
772 829 2
450 630 3
771 829 0
773 831 3
624 630 3
818 819 3
766 824 3
767 824 3
769 827 3
771 828 3
774 832 3
763 821 3
823 824 3
769 828 2
775 832 3
784 843 3
785 843 3
843 844 3
756 814 3
757 814 3
764 822 3
768 827 3
773 832 3
835 836 1
778 836 1
782 840 3
782 841 3
783 841 3
788 846 1
754 812 3
755 813 3
755 814 3
817 818 3
762 819 3
762 820 3
764 821 3
822 823 3
775 833 3
778 837 3
779 837 3
780 838 3
781 839 1
784 842 3
787 845 3
789 846 1
789 847 3
790 847 3
812 813 3
813 814 3
758 817 2
829 831 2
832 833 3
836 837 0
837 838 0
838 839 3
839 840 1
783 842 3
845 846 1
819 820 3
762 821 3
821 822 3
824 825 0
827 828 2
833 834 3
840 841 3
841 842 3
842 843 3
846 847 0
814 816 3
820 821 3
816 817 3
844 845 3
828 829 0
624 626 3
831 832 3
566 847 1
566 630 3
768 884 2
825 884 1
827 884 2
829 888 1
831 888 3
847 905 1
816 872 3
566 905 1
825 883 1
835 893 3
836 893 0
814 872 2
818 876 3
819 876 3
819 877 3
824 883 3
834 893 3
813 871 2
814 871 2
820 877 3
821 880 3
827 885 3
829 887 1
844 903 3
845 903 3
820 878 3
822 880 3
884 885 0
828 885 2
828 887 1
831 889 3
834 892 3
876 877 3
821 878 3
832 889 3
833 892 3
812 871 2
816 874 3
817 874 3
817 876 3
836 894 2
839 897 1
840 899 3
841 899 3
812 870 2
817 875 2
875 876 2
877 878 3
828 886 1
887 888 3
832 891 3
833 891 3
837 894 3
837 895 3
837 896 3
838 896 1
839 896 1
840 897 3
842 900 3
846 904 2
846 905 2
870 871 3
821 879 3
823 880 3
823 881 3
885 886 1
886 887 3
892 893 3
894 895 3
895 896 3
899 900 3
843 900 3
845 904 3
871 872 3
879 880 3
824 881 3
888 889 3
896 897 3
843 901 3
872 873 3
816 873 3
880 881 3
883 884 3
893 894 1
844 901 3
904 905 3
905 963 3
566 963 1
873 874 3
878 879 3
881 883 3
897 899 3
900 901 3
889 891 0
891 892 3
903 904 3
901 903 3
899 956 3
874 875 1
897 956 3
883 940 3
881 940 3
885 943 1
889 948 3
891 948 1
891 949 1
892 949 1
878 936 3
879 936 3
887 945 3
897 955 3
900 959 3
901 959 3
903 962 3
888 945 3
888 947 3
889 947 3
955 956 3
904 962 3
871 930 3
872 930 3
875 933 2
877 936 3
879 937 3
884 942 3
884 943 2
892 950 1
893 951 1
894 951 3
895 953 3
896 955 3
873 930 3
876 933 2
876 935 3
877 935 3
936 937 3
880 937 3
880 938 3
881 938 3
881 939 3
883 942 3
886 943 2
886 944 3
888 946 3
893 950 1
901 960 3
903 960 3
870 928 3
871 929 3
873 931 3
873 875 1
876 934 3
883 941 3
942 943 2
887 944 3
946 947 3
947 948 3
896 954 0
899 957 0
900 958 3
928 929 3
929 930 3
875 931 0
934 935 3
940 941 3
941 942 3
943 944 2
944 945 3
949 950 3
950 951 3
894 953 3
953 954 0
954 955 1
956 957 0
957 958 1
958 959 3
959 960 3
875 932 0
935 936 3
937 938 3
938 939 3
939 940 3
945 946 3
894 1010 3
904 963 3
930 931 3
932 933 3
948 949 3
951 1010 3
960 962 3
931 932 3
953 1010 3
963 1020 3
933 934 3
962 963 3
566 1020 1
960 1019 3
962 1019 3
931 989 3
962 1020 3
930 988 3
944 1002 3
945 1002 3
959 1017 3
945 1004 3
946 1004 3
958 1017 3
566 1024 1
630 1027 1
933 991 3
934 992 3
945 1003 3
951 1009 3
929 988 3
932 989 3
932 990 3
932 991 3
935 992 3
936 994 3
950 1009 3
928 986 3
929 987 3
933 992 3
935 993 3
935 994 3
937 995 3
938 996 3
939 997 3
940 998 3
941 999 3
942 1000 3
943 1001 0
1002 1003 3
1003 1004 3
947 1004 3
947 1005 3
948 1006 3
949 1007 3
950 1008 3
953 1011 3
954 1012 1
955 1013 3
956 1014 3
957 1015 1
958 1016 3
960 1017 3
960 1018 3
986 987 3
987 988 3
930 989 3
992 993 3
994 995 3
995 996 3
996 997 3
997 998 3
998 999 3
999 1000 3
1000 1001 3
1001 1002 1
1004 1005 3
1005 1006 3
1006 1007 3
1007 1008 3
1008 1009 3
1009 1010 3
1010 1011 3
1011 1012 3
1012 1013 3
1013 1014 3
1014 1015 3
1015 1016 3
1016 1017 3
1017 1018 3
1018 1019 3
630 1024 1
988 989 3
989 990 3
990 991 3
991 992 3
993 994 3
1019 1020 3
