-0.0569455 -0.912923 31.8376
-0.0287748 -0.0572553 22.8484
-0.0560531 0.00497756 23.534
-0.0363914 0.00407305 22.793
-0.0450122 0.0360028 21.9835
-0.0288557 -0.0219562 21.003
-0.0298602 -0.0704454 23.0538
-0.0165796 -0.122437 26.077
-0.0226942 -0.0466604 25.9285
-0.0603951 0.00868562 33.1024
-0.0989771 0.0339184 41.4136
-0.0943737 0.0244286 40.2262
-0.0797723 0.057813 35.6383
-0.018709 -0.0205609 21.0691
0.0333838 0.00654724 4.02003
-0.211705 0.44331 82.4161
0.0977945 -0.00493669 -22.539
0.0860504 0.0163122 -23.7419
0.118827 -0.00618264 -36.0963
0.164808 -0.0125392 -54.9455
0.138636 -0.0525038 -42.6762
0.116129 -0.0902422 -32.2795
0.0936278 -0.130346 -20.9103
0.0798005 -0.135709 -14.0507
-0.0109843 0.0228422 21.1978
-0.0196785 0.024657 25.796
-0.0178699 0.0312435 24.5906
0.0325318 0.0467619 -5.02643
0.042024 0.00939193 -9.86882
-0.0116512 -0.0027433 24.4695
-0.0685644 -0.123734 63.081
-0.120603 -0.0612485 96.1898
-0.0187563 -0.12653 21.9643
-0.0166316 -0.132959 20.6247
-0.0100341 -0.108275 15.4601
-0.0326211 -0.10185 32.6386
-0.0545345 -0.131685 50.2805
-0.0491853 -0.114177 45.4325
-0.0205689 -0.0734617 21.581
0.015246 -0.0532291 -9.44809
0.500599 -0.310991 -425.76
-0.00643997 -0.123637 18.3853
0.0557715 -0.275005 -35.6227
0.0529043 -0.18757 -32.8452
0.00566208 0.0055293 0.5019
-0.0067342 -0.00176903 12.2118
-0.00448365 0.00807304 9.7647
0.013599 -0.0256728 -8.05077
0.035992 -0.0563314 -30.4718
-0.0181426 -0.08663 27.8294
-0.0309408 -0.0564691 40.9946
-0.0149574 -0.0394903 23.007
0.00112758 -0.0232172 3.69026
0.0152005 -0.0206872 -11.5217
0.0233164 -0.0161807 -21.0328
0.0311542 -0.0110827 -30.3856
0.0364682 -0.00898065 -36.8036
0.0372596 -0.00824744 -37.7706
-0.0592457 0.0413058 11.3383
-0.0581323 0.0581826 10.5726
-0.0289547 0.0699828 8.33523
0.0172711 -0.134317 21.044
0.0239343 -0.197867 22.8819
-0.00795147 -0.0160772 19.5029
0.0178238 0.0369193 15.3179
-0.0506786 -0.0341617 25.0588
-0.0314264 -0.0353341 21.5114
-0.0444263 -0.00705798 22.7254
-0.0466677 -0.00843809 30.3911
-0.0929924 -0.00852235 40.8748
-0.0637845 -0.00924081 33.1647
-0.0377084 -0.0520092 27.1414
-0.0274655 -0.0374744 23.5517
-0.0672439 -0.0675129 38.0667
0.0175068 -0.0222075 5.73968
0.00602075 -0.00508627 8.2293
0.0447521 -0.00364789 -6.97378
0.128034 -0.0299133 -39.1335
0.0908272 -0.0403017 -22.3367
0.0739154 -0.116304 -12.1788
-0.00270283 -0.136503 25.1175
0.0149156 0.0312437 10.1047
-0.135735 0.0287907 79.3296
-0.0188804 0.0239268 25.3303
-0.0139825 0.0305498 22.3161
0.0211765 0.0176275 2.54234
0.0470684 0.00437772 -12.9255
-0.138828 0.0252493 103.576
-0.0206756 -0.0451798 18.4922
-0.0202727 -0.312544 32.0452
-0.0538148 -0.128748 47.1882
-0.00712637 -0.0965322 12.3891
-0.00431989 -0.121361 11.5749
0.00181027 -0.0856066 5.21805
-0.0455337 -0.0748582 41.4849
-0.045334 -0.087103 41.5272
-0.00379004 -0.0535687 6.64952
0.025306 -0.0208666 -18.7071
0.0278854 -0.0306869 -20.614
-0.0330597 -0.076861 41.2927
-0.0857589 -0.0278127 87.8424
-0.0362556 0.0416031 38.4612
0.000881024 0.00789527 4.37149
-1.87151e-05 0.0036772 5.48742
-0.00403013 0.0021693 9.50908
-0.00578186 -0.00725368 11.5444
0.005576 -0.0921525 4.08016
-0.00814134 -0.0622783 16.4355
-0.0090076 -0.0427889 16.6032
-0.00206843 -0.0852545 12.0849
0.00438013 -0.0890943 4.91196
0.0203283 -0.021836 -17.4211
0.0288246 -0.0158435 -27.5168
0.0365969 -0.0100746 -36.9356
0.0370282 -0.00928351 -37.4411
0.0109688 -0.0240378 -6.2231
-0.0385227 0.0326966 11.6731
-0.0470568 0.0463212 10.9176
0.015366 0.00435 10.4849
-0.000312855 -0.143331 21.5098
0.0215709 -0.176031 21.4877
0.0312128 -0.208536 22.5867
-0.0352873 -0.0135736 22.5613
-0.0300528 -0.0976579 24.2899
-0.0160639 -0.0439634 19.5232
-0.0142749 -0.0401165 18.3
-0.00314075 -0.044364 15.4618
-0.0128811 -0.0522009 18.4019
-0.0154933 -0.0948867 22.8131
-0.014296 -0.0963682 22.8235
-0.0499958 -0.0685003 32.3976
-0.0477709 -0.0422461 29.7488
-0.0189325 -0.0434972 19.7933
-0.00230255 -0.0309928 11.9652
0.0239264 -0.0627386 3.85932
0.149955 -0.0228524 -48.1472
0.0958114 0.00224178 -25.5665
0.0682383 -0.0962652 -10.511
0.0199899 -0.132579 14.7398
-0.227621 0.0120481 128.337
-0.226355 0.0265517 127.683
-0.0878684 0.0241932 52.3209
-0.0107112 0.0301041 6.7812
-0.0115792 0.0304207 7.39577
-8.99068e-05 0.0221491 1.10761
-0.000810171 -0.00126523 2.98982
-0.0279302 -0.0138785 21.1348
-0.019766 -0.0575292 18.7549
-0.00279806 -0.0364696 5.57839
-0.00366622 -0.0841484 9.34998
0.00141233 -0.0878845 6.11618
-0.00952908 -0.0566429 12.7025
-0.0170476 -0.0458186 17.8069
-0.0209287 -0.0344195 20.1025
0.013468 -0.0120926 -9.34812
0.0386193 -0.0215133 -29.6831
0.0432617 -0.0154761 -34.4818
0.106696 -0.0984034 -83.6946
-0.0432527 -0.0131647 48.3671
-0.0376993 0.0208 40.8952
-0.0114071 0.010819 15.8319
-0.000219804 0.00655406 5.65147
0.000242098 -0.0132336 6.06309
-0.0139013 -0.0113187 20.2725
-0.0180234 -0.0119268 24.2883
-0.00763666 -0.0249895 13.9605
-0.0259233 -0.046216 35.669
-0.0658955 -0.0766005 82.3735
0.00366456 -0.0199929 0.613091
0.0185725 -0.0205638 -15.4767
0.0296595 -0.0155246 -28.5419
0.013658 -0.0268686 -9.58367
0.0317573 -0.0222384 -30.2781
0.00387388 -0.046641 3.25183
-0.0402702 0.0182062 12.3862
-0.0415795 0.02584 12.0888
-0.0381207 0.0241408 11.8999
-0.0486185 -0.0740562 20.2779
0.00637894 -0.202748 24.3509
0.00974373 -0.238348 26.1251
0.00726646 -0.205875 23.3402
0.0464041 -0.182179 16.0581
0.0164945 -0.0844391 15.2388
-0.0123324 -0.399362 40.6336
-0.0154135 -0.0252747 17.9997
-0.00908277 -0.0595759 18.3105
-0.0249187 0.00364593 17.2073
-0.0253832 -0.064247 23.661
-0.0452118 -0.0914411 31.5513
-0.0248263 -0.0633289 22.8988
0.00574391 -0.0466083 11.0613
-0.0223987 -0.0163496 18.9731
-0.027809 -0.0103108 20.248
-0.0341686 -0.0359431 24.7744
0.0341572 -0.0806538 -0.757711
1.86995 -0.0391785 -843.865
0.0559582 -0.235603 5.49498
0.328833 -0.0452715 -154.891
-0.153255 0.000338712 90.1839
-0.020894 -0.000987114 16.6763
-0.0282362 0.0527579 15.5687
-0.0359875 0.0190073 23.4747
0.0220936 0.0573714 -13.9198
0.000349954 0.0434577 0.406724
0.0125936 -0.0291978 -3.89612
-0.027622 -0.0230964 21.9626
-0.00174306 -0.0190824 3.6738
0.00838349 -0.026489 -3.06651
0.0129216 -0.0271368 -6.27984
-0.00778346 -0.0254117 9.41149
-0.0134439 -0.0150029 13.1039
-0.00530719 -0.00138492 5.66696
0.0221392 0.00447129 -17.4788
0.0321106 0.0109143 -26.2323
0.0430701 0.000642881 -35.1433
0.0972211 -0.0647164 -77.6705
0.0519587 -0.0647014 -35.961
-0.0185154 -0.0505067 27.5714
0.0096963 -0.0372887 -0.729627
-0.00809967 -0.0150664 15.0367
-0.0153815 -0.021043 22.4865
-0.0170329 -0.0278655 24.9228
-0.0217415 -0.0215583 28.9821
-0.00564874 -0.028377 12.2761
0.000950016 -0.030419 4.89071
-0.00478794 -0.0225484 10.6258
0.00606107 -0.0254885 -0.984364
0.014642 -0.0235053 -10.9417
0.0495513 0.00649741 -53.3875
0.0469592 0.0517423 -53.1317
0.123569 0.0572068 -143.897
0.117777 0.0487896 -136.206
-0.0466986 0.0343172 11.1223
-0.05073 0.00935787 13.9761
-0.0391049 0.00214492 13.9354
-0.318018 -0.052707 37.9312
0.0142803 -0.149243 17.5306
0.00547594 -0.0815244 11.6404
0.0424483 -0.113078 9.32971
0.0587475 -0.0950899 5.05725
-0.178121 -0.28925 68.0963
0.223445 0.00430692 -36.9114
0.0839622 -0.336079 21.8541
-0.0155156 -0.0110381 7.28558
0.0192164 -0.00833014 -2.18846
-0.0455834 -0.0604138 29.3794
-0.0561577 -0.108811 37.2434
-0.0562591 -0.047164 30.0991
-0.0794711 -0.0599175 45.2983
-0.0390596 -0.0151605 25.6907
-0.0217472 0.036989 14.4297
-0.0146478 -0.010221 9.82152
0.0494547 -0.116737 -6.06803
0.118981 -0.206528 -27.3482
0.0692636 -0.124549 -10.0513
0.0128611 -0.153677 15.8704
-0.0105961 -0.0805858 18.9253
-0.0300075 -0.0660941 27.9714
-0.00369413 -0.0222899 9.24621
0.386895 -0.055796 -214.12
0.048138 -0.485545 25.7642
-0.0242767 0.00433284 18.4215
-0.0341467 -0.011156 25.2329
-0.0149391 -0.00427086 11.7679
0.00402016 0.0197139 -3.47386
0.00546132 0.0175464 -4.33784
0.00282253 0.0119442 -1.79508
-0.00870422 -0.00712058 8.63295
0.00652611 -0.00418859 -3.29057
-0.00630468 -0.00369936 6.89415
0.0225201 -0.0203445 -15.2389
0.0148954 -0.00356181 -10.1539
0.0208999 -0.0273253 -13.2337
0.0423898 -0.0651053 -28.2914
0.0444184 -0.0906248 -27.2865
0.0315452 -0.063361 -17.2046
0.00770242 -0.0453278 0.505669
0.0158793 -0.0565593 -5.43726
-0.0039569 -0.0376248 12.5098
-0.0141207 -0.0178686 20.6548
-0.0023885 -0.0156137 7.57367
-0.0104365 -0.0214556 16.3997
0.0417242 0.458554 -82.4721
-0.00518929 -0.0222192 11.015
0.00281397 -0.0165065 1.50848
-0.224052 0.0810385 266.684
-0.288673 0.139834 336.837
0.0746837 0.0678992 -87.2641
0.112614 0.0402998 -129.046
0.100546 0.0208236 -112.459
-0.0741645 0.0150111 13.654
-0.078001 -0.0249653 18.3888
-0.0747662 -0.000210869 15.9676
-0.456822 -0.0558283 49.6171
-0.00950296 -0.049577 9.8803
0.00214279 -0.0462264 8.30301
0.0297205 -0.0535777 5.37006
0.0027047 -0.047437 9.77124
-0.0232364 -0.00913285 9.00669
0.00905232 -0.0310647 4.65135
0.000438496 0.014027 0.37355
-0.00214358 0.00889903 1.60706
0.00486071 0.0107351 -0.585408
0.0447587 -0.0119009 -8.83789
0.0512778 -0.0898561 -0.385026
-0.0507456 -0.0621153 29.811
-0.0768976 -0.0134462 31.9419
-0.0470444 0.0184505 17.1374
0.0176506 0.0290111 -0.491635
-0.00247888 -0.00171677 3.59363
0.0161456 -0.018242 -2.554
0.0283344 -0.0673838 -2.26364
-0.179246 -0.965173 204.378
0.0498855 -0.101498 -8.65692
0.0779092 0.108061 -47.2213
0.00846922 -0.0450177 3.60147
0.0256885 -0.0584287 -4.45044
0.0422057 -0.0635469 -12.6388
0.0409154 -0.0298826 -16.356
-0.0526003 0.0122578 35.525
0 0 -1
-0.000101608 0.00522302 0.942014
0.00833177 0.0130733 -5.49284
-0.00723907 0.0147325 5.34865
-0.00814278 0.00924991 6.51934
-0.00362745 0.00328262 3.72658
0.00152366 -0.000438775 0.268534
-0.00797279 -0.00380582 8.18814
0.0013511 -0.0132616 1.5611
0.0165528 -0.0171288 -10.6865
0.0287456 -0.0164489 -21.1084
0.0215714 -0.0265136 -13.6567
0.0261283 -0.0221458 -18.6532
0.0063305 -0.0486348 3.12297
0.0434772 -0.0160096 -37.4538
0.0036329 -0.0363241 4.73034
-0.0133741 -0.0341457 21.4821
-0.00345592 -0.019194 9.47091
-0.00780847 -0.0260354 14.613
-0.00238929 -0.0214467 7.86759
-0.00499389 -0.0218566 10.6829
-0.0055848 0.0732359 1.83397
0 0.0495987 -1.86832
-0.443704 -0.349449 567.657
0.0950046 0.0235311 -105.16
0.0843434 0.085355 -99.8274
0.0682222 0.0117866 -71.8527
0.0723288 0.00121586 -75.6137
-0.0762131 0.476 -45.4981
-0.344063 0.511805 -43.2375
-0.0590781 -0.0222871 27.439
-0.436826 -0.0438545 46.3053
0.00896352 -0.0118625 3.52933
-0.00724395 0.0204464 1.35245
0.0103716 -0.0294186 5.50978
-0.0444809 0.025795 17.6402
-0.026138 -0.00346015 19.032
-0.0200246 0.0132817 5.39697
0.00399898 0.0222604 -1.33119
0.00278855 0.0260253 -1.87547
0.0069811 0.0275676 -3.15074
0.0142177 0.0280969 -5.02419
0.0107766 0.00641343 -0.993824
-0.0260846 0.00310112 12.4632
-0.0380331 0.0110366 15.2395
-0.0326051 0.0129015 13.2069
0.0348267 -0.0569882 4.43357
-0.013581 -0.0124565 21.4748
-0.0024756 -0.00470039 15.3916
-0.00569029 -0.0161583 8.0361
0.00819373 -0.0321243 2.78928
-0.00431368 -0.0250062 7.84018
0.0105807 -0.0332071 0.94775
0.00687502 -0.0366456 3.42599
0.0570994 -0.00656998 -28.8146
-0.156279 0.024246 94.9043
0.0484019 0.154012 -45.7876
-0.121732 0.0450357 76.0998
-0.0231515 -0.00258213 17.1763
0.0112253 -0.0054791 -5.23708
0.00194806 -0.00297665 0.965115
-0.00404912 0.00735366 3.78386
-0.00684268 0.00785747 5.84702
-8.88921e-05 0.0242758 -1.64232
-0.0213817 0.0269532 14.7329
-0.0172946 0.0167379 12.9509
-0.000495963 -0.00205932 1.73522
0 0 -1
0.0170142 -0.0140816 -11.2539
0.010851 -0.0110555 -6.01971
0.0556779 0.0110207 -49.8138
0.0628852 0.00304411 -54.4979
0.0135206 -0.00563924 -10.357
0.000464825 -0.0325541 7.93554
-0.00614187 -0.0153044 11.3062
0.0780953 -0.0282076 -72.7192
0.0331567 -0.080241 -20.9818
-0.00913815 -0.0211855 15.1275
-0.0259972 -0.0860691 43.0248
0.0063908 -0.0276018 -0.580733
0.00200014 -0.023613 3.54472
0.0188802 -0.024551 -14.8777
0.111558 0.0316763 -125.725
0.100005 0.0522339 -114.622
0.0584034 0.00882145 -59.5275
0.0663789 0.00597831 -68.8818
-0.298641 -0.444878 95.7254
0.121623 -0.105563 26.8181
-0.085091 -0.0276996 29.43
-0.0335944 -0.0423706 27.4982
-0.0482712 -0.0350829 28.3349
-0.0768546 -0.123662 45.6471
-0.0607336 -0.0426587 31.5243
-0.0414337 -0.0136698 23.5901
-0.051358 -0.00304813 23.7305
-0.0645557 0.00510867 24.8522
-0.0276562 0.0383661 3.73278
-0.00613131 0.0388455 -1.15309
0.00222704 0.0614954 -6.97418
0.0207474 0.100486 -18.2535
-0.0323032 0.0714269 2.81225
-0.0189539 0.0849681 -2.04973
-0.0353956 0.0261895 11.3356
-0.0157845 0.0381688 2.17951
0.119493 -0.0667904 -28.2347
-0.0486789 0.0269061 18.8838
-0.00909529 -0.00828506 18.6879
-0.738988 0.0476507 339.404
-0.0922823 0.00402302 60.508
-0.0678694 0.0102808 46.9075
-0.10869 0.0283424 65.089
-0.239172 0.728012 20.9203
0.0730469 0.0628906 -46.9836
0.00713601 0.0186636 9.22975
0.0400038 0.0293881 -23.5635
-0.108906 0.0803772 60.5381
-0.0356029 0.0423967 18.1288
0.00410654 -0.00092289 -1.3199
0.00465098 0.0240212 -5.47072
0.000441158 0.023884 -2.3148
-0.00365292 0.0121914 2.55647
0.0098052 0.00122389 -5.78007
-0.0239837 0.0129573 20.0399
-0.0215973 0.00530317 18.0015
-0.00843436 0.00799213 6.75113
0.00825853 0.00360759 -6.493
0.0103255 -0.00586202 -6.89081
0.0327902 -0.0145917 -25.322
0.0803963 -0.00719313 -69.7405
0.0143812 -0.0201543 -4.52059
-0.01246 -0.00843636 16.388
-0.00435158 -0.0165591 10.0344
-0.0110318 -0.0142963 16.1172
-0.010567 -0.0123205 15.2875
-0.00762143 -0.0171914 12.9688
0.00337076 -0.0238828 2.21218
0.00483465 -0.0259912 1.06308
0.0993062 -0.0101038 -71.3164
0.0997231 -0.0149795 -70.9656
0.017453 -0.0323497 -11.9955
0.0117857 -0.0205612 -6.95978
0.0109336 -0.0321855 -4.30088
0.00767472 -0.0300195 -0.932902
-0.00421147 -0.0415219 15.6298
-0.301727 -0.444577 95.5996
0.061043 0.305657 -39.5868
-0.0864509 0.0489539 15.6203
-0.0642842 0.0309762 16.6998
-0.00839995 0.0188475 15.3908
0.0209685 0.153665 -16.4648
0.0243365 0.0129983 8.64471
-0.0250433 0.0248462 14.4833
-0.0455851 0.012084 20.2088
-0.0972921 0.012562 29.9142
0.387608 0.0429499 -81.5206
-0.0428208 0.0782914 6.4878
-0.0242419 0.165569 -15.1279
-0.035436 0.132173 -6.20138
0.00269555 0.151509 -20.3835
-0.0466012 0.139559 -1.22553
-0.0512557 0.107848 4.82318
-0.0479029 0.143848 -2.82144
-0.0497017 0.163579 -4.98222
-0.0396165 0.128125 -2.66076
-0.0285033 0.0423718 7.28486
-0.0142294 -0.000681814 9.12165
-0.0192988 -0.0773281 38.8929
-0.0672871 -0.000628302 48.8766
-0.060492 -0.00465621 45.7405
0.0759186 0.0375229 -33.6119
0.01954 0.0221968 1.40063
0.0162338 0.0303327 1.70534
0.00647498 0.317429 -60.8848
-0.0794051 0.0664013 43.823
-0.0417523 0.214512 -9.64108
-0.0110862 0.078902 -4.58888
0.0160122 0.0782016 -23.2363
-0.0215198 0.0878092 1.67488
-0.0331687 0.0849172 11.1274
-0.0184408 0.0243859 11.5047
-0.00316231 0.0121753 1.99639
-0.00392323 0.041287 -2.65805
-0.0122091 0.0428336 3.63396
0.00192239 0.0291969 -5.89455
0.0198542 0.00893735 -18.0072
0.0299307 0.0212908 -28.951
0.0694724 -0.0261796 -56.132
-0.0182876 -0.0102093 22.816
-0.00748917 -0.00813072 11.284
-0.010821 -0.00665293 15.1891
0.000303538 -0.0155475 4.74198
-0.202148 -0.817773 348.689
-0.0314537 0.313434 -21.2601
0.0260821 0.395353 -95.9018
0.00238987 0.154149 -28.9873
-0.0677399 0.429985 0.75775
-0.00581571 0.155346 -19.9681
0.01659 -0.020406 -12.298
0.0130227 -0.0293129 5.16971
0.016105 -0.0335946 2.37361
0.00405422 -0.039309 18.1782
0 -0.0357801 22.4509
-0.0939159 0.0865479 7.98675
-0.0839755 0.0999137 5.02747
-0.0700676 0.0961786 5.7979
-0.0407832 0.107611 1.07555
-0.0466948 0.0965318 4.21857
-0.0761908 0.150822 -3.38675
-0.0581628 0.12429 -0.156143
-0.0409756 0.100208 2.29353
-0.0366265 0.0705246 7.45221
-0.0232766 0.292435 -40.0523
0.041934 0.459864 -88.7201
-0.0383282 0.206122 -19.8128
-0.014094 0.150552 -14.6732
-0.158933 0.692803 -80.3924
-0.0820656 0.0324023 41.7962
-0.0433604 0.174383 -9.24351
-0.0457111 0.166649 -7.18807
-0.175224 -0.0174695 95.073
-0.171074 -2.87157e-05 89.8794
-0.151286 -0.00652368 82.6696
-0.109486 -0.162882 95.5019
-0.0736776 -0.0260013 51.1038
0.0163263 -0.0838332 21.8957
-0.00661533 -0.0932091 35.0904
0.0342548 -0.0224763 -0.691584
0.0943509 0.0543632 -47.5371
0.0202858 0.0370654 -1.93645
0.0156259 0.032669 1.66345
0.00156349 0.306841 -55.4353
-0.0393826 0.245186 -17.0818
-0.0417984 0.180376 -2.27361
-0.0361169 0.284878 -26.7116
-0.0100686 0.312806 -50.5282
-0.0187697 0.226651 -26.4126
-0.0275792 0.319004 -39.3357
-0.037991 0.287934 -24.5531
-0.0466104 0.241061 -8.2112
-0.00821823 0.116044 -13.5884
-0.00765354 0.134261 -17.6388
-0.00951159 0.133949 -16.3318
0.0089649 0.0856073 -23.3001
-0.00311095 0.111444 -17.7621
0.00392702 -0.0230665 3.92707
-0.00636784 -0.0272072 15.0885
-0.0122759 -0.00962049 16.5259
-0.00995441 -0.0128644 14.6982
0.0173326 0.00559242 -16.5995
-0.0133704 0.00525125 14.1847
0 0.0313961 -4.33308
0.00273121 0.0512569 -11.3667
0.00248307 -0.0171055 2.69281
-0.00513654 -0.0102117 9.55464
0.000755322 -0.00198686 1.43642
-0.000879006 -0.0213147 6.69789
-0.00824148 0.00972775 22.5715
-0.00905303 -0.0258852 30.6697
0 -0.33993 81.7252
-0.0458173 -0.343346 139.059
-0.0839884 0.0507568 15.5428
-0.0851483 0.0515413 15.6173
-0.0109736 0.575644 -100.953
0.0291807 0.721392 -136.816
0.0180285 0.941727 -184.654
-0.0743634 0.0390168 38.7183
0.0360985 1.05206 -211.587
-0.0758595 -0.0349255 57.6584
-0.0977845 -0.0465994 64.1181
-0.128326 -0.0424938 69.0977
0.0709516 0.241499 -48.5977
0.142467 0.340297 -86.3487
0.0707737 0.214948 -39.5562
-0.217394 -0.0122443 107.675
-0.202579 -0.0107385 102.842
-0.187782 3.18461e-05 95.8527
-0.179349 -2.45972e-05 92.9546
-0.0406552 0.188777 -11.1887
0.0132933 0.243713 -45.3605
-0.0046702 0.256295 -41.0892
-0.00937574 0.248111 -37.0237
-0.00698309 0.284407 -46.7268
0.0188127 0.260453 -53.5948
-0.00945763 0.242931 -35.4931
0.0548497 0.222291 -64.193
0.072011 0.109302 -47.2748
0.0102214 0.110782 -12.4009
-0.0425547 0.0601353 29.4598
-0.060186 0.281111 -11.1307
-0.00160694 0.304605 -53.13
-0.0176869 0.272697 -36.4624
-0.021999 0.330852 -46.3781
-0.0248943 0.346923 -48.0778
-0.0231302 0.314882 -41.9957
-0.0338915 0.26826 -23.9224
-0.037607 0.25732 -18.7155
-0.0401906 0.238605 -12.4578
-0.0560587 0.17266 14.6269
-0.00253655 0.14583 -23.5512
-0.0269613 0.162881 -6.34087
-0.0242768 0.120928 -0.289424
-0.0153368 0.0733093 1.76626
-0.0462433 0.00870093 44.2855
-0.0158272 -0.00140885 17.8561
-0.0082098 -0.011469 12.9587
-0.00114519 -0.0104889 5.20462
-0.00533565 -0.0169126 11.5595
-0.00846895 0.0110465 7.82013
-0.00278899 -0.0148546 8.03867
0 0.119057 -25.7235
-0.0114215 -0.01014 15.8776
-0.0058758 -0.00998397 10.1668
0.00144139 -0.0196003 4.33298
-0.00167009 -0.020406 8.21288
0.0121049 0.0142275 -2.31826
0.0360625 0.00267405 -28.0644
-0.0397066 -0.0320974 71.3653
-0.0965995 -0.047951 145.799
-0.0892051 0.0267755 21.0134
-0.076639 0.0402393 17.2045
-0.0717839 0.0239051 21.2361
-0.133951 -0.0132339 57.6016
-0.124731 -0.0286346 60.4058
-0.0675534 0.0065619 45.6642
-0.0668732 -0.0196699 52.4079
-0.0986234 -0.042229 63.3343
-0.0919036 -0.055554 65.4827
-0.114744 -0.0390385 65.6871
-0.146542 -0.0682534 79.334
-0.188038 -0.0506797 91.5074
-0.158976 -0.106428 96.7007
-0.041186 0.162971 -4.19917
-0.0263494 0.185031 -14.5658
-0.0290976 0.210964 -20.4287
-0.0356927 0.239269 -25.2254
-0.0389758 0.224235 -20.8923
0.0161652 0.261652 -51.0471
0.00181209 0.276059 -48.5353
0.00955706 0.289408 -54.899
0.0183651 0.310992 -64.7762
0.00373342 0.309193 -57.4933
0.00148399 0.317697 -58.2388
-0.00802782 0.299795 -49.2956
0.0215705 0.245908 -51.1806
0.00979193 0.204857 -34.0797
0.0578592 0.0424681 -25.9914
0.00836519 0.271811 -51.4802
0.00357481 0.334246 -63.5139
-0.0126969 0.346175 -55.5863
-0.0194111 0.354972 -53.503
-0.0121554 0.371015 -62.3427
-0.0251449 0.377613 -54.9393
4.7843e-12 -0.518151 141.414
4.7843e-12 -0.518151 141.414
-0.0335314 0.00499113 52.8886
-0.0413278 -0.0153708 64.3462
-0.0432581 -0.0122418 65.14
-0.0188308 -0.0221383 48.2844
-0.0192616 -0.0220867 48.6411
-0.00703833 -0.000137583 33.0103
0.00249046 0.0681272 -13.4665
-0.0220568 0.251437 -35.3921
0.032739 -0.177603 40.1011
-0.0314643 -0.199486 108.066
0 -0.0589962 42.1125
-0.00656343 -0.00379361 34.3895
-0.00407246 0.00194757 30.3834
0 -0.0589962 42.1125
0 -0.301243 101.731
-0.01472 -0.208901 95.5359
-0.0262874 -0.22638 113.439
0 -0.202203 77.7782
0.107299 -0.142236 134.716
0.129999 -0.0235708 77.7089
0.0695788 -0.470843 58.3163
0.0682266 -0.472979 60.4979
-0.0844399 0.0232648 21.8203
-0.0797965 0.0241398 21.4328
0.675639 -0.155572 42.8867
-0.135892 -0.0405 64.3438
-0.0869386 -0.023143 54.7913
-0.0579347 -0.028121 53.9194
-0.0892885 -0.000189491 49.6238
-0.103227 -0.022109 57.4691
-0.0857984 -0.0607258 65.3618
-0.0700219 0.0500502 32.0051
-0.0506254 0.183496 -8.36442
-0.0287148 0.223213 -24.1492
-0.0275196 0.207138 -19.9545
-0.00689 0.211015 -27.0298
-0.0207648 0.201203 -19.831
-0.028306 0.205687 -18.2031
-0.00711976 0.244706 -36.7526
0.00874801 0.311618 -61.1727
0.0164744 0.300699 -61.5357
0.00868664 0.319543 -62.7956
0.0117122 0.320949 -64.4116
0.0255925 0.315464 -68.476
-0.0180828 0.328426 -50.0404
-0.0102089 0.258393 -35.9435
-0.0465624 0.251727 -16.3873
-0.0108155 0.309596 -49.8289
0.0123624 0.252523 -47.7389
0.0273005 0.265838 -59.7597
0.0154464 0.353877 -75.8207
-0.000451133 0.349348 -64.5356
-0.00330618 0.346495 -62.0363
-0.00125964 0.345928 -63.1165
0.014513 0.354773 -76.5793
-0.00510563 0.371707 -67.3121
-0.01888 0.086996 19.3445
-0.0274287 0.0118227 46.1879
-0.0412263 -0.00860273 62.4884
-0.0434942 -0.0097741 64.6785
-0.0191692 -0.0204223 48.102
-0.019617 -0.0214347 48.7651
-0.00422485 -0.0095712 33.013
0.00326624 -0.00588459 25.5368
-0.00573686 0.0662022 -5.41275
0.220104 0.262637 -266.896
-0.0143309 -0.0240647 47.8244
-0.0196848 -0.0622354 63.5258
-0.0169396 -0.0267223 51.0916
-0.00462965 -0.00732846 33.3786
-0.000617534 0.000172478 27.2458
0.00731471 0.00116096 63.1675
0 0.12897 -13.7345
0 -0.0866071 94.9285
0 -0.0866071 94.9285
0.061794 0.473447 -175.163
0.216354 0.0036164 -237.79
0.0624961 0.132023 -88.6979
0.0616483 0.144536 -91.0377
0.0632306 0.143522 -92.6986
-0.0505123 -0.0259241 55.4798
-0.0535396 -0.0158312 52.6219
-0.0811993 0.00926687 46.9756
-0.121156 -0.0280787 59.9019
-0.0815626 0.00418264 46.752
-0.0396043 0.195399 -14.6203
-0.0687269 -0.00800917 48.8056
-0.0378573 0.144628 -0.00461139
-0.0122256 0.22682 -28.7027
-0.0170663 0.218584 -25.3382
-0.00667877 0.270328 -43.1397
-0.00576083 0.275857 -44.5411
-0.0242442 0.265653 -37.0487
-0.0295999 0.23908 -27.6075
-0.0639748 0.133782 13.6339
-0.0337846 0.133714 3.45571
0.238748 0.0868616 -74.4666
0.421177 -0.0826309 -89.0212
0.0102613 0.338742 -68.5319
0.00411728 0.317551 -59.6842
0.0159193 0.304074 -61.4252
0.000165107 0.273013 -44.7107
-0.0328326 0.208705 -9.88823
-0.0462866 0.207874 -3.11781
0.00744168 0.305792 -57.8932
-0.0434493 0.340392 -40.4944
-0.0669755 0.219609 7.12569
0.0145883 -4.08925 1182.36
-0.0383951 0.316929 -31.1775
-0.00870251 0.314774 -49.1417
-0.0204317 0.318396 -42.5631
0.0203045 0.312244 -68.5996
0.0439888 0.314219 -85.4164
0.0354475 0.335339 -85.3454
-0.0597865 0.0536235 58.8922
-0.0481925 -0.00455974 66.8226
-0.042013 0.000493814 60.4802
-0.0131432 0.00342738 36.7621
-0.0204448 -0.0185603 48.6449
0.00524063 -0.0584133 38.6476
0.00823828 -0.06256 37.3795
0.00807656 -0.0620857 37.2121
0.0122192 -0.110785 47.7369
0.00581013 -0.122627 57.1334
-0.0153206 -0.081385 64.7531
-0.00483541 -0.0729134 52.0682
0.00588708 -0.0543185 36.0159
0.0105051 -0.0534311 31.2214
0.00668145 -0.00761216 21.8522
0.00445664 -0.0229901 28.7027
0.00675395 -0.0462174 32.9751
0.0102694 0.102792 -14.7214
0.00840428 0.0975088 -11.283
-0.0112181 0.0966027 11.3492
-0.00302436 0.0932531 2.98074
-0.00958444 0.115776 4.42626
0 0.124092 -9.51296
0.0627801 0.143693 -92.1913
-0.0438005 -0.026967 55.7098
-0.0493682 -0.020615 53.8579
-0.0614283 0.0181518 42.3607
-0.0286808 0.249294 -32.9211
-0.0114743 0.202176 -19.5741
-0.0176382 0.284221 -44.6715
-0.0247419 0.24854 -32.6582
-0.0247518 0.270172 -39.4526
0.0155654 0.287534 -52.571
0.00955471 0.293292 -52.4718
0.00678624 0.290153 -50.8934
-0.0190439 0.30038 -48.1184
-0.0533056 0.310354 -43.1528
0.0761266 -0.0963404 38.6937
0.126765 0.0448063 -18.9052
-0.081838 0.0555044 41.6982
0.434952 -0.0708193 -97.1644
0.121918 0.0678317 -30.7498
-0.24599 -0.0748786 157.464
0.00949898 0.326175 -63.9696
-0.0267535 0.262748 -29.5935
0.00120995 0.205892 -24.2443
-0.0113071 0.249315 -32.4292
-0.0111138 0.256823 -34.6466
-0.111582 -0.443338 250.929
-0.00740472 0.350681 -62.6116
-0.035242 0.175497 1.66484
-0.035242 0.175497 1.66484
-0.0443479 0.287172 -18.9746
-0.0228344 0.27943 -29.8859
-0.00973756 0.264808 -33.8013
-0.000939936 0.262521 -39.1395
0.0410824 0.287923 -75.6984
0.0676065 0.282842 -92.941
0.222787 -0.32608 -9.67672
-0.0539573 -0.02508 77.3081
-0.0582208 -0.0285697 81.612
-0.0283922 -0.0165495 54.5643
-0.0253202 -0.0189647 52.8091
-0.00924257 -0.0865073 59.3254
-0.00128204 -0.0878273 53.0466
-0.00362631 -0.0879069 55.2265
-0.00439255 -0.108659 62.3397
-0.000110796 -0.122194 62.5909
0.0025413 -0.122527 60.1912
0.00346383 -0.081628 46.5278
0.000298527 -0.0842216 50.5419
-0.00405598 -0.0976303 59.2452
-0.00874263 -0.188196 92.4639
-0.0107515 -0.216931 103.569
-0.0127081 -0.222142 107.328
-0.0150155 -0.205288 104.609
0 -0.362259 136.789
-0.0477061 -0.325842 180.569
0.0122767 -0.369065 124.484
-0.0318939 -0.350035 171.269
0 -0.363257 137.205
0.0147439 -0.362706 118.752
-0.014092 0.231605 -28.2498
-0.0112275 0.237359 -30.2156
-0.0123674 0.231984 -28.2261
-0.00375406 0.266037 -40.0868
-0.00610319 0.284591 -46.2661
-0.28193 0.281547 -9.78155
-0.0459446 0.255797 -31.0981
-0.0127691 0.269213 -40.7605
0.027866 0.267087 -47.5665
0.0247428 0.287683 -53.7366
0.00510117 0.306949 -55.6333
-0.0475866 0.325251 -48.8087
-0.0749719 0.329884 -43.306
-0.0833398 0.335359 -42.904
-0.110586 0.389126 -52.995
-0.0820034 0.0232862 50.9769
-0.0219259 0.248436 -23.6259
-0.0374246 0.250219 -18.2489
-0.0417239 0.293493 -31.8053
-0.0374976 0.313717 -40.6498
-0.172232 0.191585 56.3765
0.0470459 0.139367 -24.3248
0.0217047 0.211326 -36.1525
0.00846189 0.245185 -40.8793
-0.014614 0.308263 -44.8309
-0.00869852 0.319683 -51.7856
-0.000707435 0.295636 -48.1837
-0.0341208 0.252535 -13.6326
-0.0472589 0.247195 -4.31713
-0.036771 0.258305 -14.342
-0.0113756 0.236436 -23.8402
0.0313574 0.235536 -52.6666
0.0672733 0.234172 -76.8665
0.0800701 0.259981 -94.2958
0.115389 0.232189 -110.85
0.088141 0.170423 -68.9288
-0.00586829 0.0622092 39.5187
-0.0484319 0.017165 88.6
-0.073565 -0.00380876 116.217
0.00169972 -0.0911069 84.4674
0.0208866 -0.0839401 65.4684
0.034435 -0.055378 43.9608
0.0358326 -0.018581 30.4097
0.0286536 0.0203622 24.0051
0.0241765 0.0305432 24.8113
-0.0104027 0.0573872 48.4473
-0.00933352 0.0522709 49.1651
-0.00935065 0.0545589 48.3321
-0.00255498 0.0133505 55.2071
-0.00291889 -0.00295022 61.0722
0.00692352 -0.033653 61.0223
0.00278442 -0.0371225 66.7002
0.00524369 -0.0399208 64.8564
0.00939203 -0.0467874 62.4328
0.0102247 -0.0571913 65.0004
0.0072274 0.164186 -6.77299
-1.76454e-06 0.183954 -4.63227
0.00620133 -0.0822993 78.6541
-0.00481965 0.233035 -28.8674
-0.00242407 0.242542 -32.3345
-0.00204304 0.233167 -29.1764
0.0137156 0.236811 -31.4549
-0.0194213 0.166002 -2.68333
-0.0646138 0.0987395 26.8089
-0.0331247 0.183845 -8.7587
0.0106463 0.202817 -22.069
0.0303535 0.239244 -37.6259
0.0306317 0.28939 -55.3987
0.00619337 0.308196 -56.3274
-0.0245213 0.311721 -50.1219
-0.0603436 0.328535 -46.7502
-0.0797588 0.343002 -46.4851
-0.0995408 0.362612 -47.4641
0.397783 0.321147 -193.637
-0.040571 0.263943 -22.001
-0.0507768 0.254928 -15.2252
-0.0319336 0.281893 -31.9137
-0.0270617 0.294041 -38.1971
0.00272196 0.306428 -55.4289
0.0306034 0.31042 -69.2837
0.0329465 0.309093 -69.7453
0.0176199 0.311552 -62.8382
-0.0065254 0.294179 -44.2235
-0.0239699 0.310384 -40.557
-0.0337087 0.0469414 31.6179
-0.0299316 0.260063 -19.0999
-0.0345501 0.249133 -12.7764
0 0.075407 2.04492
0.00923084 0.231641 -36.0815
0.0153387 0.237985 -42.5988
0.0812841 0.274833 -101.275
0.166397 0.294707 -168.704
0.0829085 0.251934 -93.3806
0.0955057 0.175826 -76.7607
-0.0520287 0.0709475 72.6782
-0.0813743 0.00542127 119.425
-0.0843432 -0.0138094 128.621
-0.0018448 -0.0959768 89.1353
0.0839025 -0.00812064 -18.2512
0.0656223 -0.057533 16.7536
0.0893227 -0.0512856 -7.15792
0.0529051 0.0252076 -0.396265
0.0286901 0.0326557 19.7922
0.0222292 0.0340426 25.4975
-0.0119684 0.0615658 48.7157
-0.0279016 0.0521971 68.4818
-0.035144 0.0195956 87.2717
-0.01896 -0.00963848 80.5375
-0.00596037 -0.0309493 74.1264
-0.000624467 -0.037153 70.4847
0.00136964 -0.0407556 69.5273
0.00334281 -0.0476736 69.7169
0.00614274 -0.0571851 69.8204
0.00807307 -0.0631865 69.6468
0.00696754 -0.0762121 75.5711
0.0065661 -0.0793539 77.1694
0.00304065 0.234839 -29.5938
0.00463172 0.24747 -34.3034
0.00519 0.25554 -37.2727
-0.00968366 0.241824 -31.1304
-0.0526849 0.0982003 24.6623
-0.0353414 0.0764783 30.912
-0.0359143 0.128004 12.0887
0.0170353 0.159692 -7.68463
0.0582598 0.190614 -25.6262
0.0661827 0.255748 -50.8425
0.0351418 0.28081 -53.208
-0.00528986 0.302387 -51.5917
-0.0409508 0.324076 -50.4249
-0.0633777 0.345095 -51.9944
-0.0736632 0.367769 -57.3462
-0.0736632 0.367769 -57.3462
-0.0438951 0.290541 -30.2925
-0.0427084 0.290307 -30.6228
-0.0313924 0.281462 -31.9539
-0.0099398 0.294817 -45.6652
0.0122524 0.31214 -61.6415
0.0293648 0.312178 -69.3245
0.0332615 0.307485 -69.3376
0.0242857 0.313692 -67.0898
-0.00732068 0.312715 -50.2166
-0.028308 0.29207 -31.7245
-0.0390998 0.268565 -16.9696
-0.0479285 0.246215 -3.54773
-0.0535455 0.239133 2.36944
-0.0430016 0.241377 -5.24203
-0.0092044 0.243643 -28.1365
0.0392953 0.236301 -57.973
0.0931802 0.302939 -119.469
0.081333 0.311987 -113.738
0.0810833 0.228116 -83.6082
0.279977 0.039605 -164.629
0.0316768 0.222417 -44.5652
-0.093413 0.00470603 129.768
0.0827069 0.166886 -80.6982
-0.0818375 -0.0135849 126.363
0.0877233 -0.00799221 -21.655
0.0920161 -0.0165135 -22.3885
0.0966196 -0.0252204 -22.9761
0.37333 -0.00871197 -283.279
0.0366337 0.0342807 11.5903
0.023055 0.0386489 23.0514
0.0220546 0.0378276 24.325
-0.00296881 0.0472135 44.8497
0.00268745 -0.191692 127.557
0.00169733 -0.353082 188.408
0.000475806 -0.455591 227.69
0.00213519 -0.515951 248.212
0.00583969 -0.548083 255.959
0.0092827 -0.562973 257.548
0.0109999 -0.568755 257.7
0.0112278 -0.570815 258.197
0.0111083 -0.571844 258.723
0.0111083 -0.571844 258.723
