0 2 1
2 4 2
4 5 2
5 6 0
6 7 3
7 8 3
8 9 3
9 10 1
10 12 0
12 13 3
13 14 3
14 15 3
15 16 3
16 17 0
17 18 2
18 19 3
19 20 0
20 79 1
23 79 3
23 24 3
24 25 0
25 26 1
26 27 3
27 28 2
28 29 0
29 31 3
31 32 1
32 33 3
33 34 3
34 35 3
35 36 0
36 37 1
37 38 1
38 39 3
39 40 3
40 42 0
42 277 3
45 277 3
45 46 3
46 47 3
47 48 3
48 49 3
49 50 3
50 51 3
51 52 3
52 53 3
53 54 3
54 55 3
4 61 3
0 59 3
2 59 0
2 61 2
4 62 3
61 62 3
5 64 0
29 88 1
31 88 1
45 103 3
46 103 3
6 64 3
12 69 3
79 80 3
23 80 3
31 89 1
32 89 1
10 69 0
23 81 3
24 81 3
7 64 3
9 68 1
10 68 3
27 85 0
28 85 0
5 63 0
63 64 3
12 70 3
13 71 3
17 76 2
18 76 3
54 112 1
54 113 1
55 113 1
4 63 3
69 70 3
12 71 3
14 72 3
15 73 3
16 73 3
16 74 3
53 111 1
0 58 3
2 60 0
7 65 3
8 66 1
9 67 3
68 69 0
70 71 3
13 72 3
15 72 3
17 74 1
80 81 3
25 83 1
26 84 0
85 144 0
32 90 1
33 91 0
34 92 0
35 92 0
103 277 3
46 104 3
47 105 3
48 106 3
49 107 3
50 108 3
51 109 3
52 111 1
59 60 3
60 61 3
64 65 3
65 66 1
66 67 2
67 68 1
18 77 0
19 77 0
24 83 3
83 84 3
27 84 0
88 89 3
89 90 3
90 91 0
91 92 3
103 104 3
104 105 3
105 106 3
106 107 3
107 108 3
108 109 3
52 109 3
111 112 3
112 113 3
72 73 3
17 133 2
76 133 3
19 78 3
20 78 1
35 93 1
58 59 3
62 63 3
77 78 3
78 79 3
36 93 1
73 74 3
76 77 0
92 93 1
71 72 3
84 85 3
161 277 0
103 161 1
29 85 3
36 38 1
38 96 3
39 96 3
36 94 1
38 95 3
39 276 0
40 276 0
58 117 3
36 95 1
59 117 3
74 133 3
24 82 3
93 94 3
94 95 3
109 111 1
81 82 3
82 83 3
95 96 3
109 168 3
42 276 3
111 168 0
85 145 0
29 145 2
111 169 3
61 120 3
62 120 3
88 145 0
112 169 3
113 347 0
55 347 0
78 80 3
112 170 3
88 146 0
89 146 0
168 169 1
113 170 3
60 117 3
77 135 3
103 162 3
104 162 3
108 166 3
80 138 3
96 276 0
169 170 3
63 121 1
69 126 0
78 138 3
81 138 2
42 157 3
157 277 3
109 166 3
172 347 0
58 116 3
116 117 3
60 119 3
61 119 3
64 121 1
66 125 2
67 125 3
68 125 0
68 126 0
84 142 3
85 142 3
60 118 3
63 120 3
64 122 1
65 123 1
66 123 1
69 128 0
70 128 0
81 139 3
83 142 3
144 145 3
92 150 1
104 163 3
105 163 3
106 164 3
107 165 3
108 165 3
109 167 1
117 118 3
119 120 3
121 122 3
122 123 3
72 130 3
73 132 3
74 132 3
82 139 3
89 148 0
90 148 0
91 150 1
93 150 3
157 276 3
163 164 3
164 165 3
118 119 3
125 126 3
71 130 3
73 130 3
144 201 1
166 167 1
167 168 0
69 127 0
73 189 2
76 134 3
145 146 3
91 149 1
157 161 1
165 166 3
126 127 3
127 128 3
130 189 3
132 133 3
133 134 3
77 134 1
138 139 3
85 201 3
91 148 1
149 150 3
93 151 3
120 121 1
71 128 0
78 194 3
142 201 3
94 151 3
94 152 3
132 189 3
135 194 3
95 152 3
161 162 0
162 163 3
128 130 1
134 135 3
138 194 3
148 149 1
170 347 0
150 151 3
66 182 0
130 187 0
125 182 3
82 142 3
146 148 0
151 152 3
128 187 3
123 182 0
187 188 3
130 188 0
120 179 2
121 179 0
139 198 1
82 198 1
161 219 0
157 219 3
162 219 3
133 189 2
82 199 3
142 199 3
122 179 0
145 202 1
138 195 3
144 202 1
166 225 3
167 225 0
169 228 1
170 228 1
122 180 2
135 193 3
194 195 3
179 180 1
168 225 3
168 228 1
119 178 2
120 178 2
123 181 3
128 186 3
133 191 3
134 191 3
146 203 2
166 224 3
116 174 2
117 175 2
118 176 1
119 177 1
178 179 3
125 183 3
126 183 3
134 193 3
95 327 0
96 327 0
276 327 3
163 221 3
164 222 3
165 224 3
174 175 3
175 176 1
176 177 3
122 181 3
181 182 0
182 183 3
126 184 3
193 194 3
95 210 0
162 220 3
162 221 3
221 222 3
165 222 3
228 347 0
183 184 3
189 191 3
139 195 3
201 202 3
145 203 2
148 203 1
152 210 0
219 220 3
165 223 3
177 178 0
180 181 1
220 221 3
222 223 3
223 224 3
184 243 3
126 243 3
186 187 3
188 189 3
199 201 3
150 325 0
151 325 0
210 327 3
127 243 2
195 254 3
224 225 3
127 186 3
157 215 3
225 228 1
195 198 1
198 199 0
149 208 0
150 208 0
215 276 3
157 274 3
219 274 3
219 278 3
202 203 3
148 324 0
149 324 0
151 210 0
220 278 3
203 263 0
148 263 0
208 325 3
151 267 0
276 388 3
210 267 3
327 388 3
215 388 3
228 285 2
188 246 3
189 246 2
195 253 3
267 325 3
225 285 1
287 347 0
347 405 3
186 243 3
187 245 2
189 248 2
253 254 3
263 324 3
215 274 3
228 287 0
186 245 3
191 249 3
195 255 3
198 255 2
246 247 3
191 248 3
193 251 3
194 252 3
195 252 3
199 259 3
201 259 3
208 324 3
225 338 3
181 240 0
182 240 3
134 249 3
134 251 3
193 252 3
224 338 3
178 236 3
179 236 3
179 237 1
180 237 3
254 255 3
228 286 3
176 235 3
177 235 3
181 239 0
189 247 2
198 256 2
223 281 3
224 281 3
286 287 0
177 236 2
180 239 3
183 241 3
183 242 3
184 242 3
186 244 3
199 256 3
174 232 1
175 233 1
180 238 3
183 240 3
248 249 3
255 256 3
210 268 3
274 278 3
232 233 3
176 233 3
176 234 3
235 236 1
236 237 1
237 238 3
241 242 3
244 245 3
187 246 3
202 259 3
268 327 3
220 279 3
221 279 3
285 286 1
233 234 3
238 239 3
243 244 3
249 251 3
210 386 3
287 398 0
239 240 0
240 241 3
245 246 3
251 252 3
267 386 3
268 386 3
222 279 3
285 338 0
202 320 0
203 320 0
234 235 3
286 398 0
242 243 3
247 248 3
199 315 1
222 280 3
223 280 3
251 366 3
256 315 2
259 315 1
320 434 3
279 280 3
249 307 3
251 307 3
252 253 3
263 320 3
278 279 3
280 281 3
307 366 3
259 320 3
278 335 3
281 338 3
287 405 0
208 382 3
267 326 3
268 384 3
327 384 3
388 389 3
281 340 1
263 318 3
318 324 3
325 382 3
326 386 3
384 388 3
338 340 2
242 300 3
243 300 3
318 320 3
320 377 3
247 304 3
251 309 3
259 316 3
318 377 3
324 382 3
234 292 3
246 304 3
309 366 3
315 316 0
274 335 3
278 336 3
287 345 0
235 292 3
245 304 3
248 306 3
253 311 3
254 312 3
335 336 3
239 297 3
249 306 3
255 312 3
267 382 3
237 295 3
240 297 1
251 310 3
252 310 3
215 390 3
345 405 0
232 290 3
233 291 3
234 291 3
235 293 0
236 294 0
236 295 2
238 296 3
241 299 3
243 302 3
244 302 3
245 303 3
247 306 3
254 311 3
255 313 3
388 390 3
274 390 3
285 400 0
347 927 2
290 291 3
293 294 1
295 296 3
296 297 3
240 298 3
240 299 3
242 299 3
244 303 3
303 304 3
309 310 3
252 311 3
312 313 3
256 313 3
256 314 3
279 336 3
338 400 3
345 398 0
404 405 0
291 292 3
292 293 0
294 295 1
297 298 0
300 301 3
243 301 3
314 315 2
316 320 3
279 337 3
301 302 3
302 303 3
306 307 3
311 312 3
280 337 3
310 311 3
318 322 3
398 404 1
298 299 3
299 300 3
322 324 3
324 381 3
336 337 3
322 381 3
285 398 0
247 363 3
313 314 3
377 434 3
306 363 3
307 365 3
280 340 1
365 366 3
318 378 3
382 383 3
267 383 3
377 378 3
381 382 3
280 397 3
340 397 0
304 363 3
326 383 3
337 396 3
280 396 3
316 374 3
384 387 3
312 370 3
268 387 3
335 390 3
340 399 0
338 399 3
306 365 3
313 370 3
302 361 3
310 368 3
311 370 3
386 387 3
303 361 3
309 368 3
311 368 3
322 378 3
389 390 3
396 397 3
292 350 3
304 361 3
309 367 3
335 393 3
336 393 3
398 400 1
291 349 3
292 349 3
297 356 0
298 356 3
306 364 3
366 367 3
313 371 3
314 371 3
315 372 2
390 449 3
335 449 3
290 348 3
293 351 1
294 352 3
295 353 3
296 354 3
299 357 3
300 358 3
363 364 3
311 369 3
315 374 0
320 375 3
399 400 3
348 349 3
292 351 3
351 352 0
352 353 1
353 354 3
299 356 3
357 358 3
364 365 3
367 368 3
369 370 3
320 374 3
375 434 3
356 357 3
361 362 0
304 362 2
368 369 3
370 371 3
374 375 3
337 395 3
405 927 2
350 351 3
297 354 3
297 412 3
297 355 0
301 358 3
301 417 3
362 363 2
336 395 3
349 350 3
354 412 3
302 417 3
314 372 3
387 388 3
397 399 3
355 412 1
355 356 3
361 417 3
372 374 3
383 386 3
393 395 3
395 396 3
434 435 3
375 435 3
371 372 3
377 435 3
358 417 3
383 557 3
386 557 3
398 460 1
404 927 0
381 438 3
353 410 0
322 438 3
352 410 3
378 437 3
381 498 3
382 498 3
335 394 3
393 394 3
404 460 3
389 618 3
397 456 3
404 461 3
461 927 0
357 416 3
358 416 3
365 423 3
369 428 3
370 428 3
378 436 3
322 437 3
381 439 3
394 449 3
399 456 3
362 419 1
363 421 3
366 423 3
368 427 3
374 433 3
375 433 3
439 498 3
356 414 3
357 414 3
357 415 3
361 419 3
362 421 2
367 425 3
369 427 3
433 435 3
438 439 3
399 457 3
400 457 3
400 460 3
460 461 3
354 410 0
355 414 3
416 417 3
364 422 3
366 425 3
377 436 3
436 437 3
348 406 3
349 407 3
355 413 1
414 415 3
361 477 3
363 422 3
365 422 3
368 426 3
370 429 3
371 429 3
406 407 3
350 407 3
410 412 1
412 413 3
422 423 3
425 426 3
426 427 3
387 618 3
387 389 3
390 618 3
351 410 0
410 411 1
413 414 0
419 477 3
421 422 3
372 488 2
449 618 3
350 465 3
350 408 3
410 468 1
427 428 3
435 436 3
411 412 3
415 416 3
428 429 3
437 438 3
396 453 3
457 460 3
408 465 3
351 468 3
374 490 1
383 498 3
386 618 3
395 453 3
407 465 3
361 476 3
449 559 3
417 476 3
372 429 3
372 489 1
372 490 1
559 618 3
396 456 3
350 467 3
476 477 3
423 424 3
366 424 3
488 489 1
498 557 3
408 467 3
429 488 3
433 490 1
438 496 3
393 453 3
419 421 3
423 481 3
424 481 3
424 425 3
394 453 3
351 467 3
414 472 1
437 496 3
453 512 3
453 456 3
413 472 3
489 490 3
439 496 3
456 514 3
399 514 3
461 463 3
467 468 3
411 468 3
419 478 3
421 478 3
456 512 3
460 463 3
457 514 3
421 479 3
413 471 3
429 486 3
411 469 3
412 469 3
471 472 3
415 472 1
478 479 3
428 486 3
412 471 3
415 473 1
416 474 1
477 478 3
422 480 3
436 494 2
437 494 2
512 514 3
406 464 3
412 470 3
422 479 3
423 480 3
426 484 3
427 485 3
428 485 3
429 487 3
461 521 1
521 927 0
464 465 3
468 469 3
469 470 3
472 473 3
416 473 1
417 474 1
479 537 3
479 480 3
425 484 3
484 485 3
486 487 3
435 494 2
470 471 3
417 475 1
480 481 3
473 474 3
474 475 3
475 476 3
485 486 3
494 496 3
394 565 3
465 467 3
449 565 3
394 509 3
509 565 3
425 483 3
433 491 1
435 491 1
435 493 3
483 484 3
490 491 3
491 493 0
463 521 1
493 494 3
559 565 3
460 513 3
467 525 3
468 525 3
394 569 3
457 513 3
487 488 3
453 569 3
463 513 3
463 579 1
521 579 2
487 545 1
468 526 3
481 540 3
469 526 3
478 536 3
424 540 3
425 540 3
479 536 3
490 547 2
509 569 3
476 534 3
477 534 3
488 545 3
475 534 3
477 536 3
483 540 3
483 541 3
489 545 2
493 551 3
494 553 3
496 553 3
467 524 3
491 551 0
496 498 3
512 569 3
513 514 3
465 524 3
525 526 3
470 528 3
471 528 3
472 531 3
473 531 3
480 537 1
494 552 3
386 617 3
464 522 3
465 523 0
469 527 3
471 529 3
472 529 3
472 530 3
480 538 3
481 538 3
484 542 3
485 543 1
493 552 3
552 553 3
496 554 3
522 523 0
523 524 2
526 527 3
527 528 3
528 529 3
474 531 3
474 532 3
477 535 3
535 536 3
537 538 0
540 541 3
483 542 3
542 543 1
486 543 1
553 554 3
498 554 2
557 617 3
617 618 3
475 533 3
538 539 3
481 539 3
489 547 2
463 636 1
530 531 3
531 532 3
533 534 3
534 535 3
541 542 3
486 545 1
513 636 1
579 636 0
529 530 3
539 540 3
491 549 3
491 550 3
551 552 3
498 614 3
512 685 3
579 927 0
524 525 3
486 544 1
545 547 3
490 549 3
550 551 3
514 685 3
543 544 3
544 545 0
549 550 3
514 687 1
474 533 3
536 537 2
557 614 3
513 687 1
554 613 3
498 613 2
547 549 3
578 579 1
532 533 3
613 614 3
509 625 3
569 685 3
578 636 0
565 624 1
569 625 3
539 597 3
549 608 3
550 608 3
557 615 3
557 616 3
509 624 1
578 695 0
615 616 3
616 617 3
559 623 3
578 927 0
526 585 2
540 597 3
547 605 3
618 623 3
565 623 3
685 687 1
695 927 0
527 585 2
545 604 3
547 604 3
534 593 0
535 593 0
513 575 3
575 636 1
533 590 0
536 593 0
549 605 3
614 615 3
532 590 0
538 596 2
543 601 0
551 609 3
552 609 3
528 585 2
534 590 3
539 596 3
543 602 0
544 602 3
604 605 3
618 621 3
618 622 3
623 624 1
536 594 0
537 594 2
540 599 2
541 599 2
545 603 3
550 609 3
621 622 3
522 580 0
523 581 0
530 588 0
531 588 2
534 592 0
593 594 3
537 595 0
537 596 0
540 598 2
542 600 3
601 602 3
603 604 3
605 606 3
549 606 3
553 611 3
580 581 1
523 582 0
524 582 0
525 583 0
525 584 0
526 584 0
531 590 0
599 600 3
600 601 1
606 608 3
552 611 3
554 611 3
622 623 3
624 625 0
575 634 1
636 695 0
581 582 2
524 583 0
528 586 0
529 587 0
530 587 0
531 589 0
592 593 3
596 597 3
544 603 0
608 609 3
582 583 3
584 585 1
586 587 3
588 589 0
589 590 3
598 599 3
583 584 3
585 586 0
534 591 0
594 595 3
609 668 3
609 611 3
611 668 2
587 588 2
590 591 3
591 592 3
595 596 3
606 665 3
608 665 3
602 603 0
611 613 3
614 619 3
597 598 3
613 619 3
615 619 3
685 686 3
686 687 1
611 669 1
613 670 1
588 646 2
616 618 3
621 679 3
582 640 3
589 646 3
608 666 3
668 669 3
611 670 1
618 679 3
622 679 3
575 635 1
635 636 1
587 646 3
587 645 3
603 662 3
604 662 3
605 664 3
606 664 3
616 619 3
581 639 0
605 663 3
609 666 3
625 684 3
569 684 3
583 640 3
586 645 3
663 664 3
624 682 2
625 682 3
569 743 0
685 743 0
583 641 3
589 648 3
592 594 3
595 653 3
596 653 3
605 662 3
609 667 3
616 676 3
623 682 3
625 683 3
585 643 2
586 643 3
586 644 3
644 645 3
590 648 2
596 655 3
597 655 3
600 658 1
601 658 2
602 660 2
603 660 1
667 668 3
618 676 3
622 680 3
623 681 3
575 691 1
580 638 1
582 639 3
589 647 3
598 655 3
598 656 3
598 657 3
599 657 3
601 659 2
662 663 3
622 681 3
681 682 3
682 683 3
683 684 3
638 639 3
640 641 3
584 642 3
585 642 2
643 644 3
645 646 3
647 648 3
657 658 3
658 659 3
659 660 3
664 665 3
669 670 1
619 676 3
680 681 3
636 693 0
591 649 3
592 649 3
603 719 3
619 670 1
684 743 0
575 690 1
635 693 0
583 642 3
642 643 3
646 647 3
591 648 3
656 657 3
665 666 3
666 667 3
679 680 3
513 689 1
690 691 0
639 640 3
641 642 3
687 689 3
575 689 1
594 653 3
653 655 3
655 656 3
660 719 0
575 693 3
594 649 3
648 649 3
594 709 3
662 719 3
649 709 3
686 743 0
693 695 3
594 710 3
575 750 1
693 752 3
695 752 3
927 985 3
649 708 3
709 710 3
653 710 3
695 985 0
667 725 3
687 747 2
689 747 2
708 709 3
642 700 3
687 746 2
575 747 1
643 700 3
653 712 3
655 712 3
687 745 3
746 747 3
641 699 3
644 703 3
686 745 1
639 697 3
640 698 3
640 699 3
642 699 3
645 703 3
646 703 3
647 704 3
657 773 3
659 718 2
660 718 0
662 720 3
663 720 3
743 744 3
575 748 1
693 751 1
639 698 3
646 704 3
658 773 3
663 721 3
664 721 3
666 725 3
669 727 3
670 727 2
679 738 3
680 738 3
686 744 2
747 748 3
575 751 1
643 703 3
703 704 3
656 714 3
668 726 3
669 726 3
682 740 2
683 740 2
695 811 0
638 696 3
699 700 3
643 701 3
655 713 3
656 713 3
657 714 3
658 716 3
658 717 3
659 717 3
667 726 3
681 739 2
744 745 0
745 746 1
752 811 0
811 985 0
696 697 3
697 698 3
700 701 3
701 703 2
647 705 3
648 705 3
648 706 3
716 773 3
718 719 3
666 724 3
738 739 1
739 740 3
750 751 1
704 705 3
649 706 3
716 717 3
719 720 3
665 724 3
726 727 3
670 729 3
698 699 3
706 708 3
712 713 3
713 714 3
720 721 3
725 726 3
619 729 1
618 796 1
702 703 0
679 796 1
751 752 0
701 702 3
664 780 3
724 725 3
710 712 3
714 773 3
665 780 3
705 706 3
721 780 3
684 740 1
717 718 3
619 847 1
676 847 1
727 786 3
670 786 2
708 765 3
724 780 1
738 796 1
706 765 3
710 769 2
712 769 3
618 853 1
684 800 1
700 758 3
701 758 3
729 786 2
796 853 3
743 800 1
719 777 3
780 781 0
724 781 3
706 764 3
720 777 3
773 774 3
716 774 3
718 777 3
747 805 3
697 755 3
698 756 3
699 756 3
699 757 3
700 757 3
714 772 3
718 776 3
720 779 3
721 779 3
746 805 3
748 805 3
752 810 1
698 755 3
704 762 1
768 769 3
713 772 3
726 785 1
727 785 3
729 787 2
575 807 1
751 810 0
755 756 3
703 761 1
704 761 1
705 762 3
705 764 3
709 767 3
709 769 2
709 768 2
713 771 3
776 777 3
785 786 3
618 847 1
748 807 3
750 809 1
751 809 2
810 811 0
696 754 3
757 758 3
701 759 1
702 760 2
705 763 3
713 769 3
717 776 3
777 778 3
720 778 3
724 782 3
725 783 3
726 784 3
786 787 3
739 797 2
740 798 2
743 801 2
744 802 2
745 803 1
746 804 3
748 806 3
754 755 3
756 757 3
758 759 1
701 760 1
760 761 3
761 762 3
763 764 3
765 766 3
708 766 3
708 767 3
771 772 3
717 774 3
782 783 3
783 784 3
784 785 1
619 787 1
796 797 3
797 798 3
800 801 3
801 802 3
802 803 3
803 804 3
804 805 3
805 806 3
806 807 3
575 809 1
762 763 3
767 768 3
779 780 3
781 782 3
759 760 3
766 767 3
772 773 3
684 798 1
809 810 0
713 829 3
778 779 3
769 829 3
771 829 3
619 788 1
798 857 3
684 857 1
787 788 3
788 847 3
764 765 3
800 857 3
618 906 1
769 828 2
828 829 1
717 833 3
776 833 3
853 906 1
575 866 1
774 833 3
809 866 3
763 822 3
764 822 3
853 973 0
807 866 3
847 906 3
906 973 0
766 824 3
773 831 2
774 831 2
756 815 1
757 815 1
776 835 3
777 835 3
758 815 1
765 823 3
766 823 3
778 835 3
779 837 1
762 820 0
763 820 0
768 826 3
769 826 3
772 830 3
780 837 1
781 839 3
782 839 3
782 840 1
785 844 3
786 844 3
797 855 3
798 855 3
811 869 3
756 814 1
758 816 1
759 817 3
759 818 3
760 818 3
761 820 3
765 822 3
767 826 0
773 830 3
774 832 3
783 840 1
786 845 3
787 845 3
788 845 3
796 855 3
810 869 0
754 812 1
755 813 1
814 815 3
759 816 3
823 824 3
767 824 3
767 883 2
831 832 1
832 833 3
778 836 1
778 837 1
780 838 3
784 842 1
785 843 3
844 845 3
796 854 3
800 858 3
801 859 3
802 860 3
803 861 3
804 862 3
805 863 3
806 864 3
807 864 3
809 867 3
812 813 3
756 813 1
815 816 3
822 823 3
829 830 3
830 831 0
776 834 3
836 837 3
837 838 0
838 839 3
783 842 1
842 843 3
843 844 3
854 855 3
855 857 3
858 859 3
859 860 3
860 861 3
861 862 3
862 863 3
863 864 3
810 867 1
869 985 0
813 814 3
816 817 3
760 820 3
824 883 0
826 883 3
769 885 3
834 835 3
857 858 3
807 865 3
866 867 3
810 868 3
763 821 3
828 885 1
835 836 1
853 854 3
865 866 3
867 868 0
868 869 0
817 818 3
820 821 1
821 822 3
826 885 3
839 840 1
864 865 3
818 820 3
833 834 3
788 904 3
855 914 3
857 914 3
845 904 3
847 904 3
848 906 0
783 899 1
840 899 3
842 899 3
829 887 3
818 877 3
820 877 3
830 887 3
853 912 3
854 912 3
815 874 3
816 874 3
828 886 1
829 886 3
855 912 3
820 878 1
842 900 3
866 924 2
867 924 2
820 879 1
826 884 3
839 898 1
840 898 3
843 900 3
844 902 3
865 924 2
815 873 3
878 879 2
821 879 3
883 884 3
885 886 3
837 895 0
838 895 1
843 901 3
812 870 3
813 871 3
814 871 3
814 873 3
873 874 3
817 874 3
817 876 3
818 876 3
822 880 3
823 881 3
824 882 3
884 885 3
886 887 3
830 888 3
831 889 1
832 890 3
833 891 3
834 891 3
834 892 3
835 893 3
836 894 0
836 895 0
838 896 1
839 897 1
844 901 3
845 903 3
904 905 3
847 905 3
905 906 3
857 915 3
858 916 3
859 917 3
860 918 2
861 919 2
862 920 2
863 921 2
864 922 2
870 871 3
814 872 3
876 877 3
823 880 3
881 882 3
882 883 0
888 889 3
889 890 3
890 891 3
892 893 3
893 894 3
895 896 3
896 897 3
897 898 3
899 900 3
900 901 3
901 902 3
845 902 3
914 915 3
915 916 3
916 917 3
917 918 3
918 919 3
919 920 3
920 921 3
921 922 3
865 922 2
872 873 3
821 880 3
887 888 3
891 892 3
894 895 3
898 899 3
902 903 3
903 904 3
865 923 0
867 925 0
871 872 3
922 923 0
923 924 1
868 925 1
817 933 3
912 914 3
877 878 1
880 881 3
924 925 3
874 933 3
879 880 3
853 974 0
876 933 3
912 974 0
869 925 1
914 974 0
973 974 3
877 935 3
878 935 0
906 964 3
906 965 3
965 973 0
923 982 3
924 982 0
883 941 3
884 941 3
872 930 3
873 930 3
874 932 3
932 933 3
879 937 0
900 958 3
973 1027 1
974 1027 1
916 975 0
917 975 0
925 985 2
878 936 3
878 937 3
880 937 0
882 941 0
901 958 3
904 962 3
905 962 3
921 980 0
922 980 0
923 980 3
870 928 3
871 929 3
873 931 3
874 931 2
933 992 3
876 992 3
880 938 3
881 939 3
882 940 3
884 942 2
885 943 2
886 944 1
887 945 1
888 946 0
889 947 1
890 948 1
891 949 1
892 950 0
893 951 1
894 952 1
895 953 1
896 954 3
897 955 3
898 956 3
899 957 3
899 958 3
901 959 3
902 960 0
903 961 3
903 962 3
919 978 0
920 978 0
928 929 3
929 930 3
930 931 3
938 939 3
939 940 3
940 941 0
941 942 1
942 943 3
943 944 1
944 945 3
945 946 0
946 947 1
947 948 3
948 949 3
949 950 0
950 951 1
951 952 3
952 953 1
953 954 0
954 955 3
955 956 3
956 957 3
957 958 3
958 959 3
959 960 1
960 961 1
961 962 3
905 964 3
915 1033 1
916 1033 1
921 978 0
925 983 2
925 984 2
931 932 3
937 938 1
918 976 0
925 982 2
983 984 3
935 936 1
936 937 3
914 1033 1
917 976 0
919 976 0
877 992 3
982 983 3
984 985 2
975 976 3
980 982 3
962 964 3
964 965 3
974 1033 1
973 977 3
977 1027 1
975 1033 1
921 979 0
919 979 0
978 979 3
979 980 3
931 990 1
932 990 3
962 1021 3
964 1021 3
930 988 3
931 988 3
935 992 3
976 979 3
933 990 3
965 977 0
985 1042 1
935 993 3
984 1042 1
989 990 3
933 991 3
936 993 0
950 1008 0
951 1008 0
965 1022 3
931 989 1
959 1017 3
964 1022 3
991 992 3
958 1017 3
960 1017 0
974 977 3
980 983 3
928 986 1
929 987 1
988 989 1
936 994 0
937 995 3
938 996 0
939 997 0
940 998 0
941 999 1
942 1000 2
943 1001 2
944 1002 2
945 1003 0
946 1004 3
947 1005 0
948 1006 2
949 1007 2
951 1009 0
952 1010 0
953 1011 0
954 1012 0
955 1013 0
956 1014 0
957 1015 0
958 1016 3
960 1018 0
961 1019 3
962 1020 0
986 987 3
987 988 0
990 991 3
994 995 3
995 996 3
996 997 3
997 998 3
998 999 1
999 1000 3
1000 1001 3
1001 1002 3
1002 1003 0
1003 1004 0
1004 1005 1
1005 1006 1
1006 1007 3
1007 1008 0
1008 1009 1
1009 1010 3
1010 1011 3
1011 1012 3
1012 1013 0
1013 1014 1
1014 1015 0
1015 1016 1
1016 1017 3
1017 1018 3
1018 1019 3
1019 1020 0
1020 1021 1
1021 1022 3
976 1033 1
983 1041 1
993 994 3
984 1041 1
1041 1042 3
979 983 3
