0 1 3
1 2 3
2 3 3
3 4 3
4 5 3
5 6 3
6 7 3
7 8 3
8 9 1
9 10 0
10 11 3
11 14 3
14 15 3
15 16 3
16 17 3
17 18 2
18 20 1
20 27 3
23 27 3
23 26 3
26 28 3
28 29 3
29 32 0
32 33 3
33 34 3
34 395 0
395 449 3
220 449 3
108 220 3
108 109 3
56 109 0
56 57 1
11 70 3
14 70 3
220 276 3
28 31 3
29 31 3
27 79 3
20 79 3
29 87 3
10 67 1
26 31 3
31 87 3
29 88 3
109 272 3
32 88 1
41 449 3
107 272 3
109 287 3
56 287 0
9 67 3
70 71 3
14 71 3
39 395 3
23 24 3
16 73 3
27 138 3
24 26 3
57 287 0
3 62 3
4 62 3
9 66 0
10 69 3
11 69 3
15 73 3
79 138 3
23 138 3
230 287 3
5 62 3
8 66 3
67 69 0
18 77 1
32 91 3
33 91 3
0 58 3
1 59 3
2 60 3
3 61 3
5 63 3
6 64 3
7 65 3
17 75 3
20 77 1
58 59 3
59 60 3
60 61 3
63 64 3
64 65 3
65 66 3
66 67 1
14 72 3
15 72 3
16 74 3
17 74 3
18 75 2
20 78 1
34 91 3
61 62 3
62 63 3
74 75 3
77 78 3
78 79 3
138 139 0
87 88 3
71 72 3
88 89 3
32 89 1
89 91 0
34 92 1
93 395 0
151 395 0
108 282 3
72 73 3
18 134 1
91 92 1
92 395 0
220 282 3
73 74 3
75 134 3
26 142 3
26 143 3
31 143 3
142 143 3
87 143 3
92 93 3
218 220 3
108 272 3
69 126 3
69 70 3
24 142 3
218 282 3
67 126 0
77 134 3
272 282 3
24 138 3
218 449 3
143 144 3
87 145 3
39 101 3
41 218 3
272 287 3
24 139 2
87 144 3
88 145 3
39 151 1
101 395 3
89 148 3
91 148 1
126 127 0
69 127 0
66 125 3
67 125 0
134 135 3
77 135 3
61 119 3
78 136 3
79 136 3
88 146 3
62 120 0
63 120 0
65 123 3
71 130 3
72 130 3
89 146 3
66 123 3
70 127 0
70 128 2
73 130 3
145 146 3
39 212 1
58 116 3
59 117 3
60 118 3
61 118 3
63 121 0
64 122 0
66 124 3
24 198 3
151 212 2
101 212 1
116 117 3
117 118 3
119 120 0
121 122 3
122 123 1
123 124 3
125 126 1
127 128 2
75 133 3
77 136 3
79 195 3
91 149 1
92 149 3
118 119 3
120 121 3
73 131 3
74 133 3
133 134 3
136 195 3
24 199 3
144 145 3
93 151 3
124 125 3
71 128 2
74 131 3
138 195 3
139 198 2
142 199 3
89 147 3
148 149 3
130 131 3
147 148 3
146 147 3
92 151 3
135 136 3
198 199 3
143 200 3
142 200 3
214 395 0
128 130 2
131 189 2
138 196 3
74 189 2
139 196 1
143 202 3
200 202 3
144 202 3
172 287 0
149 151 3
334 449 3
139 197 1
199 200 3
101 214 1
218 334 3
195 196 3
197 198 3
149 323 0
151 323 0
125 183 1
128 187 2
130 187 0
135 194 3
136 194 3
124 183 1
126 183 1
189 191 3
74 191 3
135 193 3
151 209 3
272 341 3
287 341 3
120 179 1
121 179 1
127 185 0
128 185 2
130 189 3
133 191 3
134 193 3
209 323 0
116 174 3
117 175 3
118 176 3
119 177 3
120 178 1
122 180 3
123 181 3
123 182 3
124 182 3
128 186 2
187 189 3
194 195 3
196 197 3
145 203 3
148 206 3
149 206 3
282 334 3
174 175 3
175 176 3
176 177 3
177 178 3
178 179 1
179 180 0
180 181 1
182 183 1
193 194 3
144 203 3
146 203 3
209 212 2
181 182 3
212 270 0
230 341 3
186 187 3
146 204 2
209 270 0
185 186 3
134 191 3
203 204 2
126 185 0
147 204 3
202 203 3
147 206 3
389 395 3
389 449 3
206 265 0
149 265 0
126 243 0
185 243 3
204 206 1
212 214 2
265 323 3
183 242 0
126 242 0
242 243 3
187 246 3
189 246 2
191 306 3
134 306 3
134 251 3
193 251 3
196 253 3
191 248 3
195 253 3
449 500 3
189 248 3
199 258 3
202 260 3
282 390 3
185 244 3
186 244 3
197 255 1
199 257 3
200 258 3
203 260 3
334 390 3
198 255 1
198 257 3
189 247 2
200 259 3
202 259 3
214 389 0
183 241 0
241 242 3
186 245 3
187 245 2
194 252 3
195 252 3
209 326 0
341 459 3
181 239 3
182 240 3
182 241 3
243 244 3
246 247 3
196 254 3
197 254 3
257 258 3
258 259 3
264 265 3
270 326 3
214 331 1
389 500 3
272 459 3
174 232 2
175 233 2
176 234 2
177 235 2
178 236 2
179 236 0
179 238 3
180 238 1
182 239 3
259 260 3
212 331 2
232 233 3
233 234 3
234 235 3
235 236 3
238 239 0
306 307 3
134 307 3
134 308 3
193 252 3
203 261 3
206 264 0
179 237 3
245 246 3
307 308 3
251 308 3
252 253 3
253 254 3
260 261 3
270 331 3
272 390 3
236 237 1
239 240 3
255 257 0
390 449 3
237 238 3
248 306 3
254 255 1
204 264 0
240 241 3
244 245 3
247 248 3
286 341 3
230 286 3
203 262 0
204 262 3
204 321 0
251 252 3
262 321 3
264 321 3
323 326 3
339 341 3
261 262 3
339 459 3
270 386 3
331 389 3
326 386 3
308 309 3
251 309 3
253 311 3
239 298 3
240 298 3
246 304 3
247 304 3
247 306 3
264 322 3
331 386 3
239 297 3
241 299 3
241 300 3
245 304 3
247 305 3
252 309 3
252 311 3
258 316 3
236 294 1
238 297 0
240 299 3
242 300 3
244 302 3
305 306 3
257 316 3
259 316 3
232 290 1
233 291 1
234 292 1
235 293 1
237 294 3
243 302 3
245 302 3
245 303 3
259 318 3
260 318 3
261 318 3
290 291 3
291 292 3
292 293 1
293 294 0
237 295 3
237 296 3
238 296 3
255 313 2
257 313 3
297 298 3
243 300 3
302 303 3
304 305 3
257 315 3
259 317 3
326 327 3
296 297 0
299 300 3
303 304 3
313 315 3
315 316 3
316 317 3
317 318 3
327 386 3
295 296 3
254 313 3
321 322 3
323 327 3
294 295 3
298 299 3
243 301 3
253 313 3
261 319 3
262 319 3
272 455 3
300 301 3
301 302 3
390 455 3
455 459 3
318 319 3
264 323 3
322 323 3
306 364 3
253 370 3
323 382 3
286 463 3
305 364 3
309 368 3
252 368 3
311 369 3
311 370 3
368 369 3
313 370 3
327 382 3
306 365 3
286 339 3
307 365 3
308 367 3
313 372 3
331 388 3
309 367 3
315 372 3
386 388 3
388 500 3
301 360 3
302 360 3
370 371 3
313 371 3
388 389 3
298 357 3
299 357 3
303 360 3
319 378 3
319 321 3
321 378 3
296 355 0
308 365 3
294 352 3
297 355 3
305 363 3
364 365 3
308 424 3
290 348 3
291 349 3
292 350 3
293 351 0
295 352 3
300 357 3
300 358 3
303 419 2
304 419 2
304 362 0
304 363 3
367 424 3
367 368 3
315 373 3
316 374 3
322 382 3
348 349 3
349 350 3
350 351 0
351 352 1
298 355 3
298 356 3
357 358 3
362 363 2
365 424 3
356 357 3
301 358 3
362 419 1
363 364 3
369 370 3
371 372 3
316 373 3
319 434 3
386 498 3
500 559 3
360 419 3
373 374 3
317 375 3
322 439 3
388 498 3
388 559 3
295 353 3
296 353 3
372 373 3
352 353 3
355 356 3
318 375 3
367 425 3
317 374 3
382 439 3
424 425 3
322 378 3
322 438 3
386 444 3
500 622 2
358 416 3
301 416 3
360 416 3
444 498 3
319 375 3
378 438 3
438 439 3
353 412 3
296 412 0
362 420 1
319 435 3
355 412 1
419 420 3
374 375 3
375 434 3
434 435 3
378 435 3
498 559 3
357 416 3
339 460 3
356 414 3
414 416 3
286 460 3
400 459 3
416 417 3
360 417 3
370 428 3
382 440 3
327 440 3
400 455 3
459 460 3
349 408 3
350 408 3
439 440 3
365 423 3
363 420 3
364 423 3
370 429 3
371 429 3
437 438 3
352 410 3
423 424 3
378 437 3
400 460 3
348 406 3
349 407 3
351 408 1
353 411 3
355 414 3
363 421 3
364 422 3
368 426 3
369 427 3
369 428 3
406 407 3
407 408 3
351 410 1
411 412 3
421 422 3
425 426 3
426 427 3
327 444 3
353 410 3
327 498 3
355 413 1
420 421 3
427 428 3
428 429 3
414 415 3
415 416 3
422 423 3
372 429 3
398 449 3
390 398 3
460 461 3
286 461 3
408 467 3
412 413 3
372 487 2
375 433 3
398 500 3
397 398 3
351 467 1
429 487 3
374 433 3
378 436 3
500 508 3
417 419 3
433 489 1
433 490 1
433 434 3
435 436 3
436 437 3
372 374 3
398 508 3
410 467 3
417 476 3
419 476 3
372 489 1
489 490 3
374 489 1
398 455 3
410 411 3
355 472 1
419 477 3
414 472 1
416 475 1
476 477 3
428 486 3
487 489 1
400 461 3
417 475 3
420 477 3
412 470 3
413 470 3
413 472 3
411 470 3
475 476 3
421 479 3
422 481 3
436 438 3
400 516 1
422 479 3
423 481 3
438 440 3
440 498 3
438 555 2
400 517 1
415 472 1
420 478 3
425 484 3
426 484 3
286 521 1
406 464 0
407 465 3
411 469 3
413 471 3
415 473 1
416 473 1
416 474 1
477 478 3
420 479 3
427 485 3
428 485 3
461 521 1
464 465 1
410 468 3
410 469 3
469 470 3
470 471 3
471 472 3
472 473 3
473 474 3
474 475 3
422 480 3
424 481 3
427 484 3
485 486 3
438 495 2
440 555 2
408 465 3
467 468 3
478 479 3
480 481 3
435 493 2
436 495 2
495 555 2
468 469 3
428 487 3
434 493 2
495 496 3
465 467 3
479 480 3
484 485 3
486 487 3
433 491 1
433 550 1
434 550 1
436 494 2
496 555 3
554 555 3
493 550 1
436 493 2
494 495 3
496 554 3
498 500 3
493 494 3
467 524 3
550 551 0
425 541 1
484 541 1
493 551 3
465 524 3
467 525 3
524 525 3
425 540 3
490 548 3
475 534 3
476 534 3
424 540 3
484 542 1
490 491 3
491 550 3
490 547 3
468 525 3
474 534 3
540 541 1
485 542 1
485 544 2
486 544 3
486 545 3
487 545 3
489 547 3
398 562 3
487 546 3
498 555 2
508 562 3
481 540 3
489 546 3
470 529 3
471 529 3
479 537 3
481 538 3
541 542 3
545 546 3
547 548 3
491 548 3
500 562 3
398 571 1
464 522 3
465 523 3
468 526 3
469 527 3
470 527 3
470 528 3
472 530 3
477 534 3
478 536 3
478 537 3
480 538 3
538 540 3
494 552 3
495 553 3
496 553 3
499 555 2
498 499 3
522 523 1
523 524 3
526 527 3
529 530 3
473 530 3
473 531 3
474 531 3
477 536 3
536 537 3
479 538 3
538 539 3
491 549 3
495 552 3
562 622 1
527 528 3
528 529 3
537 538 3
494 551 3
553 554 3
555 557 3
455 457 3
525 526 3
530 531 3
474 532 3
539 540 3
552 553 3
555 556 3
398 457 3
400 457 3
531 532 3
548 549 3
549 550 3
499 557 2
477 535 3
551 552 3
534 535 3
556 557 3
535 536 3
546 547 3
400 574 1
500 620 3
542 544 0
620 678 3
499 500 3
620 622 3
539 597 3
486 603 3
545 603 3
397 457 3
527 585 2
528 586 3
536 594 3
547 605 3
551 609 3
529 586 2
534 592 0
535 593 3
536 593 3
544 603 3
546 605 3
557 616 3
474 592 0
593 594 3
537 595 3
557 615 3
346 461 3
528 585 2
532 592 2
594 595 3
538 595 3
545 604 3
546 604 3
550 608 2
551 608 3
608 609 3
346 635 1
346 694 1
526 585 2
532 590 0
540 599 1
541 599 3
635 694 0
525 583 0
526 584 0
529 587 0
532 589 0
549 608 2
552 609 3
499 616 3
522 580 1
523 581 0
525 584 0
530 587 0
589 590 3
540 598 2
542 599 3
604 605 3
552 610 3
556 615 3
580 581 3
524 581 0
583 584 1
584 585 1
585 586 1
591 592 3
597 598 3
598 599 1
609 610 3
586 587 0
532 591 2
535 592 3
538 597 2
542 600 0
544 600 1
603 604 3
548 605 3
524 582 0
524 583 0
531 589 0
549 665 2
553 555 3
397 568 3
400 689 1
346 400 3
581 582 3
548 665 3
555 615 3
499 560 3
398 568 3
457 568 3
457 689 1
530 588 0
590 591 3
608 665 3
555 619 2
560 616 3
582 583 0
587 588 3
531 588 0
595 597 3
599 600 0
544 660 3
461 753 1
603 660 3
553 619 0
346 753 1
588 589 3
615 616 3
568 624 1
592 593 3
553 610 3
560 620 3
604 662 3
605 665 3
500 560 3
603 662 3
605 664 3
664 665 3
555 561 2
560 678 3
346 689 1
600 660 0
608 666 3
610 669 3
553 669 1
561 619 3
561 615 3
595 653 3
609 666 3
583 641 3
597 653 3
597 655 3
598 655 3
619 669 1
586 645 0
589 647 2
597 654 3
603 661 3
605 662 3
600 658 2
600 659 0
659 660 0
661 662 3
560 615 3
580 638 3
581 638 3
587 645 3
594 653 2
599 658 3
398 622 1
582 641 0
585 643 2
586 643 0
588 647 3
589 648 2
590 648 2
591 649 3
592 649 3
592 651 2
654 655 3
590 649 3
593 651 3
653 654 3
598 656 3
586 644 0
644 645 3
588 646 3
647 648 3
649 651 3
594 651 3
599 656 0
605 663 3
581 640 1
582 640 3
583 642 3
584 642 0
643 644 3
645 646 3
646 647 3
648 649 3
660 661 3
662 663 3
663 664 3
560 676 3
651 653 3
676 678 3
640 641 3
585 642 2
655 656 3
609 667 3
641 642 3
642 643 3
666 667 3
610 667 3
653 710 3
622 678 0
651 710 1
658 659 0
638 697 1
581 697 1
665 722 3
560 561 3
398 678 3
640 697 3
664 722 3
656 658 1
619 729 1
568 861 3
665 666 3
667 669 3
561 729 1
457 747 1
689 747 2
651 708 1
669 726 3
649 707 1
649 708 1
666 724 3
667 726 3
648 706 3
648 707 3
660 718 3
667 724 3
707 708 3
655 713 3
656 715 3
658 715 0
661 718 3
641 699 3
645 703 3
706 707 3
656 713 3
659 718 0
642 699 3
643 701 3
658 716 0
659 716 1
661 719 3
644 701 3
646 703 3
653 711 3
653 712 3
654 712 3
715 716 3
662 719 3
665 724 3
638 696 1
640 698 3
642 700 3
643 700 3
644 702 3
710 711 3
711 712 3
659 717 3
662 720 3
346 751 1
696 697 3
641 698 3
700 701 3
655 712 3
716 717 0
718 719 3
719 720 3
663 720 3
619 728 1
346 752 1
698 699 3
645 702 3
712 713 3
669 728 3
752 753 3
699 700 3
701 702 3
663 722 3
568 746 1
697 698 3
646 704 3
708 710 3
717 718 0
703 704 3
647 704 3
647 705 3
647 706 3
705 706 3
667 783 0
728 729 3
568 747 1
346 747 1
724 783 0
346 748 1
713 715 3
561 731 1
669 785 2
708 767 3
710 767 3
726 783 0
726 785 3
702 703 3
704 705 3
724 782 3
806 861 0
568 806 1
678 910 1
747 806 3
663 779 3
728 785 3
398 910 1
720 779 3
722 779 2
782 783 0
697 755 3
698 755 3
703 761 3
704 761 3
722 781 0
729 731 2
731 788 2
398 861 3
699 757 2
700 757 3
767 768 3
710 768 3
665 781 0
724 781 0
346 810 1
752 810 3
753 810 3
698 756 2
699 756 2
701 759 3
713 771 3
729 788 3
560 790 1
716 775 3
718 776 1
561 790 1
702 761 3
707 765 3
712 771 3
715 771 3
715 772 3
717 775 1
717 776 3
561 788 1
346 806 1
755 756 1
704 762 3
706 765 3
711 768 3
711 770 3
712 770 3
696 754 3
700 758 3
702 759 3
702 818 1
707 767 2
771 772 3
715 773 3
715 774 3
719 777 1
720 777 1
722 780 0
726 784 0
753 811 3
754 755 3
701 758 2
706 764 3
765 767 3
772 773 3
716 774 3
779 780 0
781 782 1
783 784 0
784 785 1
774 775 3
775 776 3
728 786 3
346 864 1
810 811 3
758 759 2
759 818 1
705 764 3
780 781 3
806 864 2
761 818 1
761 762 1
705 762 3
773 774 3
718 777 1
729 786 2
676 909 1
678 909 1
757 758 2
764 765 3
398 801 1
770 771 3
777 779 0
785 786 1
786 787 3
729 787 2
756 757 0
762 764 3
676 850 1
768 770 1
560 850 1
909 910 3
398 1034 0
767 824 3
776 777 3
777 778 0
777 836 0
861 1034 0
779 836 3
561 847 1
790 847 0
788 847 3
762 818 3
765 824 2
772 830 3
560 849 1
346 867 1
810 867 3
824 825 3
771 830 2
773 830 3
783 841 1
790 849 0
849 850 1
756 814 0
759 817 1
778 836 3
784 841 1
757 816 1
758 816 1
775 833 3
776 833 3
782 841 1
790 848 1
757 814 1
786 845 3
787 845 3
810 868 3
767 825 2
767 826 2
773 831 3
787 788 3
867 868 3
810 869 3
817 818 3
762 820 3
825 826 3
768 826 1
774 831 3
847 848 1
850 909 0
811 869 3
754 812 1
755 813 1
755 814 1
758 817 1
818 819 3
768 827 1
775 832 3
779 837 3
780 838 1
781 839 3
782 840 1
784 842 1
785 843 0
786 844 3
788 845 3
812 813 3
813 814 0
762 819 3
764 822 3
765 822 3
770 827 2
771 828 2
774 832 3
836 837 3
837 838 3
838 839 0
839 840 1
840 841 3
841 842 0
842 843 3
843 844 1
848 849 0
868 869 3
814 816 1
764 820 3
822 824 3
826 827 3
770 828 2
771 887 2
830 887 3
777 835 3
844 845 3
830 831 3
832 833 3
776 835 3
835 836 0
820 822 3
827 828 3
816 817 3
819 820 3
806 1034 0
828 887 3
806 1037 0
864 1037 0
820 879 2
776 892 3
788 905 3
847 905 3
850 908 0
908 909 3
822 879 3
833 892 3
822 880 3
822 881 3
824 881 3
835 892 3
831 832 3
845 905 3
814 872 2
816 872 3
816 874 3
879 880 3
831 890 3
848 905 0
832 890 3
1034 1037 3
868 927 3
817 875 0
845 904 3
904 905 3
869 927 3
872 874 3
817 876 3
818 876 3
824 882 3
825 882 3
833 890 3
819 876 3
878 879 3
826 884 3
827 885 3
830 888 3
825 884 3
887 888 3
831 888 3
831 889 3
833 891 3
835 894 0
836 894 2
838 896 0
844 903 3
845 903 3
867 927 3
812 870 3
813 871 3
817 874 3
875 876 3
827 884 3
828 886 3
889 890 3
890 891 3
837 895 0
839 896 3
839 897 3
840 898 0
841 898 0
841 899 0
842 900 0
843 901 0
844 901 0
903 904 3
848 906 0
849 907 1
870 871 3
871 872 3
819 877 3
820 877 3
881 882 3
885 886 3
891 892 3
894 895 0
895 896 3
896 897 3
897 898 3
899 900 3
900 901 3
844 902 2
849 906 1
850 907 2
874 875 3
820 878 2
886 887 3
888 889 3
898 899 3
901 902 1
906 907 3
398 1027 1
977 1034 0
977 1037 0
978 1037 0
880 881 3
835 951 3
902 903 3
910 1027 1
977 978 3
877 878 3
892 951 3
905 906 3
398 972 1
909 967 3
910 967 3
346 1037 1
884 885 3
907 908 3
872 931 2
874 931 2
894 951 1
908 967 3
825 941 3
884 941 3
867 985 2
927 985 2
882 941 3
876 877 3
910 968 3
967 968 3
968 1027 1
346 983 1
346 985 1
897 955 1
898 955 1
905 963 3
906 964 3
875 933 3
875 934 3
876 934 3
877 934 3
879 937 3
880 939 3
881 939 3
905 964 3
878 936 3
902 961 1
933 934 3
880 937 3
899 957 1
902 960 1
903 961 1
904 963 3
870 928 2
871 929 2
872 930 3
879 936 3
882 940 0
884 942 1
885 943 1
886 944 3
887 945 3
888 946 3
889 947 3
890 948 3
891 949 3
892 950 3
894 952 1
895 953 1
896 954 3
897 954 3
898 957 1
899 958 1
900 958 1
901 959 1
901 960 1
904 961 2
907 966 2
908 966 3
928 929 3
929 930 0
874 933 1
936 937 3
939 940 0
940 941 1
941 942 1
942 943 3
943 944 3
944 945 3
945 946 3
946 947 3
947 948 3
948 949 3
949 950 3
950 951 3
951 952 3
952 953 3
953 954 0
958 959 0
959 960 3
963 964 3
966 967 3
346 1040 1
930 931 1
931 933 3
934 993 0
877 993 0
955 957 0
960 961 3
878 993 3
904 1021 3
954 955 1
906 966 2
936 993 3
957 958 1
961 1021 1
906 1023 3
966 1023 1
963 1021 3
937 939 3
964 1023 3
933 992 2
934 992 3
937 996 3
939 996 3
346 1042 1
985 1042 3
931 990 3
933 990 3
954 1013 1
955 1013 0
1020 1021 3
968 1026 1
1026 1027 3
955 1014 0
957 1014 3
957 1015 3
958 1015 0
961 1020 1
1034 1035 3
977 1035 0
967 1026 1
931 989 3
933 991 2
937 995 3
1013 1014 3
964 1021 3
978 1036 0
989 990 3
991 992 3
936 995 3
1036 1037 3
928 986 3
929 987 3
930 988 1
936 994 3
939 997 3
940 998 1
941 999 0
942 1000 3
943 1001 3
944 1002 3
945 1003 3
946 1004 3
947 1005 3
948 1006 3
949 1007 3
950 1008 3
951 1009 3
952 1010 3
953 1011 3
954 1012 1
958 1016 0
959 1017 3
960 1018 3
961 1019 3
964 1022 3
966 1024 1
967 1025 1
985 1043 3
986 987 3
987 988 3
988 989 3
993 994 3
994 995 3
995 996 3
996 997 3
997 998 0
998 999 1
999 1000 1
1000 1001 3
1001 1002 3
1002 1003 3
1003 1004 3
1004 1005 3
1005 1006 3
1006 1007 3
1007 1008 3
1008 1009 3
1009 1010 3
1010 1011 3
1011 1012 3
1012 1013 3
1014 1015 3
1015 1016 3
1016 1017 3
1017 1018 3
1018 1019 3
1019 1020 1
1023 1024 3
1024 1025 3
1025 1026 3
1027 1034 0
977 1036 0
1042 1043 3
992 993 0
1021 1022 3
1022 1023 3
1035 1036 3
