-0.00228341 0.30122 22.2156
-0.00228341 0.30122 22.2156
-0.00228341 0.30122 22.2156
-0.00228341 0.30122 22.2156
-0.00228341 0.30122 22.2156
0.139574 -0.253196 2.94997
-0.337322 -0.16685 77.7293
-0.0245113 0.00834323 22.9587
-0.0319691 0.0118086 24.0484
0.00657168 -0.384463 33.541
-0.00801563 0.153529 25.2025
-0.0475536 -0.0289918 37.0096
-0.0585379 -0.0181591 39.2888
-0.0369688 -0.0218217 33.5389
-0.0529025 -0.0312393 39.0224
-0.0537711 -0.0107839 38.1227
-0.0903465 -0.0534292 50.6726
-0.0335395 0.195109 21.6058
-0.0353822 0.0630996 23.6113
-0.0673811 0.00152605 38.0233
-0.07875 -0.00961884 42.7214
-0.0640853 0.00543772 36.1187
-0.0487589 0.0266001 27.6122
0.00139659 -0.497242 14.3596
0.00149233 -0.487035 14.1563
0.00104746 -0.466693 14.0925
-0.000206656 -0.417513 14.2669
-0.00716843 -0.8492 22.4709
-0.012732 -0.353574 21.0706
-0.0255655 -0.303412 28.5698
-0.0290791 -0.29694 30.824
-0.133963 -0.258277 277.768
0.0189606 -0.826681 176.75
-0.31739 -0.0609686 240.49
0.0173717 -0.114305 7.72577
0.0354512 -0.129058 -6.09349
0.0191186 -0.177801 8.0928
0.00404608 -0.158595 21.2403
-0.0600513 -0.411401 79.6743
-0.0110097 -0.174835 33.1248
-0.00895486 -0.207766 32.5053
0.0852345 0.0399877 -54.6671
0.0375537 -0.013065 -10.722
0.000695643 0.0156686 22.5561
-0.001327 0.0103671 24.4613
0.0051611 0.00556455 18.207
0.0104358 0.00122962 13.0434
0.0107943 -0.00100857 12.7139
0 0 -1
0 0 -1
0.00429285 0.018826 0.426685
0 0 -1
0.070097 -1.839e-13 -58.4441
-0.00267093 0.0164061 8.28069
0.0154002 0.123089 0.991792
0.0154002 0.123089 0.991792
0.0154002 0.123089 0.991792
0.0154002 0.123089 0.991792
0.00235802 -0.220275 38.0849
-5.39602e-05 -0.214785 37.9824
-0.00807337 -0.206257 38.0832
-0.0226893 -0.196499 38.7468
-0.0420335 -0.190843 40.2393
-0.0571411 -0.192103 41.888
-0.340089 -0.178751 78.0678
-0.0374681 -0.00531846 25.8011
-0.0293197 0.0257205 23.3428
0.148796 0.248323 -9.12486
0.0946617 -0.467334 16.3954
-0.0645461 -0.096074 43.125
-0.0404583 -0.0331251 34.8462
-0.0523487 -0.0520871 38.8159
-0.0513954 -0.0739088 39.2356
-0.0569123 -0.0738721 41.1308
-0.0134962 -0.0633324 25.1753
0.0130807 -0.234175 20.8196
0.00241065 -0.318383 27.4909
0.0153397 -0.150621 17.2449
-0.0679581 -0.0121294 38.3343
-0.241374 -0.0826052 127.122
-0.03002 -0.00505366 20.4257
0.00706857 0.226597 -4.88168
-0.0763181 -0.0149192 57.674
0.323409 -0.383083 -155.922
0.138016 -0.217022 -60.0515
0.151978 -0.023072 -74.8631
0.153636 -0.0335075 -75.5991
-0.0330654 -0.287824 33.2437
0.718099 0.212158 -458.495
0.0315321 0.166309 -16.9799
0.0740708 0.156841 -46.6024
-0.323046 -0.0523465 244.33
0.0214231 -0.117057 4.84898
0.0257724 -0.0991384 1.04066
0.0499243 -0.0936785 -18.2459
0.0199604 -0.132463 6.19546
-0.0765673 0.0765061 80.9088
-0.0614302 -0.300665 77.4499
0.0661978 0.0244973 -41.4849
0.179485 0.00600027 -138.471
-0.00618846 0.0253808 28.7388
-0.00769832 0.0160802 30.4111
-0.00529819 0.0107829 28.2685
0.000864598 0.00610526 22.4236
0.00640988 0.00156945 17.0777
0.00806253 -0.00114266 15.5039
0.0730671 1.3275 -102.233
0.0730671 1.3275 -102.233
0.087361 1 -97.0942
0.0239986 1.20825 -45.9029
0.070097 -1.88049e-13 -58.4441
-0.00414402 1.20525 -14.4615
0.015396 0.123098 0.996555
0.0154002 0.123089 0.991792
0.0154002 0.123089 0.991792
0.0154002 0.123089 0.991792
0.00677762 -0.220286 38.0378
0.00607849 -0.214944 37.7947
0.00031514 -0.206573 37.6525
-0.0161806 -0.19647 38.2738
-0.0452903 -0.192053 40.6549
-0.0897387 -0.191883 45.6945
-0.179242 -0.143042 53.6571
-0.0911931 0.0451191 25.3523
-0.0257157 0.0199336 23.1618
0.163167 -0.0151767 5.26418
0.0376636 -0.278982 20.574
0.0387032 -0.36907 25.1498
0.0936794 -0.500534 18.9131
0.108242 -0.492284 14.8981
-0.0423663 -0.0901949 37.4167
-0.0662706 -0.0726468 43.9463
-0.0799233 -0.0626245 47.6516
-0.0893102 -0.0389342 49.8289
-0.117917 -0.0357309 60.347
-0.0762967 -0.0263269 43.2041
-0.094878 -0.0539749 52.1872
-0.0469674 -0.0230053 28.8287
0.000307553 -0.0270049 6.49807
0.0243323 -0.0251229 -5.02616
-0.00209188 -0.0289769 18.6787
-0.0578086 -0.0662449 50.5423
-0.0158877 0.371541 0.897427
0.0784798 -0.0204893 -30.1297
0.0835195 -0.0465833 -31.5356
0.497709 0.16778 -318.672
-0.179921 0.22995 116.195
0.0549749 0.271479 -38.9545
0.00285937 0.262255 -2.25035
0.0213475 0.0784084 -5.171
0.0303307 -0.157995 0.223684
0.0149431 -0.106292 9.36568
0.0302702 -0.118579 -2.93658
0.0273387 -0.069821 -3.73897
0.0755276 -0.0782384 -42.4331
0.714438 -0.109228 -590.454
0.00958398 0.0054467 -5.69589
0.175964 0.0197733 -135.86
0.0106085 0.00201657 -6.36503
0.0393741 0.12473 -29.611
0.0306598 0.122008 -21.2364
0.00175822 0.179818 3.38714
0.0002101 0.158298 6.04962
0 0.165483 5.51491
0.000338259 0.139009 6.94813
-0.000510412 0.121348 8.79594
-0.00324561 0.105126 12.6187
0.00834279 0.122957 -1.73726
0.00960092 0.117512 -2.88358
0.0156128 0.106026 -9.17108
0.0210236 0.0833733 -14.2863
0.00120817 0.164594 4.12537
0.0293539 0.104196 -25.2554
-0.000908115 0.1724 6.24369
0.00857041 0.409803 -2.61767
0.00849236 0.407659 -2.44364
0.00747034 0.405051 -2.19326
-0.623449 0.112049 79.9553
0 0 -1
-0.114291 -0.188196 48.147
-0.141034 -0.0818193 42.9927
-0.0915038 0.0316283 26.4566
-0.00519592 0.00952566 19.7714
-0.0231469 0.0569524 10.289
-0.029921 0.0291139 14.252
-0.0194826 -0.0219547 15.8088
-0.0202356 -0.00416489 14.5358
0.153101 -0.317364 -10.8953
0.098682 -0.541676 21.5958
0.11024 -0.523702 16.2418
-0.0748046 -0.0556582 46.1083
-0.107051 -0.0399322 57.4144
-0.0878025 -0.00699154 43.7946
-0.0751151 -0.0482314 42.9253
-0.0730929 -0.049596 41.6853
-0.0368303 -0.026625 23.8164
0.0207867 -0.037816 -2.73133
0.050285 -0.0175549 -18.3497
0.113655 0.0545644 -55.1779
-0.0179058 -0.227443 37.2024
-0.0299849 -0.201097 41.4966
-0.0154979 -0.172743 31.0963
0.0976177 -0.0564095 -39.8015
-0.135491 -0.120787 109.765
-0.0834673 -0.178879 80.549
-0.00240436 -0.29031 33.1826
-0.0262098 -0.185398 41.7905
0.0054491 -0.127588 14.2959
0.0087762 -0.07319 4.36937
0.033095 -0.1184 -5.70207
0.000669789 -0.130986 20.9901
0.0537802 -0.130381 -20.8506
0.0516606 -0.0783346 -22.8804
-0.0119686 -0.00508821 13.6313
0.00916532 0.0082366 -5.39402
0.153853 0.0953427 -138.225
-0.00483631 -0.366629 48.4195
-0.0369355 -0.0158995 52.0434
-0.0242898 -0.623599 80.2558
-0.0196644 -0.515496 67.3517
0.0115217 0.0145699 -7.82072
0.018545 0.0152532 -14.6558
0.0176615 0.0211771 -13.941
-0.00418179 -0.50047 49.8598
0.00604658 0.0241412 -1.65236
0.0146661 0.0174501 -10.7059
-0.00343343 0.0256334 8.75202
-0.00154042 0.0200429 6.91092
-0.00495699 0.0166647 10.916
-0.00635191 0.0158014 12.6553
-0.00606099 0.0163092 12.263
-0.0053403 0.0163505 11.3908
4.57423e-15 0.493537 1.47223
4.57423e-15 0.493537 1.47223
-0.206739 0.112863 41.471
0.00386663 0.527367 -2.1207
-0.073806 0.0063019 26.7897
-0.073805 0.00630191 26.7895
-0.0868904 0.0457981 23.5253
-0.0898693 0.0151412 27.6018
-0.0889159 0.0532913 23.4962
-0.0337812 0.062588 12.0721
-0.0362321 0.0528052 13.4726
-0.039755 0.0193088 17.3614
-0.0349249 -0.00262352 18.3169
-0.0208741 0.00381515 13.7544
0.00828994 0.027846 2.30027
0.0372426 0.0467282 -8.593
-0.00417936 0.0259322 8.75022
-0.00412168 -0.00512415 12.5405
-0.0832286 -0.00428497 42.697
-0.109392 -0.0259763 56.0513
-0.0629341 -0.0179359 35.4643
-0.0257508 -0.0244245 18.2301
0.00144598 -0.0396793 7.02113
-0.015854 -0.0226502 15.4918
0.0104577 -0.0511075 4.23583
0.00107111 -0.034369 7.75022
-0.0197758 -0.128939 29.2825
-0.0305351 -0.103892 32.9194
-0.0084159 -0.00976252 9.72006
0.0050192 -0.0113483 1.25688
0.0400046 -0.0272824 -19.4414
0.0218225 -0.0767773 -2.23656
0.00120313 -0.09374 13.7404
0.000649747 -0.0592037 9.40483
0.00177636 -0.194983 23.0042
0.0473903 -0.181917 -12.4212
-0.058133 -0.0605074 57.0525
0.00304327 0.00904185 0.156229
-0.00435345 -0.00999178 8.04239
0.0658318 0.127745 -63.1965
0.0156732 0.0156659 -11.7911
0.151746 0.0680064 -133.858
0.00226056 -0.0823431 13.841
0.358267 -0.188257 -305.659
0.0149102 0.0142147 -11.1828
-0.299526 0.304129 271.103
0.0378339 0.0148263 -33.49
0.00367625 -0.0747378 12.4919
0.0257708 0.0180239 -22.1011
0.0166464 0.0259578 -13.0087
-0.0271178 0.278934 9.83595
0.00427306 0.025414 0.320026
0.0655443 0.0589827 -31.0999
0.0843752 -0.218795 -59.338
-0.0179068 0.0044293 27.2088
0 0.0766712 0.783228
-0.0110735 -0.183853 48.6404
0.006194 -0.30766 40.0921
-0.00742403 0.0483652 15.3562
-0.00561751 0.039631 16.3309
0.0159937 -0.00443116 20.8848
0.000493353 0.433203 -34.2182
-0.117599 -0.0613047 57.1278
-0.0600091 -0.00574944 26.0243
-0.0747614 -0.00204451 26.9448
-0.0711227 0.0114742 24.9764
-0.0660275 0.0299106 21.7531
-0.0404885 0.0349958 16.0734
-0.0473364 0.026955 18.439
-0.0431318 0.0704652 11.9991
-0.0328648 0.0176607 15.4818
-0.0147747 0.033015 8.59065
0.0479353 0.0750985 -15.2827
0.0396071 0.0717859 -11.717
-0.0120972 0.0361096 10.733
0.015211 0.0235033 1.76687
-0.075826 0.00811765 38.9588
-0.0996139 0.0122863 48.2588
-0.0970851 0.000522536 48.0485
-0.0178309 -0.00444783 12.3145
0.0424695 -0.0234813 -13.4858
0.025414 -0.0275779 -4.77847
-0.00447719 -0.026383 9.89704
-0.0083206 -0.0332083 12.6054
-0.0129928 -0.0561185 17.7742
-0.0134071 -0.0252725 15.0065
0.0378859 0.00921161 -20.6051
0.0113529 -0.0216543 -1.66851
0.042487 -0.0207669 -21.2462
0.00870429 -0.0390206 3.2161
-0.0189102 -0.0494004 23.6843
-0.0445142 -0.0674789 43.7959
0.0211112 -0.0779914 -2.46772
0.14564 -0.0283272 -105.822
-0.134225 -0.0545738 119.12
0.0558246 -0.326748 2.17166
0.147438 0.0154598 -115.909
0.0148049 0.00261143 -10.073
-0.00973728 0.00506261 10.9293
0.344494 -0.0580357 -296.9
0.29233 0.161293 -282.136
0.430201 -0.0113258 -392.719
0 0.0678993 -0.55801
0.0415707 -0.168213 -15.8544
0.0815073 -0.106996 -65.2325
0.0409975 -0.110755 -21.9654
0.0133965 0.0185764 -9.37772
0.0183159 0.0163514 -13.9957
0.0112746 0.0128362 -6.1192
0.0226744 0.0122731 -18.665
0.000639448 0.00942146 5.86085
0.0145938 -0.0735891 -0.137463
-0.0115043 -0.00552447 22.5735
0 -0.0316964 11.9931
-0.00929914 0.00582831 16.8971
-0.00913648 0.00547085 16.7412
-0.00875194 0.0490495 15.3034
-0.0105571 0.0458537 15.8125
-0.00411833 0.0348597 16.6446
0.00277059 -0.00544387 22.3939
-0.0799718 -0.064976 53.2031
-0.0501895 -0.000428502 23.3671
-0.0535107 0.134489 5.46263
-0.0489592 0.0400104 17.5168
-0.0606032 0.150736 4.12869
-0.0440462 0.0628378 12.85
-0.00186718 0.147416 -7.52957
-0.0784023 0.144179 10.4139
-0.0153879 0.106188 -1.06065
0.0225138 0.121884 -12.9854
0.235262 0.0561494 -72.4039
0.00471099 0.0290348 6.21224
-0.0235854 0.0213772 16.6224
-0.0025703 0.0149557 9.78816
-0.0508484 -0.0168789 31.3615
-0.080215 0.00755065 40.2768
-0.0882562 0.00474117 44.0396
-0.0299055 0.0207985 14.3885
0.00608842 -0.010891 1.74619
0.00786685 -0.0210914 3.39378
0.000311509 -0.0472104 9.78748
-0.0133253 -0.0535268 18.6656
-0.0110396 -0.0592764 16.8577
-0.00519067 -0.0512628 12.3123
0.00417824 -0.0321549 3.97831
0.0176685 -0.0457023 -2.65744
0.0128762 -0.0416914 -0.195617
0.0236676 -0.0540344 -4.95899
-0.134069 0.0114542 97.7635
-0.00504138 -0.00676696 7.05102
0.00983884 -0.0147543 -3.49342
0.010052 -0.0162025 -3.45557
0.0214472 -0.00436007 -14.6317
0.0104473 -0.00923552 -4.86728
0.0137803 0.00111633 -9.09112
0.00586167 -4.61335e-05 -1.6273
-0.0240072 0.0085192 23.3746
-0.0146526 -0.0226623 19.8633
-0.00582845 -0.109726 23.5218
0.571562 0.631094 -609.55
0 -0.0892773 15.1517
0.0145325 -0.33682 38.0761
0.000959138 0.0166873 -0.944254
0.0165981 0.0205159 -13.7007
0.00829584 -0.0596305 4.00926
0.229392 0.164873 -256.408
0.0279157 -0.211987 4.95161
-0.0158687 0.0132218 23.685
0.0400596 -0.36933 12.0843
-0.0129323 0.0134405 20.3808
0 0 -1
-0.00973702 0.006608 17.3386
-0.00921234 0.00515351 16.8744
0.08255 0.0425424 -98.17
-0.00875194 0.0490495 15.3034
0.00307633 0.129147 12.7203
0.00340647 0.0259706 17.7443
-0.0525692 -0.00085628 40.6828
-0.0787195 -0.0125664 44.984
-0.112678 -0.0239577 50.1854
-0.0237145 0.672753 -81.4301
0.0297471 0.0165353 8.38452
-0.030767 0.115712 4.47918
-0.0312037 0.162361 -3.13102
-0.0332004 0.140983 0.911505
-0.0658017 0.201116 -1.31354
-0.0212533 0.196178 -11.6392
0.00670101 0.100149 -4.85328
-0.0587175 0.0104734 37.879
-0.0535216 0.016858 27.6643
-0.032432 0.00984065 21.4259
0.00398537 0.0189453 6.5093
-0.0723448 0.012073 38.41
-0.08142 -0.0112148 43.6563
-0.0805367 0.000892877 41.3863
-0.0601569 0.0333547 26.3951
-0.0190448 0.0208329 9.15475
0.000627028 0.0277243 -1.60743
-0.00789264 -0.0104548 17.7869
-0.0743776 -0.0177606 54.6975
-0.00925062 -0.0386277 12.9305
-0.0149868 -0.0205845 13.3165
0.00353501 -0.0346939 4.51064
-3.91534e-05 -0.0191962 4.5852
0.00953054 -0.0259402 -1.22146
0.00335492 -0.0515081 7.60956
0.00869041 -0.0196535 0.0249366
-0.00751549 -0.0040726 7.93698
0.000505312 -0.0441516 8.12463
-0.00252698 -0.0185774 6.49756
0.0198683 -0.00372626 -13.4948
-0.241862 0.0722656 185.488
0.00755156 -0.0148616 -1.73401
0.177627 0.0557314 -156.963
0.0105621 -0.00089725 -5.45159
0.0227285 0.00750272 -17.5035
0.0178151 0.0211582 -14.9641
0.0149662 0.0109368 -11.0322
0.00836284 0.0449043 -8.88021
0.0099293 0.0500082 -11.199
-0.318474 0.238319 287.261
-0.00296644 0.0585964 0.332325
0.0379347 0.0872214 -39.1038
0.0312434 0.0510985 -27.9782
0.0127327 0.0355746 -11.6646
-0.0126734 0.0121584 20.2285
-0.0599165 0.040034 84.2699
-0.0541953 0.0188584 81.0491
-0.0501515 0.0130444 77.37
-0.0101934 0.00476853 18.0962
-0.00692933 -0.0810394 42.8837
-0.00692933 -0.0810394 42.8837
-0.00898337 0.174299 4.95093
-0.0072648 0.170826 5.54006
0.00210703 0.147938 9.28454
-0.0154834 0.0799322 23.3423
-0.0879703 0.0236215 39.6071
-0.101005 3.09853e-05 44.8956
-0.098271 0.0011043 44.1488
-0.0676693 0.0207081 36.3171
-0.080576 0.0676311 29.835
-0.138672 0.0826471 39.0139
-0.158328 0.0721661 45.7594
-0.12195 0.141165 23.5979
-0.0577372 0.0774846 19.459
-0.0831605 0.0496977 30.9385
-0.0452059 0.0328185 22.5157
-0.0523367 0.0064006 29.3435
-0.039696 0.0353657 19.191
-0.0224541 0.000426956 19.7422
-0.107708 0.000565595 53.3377
-0.0964639 0.00980791 46.4864
-0.0748997 0.0132583 36.6338
-0.0157787 0.103373 -6.28097
-0.0320892 0.0665349 7.74413
-0.0118006 0.104376 -8.60164
0.264283 0.0117555 -132.298
-0.0455851 0.00393723 35.1986
-0.0977306 -0.0143152 67.0539
-0.0020123 0.00888785 11.2402
-0.00397625 0.00664563 12.8712
-0.0495753 0.282586 -17.8094
-0.024649 0.278662 -33.2318
-0.00146902 -0.00788656 4.31415
-0.0150878 -0.00355364 14.0439
-0.0215807 0.0340269 12.0697
0.000740186 0.0294252 -3.87502
0.0677046 0.364585 -121.076
-0.00709619 0.0328911 2.29314
0.00627776 0.0166123 -6.17109
0.00985044 0.00295076 -6.46839
0.00725214 -0.000507669 -3.55925
-0.000370305 0.0337617 -3.91306
0.00676727 -0.00523041 -2.58135
-0.0120268 -0.0100902 16.0196
0.0316845 0.0285193 -29.0096
0.0589114 0.154256 -76.7553
0.0168842 0.075351 -21.7957
0 -0.183345 42.3036
0.367737 -0.0182817 -366.352
0.323473 -0.0473787 -314.47
-0.106706 0.0991495 109.491
-0.379882 -0.0225141 422.384
-0.00246969 -0.230532 54.9703
-0.00246969 -0.230532 54.9703
0.146854 0.0761432 -5.55159
-0.00311401 0.0708659 167.478
-0.00311401 0.0708659 167.478
0.0585097 -0.114786 55.9486
0.0588532 -0.114998 55.5855
-0.0126434 0.174543 4.96411
-0.0150136 0.169548 6.0725
-0.0262596 0.15105 10.5951
-0.0648408 0.0884551 25.0304
-0.115091 0.0709847 32.8659
-0.111245 0.0122098 43.8018
-0.0620891 0.0162512 35.9783
-0.0540354 0.0422423 30.2404
-0.0813706 0.0480193 33.8801
-0.101356 0.0598558 35.5219
-0.14118 0.0494736 45.4723
-0.123498 0.0186483 46.6708
-0.0603911 -0.239978 82.1272
-0.0435824 -0.0160093 31.2257
-0.0282178 -0.060099 34.5064
-0.0426522 0.00831615 25.701
-0.0701932 0.567443 -73.5586
-0.0257951 0.0712681 8.25922
-0.177386 0.0430701 128.721
-0.166696 0.0464385 123.481
0.215154 0.203222 -126.237
-0.179551 0.252569 93.4768
0.00396688 0.191928 -32.0558
0.0394192 0.189407 -50.0021
0.0152684 0.00534603 1.30345
-0.00927247 0.0152336 12.3357
0.0225579 0.236197 -51.0059
0.0154519 0.0479925 -7.05608
-0.00250351 0.0553268 2.12564
-0.0691116 0.245669 2.62696
-0.040221 0.312782 -29.6501
-0.0473405 0.336048 -29.5082
-0.110178 0.17903 47.1073
-0.039969 0.189622 -5.23168
-0.0309417 0.0975951 6.50266
-0.0200659 0.0532201 7.8146
0.0271613 -0.00397888 -19.6717
-0.0262555 0.0506696 13.6877
-0.000588311 0.0323706 -3.59704
0.117633 1.02212 -311.047
0.00533971 0.0178313 -5.20761
-0.00315181 0.0175893 1.45628
-0.338043 0.0405183 314.139
0.26207 0.313402 -300.336
-0.253556 0.146768 224.08
-0.256953 0.15701 234.706
0 0.217434 -29.9221
0.010746 -0.132602 44.3844
0.354747 -0.0245281 -351.381
-0.138822 0.121266 140.592
0.0307163 0.145052 -44.6523
0.0368616 0.148898 -52.1118
-0.0692439 0.0407096 91.0071
0.0601078 -0.521504 58.3556
-0.0192022 0.193749 -2.21759
-0.0103027 -0.0695668 42.1592
-0.0123127 -0.0754148 45.7668
-0.101216 -0.0895881 248.647
-0.0279586 0.262728 -46.5977
-0.0208346 0.267109 -47.905
0.0295773 0.292807 -56.1004
0.0231456 0.269177 -49.4165
0.0424527 0.296802 -58.7837
0.0733181 0.308736 -64.6312
0.0296303 0.222989 -39.2186
-0.000766778 0.187885 -25.9501
0.0245794 0.166587 -26.0755
-0.00830977 -0.00447513 19.6797
-0.0445982 0.154864 -9.37972
-0.0345269 0.11146 -0.824229
-0.0264174 0.167065 -15.3886
-0.0054292 0.174417 -23.4761
0.0394387 0.287607 -62.0104
0.0246046 0.29276 -58.1281
0.0150477 0.284485 -52.8965
0.00385365 0.207368 -31.2956
-0.00299429 0.278961 -44.9183
-0.00247786 0.290048 -47.6873
0.058743 0.153502 2.67385
0.016428 0.0599418 6.52871
-0.026 0.313961 -42.0858
-0.016748 0.287308 -41.1634
-0.031493 0.270989 -28.5158
0.00397727 0.30321 -55.2766
0.0008223 0.278411 -47.9779
-0.0201388 0.277745 -35.2137
-0.0281993 0.244831 -23.2674
-0.0269016 0.265193 -27.8735
-0.00328587 0.330317 -56.861
-0.0116206 0.387105 -64.7406
0.0129076 0.602648 -129.581
-0.0330735 0.139906 0.0695219
-0.0525357 0.0929467 25.0182
-0.0323857 -0.000576908 30.0364
-0.0176588 -0.00189616 18.2067
-0.00840641 -0.0104916 13.1466
-0.00676311 -0.000593513 9.77675
0.00541151 -0.00689739 0.837417
0.0134983 -0.0246262 -2.39938
0.0256176 -0.019343 -15.4431
0.0667154 -0.240998 0.791383
0.173242 0.101825 -171.696
0.16101 0.130068 -166.136
-0.240731 0.0888461 233.955
0.0320473 0.109915 -40.9425
0.0133707 -0.00963379 11.2432
0.0420502 -0.0678496 -4.26933
0.00777073 -0.110483 43.0061
-0.198555 0.0976688 208.96
-0.107998 0.145608 113.207
-0.0116849 0.010831 19.4722
0.00417782 0.135361 -6.53889
-0.0151732 0.138217 5.72332
-0.00575543 0.119268 -0.998083
-0.00637232 0.11502 0.76673
-0.00637232 0.11502 0.76673
-0.0164133 0.252183 -44.0767
-0.0131038 0.277817 -49.764
0.016227 0.293157 -54.707
-0.0121099 0.265767 -45.8895
0.0231634 0.273633 -51.0335
0.0217849 0.253853 -45.3638
0.00489345 0.19146 -27.7353
0.024337 0.182492 -29.1882
-0.00183658 0.203809 -30.3183
-0.00704132 0.233371 -36.3409
-0.0427648 0.196934 -18.8138
-0.0154847 0.166331 -18.3556
0.0709554 0.145166 -35.9727
0.0495159 0.325303 -73.8476
0.0144114 0.317028 -60.6458
0.022447 0.300661 -59.2637
0.00478858 0.288907 -50.24
0.00346005 0.287282 -49.5184
0.00173104 0.294468 -50.4832
0.000230267 0.294048 -49.7664
0.0772884 0.152487 -5.32315
-0.122428 0.0882361 62.9148
-0.0785529 0.264495 -3.65165
-0.0258789 0.244493 -24.9302
-0.0241517 0.255489 -28.558
0.00507254 0.27123 -48.3485
-0.000144544 0.274755 -46.5109
0.0231174 0.243394 -52.824
-0.0194505 0.265412 -33.0761
0.0188068 0.28785 -61.965
0.0424028 0.270129 -72.7113
0.0754214 0.293805 -100.036
0.109876 0.265437 -117.052
0.122911 0.268474 -126.867
0.285671 0.0144207 -192.885
0.00292969 0.03125 16.8864
-0.0183207 0.00261748 18.4051
-0.0122884 -0.250606 77.4957
0.00487738 -0.253584 64.1528
-0.0107626 -0.0143273 16.1765
0.0042976 -0.0141372 2.86784
-0.0165863 -0.0210752 22.547
-0.012419 -0.0105251 16.3811
0.208693 -0.092029 -157.873
0.261188 0.0391114 -240.752
0.0272893 -0.0838641 15.803
0.058519 -0.00700799 -34.4798
0.011931 -0.00186886 10.9985
0.0103127 -0.1128 40.1834
0.0496748 -0.0994785 -4.30216
0.00714986 -0.0579404 31.7198
-0.0266053 0.0151997 50.6546
-0.0428861 0.0356078 63.6805
-0.0397472 0.0442553 57.726
-0.019551 0.10467 18.9337
-0.00278354 0.102396 -0.438742
0.00175193 -0.0432674 98.0751
0.00175193 -0.0432674 98.0751
-0.00527393 0.230517 -38.7942
0.0131508 0.203852 -32.1947
0.00226316 0.227044 -36.4164
-0.0411504 0.317165 -58.4046
-0.0124212 0.267109 -46.6495
0.0148614 0.187186 -28.3786
0.017266 0.13521 -14.9237
0.012974 0.188482 -28.7212
0.00181101 0.479094 -103.476
-0.0312707 0.700143 -151.115
-0.0559446 0.749668 -158.766
-0.0274747 0.689119 -149.611
-0.0374699 0.295611 -39.454
-0.0255659 0.277764 -38.0856
-0.00326354 0.231898 -31.5607
-0.00137061 0.276842 -44.8594
0.00954424 0.275584 -48.3621
0.0101979 0.305317 -56.4656
-0.000325895 0.299406 -50.8826
-0.00178684 0.296711 -49.5818
-0.110901 0.634302 -72.3989
-0.0976624 0.1085 45.9966
-0.0829126 0.183696 18.7424
-0.0265666 0.203102 -14.7566
0.0295297 0.199723 -42.7251
0.0293241 0.248818 -55.3248
0.00741533 0.239622 -41.5721
-0.00173469 0.268531 -44.1495
0.00311148 0.277807 -49.0565
0.0182958 0.282677 -60.0852
0.0485789 0.290912 -81.776
0.0681418 0.252757 -84.9197
0.0927405 0.265396 -105.085
0.11884 0.250016 -118.861
0.193615 0.257711 -180.258
0.172119 0.259763 -164.558
0.0293578 0.161631 -26.8236
0.0202361 0.149413 -16.1716
-0.0527148 0.193985 26.5747
-0.0129933 -0.00915804 16.5854
-0.0366442 0.208225 11.6317
0.0633515 0.838615 -248.055
0.0299074 0.191205 -43.2077
2.36444e-05 0.788348 -177.861
2.3644e-05 0.788348 -177.861
0.0179038 -0.0844287 25.4764
0.00476065 0.0109358 13.4312
0 0 -1
0.323932 -0.0576775 -303.547
-0.0492565 0.13879 29.7611
-0.0185746 0.177162 -14.7427
-0.0156596 0.237213 -34.6302
0.0419287 0.134708 -58.2851
0.0969612 -0.240103 -28.6811
0.11191 -0.232613 -48.1096
0.0915989 -0.216974 -28.4558
0.0105391 -0.0960414 44.7154
0.0122626 -0.0964503 42.733
0 0 -1
0.0720079 0.507907 -118.766
0.0512081 0.485294 -111.834
0.0496808 0.451168 -101.736
0.130444 0.314959 -68.6515
0.03535 0.454674 -105.561
-0.0167629 0.270212 -38.45
0.029149 0.349684 -69.5642
0.047654 0.357548 -75.3915
0.00641171 0.214461 -25.1922
-0.0172209 0.241145 -28.4813
-0.0356086 0.257578 -28.7943
-0.0562012 0.222408 -13.6174
-0.0368659 0.202138 -13.0003
0.00108529 0.193226 -22.1772
0.0156868 0.214252 -33.021
0.0358347 0.258189 -52.9281
0.0806396 0.269653 -72.4348
0.100285 0.222796 -65.8549
0.0512929 0.186532 -34.7983
0.0118864 0.309228 -64.1877
1.27095 0.146658 -613.443
-0.05953 0.168911 11.4191
0.21922 -0.105823 -57.5889
0.044423 0.212713 -54.3986
0.0278534 0.221897 -47.7949
-0.335052 -0.0283691 220.399
-0.335668 -0.0271634 220.411
-0.335668 -0.0271634 220.411
-0.111018 -0.146356 136.118
-0.0836899 -0.125218 112.487
0.0869784 0.247963 -96.2245
0.0887336 0.252573 -98.7665
0.101944 0.226352 -100.498
0.12309 0.186168 -104.219
0.0901064 -0.101856 6.54105
-0.0466914 -0.156615 125.644
0.00487573 0.133625 0.466817
0.0186324 0.1565 -17.118
0.0183765 0.148077 -14.2896
0.02425 -0.11724 55.0599
0.0400695 -0.130305 44.3226
0.0400695 -0.130305 44.3226
2.36437e-05 0.0609892 26.1632
2.36437e-05 0.0609892 26.1632
0.446455 -0.137316 -320.626
-0.0333307 -0.0359011 64.226
0.00925663 0.358472 -72.6086
-0.0474718 -0.0595148 85.919
-0.0824542 0.0933015 77.0163
-0.0231513 0.159677 -4.75973
-0.0333185 0.160838 6.22953
0.402523 -0.0200194 -434.751
0.108842 -0.22253 -47.1769
-0.0718968 0.0888154 100.498
0.0920738 0.100507 -96.868
0.395901 -0.0423938 -368.517
-0.693674 1.90155 287.449
0.298741 0.159497 -17.8641
0.0421797 0.111792 2.81314
0.0564729 0.481336 -110.176
0.311633 0.208396 -43.6372
0.0622243 0.336942 -68.2649
0.0180069 0.281455 -45.5266
-0.0200081 0.308214 -49.1664
0.0172564 0.342935 -66.3403
0.0170763 0.295422 -51.3969
-0.02641 0.282342 -38.2426
-0.0575567 0.254041 -22.8847
-0.0456886 0.23131 -18.2555
-0.0717743 0.216175 -7.85194
-0.0587723 0.182372 -1.51703
0.00628706 0.17876 -20.1202
0.0461688 0.242272 -51.6034
0.0518135 0.252746 -56.6247
0.0780088 0.215067 -54.9209
0.0902696 0.223727 -62.0372
0.0444398 0.188079 -31.8486
-0.0166033 0.194511 -8.17579
-0.016409 0.19526 -8.49109
-0.0612688 -0.25339 140.024
0.00260373 0.282552 -47.4401
0.00260373 0.282552 -47.4401
0.00260373 0.282552 -47.4401
0.00260373 0.282552 -47.4401
0.00260373 0.282552 -47.4401
0.00260373 0.282552 -47.4401
-0.0832283 -0.1263 112.452
0.0614944 0.269022 -85.3654
0.0675404 0.253554 -84.6222
0.0792355 0.235763 -87.2338
0.0795518 0.210655 -79.5539
0.0760102 0.215056 -78.2642
0.0446253 0.224453 -58.5605
0.0833431 0.237789 -91.2639
-0.0921007 -0.22462 217.937
-0.00142343 0.0703716 23.729
-0.0185215 -0.109701 89.7163
-0.0208256 -0.12389 96.2144
-0.0219321 -0.141385 102.737
-0.0219321 -0.141385 102.737
-0.0214534 -0.034529 70.0652
-0.0214954 -0.0405724 71.9955
-0.022042 -0.0519922 76.1246
-0.0260176 -0.0715988 86.2165
-0.0159639 -0.112536 88.7547
0.00966888 -0.149688 73.8074
0.0320512 -0.101992 35.3769
0.0341589 -0.0689817 22.8259
0.0320679 -0.0528171 20.0729
0.0320679 -0.0528171 20.0729
-0.114436 0.202755 155.024
0.229211 0.204933 -246.171
-0.00724212 0.100765 16.5059
-0.00724212 0.100765 16.5059
-0.693674 1.90155 287.449
0.00822745 0.224244 -25.0986
0.00586353 0.22715 -26.0131
-0.00142022 0.206096 -18.6138
0.0300379 0.265115 -41.3069
0.0959976 0.0512872 20.1991
0.0577979 0.281955 -51.6515
0.0113191 0.329393 -61.1513
0.00909422 0.440352 -96.431
-0.0121377 0.339466 -59.813
-0.0153178 0.259142 -32.0993
-0.0813753 0.25752 -18.7634
-0.104031 0.183437 11.2881
0.0802162 -0.039121 40.9792
0.00775705 -0.0918673 79.4982
-0.211332 0.0427866 107.462
0.191038 0.0403389 -21.9017
-0.222914 0.0162587 129.238
0.0841946 0.157313 -38.2344
0.0749917 0.200236 -48.8005
0.02226 0.194849 -24.5823
-0.0526328 0.220707 -1.47067
0 0 -1
0.0131623 -0.399435 184.747
0.016025 -0.417077 189.123
0.034239 -0.43523 185.653
0.0594688 -0.399375 160.172
0.260921 0.275916 -186.546
-0.00570367 -0.0741515 79.282
-0.00570367 -0.0741515 79.282
0.0651828 0.252766 -82.1994
0.0519262 0.269031 -79.0352
0.0514888 0.2559 -74.4243
0.0597551 0.236894 -73.8268
0.0666309 0.193986 -64.2877
0.0939458 0.179119 -79.7166
0.0942211 0.222159 -93.9532
0.0986386 0.215358 -95.0159
-0.225434 0.292033 145.77
1.44196e-13 0.0850911 6.04099
1.86633e-13 0.0850911 6.04099
1.99393e-13 0.0850911 6.04099
0 0 -1
0 0.0850911 6.04099
-9.712e-13 0.0850911 6.04099
-9.95254e-13 0.0850911 6.04099
0 0 -1
-0.056684 -0.0807323 119.922
-0.089852 0.0972121 94.4443
-0.0486137 -0.152885 135.549
0.0273409 -0.0737661 5.82665
-0.0140033 -0.116011 65.8022
0.0228436 -0.0788186 12.5191
0.0265519 -0.0763456 7.52489
0.322152 -0.290626 -257.429
0.268948 -0.156943 -241.396
0.229864 -0.265076 -159.637
0.000859218 -0.0167627 108.155
0.0222346 -0.0201522 83.239
0.0150669 0.224119 -25.1523
0.0146195 0.235372 -29.1754
0.0223497 0.268022 -41.283
0.0351287 0.477594 -116.308
0.0532682 0.436871 -103.034
0.0133928 0.352068 -69.3953
0.166089 0.170302 -26.5205
-0.141188 0.0138443 76.4459
-0.136439 0.00197536 79.8235
0.0550222 0.0109024 39.8567
-0.127523 -0.0904335 111.633
-0.0680695 -0.0640844 87.8026
0.025941 -0.0389757 55.1731
0.00824833 -0.0779533 74.3195
-0.0130962 -0.0530904 71.6867
-0.00939124 -0.0170431 57.5104
0.00685979 0.0211523 38.2256
0.0293417 0.0736908 11.2671
0.0249516 -0.0659612 62.9855
-0.0121342 -0.142157 105.476
-0.0395587 -0.145615 118.448
-0.0516425 -0.157823 128.148
-0.0529863 -0.187398 139.286
-0.0478271 -0.212458 145.655
-0.0414252 -0.234863 150.349
-0.0360807 -0.244468 150.933
-0.0365859 -0.241161 149.883
-0.0426863 -0.226224 148.087
-0.00394952 -0.484131 219.864
0.0152758 -0.555776 232.448
0.0279262 -0.391906 165.145
0.0345847 -0.406366 165.882
0.0388416 -0.416738 166.647
0.0309822 0.123722 -14.7168
0.0238476 0.0814127 4.59924
0.0927098 0.245685 -100.778
0.0685804 0.249666 -83.3971
-0.0420581 0.0295881 85.1224
-0.00254736 -0.308392 125.98
-0.00247727 -0.308639 126.007
-0.00215263 -0.309066 125.878
-0.00158524 -0.309582 125.558
-0.000823922 -0.310063 125.041
-0.000146549 -0.310337 124.51
0.000508374 -0.310285 123.871
0.00101292 -0.309846 123.227
0.00117933 -0.309062 122.785
0.00095341 -0.308064 122.661
0.00038793 -0.307028 122.879
-0.000273889 -0.306126 123.257
-0.00110613 -0.305166 123.816
-0.00110613 -0.305166 123.816
-0.00110613 -0.305166 123.816
1.05613 -0.110563 -1164.73
0.0551712 0.118301 -98.432
0.0662569 0.126328 -114.855
0.0670963 0.126335 -115.883
0.143237 0.190841 -232.431
0.0292833 0.222147 -24.6164
0.0348016 0.245164 -33.3016
0.0477137 0.288613 -49.9456
0.0656384 0.319943 -62.5024
0.0334772 0.395886 -87.0194
0.149571 0.0949702 2.20009
0.174741 0.118164 -9.39853
-0.198575 -0.00318925 93.0381
-0.154411 0.0118597 79.4875
0.161415 -0.0215695 29.7895
0 0.115625 -3.19922
-0.0061339 -0.0325995 61.336
0.00430122 -0.0384578 60.7629
0.00424946 -0.0796075 76.0372
0.00496663 -0.0544367 66.5021
0.0102775 -0.0149436 50.1932
0.0133148 0.0180185 37.0505
0.00105722 0.0208747 40.6523
-0.0187254 -0.067098 80.8258
-0.0349718 -0.133098 111.845
-0.0440858 -0.14415 119.83
-0.0627268 -0.162255 134.851
-0.0666947 -0.186813 145.735
-0.0610072 -0.211442 151.977
-0.0502837 -0.232423 154.169
-0.0405055 -0.241359 152.203
-0.0351246 -0.235549 147.062
-0.0355596 -0.220731 141.893
-0.0390776 -0.222384 144.584
0.0267399 -0.394235 166.744
0.0266677 -0.395025 167.072
0.028354 -0.405706 169.886
0.0307445 -0.41653 172.248
0.0219691 0.100191 0.00318916
0.0276195 0.119778 -11.3092
-0.686014 -0.0465283 606.984
0.052843 0.234745 -65.4889
0.0651154 0.234697 -75.0731
0.0535749 0.207684 -56.1941
-0.0194507 0.484014 -99.7891
-0.0147441 0.61619 -152.834
-0.00974881 0.728411 -198.811
-0.00878448 0.821289 -234.073
-0.0111037 0.897201 -260.046
-0.0128329 0.959254 -281.412
-0.0114369 1.01035 -301.719
-0.00700957 1.05262 -321.784
-0.00194337 1.08731 -339.765
0.00169183 1.11494 -353.756
0.00324043 1.13566 -363.061
0.00331777 1.15638 -370.813
0.00331777 1.15638 -370.813
0.00331777 1.15638 -370.813
-0.0155432 1.18815 -360.048
-0.0155432 1.18815 -360.048
-0.0155432 1.18815 -360.048
-0.0155432 1.18815 -360.048
0 0 -1
