0 1 3
1 2 3
2 3 2
3 4 3
4 5 0
5 6 0
6 7 2
7 8 0
8 9 3
9 11 3
11 12 3
12 13 3
13 14 3
14 15 3
15 16 3
16 17 0
17 18 2
18 19 3
19 23 1
23 26 0
26 85 1
85 87 2
31 87 1
31 33 1
33 34 3
34 35 2
35 36 1
36 37 3
37 38 3
38 39 3
39 40 3
40 41 3
41 452 0
45 452 0
45 46 3
46 47 3
47 398 0
229 398 3
11 69 3
86 87 3
33 90 1
85 86 1
31 90 1
9 69 3
18 76 3
5 63 0
17 76 0
6 63 2
19 76 2
21 26 3
100 452 0
19 78 1
21 25 1
41 100 1
4 62 0
12 71 3
13 71 3
76 77 1
19 77 1
21 23 1
48 398 0
5 62 0
16 74 3
17 74 2
45 100 1
47 48 3
8 66 0
77 78 3
19 137 1
33 91 3
87 88 3
31 88 1
31 89 1
34 91 3
36 94 3
0 58 0
1 59 0
2 60 0
3 61 0
63 64 2
6 64 3
7 65 0
7 66 0
9 66 0
9 68 2
78 137 3
35 93 1
35 94 1
39 98 1
40 98 1
58 59 3
59 60 3
60 61 3
61 62 0
64 65 2
66 68 3
68 69 3
14 71 3
88 89 3
37 95 3
38 95 3
11 70 3
12 70 3
15 74 3
34 93 1
93 94 3
41 98 1
49 398 0
14 72 3
90 91 0
94 95 3
65 66 0
89 90 3
41 99 1
69 70 3
99 159 0
99 100 3
48 49 3
70 71 3
71 72 3
38 98 1
98 99 3
68 125 3
15 72 3
62 63 1
66 125 3
17 133 2
76 133 1
19 139 1
23 139 0
74 133 3
21 85 2
21 139 3
91 150 3
34 150 3
38 153 0
15 132 3
74 132 3
95 153 0
72 131 3
15 131 3
68 70 3
93 150 3
46 48 3
66 123 1
87 145 3
38 269 0
65 123 2
86 145 3
88 145 3
153 269 0
98 269 0
66 124 3
131 132 3
98 156 0
63 121 0
70 128 2
76 134 2
78 136 3
21 86 1
156 269 3
100 159 0
45 159 2
62 121 2
68 126 3
71 128 2
77 134 3
136 137 3
21 203 1
91 149 3
229 396 3
396 398 3
72 130 3
130 131 3
133 134 0
90 148 2
94 152 3
58 116 1
59 117 1
60 118 1
61 119 1
62 120 1
64 121 2
64 122 0
124 125 3
21 143 3
88 146 3
89 148 2
91 148 3
95 152 3
116 117 3
117 118 3
118 119 3
119 120 2
120 121 1
121 122 2
68 128 3
89 146 2
149 150 3
72 128 2
132 133 3
77 136 3
145 146 3
93 152 3
45 158 0
46 158 0
65 122 0
123 124 0
125 126 3
158 159 1
48 108 1
49 108 1
122 123 1
19 138 1
21 141 1
150 152 3
152 153 1
99 156 0
137 138 3
138 139 3
21 145 1
146 148 3
48 158 0
229 399 3
148 149 3
159 216 1
136 193 3
143 203 1
77 193 3
139 197 3
150 210 0
152 210 0
99 216 0
21 197 3
213 269 3
156 213 3
68 185 3
72 187 2
148 205 3
128 185 2
128 186 2
128 187 3
146 205 3
108 158 0
130 187 2
138 197 3
156 214 3
99 214 0
184 185 3
122 180 0
123 180 0
124 182 0
126 184 3
126 185 3
132 190 3
134 193 3
143 200 3
149 208 0
150 208 0
123 182 0
125 182 0
185 186 3
131 190 3
136 196 3
137 196 3
21 200 3
145 203 3
133 190 3
396 399 3
117 175 0
146 204 3
204 205 3
158 216 1
116 174 0
118 175 0
118 176 0
119 177 0
120 178 0
121 178 0
121 179 0
126 182 3
138 196 3
141 199 0
145 204 3
208 210 3
214 216 1
174 175 3
176 177 3
119 178 0
178 179 3
122 179 0
190 191 3
133 191 3
141 197 0
149 206 3
152 268 0
153 268 0
175 176 3
182 184 3
130 188 2
134 191 1
148 206 3
269 271 3
158 217 1
180 182 3
134 192 3
141 200 0
210 268 3
268 269 3
187 188 3
130 190 3
191 192 0
136 252 3
196 252 3
196 197 3
216 217 3
108 398 0
177 178 3
186 187 2
188 190 2
192 193 3
193 252 3
205 206 3
213 271 3
182 240 3
199 200 3
203 204 3
213 214 3
200 203 1
179 180 3
182 241 2
210 326 3
180 240 3
240 241 3
184 241 3
196 253 3
222 398 3
108 222 0
222 396 3
184 243 3
158 274 3
185 243 3
206 208 0
217 274 0
186 245 3
187 245 2
188 247 2
190 247 0
197 199 3
186 244 3
208 326 3
193 251 3
196 255 3
200 317 3
178 237 3
179 238 3
180 238 3
251 252 3
203 317 0
177 235 3
179 237 3
238 240 3
186 243 3
192 250 3
192 251 3
178 235 3
191 307 3
191 250 0
205 264 0
206 264 0
208 324 3
243 244 3
244 245 3
188 246 2
250 307 1
324 381 3
324 326 3
268 327 3
269 327 3
158 559 3
174 232 3
175 233 3
176 234 3
177 234 3
184 242 3
187 246 2
190 248 0
191 248 0
252 253 3
200 258 3
274 559 3
108 559 0
232 233 3
233 234 3
241 242 3
245 246 3
246 247 3
247 248 3
258 317 3
204 317 0
204 264 0
206 324 0
239 240 3
242 243 3
248 307 3
250 251 3
264 380 3
214 271 3
237 238 3
238 239 3
197 255 3
268 326 3
271 327 3
253 255 3
264 317 3
214 273 3
216 273 0
253 312 3
255 312 3
396 402 3
235 293 3
178 293 3
260 317 3
399 402 3
199 258 3
234 235 3
237 293 3
271 328 3
197 313 3
199 313 3
327 328 3
217 273 0
255 313 3
264 320 3
324 380 3
264 324 3
260 319 3
317 319 3
317 320 3
108 617 0
199 315 3
319 320 3
559 617 3
250 308 3
222 617 3
250 309 3
251 309 3
252 310 3
253 311 3
313 315 3
258 315 3
222 402 3
234 293 2
293 294 3
237 294 3
242 301 3
243 301 3
307 308 0
253 310 3
239 298 3
240 298 3
326 327 3
238 296 3
239 296 3
241 298 3
243 302 3
244 302 3
245 303 3
247 306 3
214 329 3
237 295 3
239 297 3
244 303 3
247 305 3
248 306 3
380 496 3
271 329 3
232 290 2
233 291 0
234 292 3
296 297 3
305 306 3
273 329 3
290 291 0
291 292 1
295 296 3
241 299 3
242 299 3
301 302 3
246 303 3
308 309 3
328 329 3
292 293 0
297 298 3
306 307 3
310 311 3
311 312 3
294 295 3
302 303 3
312 313 3
379 380 3
246 305 3
273 447 3
273 274 3
264 379 3
298 299 3
258 374 3
301 359 3
246 362 3
305 362 3
317 374 3
381 496 3
380 381 3
299 301 3
303 362 3
320 379 3
307 366 0
252 309 3
313 372 3
315 372 3
274 390 3
297 356 3
308 366 3
298 356 3
318 319 3
324 382 3
326 382 3
309 310 3
313 370 3
315 373 3
381 382 3
390 559 3
312 370 3
372 373 3
317 318 3
273 390 3
299 359 3
315 374 3
310 368 3
313 371 3
380 438 3
309 368 3
310 369 3
370 371 3
358 359 3
301 360 3
302 360 3
309 366 3
311 369 3
312 369 3
317 375 3
295 354 3
296 354 3
297 354 3
299 358 3
374 375 3
327 443 3
273 503 3
299 356 3
359 360 3
303 361 3
305 364 3
306 364 3
369 370 3
318 375 3
326 443 3
328 443 3
329 503 3
447 503 3
290 348 1
291 349 1
292 351 0
293 351 3
294 352 3
295 353 3
361 362 3
305 363 3
307 364 3
309 367 3
371 372 3
348 349 3
292 349 1
294 351 3
351 352 3
295 352 3
353 354 3
362 363 3
363 364 3
307 365 3
366 367 3
367 368 3
320 376 3
292 350 1
365 366 0
319 376 3
320 436 3
325 443 3
302 361 3
364 365 3
318 376 3
376 436 3
368 369 3
379 436 3
382 443 3
559 567 3
349 350 3
350 351 0
299 357 3
357 358 3
390 447 3
379 437 3
329 384 3
356 357 3
375 376 3
328 384 3
390 567 3
373 374 3
384 443 3
222 573 3
360 361 3
573 617 3
222 459 1
352 353 3
353 412 3
354 412 3
354 356 3
402 459 1
567 617 3
354 413 3
356 413 3
510 617 3
384 503 3
510 567 3
459 573 0
356 358 3
360 418 3
361 418 3
436 437 3
402 637 3
399 637 3
359 418 3
374 432 3
375 432 3
325 384 3
387 447 3
351 409 1
370 428 1
387 503 3
350 409 3
362 420 3
363 420 3
364 422 3
369 427 3
370 427 3
382 496 3
349 407 3
350 407 3
365 422 3
366 424 3
379 438 3
379 496 3
384 387 3
365 424 0
368 427 3
427 428 1
371 487 2
459 637 0
348 406 3
361 419 1
362 419 1
363 421 3
366 425 3
367 425 3
367 426 3
368 426 3
406 407 3
419 420 0
421 422 3
426 427 3
325 382 3
350 408 3
356 414 3
420 421 3
372 431 1
373 431 1
374 431 1
387 390 3
408 409 3
353 411 1
412 413 1
413 414 3
370 487 2
431 490 2
374 490 1
352 409 1
432 490 1
353 409 1
424 425 3
375 433 3
376 433 3
372 487 2
432 433 3
409 411 3
358 475 3
359 475 1
431 488 3
407 408 3
418 475 3
418 419 1
431 487 0
437 496 3
425 426 3
510 512 1
409 468 3
418 476 3
487 488 1
411 468 3
411 412 0
358 474 3
475 476 3
428 486 0
356 474 1
418 477 3
370 486 2
419 477 0
376 493 2
414 474 3
474 475 3
486 487 3
411 469 3
407 466 3
408 466 3
422 480 3
433 493 2
387 564 3
567 686 1
510 686 2
513 617 0
412 470 1
365 480 3
413 470 1
420 478 3
476 477 3
419 478 0
421 479 3
422 479 3
488 489 3
436 493 2
406 464 3
407 465 3
468 469 3
469 470 3
426 484 3
427 484 3
431 489 3
516 573 0
464 465 3
409 525 3
478 479 3
479 480 3
465 466 3
408 525 3
470 471 3
413 471 1
425 484 3
489 490 2
414 472 1
472 474 0
477 478 3
427 485 3
436 494 2
437 494 2
519 637 0
466 525 3
413 472 1
480 969 0
484 485 3
428 485 0
437 495 2
496 498 3
382 498 3
573 637 3
468 525 3
471 472 3
433 490 2
365 969 0
425 483 3
485 486 3
433 491 1
433 550 1
494 495 3
390 502 3
502 567 3
617 686 2
573 686 2
424 483 3
491 550 3
387 502 3
573 689 1
493 550 1
493 494 3
495 496 2
686 689 1
486 544 3
496 553 2
496 554 1
483 484 3
485 544 3
490 491 1
475 532 3
474 532 3
424 540 3
495 553 3
325 498 3
466 524 3
365 540 2
483 540 3
489 547 3
465 524 3
477 969 0
478 969 0
479 969 0
490 547 2
468 526 3
469 526 3
472 532 0
540 969 0
485 543 2
469 528 3
470 528 3
472 530 3
530 532 0
484 542 3
543 544 0
494 553 3
496 555 3
470 529 3
471 529 3
531 532 3
476 969 0
483 969 0
485 542 3
493 551 3
528 529 3
475 533 1
476 533 1
494 551 3
496 556 3
498 556 3
464 522 3
465 523 0
469 527 3
472 529 3
530 531 0
487 545 3
488 546 3
494 552 3
498 557 3
325 557 3
522 523 0
523 524 2
525 526 3
526 527 3
529 530 3
483 542 3
542 543 0
486 545 3
545 546 3
490 606 1
490 549 1
491 549 3
552 553 3
573 690 1
527 528 3
532 533 1
488 547 3
551 552 3
555 556 3
689 690 3
511 573 3
533 969 0
556 557 3
511 690 1
538 969 0
578 637 0
524 525 3
542 969 0
549 550 3
550 551 2
573 578 1
637 694 3
544 545 3
529 587 3
325 558 3
578 694 0
528 587 3
533 534 3
534 969 0
546 547 3
547 606 2
573 694 3
557 558 3
557 614 3
567 685 1
511 694 3
556 614 3
685 686 1
553 554 1
554 555 0
558 618 3
530 587 3
543 601 2
384 558 3
545 603 3
551 609 3
552 609 3
546 603 2
546 604 2
594 969 0
547 604 2
549 606 3
550 608 2
551 608 3
440 554 3
387 558 3
528 586 3
604 606 3
549 608 3
552 610 3
522 580 0
523 581 0
524 582 0
525 583 0
526 583 0
526 584 2
526 585 3
527 585 3
527 586 3
586 587 3
530 588 1
531 589 3
532 590 3
533 591 0
534 591 0
595 969 0
538 595 0
600 969 0
542 600 3
542 601 2
549 607 3
553 611 1
440 555 3
523 580 2
581 582 3
524 583 0
583 584 1
587 588 1
588 589 0
589 590 3
590 591 3
544 601 3
603 604 3
606 607 3
607 608 3
552 611 1
554 611 1
554 612 1
440 671 1
440 556 3
440 614 2
686 687 3
687 689 1
582 583 3
584 585 1
594 595 3
585 586 3
591 969 0
544 603 3
610 611 3
554 671 1
601 603 3
608 609 3
611 612 3
600 601 3
558 614 3
502 685 1
609 610 3
440 558 3
606 663 3
511 693 2
693 694 0
580 581 3
612 671 3
502 684 1
694 695 3
684 685 3
606 664 3
607 664 3
607 665 3
601 659 3
663 664 3
600 659 1
601 660 3
608 665 3
612 670 3
603 660 3
603 661 3
604 662 3
664 665 3
608 666 3
611 670 3
583 641 3
606 662 3
440 676 3
693 695 0
670 671 3
673 676 0
649 969 0
660 661 3
609 666 3
580 638 3
581 639 3
582 640 3
585 643 0
586 644 0
587 645 0
588 646 0
589 647 3
590 648 3
591 649 1
604 661 3
662 663 3
609 667 3
580 639 3
639 640 3
582 641 3
584 643 2
643 644 3
644 645 3
645 646 3
646 647 3
647 648 3
648 649 1
659 660 3
661 662 3
666 667 3
610 668 3
690 749 3
511 749 1
638 639 3
640 641 3
665 666 3
611 669 3
669 670 3
502 508 3
584 641 2
610 667 3
611 668 3
508 683 1
584 642 2
667 668 3
641 642 3
642 643 3
508 684 1
687 747 0
689 747 3
668 669 3
714 969 0
511 750 1
693 750 1
749 750 2
659 969 0
387 508 3
690 748 3
508 977 3
693 752 1
695 752 1
661 719 3
508 686 1
508 685 1
508 744 1
508 979 3
508 687 1
638 697 3
639 697 3
640 698 3
642 700 3
662 719 3
663 722 3
664 722 3
639 698 3
641 699 3
643 700 3
662 721 3
660 969 0
663 721 3
665 724 3
666 724 3
670 729 3
671 729 3
387 440 3
689 748 3
640 699 3
660 718 3
440 621 3
638 696 3
643 701 3
644 702 3
645 703 3
646 704 3
647 705 3
648 706 3
649 707 0
718 969 0
719 721 3
667 725 3
621 734 1
508 745 1
508 747 1
748 749 0
750 751 3
693 751 1
695 753 1
696 697 3
699 700 3
700 701 3
701 702 3
702 703 3
703 704 3
704 705 3
705 706 3
649 706 0
707 969 0
717 969 0
722 972 0
665 722 3
667 724 3
668 726 3
669 726 3
751 752 3
752 753 3
706 707 3
661 718 3
721 722 3
668 725 3
698 699 3
724 725 0
725 972 0
725 726 3
669 786 3
747 748 3
697 698 3
726 786 3
717 718 3
715 969 0
669 729 3
508 805 1
747 805 3
718 719 3
721 779 3
729 786 3
805 979 0
719 972 0
719 779 3
722 724 3
779 972 0
785 786 3
748 981 2
726 785 3
440 729 1
722 781 2
724 781 2
747 981 2
781 972 0
729 788 3
440 788 1
698 756 3
749 807 3
750 807 2
748 807 0
677 785 1
697 755 3
698 755 3
755 756 3
721 972 0
725 784 3
726 784 3
724 782 2
805 981 2
753 811 1
696 754 3
698 757 3
699 757 3
700 758 3
701 759 3
702 760 3
703 761 3
704 762 3
705 763 3
706 764 3
707 764 3
719 969 0
969 972 3
781 782 3
782 972 0
725 782 1
784 972 0
750 808 3
751 809 3
752 810 3
754 755 3
756 757 3
757 758 3
758 759 3
759 760 3
760 761 3
761 762 3
762 763 3
763 764 3
729 787 3
807 808 2
808 809 3
809 810 3
810 811 2
786 787 3
787 788 3
440 677 3
677 788 1
784 785 3
764 969 0
387 973 3
807 981 1
440 973 3
508 973 3
824 969 0
838 972 0
764 824 3
677 784 1
805 863 1
863 981 0
764 823 3
823 824 3
677 786 1
788 846 3
677 844 1
786 844 3
787 846 3
807 865 1
807 866 2
808 866 3
754 812 2
755 813 2
756 814 2
757 815 2
758 816 2
759 817 1
760 818 1
761 819 3
762 820 3
763 821 3
764 822 3
865 981 0
810 868 1
811 869 1
812 813 3
756 813 2
814 815 0
815 816 3
816 817 1
817 818 3
818 819 0
819 820 3
820 821 3
821 822 3
822 823 3
837 972 0
781 838 0
787 844 3
808 867 0
809 867 0
809 868 1
868 869 3
813 814 1
835 969 0
836 972 0
867 868 1
833 969 0
863 979 0
866 867 0
836 969 0
865 866 0
677 846 1
836 837 3
677 972 3
844 846 3
883 969 0
824 883 1
846 905 3
677 905 1
823 882 1
824 882 1
882 883 3
814 872 2
815 872 1
815 931 1
868 927 0
869 927 0
812 870 1
813 871 1
872 931 3
815 874 1
816 874 1
817 875 0
818 876 0
819 877 1
820 878 1
821 879 1
822 880 1
823 881 1
677 973 3
979 981 2
867 924 1
870 871 3
871 872 3
874 875 3
875 876 3
876 877 3
877 878 3
878 879 3
879 880 3
880 881 3
881 882 3
865 923 0
866 923 1
866 924 1
923 981 0
867 925 1
868 925 0
923 924 3
868 984 0
874 931 3
924 925 3
927 984 3
925 984 1
942 969 0
883 942 1
677 906 1
905 906 3
883 941 3
882 941 3
941 942 1
508 980 3
979 980 3
895 972 0
905 963 3
906 963 3
872 930 3
870 928 3
871 929 3
930 931 3
874 932 3
875 933 3
876 934 3
877 935 3
878 936 3
879 937 3
880 938 3
881 939 3
882 940 3
677 963 1
924 982 0
925 982 0
927 985 0
928 929 3
929 930 3
931 932 3
932 933 3
933 934 3
934 935 3
935 936 3
936 937 3
937 938 3
938 939 3
939 940 3
940 941 3
973 980 3
984 985 0
923 982 0
969 1001 1
942 1001 0
942 1000 0
966 973 0
982 984 1
1000 1001 3
941 999 3
942 999 0
982 985 3
930 989 3
931 989 3
932 989 3
940 999 3
999 1000 3
928 986 3
929 987 3
930 988 3
932 990 3
933 991 3
934 992 3
935 993 3
936 994 3
937 995 3
938 996 3
939 997 3
940 998 3
980 981 2
986 987 3
987 988 3
988 989 3
989 990 3
990 991 3
991 992 3
992 993 3
993 994 3
994 995 3
995 996 3
996 997 3
997 998 3
998 999 3
981 982 3
