-0.0535088 0.10168 53.1558
-0.0535241 0.101831 53.1546
-0.0535599 0.102122 53.1528
0.138268 0.102538 40.7746
0.140043 0.106649 40.6213
-0.220248 0.00416781 63.3326
0.135516 0.176377 -1.20136
0.6647 0.0889649 -80.3997
-0.0831055 -0.0890937 43.8706
-0.0612124 -0.0410507 38.6125
-0.0370151 -0.11874 35.2708
-0.0492911 -0.0682104 36.8197
-0.0528015 -0.00364407 36.3956
-0.0162744 0.0356497 24.6528
-0.0341783 -0.0118246 31.5682
-0.0527223 -0.0661171 38.5065
-0.0698117 -0.0347121 43.6036
-0.120847 0.310082 52.5018
-0.0429826 0.0712414 22.1577
-0.0194905 0.00646381 12.0988
-0.1686 0.0790002 82.1562
0.00327371 -0.0640558 9.38323
-0.0931261 -0.115027 53.1138
0.186901 0.412592 -89.9905
-0.0440377 0.0601002 38.2141
-0.0394938 0.0151836 37.5395
0.0110135 -0.0918425 5.6792
-0.0102151 0.66641 8.71436
0.0331398 -0.0966208 -2.16049
0 0.0677377 6.63732
0.0678805 0.10911 -39.6922
0.0613249 0.165166 -36.2536
0 0 -1
0.0438769 0.0410252 -17.8161
0.0379243 0.0586291 -14.3932
-0.659531 0.0462507 512.591
-0.00371379 -0.0779897 26.0776
-0.0092861 -0.087511 30.1293
-0.00908201 -0.0890436 30.1668
0.0564017 -0.104187 -24.6432
0.0559752 -0.0988694 -24.0429
0.0475277 -0.0992306 -16.7556
0.0270648 -0.0470572 1.08081
0 0.174963 20.0337
0.0710889 -0.513535 -44.4627
0.0591711 -0.124637 -35.8363
0.0450065 -0.125236 -21.9008
0.0430168 -0.126088 -19.8801
0.0428524 -0.125751 -19.7113
0.0428524 -0.125751 -19.7113
0.00435452 -0.0721052 19.6349
0.000124304 -0.0603735 24.135
0.000111916 -0.056291 24.0886
0.000111916 -0.056291 24.0886
0.0201262 -0.574262 2.15826
-0.0320977 0.0664422 61.0558
-0.0320977 0.0664422 61.0558
-0.0320977 0.0664422 61.0558
0.00305603 0.743842 0.79255
0.00305603 0.743842 0.79255
0.00305603 0.743842 0.79255
0.00305603 0.743842 0.79255
-0.156798 -0.198669 44.8
-0.341329 0.143289 61.4988
0.198876 0.219613 -11.3134
-0.0249357 0.29837 19.957
-0.0165367 -0.0293778 24.4537
-0.00658485 -0.0579056 22.9648
-0.00334021 -0.226336 29.1931
-0.0229163 -0.155197 32.681
-0.0227367 -0.103352 31.3488
-0.0338428 0.00451962 30.7106
-0.0354015 -0.0784301 33.2083
-0.0507116 -0.0783454 38.0475
-0.0837463 -0.0401983 48.0853
-0.0844531 -0.014575 47.5951
-0.0339934 0.19291 16.0666
-0.0623125 -0.0928053 41.1268
-0.0796787 -0.0545867 46.8806
-0.0607505 -0.0493285 37.6676
0.113055 -0.161105 -38.5335
0.0573742 -0.227571 -7.81062
-0.0278719 0.00952852 30.9292
-0.0526857 0.0065877 45.0837
0.0474553 -0.306031 -7.49088
-0.0417866 -0.326093 45.8203
-0.054169 -0.0272648 52.6081
-0.0729926 -0.0360645 63.9206
-0.0296525 -0.0443757 35.9537
0.0382358 -0.21189 -3.38602
0.0827603 -0.275093 -31.6961
0.0615313 0.0384172 -30.7558
0.100426 0.0955102 -60.9791
0.0143898 -0.0632661 10.9876
0.0104 -0.0880386 14.9523
0.00296908 -0.0618779 19.8175
0.00174852 -0.18617 38.3935
0.00237772 -0.185675 37.831
-0.0152041 -0.0227665 46.6752
-0.0151999 -0.0227919 46.6722
-0.00978095 -0.0159248 41.3669
-0.0308056 -0.0152779 60.7235
0.0534694 -0.0326781 -17.7518
0.00346555 0.00294269 28.1527
0.00154557 0.00251903 30.1856
0.00150834 0.00241241 30.2281
0.00266521 0.0052855 28.9272
0.00201343 0.00482097 29.6307
-0.0122818 0.136022 30.5286
0.000931762 0.0030538 30.866
0.00126792 0.00199749 30.5014
0.000845009 0.00171373 30.9909
0.000524695 0.0016596 31.3643
0.000524695 0.0016596 31.3643
-6.42714e-05 -0.000327564 32.1061
-6.42714e-05 -0.000327564 32.1061
0.1993 -0.118164 44.9614
0.199375 -0.118036 44.9493
0.20002 -0.117806 44.9038
0.204433 -0.140086 45.8761
-1.93939 -0.148846 232.001
0.227066 0.0417664 -7.04508
-0.165287 -0.00155675 46.047
-0.157906 -0.0173857 55.4446
-0.0599045 -0.0083669 32.3579
-0.0557111 -0.0228616 31.6297
-0.0518335 -0.187393 37.437
0.015095 -0.260486 25.6074
0.0686655 -0.412045 20.0202
-0.0743894 -0.0261853 42.4203
-0.0244834 -0.116311 31.7578
-0.0490171 -0.0398732 35.4867
-0.058548 -0.054921 39.178
-0.0424648 -0.0218973 32.2447
-0.0326329 -0.0860361 27.3814
-0.0581084 -0.109973 39.9745
-0.0544793 -0.0621742 35.4918
-0.0388226 -0.0549027 27.8533
0.0227512 -0.0588419 -0.678851
0.00443649 -0.0578624 8.54794
0.0267404 -0.0374717 -3.88469
0.090985 -0.031102 -31.5276
0.0670942 -0.0361776 -28.4198
-0.000436464 -0.0253708 10.8263
-0.0277419 -0.0284832 34.7631
-0.0394765 -0.0360315 42.3909
-0.0203657 0.0114595 27.0736
0.0030913 0.0355445 9.89738
0.0342883 0.0104541 -9.87101
0.0632458 -0.0107888 -29.4847
0.0475642 0.0410746 -19.7531
0.00652351 -0.0332432 15.9356
0.0137524 -0.053917 10.6066
-0.124453 0.20742 110.166
-0.158985 -0.266999 154.943
-0.014083 -0.0267005 18.5431
-0.0149655 -0.0168524 18.8812
-0.0226943 -0.0111618 24.7817
-0.00713334 -0.00191921 11.2474
0.214582 -0.183745 -184.095
0.00466169 0.0387195 9.19288
-0.122166 0.0355262 132.925
0.0182865 -0.0380772 -0.223875
0.00788662 -0.0270705 9.68785
0.00788662 -0.0270705 9.68785
-0.00300355 0.0376419 17.142
0.0280758 0.170689 -24.1426
0 0.0387246 13.8621
0 0.0387246 13.8621
0 0.0387246 13.8621
0.0224136 0.040668 -12.6222
-0.000982643 0.0399006 14.9737
0 0.0387246 13.8621
-0.0123791 0.038923 29.1732
0.0148601 0.214805 -2.48155
0.0156958 0.210534 -2.17295
0.0160094 0.200722 -1.41789
0.00600225 0.154725 2.99159
-0.0241421 0.0969663 10.812
-0.0388799 0.0578608 15.7922
-0.0385524 0.0100455 18.9934
-0.0773858 0.0456374 21.9725
-0.045571 -0.159101 32.9256
-0.0369398 0.00286788 18.2968
-0.0478925 -0.0572609 25.638
-0.054224 -0.161811 36.4268
-0.0369092 -0.0780088 25.9797
0.0931793 -0.407988 13.5445
0.0964809 -0.446848 14.729
0.0447486 -0.455435 32.3197
-0.033406 -0.0517501 30.649
-0.0388254 -0.0153754 30.4639
-0.027364 -0.0239159 21.0767
-0.0480634 -0.0522244 31.6892
-0.0396168 -0.0532008 27.9746
-0.0119647 -0.0712824 16.6047
0.00332113 -0.0496634 7.54929
0.0115225 -0.0335496 3.56527
-0.0139407 -0.0231736 15.8471
-0.0116175 -0.0319557 15.429
0.0083782 -0.0680725 7.52181
-0.0643985 -0.074108 51.6109
0.000667098 -0.0145636 16.6536
-0.0436605 0.00182509 42.987
-0.0151573 -0.0232992 26.5613
-0.0149035 0.0187251 22.773
-0.00678587 0.0201566 17.6675
0.0400405 -0.0355744 -11.5156
0.00288298 -0.086026 10.4156
0.036154 -0.060256 -17.8782
0.00209328 -0.0540671 8.48887
0.103625 0.0359584 -79.8061
-0.0187222 -0.0383443 23.9407
-0.00819649 -0.00829709 12.4801
-0.014308 -0.00172973 17.1318
0.0285136 -0.00961215 -20.9673
0.0853282 0.081102 -67.0943
0.0821644 0.0424951 -61.1094
0.0798504 0.0407254 -58.5675
0.0169073 0.132065 -20.8489
-0.00656315 0.109305 3.82816
0.0167992 0.105564 -19.7499
0.00996755 0.0169572 -8.9177
-0.00814018 0.1029 6.33927
-0.0103236 0.108427 8.57123
0 0.1126 -2.96441
-0.00769969 0.161752 2.366
0.00394655 0.142171 -10.6212
0.00114022 0.13966 -7.02322
0.00961412 0.016607 -8.46407
0.00636806 0.143745 -13.5067
0.00636806 0.143745 -13.5067
0.0116959 0.215184 -2.47481
0.0109136 0.212659 -2.21586
0.0105445 0.22441 -3.36054
-0.0140213 0.131142 6.81822
-0.043289 0.0894943 13.484
-0.0441057 0.0470515 17.5452
-0.0731124 0.0416582 21.9076
-0.0695489 0.0418644 21.2926
-0.0524507 0.0509518 16.7628
-0.0363852 0.0330767 15.8274
-0.0439925 0.0266702 17.8523
-0.0276764 -0.0117015 17.4318
-0.0106416 -0.00565054 12.2525
-0.0339513 0.00286668 18.1454
0.0392649 0.0903422 -12.7371
0.0481795 0.0444225 -10.7807
0.0933813 0.0481321 -27.7018
0.0513105 0.111478 -18.1615
-0.0496395 -0.00310588 28.4085
-0.0230304 -0.021013 19.3379
-0.0578762 -0.037869 35.1202
0.016622 -0.00918758 -2.9304
0.210742 -0.0278497 -94.8903
0.0503601 -0.0157665 -17.33
-0.00355735 -0.0271569 10.9313
0.00976537 -0.0951374 20.4048
-0.0211563 -0.0638786 23.5273
0.00280831 -0.0974244 13.5272
0.000527984 -0.039032 8.59753
-0.0028122 -0.0223096 8.95012
-0.0201791 -0.029589 21.3514
-0.0345525 -0.0162735 29.9467
-0.0111748 -0.0329265 15.0955
-0.300106 0.116164 209.692
0.00170716 -0.0427817 7.06106
0.04195 -0.0456997 -23.9969
-0.0199432 -0.0441579 24.8384
-0.0116385 -0.0315076 17.0572
0.00540322 -0.0228603 2.47709
-0.0138787 -0.0324498 19.2673
-0.0853486 -0.94114 180.031
0.001828 -0.00791915 3.22839
-0.00404866 -0.00543038 8.49955
0.0936365 0.0295741 -70.5522
0.0843848 -0.0219822 -57.7733
0 0.0827266 12.9799
-0.0110989 0.0857192 23.7669
0.00407591 0.074641 9.57921
0 0.0827266 12.9799
-0.0913913 0.222368 107.172
0.0961746 -0.09839 -82.7966
0.093841 -0.102745 -79.7638
0.168763 0.00517559 -175.803
0.0491926 -0.106823 -28.7818
0.0269813 -0.122835 -1.34669
0.00693924 -0.138201 23.9001
-0.00171814 -0.145743 35.0227
-0.00480912 -0.150366 39.2369
0.0118397 -0.394421 63.0564
0.0123237 0.211602 -12.2157
0.102533 0.286232 -14.6712
-0.0583886 0.0555865 18.8633
-0.0776921 0.0224661 24.2136
-0.0605201 0.0352877 20.0688
-0.0591305 0.0331719 20.5292
-0.0570169 0.0452598 18.4677
-0.052785 0.0414836 17.8119
-0.0403786 0.0708062 11.9726
-0.0635629 0.0882941 14.8218
-0.0418647 0.0308692 16.5059
-0.0191072 0.0256486 11.0457
0.0207116 0.0572407 -3.68623
0.056619 0.106243 -19.7105
0.0113297 0.0655884 -0.0577934
0.0390465 0.0283167 -5.99149
0.104134 0.0122166 -26.5745
-0.0969088 0.0219764 44.6976
-0.0689322 0.00144412 36.1821
-0.0578835 -0.0171405 32.1535
0.000998002 -0.00938461 4.2162
0.0453191 -0.0262 -14.1968
-2.15455e-05 -0.0397383 10.3419
-0.0131819 -0.0492263 18.0023
-0.0277329 -0.0610437 27.7965
-0.0236504 -0.043273 22.8442
0.000166237 -0.0628304 11.1195
0.00404818 -0.0600504 7.85528
0.0196048 -0.0738598 0.612382
0.0116764 -0.0780059 6.50903
-0.0150108 -0.0240033 16.8526
-0.0351317 0.00136579 28.8509
-0.0524696 -0.0306322 44.7322
-0.003762 -0.0365427 9.36189
0.00563361 -0.0071724 -1.6255
0.0113648 -0.0439213 -0.276311
0.0126489 -0.0289734 -3.29096
0.00538201 -0.0313188 3.44995
-0.0269831 -0.0325604 31.8788
-0.0247864 -0.0297378 29.5795
0.00991606 -0.0132922 -3.70408
-0.0124769 -0.0243477 18.3501
0.0541317 0.00688893 -47.6226
0.041582 0.110784 -47.5971
0 0.0872733 -5.38282
-0.00917995 0.114286 0.89161
0 0.108599 -7.71191
0.00719054 0.124663 -16.9711
0.00277278 0.113358 -11.1746
0.0750252 -0.104516 -58.4901
0.0845101 -0.102682 -69.2743
0.432885 -0.164872 -456.526
0.0446544 -0.103122 -23.9857
0.0135526 -0.122608 14.4273
-0.003089 -0.13646 35.7347
-0.0092909 -0.145395 44.2278
-0.00975699 -0.148736 45.186
-0.132898 0.0113093 46.3052
-0.133552 0.0124541 46.1637
-0.133264 0.00762273 46.8104
-0.0570161 0.0201859 22.6214
-0.0226037 0.0652301 12.5078
-0.0739639 0.0459375 20.2728
-0.0416039 0.0578855 14.5714
-0.075093 0.0935862 15.2059
-0.0407538 0.0822809 10.1181
0.00545705 0.102732 -0.708046
-0.0292334 0.16449 -3.05881
-0.0381394 0.114249 4.48173
-0.00879503 0.096197 -0.837288
0.0218597 0.113882 -10.7197
0.0279401 0.0802046 -7.07847
-0.00628503 0.0355812 9.71237
0.037397 0.00870529 -2.21082
0.0738152 -0.00889824 -12.2069
-0.060362 0.0031292 32.6864
-0.0689813 0.00131635 36.5612
-0.095507 0.0130892 45.9984
-0.0204555 -0.0148011 15.1265
-0.00136804 -0.0366605 9.36702
0.0299569 -0.0704311 -1.01135
0.00827309 -0.0374238 5.07051
-0.0208101 -0.0712239 24.6466
-0.0253102 -0.0763618 27.9144
-0.000495841 -0.0635967 11.2501
0.0172582 -0.0697039 1.38452
0.0976576 0.0232099 -62.4027
0.00628297 -0.0775891 10.2626
-0.0117602 -0.0417226 16.7778
-0.0069287 0.00316602 7.70895
-0.0175321 -0.0127806 16.6679
0.00343083 -0.0221275 2.58674
0.00476602 -0.0183957 1.07141
0.00835391 -0.00629769 -3.60519
0.0188978 -0.0490945 -5.63063
0.00663125 -0.0356294 2.82271
0.00503178 0.00215558 -1.75378
-0.00296427 -0.0441571 12.058
0.0098235 -0.0276982 -1.50814
0.000125603 -0.00180245 3.81514
-0.0140773 -0.0952949 30.333
-0.00717854 -0.109374 26.1516
0 -0.107132 18.6311
0.000475425 -0.0268431 7.17797
0.000765085 -0.0411289 8.82222
0.00969854 0.0165539 -8.56434
0 -0.0401388 9.47111
0.00980921 0.0166309 -8.70049
0.00973978 0.0169662 -8.6422
0.000728803 -0.0309074 7.38123
-0.198828 0.0762901 228.432
0.0100055 0.0168911 -8.96258
-0.01846 0.035481 21.6262
0 -0.0168513 6.37145
0 0.0492272 -2.38041
-0.131263 0.0111563 46.3133
-0.131282 0.0112543 46.3036
-0.13266 0.0121798 46.0823
-0.130699 0.0244408 43.8661
-0.140594 0.067256 37.5621
-0.132762 0.122464 27.1574
-0.046744 0.00567983 22.0519
-0.0655457 0.109704 12.5756
-0.0404329 0.176328 -2.36508
-0.0257245 0.200127 -8.95771
-0.0428766 0.257919 -14.2944
-0.0711573 0.209558 0.39286
-0.0336716 0.157169 -1.35768
-0.0558701 0.00213406 41.0238
-0.013822 0.0452682 10.6026
-0.0270668 0.0101939 20.428
0.000461556 0.00231327 11.8676
-0.0419879 -0.0158857 31.7892
-0.0741018 0.0177317 35.4108
-0.0685224 0.000512551 36.2342
-0.0836113 0.00373203 42.3038
-0.0587744 0.0120807 29.0219
-0.729224 -0.0248438 366.856
0.00655498 0.0483677 -7.3548
-0.0108688 0.828157 -115.582
-0.0766483 0.00417712 53.9838
-0.00159484 -0.0373385 8.23725
0.00186216 -0.0140463 2.26084
0.0212675 0.0383905 -18.3039
0.00200389 -0.0568489 9.97775
0.00675121 -0.0765467 9.67918
0.00234552 -0.0396436 6.16099
0.0049533 -0.0151622 1.20098
0.078125 9.80859 -1545.51
-0.00845792 -0.0130987 13.7967
-0.177052 -0.0271589 139.889
0.224679 -0.168183 -150.133
0.0136245 -0.0305205 -3.76298
0.010746 -0.0287416 -2.29422
0.0105911 -0.0255147 -2.68012
-0.00192231 -0.00326406 5.02329
-0.00229256 -0.0123107 7.62101
0.00183742 0.00384096 0.951021
-0.00076955 -0.00167499 4.01169
-0.0020865 -0.00368812 5.60779
-0.00257184 -0.00124456 5.79744
-0.00167515 0.00655191 4.45551
0.45717 -0.140843 -432.428
0.0874647 -0.917214 57.5201
0.0306044 0.0291124 -29.5309
0.000415947 0.43331 -62.4198
-0.00246953 0.176419 -18.8769
-0.0101549 -0.00355156 13.546
-0.0198845 0.0402596 39.4774
-0.19772 0.0766664 227.121
0.00532068 0.0370589 10.5017
0.00532068 0.0370589 10.5017
0.00532068 0.0370589 10.5017
-0.131443 0.0109051 46.3619
-0.132112 0.010271 46.5044
-0.137756 0.0134814 45.9961
-0.110893 0.0183666 43.4063
-0.100951 0.0333037 40.0554
-0.0689591 0.0647398 30.7375
-0.0776839 0.0973673 25.8336
-0.0643337 0.102503 22.8907
-0.0838463 0.0605922 34.2499
-0.0188152 0.087912 9.84374
-0.0421661 0.154384 2.94568
-0.0612262 0.120362 13.6712
-0.0830577 0.117072 19.4803
-0.0693014 0.138918 11.5824
-0.0751736 0.0375197 31.3638
-0.051983 -0.00735839 31.6613
0.00732703 -0.0382464 16.1014
-0.134144 0.0371285 56.9401
-0.057011 0.0620277 21.0364
-0.0781938 0.0596313 29.9278
-0.0649064 0.0523391 25.3383
-0.014149 0.120479 -10.1071
0.0097855 0.125632 -23.1578
0.0383593 0.0930238 -31.1634
-0.0591165 -0.00820076 46.7421
-0.0630547 -0.00761248 48.6673
-0.598873 -0.00409154 349.923
-0.0188596 0.0338318 16.4252
0.0539695 -0.0118715 -18.9131
-0.079499 0.230293 11.3128
-0.0282715 0.267606 -28.5557
-0.0186935 0.210876 -24.3182
-0.00912855 8.65754e-05 8.94255
-0.102353 0.345122 9.81339
-0.00295322 0.00408964 3.51377
-0.0242614 0.369041 -51.0256
0.00254559 -0.00188358 0.374305
-0.030599 0.0991063 6.03551
0.00851557 0.00327036 -5.02822
0.00251663 -0.0155445 3.60072
0.0069834 -0.0154912 -0.98934
0.000831608 0.000612054 1.78263
0.00292969 -0.00711884 1.43639
0.00358194 0.000509004 -0.47012
0.0183385 0.0024535 -14.1422
0.0011603 -0.00193991 2.20363
0.0225151 0.0168913 -22.4967
0.00893061 0.0239123 -8.99404
-0.176482 0.237906 152.819
-0.033115 0.303115 -5.68396
0.140457 -0.252314 -95.2934
0 0.105403 -6.23901
-0.0236937 0.143991 13.9895
0.00631405 0.141226 -20.1462
0.00208924 0.172629 134.997
0.00274962 0.18592 131.709
-0.0278439 0.260545 155.242
-0.0278439 0.260545 155.242
-0.131443 0.0109051 46.3619
1.25851 -0.00284389 -11.0325
-0.143881 0.0252033 44.2335
-0.108929 0.0196644 42.962
-0.0599251 0.0245506 37.1671
-0.0371759 0.0571664 28.5369
-0.0852583 0.0792984 30.589
-0.0789866 0.0744273 30.5792
-0.0946783 0.0663017 34.8328
0.00112998 0.0995812 2.96423
-0.0281535 0.108056 7.95538
0.0183479 0.103847 6.55466
0.0183479 0.103847 6.55466
0.0183479 0.103847 6.55466
0.0183479 0.103847 6.55466
0.101722 0.010382 99.1447
0.0982016 0.0189959 98.6484
-0.016835 -0.0177967 22.4224
-0.142676 0.109801 47.3592
-0.0575583 0.11686 9.60388
-0.0110824 0.142615 -15.737
0.380471 0.0467394 -177.355
0.0222514 0.222628 -47.9261
0.058194 0.174644 -55.6327
0.0216238 -0.036824 8.18631
-0.0564354 -0.0210522 47.6058
-0.0144872 0.171029 -15.02
0.00407645 0.12968 -17.0473
-0.0420377 0.0186246 33.6372
-0.0455942 0.285176 -20.5851
-0.021128 0.332333 -46.0478
-0.0309767 0.245311 -22.5191
-0.0535745 -0.0375885 56.6601
-0.0276822 0.0225813 19.6835
-0.0154436 0.0175322 11.2632
-0.0139797 0.0232736 8.7405
-0.000502981 0.00547662 1.73886
0.00094418 -0.00244079 3.04124
-0.00349023 -0.00453982 6.98171
0.000842423 0.00159222 1.61026
0.00384341 -0.00173337 -0.73799
0.649738 0.0481255 -596.565
0.00296646 0.00408561 -1.05502
0.00397113 -0.00204831 -0.327228
-0.00328882 -0.00148454 6.60304
0.00330773 -0.00623361 1.09439
-0.00216028 0.00223746 4.42502
0.00263793 -0.00022284 0.63628
0.0998923 0.162389 -129.711
0.0867254 0.308685 -135.216
0.00247944 -0.00413839 1.31884
0.0131073 0.0156582 -12.2951
-0.0138388 -0.283012 79.6772
0.00834869 -0.287321 55.2575
-0.0219573 0.0744266 36.8235
-0.053267 -0.590376 206.272
0.032343 0.151175 -43.048
-0.00937548 0.0928267 19.946
0.030367 0.180802 -24.0578
-0.00534452 0.204301 -29.0627
-0.00641599 0.239315 -37.1278
-0.0281802 0.238936 -35.572
-0.00621271 -0.594578 165.144
-0.0332194 0.0493113 29.5912
-0.0569621 0.0594775 30.6351
-0.0782527 0.0813816 28.7701
0.134016 -0.0454357 152.561
0.0103923 0.091001 2.86095
0.00535593 0.0948697 3.13364
0.00535593 0.0948697 3.13364
-0.0333232 0.243499 113.957
0 0.116071 -1.63988
0.096872 -0.029837 73.1703
0.107553 0.0042814 62.097
0.120157 0.0587933 53.004
-0.00489404 -0.00405254 15.0124
-0.00539054 0.0401148 5.25566
0.0127476 0.134267 -23.5325
0.0584978 0.164714 -50.0892
0.0422407 0.331807 -79.9698
0.00529642 0.338588 -63.6375
0.00608748 0.312694 -58.7513
0.00826299 0.305546 -57.4934
-0.00233812 0.300017 -50.6537
-0.00573151 0.267938 -41.8207
-0.0137791 0.27081 -37.4409
-0.0246842 0.263794 -29.123
0.0135615 0.303 -61.7407
0.0698534 0.287806 -94.9102
0.132995 0.215105 -119.522
0.166701 0.193108 -137.485
0.0559252 0.142563 -48.1982
-0.045271 0.0698959 24.166
-0.0728908 0.0332985 53.1928
-0.00979334 0.00381363 9.7572
0.0116641 0.0290204 -12.2603
0.0221382 -0.0634831 -0.376865
0.392796 -0.188731 -286.46
0.206578 0.00141614 -169.293
-0.00845792 -0.0130987 13.7967
0.00638978 -0.0027376 -2.70756
0.00637436 -0.00394988 -2.12439
0.136901 -0.00549164 -83.9768
0 -0.408466 97.1874
0.0868757 -0.214607 -15.5221
0.000528143 0.0400713 -6.39261
0.511719 -0.0976562 -486.715
1.2182e-05 -0.00507547 4.07652
1.2182e-05 -0.00507547 4.07652
-0.169023 -0.794883 404.638
0.0376851 -0.0511575 -2.46275
0.0032056 -0.00348645 0.427226
0.00132015 0.0127107 -1.49672
0.00358987 0.0227662 -5.87409
0.000905315 0.0792329 -14.9268
0.0110537 0.0177382 -10.3191
0.0333111 0.197403 -28.184
0.0231201 0.21663 -32.8256
0.00719311 0.25343 -41.3045
0.0241841 0.220796 -34.4639
0.0380635 0.217618 -35.2013
0.0350405 0.196558 -29.0234
0.042699 0.172547 -23.9369
0.0420237 0.145311 -16.9868
0.0351134 0.119377 -9.2833
0.0228579 0.0942691 -0.593879
0.0143257 0.0906613 2.0962
-0.0411417 0.246166 115.36
-0.0343162 0.244211 114.069
-0.029347 0.427661 35.437
0.475 -0.0162109 -12.6192
0.180077 -0.472406 182.245
-0.0189082 0.0482148 22.34
-0.203427 -0.314315 293.989
0.0934564 0.0697003 -4.9081
0.0203791 0.13609 -27.1578
0.0420666 0.133851 -35.9021
-0.00289205 0.393721 -72.6954
-0.00886993 0.305011 -48.444
-0.0159507 0.290541 -40.9876
0.00553199 0.295404 -54.0364
-0.00456603 0.278805 -44.1108
0.0010133 0.269969 -45.0464
-0.00721934 0.290729 -45.4606
-0.0320609 0.274138 -26.8566
-0.00486432 0.259467 -40.2476
0.102164 0.23545 -103.77
0.0979541 0.244108 -102.901
0.100603 0.216853 -97.186
0.206106 0.172268 -160.371
0.153782 0.0249205 -94.8826
0.149517 0.0269563 -92.0763
0.149865 0.0265651 -92.3033
-0.021837 -0.0710347 65.4725
-0.00845792 -0.0130987 13.7967
0.0045562 -0.0114948 3.09375
0 -0.231481 88.3278
0 -0.176248 74.518
0.0376764 -0.0762576 14.5258
0.0159546 -0.169427 57.7428
0.154509 -0.208809 -51.9828
0.0474327 -0.0803987 3.98004
-0.181403 -0.0467837 214.166
-0.100761 -0.0282048 127.106
0.0127385 0.284403 -60.6597
-5.60537e-05 0.350856 -60.536
-0.0569502 0.186652 40.7799
0.0845227 -0.0735754 -50.267
0.0700281 -0.0724693 -34.038
0.0808373 -0.170212 -21.8914
0.029799 -0.355239 84.2309
0.18726 0.211241 -263.212
0.0104096 0.0197444 -9.90574
0.0104096 0.0197444 -9.90574
0.0466355 0.207333 -30.9384
0.0528621 0.195468 -27.9897
0.0342281 0.244781 -40.045
-0.000511357 0.254437 -41.0592
0.0335738 0.229668 -37.6972
0.0247186 0.200964 -28.9817
0.0197658 0.172182 -20.6022
0.0173091 0.143835 -12.584
0.0137352 0.119829 -5.48604
0.00876258 0.10073 0.63174
0.00312618 0.0895234 4.87817
-0.00240171 0.0896602 6.09855
-0.00730197 0.0830364 9.10054
-0.0069006 0.0807424 9.62387
-0.00530784 0.07743 10.1252
-0.0179996 0.0955316 8.96518
-0.0188902 0.047892 22.422
0.183418 0.131384 -57.2305
0.0415471 0.0563326 19.078
-0.0973047 -0.0019472 274.022
0.0978036 -0.0599949 -2.28373
0.0192318 0.338183 -71.7757
-0.020628 0.242612 -26.3317
0.0325643 0.263066 -59.2243
0.0388663 0.23437 -54.4259
-0.000105806 0.306686 -53.1887
0.00796711 0.248049 -43.6355
-0.0734901 0.380286 -28.0485
-0.00347105 0.337699 -60.2235
0.099142 0.23217 -100.759
0.0995669 0.242629 -103.236
0.0921903 0.233991 -95.8717
0.116993 0.202899 -105.041
0.104535 0.205977 -97.5708
0.101705 0.213876 -97.6302
0 -0.11496 66.7996
-0.00102896 -0.115861 67.8546
0 -0.11496 66.7996
-0.12203 0.259453 104.411
-0.124686 0.181179 127.367
-0.0541399 0.228871 5.61676
0 0.293365 -58.7428
0 0.314998 -64.4858
0.0276199 0.284547 -82.1224
-0.00936848 0.281156 -46.514
0 0.314998 -64.4858
-0.206944 -0.0704238 246.006
-0.00120238 -0.372294 117.713
0.00255869 -0.379286 115.657
-0.0585363 0.143447 51.5922
0.104807 -0.0337154 -81.6739
0.0888418 -0.0552118 -58.4641
0.0808629 -0.0454189 -52.1871
0.177679 -0.148489 -139.977
-0.00492831 -0.156723 74.6528
-0.00609993 -0.155837 75.8112
-0.00660422 -0.158721 77.2081
-0.00660422 -0.158721 77.2081
0.0665538 0.217231 -33.8496
0.0626798 0.23672 -39.3594
0.0451502 0.259616 -45.2412
0.00282997 0.252793 -40.6909
-0.0102793 0.240206 -36.1531
-0.00918084 0.203554 -25.6612
-0.00849076 0.17141 -16.4269
-0.00785376 0.139329 -7.22884
-0.00613056 0.11986 -1.85164
-0.00609863 0.103835 2.81743
-0.00725527 0.0906063 6.93866
-0.00781182 0.0846613 8.76973
-0.00869295 0.0826903 9.56559
-0.0149338 0.0582882 18.2577
-0.0193933 0.0527543 21.2301
-0.0220269 0.047654 23.559
-0.0218144 0.0447229 24.325
0.146094 0.121546 -39.6816
0.114039 0.111985 -24.4282
-0.088774 0.00594146 268.381
0.00550183 -0.0658938 47.9999
0.00423797 0.283767 -49.9932
-0.00115108 0.210436 -27.5549
0.0216411 0.13108 -17.3002
0.0971795 0.160471 -64.4047
0.0797282 0.158995 -54.0062
0.036731 -0.145882 52.2065
-0.0515032 0.833999 -168.25
-0.0621608 0.870465 -172.472
-0.112127 -0.061097 126.426
0.0963907 0.264318 -107.004
0.0711665 0.233997 -81.91
0.0712324 0.255949 -87.3885
0.0826483 0.246832 -92.9507
0.0615092 0.255468 -80.415
0.015815 -0.557046 177.169
0.0157363 -0.55708 177.241
0.0157363 -0.55708 177.241
0.0156952 -0.557062 177.269
0.0156952 -0.557062 177.269
0.0130023 -0.4273 140.48
0.0050509 -0.205674 81.387
0.0107379 -0.462951 152.527
0 -0.206478 86.1721
-0.0361421 -0.405941 180.273
0 -0.439054 155.353
-0.0136353 -0.435525 167.938
0 -0.439054 155.353
0.145443 0.120443 -151.024
-0.0707879 0.041238 99.8423
0 -0.340601 125.506
0.0585365 -0.0873761 -16.8209
0.104884 -0.143826 -52.1178
0.151218 -0.149425 -108.98
-0.0153322 -0.151677 85.6224
-0.0109291 -0.155738 81.5737
-0.00743168 -0.161507 79.0337
0.888691 -0.196444 -1013.41
0.0833621 -0.12954 70.8686
0.0877644 -0.127581 70.1663
0.0389611 0.767575 -198.552
-0.0122145 -0.367129 147.937
-0.0137304 -0.358237 145.245
0.0196979 -0.329771 191.497
0.0229481 -0.337275 193.442
-0.0199385 0.133162 -3.44961
-0.0198443 0.119525 0.764047
-0.0178043 0.105224 4.80694
-0.0137157 0.0941205 7.37677
-0.0101753 0.0922358 7.13754
-0.00853063 0.091089 7.0897
-0.0198606 0.0562093 20.3276
-0.023247 0.0494154 23.4431
-0.0256261 0.0468364 24.9967
-0.0246355 0.0403031 26.6404
0.285649 0.131688 -96.4377
-0.00437179 -0.020374 37.7323
0.00330407 -0.0431664 41.7401
0.00941972 -0.0587606 44.0933
-0.251857 -0.0833647 173.09
0.0623766 0.0846166 -22.4127
0.0632499 0.0901751 -24.5133
0.0579149 -0.118776 38.7835
0.0776859 -0.168671 43.6263
0.0464437 -0.271653 86.6563
0.057237 -0.208186 60.3132
-0.0674203 -1.3182 492.991
0.0688019 0.202265 -70.1028
0.0362987 0.202706 -48.9925
0.151223 0.124599 -104.582
0.114299 0.200653 -101.819
0.0996992 0.238558 -102.661
0.0925259 0.258191 -103.668
0.0480695 0.271883 -74.7677
-0.00375894 -0.0993057 74.1777
-0.00395184 -0.0983476 74.0228
-0.00392591 -0.100475 74.7308
-0.0028498 -0.0945819 71.958
0 0.826012 -209.281
0 0.774896 -192.577
0.053973 0.810993 -253.654
0 0.608219 -142.185
0 0.147321 1.93806
-0.0963203 0.737263 -86.7012
-0.0606207 0.751486 -125.505
-0.00462089 0.613791 -139.078
-0.0237468 0.820127 -182.583
-0.10128 0.735989 -72.8748
-0.00680715 0.81582 -198.775
0 0.614998 -144.168
0 0.811132 -204.775
0.0294042 0.767232 -224.698
-0.00267813 -0.15284 71.0729
-0.0327685 0.166181 1.5539
2.82162e-12 0.614998 -144.168
3.40853e-12 0.614998 -144.168
-0.00670471 0.167537 -2.1321
-0.00640807 0.166199 -1.69554
-0.00444893 0.155366 1.81157
-0.0154753 0.152294 3.55179
-0.00887525 0.173032 -4.13306
-0.0100193 0.178724 -5.93834
-0.00925405 0.184899 -8.1204
-0.00763093 0.191294 -10.5173
-0.00565901 0.197351 -12.8932
-0.00390011 0.202648 -15.0119
-0.00237284 0.206974 -16.7927
-0.00114219 0.210207 -18.1688
4.61604e-05 0.212494 -19.245
0.000282489 0.212854 -19.429
-0.14289 0.0290665 270.424
0 -1.20406 446.669
-0.0459914 0.0275935 38.2416
-0.0421597 0.00427958 44.5862
-0.0324979 -0.0159146 47.5736
-0.0234962 -0.0393807 51.7632
0 -1.37532 504.804
-0.0023117 0.16455 -0.611942
-0.0156802 0.453631 -116.823
-0.015444 0.452755 -116.648
0.140514 -0.112328 -2.61896
0.138242 -0.122225 1.96347
0.12107 0.0484701 -47.3643
0.00869614 -0.293037 115.068
0 0 -1
0.309449 -0.0971823 -125.021
0.0398469 -0.144193 48.9413
0.0597617 -0.126574 29.4351
0.0400719 -0.143983 48.7179
0.194998 0.11795 -134.63
0.104414 0.247647 -109.304
0.0522205 0.271762 -77.8454
0.0237575 0.276087 -57.5921
-0.00192539 -0.0965477 71.7914
-0.00111504 -0.0840192 66.9395
0.0026119 -0.0696485 59.0266
0.00205148 -0.0919159 66.9176
0.00205148 -0.0919159 66.9176
0 -0.0440025 52.5339
0 -0.0440025 52.5339
-0.00197413 -0.0421503 53.8127
0 -0.0440025 52.5339
0 -0.0440025 52.5339
-0.0015474 -0.0424457 53.6042
0 -0.0440025 52.5339
0 -0.0440025 52.5339
0 -0.0440025 52.5339
0 -0.0440025 52.5339
0 -0.0440025 52.5339
5.08762e-13 -0.0440025 52.5339
5.15374e-13 -0.0440025 52.5339
3.84924e-13 -0.0440025 52.5339
0.0727362 0.0438399 -56.3222
0.063882 0.0463889 -46.3552
-0.00686499 0.167758 -2.20488
-0.00655518 0.167291 -2.04689
-0.007233 0.166625 -1.75815
-0.00622271 0.169325 -3.07538
-0.00726868 0.173993 -4.60969
-0.00537331 0.178851 -6.53623
-0.00363004 0.184925 -8.92067
-0.00190457 0.191325 -11.4553
-0.000490066 0.197397 -13.856
0.000524972 0.202691 -15.9321
0.00104756 0.207 -17.5744
0.0012116 0.210172 -18.7392
0.00109241 0.212339 -19.4778
0.000673911 0.212732 -19.4994
-0.16406 0.226769 208.495
-0.000941068 0.165739 -1.57881
-0.00112442 0.164796 -1.17606
0.000894527 0.146227 4.83355
-0.00172184 0.16399 -0.658795
-0.00198554 0.164023 -0.562962
-0.00225201 0.16422 -0.519915
-0.00227609 0.164538 -0.624086
-0.00203061 0.16487 -0.860281
-0.00175026 0.165293 -1.14843
0.122737 0.0146523 -37.0078
0.119035 0.0125762 -34.1821
-0.00240438 0.15463 3.3006
-0.00325394 0.155519 3.48085
-0.00428868 0.155951 3.94228
1.07431 0.240537 -726.223
-0.0119101 0.261042 -30.2032
-0.00848236 0.275993 -37.9119
0.00917358 0.283977 -53.1167
0.0544102 0.270992 -80.9592
0.05093 0.281824 -80.3185
0.0435856 0.291095 -77.9531
0.0452794 0.244603 -62.9716
-0.0291328 0.0923394 52.2312
-0.0529031 0.105498 68.2358
-0.0459062 0.0122473 95.8729
0.0119626 -0.368099 123.977
0.00678254 -0.00943548 0.871636
0 -0.806829 293.961
0.00270577 -0.805849 291.081
0.00666112 -0.00904131 0.88636
0.00570887 -0.00638568 0.223844
0.00418679 -0.795366 285.771
-0.0453632 -0.737933 315.71
0.00693741 -0.803695 285.611
0.0183385 0.0024535 -14.1422
0 0.194894 -61.5176
0.0498683 0.00220619 -45.5586
0.0157267 -0.0203325 -4.01255
-0.00372409 -0.241057 97.0766
-0.000760657 -0.237561 92.7618
0.0925777 0.00346959 -102.514
0.0603232 0.039889 -39.7136
-0.000760657 -0.237561 92.7618
-0.00773617 0.168118 -2.32218
-0.00815132 0.16679 -1.81754
-0.00933717 0.164095 -0.76595
-0.0106252 0.172362 -3.71313
-0.006151 0.175209 -5.14496
-0.00233917 0.17904 -6.96386
0.00026198 0.184916 -9.46468
0.00214851 0.191323 -12.1109
0.00319957 0.197432 -14.5454
0.00365228 0.202734 -16.588
0.00344682 0.207022 -18.125
0.00282999 0.21011 -19.1182
0.00190996 0.212057 -19.5991
0.00129713 0.212745 -19.6822
0.00127668 0.212888 -19.7282
0.00127668 0.212888 -19.7282
-0.00153026 0.16488 -1.05952
-0.00145813 0.164488 -0.942317
-0.00173096 0.164136 -0.708823
-0.001982 0.164026 -0.565572
-0.00212372 0.164179 -0.56212
-0.00206436 0.164482 -0.702759
-0.00167626 0.164857 -1.02753
-0.000917393 0.16543 -1.61716
-7.05088e-05 0.16175 -0.68751
5.46146e-05 0.158086 0.610063
-0.00101977 0.15444 2.5733
-0.00302809 0.155623 3.3102
-0.00577969 0.156931 4.48775
-0.00778334 0.20901 -13.5794
-0.00646977 0.262212 -34.18
-0.000474914 0.277662 -43.9463
0.0107531 0.291632 -56.929
0.0197132 0.281202 -59.488
0.0650607 0.276105 -89.7929
0.0601367 0.255472 -78.2713
0.0357644 0.253995 -58.6626
-0.0191371 0.165072 17.8456
-0.0476101 0.201214 27.6019
-0.051833 0.201304 31.0323
-0.0436596 0.202283 23.5774
-0.0317193 0.194456 15.9307
-0.0222279 0.189739 9.11245
-0.0175057 0.18888 5.07646
-0.0175057 0.18888 5.07646
-0.00181054 0.165998 -1.03061
3.12558e-05 0.106236 19.6264
-0.000103193 0.104847 20.2793
0.00132845 0.143492 4.44921
0 0.0964007 23.3202
0 0.0964007 23.3202
6.30193e-07 -0.0936219 94.0422
-0.00280991 0.0861003 30.3355
0 0.0964007 23.3202
0 0.0964007 23.3202
-0.00150396 0.0448152 44.5492
-0.00150396 0.0448152 44.5492
-0.00150396 0.0448152 44.5492
