0 1 3
1 2 3
2 3 1
3 4 0
4 5 2
5 6 1
6 7 0
7 8 1
8 9 3
9 10 3
10 11 3
11 13 3
13 14 3
14 15 3
15 16 3
16 17 0
17 19 3
19 20 3
20 21 3
21 81 3
81 83 3
24 83 0
24 25 0
25 26 3
26 28 1
28 29 1
29 30 0
30 31 3
31 33 3
33 34 0
34 93 1
36 93 3
36 37 3
37 38 3
38 39 3
39 40 3
40 41 2
41 167 2
160 167 3
160 161 3
161 165 3
165 168 3
33 90 3
41 42 1
26 27 1
27 28 0
14 72 3
31 90 3
13 72 3
8 66 0
11 69 3
7 66 3
10 69 3
17 76 2
19 76 3
20 79 3
21 79 3
33 91 3
19 77 3
36 94 3
37 94 3
38 97 3
39 97 3
14 73 3
15 73 3
16 74 3
20 77 3
79 81 3
33 92 3
34 92 1
40 97 3
42 100 3
1 59 3
2 59 3
2 60 0
3 60 0
11 70 3
25 83 0
30 89 3
31 89 3
41 100 2
0 58 3
3 61 0
4 61 2
4 62 0
5 62 2
5 63 3
6 63 0
6 64 0
7 65 3
9 66 0
13 70 3
72 73 3
15 74 3
90 91 3
91 92 3
92 93 3
58 59 3
17 74 1
76 77 3
25 84 0
28 87 3
29 87 0
29 88 0
30 88 3
37 95 3
38 95 3
42 167 0
59 60 0
62 63 2
63 64 3
65 66 3
69 70 3
20 78 3
83 84 3
26 84 0
93 94 3
61 62 0
64 65 3
88 89 3
40 100 0
77 78 3
78 79 3
73 74 3
27 84 0
89 90 3
10 66 0
27 87 0
87 88 3
60 61 2
10 126 0
70 72 3
72 129 3
74 134 0
94 95 3
70 129 3
17 134 2
83 140 1
66 126 3
76 134 3
66 125 3
69 126 0
74 132 3
87 261 0
38 154 3
97 154 3
132 134 0
145 261 0
125 126 3
27 261 0
84 261 3
95 154 3
61 119 0
62 119 1
123 125 3
83 139 3
60 119 3
69 127 2
72 130 3
73 130 3
81 139 3
73 131 3
74 131 3
78 137 3
79 137 3
59 118 0
60 118 3
62 121 1
63 121 3
70 127 2
129 130 3
87 145 3
89 147 3
90 148 3
92 151 3
93 151 3
94 153 3
58 116 0
59 117 0
62 120 3
126 127 2
77 135 3
78 135 3
81 137 3
88 147 3
89 148 3
91 148 3
94 151 3
95 153 3
165 225 3
168 225 3
116 117 3
119 120 0
120 121 1
77 134 3
97 155 2
40 155 2
117 118 3
64 121 3
66 123 3
88 146 3
92 150 3
134 135 3
84 201 3
87 146 3
146 147 3
91 150 3
150 151 3
154 155 0
118 119 3
65 123 3
139 140 1
151 153 3
64 123 3
137 195 3
81 195 3
201 261 3
130 131 3
139 195 3
83 261 3
145 146 3
148 150 3
127 186 3
131 132 3
160 166 3
161 166 3
127 129 2
160 451 3
129 186 0
100 155 2
167 451 3
165 166 3
121 180 0
129 188 0
131 190 3
153 154 3
166 451 3
186 188 3
132 190 3
126 184 0
127 184 2
150 207 0
154 212 0
64 180 0
123 182 2
148 207 0
134 193 3
135 193 3
135 137 3
153 212 0
100 449 0
42 449 0
64 181 0
123 181 0
181 182 3
132 192 0
134 192 3
167 449 3
180 181 3
125 182 3
135 194 3
137 194 3
140 261 0
117 175 0
118 175 0
119 177 2
166 225 3
120 177 1
184 185 3
127 185 2
89 205 0
148 205 0
155 212 1
130 188 0
139 255 3
140 255 0
145 204 3
146 204 3
147 205 0
116 174 2
120 178 3
125 184 0
140 198 0
155 331 0
155 449 0
449 558 3
174 175 0
121 178 0
121 179 0
125 183 0
198 261 0
331 449 0
178 179 3
179 180 3
182 183 2
183 184 3
193 194 3
194 195 3
118 177 2
177 178 0
182 240 2
131 188 0
150 208 0
151 208 0
118 176 0
185 186 3
186 245 3
195 254 3
139 254 3
147 204 3
151 324 0
168 455 3
175 176 1
176 177 1
198 255 0
205 207 2
153 324 0
225 455 3
229 455 3
188 245 2
188 190 3
192 193 3
181 240 3
254 255 3
147 263 0
260 261 3
204 263 0
205 263 0
393 449 3
167 393 3
190 192 0
208 324 3
153 268 0
393 558 3
268 324 3
155 270 2
145 260 0
207 208 3
212 268 3
270 331 3
183 242 3
184 242 3
188 247 2
190 247 0
330 331 0
393 451 3
261 317 3
205 265 0
207 265 3
212 270 3
178 236 3
185 242 3
198 317 0
204 260 0
270 330 1
179 236 3
183 240 3
186 244 2
174 233 2
185 244 3
175 233 3
176 235 3
177 235 0
180 238 3
188 246 2
208 265 3
178 235 3
179 238 3
185 243 3
245 246 3
204 319 0
243 244 3
244 245 3
247 248 3
190 248 0
194 253 3
195 253 3
260 317 3
265 322 3
331 558 0
174 232 2
176 233 0
176 234 3
235 236 3
179 237 3
192 250 3
322 378 3
232 233 0
233 234 1
236 237 3
237 238 3
181 238 3
183 241 3
246 247 3
190 307 3
192 307 1
193 251 3
253 254 3
205 322 0
234 235 3
240 241 3
248 307 3
192 251 3
194 251 3
242 243 3
260 319 3
263 319 3
263 322 3
181 239 3
239 240 3
250 251 3
255 314 3
198 314 0
238 239 3
241 242 3
250 307 1
251 253 3
198 316 0
316 317 3
253 311 3
314 316 3
166 456 3
225 456 3
234 293 3
235 293 3
246 304 3
255 313 3
212 328 3
270 328 3
247 304 3
253 310 3
313 314 3
268 328 3
250 309 3
251 309 3
254 312 3
254 313 3
236 293 3
245 303 3
247 305 3
265 382 3
233 293 1
239 297 3
242 301 3
243 301 3
244 303 3
248 305 3
253 312 3
312 313 3
240 297 3
304 305 3
310 311 3
324 382 3
324 326 3
268 326 3
166 454 3
236 295 3
237 295 3
451 454 3
244 301 3
263 378 3
232 290 2
233 291 1
293 294 3
236 294 3
237 296 3
238 296 3
238 297 3
248 306 3
260 376 3
290 291 3
291 293 3
294 295 3
296 297 3
241 299 3
245 304 3
305 306 3
306 307 3
319 376 3
328 330 2
295 296 3
241 301 3
322 323 3
265 323 3
330 386 2
454 456 3
240 298 3
240 299 3
307 309 0
311 312 3
378 379 3
297 298 3
241 358 3
307 366 0
376 434 3
319 434 3
319 378 3
322 379 3
298 299 3
299 358 3
301 358 3
301 302 3
244 302 3
303 304 3
251 310 3
323 382 3
386 558 3
455 456 3
302 303 3
304 362 3
309 366 3
314 373 3
316 373 3
317 376 3
451 452 3
326 328 3
317 375 3
393 452 3
452 454 3
303 362 3
309 310 3
375 376 3
312 371 3
326 382 3
294 353 3
295 353 3
313 371 3
313 372 3
314 372 3
316 375 3
326 384 3
328 498 3
331 445 0
370 371 3
498 558 3
330 445 0
393 621 2
312 370 3
326 498 3
328 386 3
309 367 3
384 498 3
386 498 3
293 409 3
294 409 3
297 355 3
302 358 3
366 367 3
293 350 3
296 355 3
298 356 3
299 357 3
311 370 3
290 348 3
291 348 3
291 350 3
353 409 3
296 354 3
298 355 3
299 356 3
357 358 3
305 363 3
310 369 3
311 369 3
372 373 3
316 374 3
323 381 1
353 354 3
356 357 3
362 363 3
306 363 3
307 481 3
369 370 3
373 374 3
374 375 3
381 498 0
381 382 0
445 558 3
291 349 3
354 355 3
355 356 3
306 364 3
309 368 3
371 372 3
440 498 3
348 349 3
307 364 3
367 368 3
310 368 3
349 350 3
350 409 3
386 445 3
302 419 3
362 419 3
366 481 3
368 369 3
323 379 3
455 460 1
363 364 3
378 435 3
409 410 3
353 410 3
319 435 3
381 438 0
382 384 3
353 412 3
354 412 3
364 481 3
323 438 3
434 435 3
558 621 2
355 412 1
379 435 3
379 437 3
459 460 0
302 417 3
302 418 3
455 459 1
357 415 3
418 419 3
370 427 1
370 428 3
417 418 3
366 424 3
367 424 3
369 427 1
382 498 3
358 417 3
382 440 3
355 413 1
355 414 2
356 414 3
358 415 3
366 423 3
353 411 3
423 481 3
367 426 3
368 426 3
371 428 3
456 574 3
411 412 3
412 413 3
323 437 3
381 440 0
455 574 3
348 406 1
349 406 1
410 411 3
357 414 2
362 420 3
363 421 3
364 421 3
372 431 1
373 431 1
374 431 1
349 408 1
350 408 1
413 414 0
419 420 3
420 421 3
364 422 3
426 484 3
454 570 3
422 481 3
367 425 3
369 426 3
372 488 1
456 570 3
349 407 1
414 415 2
424 425 3
426 427 1
427 428 0
437 438 3
438 498 3
421 422 3
423 424 3
425 426 3
371 487 3
431 488 3
435 437 3
407 408 3
428 487 3
372 487 3
375 434 3
497 498 3
408 409 0
375 433 3
497 558 3
558 676 3
406 407 3
487 488 1
374 433 3
433 434 3
435 495 3
437 495 3
452 570 3
438 495 3
415 474 3
358 474 1
415 473 3
417 474 3
417 476 3
570 574 3
427 484 0
438 496 3
496 498 2
410 468 1
473 474 3
474 476 3
418 476 3
393 568 3
409 468 1
414 473 1
496 497 3
452 568 3
459 574 0
409 467 1
414 472 1
419 476 3
408 467 3
467 468 3
472 473 3
428 486 3
427 486 0
431 433 0
411 468 1
411 469 1
413 472 3
420 478 3
427 485 0
431 489 3
495 496 3
468 469 3
421 478 3
421 479 3
422 479 3
435 494 2
568 621 2
406 465 3
407 465 3
408 465 3
488 489 3
433 489 1
494 495 3
406 464 3
408 466 3
412 470 1
474 475 3
475 476 3
419 477 3
422 480 3
425 484 3
516 574 0
466 467 3
412 469 1
476 477 3
477 478 3
479 480 3
480 481 3
484 485 3
433 490 3
464 465 3
413 471 1
471 472 0
486 487 3
489 490 0
469 470 3
413 470 1
478 479 3
465 466 3
470 471 3
435 551 2
494 551 3
501 621 1
566 621 1
566 568 3
568 570 3
424 482 3
425 482 3
433 491 1
434 491 1
621 676 2
616 621 1
501 616 3
491 551 0
482 484 3
423 482 3
616 676 3
481 539 3
495 553 3
570 629 3
455 631 3
472 530 3
423 539 3
574 629 3
574 631 3
467 526 3
468 526 3
473 530 3
475 533 3
476 534 1
485 486 3
485 543 2
486 543 2
497 555 3
471 529 3
474 532 3
474 533 3
476 533 3
477 534 1
478 536 3
479 536 3
487 545 1
494 553 3
497 557 3
465 524 3
466 524 3
468 527 3
469 527 3
472 529 1
473 532 3
477 536 3
479 537 3
479 538 3
480 538 3
484 542 2
485 542 2
486 544 2
488 545 3
490 549 1
433 549 1
491 549 3
496 553 3
557 558 3
469 528 3
470 528 3
533 534 1
536 537 3
481 538 3
484 598 0
497 556 3
568 628 3
570 628 3
576 631 0
464 522 3
465 523 3
467 525 3
526 527 3
543 544 3
487 544 2
494 552 3
496 554 3
555 556 3
556 557 3
574 576 1
522 523 3
523 524 3
525 526 3
527 528 3
471 528 3
529 530 0
532 533 3
537 538 3
482 539 3
542 598 3
551 552 3
552 553 3
574 632 3
576 632 0
466 525 3
534 536 0
482 598 0
542 543 3
544 545 1
489 547 3
553 554 3
490 547 1
490 606 2
628 629 3
524 525 3
488 547 3
549 606 3
528 529 3
539 598 2
497 554 3
538 539 3
629 632 3
530 532 3
534 593 3
536 593 1
547 606 2
528 586 1
554 555 3
527 586 1
491 609 2
530 589 1
532 589 1
545 547 3
547 604 2
551 609 3
545 604 2
542 601 3
547 605 2
537 595 1
598 599 3
543 601 3
604 605 3
553 611 3
554 611 3
504 616 3
538 595 1
542 599 3
545 603 2
552 609 3
557 615 3
527 585 1
529 586 1
530 588 1
549 609 3
552 610 3
554 613 3
555 613 3
504 621 1
568 625 3
526 585 1
585 586 3
529 588 1
544 603 3
603 604 3
566 625 3
631 636 1
579 631 0
534 592 3
592 593 3
549 607 3
609 610 3
522 580 1
523 581 1
524 582 1
525 583 1
526 584 1
532 590 1
533 591 1
533 592 1
536 594 1
536 595 1
538 596 1
539 597 2
542 600 3
605 606 3
552 611 3
580 581 3
581 582 3
582 583 3
583 584 3
588 589 0
532 591 1
591 592 1
595 596 0
596 597 0
544 601 3
606 607 3
607 609 3
631 632 3
597 598 3
599 600 3
610 611 0
554 612 3
529 587 1
589 590 1
590 591 3
593 594 0
586 587 3
587 588 3
594 595 1
600 601 3
556 615 3
631 635 1
584 585 3
613 615 3
601 603 3
611 612 3
612 613 3
613 619 2
560 619 3
612 619 2
674 676 0
615 619 2
504 676 3
558 674 1
625 628 3
607 665 1
558 615 1
615 674 1
329 621 1
329 566 3
329 625 3
611 669 1
629 688 1
598 656 2
599 656 3
603 660 3
612 669 1
329 504 3
596 653 0
596 655 0
597 655 0
600 658 3
601 660 3
610 669 3
508 628 3
587 645 3
595 653 0
597 656 2
606 665 3
610 668 3
508 625 3
586 645 3
592 650 0
603 661 3
609 666 3
609 668 3
619 674 1
629 689 1
632 689 1
585 643 3
586 643 3
604 661 3
604 663 3
605 663 3
606 663 3
607 666 1
609 667 3
619 670 1
580 638 3
581 639 3
582 640 3
583 641 3
584 642 3
588 646 3
589 647 0
591 649 2
593 652 0
594 652 0
596 654 0
654 655 1
599 657 2
600 657 2
638 639 3
639 640 3
640 641 3
641 642 3
642 643 3
646 647 0
590 647 0
590 648 3
590 649 2
649 650 0
592 651 0
593 651 0
594 653 0
653 654 3
655 656 0
601 658 3
666 667 3
632 690 1
648 649 1
651 652 3
656 657 0
657 658 1
658 660 3
667 668 3
631 751 1
645 646 3
647 648 1
606 722 3
665 666 3
669 670 3
612 670 1
508 629 3
650 651 0
652 653 0
665 722 3
668 669 3
629 687 1
689 690 2
661 663 3
508 742 1
658 717 3
660 661 3
663 722 3
660 717 3
508 744 1
586 702 3
688 689 2
643 702 3
645 702 3
655 657 0
631 690 1
661 720 3
629 745 1
658 716 3
663 720 3
508 745 1
687 745 1
657 713 1
716 717 3
689 748 3
690 748 3
655 713 0
688 745 1
657 716 1
669 727 3
670 727 3
670 729 3
690 749 3
631 749 1
631 752 1
651 709 1
652 709 1
657 714 1
665 724 3
666 724 1
619 729 1
713 714 2
676 790 1
650 709 1
652 710 0
653 710 1
668 727 3
674 790 3
688 746 1
661 719 3
667 725 3
689 747 0
638 696 0
639 697 0
640 698 0
641 699 0
642 700 0
643 701 0
645 703 3
646 704 3
647 705 1
648 706 0
649 707 1
650 708 1
653 711 1
654 712 1
719 720 3
665 723 3
666 725 3
668 725 3
668 726 3
745 746 0
746 747 1
696 697 3
697 698 3
698 699 3
699 700 3
700 701 3
701 702 1
702 703 3
703 704 3
704 705 0
705 706 3
706 707 1
707 708 0
708 709 1
710 711 3
711 712 1
712 713 1
660 718 3
720 721 3
663 721 3
722 723 3
724 725 0
661 718 3
723 724 3
725 726 3
726 727 3
504 790 1
709 710 0
717 718 3
721 722 3
747 748 3
748 749 3
718 719 3
631 807 1
619 790 1
749 807 3
657 773 1
716 773 3
670 787 3
619 787 1
329 508 3
714 773 0
727 787 3
729 787 3
717 775 2
727 786 3
786 787 3
716 774 3
748 807 3
717 774 3
718 775 3
722 780 2
723 780 3
720 778 1
721 780 2
700 758 3
707 765 0
714 772 0
721 778 1
619 788 1
631 809 1
701 758 3
708 765 0
713 772 0
718 776 2
726 784 1
807 809 2
709 767 3
710 767 1
719 776 2
726 785 1
329 973 3
508 973 3
706 765 0
724 782 3
727 785 1
747 806 3
748 806 3
696 754 0
697 755 0
698 756 3
699 757 3
701 759 0
702 760 0
703 761 0
704 762 0
705 763 0
706 764 0
708 766 0
710 768 1
711 769 0
712 770 0
713 771 0
723 781 3
723 782 3
725 783 1
725 784 1
787 788 3
754 755 1
755 756 1
756 757 3
757 758 3
759 760 1
760 761 3
761 762 0
762 763 1
763 764 3
764 765 3
765 766 3
766 767 1
768 769 0
769 770 1
770 771 1
772 773 3
719 778 2
721 779 2
780 781 3
782 783 3
783 784 3
771 772 0
774 775 3
779 780 3
781 782 3
784 785 3
785 786 3
746 806 1
767 768 0
758 759 0
778 779 0
503 790 1
503 504 3
776 778 3
508 746 1
773 774 3
631 811 1
508 806 1
787 845 3
806 807 3
807 866 0
809 866 0
786 845 3
631 868 1
329 503 3
775 776 3
778 835 3
776 835 3
809 868 0
768 826 0
811 868 0
767 825 0
768 825 3
773 775 3
759 817 0
771 829 0
786 844 3
806 866 0
773 832 2
775 832 2
844 845 3
758 817 0
790 848 3
508 862 1
757 815 0
770 828 3
778 836 3
780 839 1
781 839 1
785 844 1
754 812 1
755 813 0
756 814 0
756 815 0
758 815 0
758 816 0
764 822 0
765 823 0
766 824 0
769 827 1
771 828 0
772 830 1
773 831 1
775 833 3
776 834 1
779 836 1
779 837 3
779 838 1
780 838 1
782 839 1
782 840 1
783 841 1
784 842 1
785 843 1
619 847 1
812 813 3
813 814 3
814 815 3
816 817 0
763 822 0
822 823 1
823 824 1
824 825 1
826 827 1
827 828 3
829 830 3
830 831 0
831 832 0
833 834 1
835 836 3
838 839 3
839 840 3
840 841 3
841 842 3
785 842 1
788 847 3
809 867 3
815 816 3
825 826 1
832 833 1
834 835 0
836 837 0
837 838 1
843 844 0
503 848 1
866 867 1
867 868 0
811 869 0
760 818 0
761 818 0
842 843 2
788 845 3
868 869 3
759 818 0
619 848 1
817 818 3
762 818 3
762 879 1
763 879 0
847 848 3
818 879 1
828 829 1
788 905 3
822 879 1
845 905 3
848 906 3
806 1038 1
847 905 3
503 906 1
508 1038 1
866 1038 1
877 879 0
818 877 1
904 905 3
845 904 3
844 902 2
329 1030 1
508 1031 1
817 876 3
818 876 3
973 1030 1
973 1031 1
866 924 1
867 924 3
844 903 3
845 903 3
1031 1038 3
817 875 1
876 877 1
843 902 0
503 1030 1
924 1038 1
816 875 0
902 903 1
868 927 3
869 927 3
812 870 1
813 871 1
814 872 1
815 873 1
816 874 1
822 880 1
823 881 1
824 883 1
825 883 3
826 884 1
827 885 0
828 886 0
829 887 0
830 888 0
831 889 0
832 890 1
833 891 3
834 892 0
835 893 3
836 894 0
837 895 3
838 895 0
838 897 0
839 897 0
840 898 0
841 899 0
842 900 0
843 901 0
847 906 3
868 926 3
870 871 3
871 872 3
872 873 3
873 874 3
874 875 0
880 881 3
824 881 1
883 884 0
884 885 0
885 886 3
886 887 3
887 888 3
888 889 3
889 890 3
890 891 3
891 892 3
892 893 3
893 894 3
894 895 3
838 896 0
897 898 3
898 899 3
899 900 3
900 901 3
903 904 3
879 880 1
896 897 3
901 902 3
875 876 0
895 896 3
926 927 3
905 906 3
881 883 3
876 934 1
876 935 1
877 935 1
879 935 1
924 982 3
867 983 3
868 983 1
934 935 0
981 1038 1
924 981 0
924 983 0
875 934 1
881 940 3
883 940 3
982 983 0
935 936 0
879 936 3
883 941 3
940 941 3
905 964 3
906 964 3
926 984 3
927 984 3
903 961 3
874 932 1
902 960 3
904 961 3
875 932 1
903 960 0
904 962 3
906 1023 3
981 982 1
870 928 1
871 929 1
872 930 1
873 931 1
879 937 3
884 942 2
885 943 3
886 944 3
887 945 3
888 946 3
889 947 3
890 948 3
891 949 3
892 950 3
893 951 3
894 952 3
895 953 3
896 954 3
897 955 3
898 956 3
899 957 3
900 958 3
901 959 3
503 1023 1
868 984 3
927 985 3
928 929 3
929 930 3
930 931 3
931 932 3
880 937 0
883 942 0
942 943 0
943 944 3
944 945 3
945 946 3
946 947 3
947 948 3
948 949 3
949 950 3
950 951 3
951 952 3
952 953 3
953 954 3
954 955 3
955 956 3
956 957 3
957 958 3
958 959 3
959 960 3
960 961 1
961 962 3
875 933 1
941 942 0
905 962 3
984 985 3
932 933 3
933 934 3
936 937 3
964 1023 3
881 997 0
962 964 3
880 996 0
940 997 0
937 996 0
881 996 0
996 997 3
868 1042 1
964 1021 3
983 1042 1
984 1042 1
937 995 0
962 1021 3
936 995 1
995 996 3
981 1040 1
982 1040 1
961 1020 0
962 1020 0
1038 1039 3
981 1039 1
982 1041 1
983 1041 1
935 994 0
936 994 1
941 999 0
931 989 0
932 989 0
994 995 3
942 999 0
964 1022 3
1041 1042 3
985 1042 1
961 1019 0
1022 1023 3
940 998 0
940 999 0
960 1019 3
1021 1022 3
928 986 0
929 987 0
930 988 0
932 990 0
933 991 0
934 992 0
935 993 0
998 999 3
942 1000 0
943 1001 3
944 1002 3
945 1003 1
946 1004 1
947 1005 1
948 1006 1
949 1007 1
950 1008 3
951 1009 1
952 1010 3
953 1011 1
954 1012 1
955 1013 1
956 1014 1
957 1015 1
958 1016 3
959 1017 3
960 1018 3
1040 1041 3
985 1043 1
986 987 0
987 988 1
988 989 3
989 990 1
990 991 3
991 992 0
992 993 0
993 994 1
999 1000 3
1000 1001 0
1001 1002 3
1002 1003 1
1003 1004 0
1004 1005 1
1005 1006 3
1006 1007 3
1007 1008 0
1008 1009 1
1009 1010 0
1010 1011 1
1011 1012 0
1012 1013 1
1013 1014 3
1014 1015 3
1015 1016 0
1016 1017 3
1017 1018 3
1018 1019 3
1019 1020 3
1042 1043 3
997 998 3
1039 1040 3
1020 1021 1
