0.0138074 -0.116899 42.888
0.0138074 -0.116899 42.888
0.0138074 -0.116899 42.888
-0.133417 0.584417 50.2993
-0.990187 0.00492299 125.526
-0.0682873 0.0939869 26.158
0.518524 -0.0640129 -38.0793
-0.0155887 -0.0916263 25.781
-0.0663794 -0.209124 41.8543
-0.0565385 -0.047529 38.7763
-0.0585276 -0.0897052 39.9778
-0.0616729 -0.0514003 40.1829
-0.0985786 -0.0549437 50.2401
-0.0950054 0.0358119 46.8765
-0.0606328 0.0317466 36.8181
-0.00635207 0.0244361 19.5762
-0.000177179 -0.0162642 17.8628
-0.0329421 0.233209 16.9655
-0.077937 0.159387 36.1367
-0.040252 0.107636 21.7055
-0.0189436 0.0275024 14.1072
-0.022984 -0.0174898 17.0037
0.131985 0.484773 -58.7437
0.0110085 -0.0231926 12.4718
0.269606 0.0258961 -121.185
-0.115551 1.10697 65.4271
-0.115551 1.10697 65.4271
-0.00446608 0.160621 22.7015
-0.0354945 -0.036373 37.1559
0.0375229 0.347106 -7.85202
0.0619034 -0.0218597 -24.7785
0.0273624 0.0122847 -1.38905
-0.00540004 0.014556 21.2662
0.00818467 0.0319573 10.8684
-0.0653067 0.167021 55.3648
0.0117902 0.183818 -3.22711
-0.0099603 -0.0694537 28.9569
0.0031915 -0.0872699 18.5152
0.00146062 -0.108027 20.9283
0.0448409 -0.0910396 -16.5712
0.0467937 -0.124526 -16.7852
-0.288965 -0.118767 281.375
-0.0791653 0.00638161 87.5241
-0.0346334 0.00589233 46.5091
-0.114398 0.0020359 120.42
0.013431 0.0409747 0.541912
0.00867212 0.0495688 5.18084
0.00284125 0.0545993 11.0236
-0.00358169 0.0571746 17.6282
-0.00447492 0.0562293 18.5357
-0.00380125 0.0551173 17.7211
0.00845175 0.0376273 4.42737
0.0160012 0.0275809 -4.12105
0.0197732 -0.0575432 -7.40897
0.00902022 -0.113761 5.71151
-0.000511906 -0.158924 17.4332
-0.0038352 -0.175677 21.6052
-0.00602551 -0.180202 24.3193
0.0138074 -0.116899 42.888
0.0138074 -0.116899 42.888
0.0162944 0.0941395 22.363
0.757625 0.0608064 -26.3181
0.286569 -0.0196015 -9.54637
-0.0624768 0.0986658 25.245
-0.0537214 0.128171 22.6474
0.00684699 -0.0493995 20.3465
-0.0249709 -0.0802444 27.2227
-0.0814693 0.0828781 33.207
-0.022844 -0.326703 38.0866
-0.0507423 -0.0763343 37.9206
-0.0664072 -0.0359406 40.9476
-0.0769512 -0.0351743 43.6196
-0.0579388 -0.00870333 37.0145
-0.0265782 -0.0137023 27.1095
-0.00942239 -0.034741 22.0532
-0.166075 0.0032491 76.2612
-0.10234 0.0629568 48.3115
-0.0546847 0.0282749 29.4138
-0.0411353 0.0160652 24.3386
-0.0356457 -0.0131339 22.8181
-0.0338085 -0.00988386 21.7483
-0.00799059 -0.00837867 9.38484
0.00518907 0.0223858 28.7239
0.0159357 -0.000640461 -2.62806
0.035546 0.00582557 -12.7944
-0.0196911 -0.0241597 19.7578
0.169442 -0.0859026 -88.4421
0.0504876 -0.00790905 -17.6089
0.0709779 0.0201949 -32.3315
0.062945 -0.00572122 -26.1986
0.0174353 0.00345477 5.47271
0.0190596 0.0297454 2.70373
0.024367 0.00456266 0.448371
0.00800153 -0.0290391 14.1317
-0.0343291 -0.0598422 47.8153
-0.0147038 -0.0897981 33.2537
-0.000202942 -0.104334 21.1905
0.0404306 -0.116543 -12.9595
0.298739 -0.00585938 -238.835
-0.0554827 0.0235525 64.9632
-0.0809067 0.0260364 88.1515
-0.0762127 -0.178195 183.844
-0.0120739 4.57518 -76.6695
0.016469 0.0410665 -2.43404
0.0141989 0.0506842 -0.410495
0.00608791 0.0548362 7.67754
-0.000482678 0.0561414 14.414
-0.00685455 0.0571555 21.0651
-0.00709702 0.0570736 21.2845
-0.00656147 0.0517388 20.8266
-0.00504179 0.0352125 19.6077
-0.0261328 0.0410187 63.2004
-0.0368486 -0.00304104 77.8523
-0.00738653 0.210758 17.6933
-0.00775026 0.214205 18.0002
-0.00808037 0.215384 18.3592
-0.0198359 0.102814 23.4014
-0.00775062 0.104384 23.0725
0.00509386 0.0986931 22.8269
0.011729 0.117934 21.437
0.187776 -0.0237919 -0.346368
-0.123127 0.0929318 33.348
-0.00198528 -0.067381 22.6871
0.00554542 -0.0431008 21.074
-0.0110575 -0.0379496 24.9122
-0.0342233 -0.157196 32.8851
-0.0307674 -0.123786 29.487
0.127004 -0.444783 7.27926
0.0717961 -0.413819 19.8741
-0.042243 -0.0139362 31.8798
-0.0420426 -0.00617763 31.9352
-0.0432544 -0.027058 33.19
-0.0338871 -0.0491544 31.016
-0.0663538 -0.0450627 43.509
-0.0762414 -0.0201814 40.5297
-0.0448812 0.0098313 25.6781
-0.050153 0.00300651 28.6054
-0.0413989 -0.013445 25.2322
-0.00285351 0.051738 4.90726
0.00156051 -0.0106724 5.17908
0.0452108 0.0685612 -4.69509
0.114462 0.0678646 -59.8692
0.0531303 0.042458 -24.587
0.0352974 0.0253624 -13.7874
0.226878 -0.00953463 -128.656
0.11157 -0.00400909 -55.9601
0.0836063 0.0214293 -39.3945
0.0752291 0.0416834 -35.6306
0.0239033 0.0377949 -0.293697
0.00423822 0.0470825 13.1336
0.0122661 0.0166443 8.92959
-0.0202679 -0.0282964 35.4112
-0.0475097 -0.0616326 57.9833
-0.018764 -0.0566362 34.7345
-0.0164752 -0.102603 35.2732
0.179501 -0.223991 -129.684
0.118199 -0.299611 -73.2662
-0.0397692 0.276877 27.8506
0.0514926 -0.0856568 -26.4808
-0.0495699 -0.0211294 151.428
-0.00419888 0.00460187 6.53554
-0.00565158 0.00484237 8.0415
0 -0.0975801 22.0078
0.00608251 0.0581369 7.52709
0 -0.0975801 22.0078
-0.00665972 0.00440076 9.16079
-0.00609631 0.00512908 8.49622
0.000777677 0.0064242 1.46319
-0.0068631 0.00409021 9.40591
0.219306 0.0601592 -224.403
-0.0306228 0.0303274 69.0384
-0.0761719 -0.00195312 124.501
-0.0217107 -0.157879 68.2883
-0.0190441 -0.413148 80.9649
-0.0619818 -0.789034 81.3578
-0.067557 -0.215643 32.8299
-0.0104213 0.0912215 11.258
0.14343 0.538691 -15.9948
-0.00921569 0.0487476 14.6203
-0.0498284 0.0114403 22.1412
-0.0659566 -0.0429203 27.989
-0.07972 -0.0273251 28.0412
-0.0900492 -0.294344 50.1656
-0.0202938 0.00100665 15.021
0.00318989 -0.0314059 12.1169
0.00204445 -0.018582 10.6626
0.0338209 -0.208647 16.5628
-0.00304087 -0.0610979 14.7959
0.0504371 -0.300619 17.5489
0.0459439 -0.104931 3.81226
0.044071 -0.0422344 2.49667
-0.146185 0.00393984 66.5476
-0.0354954 -0.021468 24.3314
-0.0401832 -0.0133674 25.8678
-0.0481715 -0.00125135 28.2553
-0.0207985 -0.0193272 16.3566
-0.0226312 -0.0175949 16.7983
0.0109711 -0.00539809 -0.389832
-0.00263319 0.395058 -14.936
0.0809792 0.0148684 -37.5019
0.402896 0.0564929 -226.614
0.00444411 0.0107615 5.84654
0.220181 -0.0110175 -124.317
0.0455037 -0.0583116 -9.07334
0.0654723 0.0119063 -27.2553
-0.287225 0.108477 202.85
-0.119236 -0.115443 103.673
-0.00551347 -0.0845057 17.1553
-0.00907389 -0.0841657 20.0608
0.0835868 -0.356262 -22.4456
0.0129937 -0.0341526 -3.31512
0.296964 -0.711405 -173.191
0.0130146 -0.0843093 2.17423
0.0495692 -0.0720212 -30.3215
0.0738598 0.2292 -68.6388
0.0579177 0.221685 -53.9295
-0.236844 0.115203 219.684
0.366852 0.16248 -347.553
-0.0481615 0.524072 13.826
0.0562112 -0.185717 -24.1845
0.1978 -0.0125696 -181.729
-0.0262827 0.789277 -23.9403
0 0.815091 -52.6805
0 0.232358 -11.0308
0 0.753073 -47.8234
-0.00693147 0.00423212 9.47915
-0.0192396 0.827539 -32.019
0 0.232358 -11.0308
-0.0373963 0.789521 -6.76447
-0.00707117 0.00401883 9.6631
-0.0178285 0.783477 -28.5121
0.0926458 -0.522931 -71.1898
-0.0466977 0.459094 -26.7657
-0.0762235 -0.224631 34.1055
-0.0251677 0.0961354 11.5882
-0.021268 0.0852098 12.726
-0.0581681 0.0299249 21.1135
-0.069263 0.00821424 24.9772
-0.0809363 0.0120992 25.7721
-0.0795232 0.0333536 23.5559
-0.0444717 0.0475068 15.7865
-0.0498002 0.0317604 18.8463
-0.0298752 0.0137195 15.8215
-0.0381556 0.0113698 18.073
-0.02528 0.0185093 13.8394
0.000368827 -0.0131436 9.77976
0.039272 0.0705318 -10.006
0.0400737 0.0614665 -8.83273
0.0647433 0.0721192 -18.6488
-0.398273 0.12394 149.828
-0.0595473 0.00495431 31.8915
-0.0544528 -0.0141768 31.7663
-0.065311 -0.0427769 38.6158
-0.0358751 -0.0309124 23.8922
0.000811759 -0.0183472 5.58144
0.0351469 -0.025142 -11.1705
0.278073 0.0203098 -132.308
-0.00592957 -0.0821821 18.5462
-0.0381525 -0.0523255 33.1374
-0.161806 -0.105739 111.43
-0.0140247 -0.0583667 19.636
0.00497598 -0.0209969 6.14476
-0.0371502 -0.0374077 31.1588
-0.0101234 -0.0120181 10.5268
-0.230311 -0.0862418 170.061
0.0126095 -0.0738691 2.41124
0.00171728 -0.160441 18.6236
0.00249584 -0.0418476 6.08745
0.0144893 -0.0616128 -1.81506
0.00608244 -0.0207788 1.01168
0.0611607 -0.0447213 -42.9866
-0.00383777 0.00530602 6.00675
-0.0131906 -0.0177833 16.5443
0.0704598 0.0256876 -58.4701
-0.0112287 -0.0416356 24.2083
0.0149928 -0.0475615 0.973391
0.00377156 -0.493895 52.042
-0.00449162 -0.0040554 6.7978
0.405554 -0.169331 -373.654
0 -0.0785417 12.4713
-0.0301524 -0.675211 107.005
0 -0.0785417 12.4713
0 -0.0785417 12.4713
0.0107531 -0.0880201 1.54632
-0.00088257 -0.0775708 13.3755
-0.00362038 -0.0956288 18.4256
-0.00458682 -0.00145733 6.25548
0 0.988683 -74.5813
0 0.965653 -72.0508
0.0155172 0.886702 -83.2787
-0.0312879 0.0350296 18.6534
-0.030824 0.0306129 19.194
-0.023938 0.0520288 17.1281
-0.0452089 0.0377645 20.3124
-0.0733197 0.0424272 20.5047
-0.0501691 0.0131604 21.9906
-0.0913241 0.0339557 24.7799
-0.0712146 0.0145055 23.9702
-0.0373226 0.0453692 14.5331
-0.0608462 0.061149 17.4907
-0.0494865 0.0272792 19.0188
-0.0418662 0.0300684 16.8473
-0.0174653 0.0830458 3.43698
0.0419569 0.0545498 -9.07636
0.0530793 0.0774802 -14.1536
-4.1798e-05 0.0563536 5.68539
0.0440812 0.0319751 -6.96553
0.0357592 -0.00721123 2.3472
-0.0678352 0.0118215 34.6856
-0.0743017 0.00426105 38.324
-0.0761512 -0.00582164 39.1609
-0.00707433 0.00356817 6.59182
0.021665 -0.00966301 -4.80576
0.0135808 -0.00909188 -1.27206
0.0272325 -0.0242479 -6.77572
0.0204804 -0.0334628 -1.07276
-0.0194212 -0.0796805 25.2811
-0.0211564 -0.0629389 24.3159
-0.0190144 -0.0702369 23.4393
-0.0209477 -0.0391121 20.7042
-0.0111438 -0.0126922 11.4995
-0.00195456 -0.00119288 4.12845
0.00904843 -0.0300103 -0.371343
-0.000115042 -0.0460193 8.04895
0.00787348 -0.0649567 4.01428
0.0459322 -0.0182076 -29.5954
0.0075639 -0.0417148 1.58495
0.0103949 -0.0185718 -3.00928
0.00445191 -0.0590121 6.17066
-0.00585166 -0.00599787 11.71
0.231645 -0.0819972 -182.47
0.0744993 -0.0020416 -58.3394
0.0260503 0.373948 -60.1239
0.0166163 0.201483 -30.4346
0.0164959 0.335051 -47.2591
-0.000739803 -0.00372554 3.13192
-0.0150823 0.193934 1.0212
-0.0584589 0.269273 36.8252
0.0164845 0.350051 -50.59
-0.0323027 0.347227 1.84531
0 0.216894 -16.6043
0.0536881 0.327425 -89.9186
0 0.180023 -12.3861
0 0.333694 -31.3468
0.0350856 0.340817 -73.3978
0 0.392375 -38.3483
0 0.217245 -16.7388
0 0.351782 -33.3936
-0.0242819 0.0386479 18.0739
-0.0149578 0.043797 17.1856
-0.0196731 0.0398184 18.1953
-0.0615996 0.0739683 15.3007
-0.0684274 0.0994451 12.3366
-0.0458296 0.0731638 13.3348
-0.0579057 0.0992344 11.8127
-0.0765866 0.0193448 24.5708
-0.00653909 0.0563969 7.57693
-0.06668 0.124372 11.0597
-0.0434713 0.0907746 8.9432
-0.0129977 0.14647 -5.97842
0.0650294 0.0867759 -18.9907
0.0379011 0.131424 -17.0728
0.0168955 0.0598122 -0.164964
-0.00532541 0.0268272 11.0983
0.0254533 -0.00464241 4.92516
-0.387166 -0.0164563 161.357
-0.0863419 0.00981438 42.29
-0.0682138 -0.00217203 36.84
-0.0981449 0.014953 46.9326
-0.0453605 0.0253867 21.4762
-0.00324675 0.0011386 5.26241
0.0259981 -0.0103121 -7.28202
0.0255453 -0.00901171 -7.80892
0.029039 -0.0720317 -1.12289
-0.0308367 -0.0785876 31.6334
-0.0334371 -0.0574616 30.0069
-0.0203072 -0.067689 23.8294
-0.0111529 -0.0377094 14.4813
-0.0102749 -0.00822661 10.5025
0.00861831 -0.00882743 -2.71596
0.00270242 -0.0257303 3.5164
0.0259054 0.148761 -30.1083
0.00541195 -0.0339934 2.30701
0.0175831 -0.0262458 -6.59013
0.0197538 -0.0138202 -10.5838
0.0034979 -0.043931 6.86827
-0.000764415 -0.0192526 6.54045
0.0222156 -0.0158776 -13.3127
0.0270931 -0.178383 6.44004
0.0225234 -0.176158 10.1773
0 0.0881621 -9.76349
0 0.0935949 -10.5786
0 0.0935949 -10.5786
0.00346295 0.00780691 -1.39363
-0.00536707 0.0623464 -0.632581
-0.0314003 0.0500081 27.9724
0 0.0371283 -2.33143
-0.0122754 0.050463 8.79776
-0.0130727 0.0551606 9.29395
0.000360952 -0.0272263 5.93672
0 0 -1
0.033795 0.0605767 -38.8811
0 0 -1
-0.035589 0.699905 -46.8004
-0.00353132 0.563714 -67.4053
0 0 -1
-0.11172 0.024306 43.4567
-0.111834 0.0239859 43.5143
-0.111767 0.020748 44.0447
-0.049787 0.0890296 12.1548
-0.0863678 0.0896497 16.1259
-0.0385775 0.022687 19.7224
0.0404791 0.0392903 8.4342
0.0261872 0.0602201 7.01042
0.143253 0.0394645 -17.2423
-0.0491099 0.200476 -3.38288
-0.0620776 0.134766 12.3313
-0.0487637 0.197086 -3.09906
-0.0362762 0.173146 -2.7121
-0.0026607 0.114723 -2.85371
-0.0229725 0.0431523 14.4727
-0.031564 0.00559005 23.0223
0.00587813 -0.00781646 12.1516
-0.104304 -0.00983921 52.3013
-0.0666968 -0.0101492 37.2717
-0.0730556 -0.00965926 39.9475
-0.0809151 0.00727791 40.7425
-0.00778526 0.00320315 19.2877
-0.0558724 0.0110452 29.9362
0.00411681 0.00147325 1.63777
-0.0704344 -0.00431279 53.2355
-0.077076 -0.00752609 57.369
-0.0109619 -0.0460512 15.0873
-0.0353974 -0.00529683 23.1898
-0.0171438 -0.0386301 17.699
-0.00333829 -0.0236134 7.17115
-0.0639786 -0.302956 90.393
0.00459591 -0.0165285 0.558009
0.00797451 0.00304862 -4.86957
0.283111 -0.252348 -154.085
0.00238559 -0.0256266 3.629
0.0167632 -0.0261217 -6.68539
0.00680544 -0.0394154 3.31701
-0.0739921 0.0312936 57.1109
-0.0679183 -0.0676663 67.0538
-0.000361418 0.0047018 2.78758
0.105994 -0.763971 26.0586
-0.167671 -1.40447 365.983
-0.0102234 0.00710084 12.0983
0.00496332 0.00549133 -2.58862
-0.00517233 0.0102864 6.52476
-0.00444925 0.0063042 6.69101
-0.00936798 0.00869563 11.4572
0.00491966 -0.0587903 13.1097
-0.00731171 0.00586376 9.71048
-0.00709502 0.00391304 9.7032
-0.00740746 0.00497012 9.93988
0.390661 0.154753 -458.042
0.797062 0.0955139 -903.973
-0.122396 -0.258475 206.536
0.0476119 0.00465747 -46.8409
0.0143164 0.396084 -41.2272
0.000106759 -0.154738 63.1392
-0.000238932 -0.1549 63.5911
-0.111879 0.0247673 43.3788
-0.111661 0.0238439 43.542
-0.109014 0.0272646 42.8718
-0.121109 0.0289257 43.1102
-0.0992264 0.0748893 32.2468
-0.0701383 0.0696584 30.0812
-0.046119 0.0567081 29.467
-0.0753609 0.0416783 37.1714
0.0198186 0.0453647 11.708
-0.0494467 0.0642626 21.7065
-0.0744678 0.0898799 22.7861
-0.0853319 0.0772714 27.4586
-0.0838712 0.098256 23.3761
-0.0885566 0.0581005 31.7779
-0.0729485 0.013765 35.1359
-0.0589977 -0.0121052 35.0781
0.00628657 -0.0352701 16.7416
-0.0777184 -0.0178377 45.9042
-0.0706952 0.00181551 37.0902
-0.0749696 -0.00277996 39.4709
-0.0835982 0.0101945 40.8876
-0.0425055 0.020385 20.9814
-0.0157262 0.00536588 10.9817
-0.00601501 -0.000916609 7.45972
-0.0522326 -0.024373 47.0139
-0.0866566 -0.0147248 63.9888
-0.105555 0.136579 40.9298
-0.0034859 0.00226299 13.229
0.00585032 0.0131655 5.43762
-0.053764 0.314116 -20.7722
-0.0231571 0.202342 -19.6055
-0.00040254 0.0665397 -10.1666
0.0034095 0.100138 -18.459
0.0163044 0.0435251 -18.3575
0.00718698 -0.0121619 -1.95552
-0.0785541 0.344839 -4.82293
-0.050142 0.163352 8.32933
0.0170241 0.016703 -15.4123
0.00417486 -0.00512668 -0.570977
0.00527268 0.00733958 -2.41103
0.0145192 0.0119239 -11.8892
0.00659881 -0.00969339 -1.32327
0.0117105 0.0030626 -7.71823
-0.0194981 -0.00233291 21.1083
-0.0120444 -0.00174086 16.3284
0.187729 0.427295 -264.073
0.0707272 0.0205661 -71.8257
-0.458537 0.0776871 468.271
-0.00237677 0.000539385 11.0317
0.000375179 -0.014526 10.9785
-0.0176896 -0.014808 30.7163
0.303046 0.0532789 -337.581
-0.0216351 0.165939 7.42407
-0.00854163 -0.238572 72.4724
0.0219272 -0.0231456 -17.1847
0.413559 -0.14113 -424.914
0.292459 0.101178 -321.537
0.00202031 0.00306745 23.0188
-0.112327 0.0252449 43.2987
-0.113051 0.0250137 43.372
-0.116466 0.0232892 43.9056
-0.123893 0.0296001 42.8658
-0.103667 0.0433441 38.4751
-0.0768122 0.0537241 33.778
-0.0608358 0.0409297 34.5107
-0.093399 0.0183397 44.0433
-0.0285563 0.0545439 18.9439
-0.0375115 0.0459472 22.4741
-0.0447078 0.0657341 20.225
-0.0724042 0.0813431 23.5102
-0.0734238 -0.0390671 277.478
-0.0777913 -0.0441887 279.725
-0.0831879 -0.00346373 41.5776
-0.0730866 -0.0010369 37.1129
-0.0273079 -0.0520452 31.9968
-0.0860868 -0.0429115 52.0201
-0.0645696 0.275758 -23.3537
-0.0151592 0.251414 -36.4705
-0.00579767 0.262772 -43.4623
0.000418939 0.2764 -49.3755
0.022831 0.31072 -67.6552
-0.00565871 -0.0792759 32.0154
-0.0296177 -0.0657392 42.2483
-0.0338162 -0.0713288 45.1347
-0.00643594 0.223116 -31.7942
0.00706776 0.111646 -15.4043
-0.0626802 0.125217 23.737
-0.049005 0.280501 -17.7613
-0.0450382 0.291998 -22.4516
-0.0108811 0.181135 -23.5105
-0.00423163 0.179179 -27.9304
-0.0108568 0.138146 -15.6527
0.00338758 0.0979165 -18.9328
0.0208724 0.0480962 -22.6132
0.00669989 0.00998362 -4.78178
-0.00330056 -0.0196486 8.3677
-0.0422616 -0.0982386 62.7981
-0.00820392 0.0315058 3.82185
0.186485 0.420753 -248.516
4.54688 -0.03125 -4013.63
0.0193373 0.0243632 -19.1805
0.0197977 -0.0618017 -0.245327
-0.0250183 -0.0226383 34.4073
0.170621 0.477221 -256.787
-0.0300233 -0.00285363 34.3834
0.00377081 0.063334 -14.6158
-0.0110977 0.00327789 14.119
-0.00261406 0.0112156 2.95135
-0.00997562 -0.000455876 13.4163
0.131586 -0.049813 -126.912
-0.0073358 0.00350887 10.0266
0.610926 -0.302505 -620.452
-0.00542109 -0.214913 74.6037
-0.0141872 -0.223965 86.8821
-0.0181363 -0.256959 98.2177
0.264448 0.141939 -325.713
0.0272973 0.0363705 109.228
0.0271238 0.0354064 109.467
0.0245965 0.0333693 110.07
0.0177789 0.0296704 111.396
0.00585493 0.0245892 113.619
-0.0136548 0.0165931 117.621
-0.0364617 0.012806 121.549
-0.0797379 0.0339936 123.483
-0.124039 0.0615002 124.407
0 -0.401908 199.59
0.0986762 -0.372417 217.905
0.096324 -0.389037 222.167
-0.0911374 -0.0549237 285.829
-0.0799759 -0.0449716 280.553
0.0210308 -0.0861939 195.293
0.211177 -0.173225 177.028
-0.399132 -0.16085 335.058
-0.00408239 0.374705 -68.6147
-0.0179468 0.346915 -56.9274
-0.0190727 0.261052 -36.7904
-0.00955566 0.260515 -40.5271
0.0257145 0.323844 -71.1443
0.0290476 0.339512 -76.2784
0.0196035 0.320275 -66.6302
-0.0112862 0.263362 -37.167
-0.0167893 0.266578 -35.6039
-0.00238663 0.263697 -42.9602
-0.00204073 0.085256 -4.47478
0.0192105 0.231776 -49.4386
-0.00353361 0.258155 -41.0468
0.0224089 0.324391 -72.1901
-0.0398667 0.221206 -11.6395
-0.0438996 0.20154 -3.95705
-0.0475607 0.23004 -7.52548
-0.097558 0.292118 15.5375
-0.0528846 0.158332 11.9609
0.0170793 0.0166296 -15.4416
-0.0372187 0.0910386 13.5306
0.00702904 0.00426994 -3.83945
-0.0661898 -0.0796059 76.456
0.186151 0.496213 -263.992
0.0548084 0.175178 -75.9496
-0.0790706 0.0401972 77.8426
0.00521675 -0.00110367 -0.632395
0.00730764 -0.0467566 7.94394
-0.0163574 -0.00706171 21.9725
-0.00762173 0.00144661 10.9783
0 0.0414585 -6.25839
-0.0152903 0.00015297 19.1344
-0.00902658 0.00144414 12.2864
-0.0222423 -0.258981 102.294
-0.00697169 0.00349289 9.61406
-0.00693393 0.00325757 9.59802
0.0680989 0.0164609 -59.3093
-0.0168375 -0.135895 95.8857
-0.166115 -0.227316 292.762
0.156478 -0.0230934 -157.397
0.261618 0.067186 -305.752
0.0266324 0.0366662 109.172
0.0259121 0.035638 109.457
0.0222509 0.033529 110.164
0.013688 0.0298778 111.663
-0.00139603 0.0245669 114.321
-0.01886 0.0168492 118.219
-0.039032 0.0197703 120.157
-0.0561952 0.020128 122.594
-0.0743176 0.0562855 116.518
0 0 -1
0.0915949 -0.374698 219.952
0.105984 0.467162 16.39
0.360526 0.0751048 4.24048
0.0177833 -0.248176 174.082
0.045483 -0.251639 166.343
5.59869e-12 0.361269 -71.3939
5.58783e-12 0.361269 -71.3939
0.175781 12.8902 -3117.24
-0.0717357 0.179285 3.48973
0.0871648 -0.938122 202.726
0.0148559 0.319428 -64.918
0.0318936 0.320389 -73.4553
0.0273995 0.320531 -71.0381
-0.0206743 0.304436 -42.4215
-0.00928145 0.289963 -44.9111
-0.00777919 0.281545 -44.0428
0.0190526 0.274706 -57.6965
0.026231 0.262492 -58.0239
-0.0293967 0.236247 -19.1968
0.0328239 0.228682 -56.903
0.0766734 0.255729 -91.6992
0.113746 0.253717 -116.04
0.0933156 0.19975 -87.6149
0.0713931 0.20171 -72.5205
0.0564058 0.216247 -65.6307
0.0735235 0.192125 -72.5998
0.0581785 0.162283 -52.6649
0.365624 0.481783 -380.516
0.0190268 0.0158557 -16.7912
0.0104225 0.235832 -62.3729
0.0257316 -0.228313 53.6779
0.0222786 -0.284605 70.9668
0.0222786 -0.284605 70.9668
0.0222786 -0.284605 70.9668
0.00266231 -0.286599 89.9911
0.00596862 0.0182551 8.64484
0.00596862 0.0182551 8.64484
-0.274863 0.208773 255.411
0.21862 -0.180283 -161.443
-0.0837886 -0.325605 189.661
0.29194 0.249301 -358.145
-0.154187 0.105606 168.696
0.0890339 0.0268725 -85.6851
0.0624148 0.0148576 -52.3602
-0.0439468 0.0665414 59.161
0.101432 -0.085734 -74.4968
0.140957 0.0365167 -151.734
0 -0.0127344 26.9518
0.000884697 0.0177271 90.6294
0.000888173 0.0175945 90.6668
0.000638733 0.0173334 90.7516
8.1819e-05 0.0165399 91.0068
-0.00153098 0.0157064 91.3805
-0.00688663 0.010727 93.3391
-0.0403298 0.0182704 120.718
-0.0478762 0.0260126 119.766
-0.0524572 0.0494089 114.269
-0.0124751 5.58213 -1399.27
-0.0124751 5.58213 -1399.27
0.0705026 -0.0943443 243.976
0.0850111 -0.216512 157.755
0.0467804 0.284195 106.363
0.00297922 0.52922 -111.362
0.00297922 0.52922 -111.362
-0.00468031 -0.339185 215.568
-0.180871 0.148699 282.023
0.367737 0.0989102 80.7142
-0.0337188 0.491518 -88.5674
-0.0177827 0.385165 -67.8117
0.0207367 0.357484 -77.9944
0.0458226 0.336348 -84.0959
0.00143499 0.348043 -64.9656
0.0048851 0.261817 -44.9089
-0.0231336 0.29639 -39.5787
-0.00772628 0.267291 -40.8681
0.0615865 0.17729 -56.9725
0.113306 0.142902 -78.6113
0.0453304 0.190915 -54.918
0.096898 0.246539 -102.777
0.0819188 0.242918 -91.3827
0.0910448 0.202539 -86.5003
0.076076 0.179064 -68.9415
0.0653932 0.218832 -72.8316
0.00306813 0.265155 -61.1783
0.00306813 0.265155 -61.1783
0.00306813 0.265155 -61.1783
0.0104083 0.263351 -66.6532
-0.0474205 0.296846 -26.4083
0.0410204 0.252943 -93.037
0.0410201 0.252943 -93.0368
0.0410199 0.252943 -93.0366
0.0410199 0.252943 -93.0366
0.502761 -0.137338 -430.738
0.00446817 0.00352145 -1.40363
0.034098 0.0974517 -47.2413
0.109318 -0.0113374 -93.8534
0.185368 -0.168864 -129.917
-0.131672 0.382294 76.3739
-0.0388472 -0.657798 240.443
-0.00628836 0.0403806 18.1131
0.0042982 0.0167544 12.8978
0.0628932 0.00997163 -51.202
-0.064393 0.0732646 81.7667
-0.0558087 0.0712261 72.0321
0.18235 0.249974 -257.771
0.240922 0.0493091 -277.165
0 0 -1
0 0.834639 -207.101
-0.000221807 0.0172862 90.8121
-0.000492363 0.0167282 90.992
-0.000482312 0.01829 90.5303
0.401062 0.484672 -149.621
5.17043e-13 0.461821 -36.2021
5.17043e-13 0.461821 -36.2021
0.00272857 -0.166945 85.3915
7.81727e-05 0.457356 -34.9537
7.81727e-05 0.457356 -34.9537
7.81727e-05 0.457356 -34.9537
7.81727e-05 0.457356 -34.9537
0.0424403 0.283991 107.656
0.0625629 0.100245 30.8758
0 0 -1
-6.32245e-12 -0.302214 169.806
0.0946866 -0.100139 146.612
-0.0418998 0.287108 -30.2642
-0.0418695 0.287131 -30.2843
-0.0209271 0.334265 -52.1162
-0.0225479 0.18113 -8.14972
0.0662783 0.0941146 -25.4066
0.0943204 0.0440273 -24.6266
0.0977739 0.0930092 -40.7217
-0.0884708 0.0763879 58.243
-0.0445833 0.0611821 37.5175
0.0473218 0.119787 -32.4674
0.0670989 0.129556 -46.8231
0.0482628 -0.0206412 8.55329
0.0534112 -0.173784 49.6988
0.0324228 -0.254447 87.0063
0.0933093 0.196651 -86.1641
0.0692899 0.218111 -75.701
0.0760625 0.238501 -86.2231
0.0263866 0.237992 -47.859
0.0528261 0.176138 -52.1556
0.0120527 0.178871 -20.6898
-0.00309952 -0.0619208 44.7674
-0.00357069 -0.0578307 44.0209
-2.87024e-05 -0.0510599 38.9806
-2.86751e-05 -0.0510599 38.9806
-2.86394e-05 -0.05106 38.9806
-2.86394e-05 -0.05106 38.9806
0.000208508 -0.0512214 38.8063
0.000242508 -0.0512725 38.7884
0.000252445 -0.051298 38.786
0.000252445 -0.051298 38.786
0.14113 -0.143442 -90.7769
0.0657952 0.0121596 -55.0689
0.669417 -0.041379 -691.139
0.0439516 0.0582438 -43.4917
0.0206101 0.0287176 -8.32336
0.0243425 0.0198408 -9.84835
-0.0485351 -0.070001 100.241
-0.149668 -0.0894801 225
-1.04082 -0.0460937 1306.01
-0.113854 -0.147854 204.431
0.0139809 0.794565 -215.229
0.0140056 0.794024 -215.061
0.0141928 0.792958 -214.737
0.0145803 0.791469 -214.298
0.0152364 0.789484 -213.734
0.00303521 -0.167824 85.6294
0.00274506 -0.167048 85.4221
0.00207742 -0.163652 84.4434
0.00177098 -0.152409 80.9594
0.0035204 -0.142749 77.6912
0.00383076 -0.142898 77.6646
0.0454043 -0.388908 165.87
0.163743 0.152641 -21.1147
0.0733698 0.109235 24.9429
-0.948363 -0.113917 410.726
-6.22547e-12 -0.302214 169.806
-6.29626e-12 -0.302214 169.806
-0.275544 0.0197695 234.98
-0.280118 -0.00479669 244.515
0 -0.397319 181.293
-0.0526187 -0.441206 192.699
-0.017681 0.106514 11.8892
0 -0.432943 192.479
0.0904123 0.0624298 -27.87
0.110456 0.0794984 -43.2832
-0.0774169 0.102732 44.3623
-0.0315569 0.0646518 52.8453
-0.0175376 0.06735 43.6127
-0.0135782 0.108594 28.3057
0.0216945 0.130696 -0.625212
0.0447086 0.145165 -19.9788
-0.162707 0.142265 119.786
0.126947 0.196786 -110.44
0.0965846 0.232127 -98.8751
0.0778698 0.253005 -91.6709
0.0616704 0.264755 -82.8305
0.0520514 0.267139 -76.5047
0.19658 0.409288 -240.162
-0.00470794 0.073179 0.239758
0.0093766 -0.000663221 10.9646
-0.00624085 0.0320085 14.1024
0.000140236 0.0839311 -7.48575
0.000139027 0.0839361 -7.48622
0.000138967 0.0839386 -7.48696
-0.000348996 0.0849843 -7.35668
-0.00316534 0.0861592 -4.9971
-0.0053837 0.087017 -3.08907
-0.00229773 0.083556 -5.20482
0.0153753 0.0642135 -17.5782
0.114884 0.0380665 -117.344
0.113633 0.0381652 -116.021
0.00311699 -0.125111 47.0028
0.00311446 -0.125112 47.0059
0.00311132 -0.125112 47.0096
0.00311132 -0.125112 47.0096
-0.140847 -0.0801548 211.6
0.10031 -0.0705188 -87.614
0.0652312 -0.0617475 -47.8704
0.0103886 -0.174485 113.672
0.0105805 -0.174496 113.659
0.0126726 -0.174515 113.555
0.0178077 -0.174508 113.195
0.028136 -0.195236 119.472
0.4243 0.0503423 -30.6356
0.00283943 -0.16731 85.4912
-8.84168e-05 -0.155225 106.448
-0.212731 0.00886963 110.632
0.585977 -0.1606 -8.15634
0.179679 -0.0672969 59.8229
0.0698994 0.0313335 54.8409
0.00737298 0.0802653 53.8472
0.0364608 0.0935956 41.4049
0.197015 -0.27693 108.401
0.0172591 0.0697412 6.799
0.018362 0.0677108 7.09268
0.0208069 0.064889 7.14217
0.0232815 0.0619198 7.19093
0.0238178 0.0592079 7.91434
0.0191729 0.0576146 10.5124
0.00569891 0.0645075 14.4037
-0.00744127 0.0502953 25.3965
-0.0210442 0.0452071 33.875
-0.0443194 0.0640686 39.3751
-0.0384317 0.0915315 26.7897
-0.0140935 0.0696818 20.5535
0.00036385 0.0472781 19.6903
0.0119566 0.0216754 21.3057
0.0218306 -0.00548183 24.2512
0.031819 -0.0337605 27.2754
0.0460852 -0.0673084 28.9555
0.0685577 -0.116994 30.1463
0.143082 0.204643 -124.061
0.126396 0.221074 -117.131
0.0755173 0.258556 -91.8438
0.060146 0.278968 -86.2159
-0.00470794 0.073179 0.239758
-0.00470794 0.073179 0.239758
-0.000290283 0.0755586 -4.20269
0 0.0756615 -4.48374
0.000142466 0.0839323 -7.48813
0.00014231 0.0839354 -7.48903
0.000141784 0.0839382 -7.48945
-0.000348996 0.0849843 -7.35668
-0.0025849 0.0858306 -5.46411
-0.0061045 0.0860526 -2.05797
-0.00841951 0.0821612 1.52892
-0.00384954 0.0686876 1.18917
0.00432572 0.045249 0.321866
0.0103317 0.0358583 -3.00688
0.0110482 -0.00623166 10.2932
0.0082852 -0.0095241 14.5078
0.000726606 0.0330346 8.93562
-0.0776496 0.0490023 95.5371
-0.299418 0.151878 325.559
0.0818736 -0.0644826 -67.2842
0.0732773 -0.0539929 -60.17
0.000849799 0.000318351 83.6619
0.000849852 0.000318321 83.6619
0.000850094 0.000318264 83.6619
0.000850494 0.000318243 83.6619
0.000850839 0.00031814 83.6619
0.000851031 0.000317984 83.6619
0.000851031 0.000317984 83.6619
0.352778 -0.148481 60.7912
0.587453 -0.164166 -7.32055
0.588223 -0.164096 -7.47207
0.324664 -0.0126814 8.2082
0.0494991 0.0536524 51.8062
0.0206579 0.0602422 57.307
0.0410946 0.0836302 43.011
0.169671 -0.029676 31.5224
0.015721 0.069723 7.32111
0.0163221 0.0679293 7.74374
0.018535 0.0651642 7.90907
0.0209372 0.0623699 7.97856
0.0214136 0.0596977 8.76459
0.0165599 0.0571985 11.8068
0.00376214 0.0548752 18.5008
-0.0106335 0.0497981 27.1093
-0.021679 0.0480113 33.2123
-0.0301873 0.063315 32.1545
-0.0327084 0.0805249 27.3768
-0.0284851 0.0687185 29.1433
-0.0198488 0.0470718 31.7676
-0.0108666 0.0214016 35.4373
-0.00115531 -0.00589175 39.0232
0.00928063 -0.0351456 42.6205
0.0202818 -0.0614691 44.6214
0.0215586 -0.0959402 56.0172
0.140811 0.216347 -126.561
0.117624 0.236107 -115.949
0.114548 0.267039 -124.533
0.0859337 0.275009 -105.245
0.0286059 0.286496 -64.148
0.00344337 0.00480417 -1.02604
0 0.128751 -33.3638
-0.0229779 0.147266 -19.8896
0.0079758 0.131792 -41.5531
-0.00172711 0.0886212 -17.3991
-0.00172704 0.0886211 -17.3992
-0.00172689 0.088621 -17.3993
-0.010729 -0.00238166 15.2389
-0.000146715 0.0936322 -20.7255
0.000166439 0.095485 -21.7013
0.000275679 0.0964114 -22.1435
0.000275679 0.0964114 -22.1435
0.383841 -0.00148351 -384.802
0.00613262 -0.010953 17.3428
0.00767009 -0.01566 17.2645
0.0123655 -0.0393951 12.2836
-0.0281401 0.0352097 42.2928
-0.0121693 -0.115155 69.2244
0.0859241 -0.0565982 -74.6332
0.086182 -0.0423471 -79.9436
0 0.694404 -196.387
0 0.015625 31.8581
-1.05853e-12 0.694404 -196.387
-1.08158e-12 0.694404 -196.387
2.46798e-13 -0.365513 199.556
2.46798e-13 -0.365513 199.556
0 0.694404 -196.387
0 0.015625 31.8581
0.0226757 0.571341 -155.15
0.0226762 0.571341 -155.15
0.0226782 0.571342 -155.151
0.022682 0.571342 -155.152
0.0226864 0.571338 -155.152
0.0226879 0.57134 -155.153
0.0226879 0.57134 -155.153
0.0149555 0.0697865 7.55527
0.0150122 0.0685574 7.98752
0 -0.365513 199.556
0 0.694404 -196.387
7.97872e-13 -0.365513 199.556
8.06965e-13 -0.365513 199.556
9.28439e-13 -0.365513 199.556
-0.0106335 0.0497981 27.1093
0 0.694404 -196.387
-0.0301873 0.063315 32.1545
0 -0.365513 199.556
0 0.694404 -196.387
8.39274e-12 -0.365513 199.556
8.31256e-12 -0.365513 199.556
8.43782e-12 -0.365513 199.556
0.00417985 -0.0423743 48.5427
0.00558601 -0.0609061 54.4188
0.010086 -0.0860619 60.579
0.0143149 -0.0889452 58.6338
0.0143149 -0.0889452 58.6338
0.102576 0.276799 -118.913
0.0754928 0.279277 -98.6788
0.0731652 0.275807 -95.66
0.0232496 0.258688 -49.7192
0.0232496 0.258688 -49.7192
0 -0.375115 203.149
-0.0112358 -0.38927 218.59
0.00238801 -0.223732 145.096
0.00238968 -0.223734 145.095
0.00169485 -0.269574 162.258
0.000713321 -0.269862 163.436
0.00360997 -0.195142 133.327
0.00279009 -0.192618 133.231
0.00071962 -0.197786 137.294
-0.00179371 -0.209689 144.358
-0.00356457 -0.225834 152.239
-0.00331546 -0.243005 158.314
0.000677247 -0.269851 163.472
0.000483412 -0.269814 163.676
-4.25026e-05 -0.27008 164.384
-0.000596023 -0.269996 165.007
-0.000772112 -0.270123 165.265
-0.000772112 -0.270123 165.265
