0 1 0
1 2 1
2 3 0
3 4 2
4 5 3
5 6 3
6 7 3
7 8 3
8 10 3
10 11 3
11 13 3
13 14 3
14 15 3
15 16 3
16 18 0
18 19 1
19 20 3
20 21 0
21 23 3
23 24 1
24 25 3
25 26 3
26 30 0
29 30 0
29 32 0
32 33 1
33 35 0
35 36 3
36 37 3
37 38 3
38 41 3
41 42 3
42 43 3
43 44 3
44 45 3
45 46 3
46 47 3
47 49 3
49 50 3
50 51 3
51 52 3
52 53 3
53 54 3
54 55 3
55 56 3
56 57 3
29 89 0
32 89 3
10 69 3
13 70 3
33 91 0
11 69 3
11 70 3
33 92 0
35 92 3
49 106 3
2 61 0
3 61 3
26 84 3
47 106 3
18 75 2
25 84 3
70 71 3
13 71 3
16 75 0
21 79 3
21 80 2
23 80 1
91 92 3
18 76 1
19 76 2
79 80 0
7 65 2
20 79 0
30 86 1
4 62 3
29 86 1
1 59 3
5 62 3
5 63 3
6 65 3
14 71 3
29 87 0
36 94 3
0 58 0
6 63 3
69 70 3
14 72 3
15 72 3
75 76 1
19 77 2
23 81 1
24 82 3
25 83 3
30 84 1
32 90 3
35 93 3
37 95 3
38 445 0
41 445 0
51 109 3
52 110 3
53 111 3
54 112 3
55 113 3
58 59 0
2 60 0
61 62 2
8 65 3
8 67 3
10 67 3
20 77 2
80 81 2
81 82 3
82 83 3
89 90 3
90 91 3
92 93 3
93 94 3
37 94 3
43 102 3
44 102 3
45 103 3
46 103 3
50 109 3
109 110 3
110 111 3
111 112 3
112 113 3
56 113 3
57 115 3
1 60 1
62 63 3
65 67 3
83 84 3
86 87 0
87 89 3
38 95 3
44 103 3
50 108 3
56 115 3
60 61 0
16 74 3
30 85 1
94 95 3
49 108 3
108 109 3
72 74 3
74 75 0
76 77 3
42 100 3
43 100 3
46 104 3
47 104 3
84 85 3
102 103 3
47 105 3
56 114 3
59 60 1
85 86 1
95 445 0
104 105 3
105 106 3
114 115 3
63 65 3
103 104 3
113 114 3
67 69 3
77 79 0
41 100 2
41 157 0
67 125 3
69 125 0
71 72 3
157 445 3
100 157 3
100 102 3
49 107 3
106 107 3
107 108 3
87 146 3
89 146 3
72 132 3
95 154 3
389 445 3
71 129 3
72 129 3
154 445 0
80 137 1
94 153 3
95 153 3
62 121 3
63 121 3
74 132 3
79 137 3
112 170 3
113 170 3
65 123 3
69 127 0
80 139 2
81 139 3
62 120 3
125 127 3
70 127 0
132 190 3
75 132 1
91 149 3
92 149 3
58 116 0
59 117 1
60 118 2
61 119 3
120 121 3
65 121 3
67 123 3
70 129 3
79 136 3
82 140 3
83 140 3
84 141 3
90 149 2
102 159 3
111 169 3
116 117 1
117 118 1
118 119 0
136 137 3
139 140 3
87 202 1
93 151 3
94 151 3
157 389 3
100 159 3
109 168 3
110 168 3
110 169 3
112 169 3
61 120 2
121 180 3
70 128 0
83 141 3
119 120 2
65 180 2
127 128 3
76 134 2
77 136 2
80 372 0
85 141 3
86 202 3
92 151 3
102 160 3
103 160 3
75 134 3
77 134 2
137 372 3
139 372 0
153 154 3
154 389 0
106 164 3
123 125 3
128 129 1
72 130 3
105 164 3
169 170 3
129 130 3
75 191 3
77 193 2
140 141 3
89 147 3
90 147 3
151 153 3
114 170 3
180 181 3
65 181 3
123 181 3
132 191 0
134 191 3
134 193 3
146 147 3
107 164 3
114 230 3
115 230 3
146 202 1
159 160 3
168 169 3
130 132 3
136 193 3
190 191 0
103 158 3
104 158 3
108 167 3
109 167 3
127 184 3
141 200 0
147 149 3
157 159 3
167 168 3
170 230 3
125 184 3
104 164 3
92 209 0
151 209 0
158 160 3
107 166 3
108 166 3
127 186 3
128 186 3
157 273 3
166 167 3
121 179 3
128 187 3
137 195 3
149 209 0
153 211 0
170 229 3
129 187 0
195 372 3
85 200 0
229 230 3
123 183 3
130 187 0
136 195 3
154 211 0
154 212 0
212 389 3
273 389 3
125 183 3
186 187 3
169 228 3
170 228 3
116 174 0
117 175 3
118 177 0
119 177 0
119 178 0
120 178 0
179 180 3
130 190 2
139 198 3
140 198 3
85 202 2
149 266 0
151 211 0
174 175 1
118 175 0
177 178 3
120 179 3
181 240 3
183 184 3
147 266 0
158 164 3
198 200 0
149 319 0
123 240 0
134 192 3
200 202 1
209 319 3
178 179 3
187 188 3
130 188 0
191 192 3
156 159 3
156 160 3
183 240 3
127 243 2
186 243 3
192 193 3
266 319 3
209 211 3
184 243 3
228 229 3
147 382 0
164 165 3
107 165 3
118 234 0
200 257 3
266 382 3
211 212 3
230 231 3
175 234 1
177 234 3
198 257 0
168 227 3
169 227 3
187 245 3
198 372 0
200 435 3
202 435 0
159 216 1
227 228 3
181 239 3
188 190 3
193 195 3
195 252 3
254 372 3
146 435 0
157 216 1
178 237 3
239 240 3
195 254 3
147 435 0
165 166 3
179 237 3
188 247 3
156 216 1
193 252 3
382 435 3
216 273 0
156 158 3
184 242 3
200 316 3
200 433 3
177 236 3
242 243 3
316 433 3
229 231 3
178 236 3
187 244 3
244 245 3
195 253 3
167 227 3
186 244 3
257 316 3
209 441 3
211 441 3
175 233 1
193 251 3
433 435 3
233 234 3
180 238 3
183 241 3
190 247 0
190 248 3
192 251 3
211 269 3
158 330 3
174 232 1
181 238 3
188 245 3
247 248 2
191 249 3
252 253 3
253 254 3
212 269 3
156 330 3
232 233 3
234 235 3
177 235 3
236 237 3
192 249 3
192 250 3
235 236 3
179 238 3
240 241 3
190 249 0
249 250 3
251 252 3
158 165 3
229 287 3
184 241 3
243 244 3
167 226 3
228 287 3
231 287 3
245 247 3
250 251 3
319 382 3
269 441 3
166 226 3
226 227 3
261 435 3
238 239 3
190 306 3
249 306 1
261 382 3
231 288 3
248 306 3
257 315 3
165 330 3
287 288 3
241 242 3
315 316 3
210 382 3
210 319 3
319 441 3
212 444 3
257 372 3
324 441 3
237 238 3
379 382 3
319 324 3
257 314 3
210 379 3
269 444 3
253 311 3
210 324 3
314 372 3
389 444 3
243 302 3
244 302 3
252 310 3
253 310 3
261 433 3
166 225 3
227 286 3
227 287 3
233 292 3
234 292 3
240 298 3
247 305 3
165 225 3
225 226 3
286 287 3
239 298 3
245 305 3
310 311 3
261 379 3
242 300 3
233 291 3
234 293 3
235 293 3
237 295 3
238 295 3
239 297 3
241 300 3
250 309 3
251 309 3
314 315 3
156 448 3
165 279 3
232 291 3
238 297 3
241 299 3
243 301 3
245 302 3
253 312 3
254 312 3
443 444 3
389 443 3
216 448 0
292 293 3
236 293 3
240 299 3
242 301 3
301 302 3
248 305 2
249 308 3
250 308 3
269 385 3
385 444 3
330 448 3
232 290 3
236 294 3
304 305 3
312 372 3
324 383 3
216 335 0
290 291 3
291 292 3
297 298 3
298 299 3
245 304 3
308 309 3
383 441 3
335 448 3
293 294 3
236 295 3
300 301 3
302 361 3
249 307 3
385 443 3
225 279 3
306 307 0
307 308 3
311 312 3
279 330 3
294 295 3
302 304 3
304 361 3
306 364 3
307 364 1
299 300 3
269 383 3
273 335 3
226 286 3
305 306 3
297 355 3
379 496 3
295 297 3
295 355 3
252 309 3
261 377 3
312 371 3
376 379 3
376 377 3
287 403 3
309 310 3
372 373 3
383 385 3
226 285 3
286 403 3
288 403 3
314 373 3
316 375 3
225 285 3
285 286 3
370 371 3
377 433 3
288 405 3
295 353 3
312 370 3
371 372 3
292 350 3
295 354 3
354 355 3
300 359 3
301 359 3
307 365 3
376 496 3
278 330 3
364 365 0
308 365 3
310 369 3
311 369 3
335 389 3
278 279 3
291 349 3
292 349 3
293 350 3
293 352 3
294 352 3
294 353 3
298 355 3
302 360 3
278 448 3
301 360 3
361 362 3
304 362 3
290 349 3
311 370 3
349 350 3
352 353 3
353 354 3
360 361 1
305 362 3
305 363 3
306 363 3
308 366 3
309 367 3
315 373 3
375 433 3
278 335 3
290 348 3
299 357 3
363 364 3
365 366 3
366 367 3
310 367 3
369 370 3
403 405 3
348 349 3
300 358 3
359 360 3
362 363 3
310 368 3
298 357 3
299 358 3
368 369 3
210 439 3
316 373 3
379 439 3
358 359 3
355 357 3
367 368 3
373 432 3
383 438 3
363 421 3
385 438 3
335 498 3
357 358 3
364 421 3
389 498 3
352 410 3
353 410 3
286 459 1
293 409 3
353 412 3
354 412 1
373 375 3
285 459 1
352 409 3
286 460 3
335 450 3
459 460 0
278 450 3
403 460 3
359 417 1
370 428 3
403 462 1
405 462 1
405 463 3
358 417 3
324 439 3
327 385 3
350 409 3
365 423 3
431 432 0
462 463 0
364 423 0
383 439 3
225 455 3
360 419 1
361 419 3
366 423 3
371 430 1
372 430 1
373 430 1
373 431 1
375 432 3
433 434 3
377 434 3
279 455 3
285 455 3
458 460 3
430 431 3
432 433 3
376 434 3
458 459 1
349 407 3
360 418 1
362 420 3
371 428 3
438 439 3
327 443 3
455 456 1
348 406 3
349 408 3
350 408 3
355 412 1
355 413 1
359 418 1
361 420 3
364 480 3
366 424 3
369 427 1
327 389 3
327 498 3
285 456 1
406 407 3
407 408 3
420 421 3
423 480 1
367 424 3
367 425 3
439 496 3
439 495 3
456 457 0
460 462 1
409 410 3
410 412 1
412 413 3
368 425 3
495 496 3
285 457 3
355 414 2
357 414 2
424 425 3
370 427 1
370 485 2
418 419 0
419 420 3
423 424 3
427 485 0
428 430 1
450 498 3
408 409 3
413 414 0
417 418 1
368 427 1
428 485 3
430 488 3
438 495 3
428 488 1
457 459 1
278 455 3
327 438 3
450 567 3
278 567 3
417 474 3
376 495 3
357 473 1
358 473 1
431 488 3
455 457 3
408 467 1
457 458 3
409 467 1
414 473 2
358 474 1
421 480 3
368 485 2
428 486 3
407 467 1
414 472 2
419 476 3
421 479 3
460 517 3
462 517 0
418 476 0
479 480 3
460 518 1
417 475 3
413 472 3
471 472 2
473 474 3
475 476 3
463 517 3
409 468 1
410 468 1
410 413 1
474 475 3
458 518 1
466 467 3
419 477 3
423 481 3
431 489 3
432 489 1
278 452 3
407 466 1
420 477 3
424 481 3
425 484 3
488 489 3
452 455 3
467 468 3
472 473 3
476 477 3
425 483 3
368 484 3
486 488 1
376 494 2
406 464 1
407 465 1
413 471 1
420 478 3
424 483 3
517 518 1
464 465 3
465 466 3
477 478 3
478 479 3
485 543 1
434 494 3
480 481 0
494 495 3
410 469 1
483 484 3
452 567 3
468 469 3
413 469 1
413 470 1
484 485 3
432 548 2
485 486 3
433 548 1
470 471 2
486 487 1
487 488 3
434 491 1
434 551 2
489 548 0
457 518 1
469 470 3
424 540 3
494 551 3
481 540 3
483 540 3
491 550 3
434 550 1
550 551 0
457 691 2
518 691 0
495 554 3
487 546 3
488 546 2
471 530 2
486 544 3
487 544 0
494 553 3
457 572 3
484 542 3
433 491 1
495 553 2
438 554 3
438 556 3
455 572 3
478 536 3
479 538 3
485 542 3
485 544 3
491 548 0
450 508 3
467 525 3
469 527 3
470 527 3
479 536 3
480 538 3
483 541 3
498 508 3
468 525 3
489 546 2
553 554 3
464 522 3
465 523 3
468 526 3
468 527 3
472 530 3
473 530 3
473 532 3
474 532 3
475 533 3
476 534 3
477 535 3
548 549 3
494 552 3
517 691 1
517 577 1
522 523 3
466 523 3
532 533 3
533 534 3
476 535 3
535 536 3
540 541 3
483 542 3
542 543 1
543 544 0
491 549 3
551 552 3
438 557 3
466 525 3
526 527 3
529 530 2
481 539 3
552 553 3
438 555 3
455 512 3
470 529 1
471 529 3
534 535 3
480 539 0
541 542 3
555 556 3
556 557 3
327 557 3
452 512 3
512 802 3
525 526 3
473 531 3
538 539 3
539 540 3
451 508 3
508 567 3
530 531 3
531 532 3
544 546 1
536 538 3
549 550 3
527 529 1
512 567 3
466 524 3
512 799 3
524 525 3
392 498 3
392 508 3
799 802 3
512 572 3
523 524 3
392 558 3
572 691 2
554 555 3
392 563 3
529 586 0
527 586 0
538 595 3
572 690 1
551 609 3
554 612 3
690 691 0
536 595 2
595 596 3
539 596 3
546 603 2
546 604 2
489 605 2
550 609 2
553 612 3
577 691 0
533 591 1
538 596 3
544 603 3
548 605 3
555 613 3
556 613 3
557 616 3
532 591 1
540 596 3
489 604 2
552 609 3
557 560 3
327 560 3
594 595 3
543 600 2
532 590 1
536 593 0
536 594 0
541 599 3
542 600 3
556 616 3
392 621 1
590 591 3
535 593 0
540 598 2
603 604 3
549 607 3
550 607 2
550 608 2
555 612 3
560 616 3
563 621 1
512 690 1
577 636 1
517 636 1
522 580 0
523 581 0
524 582 1
530 588 0
531 589 0
534 592 0
593 594 3
541 598 3
552 610 3
553 610 3
691 693 1
577 693 1
580 581 3
581 582 1
525 582 1
525 583 0
526 584 0
529 588 0
588 589 3
589 590 1
591 592 0
534 593 0
596 598 3
548 607 3
607 608 3
608 609 3
636 693 0
582 583 0
583 584 3
527 584 0
527 585 0
598 599 3
541 600 3
543 601 2
604 605 3
609 610 3
559 560 3
584 585 3
585 586 3
592 593 2
544 601 3
605 665 3
548 665 3
607 665 3
559 616 3
508 512 3
599 600 3
600 601 3
556 559 3
529 645 0
544 660 3
559 613 1
588 645 3
601 660 3
517 753 1
586 645 0
603 660 3
498 558 3
392 512 3
636 753 2
603 662 3
604 662 3
612 613 3
596 655 3
598 655 3
612 670 3
553 669 3
596 654 3
610 669 3
392 560 3
327 392 3
595 654 3
603 661 3
612 669 1
586 643 2
595 653 3
599 657 3
600 657 2
600 658 3
661 662 3
669 670 0
585 643 2
653 654 3
601 658 3
605 664 3
664 665 3
559 612 1
654 655 3
657 658 3
594 653 3
609 668 3
610 668 3
594 652 3
660 661 3
604 663 3
605 663 3
609 667 3
668 669 3
580 638 2
581 639 2
582 640 0
583 641 2
584 642 2
585 642 2
588 646 3
589 647 3
590 648 0
591 649 0
592 650 1
593 650 3
652 653 3
663 664 3
608 667 3
667 668 3
512 746 1
690 746 2
638 639 3
639 640 3
640 641 3
641 642 3
645 646 3
646 647 3
647 648 3
648 649 3
649 650 3
691 750 1
559 670 1
693 750 2
593 651 3
662 663 3
608 665 3
594 651 3
643 645 3
651 652 3
650 651 3
512 687 1
693 753 3
598 657 3
601 718 3
608 724 3
642 643 3
658 718 3
665 724 3
512 742 1
742 799 0
660 718 3
667 724 3
643 702 3
645 702 3
655 657 0
512 560 3
512 678 1
742 802 0
560 850 1
691 748 1
655 714 1
657 714 1
512 850 1
690 747 3
662 720 3
670 729 1
559 729 1
746 747 3
717 718 2
661 720 3
690 748 3
693 752 3
752 753 3
652 709 3
652 710 3
645 703 3
650 709 3
651 709 3
653 711 3
657 715 3
658 716 2
718 719 3
660 719 3
665 723 1
669 728 3
670 728 1
748 750 2
693 751 3
642 699 3
648 706 3
649 708 3
650 708 3
654 711 3
657 716 3
658 717 3
661 719 3
663 720 3
664 723 1
668 726 3
750 751 2
641 699 3
643 701 3
647 705 3
649 707 3
654 713 1
655 713 1
714 715 0
723 724 0
724 725 3
667 725 3
669 726 3
801 802 3
747 748 1
638 696 3
639 697 3
640 698 3
642 701 3
646 705 3
649 706 3
707 708 3
709 710 3
654 712 0
715 716 3
663 721 1
667 726 3
669 727 3
742 801 0
512 803 1
748 749 1
749 750 3
696 697 3
697 698 3
698 699 3
701 702 3
702 703 3
705 706 3
708 709 3
710 711 3
711 712 0
712 713 1
713 714 0
720 721 3
664 721 1
725 726 3
726 727 3
746 803 3
645 705 3
719 720 3
727 728 3
802 803 1
706 707 3
716 717 3
512 797 3
751 752 3
742 797 0
703 705 3
728 729 1
699 701 3
559 788 1
560 788 1
729 788 2
699 758 3
701 758 3
716 774 1
717 774 1
721 780 2
664 780 1
702 759 1
723 780 0
701 759 1
705 761 3
705 762 3
715 773 1
720 778 3
724 782 1
747 806 1
748 806 3
750 808 0
751 808 0
703 761 3
761 762 3
705 763 3
716 773 1
723 782 2
725 782 1
749 808 0
751 809 3
752 810 3
706 763 3
710 769 2
711 769 2
719 778 3
797 800 3
742 800 0
706 764 3
707 764 3
713 771 0
773 774 1
717 775 1
718 775 3
720 779 1
721 779 1
746 804 3
751 810 3
753 810 3
702 761 3
714 771 0
714 773 2
728 786 3
747 804 3
749 806 0
808 809 1
696 754 3
697 755 3
698 756 3
699 756 3
699 757 3
707 765 3
708 766 1
709 768 2
710 768 2
712 770 1
712 771 1
719 777 3
779 780 0
723 781 0
725 783 1
726 784 3
727 785 3
727 786 3
729 786 2
809 810 3
753 811 0
754 755 3
755 756 3
756 757 3
702 760 1
762 763 3
763 764 3
764 765 3
765 766 1
709 766 1
709 767 3
769 770 3
770 771 3
718 777 3
777 778 3
778 779 1
780 781 0
782 783 1
783 784 0
727 784 3
810 811 0
760 761 0
768 769 3
781 782 1
677 850 1
803 804 3
757 758 3
758 759 1
759 760 3
774 775 3
784 785 3
785 786 3
512 677 3
766 767 0
767 768 3
714 772 0
775 834 3
718 834 2
772 773 0
771 772 2
800 801 3
747 805 2
805 806 1
777 834 3
804 805 0
560 906 1
806 808 0
729 845 2
788 906 3
677 797 3
801 805 2
802 805 2
761 819 1
762 819 1
786 845 3
850 906 1
803 805 0
788 845 3
806 865 3
808 865 1
801 861 0
805 861 1
779 837 0
780 838 0
778 836 3
781 838 3
800 861 0
777 836 3
779 836 0
785 843 3
805 864 1
806 864 3
773 831 1
777 835 3
779 838 0
784 843 3
785 844 3
786 844 3
757 815 1
819 820 1
762 820 1
763 820 1
772 831 2
834 835 3
864 865 3
754 812 1
755 813 1
758 815 1
758 816 1
760 818 3
763 821 1
764 822 1
765 823 1
766 824 3
767 825 1
768 826 1
769 827 1
770 828 3
771 829 1
774 832 2
775 832 2
836 837 3
837 838 3
781 839 1
782 840 1
783 841 3
784 842 2
805 863 1
808 866 1
809 867 3
810 868 3
811 869 0
812 813 0
756 813 1
815 816 3
759 816 2
759 818 3
818 819 0
820 821 3
821 822 0
822 823 1
823 824 1
824 825 0
825 826 3
826 827 1
827 828 0
828 829 1
772 829 1
774 831 2
775 833 2
838 839 1
839 840 1
840 841 2
841 842 1
842 843 0
844 845 3
863 864 3
865 866 3
866 867 3
867 868 3
868 869 0
756 815 1
833 834 0
835 836 3
756 814 1
832 833 3
813 814 3
814 815 1
831 832 3
843 844 3
759 817 0
816 817 0
817 818 1
797 1035 3
677 1035 3
800 1035 3
829 831 2
844 903 3
845 904 3
788 904 3
845 903 3
861 920 2
805 920 1
863 920 3
904 906 3
829 888 1
833 892 3
834 892 2
835 892 2
831 888 1
831 889 1
832 889 1
866 924 3
827 886 3
828 886 1
832 891 3
833 891 3
861 1035 1
865 923 3
866 923 3
812 870 1
813 871 1
814 872 1
815 873 1
816 874 1
817 875 1
818 876 1
819 877 1
820 878 1
821 879 1
822 880 1
823 881 0
824 882 0
825 883 1
826 884 1
827 885 3
829 887 1
835 893 1
836 894 1
837 895 1
838 896 1
839 897 0
839 898 1
840 898 1
841 898 1
841 899 3
842 900 0
843 901 3
844 902 3
850 1023 1
863 921 3
864 921 3
864 922 3
867 924 3
867 925 3
868 926 3
869 927 1
870 871 3
871 872 3
872 873 3
873 874 3
874 875 3
875 876 3
876 877 3
877 878 3
878 879 3
879 880 1
880 881 0
881 882 3
882 883 3
883 884 3
884 885 1
885 886 3
886 887 0
887 888 3
832 890 1
893 894 3
894 895 3
895 896 3
896 897 1
897 898 0
898 899 0
899 900 3
900 901 3
901 902 3
902 903 3
903 904 3
904 905 3
905 906 3
906 1023 3
920 921 3
921 922 3
922 923 3
924 925 3
867 926 3
926 927 1
890 891 0
888 889 3
889 890 3
891 892 3
892 893 1
906 964 3
923 924 3
964 1023 3
925 926 3
677 1023 1
861 978 1
920 978 3
925 983 3
926 983 3
900 958 1
901 958 1
901 959 1
902 959 1
905 964 3
920 979 3
921 979 3
924 982 3
924 983 3
878 936 0
898 956 2
899 956 1
899 957 1
900 957 1
922 980 3
923 982 3
870 928 0
871 929 0
872 930 0
873 931 0
874 932 0
875 933 0
876 934 0
877 934 0
877 936 0
879 937 0
880 938 0
881 939 3
882 940 3
882 941 3
883 941 3
884 942 3
885 943 0
886 944 0
887 945 2
888 946 2
889 947 2
890 948 2
891 949 1
892 950 1
893 951 2
894 952 2
895 953 2
896 954 2
897 955 0
903 961 3
904 961 3
904 962 3
905 962 3
921 980 3
926 984 2
927 984 3
927 985 0
928 929 3
929 930 3
930 931 3
931 932 3
932 933 3
933 934 3
936 937 3
937 938 0
938 939 3
939 940 3
941 942 3
942 943 3
943 944 3
944 945 3
945 946 3
946 947 3
947 948 3
948 949 3
949 950 3
950 951 3
951 952 3
952 953 3
953 954 3
954 955 3
955 956 3
956 957 3
902 961 3
961 962 3
923 980 3
983 984 0
957 958 0
982 983 3
984 985 0
940 941 3
979 980 3
959 961 0
958 959 3
923 1039 3
978 979 3
980 1039 3
982 1039 3
978 1036 3
905 1021 3
861 1036 1
877 993 0
936 993 2
962 1021 3
934 993 1
959 1018 2
961 1018 3
979 1037 3
958 1017 3
959 1017 3
978 1037 3
980 1038 3
964 1021 3
964 1022 3
1038 1039 3
1022 1023 3
940 998 3
958 1016 3
936 995 3
939 998 3
941 998 3
957 1016 0
962 1020 3
979 1038 3
937 995 3
961 1020 3
1021 1022 3
982 1040 3
939 997 3
983 1040 3
928 986 1
929 987 1
930 988 1
931 989 1
932 990 1
933 991 1
934 992 1
936 994 3
994 995 3
938 995 1
938 996 3
997 998 3
941 999 3
942 1000 3
943 1001 3
944 1002 3
945 1003 3
946 1004 3
947 1005 3
948 1006 3
949 1007 3
950 1008 3
951 1009 3
952 1010 3
953 1011 3
954 1012 3
955 1013 3
956 1014 3
957 1015 3
961 1019 3
1039 1040 3
983 1041 3
984 1042 1
985 1043 1
986 987 3
987 988 3
988 989 3
989 990 3
990 991 3
991 992 3
992 993 3
993 994 2
995 996 0
996 997 3
998 999 3
999 1000 3
1000 1001 3
1001 1002 3
1002 1003 3
1003 1004 3
1004 1005 3
1005 1006 3
1006 1007 3
1007 1008 3
1008 1009 3
1009 1010 3
1010 1011 3
1011 1012 3
1012 1013 3
1013 1014 3
1014 1015 3
1015 1016 0
1018 1019 3
1019 1020 3
1040 1041 3
1041 1042 3
1042 1043 3
1016 1017 3
1017 1018 3
1020 1021 3
1035 1036 2
1036 1037 3
