0 -0.0309404 44.2374
0.0978549 -0.321498 20.2251
0.088692 -0.209515 41.062
0.197166 -0.079561 8.9201
-0.0833928 -0.100663 33.6394
-0.0722232 -0.112046 32.6391
-0.0157817 -0.135888 24.7848
0.0381567 -0.343108 20.4307
0.00856017 -0.235228 25.2628
-0.00963927 -0.230362 28.3007
-0.00787626 -0.107253 26.6369
-0.0583145 -0.0428345 36.631
-0.0906033 0.0584743 43.1032
-0.0510782 0.0239578 32.6152
-0.0323469 -0.00773876 27.5945
0.014384 -0.0270316 12.629
0.0418261 -0.0697866 4.0362
0.00261792 -0.573942 19.009
0.0472066 -0.634367 1.84958
-0.0223125 0.121016 24.8233
-0.0296319 0.0817544 28.3922
0.101988 0.0615402 -42.0502
0.466076 -0.172335 -211.36
0.101988 0.0615402 -42.0502
-0.0264883 -0.0287346 32.1545
-0.0324278 -0.013141 35.1665
-0.0349518 -0.00791876 36.5065
-0.0244139 -0.0113295 30.721
0 -0.0113748 6.0159
0 0.0741424 15.1757
0.102293 0.220595 -64.7154
0.0146342 0.0281836 -2.90441
0.122222 0.222949 -78.0502
-0.0359967 -0.0495152 58.7002
0.0531408 0.0156333 -19.4948
0.0316479 -0.0478926 0.494373
0.0061362 -0.0627253 20.6148
-0.0296614 -0.0895871 49.7358
-0.0873609 -0.168484 99.4701
0.00786474 -0.0844785 18.8643
0.0861913 -0.193998 -48.8839
-0.122524 -0.278051 129.989
-0.0780557 -0.184006 88.8497
-0.0250063 -0.135315 39.0061
0.00807555 -0.101943 6.61569
0.0268842 -0.0966781 -11.6024
0.0271326 -0.0986994 -11.6826
-0.00385931 -0.103598 20.2683
-0.0334734 -0.100225 50.5481
-0.0180586 -0.0789356 34.4713
-0.0248333 -0.0626253 41.3852
-0.0277319 -0.0552333 44.4345
-0.0257572 -0.0462853 42.0785
-0.0213882 -0.0398203 36.9984
-0.0171024 -0.035266 31.9542
-0.0135255 -0.0318338 27.6714
-0.0110711 -0.0301867 24.6866
-0.0108161 -0.0295421 24.3675
0.0117106 0.696103 15.7609
0.0627474 -0.322846 21.3212
0.185499 0.374077 17.4743
0.129683 -0.0734984 14.1956
-0.0925211 -0.0988498 34.1929
-0.0570589 -0.13516 30.7838
0.0356297 -0.334274 23.931
-0.0211046 -0.136817 26.0237
-0.00153602 -0.196572 25.2133
0.0022416 -0.190121 24.8303
0.00488956 -0.242211 25.7301
0.00843035 -0.0804862 21.1418
-0.0608456 0.0181649 36.0262
-0.0570619 0.0152505 34.6522
-0.0479668 -0.0231211 32.7908
-0.0131229 0.312716 5.51712
0.015143 -0.0706134 12.6811
-0.0103546 0.00140874 12.44
0.0078399 -0.392081 23.3478
0.0356893 -0.411247 12.4184
-0.0371679 0.00428054 22.0234
0.00296665 -0.00607938 4.67313
0.694102 0.100639 -328.313
0.0097579 -0.0664228 14.1913
-0.00166092 -0.0321446 18.954
-0.00983519 -0.0126348 22.6493
-0.0389495 -0.00577171 38.7213
-0.0623735 0.0302417 50.4542
0.12809 -0.0938657 -55.8942
0.125761 0.219975 -80.3748
0.0941248 0.221994 -58.9308
0.124538 0.214774 -79.7011
0.155529 0.204164 -100.28
0.122772 0.0390055 -70.6359
0.0588792 -0.025571 -20.8411
0.0232703 -0.0405485 6.8185
-0.0216035 -0.0855619 43.3024
-0.0494316 -0.111636 66.9769
-0.0540617 -0.128128 71.1097
-0.0182728 -0.148579 41.5435
0.00999628 -0.0666859 8.3298
0.0298099 0.150229 1.10304
0.0012854 -0.150862 15.0508
0.0264693 -0.108784 -11.8444
0.00894407 -0.104121 5.97767
0.0249951 -0.0928771 -9.89241
0.0214506 -0.0949006 -6.08707
0.00758716 -0.095595 8.13819
-0.00582977 -0.0899414 21.8514
0.00233472 -0.0765757 12.5538
-0.0108884 -0.0662125 26.278
-0.0169092 -0.0549084 32.4103
-0.0150796 -0.0442851 29.9167
-0.0153411 -0.0390943 30.0038
-0.0119143 -0.0350196 25.8549
-0.0110704 -0.0316355 24.7251
-0.00935055 -0.0298667 22.5825
-0.0101685 -0.0294118 23.5667
0.0102892 0.343171 5.21017
-0.0808039 -0.742077 75.2872
0.181848 -0.524127 56.6873
0.117423 -0.0208944 13.3379
-0.119116 -0.0550494 34.9582
-0.0564949 -0.10601 29.9477
-0.0301304 -0.107337 25.8849
-0.0170495 -0.132765 26.7012
-0.0105021 -0.139079 25.3711
-0.0399971 -0.13207 30.1163
-0.0345004 -0.052423 25.4999
-0.0109458 -0.163264 23.9807
-0.00119692 -0.138867 20.4464
-0.0541905 -0.0205421 35.4564
-0.0557905 -0.0374529 36.3685
-0.0265351 -0.0522034 27.4404
0.00976963 -0.0108855 12.1764
-0.0447364 0.020341 24.5967
-0.0402546 0.00807356 23.7264
-0.0437963 0.0405402 22.9285
-0.0543207 0.0173732 29.5294
-0.0302704 0.00926465 18.5477
0.00987237 -0.0129945 0.591739
0.0500152 -0.056304 -6.77841
0.0152937 -0.0306682 10.0217
-0.0231502 0.0077554 29.1973
-0.0552932 -0.0181225 48.6233
-0.0175709 -0.00768563 26.8126
0.114986 -0.0896471 -47.8432
-0.0279934 0.0642478 31.6688
0.103707 0.230981 -66.1852
0.0941801 0.168879 -56.3501
0.0417535 0.0152634 -10.7786
0.0470387 0.0176215 -14.6641
0.0798922 0.0627999 -40.3038
-0.011581 -0.0443217 33.2547
0.0155076 -0.437672 29.4476
-0.0496125 -0.130959 67.2145
-0.0617265 -0.129991 76.957
-0.0422675 -0.165166 62.5266
0.0161571 -0.0637997 -3.06084
0.0518866 -0.071353 -35.7467
0.0182198 -0.0764416 -4.1007
0.0288799 -0.0891904 -13.5422
0.0231918 -0.0784779 -8.97337
0 -0.0848941 13.4132
0.00337338 -0.134254 12.8238
0.0106613 -0.148906 5.95014
0.0117407 -0.0826145 3.07165
0.0187438 -0.0580424 -6.28161
0.0120614 -0.0558119 0.620836
0.00170846 -0.0524259 11.645
-0.00698342 -0.0444753 20.777
-0.00999549 -0.0374809 23.7575
-0.00888865 -0.0316792 22.1254
-0.00389449 -0.137079 20.9826
0 -0.134108 16.1871
0 -0.105684 14.5891
-0.00449822 0.214533 -3.19912
-0.0778754 -0.74233 75.1666
-0.0409755 0.0479663 15.8592
-0.0119194 0.0416037 14.4843
-0.0168833 0.0449165 14.7845
-0.0752882 -0.043061 28.9407
-0.0775831 -0.043683 28.9471
-0.00696408 -0.0687831 19.2255
0.166083 0.0127544 -21.0507
-0.0440879 -0.0976185 27.8598
-0.0493051 -0.0639017 26.2539
-0.0318614 -0.0551486 22.0224
-0.0145123 -0.0722689 18.9963
0.00435985 -0.0422657 11.4809
0.0781278 -0.0387614 -12.2911
-0.00526641 0.067318 5.91132
0.107998 -0.027731 -21.2866
-0.029618 0.00440243 19.645
-0.0368991 0.00215712 22.9967
-0.060586 0.00902235 32.0147
-0.0620211 -0.0208912 34.8131
-0.0338122 -0.00755171 20.6268
0.0155609 -0.00973999 -2.63588
0.126753 -0.0918478 -44.4155
0.0654952 -0.0278811 -16.2236
-0.659616 0.479949 341.17
0.0106887 -0.044021 3.42929
0.224334 0.0117523 -123.833
0.146322 -0.099545 -67.0895
0.188151 -0.0811338 -94.6454
-0.13779 0.129193 98.0645
0.0487855 0.00717019 -15.3156
-0.0567468 0.0198385 54.7359
0 0.0993089 4.97155
0.0061115 -0.0350578 2.42648
0.0185398 -0.155758 4.94578
0.0051319 -0.0456041 4.61562
-0.0019195 -0.0816899 14.0487
-0.0133658 -0.0726019 23.1978
-0.0154904 -0.0659709 24.5363
0.00345215 -0.0345839 4.00348
0.0624062 0.0678732 -53.6528
0.200708 0.0433343 -176.038
0.0059286 0.096241 -5.51561
0.216268 -0.29362 -173.304
0 0.320148 -17.5843
0 0.340928 -19.1782
0 0.320148 -17.5843
0 0.0668421 2.6224
0.0192171 0.117196 -21.8915
0 0.102257 -0.327474
0.0146839 -0.0339124 -4.6363
0.0083316 -0.039511 3.10224
-0.000811033 -0.0354119 13.0459
-0.00495612 -0.0316557 17.5011
-0.00663213 -0.028 19.1863
-0.00827718 -0.028168 21.1849
-0.00567075 -0.0249328 17.7754
-0.0500429 0.0781137 13.5449
-0.0695994 0.0906136 12.8864
-0.063656 0.0788265 14.0569
-0.0154555 0.0449941 14.119
-0.0205304 0.0306243 16.6757
-0.0618369 0.00918915 23.55
-0.0688249 0.00659551 24.2166
-0.0611654 0.041589 19.3354
-0.0446717 0.0382947 16.2934
-0.0366931 0.0124276 17.8078
-0.0344019 0.00433416 17.8069
-0.0131049 -0.00267362 12.927
0.00133562 -0.00753098 9.46036
0.0381009 0.0356774 -5.69963
0.0411567 0.0633014 -9.1325
0.0299938 0.0723295 -6.27994
0.265076 0.00777846 -80.5381
-0.0580237 0.0197019 29.6456
-0.0507399 0.00863741 27.9379
-0.0623022 0.00837697 32.8228
-0.0642298 -0.015392 34.8124
-0.00247158 0.0033172 4.70658
-0.00059248 -0.00165571 4.8981
0.0057485 -0.0139352 2.96942
0.0987527 0.16567 -62.0495
0.0121813 -0.0194405 0.680498
-0.0219989 -0.017426 19.1398
-0.0616383 0.333209 8.42348
0.147437 -0.0166181 -75.6331
-0.00326535 -0.0326363 8.54537
0.0098033 -0.0274141 -0.827658
-0.00858752 0.0119034 7.59978
0 0.010472 1.8891
-0.0551374 0.0117022 41.476
0.0167886 -0.0384103 -3.796
0.256748 0.148337 -203.459
0.0429688 -0.0195312 -21.6875
0.00187195 -0.0561119 7.97729
0.00760915 -0.0600304 3.87808
-0.00718582 -0.0624425 16.892
-0.0145912 -0.0278104 19.5675
0.0257393 -0.0396087 -15.3009
0.0132408 -0.00883317 -7.56252
-0.0046029 -0.016498 9.72011
-0.00155205 -0.114906 18.9962
0 -0.207931 27.7053
0.0191391 -0.00534998 -14.1883
0.0228378 -0.0333105 -13.512
-0.00115972 -0.288242 36.1894
0.0244737 -0.248657 5.4512
0.00354293 -0.26755 29.4371
-0.027753 -0.271823 64.3855
0.0259466 -0.241615 1.23886
0.0122656 -0.0213807 -3.59064
0.00367742 -0.0191719 6.12788
-0.00374472 -0.025323 15.4899
-0.00312073 -0.0219978 14.3619
0.0765318 -0.27377 -60.9586
-0.0266383 0.0787068 13.1505
-0.0234303 0.0592324 15.0111
-0.0494034 0.0825445 13.8127
-0.0349478 0.0649648 13.373
-0.0287479 0.0452878 15.3917
-0.0693285 0.0380201 21.0697
-0.065531 0.0321617 20.819
-0.0644158 0.0255642 21.6311
-0.0347074 0.0515687 13.6199
-0.0641048 0.0530933 18.1483
-0.0473956 0.0353044 17.2418
-0.0227069 0.00937648 14.2876
0.0374548 0.0399587 -5.16936
0.0624961 0.121138 -20.6534
0.0452776 0.0819019 -11.2939
0.0457247 0.0588012 -9.74172
0.114674 0.00961229 -26.6059
-0.049844 0.00270718 28.569
-0.0559891 0.00440676 30.5773
-0.0871514 0.0133711 42.36
-0.06283 0.00946365 30.9779
0.0136312 -0.00823198 -1.6982
0.0320078 -0.00812767 -9.81456
0.00109346 -0.00649267 4.91815
0.0217627 -0.0170687 -3.97495
-0.00222091 -0.0336327 10.1234
0.00516622 -0.025193 5.21737
-0.0326012 -0.093032 34.8284
0.0896632 0.0886631 -52.2985
0.0113865 -0.0681502 2.53939
-0.00139998 -0.0194677 5.76372
-0.0207081 -0.388312 67.4888
-0.00157031 -0.428552 59.0282
0.135677 0.0211794 -87.0388
-0.00242409 -0.0504238 10.3539
0.255594 0.15609 -203.303
-0.00497452 -1.88635 249.881
0.0061631 -0.00118409 -3.30777
-0.0975446 1.82537 -152.338
0.00727057 0.0513959 -8.97683
0.0209987 -0.0528344 -9.18149
0.00978263 0.0287274 -9.00295
-0.00393555 0.00813169 5.73014
0.760319 -0.0650429 -709.301
-0.000170396 -0.0687021 12.451
0.00797774 -0.016723 -1.70355
0.0151914 -0.025497 -8.35798
-0.00799062 -0.0662602 21.4136
0 -0.131395 20.5658
0 -0.0647717 13.0457
0 -0.159112 23.6086
-0.0127261 -0.165075 38.3373
0.00421485 -0.100678 12.3844
-0.00456181 -0.0553125 17.246
-0.065733 0.0328079 80.6299
0 0.148736 -10.487
0 0.132255 -8.36012
0.149525 0.203097 -203.31
-0.0178459 0.071402 14.0406
-0.0202058 0.0706117 14.2962
-0.0669692 0.096479 12.474
-0.0627811 0.103581 10.8693
-0.0531976 0.0627202 15.1674
-0.0144329 0.0684037 10.6151
-0.0787037 0.0496031 20.7013
-0.0190257 0.0459415 11.2996
0.0199892 0.0562919 3.28553
-0.0291551 0.122301 3.80831
-0.0389723 0.0895788 8.53829
-0.0505321 0.0350965 17.663
-0.0238129 0.0112182 14.2085
0.0263546 0.0550972 -1.51868
-0.00386505 0.0374138 9.6866
0.054407 0.0160824 -6.89162
0.092009 0.00296271 -17.4779
-0.0573247 0.00538417 30.9323
-0.0602185 0.00172867 32.6493
-0.0807917 0.00638543 40.5009
-0.0962171 0.0246315 43.8302
-0.00944974 -0.00750977 8.80766
0.0202432 -0.0197443 -3.36694
0.0250629 -0.00701947 -7.07994
0.0117118 -0.0158402 0.32607
0.0104288 -0.0301988 2.51368
-0.0207656 -0.0543997 22.2652
-0.0169249 -0.0650851 21.6227
0.00601922 -0.0272942 1.4819
0.0150532 -0.0457057 -0.823459
-0.20371 -0.214638 164.209
0.0051595 -0.0366205 3.55044
0.00216819 -0.0270792 4.19342
-0.0767364 -0.253308 98.8501
0.00535021 -0.0470073 4.72012
-0.00112288 -0.0262217 6.63203
-0.00552827 -0.0174688 8.70511
-0.00121226 -0.017773 5.59479
0.00196477 -0.0423844 6.4739
0.0143953 -0.0247224 -5.35405
0.00495111 -0.0417279 3.78525
0.0041219 -0.0258387 2.98172
0.101562 0.333008 -131.543
0.244122 -0.112404 -213.949
0.0113995 0.0103513 -8.8976
0.0053286 -0.0280675 1.5477
0.0681552 0.0816899 -76.0884
0.00407887 -0.0627013 7.76862
0 0.0291083 -1.40298
0 0.0291083 -1.40298
-0.0129643 0.020083 14.025
-0.00279429 -0.0324054 10.639
0 0 -1
-0.0549749 0.0340681 67.9038
0 0 -1
-0.000397862 -0.0205029 10.8791
0.0434667 -0.255922 -10.9009
-0.000769957 -0.0170224 10.8799
-0.0290466 0.0661388 14.8995
-0.0281894 0.0608255 15.6853
-0.0386384 0.0692601 14.9729
-0.0935002 0.110229 12.6322
-0.0817734 0.0362381 21.7794
0.0530274 0.0757937 1.87081
0.0145758 0.051197 11.7197
0.00463831 0.0775019 8.56893
0.119283 0.593354 -98.4372
-0.082421 0.0740388 27.2412
0.0228136 0.228005 -24.7251
-0.00972868 0.160467 -6.6412
-0.0359608 -0.0010637 37.9062
-0.0385831 0.0626091 16.3548
-0.0259322 0.0374159 16.5268
0.0172912 0.0105903 6.21999
0.21567 -0.0069566 -60.8486
-0.0708187 0.00368048 36.4499
-0.0575587 0.0184312 28.6402
-0.0684051 0.0169376 33.4157
-0.0851328 0.0250097 39.3133
-0.0142642 -0.00776377 24.8784
-0.0292751 0.0255896 14.5972
-0.094685 0.0108448 64.5824
-0.0982128 0.0310208 63.1619
-0.0955638 0.000143954 66.8873
-0.0195796 -0.0246465 17.1586
-0.0179958 -0.0474218 19.8653
0.00823727 -0.0212679 -0.340464
-0.0137895 -0.0568037 18.1667
-0.00830732 -0.0297924 11.3184
0.203258 0.0522449 -147.829
-0.000374337 0.0195625 -1.61249
-0.000829095 -0.0171082 5.38615
-0.00949919 -0.0108387 10.6673
-0.000893776 -0.0772055 12.6887
-0.0990784 -0.253405 118.844
-0.0020953 -0.0234735 7.46742
3.9308e-05 -0.0436724 8.2123
0.043827 -0.0449935 -30.1656
0.0017049 -0.0377746 6.17441
-0.011553 0.0954242 -2.73554
0.0204787 -0.0511126 -8.73651
0.00711909 -0.0145379 -1.61111
0.0156234 -0.00568825 -10.4927
0.00467284 0.0246234 -5.61528
0.0181129 0.0118606 -15.8908
-0.00245777 -0.0252815 9.59559
-0.00324973 -0.0238662 10.2222
0.0135906 -0.00518518 -7.89787
0.0770141 0.0910428 -50.0873
0.016699 -0.00861845 -10.5609
0.0168392 -0.0137316 -9.62576
-0.130012 -0.0245863 176.217
-0.020218 0.000169127 31.8363
9.803e-07 -0.403695 176.635
-0.0121591 -0.367667 185.232
-0.0153555 -0.0094528 27.7567
-0.075454 0.0513261 36.2036
-0.0754185 0.0514839 36.1754
-0.0779718 0.054893 35.694
-0.0279774 0.0952964 24.1755
-0.0511347 0.0973542 25.2027
-0.0581323 0.1063 24.335
-0.0775024 0.0967514 28.5792
-0.572743 0.164357 91.1821
-0.00607942 0.0694586 13.0089
-0.0490805 0.0384917 26.9122
-0.10075 0.0951497 27.4294
-0.0741834 0.0901922 21.8939
-0.0740378 0.0412826 30.4191
-0.0651339 0.0396104 28.0872
-0.0622667 0.0229697 30.0353
-0.0169104 0.0232697 14.6704
0.045966 0.0190479 -4.22552
-0.0301939 0.0407759 13.9908
-0.053255 0.0566814 20.1532
-0.0475159 0.0844357 12.3239
-0.0544737 0.0880671 14.6797
-0.00387417 0.135595 -17.0238
-0.0345954 0.141211 -3.4295
-0.099212 -0.0510802 78.2133
-0.0898511 0.0060939 62.9957
-0.117704 -0.0294476 84.5245
0.0107615 0.254068 -47.6572
0.0134444 0.0210956 -0.769854
0.0195328 0.0268911 -5.54425
-0.0524332 0.205135 -1.33949
-0.0181651 0.192852 -21.2709
-0.00243007 0.0365718 -3.21084
0.00895057 -0.0240049 -0.896515
-0.00374824 0.131079 -19.1624
0.0103647 -0.00462572 -5.41284
-0.0396769 0.371625 -40.326
0.0792969 0.202344 -99.6994
0.00569922 0.000207213 -2.63811
0.00306868 0.00376374 -1.92698
0.000629058 0.00123908 0.613675
0.00987831 0.0154694 -8.78642
0.00889907 -0.011813 -3.58789
0.00867556 -0.0143106 -2.93167
0.0122547 0.0212655 -11.9836
0.0141844 0.0116659 -11.9064
0.0356587 0.0330488 -38.2483
0.00988243 0.0116021 -8.5842
0.00660845 0.0016345 -4.03372
0.01367 0.0144277 -11.8438
0.0120409 0.0116263 -10.8077
0.00187631 0.00466131 0.253154
0.159005 -0.357696 -99.666
-0.0106825 -0.0170477 17.7248
-0.0156627 -0.00557671 27.3962
0.297837 0.233604 -280.963
0.0263501 0.410336 -83.2859
-6.79727e-13 0.221494 74.4783
-6.79727e-13 0.221494 74.4783
-0.0760402 0.0514075 36.1922
-0.0760542 0.0522917 36.0097
-0.0697852 0.0567482 34.88
-0.0616674 0.0832015 28.8681
-0.0454972 0.0910144 26.1731
-0.0622197 0.106571 24.7741
-0.0767424 -0.561912 159.802
-0.513135 0.155736 83.2087
-0.0780575 0.0299911 33.6944
-0.0537433 0.0314544 29.0573
-0.0826569 0.0572178 30.3111
-0.101538 0.0616631 33.7421
-0.0811564 0.0384784 32.7426
-0.0735209 0.0476815 29.0278
-0.0533416 0.0213571 27.7183
-0.0373698 0.0505127 16.6645
-0.0269293 0.0338663 16.9622
-0.034911 0.100245 5.37319
-0.0451435 0.0866707 11.1939
-0.00751617 0.188923 -24.3739
-0.0110766 0.169495 -19.7189
0.0544053 -0.0664561 3.81768
0.00471547 0.235564 -40.3709
-0.0454546 -0.301201 100.35
-0.0393472 -0.176289 71.4567
-0.110332 0.0332429 66.7298
-0.0137497 0.233019 -30.1072
0.0601315 0.121217 -49.3192
0.00293315 0.00747871 8.39166
-0.02664 0.279723 -31.848
-0.0336791 0.300205 -31.5662
-0.0409882 0.301418 -27.0401
0.00454135 0.157117 -29.5698
-0.0173832 0.131808 -8.10516
-0.0285899 0.0647665 12.0539
-0.00687241 0.0251936 2.80767
0.0104701 0.00296993 -6.76445
-0.0318289 0.0316727 21.3128
0.00298068 0.0266933 -5.90715
-0.451142 0.0188803 377.638
0.316222 -0.115789 -252.419
0.0250297 -0.034184 -9.50198
0.0200089 -0.137119 18.9079
-0.178539 0.568965 58.7118
0.0720911 0.20813 -107.587
0.0191187 0.0159886 -17.3628
-0.0110569 0.0500419 5.25052
0.00210253 0.0912254 -14.9356
0 0.181014 -31.418
-0.00352042 0.0741367 -5.59293
0.0147339 0.00826438 -11.5098
0.125417 -0.0696183 -118.029
0.05625 -0.0164063 -48.9902
0.00659982 -0.087887 18.4046
-1.03056 -0.316136 1311.42
-0.262644 -0.325197 403.764
0.0183247 -0.426294 87.9308
0 -0.466574 118.337
0.0250411 -0.138095 55.848
0.0252729 -0.136854 55.5666
0.987049 0.352217 -85.1013
0.0386028 -0.00273974 22.866
0.0437513 -0.00878492 23.7723
0.0501602 0.00583998 19.8169
0.0647225 -0.0637736 33.5621
0.0184551 0.476301 -94.4725
-0.0185797 0.289119 -39.0679
-0.0243297 0.291447 -38.5491
0.37989 0.277763 60.8205
0.38058 0.267913 62.9011
0.289732 0.299441 -132.721
-0.0213846 0.320587 -50.0898
0.00323363 0.322734 -58.4919
0.00209946 0.250401 -40.0796
-0.00608454 0.251736 -38.9413
-0.0212784 0.332384 -50.7565
-0.0160444 0.244301 -33.7167
0.0195731 0.172896 -31.4094
-0.00127643 0.273237 -44.8365
0.0149453 0.298047 -57.5558
-0.0122456 0.302237 -45.555
-0.000317369 0.272891 -45.1196
0.00481869 0.233395 -38.6531
-0.0557261 0.241799 -7.74542
-0.0466409 0.237686 -11.7919
0.00431715 0.204949 -34.7551
0.00721072 0.238127 -43.996
-0.00758327 0.281844 -43.8704
-0.013674 0.339439 -52.6206
-0.0448022 0.363357 -37.876
-0.0196624 0.228591 -26.0561
-0.0625316 0.210213 8.23094
-0.0298799 0.17983 -8.77214
-0.0733612 0.13075 32.4464
-0.0194439 0.0229214 14.2788
-0.0309592 0.0609071 14.6951
0.0142083 0.00629898 -10.6536
0.104044 0.151277 -119.782
0.171978 -0.450565 -40.8623
0.0391942 0.22657 -73.5375
0.0330956 0.184669 -58.6223
0 -0.163612 50.3451
0 -0.163612 50.3451
0 -0.163612 50.3451
0 -0.163612 50.3451
-0.00173042 -0.150915 49.1791
0 -0.163612 50.3451
-0.00728144 -0.154367 55.9949
-0.0056136 -0.157943 55.1463
0 -0.163612 50.3451
0 -0.163612 50.3451
-0.0499515 0.0466496 61.4683
0 -0.163612 50.3451
0.0464958 -0.117299 77.5657
-0.169929 -0.298684 312.354
-0.116486 -0.119274 207.853
0.0240845 0.291691 -46.21
0.0251142 0.288059 -45.3303
0.0264536 0.282815 -44.0671
0.0268539 0.278292 -42.9502
0.0219129 0.273257 -41.1741
0.0126626 0.250952 -34.2302
-0.0085957 0.286693 -41.6023
-0.00619344 0.282221 -39.4037
-0.0175867 0.294132 -40.4189
-0.033538 0.295667 -37.6977
-0.0598552 0.318739 -37.8223
-0.0566038 0.33221 -42.1629
-0.042798 0.353513 -51.2652
-0.0290686 0.353376 -55.2564
-0.0209365 0.357685 -58.858
0.0299098 0.316908 -64.7483
-0.0181239 0.303024 -44.4807
-0.0176804 0.310226 -46.5251
-0.10504 0.302004 -11.0149
0.117812 0.085615 -51.9537
0.0666074 0.235918 -65.4955
0.0202619 0.278916 -55.1887
-0.0174515 0.286668 -39.3586
-0.00792725 0.274333 -41.6465
-0.0237455 0.22224 -20.2897
-0.0345691 0.249611 -20.8892
-0.0531895 0.220934 -4.2801
-0.0332705 0.22906 -17.5063
0.00346583 0.26684 -48.3532
0.0428853 0.260792 -71.6514
0.0545435 0.282031 -84.3484
0.0389494 0.32963 -85.4415
-0.0816266 0.211017 22.2147
-0.232326 0.672962 30.055
0.439503 0.4403 -404.195
0 0.116026 -0.136578
-0.0561296 0.104119 25.2506
0.0841182 -0.106271 -11.817
0.127651 -0.0876993 -52.2577
0.0130922 0.0131169 -10.7361
0.245045 -0.0672885 -156.704
0.0262694 0.121494 -38.1178
0.0262567 0.119441 -37.6202
0.0336908 -0.0688584 0.0782266
-0.0212808 -0.00927979 37.4777
0 -0.0385816 24.5236
0.00897482 -0.159462 44.5048
-0.0331214 -0.130925 80.6627
-0.00894657 0.124491 -7.1388
-0.0407313 0.0284638 49.7568
-0.0468551 -0.105932 94.7642
0.181789 -0.227861 -125.431
0.188605 -0.0933551 -166.238
0.177642 0.253738 -245.604
-0.207631 -0.0130722 272.396
0.159221 -0.118958 -135.112
0.169562 -0.0534451 -164.338
0.138318 0.130064 -172.516
0.0208286 0.290862 -45.9543
0.0213145 0.286782 -44.8713
0.022562 0.28161 -43.5281
0.022587 0.276487 -42.1258
-0.0078572 0.1296 0.871122
0.0233223 0.270846 -40.6474
0.00907086 0.280924 -41.3909
-0.00364575 0.287904 -41.2833
0.00386447 0.31563 -50.9363
-0.0146945 0.299061 -42.2233
-0.0445366 0.312264 -39.3999
-0.0538938 0.335887 -43.8727
-0.03694 0.335901 -48.1682
-0.0287106 0.327977 -48.1979
-0.0243421 0.337603 -51.9807
-0.0140067 0.307966 -47.6014
0.00143407 0.663313 -160.697
-0.39509 1.41382 -99.6742
0.0382154 -0.237754 91.3072
0.236623 0.0432318 -92.7138
0.220449 0.0190975 -78.7037
0.177274 0.118487 -86.146
-0.021989 0.274971 -32.9768
-0.0545799 0.254799 -12.8369
0.0190997 0.235655 -46.0075
0.043383 0.106245 -23.2311
-0.0695944 0.214744 7.05886
0.00186086 0.741355 -164.925
-0.00378586 0.247438 -39.4229
0.0539057 0.277169 -83.0555
0.0699239 0.325407 -105.385
0.0395999 0.323282 -84.1693
0.0328089 0.329004 -81.1676
-0.100863 0.0412395 98.3035
-0.333801 -0.133154 328.703
0.00308366 -0.182981 84.5126
-0.00247417 -0.174737 86.6036
-0.00550447 -0.174049 88.8187
-0.0255274 0.298114 -27.1664
-0.0139507 -0.192902 100.492
0.278521 0.492626 -331.158
-0.032806 -0.0983462 98.3751
-0.032806 -0.0983462 98.3751
-0.032806 -0.0983462 98.3751
0 -0.00399242 42.4646
-0.0352011 -0.230776 239.977
0.194081 -0.0353432 -39.0828
0.199771 -0.0790649 -32.8211
-0.265361 -0.283484 416.907
-0.0599138 -0.0599827 96.5682
-0.00882445 -0.108428 54.173
0.0549587 -0.154157 -3.58393
0.19741 -0.040255 -188.353
-0.20827 -0.0053461 271.594
-0.21488 -0.000975793 277.993
0.140618 -0.0864653 -120.485
0.152361 -0.0935918 -132.205
0.155374 -0.0951968 -136.004
0.0173843 0.28955 -45.5553
0.0172511 0.285373 -44.3538
0.0201824 0.278967 -42.6454
0.020444 0.27631 -41.9051
0.0222945 0.27412 -41.4438
-0.105177 0.550413 -35.5088
-0.108929 0.547631 -34.2767
-0.00241677 0.300767 -45.0086
-0.00571312 0.306701 -46.0421
-0.0218744 0.314044 -44.8761
-0.0412695 0.325132 -43.8384
-0.0442661 0.333964 -45.7094
0.0961502 -0.0594971 222.924
-0.0851983 0.283813 -19.6687
-0.0857969 0.148516 19.8002
-0.0792015 0.0684761 40.9493
-0.0826929 0.0286062 53.5389
-0.0739017 0.0232415 51.9354
0.556723 0.289645 -272.578
-0.0941931 -0.498145 219.139
-0.0722738 0.250823 -2.04335
-0.0912499 0.239784 10.219
-0.132312 0.10141 69.6913
-0.062001 0.184954 10.4872
-0.0448574 0.201414 -3.38127
0.10993 -0.191399 34.4346
0.151325 0.266496 -127.678
-0.0605235 0.163189 15.8214
-0.577766 0.200515 337.363
-0.0692967 0.141522 48.6261
0.0275028 0.321294 -75.6304
-0.00224058 0.294506 -47.3489
0.0414765 0.290386 -76.1084
0.00727547 0.214284 -29.2354
0.0639729 0.260283 -85.4935
0.0102819 0.300459 -57.7364
0.00249398 0.315003 -54.6177
-0.0253475 0.297313 -27.086
0.375082 0.00955492 -275.752
-0.121339 -1.11665 466.104
0.00742187 0.219891 -60.771
0.00742187 0.219891 -60.771
0.00742187 0.219891 -60.771
0.0143731 0.0125559 -11.5465
0.0491158 -0.14268 2.59816
0.0189228 0.0282128 -20.2848
0.0217169 0.00761925 -17.0058
0.0233101 0.0332353 -25.8334
0.0213863 0.0384279 -25.1496
-0.0254474 -0.096124 69.3402
-0.00996707 -0.126878 60.7879
0.00226319 -0.973592 290.337
0.0720566 -0.0384983 -46.4128
-0.00533773 -0.312692 105.582
0.0105753 -0.096418 24.0382
0.13908 -0.0585958 -126.656
0.131006 -0.102037 -104.581
0.0786804 -0.0673611 -63.8264
-0.00841746 0.0948183 90.3679
1.21174e-12 -0.177121 104.613
1.21896e-12 -0.177121 104.613
0.174742 0.461632 -38.5409
0.176048 0.464717 -39.612
0.424083 -0.147588 110.48
-0.104135 0.547308 -34.6809
0 -0.177121 104.613
0.0416381 0.310405 14.8963
0.0416381 0.310405 14.8963
0 -0.177121 104.613
0 0.417761 -9.21419
0.0956013 -0.0595844 223.07
1.31637e-13 -0.176758 104.498
1.31637e-13 -0.176758 104.498
0.0540147 -0.0581687 188.101
-0.0960462 0.0270477 58.6728
-0.422467 -0.248451 293.201
-0.331139 -0.19243 239.508
-0.104805 -0.167251 139.454
-0.0600543 -0.178681 123.151
-0.0131702 -0.198427 108.515
-0.0696655 0.11685 34.7866
-0.0584133 0.148847 19.1473
-0.0618684 0.17763 12.0454
-0.0614012 0.188994 8.13733
-0.0605218 0.163187 15.821
0.0132482 -0.353595 142.252
0.0945945 0.146664 -55.3127
-0.0927829 0.146838 61.8357
0.0240603 1.29915 -369.166
0.0107155 0.308418 -60.4724
0.014605 0.261446 -48.8096
0.0330913 0.284641 -69.0122
0.0480052 0.298075 -84.475
0.0919283 0.279307 -111.556
-0.00642339 -0.00318992 48.3996
-0.00799935 -0.00837677 51.302
0.406508 0.000193615 -299.173
0.0260142 -0.0504109 16.7702
-0.00343689 -0.018006 33.107
0.00819852 -0.104011 49.0724
0.0113565 -0.139229 57.3489
0.00582907 -0.176219 74.1934
0.000108593 -0.197805 86.4377
-0.00611314 -0.200858 93.4882
-0.00475235 -0.196149 90.7504
-0.0093586 -0.209777 99.7976
-0.00152704 -0.249013 104.202
0.454075 0.166829 -523.206
0.0625863 -0.133794 -3.71686
0.104821 -0.0202029 -88.0994
0.0639758 -0.00818843 -46.0991
-0.012964 3.50199e-05 39.049
-0.0464945 0.00188213 76.6781
0.00112985 -0.0126619 24.6185
0.0586478 -0.0669264 -27.4234
0 0 -1
-4.09774e-05 -0.338557 297.949
-4.16094e-05 -0.338557 297.949
-4.57225e-05 -0.338557 297.949
-5.41284e-05 -0.338557 297.95
-6.56167e-05 -0.338557 297.951
-7.8107e-05 -0.338557 297.952
-8.86275e-05 -0.338557 297.953
-9.64264e-05 -0.338554 297.954
-0.000100015 -0.338554 297.954
-0.000100015 -0.338554 297.954
0.00625 -0.358594 332.403
0.00830384 -0.111478 100.545
0.00832267 -0.111894 100.681
0.00854995 -0.112265 100.743
0.0085831 -0.11317 101.04
0.0547216 -0.0598153 188.428
0.0551602 -0.0583291 187.77
0.00201759 0.0996184 29.9351
0.00159126 0.10033 29.8657
0.00108795 0.100241 30.1007
0.000886911 0.0995997 30.3996
-0.0171962 -0.194041 109.006
-0.0141144 -0.185051 104.61
0.00690307 0.153086 8.91177
0.0073626 0.152497 8.86838
0.00781696 0.152769 8.53353
0.00792344 0.153238 8.31872
0.000991285 12.6075 -4049.58
0.0239705 0.227742 -27.3396
-0.0414302 0.160355 24.7835
-0.043304 0.214575 7.78741
-0.0349919 0.262959 -14.0585
-0.0179424 0.249951 -22.2351
0.056694 0.237978 -71.6882
0.0692685 0.261763 -88.4817
0.0773845 0.266996 -96.4506
0.0860834 0.268239 -103.898
0.136252 0.24125 -133.44
0.00203603 -0.00172987 40.9398
-0.0116379 -0.0786718 58.368
0.0255207 -0.0486424 16.6503
-0.00354387 -0.0179294 33.1802
-0.0188024 -0.143163 86.266
-0.0174434 -0.189862 100.509
-0.00956735 -0.21127 100.139
-0.000223814 -0.216147 92.7121
-0.00667782 -0.207977 96.4785
-0.0224908 -0.232217 120.555
-0.0304744 -0.256264 136.733
0.125384 -0.165895 -61.3544
0.134905 -0.0210687 -120.825
0.101094 -0.0061025 -88.4175
0.0486573 0.00731448 -33.7432
-0.0220359 0.0071312 46.7972
-0.030278 0.0144173 53.237
-0.00565053 0.00811213 26.0922
0.0141849 0.000174167 5.10441
-0.0659445 -0.721347 352.953
-1.99144e-05 -0.0153968 71.5817
-1.99076e-05 -0.0153968 71.5817
-1.98766e-05 -0.0153968 71.5817
-1.98281e-05 -0.0153968 71.5817
-1.97818e-05 -0.0153968 71.5817
-1.97554e-05 -0.0153968 71.5817
-1.97554e-05 -0.0153968 71.5817
-1.49294e-05 -0.0153971 71.5812
-0.456113 0.480978 69.9608
-0.44289 0.477193 68.83
0.00810317 -0.111227 100.506
0.00808034 -0.11142 100.581
0.0080515 -0.111697 100.687
0.00794999 -0.112032 100.835
0.00745107 -0.113719 101.587
0.00630362 -0.117697 103.383
0.00473433 -0.121359 105.233
0.00282596 -0.124574 107.082
0.00146397 -0.12587 108.068
0.000764716 -0.12651 108.578
0.000763386 -0.126326 108.508
0.00163426 -0.124806 107.563
0.00346159 -0.122978 106.039
0.00580537 -0.121039 104.183
0.00766649 -0.12 102.855
0.00850357 -0.118711 101.954
0.00783454 -0.117466 101.901
0.00422218 -0.115809 103.442
-0.00379056 -0.112117 107.004
-0.0104605 -0.097648 106.024
0.0220671 -0.189844 108.358
-0.00236372 -0.22883 138.974
-0.0100459 -0.255828 154.13
0.0644183 0.215398 -69.3636
0.0711396 0.229236 -78.7602
0.0828556 0.225992 -86.4167
0.0924306 0.258046 -105.11
0.0896872 0.209303 -85.7627
0.0785775 0.204673 -74.878
0.073131 0.202563 -69.573
0.073131 0.202563 -69.573
-0.516993 0.0175308 529.682
0.0434959 -0.082359 57.6135
-0.0327614 -0.2027 119.207
-0.0235162 -0.21459 114.649
-0.0131044 -0.22178 107.201
0 -1.04867 389.895
-0.0524614 -0.237678 153.101
-0.0556591 -0.230814 154.049
0.0862116 -0.198225 -8.17614
0.138709 -0.0473413 -116.236
0.133531 -0.0110036 -122.84
0.0613688 0.0159942 -51.5013
-0.02 0.0316069 35.9134
-0.0425157 0.0276992 63.3013
-0.0252692 0.0147239 47.3715
-0.072745 -0.719466 360.442
0.0975855 -0.00177426 -106.307
0.00101322 0.267766 70.9321
0.000914285 0.267827 70.9185
-0.000241974 0.267958 70.9314
-0.00312892 0.26817 71.055
-0.00801215 0.268473 71.378
-0.0151174 0.268878 72.0108
-0.0239612 0.269391 72.9808
-0.0362202 0.259477 78.5534
-0.469506 0.477603 73.7116
-0.448384 0.462754 74.9318
0.00804582 -0.111206 100.512
0.00800341 -0.111372 100.583
0.00790621 -0.111584 100.687
0.0071136 -0.112162 101.123
0.0057337 -0.114262 102.318
0.00425051 -0.117801 104.106
0.00277878 -0.121453 105.962
0.00156101 -0.124497 107.532
0.000813169 -0.125983 108.368
0.000643293 -0.126571 108.651
0.00124515 -0.126248 108.266
0.00258709 -0.124765 107.107
0.00450085 -0.122873 105.497
0.00661012 -0.121037 103.775
0.00833416 -0.119854 102.45
0.00909751 -0.11872 101.63
0.00844197 -0.117817 101.677
0.00604293 -0.116584 102.634
0.00261135 -0.112163 103.077
-0.000310842 -0.0985204 99.8579
0.0330279 -0.180731 97.8349
0.0329879 -0.159062 89.9014
0.0525159 0.12689 -28.6898
0.0765533 0.199476 -72.3937
0.0838115 0.209171 -81.1561
0.0884718 0.232904 -93.334
0.084318 0.247705 -95.1746
0.107031 0.245339 -113.059
-0.00270839 0.00103942 25.7936
-0.00372063 -0.00131169 27.5274
-0.00469508 -0.0203626 35.1515
-0.00465277 -0.0201945 35.0516
-0.00430363 -0.0177892 33.8432
-0.00385497 -0.0177746 33.4169
-0.000241974 0.00793489 21.1509
-0.000438774 0.00841495 21.164
-0.000605086 0.00875486 21.2028
-0.000690054 0.00892481 21.2256
-0.000690054 0.00892481 21.2256
0.0130662 0.00624343 -8.32806
0.129764 -0.0212715 -115.849
0.141232 -0.0249048 -126.605
0.0846341 0.0436275 -87.6006
-0.00500393 0.0302593 19.1308
-0.038808 0.0348869 56.4659
-0.0397726 0.0275275 60.2448
-0.0394559 0.0275909 59.8416
-0.0394559 0.0275909 59.8416
