0 1 3
1 2 3
2 3 3
3 4 3
4 5 3
5 6 3
6 8 3
8 9 3
9 10 3
10 11 3
11 12 3
12 14 2
14 16 0
16 17 3
17 18 3
18 19 3
19 21 0
21 22 2
22 80 3
22 26 1
26 85 0
27 85 2
27 28 1
28 30 0
30 32 1
32 33 3
33 34 3
34 35 3
35 36 3
36 37 3
37 38 3
38 39 3
39 40 0
40 41 0
41 42 3
42 43 3
43 44 3
44 45 3
45 46 3
46 169 0
53 169 0
53 54 3
54 55 3
55 56 3
56 57 3
26 80 0
14 15 0
26 81 0
80 81 3
15 16 3
14 71 2
21 77 1
2 61 1
3 61 1
8 65 2
9 69 3
10 69 3
12 71 3
19 77 3
6 65 3
28 88 0
30 88 3
26 84 3
32 88 0
28 86 3
4 61 1
11 70 3
12 70 3
14 72 2
17 75 3
81 84 1
86 88 0
8 66 3
16 75 3
84 85 0
36 94 2
2 60 3
5 63 3
71 72 3
81 138 2
35 94 2
44 102 3
1 60 3
6 64 3
65 66 3
9 66 3
80 138 0
41 100 0
45 102 3
55 114 3
56 114 3
0 58 3
5 64 3
28 85 0
32 90 3
33 90 3
42 100 2
42 101 3
43 101 3
45 103 3
56 115 3
57 115 3
1 58 3
63 64 3
11 69 3
15 74 3
16 74 3
18 77 3
21 136 1
21 80 1
37 94 2
38 96 2
44 101 3
102 103 3
46 103 3
60 61 1
64 65 3
77 136 3
88 90 1
39 96 0
85 86 1
34 93 3
35 93 3
93 94 0
101 102 3
74 75 3
18 76 3
76 77 3
114 115 3
69 70 3
38 94 2
70 71 3
14 74 2
17 76 3
33 149 3
34 149 3
55 113 3
90 149 3
40 96 1
100 101 1
54 113 3
113 114 3
58 117 0
1 117 0
4 63 3
88 147 1
93 149 3
9 67 3
67 69 1
72 74 3
138 139 1
111 169 0
53 112 3
54 112 3
60 117 0
61 63 0
75 76 3
81 139 1
86 145 0
88 145 1
46 111 0
61 120 0
66 67 3
29 38 1
41 157 0
112 169 0
63 120 3
84 141 2
90 147 3
29 94 1
40 156 2
100 157 1
81 141 1
88 146 1
146 147 3
29 96 1
96 156 0
156 157 3
75 133 3
86 144 0
46 219 2
85 144 0
103 219 2
64 123 3
65 123 3
76 133 3
112 113 3
61 119 0
74 131 3
21 138 1
85 143 1
93 151 3
94 151 1
96 154 1
60 119 0
66 123 3
66 124 3
72 131 3
145 146 3
77 135 3
123 124 3
67 124 3
71 129 3
75 132 3
76 135 3
136 138 0
81 198 1
111 219 1
69 127 0
70 129 3
84 142 1
144 145 3
119 120 3
63 121 3
67 127 3
74 132 3
136 253 3
141 198 1
141 142 1
85 142 1
101 160 3
102 160 3
115 173 2
58 116 0
64 121 3
69 129 3
71 131 3
90 148 3
154 156 0
103 160 3
111 112 3
114 173 2
116 117 3
127 129 1
129 131 3
147 148 3
148 149 3
29 153 3
96 153 2
60 118 0
132 133 0
101 159 0
118 119 3
120 121 3
100 159 1
143 144 3
159 160 3
121 123 3
138 253 1
103 161 3
131 132 3
160 161 3
67 183 3
29 151 1
153 154 0
135 136 3
161 219 1
117 118 3
124 183 3
135 193 3
136 193 3
157 159 3
114 172 2
172 173 3
120 179 3
121 179 3
141 199 1
113 172 1
131 189 3
132 189 3
133 135 3
142 199 3
67 184 3
183 184 3
127 184 3
127 187 3
129 187 0
142 143 3
123 181 0
124 181 0
133 191 3
146 204 3
123 180 0
145 204 3
147 204 3
156 214 1
119 176 3
119 177 3
119 178 3
120 178 3
121 180 3
124 182 3
127 186 3
135 192 3
145 203 3
149 151 3
154 213 1
156 213 1
118 176 3
186 187 3
133 192 3
144 203 3
29 209 3
157 215 3
176 177 3
177 178 3
179 180 3
153 209 3
111 343 1
117 175 3
182 183 3
129 188 0
131 188 0
193 253 3
138 195 0
138 198 0
139 198 3
143 203 3
148 206 3
149 206 3
213 214 2
157 214 1
219 343 0
112 170 1
116 174 3
116 175 3
118 175 3
159 215 3
159 219 1
111 170 1
113 170 1
113 171 1
178 179 3
187 188 3
191 192 3
142 200 3
143 200 3
29 149 1
214 215 0
159 216 1
160 219 1
170 171 3
174 175 3
175 176 3
138 254 0
216 219 3
171 172 3
172 231 1
173 231 1
184 186 3
188 189 3
153 268 3
195 253 3
195 254 3
199 200 3
143 201 3
201 203 3
209 268 3
181 182 3
198 254 0
203 204 3
111 228 1
192 193 3
147 206 3
149 209 0
215 216 1
170 228 1
180 181 3
186 243 3
206 209 0
228 343 0
184 243 3
200 201 3
198 255 0
147 263 0
186 244 3
204 263 0
206 263 0
179 236 3
132 248 3
178 236 3
189 248 2
192 251 3
193 251 3
201 260 0
203 260 0
203 261 0
204 261 0
216 449 0
189 247 2
219 449 0
183 241 3
187 244 3
188 247 3
132 191 0
176 234 3
181 239 3
243 244 3
191 248 1
191 250 3
192 250 3
193 252 3
198 199 3
154 268 1
214 272 0
215 272 3
219 220 3
187 245 3
247 248 3
191 249 3
252 253 3
254 255 3
213 268 0
213 271 0
214 271 0
220 449 0
220 343 0
179 238 3
180 238 3
184 241 3
184 242 3
244 245 3
174 232 3
177 236 3
179 237 3
242 243 3
187 246 3
188 246 3
249 250 3
251 252 3
171 229 1
172 229 1
175 232 3
177 234 3
236 237 3
237 238 3
181 238 3
241 242 3
177 235 3
245 246 3
198 257 0
199 257 0
200 257 0
200 259 0
201 259 0
234 235 3
238 239 3
182 241 3
250 251 3
268 326 0
213 326 0
170 229 1
172 289 3
175 234 3
182 239 3
260 261 3
231 289 0
239 241 3
261 263 3
216 273 0
209 323 1
271 326 0
271 272 3
215 273 3
273 449 3
248 249 0
259 260 3
255 257 2
257 259 0
206 323 0
267 323 1
209 267 3
229 289 0
175 233 3
233 234 3
246 247 3
263 323 2
235 236 3
252 311 3
253 311 3
195 311 3
232 233 3
246 304 3
247 304 3
215 331 3
252 310 3
255 314 3
273 331 3
170 287 3
235 293 3
257 314 3
272 331 3
228 287 0
229 287 0
236 293 3
195 312 3
261 320 3
323 324 0
250 309 3
251 309 3
254 312 3
257 316 0
263 320 3
267 324 3
267 268 3
241 298 3
311 312 3
259 316 3
259 318 3
260 318 3
272 330 3
233 293 3
234 293 3
242 301 3
243 301 3
250 308 3
261 318 3
267 326 1
326 385 0
271 330 3
230 289 0
237 295 3
239 298 3
241 299 3
249 308 3
229 230 3
236 295 3
242 299 3
249 307 3
271 385 3
232 290 3
236 294 3
237 296 3
238 296 3
239 296 3
239 297 3
298 299 3
242 300 3
244 302 3
245 304 3
304 361 3
248 307 0
310 311 3
255 312 3
233 290 3
293 294 3
294 295 3
299 300 3
300 301 3
243 302 3
245 361 3
308 309 3
255 371 3
281 343 3
228 281 0
295 296 3
296 297 3
297 298 3
245 302 3
307 308 3
312 371 3
261 319 3
301 302 3
314 371 3
318 319 3
319 320 3
233 349 3
302 361 3
247 305 3
220 281 0
290 349 3
304 305 3
248 364 3
334 449 3
307 364 1
364 365 0
220 334 0
307 365 3
314 316 3
248 305 3
252 309 3
316 318 3
320 379 3
330 331 3
263 379 3
323 379 2
305 364 3
309 310 3
379 380 3
271 386 3
385 386 3
330 386 3
281 287 3
233 351 3
273 334 3
314 372 3
331 387 3
304 363 3
305 363 3
314 374 3
316 374 3
267 385 3
330 387 3
331 448 3
273 448 3
293 351 3
294 352 3
299 356 3
294 351 3
295 352 3
298 356 3
304 362 3
311 369 3
312 369 3
300 358 3
361 362 3
362 363 3
363 364 3
308 365 3
312 370 3
372 374 3
230 287 0
290 348 3
349 351 3
295 354 3
296 354 3
297 356 3
308 366 3
309 367 3
370 371 3
297 354 3
299 358 3
301 358 3
366 367 3
310 367 3
310 369 3
371 372 3
323 380 2
323 382 3
324 382 1
348 349 3
351 352 3
299 357 3
365 366 3
319 434 3
320 434 3
316 375 3
324 440 3
386 387 3
357 358 3
318 375 3
380 439 3
323 439 0
287 513 3
356 357 3
369 370 3
319 375 3
439 440 3
382 440 0
281 513 3
302 358 3
281 334 3
351 408 3
375 434 3
267 501 3
386 498 3
387 498 3
352 411 1
295 411 1
385 501 3
387 448 3
334 448 3
287 453 3
354 411 1
374 375 3
382 439 0
453 459 1
302 418 3
230 453 0
349 408 3
361 418 3
367 426 3
369 428 3
370 428 3
379 434 3
267 440 3
354 356 3
358 416 2
310 426 3
374 431 1
336 448 3
440 501 3
357 416 2
358 418 1
334 336 3
386 501 3
416 418 3
365 423 3
434 435 3
379 435 3
354 412 1
362 420 3
363 420 3
366 424 3
374 432 3
453 513 3
361 419 3
364 423 0
365 424 3
371 428 3
336 387 3
281 510 3
458 459 1
362 419 3
363 421 3
364 421 3
375 432 3
453 458 1
349 407 3
351 410 3
352 410 3
411 412 3
354 413 3
369 427 3
407 408 3
412 413 3
417 418 0
423 424 3
310 427 3
371 429 1
453 460 1
348 406 3
357 415 3
416 417 1
418 419 3
428 429 1
372 488 1
431 432 0
406 407 3
356 413 3
356 415 3
420 421 3
364 422 3
367 424 3
367 425 3
426 427 3
427 428 3
371 488 1
372 431 1
432 433 3
375 433 3
410 411 1
422 423 0
425 426 3
431 488 3
419 420 3
429 488 3
418 476 3
421 422 3
498 501 3
415 416 1
417 476 0
433 434 3
435 437 3
424 425 3
379 437 3
380 437 3
408 410 3
437 439 3
413 414 1
356 414 1
440 498 3
414 415 0
415 474 1
416 474 2
431 489 3
488 489 3
336 498 3
414 474 3
421 479 3
412 471 3
413 471 3
419 476 3
420 479 3
414 473 3
416 475 2
417 475 0
407 466 1
408 466 1
473 474 3
419 477 3
422 480 3
439 498 3
408 467 1
476 477 3
422 479 3
423 480 1
425 484 3
426 484 3
410 467 1
474 475 3
334 452 3
466 467 3
410 468 1
414 471 3
336 452 3
281 452 3
513 572 3
453 572 3
411 468 1
420 477 3
423 481 3
428 486 3
281 570 1
406 464 1
407 464 1
411 470 1
412 470 1
414 472 3
420 478 3
424 481 3
424 483 3
425 483 3
427 485 3
429 486 0
513 570 1
407 465 1
471 472 3
472 473 3
477 478 3
478 479 3
483 484 3
435 493 2
464 465 3
465 466 3
429 487 3
434 493 2
470 471 0
426 485 3
487 488 3
411 469 1
480 481 0
432 490 3
493 494 3
435 495 2
437 495 2
453 579 3
467 468 3
427 486 3
486 487 1
433 490 3
493 495 3
437 496 2
439 496 2
468 469 3
469 470 3
471 529 3
475 476 3
479 480 3
484 485 3
494 495 3
470 529 0
431 490 0
433 491 1
433 493 2
495 496 3
424 482 3
489 490 0
491 493 0
439 497 2
481 482 3
482 483 3
485 486 3
496 497 3
493 550 3
491 550 3
336 506 3
498 506 3
483 540 3
489 547 3
482 540 3
488 546 3
475 534 3
476 534 3
481 540 3
487 546 3
490 547 1
497 498 2
452 506 3
472 529 3
484 543 3
485 543 3
488 547 3
498 557 3
468 526 3
477 536 3
478 536 3
479 537 3
480 537 3
486 543 3
495 553 3
496 553 3
498 556 3
469 526 3
474 532 3
475 532 3
479 536 3
483 541 2
490 548 3
556 614 1
556 557 3
464 522 3
465 523 3
469 527 3
470 528 3
472 530 3
473 531 3
477 535 3
480 540 0
487 545 3
433 548 1
494 553 3
452 570 1
522 523 3
466 523 3
466 524 3
530 531 3
474 531 3
534 535 3
536 537 3
540 541 3
486 544 3
486 545 1
546 547 3
491 549 3
493 552 3
494 552 3
572 576 3
453 577 1
467 525 3
468 525 3
469 528 3
541 542 3
483 542 2
484 542 3
543 544 3
544 545 1
433 549 1
523 524 3
524 525 3
525 526 3
527 528 3
528 529 0
529 530 3
531 532 3
547 548 0
548 549 3
550 609 2
493 609 3
552 553 3
538 540 3
532 534 3
542 543 3
535 536 3
480 538 3
545 546 3
549 550 3
497 553 3
526 527 3
538 596 2
552 609 3
513 689 1
524 582 3
538 598 2
497 614 1
570 689 2
572 689 1
523 582 3
596 597 3
596 598 3
540 598 2
553 612 3
498 614 1
525 582 3
537 596 3
534 591 0
542 600 3
497 612 3
557 558 3
498 558 3
532 591 0
552 611 3
498 560 3
572 577 1
453 636 1
525 583 3
526 583 3
595 596 3
537 538 3
543 600 3
550 607 3
553 611 1
498 619 1
577 636 0
582 583 3
532 590 0
534 593 0
549 607 3
607 609 3
558 560 3
498 559 3
572 574 1
530 588 0
536 594 0
537 594 0
545 603 0
546 603 0
612 614 1
506 559 3
574 689 0
579 695 1
528 586 0
529 586 0
529 588 0
590 591 3
535 593 0
594 596 3
597 598 3
546 604 0
506 623 1
453 695 1
541 598 3
603 604 3
586 588 3
534 592 3
592 593 3
535 594 0
543 601 3
544 603 3
548 606 3
549 606 3
611 612 0
558 616 3
560 616 3
572 693 1
577 693 0
577 635 1
635 636 0
522 580 3
531 589 0
531 590 0
547 604 2
556 558 3
453 635 1
523 580 3
526 585 0
527 585 0
589 590 3
591 592 3
593 594 3
541 600 3
600 601 3
548 604 3
606 607 3
559 619 1
623 797 0
635 693 0
523 581 0
526 584 0
506 797 3
583 584 0
584 585 3
609 611 3
558 614 1
452 797 3
580 581 0
581 582 1
594 595 3
588 646 3
570 800 0
528 585 0
609 668 3
611 668 3
452 800 3
453 693 1
585 586 3
586 646 3
530 589 0
598 600 3
544 601 3
588 589 3
558 612 1
593 651 3
600 658 3
609 667 3
612 670 1
693 695 0
592 651 2
601 603 3
609 666 3
558 670 1
689 800 0
607 666 3
582 640 0
666 667 3
560 619 1
452 508 3
583 640 0
508 797 3
508 800 3
684 800 0
581 640 2
595 653 3
598 656 3
600 656 3
601 658 3
603 661 3
604 663 3
548 663 3
606 663 3
583 642 0
586 643 2
589 647 3
590 647 3
604 661 3
581 639 3
584 642 0
585 643 3
586 644 2
586 645 3
591 650 2
592 650 2
650 651 3
596 653 3
597 654 3
607 665 3
611 669 3
612 669 1
559 560 3
644 645 3
595 652 3
596 654 3
597 655 3
663 664 3
667 668 3
559 563 3
559 797 3
580 638 0
585 642 0
645 646 3
589 646 3
594 652 3
598 655 3
603 660 3
563 616 3
563 678 1
638 639 3
639 640 3
643 644 3
646 647 3
591 648 2
652 653 3
601 659 3
601 660 3
606 664 3
606 665 3
665 666 3
563 1026 1
590 648 3
593 652 3
660 661 3
669 670 3
560 563 3
640 642 3
642 643 3
647 648 3
648 650 3
654 655 3
651 652 3
668 669 3
655 656 3
664 665 3
653 654 3
656 658 3
658 659 3
659 660 3
604 720 3
661 720 3
670 729 3
558 729 1
663 720 3
656 715 3
572 750 1
640 698 3
658 715 3
660 717 3
693 750 1
639 698 2
572 749 1
640 699 2
642 699 3
689 749 2
749 750 2
695 753 1
639 697 2
648 707 3
664 723 3
666 723 3
638 697 2
650 707 3
652 711 2
665 723 3
560 617 3
559 617 3
651 709 3
653 711 2
558 730 1
563 617 3
695 752 1
652 709 3
654 711 2
656 714 2
616 730 1
693 752 2
752 753 3
643 701 3
644 701 3
646 704 3
714 715 1
659 717 3
660 719 3
661 719 3
663 722 3
664 722 3
668 726 3
697 698 3
645 703 3
647 704 3
650 709 3
655 713 2
656 713 2
720 721 3
663 721 3
722 723 3
667 725 3
642 700 3
643 700 3
666 725 3
669 728 3
670 728 3
729 730 3
638 696 2
644 703 3
646 703 3
647 705 3
647 706 3
652 710 3
654 712 2
654 713 2
717 719 3
721 722 3
667 726 3
669 726 3
693 751 1
703 704 3
648 706 3
707 709 3
710 711 0
712 713 3
713 714 3
658 716 3
658 717 3
723 724 3
666 724 3
725 726 3
689 804 0
750 751 2
751 752 3
698 699 3
700 701 3
705 706 3
711 712 3
715 716 3
716 717 3
719 720 3
724 725 3
800 804 3
699 700 3
701 703 3
704 705 3
709 710 3
696 697 3
726 728 3
689 805 0
706 707 3
728 729 3
749 805 0
563 797 3
508 799 3
799 800 3
804 805 3
723 781 3
701 759 3
701 760 2
703 760 1
719 777 3
720 777 3
726 785 3
728 785 3
711 769 3
716 774 3
717 774 3
697 756 3
698 756 3
709 766 3
710 769 0
705 764 3
707 765 3
719 776 3
696 755 3
697 755 3
700 759 3
703 761 1
707 766 3
717 776 3
722 781 3
749 807 0
750 807 0
704 761 1
706 764 3
707 764 3
724 781 1
751 809 3
752 809 3
752 811 2
753 811 2
699 756 3
764 765 3
710 768 3
712 769 3
714 773 1
715 773 1
730 788 3
616 788 1
709 768 3
768 769 0
722 780 3
728 786 3
696 754 3
756 757 3
699 757 3
759 760 3
704 762 1
705 762 1
709 767 3
712 770 1
713 771 1
714 772 1
716 773 1
780 781 3
724 783 3
725 783 3
726 783 3
726 784 3
785 786 3
729 786 3
798 800 3
805 806 1
805 807 1
750 808 0
750 809 2
760 761 2
762 764 3
765 766 3
766 767 3
767 768 3
769 770 1
770 771 0
771 772 3
772 773 1
721 780 3
724 782 1
783 784 3
784 785 3
729 788 3
798 804 3
807 808 3
700 757 3
761 762 3
781 782 3
782 783 0
808 809 1
754 755 3
774 776 3
776 777 3
809 811 0
721 777 3
755 756 3
757 759 3
773 774 0
616 847 1
788 847 3
563 847 1
798 799 3
563 914 3
721 837 3
729 845 3
801 804 3
811 868 3
764 821 3
774 832 3
774 833 3
776 833 3
786 845 3
788 845 3
798 801 3
780 837 3
809 868 0
762 821 3
832 833 3
914 1026 1
797 799 3
754 812 2
755 812 2
757 816 1
764 822 2
777 837 3
759 816 1
759 818 1
777 836 3
836 837 3
756 814 2
760 818 3
761 818 3
776 834 3
781 839 3
757 815 2
761 821 3
777 834 3
780 839 3
782 839 3
756 815 2
759 817 1
765 823 3
767 826 3
768 826 3
785 843 2
786 843 2
563 848 1
814 815 3
766 823 3
766 824 3
766 825 3
767 825 3
769 826 1
769 827 1
808 866 3
868 869 3
811 869 3
755 813 2
815 816 1
816 817 3
823 824 3
826 827 3
770 827 0
772 830 2
773 831 0
833 834 3
777 835 3
780 838 3
782 840 0
783 841 1
784 842 1
786 844 3
847 848 3
807 866 3
809 866 0
813 814 3
824 825 3
770 829 0
771 829 2
771 830 2
830 831 3
834 835 3
835 836 3
837 838 3
838 839 3
839 840 0
840 841 1
841 842 3
844 845 3
809 867 0
812 813 3
785 842 1
843 844 1
866 867 3
821 822 3
764 823 3
797 855 1
799 801 3
867 868 1
817 818 3
822 823 3
825 826 3
773 832 2
563 855 1
799 855 1
829 830 3
761 877 3
821 877 3
831 832 3
845 847 3
842 843 0
801 805 3
807 924 1
866 924 1
845 904 3
847 904 3
801 862 3
827 886 1
770 886 3
805 924 1
816 873 3
829 886 1
801 974 3
815 873 2
832 890 3
833 890 3
855 915 1
799 915 1
862 974 3
817 873 3
823 881 3
843 901 1
844 903 3
845 903 3
801 916 1
873 874 3
818 876 0
818 877 0
827 885 3
837 895 3
842 901 0
817 874 3
817 876 3
831 888 3
831 889 3
836 895 3
838 895 3
805 862 3
830 888 3
832 889 3
833 891 3
843 902 1
844 902 1
848 906 3
876 877 3
821 879 3
822 881 3
824 882 1
825 882 1
885 886 1
847 906 3
867 924 1
812 870 2
813 871 2
814 872 2
817 875 3
877 878 3
825 884 3
826 884 3
826 885 3
829 887 3
888 889 3
890 891 3
834 891 3
834 892 3
835 893 3
836 894 3
838 896 1
839 897 1
840 898 3
841 899 3
842 900 1
869 927 3
870 871 3
871 872 3
815 872 2
874 875 3
875 876 3
821 878 3
822 879 3
823 882 1
891 892 3
892 893 3
893 894 3
894 895 3
895 896 3
896 897 3
897 898 0
898 899 1
899 900 1
900 901 0
901 902 1
563 906 1
799 974 3
868 927 3
830 887 3
805 1039 1
881 882 1
884 885 3
889 890 3
902 903 0
924 1039 0
872 873 3
886 887 0
887 888 3
903 904 3
867 927 1
879 881 3
867 1042 1
915 974 0
924 1042 0
927 1042 1
847 963 3
878 879 3
904 963 3
563 915 1
862 1039 1
563 965 1
879 938 3
881 938 3
882 884 3
877 935 3
878 935 1
882 941 3
884 941 3
906 963 3
873 931 3
906 965 3
872 931 3
862 1032 3
974 1032 3
874 931 3
876 935 3
881 939 3
882 939 0
890 948 3
889 948 3
891 948 3
903 961 3
876 934 3
878 937 3
879 937 3
938 939 3
885 944 3
886 944 3
887 946 3
888 946 3
900 959 3
901 959 1
902 959 3
902 961 0
904 961 3
870 928 3
871 929 3
872 930 3
875 933 3
875 934 3
934 935 3
882 940 3
884 942 3
885 943 3
889 947 3
891 949 3
892 950 0
893 951 0
894 952 0
895 953 0
896 954 0
897 955 0
898 956 1
899 957 0
900 958 3
902 960 3
928 929 3
929 930 3
930 931 3
874 933 3
939 940 1
942 943 3
943 944 3
887 944 3
946 947 3
947 948 3
948 949 3
949 950 0
950 951 2
951 952 3
952 953 1
953 954 3
954 955 0
955 956 2
956 957 0
957 958 1
958 959 3
959 960 3
960 961 0
906 964 3
933 934 3
940 941 3
941 942 3
961 1020 3
904 1020 3
963 964 3
937 938 3
914 1029 1
944 946 3
563 1029 1
963 1020 3
964 965 3
874 990 3
933 990 3
944 1003 3
1039 1042 0
946 1003 2
931 990 3
935 937 0
933 991 3
937 994 1
938 996 1
934 993 3
935 993 3
935 994 3
939 996 1
965 1023 3
990 991 3
937 995 1
961 1019 3
964 1023 3
563 1023 1
937 996 1
964 1022 3
933 992 3
934 992 3
993 994 3
960 1019 3
963 1021 3
964 1021 3
862 1042 1
928 986 3
929 987 3
930 988 3
931 989 3
991 992 3
939 997 1
940 998 0
941 999 2
942 1000 2
943 1001 2
944 1002 2
946 1004 2
947 1005 2
948 1006 2
949 1007 2
950 1008 1
951 1009 2
952 1010 1
953 1011 1
954 1012 1
955 1013 1
956 1014 1
957 1015 1
958 1016 2
959 1017 2
960 1018 3
1019 1020 2
862 1040 1
862 1041 1
986 987 3
987 988 3
988 989 3
992 993 3
995 996 3
996 997 3
997 998 0
998 999 1
999 1000 3
1000 1001 3
1001 1002 3
1002 1003 3
1003 1004 3
1004 1005 3
1005 1006 3
1006 1007 3
1007 1008 3
1008 1009 0
1009 1010 1
1010 1011 3
1011 1012 3
1012 1013 3
1013 1014 3
1014 1015 3
1015 1016 3
1016 1017 3
1017 1018 1
1018 1019 3
1021 1022 3
994 995 3
1022 1023 3
563 1024 1
989 990 3
1023 1024 0
1020 1021 3
