-0.0460202 -0.131739 31.5724
-0.0461698 -0.131732 31.5785
-0.0508249 -0.127615 31.8485
-0.0738699 -0.159793 32.9991
-0.0801357 -0.122715 32.2924
-0.0519852 -0.0576347 28.2265
0.0378582 -0.125354 16.742
0.0783029 -0.35954 13.8763
0.0605777 -0.309327 16.4165
0.0104441 -0.187038 23.1624
-0.0195268 -0.0411763 27.4559
-0.0424788 -0.0197633 32.5635
-0.0582519 -0.0460703 36.9902
-0.0755706 -0.0676395 42.0336
0.0643901 -0.255888 3.60311
-0.0267385 0.0747167 23.5812
-0.0472351 0.00445401 32.2713
-0.126828 -0.0732597 62.6207
-0.135227 -0.0299108 65.5285
-0.131103 0.00559138 62.4389
-0.0827222 0.0154006 42.1204
0.26403 -0.279617 -112.131
-0.0986208 -0.0271485 54.0991
-0.0655528 -0.0606082 39.7236
-0.0735241 -0.0623773 55.3416
-0.0736625 -0.0490506 55.1292
-0.0935341 -0.0677833 66.1882
0.497701 0.249858 -286.506
0.0234669 0.17685 13.0918
0.00699336 -0.132863 11.1177
-0.0444035 -0.0561062 38.3912
-0.0213144 0.891597 19.7532
0.0432183 0.0397712 -12.4178
0.0600188 0.0330779 -24.1059
0.0661798 0.00130715 -26.9271
0.0257869 0.000469274 3.18592
0.00296734 0.0534024 19.7656
0.0186256 0.0465568 6.73028
0.132285 -0.0497223 -85.118
0.145013 0.00894926 -96.1012
0.0542268 -0.596139 -20.2338
0.0870434 -0.0829593 -57.7473
0.0773952 -0.158044 -46.91
0.0508245 -0.189667 -21.5164
0.0200397 -0.246153 8.68167
0.00803456 -0.293552 21.1661
0.00488074 -0.319727 24.7725
-0.0114354 0.0617483 33.8828
-0.00720506 0.0705826 29.4049
-0.00385523 0.0775883 25.7939
-0.00144528 0.0826063 23.1465
0.000266511 0.0859896 21.2311
0.00172412 0.0882303 19.5779
0.0141966 -0.441295 13.3331
0.0140825 -0.440543 13.455
0.0109838 -0.439439 17.0885
0.00177954 -0.444957 28.2648
-0.00299511 -0.455618 34.2034
-0.0460244 -0.131684 31.5727
-0.024189 -0.13442 30.5363
-0.0473337 -0.125135 31.3581
0.24616 0.0909461 26.0138
-0.0351224 -0.12175 27.3336
-0.0390131 -0.110553 27.5199
-0.0119677 -0.0736994 22.7434
-0.0122311 -0.10044 23.7925
-0.0394539 -0.169659 31.1606
-0.0346397 -0.159901 30.0069
0.0193426 -0.35186 27.6859
-0.0389827 -0.0330322 32.333
-0.0627584 -0.0110837 37.8417
-0.0613457 -0.0185842 37.3239
-0.0237199 -0.0464596 26.2016
-0.0142709 0.0200596 20.9006
-0.0245979 0.0222016 24.6127
-0.122553 -0.0264651 60.1899
-0.107279 -0.0495429 54.4271
-0.0975261 -0.0141241 49.2357
-0.0425434 -0.00140435 25.8707
-0.110692 -0.0222695 60.8526
-0.12962 -0.00455602 69.4505
-0.133256 -0.000908683 71.1791
0.326923 -0.44621 -141.03
0.244302 -0.130953 -118.336
-0.0811717 -0.0551868 59.0118
0.747757 0.0092789 -429.029
0.0296246 0.177432 9.26438
-0.0499058 -0.053329 49.926
-0.0480903 -0.0511888 40.7415
0.0386384 -0.0197977 -7.20764
0.044278 0.0294482 -12.8183
0.0546048 -0.000299089 -19.4179
0.0131555 -0.0238061 13.0726
0.00567983 -0.0175276 18.4259
0.0226707 -0.498035 16.5673
-0.00382217 -0.539737 38.2544
-0.0621659 -0.598384 90.0346
0.0639749 0.0841767 -28.9785
-0.0288059 -0.276523 50.2503
0.128933 -0.018933 -108.969
0.370199 -0.773883 -298.94
0.0201785 -0.25459 8.37749
0.0122297 -0.290278 16.9121
0.0140321 -0.282808 14.8032
-0.00740449 -0.684398 45.8289
-0.00580129 -0.680314 44.0701
-0.00339094 -0.678495 41.524
-0.00156488 -0.678491 39.6054
-0.000556692 -0.679972 38.5754
-0.000290282 -0.683055 38.3873
-0.000290357 -0.688283 38.5589
0.0143055 -0.441253 13.2071
0.0144928 -0.44059 12.9855
0.0132679 -0.437865 14.3348
0.00573055 -0.429666 23.097
-0.0149381 -0.455881 48.9115
0.0590872 0.193349 -1.10149
0.0654737 0.174739 0.0759643
0.0432442 0.151715 1.9972
0.0540387 0.0807413 6.51234
0.036955 -0.0208678 14.2513
-0.00405614 -0.101466 22.7031
0.0238872 -0.238297 27.1207
-0.0217995 -0.101325 26.8292
-0.0595872 -0.150706 34.7063
-0.0361406 -0.145131 29.2546
-0.023963 -0.184214 28.6802
-0.00735103 -0.146563 22.5259
0.100787 -0.414845 10.4391
-0.0477222 -0.0299636 34.3559
-0.0486249 -0.0450063 34.3366
-0.035844 -0.0193728 29.4761
-0.030782 0.00914661 26.48
-0.0861325 -0.0383177 45.4892
-0.0492221 -0.0160491 29.6579
-0.0753713 -0.00870219 40.0694
-0.0907082 -0.0108784 46.7505
-0.00394467 -0.0430254 10.4681
0.308448 0.62576 -173.955
0.00558055 -0.0702661 16.9084
0.0442152 -0.0813412 -2.81829
0.170424 -0.238731 -72.7188
0.0187983 0.00511617 6.11154
0.0214528 0.0379281 2.33459
0.010278 0.0627016 7.77438
-0.00228968 0.0694135 15.0558
0.0165262 0.0571824 3.46183
0.0679438 0.0407929 -29.8633
0.0548048 0.0620888 -21.7253
0.0402829 0.0377867 -10.175
0.0315781 0.0723623 -5.54381
0.0226798 -0.0088964 4.84302
0.372442 -0.759245 -233.835
0.00677845 -0.116705 10.1921
0.795303 -0.320175 -627.192
0.329621 0.075511 -278.791
0.023924 -0.0935177 -10.4107
0.0555423 -0.0336314 -40.6345
0.205322 0.0563965 -182.122
0.0583667 -0.0580437 -41.6245
0.025821 -0.283403 3.22856
0.0210161 -0.279587 7.6804
-0.00677922 0.00756174 15.1103
-0.00677505 0.00229411 15.377
-0.0049295 -0.00310504 13.7534
-0.00311416 -0.00698828 12.0474
-0.00213818 -0.0089822 11.1077
-0.00210734 -0.00950185 11.1046
-0.00279756 -0.00888158 11.8438
-0.00235283 -0.00508359 11.0354
0.00898445 0.00402631 -5.18908
0.00730269 -0.0251407 -1.05616
0.016511 -0.0646241 -9.13189
0.016004 -0.126535 -4.00495
0.0430457 0.207802 -1.49
0.0554858 0.160353 2.39954
0.0370335 0.115923 5.28146
0.00819044 0.0765219 11.1901
0.00728868 0.0658719 12.4431
-0.0607897 -0.00875608 24.1743
-0.103242 -0.00776367 28.363
-0.05175 0.0514451 16.4791
-0.0360178 -0.0353005 21.2733
-0.0744394 -0.0803936 32.5852
-0.0428575 -0.0755446 26.3701
-0.00838076 -0.0566111 16.505
-0.0296066 -0.0478295 21.1413
-0.0098954 -0.0402522 15.6602
0.0601022 -0.0377384 -5.68224
0.054123 -0.117834 4.96044
0.0704373 -0.0177669 -7.42655
-0.02672 -0.0105329 20.0986
-0.0493718 -0.0242945 30.4535
-0.0786648 -0.0157294 42.3101
-0.0805787 -0.0236146 43.5868
0.0662968 -0.0345848 -24.0712
0.297247 0.0277769 -138.743
0.112098 -0.13256 -35.0208
0.0431919 -0.0869105 -1.89841
0.0495722 -0.0214567 -9.42449
0.0216157 0.0152702 3.74839
0.0175403 0.0301484 4.93783
0.0191207 0.0054713 6.03703
0.0168551 0.0445243 5.22455
0.0134993 0.0519323 6.19672
-0.0083292 0.00346965 23.3857
0.0395967 0.0746401 -11.1891
0.037507 0.0894499 -10.9026
-0.132267 -0.0562358 129.576
0.0222457 -0.0966495 -3.11644
0.425898 0.444724 -353.921
-0.025785 -0.186274 55.9941
0.0742942 -0.116771 -31.2347
-0.473679 0.201992 407.553
0.0320592 0.422591 -42.4375
0.0127062 -0.0453337 -0.758555
-0.00899826 -0.0136989 27.3131
-0.0422421 0.00086287 57.8218
0 -0.012863 18.5134
-0.00184437 -0.00482678 19.5131
-0.00184437 -0.00482678 19.5131
-0.000261602 0.0741625 12.8388
-0.000134496 0.0742961 12.7005
-0.000463999 0.0742057 13.0579
-0.00106671 0.0738376 13.7375
-0.00175106 0.0733082 14.5306
-0.00234722 0.0730733 15.2173
-0.00287201 0.0729391 15.8275
-0.00359126 0.072576 16.6981
-0.00359128 0.0725761 16.6981
-0.00359128 0.0725761 16.6981
-0.00359128 0.0725761 16.6981
0.0032022 0.155202 4.26718
-0.0401909 0.0953832 12.8622
-0.0192206 0.0984886 10.5895
0.00139945 0.0403357 14.2171
-0.0405987 0.0293313 19.409
-0.0698201 0.0239683 22.5809
-0.0821517 0.0403013 22.7697
-0.0493234 0.0399432 17.9459
-0.0406601 0.0254056 17.5209
-0.0461567 0.00779649 20.5008
-0.0364112 0.00918088 17.7017
-0.0113336 0.00985104 11.4565
0.00163004 0.0138274 7.536
0.0368638 0.0716168 -8.05371
0.0509529 0.0237243 -7.29309
0.0988982 0.0212473 -22.5291
0.155998 0.0342488 -42.1389
-0.0578193 0.0237947 28.9947
-0.0448066 -0.00188313 26.5918
-0.07166 -0.0046674 38.1004
-0.0923964 -0.0212798 47.576
-0.0375029 -0.0154051 22.5551
0.0307129 0.0333177 -13.301
0.0123868 -0.0119227 0.017878
0.0817407 -0.0747543 -29.5731
0.150475 -0.0419276 -69.8596
0.0551779 -0.0564138 -20.8819
-0.00893018 -0.0410978 13.5295
0.000498501 -0.0403749 7.79595
0.0195354 -0.0409134 -3.73416
0.0986236 -0.0965577 -47.6655
0.0120225 -0.0638491 3.48766
-0.0210013 -0.0528864 25.1042
-0.0116344 -0.0720919 20.4342
-0.107311 -0.00678488 82.6594
0.0200678 -0.0422841 -7.8061
0.0202476 -0.0843845 -3.23395
0.0862214 -0.00484973 -49.7667
0.0637674 -0.114193 -24.7982
0.0196795 -0.0464044 -5.64268
0.004621 -0.0494886 7.47345
-0.0030624 -0.0329063 12.2761
-0.14626 -0.0678057 151.361
0.0130524 -0.256396 21.9605
0 -0.263195 34.8127
-0.00128197 -0.262458 36.0058
-0.00271755 -0.265907 37.7879
-0.00608782 -0.0501706 16.7685
-0.00534498 -0.0486891 15.8517
0.00700752 -0.0110205 -1.33168
-0.000732208 -0.0745378 14.1084
0.00286526 -0.0792 10.7094
0.00163394 -0.0811536 12.2778
0.000280693 -0.0855215 14.3239
-0.00180648 -0.090356 17.3762
0.0148641 0.00132697 -11.4565
0.00126099 -0.0953456 14.3773
0.016511 -0.0646241 -9.13189
-0.0132771 0.0800328 12.8265
0.0261769 0.0611609 13.8058
-0.0564893 0.0578937 16.9482
-0.0232726 0.0522117 14.8136
-0.0411916 0.0280086 19.4789
-0.0672764 0.0432388 20.0906
-0.0626998 0.0182645 21.894
-0.0203982 0.0749595 8.88705
-0.0542773 0.0651258 15.735
-0.0711487 0.0516601 19.875
-0.0352866 0.0157624 16.7044
-0.0172226 0.0173248 12.1148
0.0377099 0.0623189 -7.24113
0.0429964 0.0874756 -10.3
0.0378927 0.0674617 -6.94298
0.107466 0.0223723 -24.855
0.12457 0.0179956 -29.6683
-0.0514128 0.0114638 27.8734
-0.0531707 0.0230273 27.1702
-0.0976946 0.00926963 47.2298
-0.0694624 0.0161739 32.6592
-0.00624655 -0.0148415 8.05749
0.0179944 -0.00839099 -3.58876
-0.00379798 -0.00399892 7.25656
0.000795369 -0.0588274 10.9971
-0.0293181 -0.0365436 25.0837
-0.0133126 -0.051774 17.4392
-0.0130154 -0.0573047 18.011
-0.00088332 -0.0541987 10.0611
0.0214133 -0.0486794 -4.40346
0.0126556 -0.07035 4.89048
-0.0172751 -0.0644144 23.5616
-0.0122312 -0.0612232 19.5331
0.245798 -0.100385 -154.46
0.0113899 -0.0453435 -0.266295
0.255 0.566099 -255.942
0.0724982 0.528567 -110.378
0.00430492 -0.134331 17.9274
0.00628352 -0.0650657 8.14932
0.00497763 -0.069018 10.1659
-0.0121487 -0.0698138 24.8905
0.00139662 -0.0444882 9.13191
-0.0120472 -0.0329315 19.3634
0.705706 0.0498877 -656.454
0.000191274 -0.0196309 7.1891
0.00738431 0.187773 -20.8971
0.00900728 -0.0150842 -2.09897
-0.0466308 -0.0872229 64.276
0.0149215 -0.0946005 1.73449
-0.0240348 -0.0724945 40.2149
0.0469201 -0.0997277 -33.2748
0.0314101 -0.0696916 -20.675
-0.00369478 -0.0545352 14.8005
0.00700752 -0.0110205 -1.33168
0.00103034 -0.141334 21.7643
0.0132603 0.19258 -30.0049
0 -0.0398999 10.4577
-0.000862504 -0.0995581 17.4415
-0.0300249 0.0566457 15.8527
-0.03582 0.0777257 13.077
-0.0174845 0.09592 10.4855
-0.0573761 0.0477093 18.1482
-0.0522334 0.029666 20.1153
-0.0782806 0.132178 10.0621
-0.0291682 0.0527175 12.9925
0.00916318 0.042477 8.35743
-0.0422376 0.108859 8.97615
-0.0945188 0.101646 18.5509
-0.0264395 0.0372824 12.0928
0.0468674 0.137637 -18.6782
0.0631808 0.159221 -26.0845
0.035001 0.0675285 -5.05645
-0.00522395 0.0437381 9.85501
0.0417169 0.0253018 -3.15756
0.11993 0.0131728 -27.3147
-0.0726174 0.00762882 36.6484
-0.0645817 0.00160493 34.5795
-0.08693 0.00913747 42.7127
-0.077822 0.0270412 35.4928
0.0114458 0.0109408 -3.16184
0.0215095 0.0157439 -8.63491
-0.00593033 0.000800452 7.68571
-0.0078482 -0.0337471 13.0271
0.182235 0.350218 -140.47
-0.0119961 -0.06768 18.9148
-0.00970226 -0.0469655 14.3783
-0.00163029 -0.0592202 11.3904
0.0306749 -0.0657356 -7.44983
0.393906 -0.3515 -203.948
-0.00959568 -0.0624125 17.493
0.0350802 -0.106818 -5.95373
0.25911 -0.084003 -167.743
0.206285 -0.0953173 -127.379
0.0198198 -0.0344913 -7.73408
0.0139153 -0.0374559 -2.63856
0.0293777 -0.0356947 -15.3697
0.0126243 -0.0367856 -1.14183
0.00410708 -0.0298497 4.81929
0.00263142 -0.0385076 7.34762
-0.00635099 -0.0283927 13.7344
-0.0110342 -0.0290234 17.9115
-0.0121534 -0.121646 31.7241
0 -0.123098 23.2366
0 -0.0514195 13.1576
-0.011233 -0.0607727 25.8334
0.0386196 -0.0386359 -28.1815
-0.0118995 -0.194649 45.6613
0 -0.12001 22.676
0 -0.102344 20.0203
0.0250116 -0.104348 -7.05565
-0.00989479 -0.520614 88.4461
0.00175943 0.283215 -34.0562
-0.258193 0.0948027 298.572
-0.00301183 0.505207 -58.5008
0.000814044 0.576551 -72.6641
0.00103278 0.00228805 8.0704
-0.0176629 0.0460054 17.1582
-0.00232176 0.0541709 15.3031
-0.0468617 0.0541993 18.5915
-0.119424 0.0752326 19.7782
-0.0941785 0.0355932 22.9835
-0.0364487 0.0271468 23.8079
-0.0346397 0.146502 4.60289
-0.038084 0.246591 -12.081
-0.0607065 0.014593 34.029
-0.126389 0.0561956 31.4957
-0.00115757 0.333307 -35.1821
-0.053814 -0.0108347 46.288
0.00609238 0.104644 -2.04399
-0.0276238 0.0508764 15.5417
-0.0292409 0.0191027 20.7654
0.0585434 -0.00738099 -3.92317
0.105339 -0.00350231 -19.9261
-0.0780933 -0.00366363 40.5957
-0.0666419 -0.0024424 35.8581
-0.0668815 0.0163615 32.8066
-0.0730385 0.0424853 30.8807
0.00694664 0.025116 -3.19935
0.0154536 0.028789 -7.12814
-0.1141 0.0111177 76.2955
-0.122746 0.0107319 81.1287
-0.173906 0.0215623 106.594
-0.00671371 0.0329427 0.0473902
-0.00598199 0.0344437 -0.922162
-0.000127381 -0.0558366 10.3676
-0.00380823 -0.0600274 13.2131
0.103742 -0.0331155 -61.0057
0.0173007 -0.068198 0.32331
0.0120218 -0.0664779 3.54733
0.0167906 -0.0460848 -3.21817
0.0157551 -0.0257048 -6.19514
0.0176574 -0.14855 11.1707
-0.100757 -0.205305 111.759
-0.0269046 -0.487341 100.064
-0.0989922 -0.197874 112.923
0.000931323 -0.0062925 3.09411
-0.144475 -0.515371 208.573
0.279948 -0.157227 -220.511
0.00343692 -0.0318821 5.8997
-0.0055979 -0.0271032 13.9374
0.00303296 -0.00430038 1.0455
-0.00501573 -0.0443774 15.0401
0.00570705 -0.00567628 -0.684327
0.016462 -0.00443552 -12.2492
0.139784 -0.0348128 -138.083
-0.0198796 -0.247663 63.837
0.0573958 -0.347154 28.1155
-0.0737837 0.457408 38.2914
0.0736402 0.0736125 -81.0206
-0.360696 0.17515 413.106
-0.257611 0.0544185 304.513
0.0410156 0.390997 -102.325
0.000563845 0.0938001 6.49274
0 0.046813 14.825
-0.0541473 0.0998336 27.8531
-0.052253 0.0974861 28.2209
-0.0442264 0.0917697 28.8004
-0.0902058 0.13721 23.1114
-0.0787348 0.0490619 39.2693
-0.119372 0.0110449 50.7238
-0.122304 0.014918 50.2904
-0.0311485 0.0934173 14.7182
-0.0433862 0.0176087 30.6169
-0.076289 0.0252996 35.5169
-0.0919489 0.0528321 33.4248
-0.0930371 0.0269657 38.2335
-0.072217 0.0466492 29.2658
-0.0683468 0.0270167 31.546
-0.0554073 0.0134026 29.814
0.0091995 0.0118804 8.94026
0.00214833 0.00384678 14.7625
-0.050183 0.0115919 27.0128
-0.0598732 0.0340551 26.9826
-0.0716299 0.00169892 37.1834
-0.00988219 0.0865614 -4.84471
-0.0262937 0.105693 -1.31876
-0.0117672 0.118939 -10.1489
-0.10297 -0.0076433 73.9873
-0.115851 -0.00724871 80.8147
-0.151507 0.00454433 98.1177
-0.0575312 0.168315 7.19803
-0.00907288 0.0455384 7.88139
-0.0242576 0.296843 -36.2678
-0.0233374 0.282911 -34.5312
-0.0366853 0.276893 -25.0643
-0.0236275 0.23732 -26.0534
-0.0296886 0.205145 -15.586
-0.0487703 0.186768 1.58492
0.00629174 -0.00616179 -1.7558
-0.0193808 0.0866214 -0.187744
-0.113047 0.0983594 70.1238
0.0190723 -0.0275917 -8.23817
0.00577465 -0.00452157 -1.56094
0.00538651 -0.00196276 -1.75792
0.00478186 -0.0256668 3.20456
-0.0030786 -0.0201412 9.19731
0.0103306 -0.00317591 -5.53829
-0.00239208 -0.0192917 8.49137
0.00672434 -0.0019288 -2.49318
0.00016107 -0.00213736 2.90985
-0.0104208 -0.0405452 21.0282
-0.00461193 -0.00657648 8.33794
-0.0141623 -0.0275023 21.6252
0.0159779 -0.00311367 -12.0513
0.146786 0.0128374 -144.535
-0.00011913 0.0013413 3.31636
0.0150072 0.083364 -30.7169
0.00556779 0.0212347 -7.74432
0.0109669 0.0349253 -16.3799
-3.6231 0.352235 4300
0.0193389 0.238311 -63.8222
0.0244429 0.229812 -68.374
-0.0555924 0.0989205 28.063
-0.0569439 0.0955925 28.7953
-0.0636537 0.093407 29.4798
-0.0915103 0.0684505 36.4111
-0.11499 0.0357026 45.5825
-0.147722 -0.0131654 58.6556
-0.107288 -0.00884616 52.9927
-0.0533276 0.01608 32.5073
-0.0520046 -0.0337033 42.2652
-0.0836859 0.0228457 37.3352
-0.0931642 0.0293714 37.9503
-0.0998007 -0.0100394 46.867
-0.0784476 0.000439107 39.5896
-0.067264 0.00392792 35.8694
-0.0508774 0.0226101 27.0279
-0.0354497 0.0443331 18.0366
-0.0753481 -0.101532 61.5312
-0.0670058 0.0693029 22.726
-0.0543393 0.0827039 15.2669
-0.0471291 0.208279 -13.8753
0.0261938 0.217007 -47.2748
-0.00847113 0.211582 -30.3573
0.0152878 0.258844 -50.7097
-0.110151 -0.0439089 84.5136
-0.107743 -0.0198579 78.9338
-0.122184 -0.0305082 88.5414
-0.0126712 0.242109 -32.7476
-0.0048253 0.148687 -16.3436
-0.112633 0.163917 45.6064
-0.0339765 0.295587 -30.1734
-0.0217357 0.337403 -46.9029
-0.0373445 0.238012 -16.8453
-0.0353948 0.235769 -17.6128
-0.0521463 0.213429 -1.10368
-0.00505582 0.0100943 4.85762
-3.7409e-05 0.0298796 -3.25695
-0.00576262 0.0115836 5.20006
0.00429649 0.00302303 -1.52841
-0.00602123 0.00606778 6.78774
-0.272725 -0.453092 339.873
0.0871746 0.0506068 -76.7104
-0.00165317 -0.000420971 4.92729
-0.13125 0.0503482 114.139
-0.00589438 -0.00553629 9.77028
0.0297006 0.333618 -93.483
-0.00795408 -0.000796643 10.4781
-0.119774 1.04008 -78.9689
0.00650911 0.075576 -7.33609
-0.0125169 0.124683 2.27693
-0.00994456 0.140053 -3.53672
0.0173105 -0.00405063 -13.3515
-0.120963 0.221286 120.737
-0.121651 0.104394 146.587
0.0183834 0.0196758 -22.2003
0.0173105 -0.00405063 -13.3515
0.0245197 -0.0171753 1.49822
0.0241623 0.0199464 -14.6972
0.00523257 -0.00112038 0.638707
-0.0559307 0.0977087 28.3219
-0.184923 -0.0518351 44.138
-0.0729942 0.0834885 32.3323
-0.091409 0.0522049 39.6022
-0.0615482 0.225679 -23.5149
-0.0256602 0.118142 -3.90453
0.0144684 0.0475815 6.98909
-0.0190431 0.119341 -4.39288
-0.036909 0.0931395 4.2857
-0.0273469 0.193554 -20.3826
0.00520205 0.300997 -53.3441
0.0343473 0.162371 -28.7621
-0.0461571 0.034567 21.7278
-0.0182645 0.295962 -46.4846
0.00409486 0.287172 -50.8785
0.00105822 0.328138 -59.0483
-0.0132921 0.203286 -25.6951
-0.012796 0.26353 -40.0475
-0.00903748 0.230555 -33.2733
0.0259113 0.267146 -55.862
0.0102482 0.283546 -53.4579
0.0320704 0.335077 -74.8907
0.0128556 0.331723 -65.0304
0.0216526 0.296096 -61.0124
-0.00710758 0.268648 -40.3905
-0.0234858 0.286231 -35.7428
-0.00901998 0.266938 -40.085
0.00170489 0.232737 -38.8557
0.018737 0.296605 -63.4263
0.0123077 0.296891 -59.4614
0.0388326 0.322937 -82.643
0.0526971 0.307516 -88.2636
-0.0427556 0.191782 -2.6744
0.0183557 0.0532193 -13.6268
-0.124504 -0.0174026 107.073
0.00555714 0.0297079 -6.95771
0.00446326 -0.0168849 4.99823
-0.00227047 0.00267718 4.43577
-0.0512071 0.158782 9.02708
0.0659006 -0.0457587 -36.8502
0.110786 0.0516576 -97.5207
-0.0183355 -0.119735 52.9
0.00424829 -0.125816 34.0073
0.0677712 -0.0223773 -42.7657
0 -0.130919 45.0764
0.118229 0.127604 -62.7211
-0.0143176 0.113562 72.0571
0.00545554 0.0736559 -5.85125
0.00270928 0.118496 -13.1905
-0.00687062 0.124679 -3.54817
-0.00896711 -0.0369587 17.5683
-0.121475 0.222236 121.067
-0.122868 0.127165 143.103
5.11589e-14 0.00474053 16.4764
-0.170681 0.722804 48.2692
0.0636092 0.489097 -134.142
0.0116496 -0.0099832 7.07544
0.0333377 -0.039991 -12.9072
-0.0573489 -0.0505801 39.5623
-0.072301 -0.063653 43.4769
-0.0810927 0.129785 -4.04871
-0.0720246 0.268421 -39.0902
-0.0402277 0.27842 -44.1231
0.00506071 0.2199 -33.2084
-0.00375217 0.225176 -33.2244
-0.00287342 0.148877 -14.5417
0.00412903 0.199057 -27.8772
0.00569016 0.293573 -51.843
0.00504737 0.336953 -62.8613
0.0117541 0.383225 -75.5747
0.0043858 0.377011 -72.1681
-0.00275778 0.315271 -55.4228
0.021452 0.352907 -70.9513
-0.0282725 0.319285 -46.3429
-0.0522518 0.245533 -20.6605
-0.0105843 0.245804 -36.5723
0.0279323 0.274575 -59.2414
0.0681995 0.313436 -85.1916
0.0329992 0.309815 -68.8629
0.0117323 0.340397 -66.908
0.000263106 0.296095 -50.9163
0.00200108 0.259502 -42.3522
-0.0156903 0.274057 -36.8875
-0.0265866 0.266879 -29.0561
-0.00722724 0.288703 -45.9794
0.00521288 0.287952 -53.3053
-0.000342088 0.25428 -41.1626
0.0159741 0.232453 -45.3614
0.0351097 0.265503 -66.4754
0.0802557 0.269171 -97.7353
0.0672379 0.241502 -81.1023
-0.00604908 0.18875 -16.8267
0.0446583 0.42622 -111.868
0.122106 0.108073 -88.5872
-0.0317831 0.77449 -152.911
0.26472 0.12358 -237.919
-0.0664479 -0.017252 70.7327
-0.00341976 0.203235 -36.0109
-0.0626811 -0.265804 134.075
0 -0.0765904 32.8009
0 -0.0765904 32.8009
0 -0.0765904 32.8009
0 -0.0765904 32.8009
0.438946 0.0543977 -364.263
0.467651 0.0882822 -401.067
-0.00953892 0.251111 -32.5556
-0.010555 0.153416 -7.43493
-0.0452481 0.258729 4.04204
0.0400512 0.215172 -76.9815
0.0473722 0.153319 -68.5694
0.0391542 0.210796 -74.3262
-0.420104 -0.207184 560.509
0.284992 -0.1438 -273.652
0.297781 0.33521 -420.034
0.0595907 -0.0509405 -42.511
0.0599561 -0.0600047 -40.7382
-0.01153 0.282921 -47.6807
0.000354511 0.263604 -42.7887
-0.00334145 0.253284 -40.0023
-0.00153616 0.303486 -53.7828
0.0134664 0.310573 -57.7008
-0.00694596 0.270959 -44.5021
-0.0186612 0.325113 -57.3219
0.00724324 0.210442 -31.1925
0.0213086 0.264135 -47.1408
0.0641704 0.362906 -81.7322
0.0114572 0.382671 -75.3038
-0.00728978 0.350472 -61.5884
-0.0169501 0.349913 -59.8695
0.0047633 0.345005 -64.6383
0.0177331 0.326931 -63.2957
-0.0476529 -0.292553 116.25
-0.0397142 -0.315105 119.736
-0.0477705 -0.272117 111.024
-0.0426492 -0.279096 110.936
0.0406511 0.297786 -68.672
0.0464792 0.260843 -62.3615
0.0100558 0.294357 -54.1765
-0.0592652 0.269123 -14.5538
-0.0220887 0.258992 -30.4342
0.000818432 0.258607 -41.6192
-0.0115562 0.238219 -28.8197
-0.00445079 0.261689 -40.5564
-0.00973245 0.257725 -35.8503
-0.0260908 0.198239 -11.4179
0.0246568 0.183952 -39.6214
0.0793074 0.221597 -84.8618
0.0911677 0.267776 -104.747
0.0827009 0.264519 -98.2362
0.106507 0.281639 -120.587
0.0797923 0.361627 -121.393
0.24958 0.155922 -198.768
0.0743429 0.733941 -230.034
0.0167221 0.649933 -162.195
-0.12899 0.710091 -57.2036
-0.0309701 0.816198 -166.483
0.000789877 0.810624 -191.899
0.0228377 0.637685 -165.879
0.0723206 0.554706 -190.889
0.10971 0.0633929 -99.1199
0 0.810694 -191.21
0.0106362 0.608725 -147.866
-0.0181251 0.718812 -148.3
-0.0181251 0.718812 -148.3
-0.0181251 0.718812 -148.3
0.1875 6.6849 -1930.27
0.0694262 0.233611 -113.891
0.0693503 0.21707 -109.225
0.098981 0.230628 -147.143
-0.106145 0.234154 84.87
0.209905 0.330738 -307.838
0.00652278 0.346754 -70.5526
-0.0122216 0.329256 -43.4466
0.0212439 0.312656 -79.6004
-0.0128843 0.287085 -48.847
-0.00500791 0.29137 -50.1911
-0.00113741 0.305902 -54.6422
0.00980998 0.332305 -63.3517
0.0236395 0.33209 -64.2891
0.033167 0.304594 -57.587
0.15164 0.486511 -124.095
-0.0450773 0.23812 -20.5847
-0.032348 0.236762 -22.3418
-0.0484306 0.21764 -13.3857
-0.0139084 0.320302 -51.2951
-0.0318213 0.321682 -47.0298
-0.0167903 0.314597 -49.4285
-0.00400903 0.331721 -58.1173
0.0102759 0.330394 -62.058
-0.0103849 -0.29242 103.269
-0.00514744 0.113986 16.9365
0.0301458 -0.389384 149.055
0.0111474 -0.445191 172.52
-0.406539 -0.272956 304.761
0.018651 0.312343 -63.7772
-0.0408379 0.305904 -33.3686
-0.0422986 0.2778 -25.4389
-0.013395 0.268118 -38.1654
-0.00650001 0.186224 -18.0325
-0.0213962 0.15848 -1.57038
-0.0176768 0.21189 -19.2793
0.0733463 0.184547 -63.6838
0.0567753 0.142761 -42.0175
0.0586712 0.154778 -53.0409
0.124511 0.219449 -113.973
0.117956 0.242424 -115.567
0.0715585 0.282206 -95.3177
0.133284 0.291613 -142.692
0.0993407 0.274773 -112.502
0.290572 0.00396445 -173.71
0.206379 0.0280724 -120.335
0.000374694 -0.115355 54.0545
0 -0.114441 54.0877
0 -0.114441 54.0877
0 -0.114441 54.0877
0 -0.114441 54.0877
0.203972 -0.00187909 -166.223
0.00474211 -0.000458526 -0.99311
0.00874613 0.000503251 -5.1836
0.00763441 -0.000429818 -3.78799
0.00723178 -0.00100576 -3.23766
0.00913371 0.00102107 -5.72656
-0.00890123 -0.15624 59.6806
0.154102 0.25106 -93.1404
0.00871438 0.0011046 -5.30292
0.00910765 0.000683883 -5.60618
0.39648 -0.0114997 -429.46
-0.0162588 -0.161072 79.5754
-0.0168271 -0.162047 80.5184
0.00829051 0.345504 -72.6707
0.162447 -0.222408 -104.446
0.0689091 -0.231513 13.6476
0.010619 0.560113 -131.054
0.0180978 0.614519 -148.409
0.0455468 0.595152 -143.43
0.0820113 0.642123 -160.938
-0.0429314 0.125437 13.8034
0.0081681 0.160259 -3.04332
0.053309 0.436525 -94.4466
-0.106208 0.183448 5.94685
-0.0199337 0.147609 2.52051
-0.0184255 0.16317 -1.82987
-0.0362816 0.141284 7.99695
-0.011777 0.224044 -23.4897
0.0173197 0.290216 -51.5907
0.0178127 0.323291 -62.1618
-0.020488 0.31902 -48.9825
-0.00817325 0.268711 -37.1774
0.0978504 -0.191926 72.5428
0.0876234 0.255692 -69.3259
0.0306072 0.258792 -48.5331
-0.0158706 0.267706 -32.5088
-0.0210467 0.309624 -43.7067
-0.0412662 0.30532 -33.4042
-0.0766856 0.289706 -12.5733
-0.039917 0.299475 -34.5057
-0.0242123 0.307781 -45.1569
-0.0173052 0.246827 -29.6342
-0.0549074 0.274277 -17.1762
0.0232837 0.16375 -28.6338
0 0 -1
0.0344953 0.0986518 0.691156
0.034024 0.101429 0.132615
0.0465551 -0.0488917 21.8118
0.038177 0.288982 -73.9284
0.0754617 0.27359 -95.4945
0.0772622 0.20534 -75.2945
0.0727237 0.211249 -74.3572
0.160782 0.155588 -124.2
0.21503 0.0419254 -131.502
-0.00279818 0.182021 -33.5145
0.00452842 0.190496 -42.3349
0 0.18544 -36.9043
-0.00305119 0.162316 -26.9725
0.177181 0.0100887 -145.282
0.0102166 -0.045786 49.0431
0 -0.188303 65.1964
-0.0216531 -0.206041 92.08
-0.0203511 -0.0414073 88.604
0.16377 0.230762 -185.475
0 -0.13987 50.0344
0.11357 0.192505 -175.748
0.00919843 0.000405883 -5.60938
-0.021544 0.580664 -148.992
0.00264162 -0.252215 85.6235
0.00208131 -0.226605 78.5055
-0.0172695 -0.161828 80.9703
-0.0172695 -0.161828 80.9703
0.110947 -0.204035 -46.9842
0.0833719 -0.20086 -14.6162
0.00969758 0.204171 -15.7755
0.00939311 0.17362 -5.45343
-0.00175169 0.116763 14.2208
-0.028927 0.106861 18.8628
-0.0159649 0.164014 -2.98044
0.0253753 0.169294 -8.25425
-0.0441744 0.210158 -12.2442
-0.0359496 0.195692 -10.3567
-0.0212463 0.117476 12.6147
-0.0320199 0.126294 11.6452
-0.0381412 0.118137 15.4095
-0.0350158 0.128483 11.5651
-0.133333 0.353668 -24.9765
-0.174046 0.368044 -19.3607
-0.0989113 0.366082 -39.9683
-0.0674992 0.317 -33.6316
0.0284037 0.125752 0.85721
0.042273 0.285331 -61.5917
0.00134482 0.271628 -40.6009
-0.0257992 0.276155 -30.7848
-0.0414648 0.27615 -23.7754
-0.0661003 0.286998 -16.2689
-0.0706137 0.298051 -18.1339
-0.0433486 0.314107 -37.2512
-0.00950263 0.311158 -53.9205
0.00985137 0.307725 -63.4638
0.0999168 0.305337 -112.527
0.0999168 0.305337 -112.527
0 0 -1
0.032239 0.0977596 2.40426
-0.082474 0.0477046 103.017
0.00568698 0.148772 -0.73946
-0.100224 0.0546367 112.671
0.0439824 0.271074 -71.1793
0.062476 0.248575 -77.7851
0.0404466 0.273768 -69.8726
0.0918716 0.213744 -89.3362
0.00514505 0.181238 -8.46011
0.00575225 -0.241923 132.459
-0.0103765 -0.24091 145.795
-0.0164793 -0.255051 156.135
-0.189078 0.329894 120.298
0.0601573 -0.0933194 37.8047
0.026183 -0.0531203 36.4863
-0.00165317 -0.000420971 4.92729
0.131755 0.0483857 -67.3462
0.0455538 0.0416593 -4.67373
0.374521 0.501687 -481.152
-0.0025023 0.107789 37.7196
0.00162308 -0.07098 99.9211
0.00162308 -0.07098 99.9211
0.00162308 -0.07098 99.9211
0 -0.0898438 107.965
0.000908537 -0.0772282 102.692
0.000908538 -0.0772282 102.692
0.000908538 -0.0772282 102.692
0.000908538 -0.0772282 102.692
0.100631 -0.174375 -43.9944
-0.0127058 0.200231 -14.1498
-0.0171169 0.176565 -5.61005
-0.0271125 0.151859 3.6031
-0.0357961 0.177111 -4.82623
-0.0134319 0.190332 -11.4654
0.0168188 0.170127 -7.63758
0.0172072 0.200421 -17.9364
0.0183012 0.24252 -33.7306
-0.108468 0.141034 22.2007
-0.0235369 0.168833 -4.34499
-0.0427803 0.123177 15.3877
-0.042777 0.12892 13.3437
-0.136586 0.346372 -21.6436
-0.134482 0.339121 -19.7149
-0.115705 0.341634 -26.4728
-0.0652607 0.31032 -32.0197
-0.0067799 0.21416 -18.4102
0.0422776 0.230998 -43.5212
0.0155992 0.256231 -41.2574
-0.00107713 0.268839 -38.8409
-0.0322608 0.284409 -30.9553
-0.0217308 0.30787 -43.9607
0.299495 0.111438 -152.442
0.0104667 0.112809 -9.42768
0.0104667 0.112809 -9.42768
0.0247582 -0.0127593 33.5609
0.0248708 -0.0147008 34.1581
0.384605 0.149531 -239.011
-0.0778703 0.132129 46.6634
0 0 -1
-0.0778136 0.0446015 101.012
-0.0924185 0.0580917 106.1
-0.116046 0.0719224 117.471
0.00495088 0.228445 -28.6894
0.0695474 0.198262 -66.0083
0.063885 0.247648 -78.5034
0.0432587 0.235466 -57.9288
0.0279119 0.2347 -46.0379
0.133156 -0.269791 43.8862
0 0.117389 17.6055
0.0277137 0.207889 -37.7959
-0.0430158 0.15844 42.1621
0 0.165923 0.893834
-0.0213844 0.123466 36.0844
-0.536914 3.38924 -646.261
0.13657 0.0481578 -72.0097
0.00912958 0.000226722 -5.47942
0.00317773 0.0917997 37.3037
0.00314723 0.0804363 41.4147
0.0120862 0.257861 -79.7155
0.00843613 0.260807 -76.8018
0.00157187 0.262466 -69.8334
0.391169 0.524052 -611.522
-0.0098048 0.271608 -60.5674
0.00293591 0.203591 -51.2039
0.227972 0.100253 -284.724
0.193674 0.0512213 -228.543
0.0849738 -0.0948402 -50.5598
-0.0227195 0.197788 -13.1736
-0.0242648 0.181331 -7.06672
-0.0260233 0.174528 -4.47396
-0.037226 0.182685 -6.63932
-0.0249305 0.169495 -3.46089
0.0276979 0.148103 -1.61187
0.0503197 0.134614 0.919298
0.0477316 0.234626 -35.0983
0.0589925 0.266386 -48.3613
0.0579741 0.288473 -56.3482
0.059402 0.289677 -57.0922
0.059402 0.289677 -57.0922
0 0 -1
-0.114241 -0.744392 371.376
-0.102333 -0.646889 331.571
-0.0680737 -0.470385 255.018
-0.0239984 -0.166932 127.415
0.0317381 0.0745078 18.0073
0.0286595 -0.061988 69.7106
0.0104867 -0.139001 105.646
0.00558879 -0.0850636 87.7288
0.0103182 -0.0183058 60.8372
0.0103182 -0.0183058 60.8372
0.0108965 0.436618 -128.323
0.011855 -1.52417 618.535
0.0116875 -1.52731 619.804
0.00923049 -1.53354 623.515
0.0027926 -1.54277 630.722
-0.00850005 -1.5549 642.075
-0.0254007 -1.5698 658.215
-0.0467102 -1.58734 678.543
-0.0593431 -1.53659 668.125
-0.15341 0.114081 128.736
-0.166398 0.193257 108.834
0.0708726 0.199431 -67.5185
0.0855227 0.214567 -83.5488
0.0305615 0.227557 -44.9959
0.0224779 0.234947 -41.5075
0.000416484 -0.100629 65.7825
0 -0.0433873 44.8383
-0.00118945 -0.0889576 62.9226
-0.00458543 -0.106287 72.3573
0 -0.0992839 65.6318
-0.00118945 -0.0889576 62.9226
-0.00118945 -0.0889576 62.9226
-0.00118945 -0.0889576 62.9226
0.00921615 0.000296321 -5.59157
0.0213905 0.260292 -90.5749
0.0209419 0.258906 -89.5758
0.0171991 0.256866 -84.8303
0.0105029 0.261306 -79.23
0.00123817 0.263991 -70.0098
-0.00925777 0.272597 -61.394
-0.027811 -0.0325651 72.8576
-0.0295632 0.16213 3.47738
0.0199929 0.0766818 -25.4091
0.113525 0.0627824 -134.921
0.0169588 0.132465 -42.4314
