0 1 3
1 2 1
2 3 0
3 4 3
4 6 3
6 7 1
7 8 2
8 9 3
9 10 3
10 11 3
11 12 3
12 13 3
13 14 3
14 16 1
16 17 3
17 18 0
18 22 1
22 195 0
22 23 3
23 24 3
24 25 3
25 26 3
26 27 3
27 28 3
28 29 3
29 30 3
30 31 3
31 32 3
32 33 3
33 210 0
35 210 0
35 36 3
36 37 3
37 38 3
38 39 2
39 40 0
40 41 1
41 156 0
156 216 1
216 450 3
227 450 3
227 391 3
172 391 0
18 77 1
22 77 0
77 195 0
33 92 3
6 64 3
16 73 2
4 64 2
14 73 3
92 210 0
115 172 3
7 65 2
4 62 2
6 65 3
11 69 3
17 75 3
18 75 2
10 69 3
62 64 3
16 74 3
17 74 3
32 91 3
33 91 3
7 66 2
8 66 0
3 61 3
66 67 3
11 70 3
12 70 3
13 71 3
28 86 3
29 86 3
30 89 0
31 89 0
0 58 3
1 59 1
2 60 2
9 66 0
23 81 0
24 81 2
25 83 0
25 84 0
26 84 3
27 85 0
31 90 3
32 90 3
39 97 2
229 391 0
172 229 1
58 59 1
59 60 3
3 60 0
4 61 2
9 69 3
13 70 3
14 71 3
14 72 3
22 81 0
24 82 3
24 83 0
27 84 3
85 86 2
90 91 3
38 97 0
38 96 0
96 97 0
61 62 3
73 74 2
81 82 3
83 84 3
91 92 3
36 210 0
40 97 1
65 66 3
66 69 1
70 71 3
74 75 3
84 85 0
29 87 3
30 87 3
37 96 0
60 61 1
69 70 3
72 73 3
89 90 1
157 216 3
67 69 1
75 134 3
18 134 1
157 450 3
77 134 3
86 87 3
71 72 3
82 83 0
30 146 3
37 210 0
87 146 3
89 146 1
74 190 0
96 210 0
77 136 3
136 195 0
41 97 0
64 65 3
75 190 0
22 138 0
81 138 3
64 121 3
151 210 0
62 121 3
138 195 0
92 151 3
67 126 3
69 128 2
71 130 3
70 128 2
77 135 3
97 156 1
172 173 3
62 120 2
75 133 0
133 134 3
134 135 3
173 229 1
115 173 3
61 120 2
64 123 3
65 123 3
67 127 3
69 127 0
228 391 3
126 127 3
127 128 0
156 157 1
227 228 3
133 190 3
86 144 3
89 147 1
90 147 3
91 150 2
92 150 2
152 210 0
157 215 3
58 116 1
59 117 1
59 118 1
60 118 1
60 119 0
61 119 0
66 123 3
67 125 3
73 131 3
74 131 2
84 142 3
97 155 1
116 117 3
118 119 0
119 120 1
66 124 3
67 124 3
125 126 3
70 130 3
72 130 3
135 136 3
82 141 0
83 141 1
83 142 1
146 147 3
156 215 1
228 229 1
120 121 2
123 124 3
81 139 3
85 144 2
90 148 3
91 148 3
151 152 3
138 139 3
82 139 3
87 144 3
91 149 3
149 150 3
96 155 1
117 118 0
124 125 3
72 131 3
85 142 1
147 148 3
96 152 1
130 131 2
141 142 3
85 201 1
64 122 3
128 130 2
144 201 3
150 151 1
122 123 3
148 149 3
121 122 3
131 190 0
82 140 3
125 184 3
126 184 3
139 140 3
140 141 0
152 155 1
155 156 3
128 187 1
142 201 3
120 178 1
121 178 3
173 230 1
194 195 0
155 213 0
229 230 3
136 194 3
156 213 2
450 509 3
227 509 3
124 182 3
151 209 0
152 209 0
125 182 3
276 450 3
123 239 3
125 183 3
128 188 0
130 188 0
131 189 2
146 435 0
146 205 0
147 205 0
157 276 3
116 175 0
117 175 0
118 175 0
183 184 3
126 185 3
127 185 3
187 188 3
144 146 3
259 435 2
157 273 3
276 509 3
119 177 3
124 239 3
215 273 3
116 174 0
119 175 3
120 177 2
134 191 3
174 175 3
175 177 3
184 185 3
128 186 1
133 191 3
135 193 3
205 435 2
186 187 3
130 189 2
134 193 3
148 205 0
152 270 0
155 270 0
177 178 1
182 183 3
127 186 3
138 196 3
150 209 0
175 176 3
185 186 3
191 193 3
136 193 3
176 177 3
188 189 2
193 194 3
148 206 0
141 257 3
149 206 0
182 239 3
195 196 2
139 196 3
144 435 0
152 269 0
195 252 2
262 435 3
205 206 3
209 269 3
122 239 3
196 252 2
213 270 3
227 344 3
142 257 0
205 262 3
269 270 3
344 509 3
122 238 3
189 190 0
227 286 3
228 286 3
238 239 3
139 372 0
140 372 0
140 257 0
229 287 0
190 191 3
201 435 0
228 287 3
230 287 0
177 236 2
178 236 3
178 237 3
121 237 2
157 333 3
187 245 3
190 249 3
193 250 3
139 255 0
149 266 0
150 266 0
150 268 0
209 268 3
273 333 3
177 235 2
121 238 2
189 247 1
191 249 3
191 250 3
196 255 3
255 372 3
230 231 0
176 235 3
183 242 3
186 245 3
188 246 3
266 268 3
235 236 3
182 241 3
183 241 3
184 242 3
188 245 3
142 435 0
286 344 3
237 238 3
182 240 3
246 247 2
188 247 2
213 215 3
239 240 3
184 243 3
185 243 3
245 246 3
189 248 2
257 372 3
206 266 3
174 232 3
175 233 3
176 234 3
247 248 3
190 248 1
193 252 3
194 252 3
232 233 3
241 242 3
249 250 3
234 235 3
236 237 3
319 435 3
262 319 3
206 262 3
268 269 3
257 435 3
259 316 0
242 243 3
186 243 3
276 333 3
248 249 0
250 252 3
316 435 3
176 233 3
270 328 3
213 328 3
206 323 3
233 234 3
252 311 3
266 323 3
315 372 3
257 315 3
215 328 3
228 404 3
186 302 3
196 312 3
215 330 3
273 330 3
287 404 3
243 302 3
252 312 3
270 327 3
236 293 3
250 309 3
252 309 3
269 327 3
286 404 3
235 293 3
239 297 3
311 312 3
255 312 3
262 323 3
273 389 3
231 287 1
238 297 3
240 241 3
240 298 3
241 298 3
257 316 3
327 328 3
241 299 3
242 299 3
245 302 3
330 389 3
237 297 3
252 310 3
310 311 3
328 330 3
233 292 3
234 292 3
245 303 3
262 320 3
231 347 1
235 292 3
236 294 3
242 301 3
243 301 3
302 303 3
246 303 3
246 304 3
319 320 3
273 501 3
287 347 3
232 290 3
292 293 3
293 294 3
237 294 3
242 300 3
303 304 3
247 305 3
248 307 0
249 307 3
250 308 3
333 501 3
233 290 3
233 291 3
300 301 3
246 305 2
249 308 3
308 309 3
262 380 3
323 380 3
268 384 3
290 291 3
291 292 3
237 295 3
240 297 3
298 299 3
299 300 3
266 384 3
304 305 2
248 305 3
307 308 3
309 310 3
269 384 3
328 386 3
255 371 3
371 372 3
266 382 3
330 386 3
287 345 3
327 384 3
345 404 3
299 356 3
320 380 0
276 449 3
294 295 3
237 353 3
298 356 3
449 509 3
295 353 3
312 371 3
323 382 3
382 384 3
389 501 3
345 347 3
315 316 3
297 298 3
301 302 3
434 435 3
316 434 3
297 353 3
248 363 3
347 405 1
307 363 1
372 373 3
315 373 3
316 374 3
319 377 0
327 385 3
328 385 3
305 363 3
382 560 3
385 386 3
303 361 3
312 370 3
374 434 3
320 377 0
384 385 3
297 354 3
302 361 3
315 374 3
509 634 3
353 354 3
297 355 3
307 366 3
449 634 3
344 634 3
292 351 3
293 351 3
301 359 3
307 365 3
308 366 3
311 370 3
370 371 3
297 356 3
302 359 3
365 366 3
377 435 3
291 349 3
292 349 3
293 352 3
294 352 3
294 353 3
355 356 3
299 358 3
300 358 3
309 367 3
310 368 3
320 378 0
344 451 3
290 348 3
290 349 3
292 350 3
299 357 3
304 362 3
308 367 3
310 367 3
311 368 3
374 433 3
380 439 3
380 382 3
286 451 3
348 349 3
351 352 3
305 362 2
378 380 3
330 507 3
350 351 3
354 355 1
356 357 3
301 358 3
303 362 3
363 422 0
307 422 3
373 374 3
377 378 3
349 350 3
352 353 0
361 362 3
362 363 2
366 367 3
311 369 3
369 370 3
333 449 3
357 358 3
359 361 3
365 422 3
367 368 3
333 389 3
363 537 2
368 369 3
384 560 3
422 537 1
386 387 3
330 387 3
352 411 3
356 414 3
384 387 3
355 414 3
387 560 3
404 459 1
345 459 1
345 461 3
350 408 3
353 411 1
301 417 1
380 437 3
286 459 1
349 408 3
358 417 1
378 437 3
389 507 3
385 387 3
387 507 3
345 460 1
359 418 3
345 462 1
347 462 1
367 425 3
368 425 3
370 428 1
371 429 1
373 430 1
373 431 1
377 434 3
380 440 3
459 460 3
361 418 3
371 428 1
430 431 3
460 461 0
405 462 1
358 416 1
368 427 3
369 427 3
371 430 1
372 430 1
439 440 3
382 440 3
451 459 1
461 462 1
351 409 3
357 414 1
416 417 0
359 417 3
369 428 1
440 560 0
405 463 1
350 409 3
354 411 1
507 560 3
462 463 3
365 423 3
333 566 3
349 407 3
407 408 3
355 412 0
355 471 1
414 471 3
363 421 3
366 423 3
428 429 2
374 432 3
449 566 3
354 412 3
417 418 3
362 420 3
362 421 2
368 426 3
373 432 3
389 566 3
451 634 3
348 406 3
348 407 3
352 410 3
361 420 3
425 426 3
426 427 3
406 407 3
408 409 3
352 409 3
410 411 3
361 419 3
366 424 3
429 430 3
431 432 0
432 433 3
411 412 0
421 537 2
422 423 3
449 508 3
357 415 1
358 415 1
423 424 3
437 439 3
409 410 3
415 416 1
366 425 3
508 634 3
418 419 3
433 434 3
377 436 3
378 436 3
508 566 3
575 634 3
451 575 3
419 420 3
420 421 2
440 556 3
507 566 3
424 425 3
556 617 3
412 471 1
357 473 1
556 560 3
426 484 3
499 507 3
414 473 2
415 473 3
416 474 0
415 474 3
369 485 3
431 489 3
434 436 3
414 472 2
420 478 3
421 478 2
427 485 3
432 490 2
436 437 3
411 470 1
412 470 1
472 473 3
431 490 0
471 472 3
425 483 3
425 484 3
433 490 1
461 518 3
462 518 0
462 520 0
463 520 0
470 471 3
423 481 3
508 575 3
460 518 0
424 481 3
424 483 3
422 480 3
426 485 3
428 486 2
430 488 3
406 464 1
407 465 1
409 411 3
417 475 3
417 476 3
418 476 3
419 477 3
420 477 3
423 480 3
369 486 1
429 486 3
431 488 3
434 493 2
436 493 2
436 495 3
499 560 3
514 575 3
464 465 3
408 465 1
408 466 1
409 466 1
409 468 1
473 474 3
416 475 0
437 495 2
513 514 0
459 576 0
460 576 0
518 520 3
418 477 3
477 478 3
480 537 1
429 488 3
488 489 3
493 495 3
439 495 2
411 468 1
474 475 3
480 481 3
483 484 3
485 486 1
493 494 3
494 495 3
614 617 0
560 617 3
465 466 3
411 469 1
478 537 1
495 496 3
439 496 2
451 576 3
518 576 3
409 467 1
469 470 0
475 476 3
484 485 3
433 493 2
575 576 3
466 467 3
467 468 3
476 477 3
433 491 1
516 575 3
468 469 3
433 550 1
493 551 3
424 482 3
491 550 3
496 555 3
439 555 2
481 482 3
486 488 3
493 550 1
575 625 3
508 625 3
469 528 0
470 528 3
489 490 0
482 483 3
440 555 2
556 614 1
466 468 3
478 536 3
550 551 3
536 537 1
495 554 3
496 554 3
466 525 3
468 525 3
488 545 3
490 491 1
484 543 2
485 543 2
486 545 3
488 546 3
489 546 3
490 548 3
520 578 3
486 543 0
491 548 3
495 553 3
557 617 3
518 578 3
471 530 3
472 530 3
477 536 3
484 542 3
486 544 0
493 552 3
494 552 3
494 553 3
557 614 1
477 535 3
543 544 3
545 546 3
464 522 3
465 522 3
468 526 3
469 527 3
471 528 3
473 530 3
474 532 3
475 533 3
476 533 3
476 535 3
535 536 3
481 483 3
552 553 3
553 554 3
468 527 3
527 528 0
532 533 3
483 541 2
483 542 3
554 555 3
473 531 3
476 534 3
541 542 3
544 545 1
491 549 3
555 556 2
465 523 3
466 524 3
524 525 3
525 526 3
526 527 3
528 530 3
474 531 3
533 534 3
534 535 3
481 538 3
542 543 3
522 523 3
465 524 3
530 531 3
531 532 3
480 538 2
483 538 3
549 550 3
523 524 3
537 538 2
538 541 3
489 548 0
548 549 3
518 635 3
578 635 3
576 635 3
566 625 3
507 562 3
575 633 3
523 581 0
499 562 3
522 581 0
528 587 3
530 587 3
551 552 3
566 623 3
623 625 3
523 582 3
524 582 3
548 605 3
507 623 3
525 582 3
528 586 1
586 587 3
538 596 3
489 605 2
575 689 3
532 590 3
533 591 3
537 595 2
538 597 3
551 608 3
552 609 3
552 611 3
553 611 3
633 689 3
581 582 1
531 587 3
531 590 3
534 591 3
535 594 3
536 594 3
537 594 2
538 595 3
543 602 0
544 602 3
545 604 0
546 604 0
550 608 2
554 612 3
528 585 1
546 605 0
548 606 3
549 606 3
549 607 3
550 607 2
551 609 3
555 613 3
555 614 1
522 580 3
526 584 3
527 585 2
534 592 3
535 593 3
595 596 3
542 600 3
543 600 0
611 612 3
561 614 1
580 581 0
525 583 2
526 583 2
585 586 3
532 591 3
591 592 3
534 593 3
593 594 3
594 595 3
545 602 0
606 607 3
607 608 3
608 609 3
555 612 3
560 561 3
557 561 3
576 633 3
541 597 3
543 601 0
601 602 3
604 605 3
612 613 3
558 560 3
582 583 0
527 584 3
592 593 3
541 599 3
542 599 3
602 604 3
499 558 3
583 584 1
596 597 3
599 600 3
600 601 3
605 606 3
613 614 2
590 591 3
609 611 3
575 685 3
578 636 1
561 617 3
625 685 3
635 636 1
507 618 2
541 656 2
562 618 3
597 656 3
599 656 3
618 623 2
584 585 3
586 645 2
636 695 3
585 644 0
586 644 0
587 645 3
602 661 3
592 650 3
593 650 3
604 661 3
685 689 3
635 693 1
587 590 3
609 668 3
611 668 3
576 692 3
601 660 3
558 562 3
633 692 3
587 647 2
590 647 3
602 660 3
635 692 3
583 641 1
587 646 3
600 658 3
611 669 1
584 641 0
601 658 3
582 640 0
583 640 1
604 662 3
561 613 1
581 640 3
640 641 3
644 645 0
590 648 3
591 648 3
596 655 2
597 655 2
655 656 3
599 658 3
658 660 3
605 662 3
668 669 3
580 638 0
581 639 3
585 643 2
646 647 3
596 654 3
605 663 3
606 665 3
607 665 3
608 666 3
612 669 1
625 684 3
692 693 1
638 639 3
639 640 3
591 649 3
592 649 3
595 711 3
596 711 3
606 664 3
665 666 3
608 667 3
609 667 3
684 685 3
636 693 2
636 694 0
584 643 0
643 644 0
654 711 3
654 655 0
605 664 3
612 670 1
623 684 2
693 694 0
694 695 1
645 646 3
647 648 3
649 650 3
594 711 3
662 663 3
664 665 3
666 667 3
667 668 3
669 670 3
613 670 1
594 710 3
656 658 3
641 643 3
648 649 3
661 662 3
663 664 3
650 710 3
656 714 3
660 661 3
670 729 3
613 729 1
558 618 3
643 701 3
710 711 3
658 714 3
561 675 1
658 715 3
560 675 1
618 684 3
640 698 2
714 715 3
663 722 3
561 729 1
639 698 3
664 722 3
650 709 3
709 710 3
658 718 3
660 718 3
663 721 3
638 697 3
639 697 3
641 701 3
646 703 2
650 708 3
654 712 0
641 698 2
641 700 2
700 701 3
644 701 1
645 702 2
647 706 3
648 706 3
649 706 3
715 716 3
668 726 3
689 922 3
646 702 3
655 712 2
658 716 3
661 719 3
721 722 3
667 726 3
669 727 3
685 922 3
633 922 3
695 753 1
644 702 2
702 703 3
660 719 3
662 721 3
666 724 3
667 724 3
668 727 3
670 727 3
694 753 1
638 696 3
697 698 3
646 704 3
647 704 3
655 713 2
662 719 3
561 733 1
693 751 1
694 751 1
696 697 3
701 702 3
708 709 3
655 714 1
665 724 3
726 727 3
716 718 3
718 719 3
561 730 1
692 751 1
694 752 1
712 713 2
667 783 3
729 730 3
751 752 2
752 753 3
704 706 3
649 707 3
711 712 2
713 714 2
724 783 3
726 783 3
665 722 3
684 910 3
706 707 3
707 708 3
692 922 3
560 621 3
703 704 3
670 786 3
718 775 3
722 724 3
727 786 3
729 786 3
721 779 1
558 621 3
697 755 1
698 755 3
698 757 3
641 757 1
704 764 3
706 764 3
662 778 3
724 781 3
700 757 3
716 775 3
721 778 3
722 781 1
729 788 3
711 769 3
712 769 2
719 778 3
560 730 1
703 761 3
710 769 3
722 780 1
730 788 3
702 761 3
714 773 3
715 773 1
722 779 1
779 780 3
751 809 1
713 772 2
714 772 3
716 774 1
618 910 3
692 809 1
752 809 1
702 759 2
707 765 2
708 765 2
709 767 2
780 781 3
727 785 3
910 915 3
755 757 3
701 759 2
704 762 1
708 767 2
710 767 2
712 770 1
713 770 1
772 773 3
715 774 1
775 834 3
726 785 3
786 788 3
752 811 0
753 811 0
696 754 1
700 759 2
763 764 3
707 764 3
708 766 2
710 768 3
713 771 1
774 775 3
718 834 3
718 777 2
719 777 3
777 778 1
724 782 3
754 755 3
767 768 3
768 769 3
770 771 2
778 779 3
781 782 3
782 783 3
755 756 3
757 759 2
759 761 3
762 763 3
764 765 0
766 767 3
769 770 3
771 772 2
773 774 2
777 834 3
684 922 3
756 757 3
765 766 3
785 786 3
704 761 1
761 762 3
726 842 3
785 842 3
560 788 1
809 811 0
783 842 3
759 818 2
761 818 3
757 816 1
618 911 3
759 816 3
558 911 3
692 867 1
809 867 3
910 922 3
692 923 3
922 923 3
761 819 3
762 819 3
778 836 3
779 837 3
780 838 3
786 844 3
766 824 3
766 825 3
767 825 2
777 836 1
778 837 0
779 838 3
811 868 1
765 824 3
768 825 0
774 833 3
775 833 3
780 839 3
781 839 3
560 847 1
910 911 3
809 868 0
757 815 1
785 843 3
786 843 3
788 847 3
815 816 0
819 820 3
762 820 3
763 820 3
771 830 1
772 830 1
773 830 1
774 831 2
782 839 2
843 844 3
754 812 1
755 813 1
756 814 2
763 821 3
764 822 0
765 823 3
768 827 0
769 827 0
770 828 0
771 829 0
773 831 3
777 835 2
782 840 3
783 841 3
844 904 3
786 904 3
863 922 0
812 813 3
816 817 3
759 817 2
821 822 0
822 823 1
823 824 3
824 825 3
827 828 3
828 829 0
829 830 1
833 834 3
835 836 1
839 840 3
840 841 3
841 842 3
811 869 1
756 813 1
756 815 1
820 821 3
830 831 0
834 835 0
836 837 0
838 839 3
788 904 3
692 924 3
867 868 0
868 869 3
814 815 1
768 826 0
837 838 3
844 903 3
923 924 3
867 924 0
825 826 3
826 827 3
842 843 3
903 904 3
858 910 0
813 814 0
817 818 3
818 819 3
831 833 2
847 904 3
833 891 3
621 911 3
834 892 3
835 892 1
833 890 3
819 878 2
831 890 1
890 891 3
817 875 3
820 878 2
560 906 1
867 925 0
868 925 0
831 889 1
815 872 2
814 872 2
837 895 0
838 895 0
838 896 0
843 902 3
844 902 3
621 906 1
877 878 3
820 879 2
821 879 3
821 880 3
822 880 1
830 889 2
889 890 3
833 892 3
836 894 0
839 896 0
847 905 3
819 877 2
879 880 3
837 894 0
812 870 2
813 871 2
816 874 2
823 881 1
824 882 1
825 883 1
826 884 1
827 885 1
828 886 1
829 887 1
830 887 0
891 892 3
839 897 0
840 898 0
841 899 0
842 900 0
843 901 0
902 903 3
560 905 1
869 927 0
870 871 3
871 872 3
815 873 2
817 874 3
818 877 2
878 879 3
880 881 3
881 882 3
882 883 3
883 884 3
884 885 3
885 886 2
829 886 1
835 894 2
894 895 2
895 896 1
896 897 3
897 898 2
898 899 0
899 900 3
900 901 3
901 902 1
924 925 3
868 927 0
873 874 3
835 893 2
904 905 3
872 873 3
818 875 2
892 893 0
893 894 2
886 887 1
905 906 3
874 875 3
868 984 0
922 980 3
925 984 1
927 984 1
621 965 1
906 965 3
911 965 1
887 889 3
923 980 3
922 977 1
875 877 3
904 962 3
885 943 1
903 962 3
924 982 3
871 930 3
872 930 3
887 946 3
922 1039 3
873 930 3
879 937 3
880 937 3
889 946 3
924 980 3
925 982 3
873 932 3
874 932 3
878 936 3
879 936 3
884 942 3
890 949 3
891 949 3
892 950 3
893 950 1
894 952 1
905 962 3
905 963 3
980 982 3
885 942 3
886 944 1
889 948 3
891 950 3
893 952 1
895 953 1
902 960 3
903 960 3
962 963 3
870 928 3
871 929 3
873 931 3
936 937 3
880 938 3
881 939 3
882 940 3
883 941 3
886 943 1
887 944 3
949 950 3
894 953 1
896 954 1
897 955 1
898 956 1
899 957 1
900 958 1
901 959 1
903 961 3
961 962 3
980 1039 3
925 983 1
927 985 1
928 929 3
929 930 3
931 932 3
875 932 3
877 993 3
937 938 3
938 939 3
939 940 3
940 941 3
941 942 3
942 943 1
946 948 3
953 954 0
954 955 3
955 956 3
956 957 3
957 958 3
958 959 3
959 960 3
960 961 3
982 983 1
983 984 3
984 985 3
930 931 3
877 936 3
890 948 3
906 963 2
875 992 2
877 992 3
948 1005 3
948 949 3
943 944 2
952 953 2
936 993 3
944 946 3
950 1009 3
950 952 1
932 992 3
952 1009 0
963 965 2
982 1039 3
932 991 3
991 992 3
992 993 3
946 1005 0
963 1022 3
965 1022 2
984 1042 0
949 1006 3
949 1007 3
950 1007 3
982 1040 3
983 1040 0
983 1042 0
985 1042 0
948 1006 3
953 1010 0
990 991 0
952 1010 0
962 1020 3
931 990 3
932 990 3
943 1001 0
943 1002 0
944 1003 0
950 1008 3
961 1020 3
963 1020 3
1039 1040 3
931 989 3
942 1001 3
944 1002 0
946 1003 0
928 986 3
929 987 3
930 988 3
930 989 3
936 994 3
937 995 3
938 996 1
939 997 1
940 998 1
941 999 3
942 1000 3
946 1004 0
1007 1008 3
1008 1009 3
953 1011 0
954 1012 3
955 1013 3
956 1014 3
957 1015 3
958 1016 3
959 1017 3
960 1018 3
961 1019 3
983 1041 0
985 1043 0
986 987 3
987 988 3
989 990 3
994 995 3
995 996 1
996 997 3
997 998 2
998 999 0
999 1000 3
1000 1001 3
1001 1002 3
1002 1003 3
1004 1005 3
1010 1011 3
1011 1012 3
1012 1013 3
1013 1014 3
1014 1015 3
1015 1016 3
1016 1017 3
1017 1018 3
1018 1019 3
1019 1020 3
910 1039 3
1040 1041 3
1041 1042 3
1042 1043 0
988 989 3
1003 1004 3
1005 1006 3
1006 1007 3
993 994 3
1009 1010 3
