0 0 -1
0 0 -1
-0.213974 -1.07111 47.9918
-0.0818528 -0.00716277 27.4967
-0.051496 0.123227 23.4611
-0.0954329 0.0284508 29.4142
-0.0637707 0.00283974 25.315
0.186731 -0.490315 -5.19186
-0.0479484 -0.0775326 31.908
-0.0693688 0.0374542 35.0772
-0.0867015 0.0674411 38.7138
-0.0695575 0.0108024 35.2365
-0.0560538 0.0367334 31.0148
-0.0537014 0.0447026 29.9736
-0.021093 0.0592078 19.9801
0.205699 0.0626138 -53.6511
-0.217906 0.129361 89.7658
-0.208174 0.142604 85.344
0.162085 0.17203 -60.9677
0.0887527 0.00359612 -22.6965
0.0870535 0.0112939 -22.2475
0.00184784 0.171544 4.79822
-0.0611212 0.0469993 53.1845
-0.077367 0.0393621 60.8273
-0.0473014 -0.0161334 45.6459
-0.0830676 -0.0439105 64.5807
-0.0237262 -0.0928245 30.9704
0.0470643 -0.0560677 -10.7792
0.0872848 0.0283964 -36.0952
0.123021 0.034111 -58.3787
0.0966918 0.00839852 -40.5194
0.038625 -0.093942 -0.248528
0.0175493 -0.098971 14.4186
0.0157866 -0.0880999 15.4782
0.0242884 -0.0854837 9.37041
-0.0204447 0.0117403 42.9953
-0.00740548 0.0129139 32.6197
0.0497569 0.0150607 -12.7261
-0.00128612 0.0659678 28.8564
-0.216601 -0.0555077 210.491
0 0 -1
0.339442 -0.0256533 -285.618
-0.0326048 0.0366443 46.4625
-0.0366076 0.0159384 50.3234
-0.0385199 0.0156296 52.1136
-0.00248743 0.141037 17.5527
-0.00869877 0.0722256 24.4273
-0.00855435 0.071576 24.2873
-0.0350255 -0.0889585 53.9195
-0.0209944 -0.0801296 38.6834
-0.0161969 -0.080325 33.4455
0.00308461 0.108139 11.6477
-0.00294997 0.102478 18.454
0.0128463 -0.0830416 0.980527
0.0198143 -0.0882972 -7.00225
0.0320278 -0.106338 -21.1958
-0.00239222 -0.10938 20.637
-0.00224906 -0.111674 20.4899
0 0 -1
-0.326398 0.259168 26.2404
-0.374615 0.179988 29.9476
-0.0268512 -0.0445878 24.646
-0.0796604 -0.0974335 31.835
0 0 -1
-0.0799142 -0.0575456 29.9468
-0.0320554 -0.0221072 21.6704
-0.0308662 -0.0726422 23.6133
-0.026399 -0.0555112 20.8655
-0.0468422 -0.0575907 32.9866
-0.0487653 -0.0145906 31.181
-0.0680785 0.01575 35.0123
-0.0497047 0.00234369 29.7141
0.0300151 0.00294844 4.9739
0.14001 0.0116842 -29.9046
-0.23855 0.112927 97.2784
-0.182245 0.118389 77.0949
0.0223658 -0.13611 8.65241
0.0618084 -0.123295 -8.35005
0.0837944 0.0150388 -21.0175
0.0497923 -0.0867524 -5.34034
0.0303315 -0.0311847 1.90274
0.171423 -0.070148 -66.4342
0.174468 -0.0185281 -70.2695
0.165595 -0.161211 -75.9271
0.130263 -0.00295108 -60.3426
0.473704 0.0559918 -270.617
0.10634 0.0457461 -48.5784
0.107916 0.0248785 -48.2394
0.0658333 0.00952492 -20.6376
0.134308 -0.0436307 -79.1209
-0.0130084 -0.064256 34.4654
0.00789982 -0.0851383 20.8203
0.0361124 -0.130307 1.79706
-0.0275498 -0.244474 54.3121
-0.0154172 -0.193407 43.6823
0.209336 -0.106543 -154.709
0.216727 -0.0700705 -162.002
-0.0443125 -1.08774 86.3594
0.00987055 -0.288874 13.8047
-0.00256285 -0.322138 26.1461
-0.0101461 -0.378126 34.8274
-0.00964104 -0.457245 36.8107
-0.00972188 -0.486911 37.8702
-0.0103149 -0.512874 39.2799
-0.0084525 -0.527495 37.877
0.0541359 0.0396186 -50.1624
0.0541359 0.0396186 -50.1624
-0.115833 0.119624 130.608
-0.00563558 -0.233931 27.9377
-0.00885691 -0.327339 34.2599
0.00220292 -0.0825388 13.0142
0.0114991 -0.0837761 2.54327
0.0137279 -0.0860165 0.0325609
0.0151508 -0.10465 -1.02741
-0.00829465 -0.104697 27.6751
-0.0121557 -0.106041 32.4892
9.7079e-16 0.392278 27.9366
9.7079e-16 0.392278 27.9366
0.38333 0.242184 13.3851
-0.0686112 0.272195 -1.261
0.104065 -0.379324 26.6066
-0.102548 -0.0910264 34.3625
-0.0394521 -0.0799439 23.6766
-0.0300361 -0.0850005 23.7714
-0.0463571 -0.0865595 26.8288
-0.0381914 -0.0727881 24.0765
-0.0402504 -0.0414211 22.7755
-0.0685675 0.019609 26.3211
0.287889 -1.00317 -14.0128
0.0207837 -0.126747 16.1862
-0.0462178 -0.0600949 31.866
0.153279 -0.0281335 -32.6193
-0.0154855 -0.0246013 16.4718
0.013824 -0.0513235 7.19387
0.00958606 -0.104682 11.6581
0.019941 -0.155137 9.47255
0.0132906 -0.131042 11.7277
0.0308953 0.603532 -39.356
0.164823 -0.0807659 -61.9436
0.206939 -0.0674018 -84.9603
0.247803 -0.0320279 -107.604
0.163054 -0.113602 -70.8447
0.157488 -0.00281433 -74.7752
0.100284 0.00981287 -41.0031
0.0836818 0.0432991 -33.7083
0.0117594 -0.0583978 17.566
0.0694628 -0.010923 -21.7875
0.000501864 -0.0245936 24.2831
-0.0341023 -0.0532134 49.5399
-0.0970671 -0.107869 98.0598
-0.145826 -0.224495 140.296
0.0111906 -0.101459 20.1373
0.0194118 -0.177576 17.4882
0.278733 -0.510689 -173.884
-0.0128209 -0.091932 41.7282
-0.445205 -0.143108 407.679
-0.435124 -0.122706 397.77
0.00547933 -0.0145542 4.14512
0.0727352 -0.0171568 -57.8596
-0.016669 -0.0369571 25.1227
-0.0198827 -0.0351931 27.9868
-0.0130835 -0.0270883 20.8662
0.0117016 0.00689864 -5.54497
0.0541359 0.0396186 -50.1624
0 0.165046 -1.20167
0.0497949 -0.173117 -34.6377
0.0189198 -0.188621 -0.811548
-0.0102768 -0.0839484 27.0113
0.0103582 -0.0792723 3.67968
0.0126272 -0.073228 0.820967
0.00395629 -0.0679998 10.69
-0.00494636 -0.0884183 22.8954
-0.0121557 -0.106041 32.4892
-0.0121557 -0.106041 32.4892
-0.0685993 0.117486 9.96788
-0.0650141 0.184601 4.98681
-0.0528134 0.151383 7.99321
-0.0400075 0.299363 -4.39092
-0.0109442 -0.0620633 22.5646
-0.0871795 -0.0365891 28.4907
-0.102695 -0.0213643 29.476
-0.0341672 -0.0493745 21.0135
-0.04756 -0.0466137 23.6076
-0.0188374 -0.0272675 16.3729
-0.00770919 -0.0331581 14.032
-0.00339748 -0.0313647 13.3642
-0.0282077 0.0280622 15.2503
-0.0261252 0.0663749 11.2484
0.062625 0.105722 -18.6018
0.34916 -0.212313 -86.9775
-0.0052718 -0.0152719 12.4279
-0.0125542 -0.0382389 16.9606
-0.0571704 -0.0380082 34.3876
-0.0287584 -0.105266 27.1188
-0.0370629 -0.110353 32.2182
0.20179 0.0612891 -92.0123
0.140666 -0.140299 -48.042
0.160156 -0.0888672 -57.7428
0.251889 0.0838062 -117.139
0.182455 -0.065475 -85.1224
0.105328 -0.0842734 -40.3471
0.113136 -0.00290772 -47.6875
0.0692877 0.0195369 -23.4311
0.109306 -0.0227433 -47.3805
-0.0244535 -0.016371 24.7722
-0.0459722 0.00524984 37.9804
-0.00947985 0.00614173 12.7241
0.354521 0.210411 -250.439
-0.305112 0.239384 225.761
-0.0154045 0.0206463 15.3032
-0.120851 0.190771 91.509
0.0383836 0.0170125 -26.4904
0.0430298 0.0128672 -30.0766
-0.00698474 -0.0142013 13.33
0.0254898 0.0440829 -19.4785
0.0166613 -0.0110547 -6.87693
-0.00427836 -0.0153074 13.6017
-0.00828278 -0.0304658 16.8289
-0.00376255 -0.0197604 11.5326
0.0122011 0.173642 -17.8725
-0.00578755 0.158732 0.989317
0 -0.0553352 12.1932
-0.00997229 0.112901 10.8729
-0.00722136 0.0990288 8.87343
-0.0180419 0.0290735 28.6142
-0.00868998 0.0307412 18.1032
0.0106405 -0.0802446 3.3752
-0.00987146 -0.0136116 18.9694
-0.00408216 -0.009915 12.3095
-0.0155426 0.118093 59.1272
-0.0155612 0.118204 59.1393
0.0215097 -0.221671 -4.44404
-0.0475405 0.0991528 11.277
-0.0470401 0.0969827 11.555
-0.0304286 0.0737754 13.1824
-0.0134326 0.0746549 12.1039
-0.0533381 0.0464934 18.0244
-0.0651236 0.0235508 21.1368
-0.0723612 0.0185952 21.1712
-0.0413697 -0.0296702 20.5738
-0.030255 0.0223344 14.9708
-0.0287628 -0.00057214 17.2535
-0.0211427 0.0150683 13.4415
0.00726438 0.00236941 7.65497
0.0106763 0.0667448 1.25741
-0.00316311 0.0888187 2.45587
0.0260839 0.0982702 -6.132
0.31553 0.0156567 -91.8164
0.23324 0.0389706 -67.0458
-0.0313442 -0.00510261 21.492
-0.0579492 0.00444597 31.3948
-0.0856029 -0.00827836 43.7012
-0.0471054 -0.01791 27.02
-0.000142477 0.0213603 1.87791
-0.0049713 -0.0311831 10.4667
0.0407201 -0.110812 -2.25674
0.231103 -0.00025562 -102.991
-0.0132474 -0.0659106 22.1892
-0.0528822 -0.0366263 40.5481
-0.0302965 0.067841 22.4322
-0.0813744 -0.211616 78.1836
0.145453 -0.0986374 -70.5338
-0.0151376 -0.00978405 18.1505
0.00574791 -0.0100272 3.5938
0.00416315 0.120639 -5.6431
0.00509655 0.12054 -6.36561
0.00322711 -0.00706718 5.35209
0.00873098 -0.0197162 -1.47318
-0.0295475 0.00470276 28.0719
0.00442795 -0.0160239 2.96071
0.00706033 -0.0287578 3.05619
-0.00611314 -0.0383607 15.7638
-0.00509479 -0.00380937 11.4482
0.0104226 -0.0245567 0.139606
-0.0242686 -0.0895906 38.4815
-0.229298 -0.202862 244.508
-0.0125588 -0.0106103 22.0978
0.0760864 -0.0185983 -61.827
0.0342515 0.0661183 -29.6223
-0.00261887 0.0813791 6.18118
-0.000435182 0.0916443 2.81031
-0.0125338 -0.00229445 25.7416
0 0.182541 -8.15204
0 -0.0284169 13.7455
-0.000443155 0.0399195 7.99794
0 -0.0284169 13.7455
-0.00344596 -0.0144562 11.9671
0.00304662 -0.000683079 3.36042
-0.0420703 0.0813709 94.735
-0.0345646 0.0826139 85.5334
-0.0482871 0.0918161 11.9597
-0.0527406 0.0925653 11.8862
-0.0282919 0.0767307 12.2149
-0.00778204 0.0692278 12.3873
-0.110792 0.0699539 21.5685
-0.119604 0.007329 29.5546
-0.0793955 0.0195373 22.8018
-0.0509183 0.0669288 13.6831
-0.0412941 0.0211086 16.7541
-0.0421932 0.058221 13.1239
-0.0316192 0.028166 14.2637
0.0062684 0.0321157 5.10351
0.0422789 0.0751246 -8.05799
-0.0183907 0.0897909 8.27374
-0.0555104 0.0555626 23.8273
0.269116 0.0339012 -78.2324
-0.0665604 0.0109985 33.7004
-0.0519449 0.0230558 27.0178
-0.0573175 0.0112224 30.5747
-0.0905565 0.00893208 43.9387
-0.0713546 0.0035243 35.3573
-0.00812374 0.00160262 7.11963
0.0298346 -0.0785869 -0.865969
-0.00959294 -0.0405416 13.7806
0.0592669 0.127387 -43.8853
-0.024294 -0.0900276 30.6829
-0.012795 -0.0983121 24.0891
0.21728 -0.675222 -45.3918
-0.0165914 -0.0474595 19.4405
-0.00648016 0.0615467 5.35449
0.0052166 0.0952485 -5.55166
-0.0407706 0.418809 -13.746
-0.0542135 -0.0391323 48.5054
0.00920011 -0.0326559 3.3757
0.0486235 0.12303 -39.2666
-0.0188026 -0.0308368 24.1189
-0.0650089 -0.0281181 61.2427
0.00770884 -0.010211 0.406821
0.00739098 -0.0110326 1.14883
-6.42535e-05 -0.0689817 13.924
0.0168508 -0.0291492 -4.8275
-0.00129542 -0.0638018 14.4014
0.0512536 -0.0759479 -32.0138
0.0102454 -0.0184815 -0.128159
0.0623285 -0.0230497 -48.4357
0.124791 -0.209899 -85.484
0.0315099 0.0850361 -29.0088
0 -0.367553 55.7921
0.0316387 -0.357113 21.1981
0.021812 -0.239133 18.6789
-0.0611271 -0.144199 94.5556
0.00255354 0.0141925 7.37566
0.00662793 0.0377873 0.228635
0.00765795 0.0461984 -1.94885
-0.00728283 -0.0149405 16.1919
-0.00165701 0.00208053 8.69897
-0.00253617 0.0723342 7.82296
0.00767298 0.0167083 -4.01438
-0.0376067 0.100691 10.6335
-0.0526974 0.110054 9.55116
-0.0444203 0.0989015 10.3408
0.0197538 0.0627335 10.8382
0.0364848 0.0999594 5.1822
-0.11398 0.0225823 26.3777
-0.0350289 0.0398183 14.1516
-0.0554064 0.176667 2.25942
-0.0803015 0.183141 4.66013
-0.0337955 0.107534 5.06456
-0.0494143 0.055178 14.9168
0.0317165 0.123568 -11.4536
0 0 -1
-0.00998205 0.0693498 8.32774
-0.00996998 0.0649174 8.63125
0.209378 0.0144181 -55.849
-0.0539994 0.0137566 28.5108
-0.0648447 0.0117937 32.9131
-0.0570518 0.00278908 31.2936
-0.0918123 0.0215033 42.8447
-0.07138 0.0360089 30.9764
-0.0382935 0.0231514 17.9069
-0.00893098 -0.0250045 11.2824
0.00928003 -0.0917507 10.9383
0.0177856 -0.110369 9.44153
-0.00447685 -0.110377 21.2862
-0.00970454 -0.091331 21.0818
-0.00674167 -0.0314869 10.4106
-0.011147 -0.0436161 15.3683
0.00695336 -0.0870112 10.3159
0.0136608 -0.0768182 4.2292
-0.00802289 -0.0266591 11.9261
0.0251261 -0.0789108 -2.84019
0.0812766 -0.0674901 -45.0733
0.00294559 -0.0327568 8.12032
-0.11964 0.135662 82.1839
-0.0115678 -0.0220442 17.3315
0.00191407 -0.0151377 6.78692
-0.000755035 -0.0252767 9.5556
0.00680879 -0.0196285 1.16127
-0.0016435 -0.114224 21.5735
0.034195 -0.0228968 -22.3832
-0.00787578 -0.0676426 20.8159
-0.00822761 -0.0108818 17.0717
0.021547 -0.0524337 -5.2985
0.0217457 -0.348913 33.0097
0 -0.349749 54.6635
0.0580803 -0.380376 -0.530142
-0.0052813 0.012877 7.27546
-0.0850906 -0.269685 139.642
-0.054654 -0.140504 86.6248
0.0164329 -0.159598 11.7524
-0.00701227 -0.0220056 14.5488
-0.472551 1.25087 387.622
0.0342479 0.00546002 -35.2291
0.0289796 0.207149 -57.9338
0.00529455 -0.0072113 1.41403
-0.363002 -0.281459 498.863
-0.025424 0.0979622 10.8789
-0.0200248 0.0974421 10.8054
-0.0680988 0.112118 10.2178
0.0411599 0.0691977 8.5706
0.0417787 0.0613308 10.6678
0.0167458 0.0333238 17.6707
0.00717289 0.0569234 5.65289
-0.0872838 0.303772 -10.4069
-0.0176025 0.245175 -13.5288
-0.0924541 0.0704606 30.3697
-0.134595 0.0135385 62.5149
-0.0560511 0.120522 12.2847
-0.0475343 0.069356 18.6326
-0.0432422 0.0389265 22.0867
-0.0444341 0.0220114 25.2382
0.253291 -0.0181014 -65.6124
-0.0457464 0.0223418 24.293
-0.0600613 0.0195174 29.6929
-0.0566498 0.0275582 26.8028
-0.0724428 0.0394405 31.6172
-0.0740178 0.0694222 27.1093
-0.0507894 0.0473326 19.9712
0.288046 0.0223432 -123.348
-0.0952742 0.0136105 67.8401
-0.120284 -0.0132292 85.6937
-0.18546 -0.0430686 125.746
-0.0147204 -0.0647563 20.0463
0.0221795 -0.0445508 -4.55776
-0.00169973 -0.0784549 14.9573
-0.00345983 -0.0681495 15.536
0.00927153 -0.0569223 4.28478
0.0113349 -0.0724261 5.0173
-0.00245789 -0.00454331 3.70323
0.0361275 -0.0602925 -14.7475
0.0804588 -0.0717458 -43.5641
-2.88105 0.0508929 2181.57
-0.0041272 -0.0647732 17.0774
-0.00835959 -0.039519 16.3395
-0.026469 -0.330929 74.6366
-0.00402567 0.10387 -11.3663
-0.123202 -0.1024 123.077
-0.00598448 0.123738 -12.7869
-0.000870659 -0.0451577 12.0721
-0.0038345 -0.0209272 13.8345
-0.00869456 -0.0132114 18.0445
-0.00773388 -0.0109776 16.1195
0.0116133 0.00509454 -10.7572
0.00922489 -0.0622244 2.65132
0.00496015 0.0332158 -6.05924
0.271376 0.111803 -299.566
0.00978348 -0.154431 18.1176
0.00957772 -0.153375 18.1945
-0.00182292 -0.0108069 6.66867
-0.0481198 0.0452262 70.783
-0.0373959 0.0316031 60.7498
0.0181318 -0.0154005 -13.1277
8.11141e-13 -0.0101416 24.2031
8.11141e-13 -0.0101416 24.2031
-0.100172 0.0701811 38.5305
-0.100082 0.071802 38.2306
-0.0954093 0.0878079 34.8945
-0.0779569 0.0130178 48.2589
-0.111992 -0.026912 58.4142
-0.136104 -0.0209244 59.2874
-0.0657 0.0430397 30.4711
-0.0697941 0.0718609 25.9221
-0.0687787 0.0558114 28.9365
-0.0840425 0.0643992 29.8085
-0.0919476 0.0898012 26.5897
-0.0878074 0.0914956 25.2521
-0.0808715 0.0844878 24.5074
-0.0656057 0.0509272 26.1735
-0.0447532 0.00747224 27.2731
0.334297 0.0209124 -99.1222
-0.0253019 0.0566459 10.551
-0.0395794 0.0994036 7.38828
-0.050881 0.0711611 16.9553
-0.0583826 0.144659 6.44951
-0.0753187 0.160392 11.4401
-0.0696619 0.0721982 24.6876
-0.0963539 0.00844271 69.2477
-0.0943003 0.00143858 69.5697
-0.107127 -0.0021558 76.9937
-0.167643 -0.0526798 118.559
-0.017974 0.269652 -33.7497
0.00994878 0.0704149 -8.24343
0.000437487 0.00286019 11.1489
-0.00950198 0.252192 -37.3967
-0.0278106 0.254816 -26.3749
-0.0229041 0.192664 -17.8513
-0.0222717 0.195345 -18.8571
-0.0421909 0.390145 -41.9516
0.139974 -0.00733614 -93.0098
0.0252454 0.0112832 -20.3513
0.000842097 0.0448509 -7.74297
0.0243462 -0.0278837 -12.4498
0 -0.200099 38.8109
0 -0.171227 33.4822
0.00781718 -0.0269106 0.403224
0.00909633 -0.0262987 -0.809048
0.0125771 -0.024416 -4.16743
0.0192817 0.0204161 -17.0119
-5.86467e-05 -0.0122134 8.47073
-0.0138769 -0.0175611 23.5791
-0.0120947 0.0396761 8.88754
-0.00271021 0.0968617 -13.2036
0.116374 0.277977 -160.274
0.415941 0.126384 -448.821
-0.00801157 -0.00053652 14.5931
-0.0143476 0.0976657 -0.626743
-0.00801157 -0.00053652 14.5931
-0.140787 -0.157067 212.026
5.97948e-05 -0.0143058 8.2021
-0.0381867 -0.0142064 53.0606
-0.000954228 -0.0107009 8.74833
0 0.0874399 -0.509115
-0.100699 0.0695544 38.6643
-0.100925 0.0628678 40.0369
-0.096762 0.0667212 39.1932
-0.117243 0.0217875 49.4429
-0.127238 -0.0813145 70.9893
-0.10141 -0.0723284 66.3026
-0.0592695 0.0473172 28.3832
-0.0640531 0.0291033 32.9923
-0.0618113 0.046689 28.9999
-0.0587557 0.0811499 20.9856
-0.0546375 0.0950045 16.9271
-0.0795653 0.125158 16.2234
-0.0780651 0.15627 9.31769
-0.0671731 0.163876 4.34851
-0.0758944 0.161915 7.68499
-0.0677393 -0.0150869 44.8891
-0.0270274 0.26225 -27.7694
-0.0286459 0.237358 -22.0055
-0.0138014 0.239935 -28.4264
-0.00318189 0.351433 -56.2787
-0.0136421 0.282878 -38.2017
0.000842179 0.567865 -101.688
-0.0242084 0.310569 -37.9562
-0.092782 -0.0426536 77.4862
-0.109991 0.00752353 76.5949
-0.23483 -0.0842692 161.458
0.0374757 0.239799 -59.4089
0.0176057 0.158164 -30.6248
-0.0524981 0.0720347 29.3246
-0.0716593 0.240751 5.5038
-0.047049 0.282043 -18.9676
-0.0438443 0.257897 -16.2357
-0.0413421 0.211073 -8.37106
-0.0289993 0.209731 -16.9077
-0.0120999 -0.00788897 13.7946
-0.0157086 0.021792 11.035
0.0290617 0.00462934 -21.5748
-0.0133868 -0.0381806 20.8708
0.00361146 0.00183918 -1.18214
-0.0033063 0.00740923 3.96242
0.0301991 0.0160052 -25.1711
0.206395 0.641805 -316.628
-0.104011 0.0806515 86.699
-0.0221197 0.187702 -12.3129
0.0261285 -0.000255616 -18.3947
0.0325587 0.158631 -57.9606
0.129462 0.0430794 -140.071
0 0.234436 -44.7867
0.0102844 0.131992 -33.7444
0.160721 0.0398079 -172.224
-0.0174199 0.128354 -2.63
-0.0167901 0.0868696 5.00758
-0.0417411 0.0537672 39.9912
-0.00801405 -0.00065815 14.6246
-0.010589 -0.00153664 17.6108
-0.0332534 0.347663 -27.0253
-0.00293197 -0.00838609 10.6921
-0.0811206 0.341831 34.9977
-0.100699 0.0695544 38.6643
0.0486344 -0.0124119 30.6827
-0.101854 0.0476061 43.317
-0.0554264 -1.17192 303.096
-0.142584 -0.143124 85.1691
-0.163795 -0.285613 119.362
-0.104495 -0.157669 82.0247
-0.0625269 0.000539917 38.6285
-0.0714538 0.0410285 31.9539
-0.0329609 0.0811321 15.3876
-0.0320863 0.101105 10.2489
-0.052429 0.127234 9.95994
-0.0531839 0.166284 0.588487
-0.0520523 0.180625 -3.43032
-0.0331359 0.235606 -20.8991
-0.0151598 0.272535 -34.5653
-0.00931883 0.281622 -39.3717
-0.000251093 0.242679 -34.683
0.0100019 0.168798 -21.2071
-0.00806627 0.261765 -35.9195
-0.0156722 0.270453 -34.4807
0.00546893 0.315594 -55.1105
-0.0120571 0.261914 -34.0489
-0.0156925 0.270752 -33.6938
-0.0348316 0.254885 -20.4313
-0.0543685 0.247974 -8.89478
-0.0116714 0.23913 -31.0627
-0.0219415 0.23459 -23.8814
-0.00446239 0.254014 -39.5962
-0.0267501 0.283789 -31.9176
-0.0181391 0.33292 -48.5511
-0.0569452 0.266125 -8.48596
-0.0602416 0.206493 6.58465
-0.00958891 0.218183 -31.7102
-0.0402373 0.00740125 39.8018
-0.0229519 0.0211407 16.7247
-0.0024658 -0.00748449 6.75595
0.000387869 0.00870918 0.330277
0.012084 -0.0169534 0.24385
0.064364 -0.218016 2.28498
0.316333 0.384871 -354.071
0.0232356 0.00829583 -17.9557
0.0357291 0.0300499 -32.9377
0.0204677 0.0560958 -23.401
-0.00612072 0.239038 -38.1878
-0.0126104 0.0086042 17.8829
-0.0316965 0.188802 -2.73894
-0.0301368 -0.0284185 42.6892
0.0151754 0.131333 -38.7277
0.0437642 0.0101962 -42.8275
-0.0222057 0.161728 -4.19104
-0.0358247 0.112601 21.0367
0.0289345 -0.0810905 -8.20544
-0.00400377 -0.00455495 11.2118
-0.0084077 -0.0154197 17.3438
-0.00318266 -0.00236418 9.6993
0.00140558 0.151463 -21.1497
-0.0766583 1.04041 -132.963
0.0479863 0.0653231 11.2676
0.0521354 0.0258001 20.9275
0.0621527 -0.0670081 43.07
0.047898 -0.00188283 26.6785
0.0274292 0.0888995 5.58843
0.0412666 0.0279479 20.0187
0.396966 0.0205408 -31.0705
0.0165946 -0.00966627 27.9678
-0.00627055 0.096241 5.93331
0.0321551 0.179448 -21.9702
-0.0108897 0.168519 -9.8228
-0.0182299 0.195569 -15.6028
0.012522 0.268459 -42.7065
0.00535415 0.27019 -40.5474
-0.00353777 0.271984 -38.0007
-0.00807012 0.301569 -43.6481
-0.000442305 0.318432 -50.3474
0.0505044 -0.0304997 11.8536
0.0179961 0.206454 -33.0248
-0.00172302 0.254145 -36.4748
-0.000384369 0.25793 -38.2532
0.00408046 0.227872 -33.4656
-0.014063 0.2436 -27.688
-0.0240901 0.258219 -26.3098
-0.0409236 0.265197 -19.5285
-0.0653187 0.239282 -0.464741
-0.0266418 0.229877 -19.4886
-0.00210533 0.230196 -33.9352
0.00255615 0.265408 -45.7444
-0.00440871 0.263953 -41.1402
0.0154587 0.291796 -61.3417
0.0801645 0.252713 -94.0357
0.122667 0.236071 -119.185
0.0266501 0.0920549 -27.7798
-0.0566914 0.0602301 40.8488
-0.035486 0.0529345 19.5086
-0.134336 0.157719 115.42
-0.124259 0.494869 21.6504
-0.154787 0.180889 125.964
-0.163649 0.867182 -64.2188
0.0143963 0.632441 -160.435
0.0645073 0.136608 -81.6909
-0.095347 -0.0560749 111.797
0.0803601 0.178506 -106.3
-0.0228604 0.104939 7.21632
-0.0205711 0.17943 -11.1399
-0.014531 -0.0146386 25.8515
-0.0159428 -0.000767756 23.1621
0.0117346 0.602535 -152.774
0.0119431 0.601327 -152.713
0.0470716 0.617386 -194.722
-0.0100709 -0.00398966 17.7186
0.011617 0.0164391 -14.8762
0.10093 0.538074 -235.283
-0.00694753 0.00250951 12.458
0.3167 0.29653 -436.717
-0.0295182 0.250352 -13.9007
-0.000828225 0.154789 -19.136
0.0441103 0.0693406 10.3111
0.040325 0.0732731 9.3718
0.00532571 0.211615 -25.3815
0.0125096 0.282884 -44.7715
-0.00144543 0.264271 -38.6987
-0.0135053 0.144757 -5.12434
0.0484124 0.330495 -63.4582
0.0230222 0.401581 -79.2784
0.049107 0.213432 -34.5539
-0.0097914 0.420811 -78.8164
0.0225929 0.231055 -33.3909
0.00297178 0.253789 -34.5614
-0.00384539 0.276262 -39.2675
0.0158345 0.286886 -46.8259
-0.00395735 0.240487 -29.9661
-0.014895 0.261774 -31.3752
-0.36005 0.239207 91.8663
0.254632 0.333777 -159.758
0.0485768 0.258214 -57.6314
-0.0105519 0.194509 -17.0694
0.00345306 0.283575 -46.3518
-0.0128876 0.307883 -45.345
-0.035071 0.257151 -21.303
-0.0183093 0.206195 -16.3088
-0.0546335 0.23205 -4.23624
-0.0592647 0.217071 2.36524
-0.0163589 0.185365 -14.5054
-0.0272085 0.0176596 36.2654
0.000180576 0.245044 -39.0071
-0.00474599 0.244166 -35.2117
0.030653 0.248727 -59.7878
0.0943689 0.243564 -101.495
0.13017 0.226293 -121.672
0.143898 0.199694 -123.773
0.186489 0.156297 -142.604
-0.0322256 0.0995658 4.81258
0.0914587 -0.0227966 -27.6103
0.255167 -0.0224718 -158.929
-0.0572057 0.160558 49.8313
-0.0666748 0.190865 50.2578
-0.00507267 0.288181 -49.9069
-0.00693358 0.290896 -48.9847
-0.0138715 0.295732 -44.0113
-0.0177027 0.303921 -42.8066
-0.00184244 0.309013 -59.5395
0.0153693 0.307139 -75.6256
0.0177525 0.306334 -77.7402
0.0177525 0.306334 -77.7402
-0.19843 0.0237722 294.509
-0.00907322 0.275994 -41.0649
0.0442692 0.614696 -191.043
0.0470203 0.610264 -193.022
0.0739989 0.57194 -213.279
-0.0083392 0.276227 -41.9388
-0.294531 -0.111719 403.067
-0.187056 0.0295773 238.484
0.202883 0.0960972 -250.249
0.209084 0.0807648 -253.563
0.0281742 0.250158 -36.1515
0.0281713 0.250157 -36.151
0.0439132 0.309214 -53.8666
0.0255591 0.251514 -36.7698
0.0435638 0.487141 -104.919
0.0393133 0.587576 -134.051
0.0227453 0.592798 -133.799
0.0401137 0.421158 -86.3252
0.00641754 0.37541 -67.4902
-0.0549056 0.295801 -32.4655
0.013712 0.291954 -47.4473
0.0692586 -0.329189 111.673
0.0578683 -0.314442 110.881
0.0263826 -0.10228 57.8503
0.0457378 0.148438 -20.807
0.0283291 0.205892 -31.2448
0.0307158 0.185899 -26.1952
-0.234237 0.211929 63.8939
0.122634 0.232068 -80.4466
0.167371 0.188478 -86.03
-0.0823001 0.20518 17.7869
-0.0630981 0.261619 -8.30624
-0.116609 0.235371 23.5448
-0.158725 0.103799 82.3721
-0.0438958 0.221759 -6.38633
-0.015502 -0.041064 53.7446
0.0131559 -0.0402545 38.4049
-0.068481 0.101426 44.2068
-0.0230161 0.190632 -9.45291
0.0263863 0.225202 -49.98
0.0303154 0.237439 -56.1215
0.0688013 0.233801 -81.0372
0.105726 0.234962 -106.7
0.133395 0.21965 -122.186
0.162911 0.189973 -135.886
0.00249757 -0.0643756 26.2082
0.00230065 -0.0645115 26.404
0.00159021 -0.0647205 27.0342
0.000593493 -0.0648165 27.8786
-0.000194084 -0.0645794 28.4698
-0.000561658 -0.0638589 28.5741
-0.000500702 -0.0626601 28.1684
-0.000105423 -0.0611441 27.367
0.000504851 -0.0595569 26.3381
0.0010431 -0.058136 25.4147
0.00128789 -0.0570396 24.8601
0.00110884 -0.0563193 24.83
0.000647453 -0.055933 25.1859
0.00011398 -0.0557824 25.6941
-0.000290734 -0.0557561 26.1133
-0.000626726 -0.055754 26.4756
-0.000626726 -0.055754 26.4756
-0.000626726 -0.055754 26.4756
0 -0.0292754 18.2018
0.585266 -0.153375 -628.015
0.0807901 -0.0325983 112.062
0.078198 0.124865 -110.623
0.0824596 -0.524478 56.588
0.0234092 -0.450901 200.193
0.0234836 -0.450358 200.023
0.0499384 0.709962 -176.516
0.09977 -0.151533 98.2858
-0.0318251 0.411328 -73.5204
-0.0112068 0.2624 -28.389
-0.00714749 0.340702 -54.5876
-0.013408 0.402592 -72.7941
-0.0618301 0.327625 -40.7662
-0.0780228 0.202203 1.42514
0.057443 -0.22102 66.0997
0.0819805 -0.329325 108.423
0.0869757 -0.325376 105.862
0.0689304 -0.354367 120.11
0.0194068 -0.332183 127.882
0.00230127 -0.3318 133.209
0.00230127 -0.3318 133.209
-0.0209823 -0.491827 173.135
-0.639792 -0.250336 395.06
0.183108 0.116607 -71.6022
-0.0869358 0.215939 16.1222
-0.0960691 0.21864 19.4096
-0.110135 0.24276 18.3787
-0.0362292 -0.19963 111.969
0.00946272 0.209697 -31.1419
0.00968592 -0.0469497 41.7675
0.030401 -0.0355038 26.6573
0.0235941 0.0318389 10.3784
0.0489395 0.161428 -44.9741
0.0509742 0.215926 -63.0265
0.0287374 0.232086 -53.4222
0.0828601 0.21971 -86.7661
0.132116 0.214194 -118.985
0.103607 0.248665 -108.722
0.131644 0.221966 -121.819
0.153439 0.213147 -135.193
0.169201 0.177329 -135.726
0.00220835 0.0260653 40.4974
0.00213407 0.0313852 38.8944
0.00144374 0.0436849 35.627
0.00050222 0.0637584 30.1532
0.000353386 0.0913975 21.6267
0.00200333 0.123148 10.1775
0.00749535 0.158451 -5.977
0.0125762 0.194454 -22.0611
0.0125762 0.194454 -22.0611
0.00166788 0.171026 90.8739
0.00460801 -0.211134 92.424
0.00431805 -0.20749 91.5829
0.00397638 -0.201335 90.0089
0.0050493 -0.193728 86.4527
0.0480765 -0.100121 8.25845
0.0100664 -0.183962 77.8415
-0.0458056 -0.0928632 113.112
0.106163 0.0351851 61.3092
0.0812495 -0.0340396 111.894
-0.141236 0.1282 167.518
-0.141416 0.128205 167.739
0.023572 0.142944 8.08286
0.0233622 0.142053 8.38856
0.0244756 0.144096 7.63677
0.0127821 0.119434 17.4159
-0.0166176 0.163805 4.34901
-0.01677 0.152651 9.10364
-0.0227878 0.170236 2.61437
-0.0735946 0.0132457 64.6294
-0.0806202 0.0737804 44.1614
-0.0968409 0.0815877 43.9765
-0.0394338 0.0911223 28.8331
-0.042731 0.0594356 40.0622
-0.0202892 0.0511771 36.8652
0.0197803 0.0485285 26.3617
0.0832768 0.0404795 9.47135
0.135136 0.0505284 -10.0759
-0.3243 -0.00399887 166.858
-0.0576562 0.229175 0.0131593
-0.0567712 0.260091 -10.9839
-0.0898844 0.184335 28.4025
-0.131491 0.160328 55.1024
-0.0939661 0.146296 42.1611
-0.0572752 0.188646 10.7452
0.0342135 0.209607 -56.9551
-0.184149 0.27723 33.6944
-0.547562 0.2869 226.561
-0.0237983 0.212299 -31.9324
-0.0247039 0.204773 -28.991
0.343143 0.204829 -251.373
-0.000138417 0.1477 -24.3425
-0.000138417 0.1477 -24.3425
-0.000138417 0.1477 -24.3425
0.139302 0.186235 -114.969
0.161216 0.183746 -129.6
0.10463 0.24199 -107.7
0.0500892 0.241649 -66.2415
-0.0561702 0.339193 -17.9759
-0.0313395 0.311983 -28.0294
-0.00120722 0.236155 -26.2869
0.00786792 0.00903124 -5.21168
-0.00142174 -0.0113582 11.318
0.00918816 -0.00538213 -0.884738
-2.02765e-14 0.115374 -9.34947
-2.02765e-14 0.115374 -9.34947
0.0346559 0.201335 -45.4192
-0.00142174 -0.0113582 11.318
0.000501519 0.0077508 -0.950957
0.00381775 0.0120406 -5.6997
0.00320036 0.0173443 -6.64251
0.00943496 0.152432 -57.4033
-0.017769 0.00573378 22.6378
0.0198309 0.080714 -45.7868
-0.0170872 -0.0127973 27.7719
-0.00300347 0.00428268 7.54158
0.00770162 0.0139181 -7.48117
0.0111999 -0.00302214 -6.00452
0.015536 0.0394824 -25.2199
0.015536 0.0394824 -25.2199
0.0245302 0.142993 8.05128
0.0238316 0.143974 7.70707
0.0261621 0.133738 11.1682
0.0115109 0.131672 13.6539
-0.0669053 0.117244 26.1179
-0.0777833 -0.0132679 73.5517
-0.0673685 -0.130293 114.079
-0.101198 -0.00414526 74.7339
-0.0887541 0.0298731 60.8215
-0.0774013 0.0607437 47.3708
-0.0594961 0.066776 41.5382
-0.0501578 0.0569509 42.7159
-0.0239957 0.0504503 38.104
0.0209198 0.0444441 27.4865
0.0721016 0.0308389 16.7598
0.200025 0.104024 -43.2411
-0.0805933 0.243461 4.7269
-0.0646358 0.259937 -7.38585
-0.0774077 0.226706 9.32279
0.00896452 0.0362447 36.0743
-0.120372 0.120533 63.0009
-0.0805723 0.100637 51.6845
-0.0584091 0.117622 35.2446
0.00165811 -0.000696736 47.9107
-0.0473614 -0.0446049 111.366
0.267635 -0.0273851 -63.0932
0.00314037 0.256903 -45.0754
-0.00862686 0.285919 -48.5008
-0.021959 0.289644 -41.8557
-0.0195593 0.278514 -39.5195
0.00283237 0.260816 -47.8577
0.0497983 0.235015 -70.247
0.12557 0.183642 -104.552
0.147933 0.183166 -119.982
0.122741 0.213873 -111.668
0.0681771 0.247245 -81.5778
-0.034146 0.341524 -35.6221
-0.0843159 0.331613 8.42741
-0.087399 0.289205 25.4911
0.000127437 -0.0727024 60.1294
0.000134906 -0.0726972 60.1211
0.000154531 -0.0726909 60.1014
0.000168582 -0.0726907 60.0887
0.000168582 -0.0726907 60.0887
0.0478939 0.199629 -57.492
2.32732e-05 -0.0758662 61.3488
2.32732e-05 -0.0758662 61.3488
2.32732e-05 -0.0758662 61.3488
2.35467e-05 -0.0758662 61.3485
0.00856851 0.173505 -6.93314
-0.27998 0.22137 288.338
0.0167727 0.0352718 -26.5042
0.00318341 -0.0053229 3.6916
-0.0308464 -0.0702424 65.3249
0.0062538 -0.00685066 0.86613
0.00282346 0.121144 -12.1037
0.00268845 0.121185 -11.9519
-0.0013112 0.120941 -7.01428
0.0303582 0.142879 8.02577
0.0323074 0.151818 4.65898
0.0350524 0.163524 0.23715
0.0194755 0.167225 0.125024
-0.0046434 0.135819 13.4483
-0.0560248 -0.0966612 100.074
-0.0749499 -0.0611777 90.3645
-0.0566547 -0.0420865 80.3626
-0.0515042 -0.0168054 70.6103
-0.0536002 0.0504733 46.1315
0.0780175 -0.22251 123.612
0.0776818 -0.22314 123.836
0.43801 -0.139043 -0.163458
0.0444429 0.0377002 23.011
0.0538407 0.0409624 18.929
0.0579981 0.0424139 17.0976
0.0487218 0.0670736 11.2209
0.0310296 0.0837247 11.6243
0.00478514 0.116886 9.60038
-0.0462783 0.0881875 41.3415
-0.0831437 0.0507707 70.796
-0.0699707 0.0753515 55.7402
-0.050889 0.0722501 47.568
-0.00571933 0.0335972 39.4464
0.0307768 0.0406149 18.2333
0.0460884 0.129323 -22.6527
0.0372168 0.243254 -59.708
0.00719471 0.291941 -59.9332
-0.0260513 0.294938 -41.2011
-0.0283217 0.281062 -34.841
-0.00676654 0.264233 -42.7436
0.0370541 0.246307 -65.5664
0.0933831 0.220026 -94.8099
0.131331 0.183692 -108.16
0.129784 0.172202 -102.553
0.132685 0.206084 -116.733
0.00785502 0.29405 -51.1725
-0.103163 0.382042 6.46624
-1.5763e-14 0.0339844 -4.69961
-2.09486e-14 0.0339844 -4.69961
-3.3164e-15 0.0339844 -4.69961
-9.79078e-15 0.0339844 -4.69961
-1.17819e-14 0.0339844 -4.69961
-3.09747e-14 0.0339844 -4.69961
-0.0289965 0.0217529 27.9468
-0.0349773 0.0165707 35.5986
-0.0279185 0.0143979 29.1427
-0.00943311 0.0517438 -1.68082
-0.0225205 0.0611685 8.29311
-0.0199408 0.0675127 3.01794
0 0.0339844 -4.69961
0.0306033 0.0470933 -46.0006
0.0309782 0.0460937 -46.0386
-0.0026782 -0.00590455 10.4334
0.00605882 -0.00659566 0.991965
0.0212562 -0.0266925 -9.41644
0.028304 -0.0212585 -19.876
0 0 -1
