0.0954073 -0.0434243 14.647
0.125288 -0.0668631 13.561
0.107539 -0.106911 15.4214
0.084092 -0.0966647 16.3727
-0.0532694 -0.0579175 27.2029
-0.0109278 -0.0368036 21.9302
0.0209307 -0.147507 18.7904
0.0919722 -0.493242 12.5328
-0.0453085 -0.140475 35.7209
-0.0804246 -0.0146618 41.2206
-0.0650523 -0.00703875 38.4095
-0.081478 0.034113 41.1896
-0.0718945 0.00971404 38.898
-0.0491785 0.0183837 32.0018
0.00697081 0.00545607 15.4767
0.00943437 -0.00147483 16.249
-0.0826117 -0.0585807 46.2323
-0.0416845 -0.0854555 31.7497
-0.0387259 -0.100434 30.281
-0.00265366 -0.0803471 15.0127
0.0392216 -0.073351 -3.31906
0.399624 0.133601 -192.786
0.0548948 -0.0875045 6.20603
0.0539707 -0.0878741 6.67664
0.0521874 0.055252 -14.2138
0 0.102074 7.87788
0 -0.779402 17.2012
0.0383011 0.106985 -14.5732
0.038644 0.101697 -14.7943
0.0530128 -0.133712 -22.0764
0.168495 -0.0804688 -98.0649
0.11958 0.112965 -73.1944
0.14815 0.383545 -94.1233
0.047972 -0.184251 -7.09018
0.0884767 0.485259 -56.9768
0.111932 0.34272 -73.3064
0.0164926 -0.107768 11.9323
0.0197858 -0.0990493 8.90253
0.00213318 -0.0921007 23.5349
0.0379913 -0.0315262 -9.1033
0.0516538 -0.047684 -20.3216
0.0464481 -0.0415434 -15.8324
0.0187649 -0.433396 14.0979
0.0025963 -0.356086 27.8357
-0.0020009 -0.390014 32.7319
0 0.118555 22.1051
-0.00318769 -0.400065 34.2185
-0.00335144 -0.398605 34.3705
-0.00361192 -0.396136 34.6131
-0.00359596 -0.39325 34.5619
5.10414e-05 -0.384864 30.4452
0.000135287 -0.384859 30.3508
0.00057394 -0.384934 29.8575
0.00120869 -0.384704 29.1291
0.0017192 -0.384554 28.5341
0.00197251 -0.38449 28.2341
0.00197251 -0.38449 28.2341
0.0377789 0.113549 -24.6868
0.0474573 0.0177626 13.8307
0.0581852 -0.0364415 14.8556
0.113463 -0.103435 14.165
0.098831 -0.128504 17.1491
-0.0219478 -0.0849112 25.054
-0.0266585 -0.0546453 24.8108
-0.030718 -0.060301 24.8862
-0.0560275 -0.0655993 28.7283
-0.0453997 -0.0934419 28.3894
-0.0456433 -0.136265 29.788
-0.0208886 -0.183661 33.0577
-0.0521679 -0.0317415 35.5622
-0.0657901 0.009401 37.0207
-0.0534454 0.0095354 33.3109
0.018453 -0.000253745 11.8803
0.0590721 -0.00762489 -0.515668
-0.0538054 -0.0837769 35.4844
-0.0606749 -0.0891605 38.584
-5.99763e-05 -0.0681818 12.7759
0.0150105 -0.074043 6.97143
0.650671 -0.340177 -263.279
-0.0293778 0.0219858 16.4182
0.0140787 -0.103875 1.18031
0.0366631 -0.0814342 15.2634
0.0353918 0.0471357 -5.09462
0.0290619 0.0445454 -1.60644
0.0298977 0.0204037 -1.2855
0.0252428 -0.0629441 4.44691
0.398289 -0.0735358 -220.107
0.0574189 0.0955233 -26.5385
0.0815015 -0.0117356 -35.9116
0.151325 0.170996 -92.6905
0.00911253 -0.150465 18.6865
-0.0260892 -0.154789 43.9248
-0.0243165 -0.122887 40.561
0.0400996 -0.0917557 -8.29232
0.0311503 -0.102403 -0.160599
0.128509 -0.320072 -75.8625
0.0266406 -0.104582 2.35348
0.00120161 -0.926705 41.6295
0.0905169 0.0853257 -57.0246
-0.00416615 -0.0387438 11.496
-0.0198198 -0.60066 48.8343
0.0115266 -0.598847 19.8202
0.161519 0.0522234 -122.079
0.0659778 0.0523531 -29.6372
0 0.125366 33.0325
-8.36499e-15 0.0559088 34.7632
-8.36499e-15 0.0559088 34.7632
0 0 -1
0.0084079 0.100043 24.1805
0.0084079 0.100043 24.1805
0.0062971 0.0991901 26.5885
0.0022955 0.0982044 31.2039
-0.00651818 0.0961567 41.609
-0.00651828 0.0961567 41.6092
-0.00651845 0.0961568 41.6094
-0.00651845 0.0961568 41.6094
0.00426743 0.0830862 11.785
-0.0174835 0.0620278 13.3508
-0.0893885 0.0484159 18.1967
-0.0334072 -0.0612085 24.6877
-0.0580327 -0.0740659 27.8254
-0.0312531 -0.0924241 25.7851
-0.0364661 -0.127545 29.1633
-0.0313819 -0.105833 24.7072
-0.0670435 -0.298939 41.9718
-0.0589199 -0.129962 31.6576
-0.0266848 -0.0820939 22.3577
-0.0079585 -0.087234 18.6624
-0.0125611 -0.0268488 16.1214
-0.0383862 -0.0287308 30.7866
0.000614542 -0.0301877 18.4346
0.0539966 -0.0140462 1.77103
-0.056201 -0.0890205 36.6518
-0.0304106 -0.0480955 24.0632
-0.00209527 -0.0447169 12.5776
-0.0115173 -0.0724389 18.5922
-0.0894833 -0.011348 48.906
0.0238756 -0.192317 10.8267
0.42858 0.155894 -207.661
0.482108 -0.0708454 -228.82
0.0499155 0.0504921 -13.2682
0.0195959 0.0470057 3.12418
-0.042953 -0.0488536 35.351
0.00255692 -0.0761179 18.5241
-0.0147401 -0.037269 26.617
0.0468263 0.0694511 -18.6619
0.0804813 0.0729593 -40.4482
0.00924827 -0.0970528 15.8575
-0.00145355 -0.0952266 23.1711
-0.0117149 -0.114769 31.4991
0.0223093 0.0243064 -1.53666
0.0262067 -0.0826012 2.40341
0.128795 -0.327716 -76.9169
-0.0427602 -0.0435764 44.7381
0.0964282 0.016623 -74.7122
0.162568 0.488031 -153.341
0.480395 0.258594 -416.273
-0.089131 0.505003 60.4962
-0.0108084 0.108774 13.6943
-0.00821639 0.445868 -6.56437
-0.031478 0.312326 20.6864
-0.0131273 0.454552 -1.84307
-0.0253979 0.105379 29.2632
0.00533456 0.681175 -34.7041
-0.00279458 0.764869 -30.6971
0.00844083 0.610034 -33.5686
0.00845821 0.612511 -33.6955
0.00857103 0.614033 -33.8816
0.00763319 0.616895 -32.937
0.00844813 0.613906 -33.7384
-0.00451307 -0.00839273 9.36683
0.00864287 0.612187 -33.769
-0.0101344 0.557917 -8.19087
-0.00112617 0.483415 -15.316
-0.0108344 0.0992243 10.9995
0.000682086 0.0959737 11.4199
-0.000317983 0.0538684 14.0141
-0.0108245 0.00855046 18.3763
-0.0834792 0.000419352 25.075
-0.103833 0.0201275 25.7201
-0.0491763 -0.00983906 22.0158
-0.0238055 0.00641254 16.3339
-0.0366822 -0.0054517 19.1554
-0.0399934 -0.0119824 20.0263
-0.0252406 -0.0215087 17.8569
-0.00893441 -0.0436257 15.8155
0.00908344 0.029567 5.21864
0.0102727 0.0510288 3.16036
0.0101771 0.0367345 5.0742
0.0461143 -0.00931994 3.30908
-0.0261663 -0.00912313 19.9735
-0.0360805 -0.00875469 23.7113
-0.0231434 -0.0352645 20.806
-0.0620078 -0.0522488 37.5925
-0.0506523 -0.0931433 36.6066
-0.0247104 -0.0377505 20.1067
0.242574 0.00482353 -112.479
0.347827 0.113366 -170.797
0.0152844 0.0856742 3.43806
0.00215376 0.0775892 11.2354
-0.011018 -0.0641319 17.7796
0.00655959 -0.054634 14.8924
-0.000131295 -0.0085161 15.8298
0.0931774 0.210351 -57.84
-0.00809867 -0.00993079 9.44263
0.0388311 -0.0166008 -21.799
0.0375739 0.204565 -21.343
0.131319 -0.031901 -77.7071
0.00166728 0.0174033 14.2748
-0.0125961 -0.0801716 31.9822
-0.0417422 -0.136737 59.4326
-0.0805375 -0.0741037 85.2106
0 -0.062706 8.84172
0.442137 -0.124588 -355.855
-0.0797257 -0.0581476 89.182
-0.146717 -0.0392603 146.484
0 0.0478195 6.35462
0.00760924 0.04533 -0.62529
-0.103564 0.234448 90.442
0.0386135 -0.502242 14.6839
0.0108453 -0.500582 41.6391
-0.0206866 -0.511385 74.6429
-0.00393746 -0.245499 35.9209
0.000778256 -0.253451 31.6531
0.0107614 -0.159128 13.5573
0.012503 -0.151476 11.065
0.020976 -0.119653 -0.848897
0.0193588 -0.108978 0.294715
0.0162628 -0.0824105 2.1059
0.00070417 -0.247539 31.2442
0.00213617 -0.24404 29.2344
0.00283316 -0.23839 27.9486
-0.016278 0.0677815 14.1553
-0.0307249 0.0424104 17.5685
-0.00643064 0.0568469 15.1866
-0.0475814 0.0461985 18.2674
-0.0889213 0.0429451 22.0986
-0.0623364 0.0440912 19.5899
-0.0469374 0.0324718 18.6569
-0.0575824 0.029873 20.4846
-0.0734377 0.0238281 23.9276
-0.0407469 0.000240298 19.4164
-0.00833625 0.0262263 9.73195
0.012954 0.0320123 3.89426
0.00375448 0.0738337 2.78671
0.0312734 0.108908 -7.30563
-0.0124365 0.0875281 8.31093
0.0521187 0.0307853 -1.05666
0.00226745 0.0320199 6.55832
-0.0547244 0.0117927 29.4609
-0.0754519 0.00821733 37.7928
-0.0169043 -0.100853 24.8972
-0.0456291 -0.0359611 28.0536
0.0265519 -0.0340809 -4.39784
-0.0784058 0.0344509 39.6556
0.0137348 -0.0102978 0.15398
-0.00430045 -0.0509941 13.5363
-0.0456463 -0.0871486 39.5801
-0.00446504 -0.0569773 13.3386
0.0121056 -0.0683259 4.25602
0.0161662 -0.0324711 -0.909798
0.00964147 -0.0134384 1.54394
-0.0310363 0.00475732 24.8155
-0.00818768 -0.0120404 10.0045
0.055667 -0.000949437 -35.8926
0.0836249 0.00168751 -56.3107
0.0824327 0.00786874 -56.0168
-0.0408142 0.0686332 42.4388
0.0163639 -0.0116961 -5.9431
0.0364347 0.0394881 -28.4639
-0.015331 -0.0629156 22.3612
0.0422405 -0.0424789 -21.7763
-0.0222901 0.094721 23.5382
-0.0342011 0.0742072 36.0299
-0.0445294 -0.124506 69.0181
-0.0331203 -0.113598 50.7462
-0.101895 0.247772 87.7302
0 0.211914 -4.7679
0.00527378 -0.169518 20.6761
0 0.211914 -4.7679
-0.023579 -0.28874 60.1414
0 -0.168801 25.9318
0.00992597 0.0389614 -11.5703
0.00161999 -0.20531 27.3953
-0.00347625 -0.204276 33.0552
-0.0282134 -0.234355 63.8781
0.00185959 -0.289767 33.5523
0.0786394 0.0151273 -90.4471
0.00273706 -0.0100342 1.3897
-0.00287598 -0.00620545 7.30556
-0.0246306 0.0521479 15.8381
-0.0237519 0.0569856 15.2184
-0.0191686 0.0398025 17.4511
-0.0405439 0.0380458 19.0351
-0.101191 0.0686333 20.4241
-0.0789772 0.0159926 24.0154
-0.030972 0.0578598 13.4531
-0.0717838 0.0124574 24.5016
-0.0430586 0.0204867 17.7856
-0.039643 0.0251395 16.6733
-0.00914204 0.0512061 6.64661
0.049509 0.0989129 -11.9129
0.0459315 0.116897 -11.8376
0.00990027 0.0972008 0.948892
-0.0169387 0.0555258 13.2199
0.0347008 0.00736376 7.20426
-0.0554492 0.0229418 28.4268
-0.0649084 0.00750157 33.9377
-0.065384 0.00627294 34.3919
-0.107253 -0.000365819 52.0543
-0.0590274 -0.000382152 30.384
0.0123834 -0.0293879 1.58338
0.0150468 -0.0345041 1.18492
0.00643958 -0.0270291 4.62515
-0.00560093 -0.0400048 12.6508
-0.0247005 -0.0690657 25.9602
-0.00908377 -0.0404958 13.4487
0.0192317 -0.0544113 -0.985767
0.00686576 -0.0595183 7.03411
-0.0160339 -0.0799165 25.0353
-0.0228993 -0.0474038 24.3778
-0.0386849 -0.0384948 34.2573
0.00220403 -0.0195902 3.1381
0.045126 -0.0220158 -26.0112
0.016244 -0.0103733 -5.40259
0.418901 -0.345006 -263.268
0.015547 -0.0226 -3.88126
0.00919585 -0.0425033 3.29053
0.0209243 -0.0793969 -0.901516
-0.0329521 -0.0744026 44.9226
0.0637165 -0.437289 6.48663
0.0667387 -0.112346 -34.8166
-0.103784 -0.380624 150.689
-0.00715451 -0.489895 74.3554
-0.101332 0.247277 87.2293
0 -0.751884 101.044
0 -0.360618 50.8811
0.00750098 -0.360618 43.2347
0 -0.775317 104.056
-0.0242922 -0.00806949 30.6825
-0.0100512 -0.0150337 15.5904
0 0.291927 -31.4023
0.00681315 0.00653145 -5.61168
0.0183018 0.0921667 -26.2046
0.0213684 0.104414 -31.2243
-0.000138506 -0.565773 80.2231
-0.00148758 -0.00580947 5.60312
0 -0.547374 77.846
-0.0283491 0.04632 16.5734
-0.0251415 0.0438696 16.6793
-0.0271276 0.0334695 18.3652
-0.0106091 0.0331034 22.6872
-0.017208 0.0316817 23.4549
-0.121683 0.0437939 25.4878
0.196972 0.0628613 -18.0142
-0.0320742 0.0467888 18.6956
-0.0481427 0.0837505 11.1763
-0.000162595 0.12044 -3.22873
0.0229649 0.168586 -13.9671
0.0569131 0.145454 -19.0778
0.0186654 0.0971078 -2.15275
-0.0232138 0.0413701 17.0435
-0.0222002 0.023516 19.0053
0.0577455 0.0065414 -0.483754
-0.0730466 0.0146148 35.8489
-0.0610859 0.00672766 32.4417
-0.0666849 0.00229582 35.4482
-0.103533 0.020089 48.0934
-0.0733795 0.000754691 36.8654
-0.000381527 0.00468817 3.27147
0.02309 -0.0174777 -4.84082
0.0289639 -0.0403346 -4.40311
-0.0193453 -0.0346014 19.5265
-0.03339 -0.0537676 29.3399
-0.00886789 -0.0541744 14.9749
-0.0010773 -0.051193 10.3206
0.0165485 -0.0773323 3.52395
-0.0206683 -0.0861338 28.6738
-0.198747 0.02601 130.672
-0.00467864 -0.019878 7.59784
0.0079255 -0.0137029 -1.91227
0.0477802 -0.0438984 -25.7493
0.0970741 -0.0503943 -59.943
0.202426 -0.0280366 -141.698
-0.204744 -0.391823 221.345
0.0231851 -0.0556679 -6.19538
0.0254357 -0.0616264 -7.47759
0.00191002 -0.0671171 12.8033
-0.00694471 -0.0592321 19.3456
-0.0169702 -0.0220811 20.9129
0.219146 0.106923 -205.981
-0.0313154 -0.0392767 38.7196
-0.00352913 -0.0142913 8.58738
0 -0.259097 38.9452
-0.0147464 -0.0177989 20.5626
0.000526843 -0.00993017 3.42782
-0.00481961 -0.0108899 9.79049
0.0135954 0.000617102 -11.9325
-0.115326 0.257371 99.193
-0.0621646 0.371922 24.2336
-0.00247805 0.00555505 11.6944
0.0529642 0.0795971 -65.5085
-0.0502736 0.148172 47.3268
0.0249927 0.107942 -35.8844
0.0281163 0.108528 -39.7023
0.0265727 0.107666 -37.7126
-0.188888 -0.0085434 35.055
-0.188888 -0.00854537 35.0554
-0.133955 0.0600948 19.7124
0.0118009 0.0557964 17.0988
-0.0221752 0.113709 10.5714
0.0311721 0.153149 -0.843798
-0.0240281 0.0618465 21.9943
-0.0752824 0.0659666 29.0868
-0.0826069 0.0612925 30.858
-0.13184 0.0121448 62.8271
-0.00873089 0.164606 -5.85206
-0.0123583 0.112482 3.47556
-0.0419981 0.0604646 19.2247
-0.0458898 0.0134552 27.7338
-0.0429946 0.000985551 28.7897
0.024178 0.00677358 10.7735
-0.0832738 -0.00181952 41.9219
-0.0651128 0.000877228 34.7836
-0.0633176 -0.00258961 34.6604
-0.0619431 8.18129e-05 33.649
-0.0139974 0.00315947 26.8023
0.0156559 0.0410099 -9.38945
-0.0573861 0.0589347 43.3184
-0.0942015 0.0119392 70.2478
-0.159203 0.00253711 105.616
-0.258352 -0.00186367 159.241
-0.000784421 0.050625 -6.23592
-0.00707785 -0.0158166 8.39206
0.0103005 -0.00182366 -4.61988
-0.00443511 -0.0266871 9.05877
-0.195933 0.11737 107.766
-0.00720346 0.0149506 3.72621
0.0184934 -0.0475667 -3.8602
0.0401371 -0.0753892 -15.7486
0.0494378 -0.0898308 -19.7579
0.469102 -0.0131421 -348.582
0 0.204814 -24.5941
-0.089275 0.546852 -5.28993
0 0.19987 -23.7613
0.000149646 0.200229 -23.9487
-0.0356018 -0.0305226 38.8306
-0.00779452 -0.0188165 13.6322
-0.015091 -0.0154174 20.8171
-0.0103359 -0.03637 18.7287
-0.0111664 -0.0223663 17.4894
-0.0118801 -0.022966 18.0211
0.00407143 -0.00667575 -0.704142
-0.00347444 -0.00747559 8.11008
-0.0136885 -0.0178966 19.4852
-0.000144083 0.00907799 1.45833
0.00696824 -0.00354429 -4.47735
0.00133834 0.414308 -61.6473
-0.00227153 -0.00904048 6.84632
0.00134584 0.414304 -61.6553
-0.000870389 -0.00692356 5.0203
0.00135161 0.414309 -61.6629
0.00135154 0.414309 -61.6627
-0.000126245 -0.00451163 3.81263
-0.00010174 0.124843 22.8037
-0.190762 0.0298643 28.0335
-0.102539 -0.0410962 61.3312
-0.109833 -0.0474689 63.0089
0.0378472 0.0770974 11.7294
0.0138677 0.0878427 13.0877
-0.0380294 0.0387035 28.3838
-0.0707635 0.0354775 33.9841
-0.0970469 0.0329622 38.8066
-0.10647 0.0586598 35.6918
-0.0858678 0.0702219 28.8811
-0.0784523 0.0585857 29.275
-0.0838867 0.0410466 33.7451
-0.0863488 0.0319803 36.078
-0.0687796 0.00162723 36.3284
-0.0363606 0.00297599 31.5803
-0.0609407 0.00567538 32.0979
-0.050938 0.00893648 28.1212
-0.0618233 0.0188819 30.2945
-0.0589796 0.0172206 29.1815
-0.0304474 0.0790686 5.15117
0.00619505 0.0955421 -14.5035
-0.072739 0.0316564 55.94
-0.113135 0.0120376 79.9699
-0.160677 0.00936406 105.425
-0.230972 -0.0189098 147.995
0.00221976 0.16112 -25.1735
-0.0189557 0.0438586 14.155
0.0174066 0.305621 -64.4842
-0.0341857 0.21461 -14.3475
0.00891569 -0.00920107 -2.4139
0.00540579 0.0273096 -6.54701
-0.0414153 0.110838 10.2443
-0.0415468 0.189774 -4.01411
0.0273463 -0.079766 -4.25477
-0.0423753 0.0329324 36.4994
0.0233367 -0.0373529 -9.55484
-0.00421473 -0.0429361 13.966
-0.000239662 -0.0494317 12.1511
0.00591596 -0.0189558 0.941016
-0.0156795 -0.0225111 20.6092
-0.00377687 -0.0188823 9.63831
0.263547 0.24662 -286.662
0.782422 0.106641 -750.057
0.340714 0.163221 -347.31
-0.00191671 -0.00706896 5.54154
-0.00106749 -0.0147264 6.38378
0.0230861 0.216656 -59.3546
0 -0.0222813 7.67217
-0.116943 0.256298 101.117
0.00321086 -0.00620867 0.417017
0.0043741 0.0561709 -11.5975
0.00375037 -0.00562156 0.163318
0.0021079 -0.000736857 0.133589
0.0855141 0.0425838 -58.5786
0.00548403 0.422039 -79.3254
0.000973306 -0.00518686 2.59245
0.00179662 -0.0040621 1.40505
-0.00010174 0.124843 22.8037
-0.179135 0.0507723 23.7357
-0.102921 -0.0650888 66.4151
-0.10331 -0.0602196 64.9751
-0.0036021 0.0840143 15.522
-0.0514889 0.0438251 28.7943
-0.0463087 0.0285486 31.3444
-0.0639151 0.0260478 34.356
-0.0973662 0.0174184 41.6384
-0.0952651 0.0426209 36.2719
-0.0803641 0.0585571 29.5699
-0.0852876 0.0461098 33.1893
-0.0823886 0.046286 32.3803
-0.0910954 0.0634162 31.6578
-0.0874477 0.0375634 35.5
-0.305157 -0.418406 203.54
-0.0427665 0.0796912 11.4034
-0.0395967 0.0402618 17.3975
-0.0160175 0.131983 -11.0436
-0.0159744 0.0632794 2.0555
0.515341 -0.110747 -187.301
0.129386 0.16916 -85.3526
-0.00392932 -0.531256 130.943
-0.00176912 -0.419028 106.559
-0.160774 0.0196891 103.148
0.0219177 0.257716 -55.5237
0.0203315 0.215199 -45.9661
0.0424661 0.155841 -45.4064
-0.0489935 0.141987 12.3491
-0.0813378 0.242249 11.3064
-0.0756515 0.309034 -6.00173
-0.0487784 0.135272 11.6941
-0.036438 0.167839 -3.38032
-0.028494 0.355058 -45.2832
-0.0399254 0.268228 -20.2183
-0.0540006 0.00228866 51.7376
0.00652063 -0.026141 1.83662
0.00788643 -0.0188863 -0.705113
-0.00410705 -0.0122573 8.14773
-2.09029 0.451004 1669
0.00379276 -0.0302659 5.17294
0.00391448 -0.0161294 2.00274
0.00702435 -0.014067 -1.3451
-0.0932341 0.0892535 87.2522
0.316146 0.152672 -321.543
-0.0342151 0.0401951 41.5107
0.071609 0.282972 -118.714
-0.401738 0.373518 346.293
-0.19617 0.218612 168.713
-0.0179396 0.227717 0.600992
-0.105857 0.100215 105.663
-0.0970526 0.0132966 117.122
-0.239616 -0.11269 526.924
0.0661589 0.718583 0.537682
0.0860619 0.686456 -184.87
-6.30193e-07 0.708715 78.8363
-0.0199907 0.701707 105.063
-0.0199907 0.701707 105.063
0.0514062 -0.467555 129.486
0.0515438 -0.446743 124.737
0.0465608 0.164742 -20.2159
-0.06949 -0.0830713 67.8791
-0.085813 -0.047211 61.0751
-0.0162341 0.14162 -8.39477
-0.0516985 0.175178 -12.7716
-0.0634157 0.250285 -28.6141
-0.052127 0.236702 -27.6264
-0.0448043 0.271921 -36.7385
0.00740715 0.233008 -38.9936
0.00598167 0.290242 -51.8037
0.0200794 0.286407 -54.6043
-0.0167038 0.287894 -44.4626
-0.0244664 0.292732 -43.2421
-0.03499 0.230308 -25.4118
-0.00734826 0.279658 -45.8876
0.00567986 0.227676 -38.7786
0.0598969 0.298544 -77.8915
0.00617653 0.342827 -65.7497
0.00254627 0.370771 -70.5879
0.0106787 0.351661 -69.8379
0.0227484 0.281259 -58.4138
-0.00123744 0.237179 -35.97
-0.0289533 0.181343 -8.27055
-0.0138286 0.262808 -35.8861
-0.0100572 0.257952 -37.271
0.0118923 0.239746 -45.7799
-0.000986416 0.22874 -36.2272
0.0204906 0.310575 -67.7152
0.0375746 0.324479 -81.8815
-0.0526464 0.217721 6.69037
-0.142578 0.272849 56.021
-0.184554 0.161499 109.744
-0.0960422 -0.0191057 86.4566
-0.0165033 -0.0282108 29.2958
-0.0117304 0.0451011 8.69796
0 0.0514745 -2.00803
0 0.0450999 -0.59571
0 0.0450999 -0.59571
-0.00301811 0.0445477 2.17977
0 0.0450999 -0.59571
-0.00239453 0.0446956 1.68168
0.0239033 -0.00933474 -3.1474
0.0222635 -0.00140869 -3.29907
-0.0127348 0.104047 6.3952
-0.0237987 0.162398 4.77616
0.0118895 0.206734 -41.4441
-0.0759254 0.247962 38.2333
-0.0940113 -0.318641 200.592
0 0 -1
0.0194256 -0.14383 44.3025
0.0191608 -0.147616 45.4676
0.018226 -0.147995 46.6156
0 0.569568 -112.95
0.170672 0.0762766 -206.153
0.172271 0.135889 -221.429
0.174085 0.166312 -230.447
0.0324478 0.227342 -35.3702
0.0370951 0.19769 -28.3397
0.0330898 0.19517 -27.1997
0.0221529 0.148403 -14.0755
-0.00717712 0.144932 -10.9333
-0.0327323 0.181381 -17.4721
-0.0371345 0.220479 -26.4184
-0.023156 0.240465 -32.793
-0.0282805 0.269956 -39.4997
-0.0218032 0.289504 -45.1711
-0.0213139 0.23583 -32.8312
0.0209439 0.281156 -53.5674
-0.00645908 0.364988 -66.2092
-0.0108696 0.33561 -57.8348
-0.0206309 0.330361 -52.4152
-0.0708577 0.249688 -16.7911
-0.0168431 0.245174 -34.071
0.0350531 0.21904 -47.2076
0.0141848 0.297137 -56.66
-0.0137086 0.352223 -59.0486
0.00772428 0.355735 -68.7732
-0.00272171 0.304285 -51.684
0.00557459 0.299048 -53.8824
-0.0353227 0.271386 -27.0556
-0.0130098 0.224588 -27.4651
-0.00701005 0.264973 -40.3778
-0.00424862 0.252944 -38.7845
0.0329159 -0.1818 41.2009
0.0663897 -0.138834 10.0942
0.122929 0.112178 -86.5966
0.0895167 0.272928 -104.151
0.0642173 0.252905 -81.8603
0.059483 0.260364 -80.4898
0.0959788 0.22503 -95.5389
0.359862 0.0626417 -268.223
-0.0332021 -0.148138 68.5318
-0.0322392 0.367227 -39.7709
-0.01666 0.328307 -41.6033
0.0157722 0.375237 -80.2307
-0.0196383 0.379928 -51.6237
0.0167087 0.364389 -78.7528
-0.0144583 0.350374 -47.7771
0.0136368 0.324544 -66.6232
0.559448 -0.805017 -321.161
0.0024066 0.00628219 13.9561
0.0863212 -0.113901 -39.8688
0.0242107 0.177392 -47.4412
-0.0536724 0.538091 -53.6152
-0.0553092 0.563654 -58.269
0.0218072 0.0672931 -8.09658
0.012861 -0.118052 45.2016
0.0151984 -0.141037 48.3271
0.0166057 -0.14788 48.4324
0.0181294 -0.174098 52.1349
0.019189 -0.245883 68.2868
-0.0923147 -0.143117 176.599
0.191835 0.368967 -299.885
0.188026 0.414783 -306.582
0.0327695 0.226682 -35.1679
0.0185594 0.233308 -36.3959
0.0393825 0.239841 -38.9171
0.0150163 0.234964 -36.5727
-0.00783738 0.222479 -30.8667
-0.000611862 0.265997 -43.1649
0.00381755 0.275326 -46.3977
0.0223185 0.288871 -53.1339
0.0270049 0.314271 -60.9796
0.0962996 0.347658 -83.6301
0.133445 0.269935 -69.1751
-0.233886 0.345491 -1.48675
0.0191336 0.369806 -73.9852
-0.00114424 0.389503 -73.3493
0.249117 -0.0772371 -26.5798
-0.0313359 0.213196 -21.6955
-0.0125205 0.209461 -26.9243
0.054192 0.301643 -73.437
0.0494017 0.257459 -59.9665
0.0260435 0.320066 -66.8628
-0.011345 0.379741 -67.6083
-0.0276928 0.302361 -39.0892
-0.0209532 0.238774 -24.712
-0.0461808 0.235922 -12.3425
-0.0618641 0.119837 23.7935
-0.0588367 0.287885 -17.4242
-0.0197906 0.252232 -29.6124
0.0332425 0.198858 -46.4866
0.082415 0.198988 -76.4621
0.0623201 0.194271 -62.1271
0.0132526 0.316202 -64.4448
0.0689595 0.274609 -91.1209
0.0616694 0.273599 -85.6318
0.0894741 0.21042 -87.1498
0.0406118 0.20304 -50.092
0.0435579 0.199925 -50.6134
-0.111979 0.299596 39.036
0.00562884 -0.13114 82.1224
0.00748366 -0.12867 79.9661
0 0.235186 -32.2244
0 -0.112716 58.8792
-0.0464701 0.233317 9.96005
0.0556312 0.455808 -141.22
-0.0471022 0.258152 6.08223
0.0825699 0.24196 -114.862
0.0825699 0.24196 -114.862
-0.0321246 -0.168006 106.772
-0.0357248 -0.170608 111.166
-0.0405605 -0.166012 114.93
-0.842292 0.0669144 1123.6
0.368654 0.0671795 -183.691
0.150354 0.0563509 -16.9426
0.0166057 -0.14788 48.4324
0 -0.208094 83.5356
0 -0.227019 88.6002
0.0082936 0.000786918 -7.04513
0.21054 -0.0455712 -215.254
0.21991 -0.00286824 -237.934
0.0491355 0.231743 -36.8812
0.0529427 0.246771 -41.4518
0.0587262 0.295305 -55.0346
0.0397256 0.319295 -61.4184
0.0172568 0.3248 -61.3755
0.013378 0.324848 -61.3781
0.00925285 0.332019 -63.2702
0.0229264 0.347616 -69.9559
0.0481709 0.305526 -61.904
0.0826447 0.293621 -65.2645
0.105965 0.256883 -59.7039
-0.0314045 -0.273839 119.061
-0.00115519 0.370502 -68.8196
0.0396807 0.19428 99.8108
-0.525156 -0.243125 395.598
-0.0149777 0.207332 -19.284
-0.0149175 0.207345 -19.3103
0.0236358 0.270953 -52.5277
0.0609919 0.244424 -61.1147
-0.0500768 0.358196 -43.3563
-0.116919 0.262573 13.3485
-0.111761 0.219226 23.6007
0.0311823 0.299625 -67.0402
0.0680049 0.450032 -128.162
0.0264411 0.559429 -138.3
-0.0296526 0.23938 -20.4662
-0.0477774 0.258109 -15.5865
-0.00104051 0.23127 -35.463
0.0391461 0.201311 -50.5019
0.0721807 0.191909 -67.9065
0.042352 0.27744 -72.8083
0.0355898 0.303188 -75.8431
0.0599483 0.285422 -87.946
0.0641639 0.263622 -84.386
0.0687414 0.269901 -89.4516
0.0883337 -0.0662379 -1.60268
0.0734034 -0.0870351 14.9427
0.0495756 -0.0981502 37.0799
0.0267744 -0.0934147 54.4358
-0.0368754 -0.118217 113.937
-0.0536254 -0.12037 128.948
-0.0588075 -0.150033 142
0.0792916 0.478069 -166.874
0.05619 -0.288763 77.0888
0.0352916 0.202595 -48.6292
-0.00575876 -0.236332 120.547
-0.00252628 -0.231978 116.145
0 -0.229821 112.975
0 -0.229821 112.975
0 0.373018 -64.2762
0.00644088 0.177392 -14.2441
0.00867298 -0.239488 106.167
0.00912971 -0.245074 107.1
0.0194094 0.349351 -79.759
0 -0.238177 115.286
-0.0279841 0.344859 -21.7547
-0.0279841 0.344859 -21.7547
0 -0.229821 112.975
0.0802927 0.242286 -40.3768
0.0865107 0.282009 -52.9163
0.094593 0.334732 -69.1858
0.115035 0.400244 -90.6763
0.118931 0.333584 -69.1375
-0.0882889 0.0394659 42.6777
-0.0183359 0.339864 -60.462
0.190089 -0.079827 31.9432
-0.48449 -0.0140753 127.879
-0.0231982 -0.0356633 44.6552
-0.0138646 -0.0273613 40.1748
-0.00787331 -0.0228992 37.3654
-0.00231964 -0.0219018 35.6682
0.0262521 0.19325 103.961
0.0182427 0.250476 -58.0233
0.0186482 0.250637 -58.2032
0.0192102 0.251371 -58.6233
0.0192102 0.251371 -58.6233
0.0174685 -0.113522 81.117
-0.151087 0.223501 40.0838
-0.138876 0.166551 52.7501
-0.0684792 0.168667 18.5796
0.176964 0.272494 -129.28
0.136726 0.219972 -92.7134
0.0979034 0.18454 -61.5813
-0.46537 0.328772 196.988
-0.0574134 0.262846 -11.4511
-0.0150797 0.223121 -24.1761
0.0250885 0.209876 -44.2539
0.0454488 0.183738 -48.6212
-0.0472979 0.244066 1.34304
-0.0212015 0.333719 -45.6146
0.0329028 0.32257 -80.6024
0.0526887 0.31348 -91.0309
0.0403298 0.297254 -77.1941
0.0953812 0.280436 -113.817
0.015389 -0.139814 76.5126
0.0126433 -0.144825 80.2911
-0.011628 0.540765 -112.236
-0.00693676 -0.0470475 110.177
0.0277525 -0.0998596 96.7822
-0.00303535 0.545022 -120.442
0 0.523438 -116.324
-0.00854394 0.51835 -106.759
0.0177571 0.182143 5.16306
-0.00690928 0.527244 -110.883
0.382081 -0.167013 -264.01
0.0972113 -0.0916112 0.455078
0.232031 -0.281445 -81.8035
-4.01032e-07 -0.325035 172.015
0.00462833 -0.316752 164.476
4.01032e-07 -0.325035 172.014
0.0266256 -0.33357 144.406
4.01032e-07 -0.325035 172.014
0 -0.313977 168.686
-0.00707717 -0.319944 179.146
-0.00707717 -0.319944 179.146
-0.00707717 -0.319944 179.146
0.0036806 0.191259 -10.4694
0.00364908 0.191309 -10.4838
0.0034281 0.191332 -10.48
-0.0325014 0.379088 -71.6571
0.199067 0.344628 -80.299
-0.298379 -0.0663443 90.2492
0.20509 -0.0806363 29.457
0.208153 -0.0827882 29.8837
-0.0081122 -0.0375594 42.408
-0.0203167 -0.0372218 44.8194
-0.0109205 -0.028796 39.9774
-0.00308557 -0.0246691 36.7457
0.00500819 -0.0230258 34.0968
0.0120367 -0.0298353 34.4433
0.0152866 -0.0369451 35.8714
0.0156555 -0.0418613 37.4067
-0.557096 -0.0406478 268.268
-0.00563462 -0.132434 96.1671
-0.0254663 -0.0995735 93.2389
-0.0610249 -0.0104959 77.9938
-0.112044 0.109642 59.6071
-0.135466 0.170468 49.5516
-0.0480972 0.178615 4.85368
-0.0209161 0.167415 -4.59932
0.00557071 0.144239 -10.2254
0.00249712 0.12722 -2.65333
0.0016942 0.000402946 22.6016
0.00253741 0.000487689 22.0872
0.00290664 0.000551052 21.8453
0.00290664 0.000551052 21.8453
-0.0403351 0.290267 -18.4022
0.00494852 0.330879 -62.5651
0.0272758 0.343456 -82.2866
0.0280193 0.315885 -73.1237
0.0362609 0.304561 -76.0366
0.0890105 0.287847 -110.963
0.120792 0.257696 -124.355
0.0505165 0.869251 -278.125
-0.0184292 0.262212 -12.9707
-0.0249797 0.27983 -13.3858
-0.0200876 0.298096 -23.7775
0.000622771 0.29917 -42.3424
0.0113283 0.359319 -70.9786
0.00954107 0.271965 -40.2081
-0.00761714 0.321301 -40.3095
-0.0051675 0.133429 19.626
-0.013119 0.119572 32.2603
-0.0127718 0.285964 -22.7145
-0.156738 0.375458 166.481
-0.0625185 -0.0249073 203.092
-2.53653e-06 -0.140718 175.823
0 -0.140718 175.82
2.53653e-06 -0.140718 175.818
-2.20567e-06 -0.140718 175.823
0 -0.140718 175.82
0.0450262 -0.564509 156.732
3.47063e-12 -0.140718 175.82
3.47063e-12 -0.140718 175.82
-0.0560745 0.0814529 37.6324
-0.0575869 0.0839055 36.8161
-0.0633657 0.0905154 34.7734
-0.0546189 0.0394403 52.7185
-0.125268 0.000251136 73.3731
-0.120873 -0.0505525 90.8813
-0.00271962 -0.297659 112.161
-0.00271962 -0.297659 112.161
-0.00730671 -0.0369356 42.0558
-0.00787949 -0.0365895 42.0253
-0.0052494 -0.0296041 38.9728
-0.000812985 -0.0254565 36.4523
0.00371163 -0.024838 35.063
0.00730979 -0.0297287 35.7874
0.0101796 -0.0365292 37.3294
0.0115097 -0.0414955 38.6617
0.0115097 -0.0414955 38.6617
-0.0374025 0.138547 24.7042
-0.0385469 0.12615 29.2961
-0.00248179 -0.0168287 34.3493
-0.0587528 0.0247772 64.7614
-0.0623525 0.109481 36.3138
-0.0420889 0.167833 5.71658
-0.0201954 0.162476 -3.24076
0.0007804 0.145972 -8.29233
0.00120253 0.134376 -4.39641
0.00357307 0.134244 -5.66145
0.00435457 0.132777 -5.58618
0.00428884 0.131764 -5.18254
0.00106187 -0.407497 194.5
0.0010034 -0.407321 194.467
-0.589286 0.696336 206.719
0.028973 0.322837 -76.1819
0.0118296 0.315662 -61.6338
0.0168432 0.301833 -60.5191
0.0313454 0.323358 -78.8452
0.127317 0.241485 -124.802
0.122991 0.248205 -123.099
0.0135973 0.255554 -37.2358
-0.0049488 0.278207 -29.8551
-0.00739923 0.293928 -33.3977
0.00170439 0.292055 -40.8199
0.00637732 0.281978 -41.5034
0.000706592 0.2513 -25.323
-0.00487768 0.233001 -13.4965
0 0.56514 -135.825
0.0589426 -0.0018919 42.5601
0.00789673 -0.0050581 -4.94907
0 -0.736237 301.874
-0.191406 -0.125 375.449
0 -0.406712 185.868
-0.0121073 -0.603075 268.503
0.00367658 -0.00434185 -0.694779
0.00965897 -0.000833084 -8.06669
0.013825 0.00701851 -15.1469
0.160602 -0.192557 -109.639
0 -0.215704 90.5632
0 -0.215704 90.5632
-0.0551138 0.0810146 37.7764
-0.0548077 0.0825631 37.2014
-0.0541153 0.081687 37.4984
-0.0670061 0.054047 48.6193
-0.0983128 0.0362745 57.8501
0.161527 -0.452224 207.426
0.24375 -0.00703125 32.0125
-0.0167314 0.764142 -221.568
-0.0218788 0.750279 -214.982
0 -0.00703125 63.6539
-0.0196688 0.309239 -49.2514
0 -0.00703125 63.6539
-0.0203475 0.293917 -43.366
0 -0.00703125 63.6539
-0.021813 0.273136 -35.2151
-0.0237392 0.252224 -26.8461
0.429807 0.150296 -148.449
-0.0507319 0.14356 28.063
-0.0425807 0.110938 36.512
0.000811792 -0.0135223 51.7997
0.000711969 -0.0135258 51.8448
-0.00526847 0.0765793 21.4551
-0.01653 0.14956 -0.205814
-0.0188329 0.162695 -3.99709
-0.0121975 0.152154 -3.5862
-0.0046361 0.139518 -2.99495
0.000998973 0.134663 -4.33858
0.00323846 0.132493 -4.8237
0.00309541 0.131127 -4.22047
0.0012666 0.123829 -0.36566
-0.000889877 0.120261 2.35143
-0.0032221 0.11928 4.26973
-0.0046745 0.118687 5.48754
-0.00529005 0.118499 5.99164
-0.00529005 0.118499 5.99164
0.0500189 0.266976 -73.1787
0.101158 0.222285 -96.9893
0.114674 0.230197 -110.497
0.137685 0.203903 -119.091
0.010094 0.275085 -41.5643
-0.00381268 0.289888 -35.0944
-0.00797964 0.286618 -30.2167
-0.00995561 0.272071 -23.0411
-0.0106544 0.248108 -13.5398
-0.00952741 0.233684 -9.28162
-0.00788661 0.229162 -9.20448
-0.00518185 0.207408 -3.849
-0.0019343 0.147821 15.0083
-0.000121407 0.0999747 30.9195
0.000688315 0.0796369 37.615
0.000688315 0.0796369 37.615
0.00578807 -0.00734364 64.16
0 0.150223 11.9317
-0.00307178 -0.000294456 71.5835
-0.00307178 -0.000294456 71.5835
-0.00307178 -0.000294456 71.5835
-5.51419e-07 -0.00330171 69.0701
0 -0.00330171 69.0695
