0 1 3
1 2 3
2 4 3
4 8 3
8 9 3
9 10 3
10 11 3
11 12 3
12 13 3
13 14 3
14 15 3
15 16 3
16 18 3
18 19 3
19 20 3
20 21 3
21 22 3
22 23 3
23 24 3
24 25 3
25 26 3
26 27 3
27 28 3
28 29 3
29 30 0
30 31 3
31 32 0
32 33 3
33 93 3
35 93 3
35 37 3
37 38 3
38 40 3
40 41 3
41 42 3
42 43 3
43 44 3
44 45 3
45 106 3
53 106 3
53 54 3
54 56 3
56 57 3
20 77 3
19 77 3
4 61 3
4 65 3
8 65 0
36 37 3
36 94 3
1 60 2
2 60 2
25 142 0
26 142 0
37 95 3
16 133 3
45 104 3
18 133 3
35 36 3
37 94 3
38 96 3
38 97 3
63 65 3
38 95 3
40 97 3
41 100 3
2 61 3
4 63 3
65 122 3
8 66 0
13 71 3
14 71 3
18 76 3
96 97 3
42 100 3
54 164 3
56 164 3
16 74 3
22 80 3
104 106 3
1 59 0
63 122 3
65 66 3
74 133 3
23 80 3
41 99 3
99 100 3
0 59 0
11 69 3
12 69 3
15 74 3
23 81 3
27 85 3
28 85 3
35 94 3
95 96 3
43 100 3
45 103 3
103 104 3
4 62 3
9 68 3
76 133 3
24 82 3
40 99 3
0 58 0
59 60 3
61 62 3
62 63 3
8 68 3
10 68 3
10 69 3
12 70 3
13 70 3
21 79 3
21 80 3
80 81 3
23 82 3
25 82 3
26 85 3
33 149 3
45 102 3
54 111 3
56 115 3
57 115 3
58 59 3
60 61 3
14 73 3
19 76 3
20 79 3
31 90 2
32 90 3
44 102 3
53 111 3
70 71 3
71 73 3
33 90 3
93 149 3
94 95 3
111 164 3
66 68 1
69 70 3
91 149 3
91 93 3
43 101 3
44 101 3
102 103 3
15 73 3
30 88 2
31 88 2
93 94 3
68 69 3
29 88 0
101 102 3
79 80 3
81 82 3
85 142 0
58 116 3
28 142 0
90 149 3
97 99 3
29 143 0
31 148 2
90 148 3
91 94 3
73 74 3
28 143 0
146 148 3
100 101 3
66 126 3
68 126 0
88 143 3
88 146 3
88 148 3
60 118 3
97 156 3
59 118 3
99 156 3
125 126 3
71 130 3
73 130 3
100 159 3
101 159 3
115 164 3
61 119 3
66 125 3
76 77 3
95 153 3
59 116 2
59 117 2
71 129 3
100 157 3
116 117 3
60 119 3
118 119 3
62 119 3
62 120 3
122 123 3
65 123 3
70 129 3
25 140 0
142 143 3
101 218 3
102 218 3
63 120 3
74 132 3
82 140 0
140 142 0
94 153 3
96 153 3
68 127 0
69 127 0
73 132 3
132 133 3
20 137 3
79 137 3
91 151 3
94 152 3
126 127 3
129 130 3
76 134 3
77 135 3
20 135 3
81 140 0
143 145 3
94 151 3
97 155 3
99 157 3
103 162 3
104 162 3
106 111 3
63 121 3
69 129 3
73 131 3
133 134 3
77 134 3
88 145 3
152 153 3
96 154 3
96 155 3
155 156 3
157 158 3
100 158 3
119 120 3
120 121 3
130 131 3
135 137 3
153 154 3
158 159 3
102 162 3
121 122 3
131 132 3
134 135 3
140 199 3
142 199 3
159 218 3
79 138 3
80 138 3
81 197 0
154 155 3
66 123 3
127 302 0
137 138 3
81 138 3
142 201 3
162 218 3
127 129 3
143 201 3
156 157 3
106 162 3
151 152 3
106 223 3
117 118 3
123 125 3
148 149 3
159 217 3
135 194 3
137 194 3
162 223 3
106 164 3
123 183 3
125 183 3
138 197 0
129 186 3
127 186 3
143 202 3
145 202 3
129 187 1
140 197 3
148 206 3
152 210 3
153 210 3
217 218 3
115 222 3
142 200 3
149 208 3
164 222 3
116 175 3
117 175 3
199 200 3
200 201 3
91 208 3
122 178 0
123 178 0
133 191 3
137 195 2
146 205 3
149 207 3
162 220 3
126 184 3
186 187 1
132 190 3
132 191 3
138 195 3
88 205 3
148 205 3
148 207 3
207 208 3
158 217 0
220 223 3
119 177 3
178 180 3
123 180 0
123 182 3
182 183 3
186 302 0
130 188 3
134 191 3
131 190 3
162 219 3
116 174 3
127 184 3
140 198 3
206 207 3
151 209 3
152 209 3
218 219 3
174 175 3
118 177 3
120 177 3
120 178 3
121 178 3
130 187 1
131 188 3
131 189 0
189 190 1
198 199 3
151 208 3
153 211 3
158 275 0
125 184 3
127 185 3
188 189 2
191 193 3
134 193 3
135 193 3
205 206 3
154 211 3
154 212 3
217 275 3
177 178 3
185 302 0
190 191 3
210 211 3
155 212 3
183 184 3
184 185 3
187 188 0
211 212 3
219 220 3
193 251 3
209 210 3
106 343 3
117 177 3
201 202 3
157 215 3
164 343 3
178 237 3
180 237 3
194 195 3
197 198 3
156 214 3
156 215 3
187 246 0
193 194 3
208 209 3
157 275 3
180 239 3
180 182 1
188 246 2
222 343 3
175 177 3
194 251 3
145 204 3
88 204 3
155 271 3
157 274 3
204 205 3
212 271 3
214 215 3
274 275 3
195 197 3
202 204 3
205 263 3
215 274 3
172 222 3
182 239 3
195 254 3
197 254 3
206 263 3
106 280 3
106 458 3
175 234 3
177 234 3
177 235 3
155 214 3
223 280 3
280 458 3
343 458 3
202 262 3
219 451 3
220 279 3
223 279 3
244 302 0
199 257 3
200 258 3
204 262 3
186 244 2
198 257 3
200 257 3
234 235 3
193 250 2
194 252 3
195 252 3
214 271 3
217 276 3
218 276 3
191 249 3
257 258 3
202 260 3
177 236 3
183 241 3
184 241 0
250 251 0
251 252 3
197 255 3
204 263 3
178 236 3
191 250 3
198 255 3
201 260 3
209 268 3
210 268 3
215 273 3
219 276 3
235 236 3
189 246 2
190 249 3
208 266 3
209 266 3
211 270 3
212 270 3
214 273 3
175 233 3
241 302 0
189 247 2
201 258 3
206 264 3
207 264 3
207 265 3
209 267 3
211 269 3
214 272 3
220 278 3
182 241 3
198 256 3
256 257 3
264 265 3
208 265 3
268 269 3
270 271 3
271 272 3
273 274 3
275 276 3
276 451 3
219 278 3
222 288 1
174 233 3
233 234 3
237 238 3
184 302 0
246 247 3
249 250 3
263 264 3
266 267 3
267 268 3
269 270 3
278 279 3
288 343 0
172 288 1
236 237 3
252 254 3
254 255 3
262 263 3
272 273 3
174 232 3
182 297 0
187 244 0
190 306 0
255 256 3
258 259 3
201 259 3
265 266 3
232 233 3
180 238 3
239 297 3
241 300 3
259 260 3
278 451 3
182 299 0
241 299 3
249 306 0
252 311 3
254 311 3
279 280 3
238 239 3
260 262 3
190 247 0
396 458 3
286 343 0
270 328 3
271 328 3
297 299 3
246 303 2
252 310 2
271 330 3
187 303 0
247 306 3
251 310 3
300 302 3
246 304 2
255 313 3
303 304 3
254 313 3
264 323 3
265 323 3
271 329 3
249 307 0
251 309 3
266 324 3
329 330 3
311 312 3
254 312 3
258 316 3
262 321 3
263 321 3
267 324 3
328 329 3
278 336 3
343 517 3
233 292 3
234 292 3
312 313 3
336 451 3
458 517 3
233 291 3
244 303 2
247 304 3
309 310 3
262 319 3
262 320 3
323 324 3
274 332 3
279 458 3
232 291 3
235 292 3
250 307 0
257 315 3
258 315 3
319 320 3
264 322 3
267 325 3
268 326 3
269 327 3
272 330 3
273 330 3
273 331 3
273 332 3
278 458 3
232 290 3
236 294 3
237 294 3
321 322 3
322 323 3
325 326 3
326 327 3
327 328 3
275 332 3
334 451 3
278 395 3
290 291 3
291 292 3
235 294 2
306 307 3
310 311 3
324 325 3
395 458 3
288 346 1
172 346 1
238 297 3
302 303 3
315 316 3
320 321 3
331 332 3
276 334 3
395 396 3
256 315 3
260 319 3
336 394 3
278 394 3
237 354 3
237 297 3
297 354 3
256 313 3
294 354 3
247 421 2
306 421 3
394 395 3
396 517 3
343 345 1
299 414 1
299 357 1
320 378 3
330 331 3
288 345 1
241 358 2
300 301 3
301 302 3
306 422 3
321 378 3
421 422 3
250 309 0
259 316 3
259 319 3
275 334 3
343 401 3
300 358 3
302 360 3
259 374 3
401 517 3
303 360 3
313 315 3
259 376 3
319 376 3
345 346 2
297 414 1
304 421 3
316 374 3
301 360 3
309 366 1
345 401 0
235 352 2
307 366 1
250 366 3
310 426 1
313 371 3
374 376 3
294 352 3
299 358 3
332 334 3
346 404 3
352 354 3
309 367 1
315 371 3
345 404 2
291 349 3
235 351 1
357 414 1
306 364 3
371 372 3
315 372 3
325 383 3
292 349 3
292 351 1
351 352 0
326 383 3
329 388 3
330 388 3
290 349 3
301 358 3
303 361 3
303 362 3
304 362 3
321 379 3
322 379 3
322 380 3
324 382 3
292 350 1
306 365 3
307 365 3
310 369 3
311 369 3
312 371 3
323 380 3
323 382 3
328 386 3
290 348 3
349 350 1
323 381 3
325 382 3
327 386 3
329 386 3
331 388 3
331 389 3
332 390 3
357 416 0
361 362 3
310 367 1
312 369 3
319 378 3
379 380 3
380 381 3
381 382 3
394 451 3
362 421 3
364 365 3
327 383 3
388 389 3
331 390 3
348 349 3
378 379 3
334 390 3
364 422 3
312 370 3
389 390 3
357 415 1
360 361 3
334 449 3
382 383 3
327 385 3
390 449 3
401 404 1
369 370 3
315 374 3
382 441 3
383 385 3
385 386 3
404 575 0
372 374 3
383 441 3
350 351 3
354 413 1
357 358 0
369 427 1
370 371 3
319 435 3
297 413 1
358 416 3
378 436 3
386 388 3
352 410 1
354 410 1
354 412 1
413 414 3
319 436 3
383 442 3
334 508 3
451 508 3
354 411 1
374 434 3
376 434 3
319 434 3
435 436 0
385 444 3
386 444 3
386 445 3
388 445 3
449 508 3
410 411 3
365 422 3
372 373 3
434 435 3
383 443 3
412 413 3
414 415 3
442 443 3
385 443 3
394 568 3
395 568 3
411 412 3
365 423 3
369 426 1
404 463 3
360 418 3
361 418 3
361 419 1
362 419 1
422 423 3
371 430 1
373 374 3
463 575 0
362 420 3
370 428 1
371 428 1
371 429 1
394 452 3
351 410 3
415 416 0
420 421 3
366 425 0
366 367 2
367 425 0
367 426 3
426 427 3
428 429 3
429 430 3
388 447 3
389 447 3
451 452 3
452 568 3
401 459 3
404 459 0
360 417 3
365 424 1
366 424 3
367 483 0
372 430 1
441 442 3
348 406 3
301 417 3
423 424 2
307 424 1
425 483 3
370 485 2
379 437 3
380 438 3
381 439 3
382 440 3
440 441 3
445 446 3
388 446 3
389 448 3
390 448 3
349 406 3
301 416 3
428 485 0
436 437 3
437 438 3
438 439 3
439 440 3
443 444 3
367 484 3
448 449 3
396 569 3
417 418 3
419 420 0
424 425 0
483 484 1
446 447 3
447 448 3
517 569 3
459 463 1
350 407 3
416 417 3
426 484 3
429 487 3
430 487 3
349 407 3
350 408 3
351 408 3
351 409 3
441 500 3
442 500 3
443 500 3
386 502 3
396 568 3
407 408 3
408 409 3
444 502 3
445 502 3
409 410 3
434 491 1
459 518 3
374 491 1
436 494 3
406 407 3
373 430 1
373 491 1
408 466 3
411 469 0
415 474 0
416 474 2
459 517 3
369 485 1
434 493 3
435 494 0
517 574 3
434 492 0
435 493 3
443 501 3
569 574 3
459 574 3
419 477 3
420 477 1
491 492 0
438 495 3
500 501 3
445 503 3
412 469 0
437 495 3
440 499 3
441 499 3
502 503 3
446 503 3
413 472 3
414 473 3
415 473 3
492 493 1
499 500 3
447 505 3
406 464 3
414 472 3
427 485 2
430 488 3
373 431 3
436 495 3
439 497 3
440 498 3
448 505 3
449 566 3
508 566 3
568 623 3
407 464 3
472 473 3
373 488 1
494 551 3
494 495 3
438 496 3
497 498 3
444 501 3
448 506 3
449 507 3
565 566 3
459 520 1
463 520 3
423 482 3
424 482 0
427 484 3
431 491 1
435 551 0
495 496 3
496 497 3
498 499 3
501 502 3
506 507 3
507 566 3
518 519 2
459 519 1
520 575 0
425 482 3
428 486 3
487 488 3
431 488 1
505 506 3
519 520 3
463 521 3
409 525 2
417 475 1
361 477 1
420 478 1
421 479 3
482 483 3
485 486 1
429 486 3
452 623 3
520 521 3
521 575 0
473 474 0
418 475 1
421 478 3
422 479 3
431 548 1
407 466 3
409 466 3
418 476 1
477 478 3
478 479 3
422 480 3
423 481 3
410 469 0
361 476 1
479 480 3
484 485 2
486 487 3
417 474 3
475 476 3
476 477 3
481 482 3
493 551 3
446 505 3
507 565 3
491 548 3
451 567 3
482 540 1
413 529 2
474 475 3
480 481 3
567 623 3
452 567 3
410 525 2
472 529 3
520 578 2
521 578 2
466 525 3
548 549 3
491 549 3
518 574 3
575 578 1
464 522 3
407 522 2
412 528 2
503 562 3
568 569 3
466 522 3
469 528 3
469 526 3
412 529 2
503 561 3
410 526 2
502 561 3
446 562 3
518 575 3
519 575 0
528 529 3
502 560 3
561 562 3
505 562 3
505 563 3
506 563 3
574 575 3
522 523 3
487 545 3
488 545 3
492 549 1
492 551 3
495 553 2
500 558 3
501 560 3
485 543 1
496 554 2
569 623 3
472 530 3
481 539 1
482 539 1
482 541 1
483 541 1
494 553 2
495 554 2
497 554 2
500 560 3
560 561 3
506 565 3
508 567 3
469 527 3
473 530 3
474 532 2
475 532 2
481 538 2
492 550 3
497 555 2
525 526 3
473 531 3
475 534 1
476 534 2
538 539 1
484 541 3
484 543 3
486 545 3
549 550 0
550 551 3
494 552 3
498 555 2
506 564 3
530 531 3
480 538 1
539 540 3
540 541 3
551 552 3
553 554 3
554 555 3
498 556 2
499 557 2
563 564 3
564 565 3
566 567 3
526 527 3
527 528 3
473 532 2
555 556 3
556 557 3
531 532 3
477 534 2
552 553 3
529 530 3
431 604 1
475 533 3
479 537 1
562 563 3
466 523 3
533 534 1
477 535 1
478 537 1
480 537 1
485 545 1
488 604 2
557 558 3
477 537 1
500 559 3
559 560 3
549 607 3
558 559 3
534 535 1
535 537 3
537 538 2
541 543 3
550 607 1
574 633 3
545 604 2
575 633 3
532 533 3
533 592 1
561 619 3
523 525 3
525 582 3
538 596 1
545 603 3
558 616 3
559 616 3
575 635 1
523 582 3
525 583 3
532 591 3
533 591 1
534 592 2
537 596 1
560 619 3
539 596 3
543 600 3
545 601 0
551 609 3
557 616 2
562 620 3
528 586 3
529 586 3
532 590 1
591 592 2
541 599 0
541 600 0
485 601 1
553 611 3
554 611 3
582 583 3
590 591 0
599 600 3
603 604 3
563 622 3
564 622 3
574 741 3
527 586 3
530 586 3
530 588 1
531 590 1
535 592 3
535 593 1
537 595 1
543 601 2
601 603 3
559 617 3
560 618 3
563 620 3
569 741 3
633 741 3
522 580 3
523 581 3
526 583 3
526 585 2
527 585 2
530 589 1
531 589 1
537 593 1
548 606 3
549 606 3
552 610 3
611 612 3
556 615 2
557 615 2
559 618 3
618 619 3
580 581 3
581 582 3
526 584 2
588 589 3
589 590 3
540 599 0
606 607 3
551 610 3
554 613 2
555 613 2
556 614 2
562 619 3
565 622 3
585 586 3
586 587 1
530 587 1
539 597 0
540 598 0
600 601 3
552 611 3
554 612 2
614 615 3
615 616 3
619 620 3
563 679 3
566 622 3
583 584 1
592 593 1
598 599 3
550 608 3
555 614 2
616 617 3
617 618 3
584 585 2
587 588 3
596 597 0
548 605 2
605 606 3
607 608 3
550 609 3
612 613 3
595 596 3
431 605 1
609 610 3
610 611 3
622 679 3
539 598 0
613 614 3
566 623 3
608 609 3
622 623 3
593 595 3
597 598 3
604 605 3
575 739 3
588 646 1
633 739 3
583 641 1
584 641 1
586 644 1
586 645 1
587 645 1
595 652 0
597 654 3
616 674 3
623 738 3
585 643 1
593 652 0
615 674 3
624 738 3
644 645 2
595 653 0
596 653 0
604 662 3
600 658 3
603 662 3
608 666 3
620 679 3
627 738 3
739 741 3
592 650 0
606 664 3
609 666 3
622 627 2
624 627 3
582 640 3
583 640 3
585 644 1
590 649 3
591 649 2
591 650 0
593 650 0
593 651 0
597 653 3
598 656 3
599 658 3
600 659 3
601 659 3
606 665 3
607 665 2
609 667 3
617 674 3
620 678 3
622 738 2
589 648 3
590 648 3
652 653 3
597 656 3
599 656 3
599 657 3
657 658 3
604 663 3
605 664 3
608 665 3
610 667 3
619 678 3
678 679 3
581 640 3
640 641 1
584 642 1
584 643 1
588 647 3
589 647 3
653 654 3
664 665 3
627 679 1
580 638 0
581 639 3
643 644 0
658 659 3
601 718 3
605 663 3
666 667 3
610 668 3
612 670 1
613 671 3
614 671 3
614 673 3
615 673 3
618 677 3
619 677 3
627 678 1
638 639 1
639 640 3
642 643 3
587 646 1
647 648 3
649 650 3
603 718 2
663 664 3
665 666 3
667 668 3
610 669 3
611 669 3
611 670 3
612 671 3
695 739 0
641 642 3
603 661 3
661 662 3
617 675 1
618 675 1
677 678 3
569 738 3
646 647 0
648 649 3
651 652 3
597 713 3
656 713 2
659 718 3
618 676 3
679 680 3
622 680 3
656 657 3
662 663 3
671 673 3
673 674 3
674 675 1
675 676 0
627 680 1
670 671 0
676 677 3
650 651 3
669 670 3
645 646 3
654 713 3
738 741 3
739 751 3
661 718 3
668 669 3
650 708 3
651 708 3
671 730 1
673 730 1
652 710 3
664 722 2
651 710 3
656 714 3
642 700 3
643 700 3
647 704 3
648 706 3
649 707 2
713 714 1
663 722 2
676 734 3
627 677 1
649 706 3
656 715 3
657 715 3
658 717 3
659 717 3
668 726 3
669 726 3
677 734 3
641 699 3
644 702 3
645 702 2
653 710 3
653 711 3
654 711 3
658 716 3
640 699 1
646 704 0
714 715 3
657 716 3
717 718 3
663 721 3
664 723 1
665 723 1
665 724 3
666 724 3
667 725 3
667 726 3
671 729 1
674 732 1
675 732 3
638 696 3
639 697 0
640 698 2
643 701 3
643 702 0
710 711 3
661 719 3
662 719 3
662 721 3
667 724 3
725 726 3
670 729 3
673 731 1
675 733 3
696 697 3
697 698 1
698 699 3
642 699 3
700 701 3
701 702 0
645 703 0
706 707 3
721 722 0
723 724 0
730 731 3
731 732 3
699 700 3
711 713 3
718 719 3
722 723 1
724 725 3
670 728 3
676 733 1
695 751 0
645 704 0
712 713 3
669 728 3
729 730 1
732 733 3
677 736 3
703 704 3
650 707 3
707 708 3
716 717 3
627 736 1
702 703 0
711 712 3
715 716 3
648 704 3
708 710 3
669 785 3
726 785 3
728 785 3
728 729 3
733 734 0
624 795 1
719 721 3
627 795 1
704 763 3
724 781 1
738 795 1
648 764 2
723 781 3
677 793 3
704 764 3
706 764 3
719 778 3
721 778 3
734 793 3
718 777 3
736 793 3
763 764 3
710 767 3
739 806 1
751 806 1
708 767 3
713 771 1
714 771 3
700 758 3
701 759 3
702 759 1
711 769 3
712 769 3
721 779 3
722 779 1
701 758 3
703 761 3
704 761 3
711 768 3
715 773 3
716 774 3
717 774 3
717 775 1
717 777 3
719 777 3
722 780 1
723 780 3
732 790 3
733 790 3
702 761 0
704 762 3
707 764 3
710 768 3
716 773 3
724 783 0
725 783 0
729 787 3
731 789 3
732 789 3
696 754 3
697 754 3
698 756 3
699 756 3
762 763 3
766 767 3
712 771 2
726 784 3
784 785 3
728 787 3
730 787 2
730 788 3
734 792 1
702 760 2
708 766 3
774 775 2
775 777 0
783 784 1
787 788 0
788 789 3
733 792 3
697 756 1
699 757 3
699 758 3
760 761 3
767 768 3
714 773 3
792 793 0
759 760 3
761 762 3
707 766 3
773 774 3
778 779 3
779 780 3
777 778 3
790 849 3
733 849 3
756 870 0
756 757 3
780 781 3
789 790 3
792 849 3
757 758 3
768 769 3
756 812 0
769 771 2
781 783 0
627 793 1
812 870 3
758 759 3
697 812 3
751 867 1
769 828 1
771 828 1
785 844 3
728 844 3
764 766 3
766 824 3
771 773 2
771 830 2
773 830 3
774 832 3
775 834 3
777 834 1
754 812 3
781 840 1
783 840 1
764 824 2
777 835 3
778 835 3
780 839 3
781 839 3
793 852 1
763 821 3
764 823 2
769 827 1
627 852 1
758 816 2
764 821 3
823 824 3
768 827 1
827 828 2
790 848 3
757 816 2
759 817 2
773 832 3
780 838 3
848 849 3
756 814 3
759 816 2
760 817 3
779 838 3
728 845 3
787 845 3
787 846 3
757 814 3
760 819 3
761 819 3
821 823 2
774 833 3
775 833 3
785 843 3
788 846 1
789 847 3
792 850 3
767 824 3
771 829 2
834 835 3
778 836 3
779 837 3
783 841 1
784 842 1
784 843 3
843 844 3
790 847 3
849 850 3
793 851 1
816 817 3
762 819 3
767 825 3
767 827 2
829 830 3
835 836 3
836 837 3
837 838 3
838 839 3
839 840 0
840 841 3
841 842 1
844 845 3
846 847 0
847 848 3
850 851 3
851 852 3
824 825 3
828 829 3
832 833 3
833 834 3
845 846 3
773 890 3
832 890 3
842 843 0
814 870 0
814 816 3
827 885 1
767 884 2
827 884 2
760 877 2
819 877 3
763 819 3
830 890 3
763 878 3
817 877 3
825 884 3
876 877 3
821 878 3
817 876 3
828 885 3
821 880 0
823 880 3
814 872 3
824 882 3
844 903 3
845 903 3
849 907 1
814 873 3
848 907 1
872 873 3
816 873 3
819 878 3
829 887 3
830 889 3
836 894 3
846 904 3
878 879 3
821 879 3
828 887 1
829 888 3
830 888 3
889 890 3
837 894 3
843 902 3
844 902 3
845 904 3
852 910 1
816 874 3
823 882 3
884 885 1
851 909 1
852 909 1
627 910 1
817 874 3
817 875 3
823 881 3
833 890 2
833 891 3
834 892 2
835 893 3
837 895 3
838 896 3
839 897 3
840 898 1
841 899 1
842 900 3
843 901 3
847 905 1
848 906 1
850 907 1
850 908 1
874 875 3
875 876 3
877 878 3
879 880 0
880 881 3
881 882 3
824 883 2
828 944 1
888 889 3
891 892 3
892 893 3
893 894 3
894 895 3
895 896 3
896 897 3
897 898 3
898 899 3
899 900 3
900 901 3
846 905 3
905 906 3
906 907 3
907 908 3
908 909 3
909 910 3
885 944 1
887 944 3
901 902 3
882 883 1
890 891 2
902 903 3
904 905 3
870 872 1
873 874 3
825 883 3
887 888 3
903 904 3
883 884 0
738 739 2
879 937 3
885 943 1
884 943 1
883 942 1
884 942 1
904 962 3
870 873 1
882 940 1
887 945 3
888 945 3
903 961 3
903 962 3
876 934 3
877 935 3
878 937 3
880 937 1
883 940 1
943 944 3
888 946 3
902 961 3
870 931 1
873 931 3
873 932 3
874 932 3
875 934 3
876 935 3
942 943 3
889 946 3
889 948 3
890 948 3
891 948 3
906 964 3
875 932 3
878 935 3
878 936 3
880 938 1
881 939 1
882 939 1
889 947 3
891 949 3
892 950 3
893 951 3
894 952 3
895 953 3
896 954 1
897 955 1
898 956 0
899 957 1
900 958 1
901 959 3
902 960 3
905 963 3
905 964 3
907 964 3
907 965 3
908 966 3
909 967 3
910 968 3
875 933 3
934 935 3
935 936 3
937 938 3
938 939 3
944 945 3
945 946 3
946 947 3
947 948 3
948 949 3
949 950 3
950 951 3
951 952 3
952 953 3
953 954 2
954 955 2
955 956 0
956 957 1
957 958 3
958 959 0
959 960 3
904 963 3
964 965 3
965 966 3
966 967 3
967 968 3
627 968 1
936 937 3
960 961 3
931 932 3
932 933 3
933 934 3
961 962 3
939 940 3
963 964 3
940 942 0
962 963 3
940 999 0
942 999 0
627 1027 1
968 1027 3
870 989 1
944 1002 3
943 1002 3
964 1022 3
940 998 3
944 1003 3
945 1003 3
961 1019 3
963 1022 3
934 992 3
936 995 3
937 995 3
939 998 3
943 1001 3
947 1005 3
953 1011 3
962 1019 3
931 989 3
933 992 3
935 993 3
938 995 2
998 999 2
942 1001 3
948 1005 3
954 1011 2
932 989 3
934 993 3
936 993 3
936 994 0
938 996 3
939 997 3
942 1000 0
946 1004 3
946 1005 3
948 1006 3
949 1007 3
950 1008 3
951 1009 3
952 1010 3
952 1011 3
954 1012 0
955 1013 0
956 1014 1
957 1015 0
958 1016 0
959 1017 3
960 1018 3
965 1023 3
966 1024 3
967 1025 3
968 1026 3
932 990 3
932 992 3
993 994 0
994 995 1
995 996 3
996 997 3
997 998 3
999 1000 1
1000 1001 1
1001 1002 3
1002 1003 3
1003 1004 3
1004 1005 3
1005 1006 3
1006 1007 3
1007 1008 3
1008 1009 3
1009 1010 3
1011 1012 0
1012 1013 3
1013 1014 3
1014 1015 3
1015 1016 3
1016 1017 3
1017 1018 3
1018 1019 3
1022 1023 3
1023 1024 3
1024 1025 3
1025 1026 3
1026 1027 3
989 990 3
1010 1011 3
992 993 3
990 992 3
