-0.0646698 0.147291 21.5579
-0.06467 0.147291 21.5579
-0.0253885 0.0364923 20.6084
0.013594 0.0255783 17.2844
0.0127621 -0.0364 17.9668
0.0251556 -0.0779942 17.0944
0.0394513 -0.148857 15.4882
0.0132913 -0.18525 20.4765
0.019942 -0.136181 19.4689
-0.0267118 0.00712647 26.0997
-0.0584812 -0.0142952 33.2097
-0.0595265 -0.0042228 32.2992
-0.0871121 0.0212784 38.2626
-0.0604068 0.0516774 30.3228
-0.0544628 0.0323318 29.1354
-0.055903 -0.00391536 29.4746
-0.0174541 0.0071834 15.2694
0.0310061 -0.0104212 -2.0658
0.0122608 -0.00705959 5.1615
0.0276929 0.0091865 -2.2456
0.0360657 0.00900654 -6.14218
0.0954836 -0.00738933 -31.2824
0.0694271 -0.021364 -19.4187
0.0453307 -0.0378763 -7.14814
0.0386391 -0.0586007 -3.52601
0.0725738 -0.0919397 -21.535
0.051145 -0.139475 -8.33426
0.00326288 -0.216733 21.2728
-0.0367279 -0.158996 44.0758
-0.0520915 -0.127861 53.3253
-0.0652654 -0.658766 64.7214
-0.028235 -0.556021 39.1609
-0.0361435 -0.107278 34.4644
-0.0313169 -0.099619 30.3179
-0.00113532 -0.133818 9.04019
-0.0267705 -0.124973 28.9611
-0.0337641 -0.149364 34.4439
-0.0294083 -0.131177 30.8681
-0.00839961 -0.103006 12.1182
-0.0268659 -0.0872743 27.5497
0.0285043 -0.0263035 -21.0773
0.0975346 -0.0178931 -81.3272
0.0750865 -0.0215923 -61.1049
-0.0289414 -0.0202047 34.8379
-0.0362021 -0.0483896 42.1162
-0.0217313 -0.0176052 26.657
-0.0602996 -0.0173584 64.5837
-0.0461358 0.0207939 49.5132
-0.0234339 0.0208269 26.2114
-0.00962065 0.0104306 11.9948
-0.00732299 -0.0159034 9.6278
0.0553074 0.0157788 -59.8426
0.0136955 -0.0293833 -13.8539
-0.00305069 0.0182141 5.14798
-0.00223342 0.020677 4.19214
0.0155898 -0.030393 -16.9866
-0.00224555 0.0210332 4.1999
-0.00223934 0.0210611 4.19119
0.0510065 -0.0654335 15.3256
0.0759393 -0.2323 20.5375
0.0490579 -0.196396 20.8477
0.00998985 -0.0784511 20.5721
0.0097336 -0.0898727 20.054
0.0185451 -0.0916314 19.1314
-0.0329614 -0.0472061 23.9708
-0.0292119 -0.00666929 21.5934
-0.0435811 -0.0227711 23.9816
0.0287442 -0.158418 15.7084
-0.0290209 -0.0417135 27.0175
-0.0779177 0.0024882 36.8014
-0.0745112 0.0176145 35.1171
-0.0574845 0.000276045 31.1348
-0.0783583 0.0343027 35.877
-0.0564071 0.0192051 29.423
-0.0489504 -8.12162e-06 26.9176
0.012934 -0.00270855 4.51695
0.0417941 0.0134414 -7.25348
0.0432796 0.0103884 -7.61237
0.0688901 -0.0250264 -21.9478
0.0735598 -0.0268352 -20.826
0.0685077 -0.0301343 -18.2809
0.0313547 -0.046353 0.309846
0.0365658 -0.0561294 -2.29924
0.0660096 -0.0861085 -17.9353
-0.00168185 -0.0809532 21.0043
-0.0159959 -0.127776 30.98
-0.0314346 -0.125051 39.9637
-0.0369931 -0.142762 43.9916
-0.0160865 -0.0717838 17.3986
-0.0260133 -0.106844 25.7966
-0.0307986 -0.114025 30.0501
-0.0212954 -0.0700931 21.3546
0.070166 -0.248784 -40.1699
-0.019125 -0.109444 21.4702
-0.0194999 -0.0996175 21.4089
-0.0296428 -0.0943077 29.0708
0.00602829 -0.0325805 -2.26049
0.0427894 -0.0405029 -33.1952
0.0944644 -0.0355281 -78.2351
0.0845246 -0.0364069 -69.4603
0.0764852 -0.00643276 -61.8748
-0.0528309 -0.021724 57.5995
-0.0391306 -0.0235357 43.9787
-0.0220737 -0.00853963 26.4523
-0.0225021 0.0176482 26.1133
-0.0440071 0.0259688 47.4062
-0.00399401 0.0182306 6.14981
-0.0149055 0.016823 16.9072
-0.00927513 0.01165 11.0454
-0.00585632 0.00971797 7.93932
-0.00250953 -0.0822578 6.69045
-0.00245086 0.0196495 4.46513
0.00168388 0.000216115 -0.58889
0.00294356 0.0012121 -2.11121
0.00410993 0.00303214 -3.59582
-0.00217995 0.0214635 4.10793
-0.0212265 -0.00268899 13.3075
-0.0123016 -0.0173547 13.6247
0.0397733 -0.121442 16.9613
0.0227423 -0.148915 20.9132
-0.00827314 -0.177997 24.7664
0.0187086 -0.177631 22.2694
0.00813637 -0.0660147 19.0793
-0.0556143 -0.0453777 27.2389
-0.067926 -0.0575689 29.942
-0.0282481 -0.0401095 21.3889
-0.0302679 0.00158603 20.3077
0.00461875 -0.0509858 14.4363
0.0132121 -0.103012 15.6259
-0.0203457 -0.0857124 24.3947
-0.0626034 -0.0194541 33.4827
-0.0517191 -0.00556443 28.9305
-0.0461256 0.0204732 24.9189
0.012222 -0.00645789 4.95909
0.039261 -0.018087 -4.77777
0.0179513 0.000278895 3.34053
0.0364952 -0.146264 3.94345
0.0438519 -0.0116414 -8.13627
0.0410021 -0.0758341 -2.87474
0.802333 0.0454153 -401.023
-0.0268366 -0.0849128 26.7871
-0.0870692 0.0156455 52.8521
-0.00610348 0.0285753 5.51095
-0.00126038 -0.00205777 4.06639
-0.0919615 0.132458 49.7809
-0.0191956 -0.0232404 16.5012
-0.0278373 -0.0375085 23.226
-0.022769 -0.0741933 21.9546
-0.016587 -0.0493821 16.2179
-0.00808607 -0.0742611 11.6148
0.0038524 -0.442385 22.3794
-0.000117182 -0.0513344 4.46983
-0.00418047 -0.046824 7.65731
-0.0173737 -0.0349409 17.3513
-0.0034803 -0.0110964 4.75517
0.0213318 -0.00763455 -16.2792
0.0450595 -0.0384992 -35.1655
0.0804221 -0.0673986 -63.8521
0.11613 0.055543 -100.644
-0.0599338 -0.00505452 64.2379
-0.0373151 -0.0209429 42.4709
-0.000487593 0.00187315 5.61392
-0.0190187 0.0213412 22.7769
-0.0458863 0.0342288 49.3716
-0.00207792 0.0214889 3.99899
0 0.071655 -2.11361
0 0.071655 -2.11361
-0.00443746 0.00340476 6.20627
-0.00536947 0.0121126 7.49016
-0.00181089 -0.00493437 3.76954
-0.00110981 -0.00533295 3.01467
-0.00177201 -0.00641605 3.98839
0.000223996 0.0193272 1.45029
0 0.0721916 -2.13828
-0.0325704 0.0137123 13.0339
-0.0435725 0.00594828 13.8472
-0.0225684 -0.0192838 14.625
-0.0265819 -0.113705 21.6053
-0.0255671 -0.20257 27.2245
-0.0645215 -0.162816 26.8441
-0.0137735 -0.121538 18.0628
0.159908 0.215534 -33.6561
0.0148905 -0.194136 23.8273
-0.0195908 -0.165899 27.8639
-0.0260536 -0.0315099 20.857
-0.0218757 -0.0876817 23.6853
0.0260311 -0.105621 11.547
-0.109173 0.00576697 73.395
-0.0327079 -0.0192187 23.4792
-0.385422 0.0305486 133.735
-0.0725019 0.0183546 35.2264
-0.014102 0.00100357 14.2173
-0.00615303 0.0588525 5.7528
0.0117958 -0.108053 11.3474
0.0191061 -0.151412 11.3959
-0.0187704 -0.181975 31.207
-0.0369409 -0.150032 37.4549
-0.0193739 -0.0925761 23.406
-0.0222004 -0.0541419 22.6591
-0.0695788 -0.0156152 45.1239
-0.0183738 0.00668707 13.9965
-0.00485099 0.0252447 5.42467
-0.033316 0.0222886 22.9378
-0.0530135 0.0118266 36.1198
-0.029739 -0.0261237 23.7712
-0.0270929 -0.0387198 22.67
-0.01522 -0.0175058 13.1267
-0.0114302 -0.0261595 11.2314
-0.00420566 -0.0252355 6.02388
0.00523469 -0.00101688 -2.78598
-0.00177641 -0.00895587 3.55153
-0.00579127 -0.000672468 6.0604
0.0157581 0.0019668 -11.976
0.0209617 0.00680036 -16.6597
0.0236941 -0.0014472 -18.2086
0.0396173 -0.0396367 -29.5995
0.0273682 -0.0534077 -17.5115
0.0120211 -0.0406618 -2.43797
-0.0317914 -0.0239267 36.8611
0.0011314 -0.0305676 6.06767
0.00235868 -0.00909839 3.82826
-0.0344399 -0.010311 40.6893
-0.00267166 0.0227955 4.64764
-0.0223923 0.0340174 25.5049
0.0129048 0.0507608 -14.3515
0 0.0424235 0.348836
0 0.0651999 -1.46444
0 0.0651999 -1.46444
-0.00372147 0.0425866 4.79823
0.00257835 0.0709338 -4.99925
0.000966375 -0.000282876 1.39036
-0.0607181 0.0743378 72.4955
-0.033896 -0.00163302 14.2965
-0.0579455 0.00325555 14.8301
-0.0666093 -0.024738 17.7862
-0.185048 -0.102118 32.2894
-0.0535579 -0.132862 23.2816
-0.0181449 -0.0808425 14.5865
0.0246132 -0.112334 11.0584
0.0709806 -0.149886 8.46696
-4.92609e-05 -0.0493481 8.24217
-0.0136702 -0.17496 25.875
0.0334065 -0.0661603 9.74985
0.017975 -0.174593 18.5503
0.0604181 -0.346305 21.7573
-0.112434 0.0059853 74.3262
0.0917247 -0.326689 10.3437
-0.0294307 -0.143779 30.9043
-0.0725572 -0.0971156 40.3477
-0.00354482 -0.0218623 12.6137
0.0604957 0.0233869 -17.1557
0.0224723 -0.101276 4.79317
0.0180598 -0.15231 11.84
0.000731148 -0.139374 18.6902
-0.00243981 -0.0871372 14.8123
-0.000856696 -0.0653965 12.1072
-0.0152495 -0.0595423 19.2903
-0.0340802 -0.0296422 26.5194
-0.00395154 -0.0260901 9.29495
0.00913553 -0.0218193 1.50148
-0.0273512 0.0271172 19.5287
-0.0398603 0.0272821 27.0311
-0.0551971 0.00522183 38.0195
-0.0264058 -0.00549917 19.7313
0.00384593 0.0132443 -2.69942
0.00252892 0.0183015 -2.30289
-0.00430859 0.0177617 3.09676
-0.00440353 0.00395179 4.44349
0.0061606 0.000749587 -3.54331
-0.00825692 0.000249769 8.09203
0.00688288 -0.00802867 -3.71572
0.0209071 -0.00656251 -15.1873
0.00501022 -0.00212925 -1.83733
0.0131062 -0.0149564 -8.04198
0.0262881 -0.0453163 -17.3405
0.0390371 -0.0290943 -30.3914
-0.0157016 -0.0231181 22.1924
0.0364834 -0.0309842 -28.6322
-0.00541679 -0.0421073 14.2516
-0.0245219 0.025378 28.8846
-0.0265093 0.046187 29.0424
0 -0.232403 30.7338
0.0170884 -0.234218 12.4718
0 -0.292351 36.8059
-0.00801339 -0.227773 39.4566
0 -0.179217 25.3593
0.16071 0.157623 -136.03
0.17031 0.359391 -171.918
-0.0913298 0.0453755 114.713
-0.090922 -0.250204 145.472
-0.0306732 0.0219798 11.3371
-0.0459392 0.00753112 13.4347
-0.0797823 -0.0138052 17.5534
-0.220183 -0.110069 35.8523
-0.0193078 -0.0676989 13.2849
0.0170832 -0.0056091 1.79522
0 0 -1
-0.00941648 -0.0720702 12.5556
4.49736e-05 0.0539434 -3.26219
0.0107003 -0.0348026 4.13932
-0.042102 -0.00735207 13.4999
-0.0210318 0.00798722 6.24933
-0.00721165 0.00781729 2.86185
0.0365512 -0.00813588 -7.0981
0.0545219 -0.0459086 -7.97377
-0.000909077 -0.129861 20.4322
-0.0611971 0.0159154 22.7677
-0.0407216 0.023424 14.3884
0.13621 0.0165355 -46.8558
0.00264274 -0.0627782 9.00949
-0.00136858 -0.023817 6.2195
0.00266249 -0.0491854 7.92693
0.00854365 -0.0305623 2.31769
0.0093392 -0.0567878 6.56599
-0.0220368 -0.0641738 24.014
-0.00752591 -0.0488743 13.4933
0.0266517 -0.0296346 -8.6713
0.0459283 -0.0167082 -21.2146
-0.0201074 0.00599 16.5212
-0.0473622 0.00809829 32.8605
-0.0556119 -0.00689103 39.3178
-0.0205698 -0.00304899 15.7068
0.0137285 0.0112224 -9.12102
0.00044831 0.0030492 1.34116
-0.0147755 0.00900943 11.6707
-0.00803225 0.00667005 6.78813
0.00580167 0.00356426 -3.62268
-0.0104069 -0.00164277 9.96784
0.0015273 -0.0128954 1.37241
0.0136424 -0.0154395 -8.49732
0.015627 -0.0131949 -10.0823
0.0127226 -0.0194164 -6.7476
0.0216744 -0.0159517 -15.5536
0.0385227 -0.0124273 -31.5133
0.0207297 -0.0192913 -13.3075
0.00108608 -0.0266683 5.93083
0.0275665 -0.0436651 -18.0985
-0.0109741 -0.0471732 20.9258
-0.0152418 -0.06102 26.8049
0.0850257 -0.343358 -46.355
0.0362313 -0.292975 -1.63741
-0.07652 -0.349937 129.871
0.0814719 -0.351311 -47.3424
0.0018543 0.0186755 -0.178808
-0.0124407 -0.00768403 16.7804
0.0977892 -0.42216 -52.494
0.0944935 0.00539614 -100.72
0.0738029 0.0497058 -80.9762
-0.0268615 0.0665309 5.5652
-0.0340096 0.0874521 2.78798
0.0378865 -0.0391717 24.2409
-0.0135957 -0.044216 27.4094
-0.0200801 -0.07197 14.6235
0.0120072 0.428525 -45.6666
-0.00730773 -0.0346744 8.41321
-0.0098795 -0.00978673 17.4158
0 0 -1
0.449317 -0.0312799 -74.1212
0.00254531 0.0141033 0.212537
-0.0109866 -0.00548893 5.95107
-0.00336829 0.0193287 0.647789
0.00494034 0.00417425 0.576873
0.0335823 0.00562139 -8.13231
-0.0561119 -0.251926 59.9712
-0.02778 0.00714926 12.7653
-0.0304617 0.0169381 11.791
0.275828 0.0135688 -102.921
0.0252885 -0.0228945 7.03836
-0.0328954 -0.034968 33.8389
-0.00557276 -0.00986218 6.65033
-0.0023971 -0.0185001 5.7938
0.0062571 -0.044473 5.48276
-0.000245652 -0.0400771 9.22858
0.0124878 -0.0265655 -0.154565
0.0203498 -0.000111937 -8.2965
0.0459432 0.0496334 -29.8614
-0.00226009 0.0338196 1.36449
-0.162992 0.0422082 102.531
-0.0283331 -0.0169595 22.6191
0.00438666 0.00121027 -1.47434
0.00359395 0.00431359 -1.08691
0.00040506 0.00185254 1.39074
-0.00618973 0.0106516 5.01895
-0.00864698 0.0218559 5.37414
0.00590934 0.048347 -9.29938
-0.0124879 0.00242581 11.0035
-0.000684684 0.00052029 1.47404
0.00301827 0.00830872 -2.84874
0.0129917 -0.018936 -7.28825
0.0148247 -0.026872 -7.5838
0.0222286 -0.0220373 -15.0779
0.0309376 -0.0411017 -20.4967
-0.0321372 -0.0269191 37.9918
0.00627317 -0.0334928 1.32499
0.0143177 -0.0294084 -7.16457
-0.00482519 -0.0276344 11.715
0.0199487 -0.00299729 -17.9969
-0.0104442 -0.00614211 14.2225
-0.000731397 0.091482 -10.5932
0 0.0981542 -12.2673
-0.00751139 -0.0177285 12.5394
0.0217125 0.0241807 -23.713
0.204397 -0.266697 -194.518
-0.0833243 0.440386 50.7323
0.240898 0.0931423 -291.967
-0.109292 -0.0148596 144.253
0.0134471 0.0988807 0.29095
0.0501303 0.0555948 6.57283
0.00336928 -0.0140004 21.4019
-0.0382363 -0.0507042 30.0048
-0.0372394 -0.023208 26.0115
0.00309534 -0.0817923 29.7443
-0.0404402 -0.0339982 28.0446
-0.0116394 0.000204425 15.9448
-0.0531925 0.00161802 23.2102
-0.0854879 -0.0049545 30.1399
-0.00768709 0.0251611 0.802244
-0.013339 0.0469812 -1.06252
-0.00031961 0.0188507 0.026724
0.119499 0.00831862 -24.2753
0.0365885 0.00455006 -8.96678
-0.0143786 0.0634712 0.113691
-0.043268 0.0455521 11.3443
0.0107715 0.0478101 -8.98218
0.314341 0.014293 -118.924
-0.0271732 0.0551673 4.96362
-0.0811486 -0.000948319 50.1452
-0.160504 0.00844861 83.1127
-0.0786078 0.0138245 53.2137
-0.0617581 -0.01765 50.4148
-0.098701 -0.0196006 69.589
0.0124878 -0.0265655 -0.154565
0.0835839 0.598294 -135.506
0.0584006 0.00671775 -31.322
0.00736966 0.0490018 -6.02813
-0.00726081 0.0408599 4.36542
-0.0106077 -0.00798419 9.85488
0.00985017 0.00902857 -6.30746
0.00699383 0.00599024 -3.81013
-0.00186427 0.00454276 2.57983
0.00232227 0.00550441 -0.746568
0.00873117 0.0152528 -7.24072
0.00392925 0.0145726 -2.11284
-0.0250083 0.0146008 19.4014
-0.0121109 0.0119739 9.13844
0.00481333 0.00591328 -4.02117
-0.000320261 0.00765051 0.0483036
0.00178048 -0.00307547 0.185391
0.00897952 -0.0184213 -3.66104
0.0381442 -0.0101529 -32.0355
0.0902213 -0.0271602 -77.8807
0.0234279 -0.0236108 -17.2791
0.0130719 -0.0114254 -8.24781
-0.00888717 -0.0228159 14.7017
-0.00607157 -0.0162974 10.6428
-0.00710699 -0.0206724 12.4685
-0.00663211 -0.0196364 11.8197
-0.00557456 -0.0133861 9.66938
-0.00182201 0.00491596 5.34198
0.0341191 0.0102156 -35.8788
0.0101362 0.0370573 -10.0939
0.0105291 0.191331 -36.1816
0.202426 0.0578025 -238.457
0.270081 0.0855907 -326.35
0.0383208 0.121235 -4.09753
-0.0250197 0.108828 0.475408
-0.0406564 0.0721255 7.88978
-0.0728702 -0.037641 30.563
-0.112737 0.0169702 25.1577
-0.0490909 0.197967 -17.1441
-0.0406768 0.0317912 16.3145
-0.0514597 0.0625388 11.7818
-0.0477624 0.0414565 15.3603
-0.106574 0.0397089 26.5405
0.0485947 0.246695 -49.0561
0.0283069 0.212513 -36.7986
0.0153111 0.0778619 -8.55508
0.0221776 0.0168388 1.69767
-0.0114613 0.120051 -9.06582
-0.0869928 0.115597 16.7716
-0.0624409 0.115518 7.37209
-0.038112 0.112585 -0.941884
-0.0201736 0.0777098 -1.98389
-0.0233033 0.0576124 2.81046
-0.125805 0.0210368 65.6898
-0.467256 -0.0455649 231.669
-0.0833263 0.00319296 57.3972
-0.0943794 -0.00560677 64.8747
-0.115838 -0.0417831 82.6875
0.0671857 0.0290115 -27.2684
0.0182313 0.0358934 -0.592853
0.0199732 0.0562153 -5.32552
0.0158557 0.281449 -59.7377
-0.0546476 0.064171 29.2626
-0.0334497 0.1421 -1.19975
-0.000679019 0.030496 -3.16203
0.00855891 0.00885304 -5.57082
-0.00977811 0.0333407 3.00972
-0.00464977 0.0352885 -1.1289
-0.00592169 0.0308298 1.09811
-0.00171915 0.0390443 -3.81494
0.00604497 0.0395747 -10.5439
-0.00437596 0.0299342 -0.446831
0.00131627 0.0275958 -5.03395
0.00569842 0.0137779 -6.36953
0.00308233 0.0203675 -5.3037
0.00654143 0.0243213 -8.85013
0.0176394 0.00462237 -15.2879
-0.0214962 0.00240906 24.4869
-0.0200785 -0.0176118 25.2687
-0.00495442 -0.0313159 12.8706
-0.0595228 -0.322278 122.681
0.0354877 -0.305092 22.0633
-0.00430786 -0.00768914 7.15576
0 -0.377617 71.6639
0.0699446 -0.352402 -10.2134
-0.00326539 -0.00567444 5.57232
0.0205903 0.00654531 -20.0128
0.0272817 -0.0235643 -21.2286
0.318519 0.103926 -388.756
0.312764 0.105992 -382.032
0.27825 0.0738901 -334.355
0.012328 0.170251 -12.5872
-0.0094729 0.213228 -21.1242
-0.0419419 0.172963 -11.5635
-0.0528294 0.172329 -10.3944
-0.0721999 0.197954 -13.7963
-0.0224127 0.215912 -23.0035
-0.034281 0.193714 -16.9802
-0.0579238 0.135162 -1.5054
-0.0811292 0.135194 3.0757
-0.0254389 0.165285 -14.277
0.0225837 0.48354 -89.1415
-0.0194532 0.294569 -40.8434
-0.241283 0.9247 -106.643
-0.0669111 0.146397 13.3257
-0.0680099 0.151368 3.18381
-0.0472648 0.0714592 22.6976
-0.127162 0.901806 -121.479
-0.168793 0.0356747 81.7202
-0.168629 0.015356 86.0105
-0.161182 0.018883 82.0939
-0.153283 0.0240153 77.0514
-0.138603 0.0445013 66.4548
-0.0495357 0.00917789 38.7184
-0.0853849 -0.0200813 62.5898
-0.0332348 -0.0727999 45.7812
0.096038 0.0771061 -53.1415
0.0361692 0.0331204 -10.0491
0.0204236 0.040018 -2.77373
-0.000181439 0.298537 -52.8964
-0.00334571 0.244118 -39.9779
-0.0177099 0.251993 -32.5482
-0.0267209 0.327972 -42.2559
-0.00345148 0.339527 -60.8215
-0.0439005 0.33091 -29.8878
-0.0194749 0.36931 -55.5161
-0.0210936 0.328889 -45.738
-0.0296828 0.146662 -1.43558
-0.0163963 0.144292 -11.5437
-0.0140098 0.133011 -11.4992
-0.0107113 0.0896118 -6.69977
-0.0187999 0.0782783 2.55793
-0.00906255 0.0834152 -6.91594
-0.00502605 0.0435796 -2.06128
-0.00448238 0.0241017 1.41177
-0.00648059 -0.00140074 9.03425
0.00127854 -0.0120895 3.17619
0.00855817 -0.005753 -5.36779
0.0129478 -0.0049953 -9.96652
0.00654992 -0.0024953 -4.13859
0.00727631 -0.00262384 -4.88514
-0.00813602 -0.00180037 10.0914
0.00358776 -0.00659264 -1.72166
0.0278038 -0.00704387 -25.6192
0.025784 -0.0193831 -20.7614
0.001228 -0.0117025 4.33119
0.19727 0.00743977 -217.448
0.15334 -0.122534 -143.781
0.235116 -0.060852 -256.476
0.0405474 0.220438 -23.3908
0.0241468 0.291511 -38.8506
-0.0232264 0.270404 -32.3594
-0.0726045 0.263609 -27.7873
-0.373913 0.677665 -86.9548
-0.0271778 0.534552 -91.6877
-0.0437601 0.255702 -28.0383
-0.0575906 0.141951 5.69071
-0.0391662 0.178254 -6.02831
0.0274021 0.0756316 5.11618
-0.0312715 0.00775213 34.2718
0.237437 0.212762 -80.5164
-0.025369 0.236915 -17.5918
-0.194853 0.0117285 95.7076
-0.190812 0.00516014 96.0099
-0.186511 0.00153265 95.4415
-0.174953 0.01726 88.0499
-0.043332 0.171818 -5.45177
-0.00908634 0.234314 -33.3643
-0.00810819 0.260905 -39.6635
-0.0103035 0.239558 -34.4924
0.00215956 0.296807 -54.0574
0.0203545 0.294753 -61.9698
0.0116081 0.18254 -31.4307
0.0214707 0.211837 -43.9652
0.0562487 0.18445 -55.4931
0.0155047 0.0883298 -10.5114
-0.017522 0.0327711 20.7965
-0.0696764 0.245467 2.78687
-0.0164682 0.276476 -37.6316
-0.0288094 0.296319 -34.3622
-0.0360301 0.316487 -33.9602
-0.0767999 0.0433262 55.0256
-0.0312155 -0.0126633 36.0182
-0.0312973 -0.0279906 39.3104
-0.0304433 -0.00796467 34.2591
-0.0406714 0.0648144 25.9115
0.00381621 0.0627776 -9.46901
-0.00467999 0.146611 -21.2394
-0.0303946 0.165606 -4.52691
-0.0409283 0.169032 3.8908
-0.0354458 0.15326 2.26775
-0.0180849 0.0465603 9.78745
0.00180075 -0.00118823 0.551719
-0.0135824 -0.00792285 18.9578
-0.0109854 -0.00146505 14.6788
-0.0152055 0.0178982 12.5943
-0.0121899 -0.00490295 16.4806
-0.00789025 -0.00299906 10.2351
0 0.131705 -28.2673
0 0.156805 -33.8404
0.00565846 -0.00332301 -2.95336
0.010805 0.132339 -40.6445
0.0219301 -0.0176084 -16.7063
0.0110707 -0.0224975 -3.46102
0.674051 -0.000455529 -796.394
0.10948 -0.142159 -85.5664
0.28686 -0.0101566 -333.197
0.020194 0.0244222 -7.89229
0.00637178 0.31936 -44.6027
-0.0152612 0.351979 -51.4729
-0.0284905 0.00626269 43.9589
-0.0241521 -0.00140181 45.8053
-0.0747203 0.000248756 51.0026
0.224552 -0.0367781 14.1261
-0.110176 0.00487103 54.2954
-0.0985695 0.0343224 44.8604
0.0265301 0.112443 -3.20315
-0.0119702 0.0589154 17.6914
-0.0454422 0.0249947 33.3431
-0.0551558 0.130995 8.94318
-0.0377074 0.145914 0.325152
-0.0557246 0.167464 -0.429671
-0.0418052 0.203874 -13.0023
-0.0826223 0.177177 7.97543
-0.0390359 0.166813 -5.90349
0.0185579 0.256613 -49.6779
-0.00778873 0.282901 -45.6153
-0.0119994 0.293707 -45.871
-0.00384705 0.314646 -54.7727
0.000493095 0.29358 -51.3715
-0.012922 0.283035 -42.1963
0.00833091 0.261424 -48.3065
0.0299399 0.254463 -57.5929
-0.00986025 0.205693 -22.8463
-0.046099 0.21811 -5.20271
-0.0341272 0.226131 -14.45
0.00700594 0.265635 -50.0122
0.0200658 0.293077 -64.8156
0.0155398 0.331305 -71.5134
0.00750447 0.348463 -70.8732
-0.0346991 -0.0117513 38.1521
0 0.195443 -27.1686
-0.0281133 -0.00980419 32.8132
-0.0294386 0.0256374 25.295
0.00306198 -0.0130813 29.7415
-0.0202364 0.146981 -8.41586
-0.0236875 0.155418 -7.66233
-0.0312505 0.167456 -4.195
-0.0405355 0.161621 5.19676
-0.0426959 0.159269 7.52972
-0.0796968 0.0645217 63.2283
0 0.458452 -102.845
-1.26777e-12 0.137591 -21.5897
-1.30174e-12 0.137591 -21.5897
-0.00574809 -0.000223541 7.71858
0.20026 0.347546 -289.237
-0.00438093 0.421814 -89.2027
-0.0477224 0.628479 -94.0368
-0.00469949 0.132861 -15.1555
0.00876752 0.128127 -29.1005
-0.0655657 0.586177 -59.8824
-0.0297963 0.679131 -123.189
-0.309659 0.138068 349.073
0.188267 0.18039 -249.362
0.0727387 0.137587 -97.1733
0.020194 0.0244222 -7.89229
0.020194 0.0244222 -7.89229
0.06206 0.0904517 13.3145
-0.00704675 -0.0163152 48.1305
-0.0637906 -0.0334187 58.6809
-0.0673766 -0.0509236 63.3629
0.189113 -0.0460915 21.3078
0.0368415 0.233547 -38.5904
0.0140031 0.171427 -17.4497
-0.0135509 0.196613 -19.3921
-0.0326476 0.130606 2.52806
-0.0148334 0.177103 -13.9813
-0.0179263 0.190369 -17.4057
-0.0168662 0.196002 -19.2566
-0.0139407 0.184507 -16.8802
-0.0713063 0.174107 5.85798
-0.0881111 0.211291 1.0325
-0.111491 0.129236 30.2569
0.0075595 0.313411 -60.2343
0.00209237 0.295 -52.5672
-0.00662627 0.302306 -50.9089
0.0107086 0.273671 -50.6374
-0.0110749 0.328431 -54.2444
-5.29474e-05 0.310409 -55.736
0.0225918 0.313305 -68.4107
0.0238671 0.318763 -70.6791
0.0110418 -0.00473366 19.3053
0.0459589 0.155849 -33.2984
-0.0236183 0.238249 -24.1973
0.0342864 0.238075 -60.5185
0.0808312 0.268531 -98.9335
0.049379 0.310407 -89.0155
0.0196584 0.335121 -74.9828
0.00462493 0.353584 -69.9309
-0.111643 -0.0819376 136.611
-0.0638686 -0.0794597 99.7226
-0.00816256 -0.0414313 46.0952
0.0193366 -0.0173349 17.7473
-0.0208875 0.152728 -9.35872
-0.0314168 0.165429 -3.45479
-0.0221938 0.153575 -8.47551
-0.0623693 0.176443 19.8072
-0.00984993 -0.00601301 14.4464
0.0198867 -0.0171277 -14.5189
-0.00951579 0.0421911 1.459
0.0153979 -0.011608 -10.9729
-0.00348397 0.16698 -37.0822
-0.00362047 0.170687 -37.9401
-0.00405322 0.00579215 4.42333
-0.00625937 0.00622151 6.5932
-0.00468075 -0.00376551 8.37822
0.0150023 -0.0155176 -10.1391
-0.225304 0.0398848 288.459
0.0487702 0.0481832 -27.1321
0.00600489 -0.00663639 -2.592
0.0198867 -0.0171277 -14.5189
0.186333 -0.0250451 -194.365
0.00240793 0.45668 -92.8536
0.020194 0.0244222 -7.89229
0.00740575 0.0596948 25.1823
-0.000773897 0.06706 23.3762
-0.0495825 -0.0165396 51.14
-0.0501446 -0.0743255 67.4927
-0.0705553 -0.045243 61.1209
-0.0381301 0.187234 -11.9324
0.0211601 0.235223 -36.1503
0.00202198 0.222476 -29.758
-0.0154851 0.249508 -34.7825
-0.0068726 0.229736 -30.0506
0.0222418 0.246998 -42.2429
-0.0130351 0.194672 -18.0001
-0.0431525 0.143916 3.97309
-0.0230623 0.154116 -4.98504
-0.0243133 0.194962 -16.119
0.0133146 0.968393 -249.348
0.0940389 0.477125 -139.558
-0.0243261 0.345085 -55.9417
-0.05021 0.278092 -25.3972
-0.024368 0.240861 -25.4748
0.1624 0.127294 -76.5553
0.0263046 0.271223 -57.9617
0.0130789 0.311658 -62.542
0.0186787 0.345362 -75.1476
0.0494437 0.318845 -83.8132
0.0644665 0.196131 -55.8776
0.0604413 0.147481 -39.5151
-0.0132139 0.143808 -6.2408
0 0 -1
0.0644328 0.262465 -86.3595
0.0778495 0.284884 -101.101
0.0263936 0.322642 -76.3182
0.0233902 0.362429 -86.2171
-0.0610294 -0.104124 104.658
-0.0211217 -0.0719023 64.639
0.010444 -0.0238338 26.3144
0.082246 0.476823 -180.563
0.0177335 -0.0139477 18.1251
-0.0216524 0.154094 -9.07488
0.0124831 -0.0282956 26.9873
0.14517 0.129607 -152.893
0.0182097 0.229284 -65.803
-0.339987 0.110246 293.143
-0.00857973 -0.154781 84.8191
0.00458457 0.18895 -32.153
0.00321535 0.193278 -32.0611
0.0028713 0.199405 -33.494
0.00957146 0.16858 -31.7315
0.00389982 0.19063 -32.079
0.000886769 0.191681 -29.1417
0.000219946 0.191082 -28.2353
-0.188342 0.114853 225.489
0.0505495 0.0497198 -29.6289
0.000529813 -0.169782 80.5743
-0.000166858 0.107995 4.92096
0.0237477 -0.046382 21.8802
0.00614272 -0.0802885 53.1594
0.020194 0.0244222 -7.89229
0.0199069 0.168633 -9.42425
0.00619557 0.131839 2.38214
-0.0143414 0.229271 -27.0388
-0.0140037 0.239844 -30.8
-0.011647 0.262227 -38.5556
-0.0176349 0.264161 -38.6064
-0.00569615 0.252638 -37.6195
0.0226247 0.284768 -52.6002
-0.00220985 0.301535 -52.4715
-0.278546 -0.0222382 111.51
-0.096716 -0.0199984 67.9638
-0.0536359 0.0261747 42.7786
-0.0717028 0.086231 29.7453
-0.0574903 0.0687792 30.7846
0.316023 -0.313829 33.0668
-0.0745436 0.0520584 55.5689
-0.0890131 0.288551 -12.1134
-0.0954662 0.287742 -9.33357
-0.0996735 0.277091 -5.50366
-0.0357564 0.231578 -18.1559
0.0865994 0.176282 -56.5245
0.117011 0.153342 -62.8755
0.0229701 0.331223 -72.6314
0.0213933 0.346297 -76.382
0.00894004 0.326946 -63.6363
0.0189527 0.273944 -53.1265
0.0207252 0.204289 -32.8851
-3.91269e-13 -0.640346 241.072
-5.31579e-13 -0.640346 241.072
-0.00215191 0.106432 11.7498
0.0748703 0.261826 -92.6882
0.0720157 0.283264 -96.6827
0.0675979 0.302256 -99.3628
0.0786317 0.316306 -111.845
0.0248402 -0.0307703 17.123
0.0401857 -0.00824214 -1.69199
0.022746 -0.0032449 10.7909
0.0210647 -0.0210502 17.5335
0.0187786 -0.0213043 19.5223
0.0187786 -0.0213043 19.5223
0.0125496 -0.0279853 26.8385
-0.0166496 -0.154392 91.0815
-0.0166496 -0.154392 91.0815
-0.00857973 -0.154781 84.8191
-0.00857973 -0.154781 84.8191
0.000579212 -0.158567 77.0189
0.00196243 -0.167464 78.4138
0.00130503 -0.175231 81.5365
-0.00780599 -0.15106 83.8584
-0.00401387 -0.159456 82.4112
-0.00183611 -0.164935 81.7356
-0.00062697 -0.166823 80.9716
0.000192234 -0.168302 80.501
0.000414405 -0.169732 80.6924
-0.0082056 0.128348 8.26946
-0.0186346 0.170903 7.6544
0.00906586 0.231275 -44.6965
0.020194 0.0244222 -7.89229
0.0222356 0.245509 -34.4346
0.0270687 0.189687 -16.6694
-0.00990797 0.254541 -35.5636
-0.0199888 0.281336 -43.4505
-0.0107842 0.27991 -44.564
0.00251479 0.30694 -56.1742
0.00850631 0.300859 -53.9989
0.0277884 0.32144 -64.2638
0.00864639 0.341469 -67.5565
-0.121555 -0.0184442 72.8383
-0.10945 -0.0393419 77.1969
-0.0972989 -0.0487903 76.9408
0.076717 0.132458 -28.0731
-0.0576358 -0.021025 58.9218
-0.120817 0.0386657 75.5488
-0.140192 0.000561733 94.3578
-0.0829445 0.289006 -14.1193
-0.0924586 0.300394 -14.3111
-0.102331 0.301568 -10.8516
-0.0916215 0.316038 -21.0707
0.0486047 0.333017 -89.6939
0.113556 0.329241 -118.449
0.0802669 0.324634 -99.8094
0.0227812 0.33051 -71.9883
-0.0120721 0.322576 -50.6585
-0.0474886 0.28115 -17.3405
-0.0484152 0.225622 1.48629
-0.0424889 0.194328 8.3073
-0.0269689 0.163058 8.98586
-0.00341723 0.131806 4.12523
0.0436633 0.251244 -67.6314
0.0908664 0.243159 -97.4533
0.0774866 0.272425 -97.0288
0.101963 0.26671 -113.541
0.107691 0.273411 -119.197
0.075075 0.251611 -86.6551
0.0511975 0.240193 -63.7796
0.0250336 0.233064 -40.0322
0.00957279 0.224953 -24.3558
0.00539671 0.217721 -18.3557
-0.00646996 0.215603 -7.51541
-0.0142744 0.167908 14.9983
-0.0128855 0.167985 13.6803
-0.000773856 0.0382986 46.5328
-4.98685e-06 0.163888 2.89656
0.000632524 0.16425 2.15023
0.00397373 0.161479 -0.21491
0.00567554 0.159637 -1.36287
0.00393694 0.163493 -0.64375
0.00398945 0.163319 -0.639108
0.00336965 0.162806 0.223406
0.00138949 0.162208 2.65548
-0.00184407 0.161455 6.61245
-0.00545623 0.160402 11.1722
-0.00846828 0.159277 15.1169
-0.00995607 0.158114 17.2961
-0.0105951 0.157467 18.2904
0.0166637 0.293127 -50.6384
0.0192378 0.279943 -46.0449
0.0224197 0.279054 -46.117
-0.0186943 0.286146 -45.6979
-0.0406562 0.279335 -40.6244
-0.0372289 0.268605 -37.426
0.0152206 0.285601 -50.3625
0.036122 0.304758 -60.0679
0.0844519 0.360977 -88.3394
0.0746623 0.332766 -77.03
0.0869283 0.0913963 7.12268
0.017046 -0.169275 117.069
0.0138393 -0.170502 117.781
0.0159104 -0.188053 123.486
0.0605165 0.129402 -8.22857
0.0250653 0.180749 -14.3272
-0.0475521 0.233704 -7.77542
-0.0761048 0.288066 -16.2448
-0.0940886 0.29444 -11.717
-0.0833936 0.310121 -21.7454
-0.0506057 0.320222 -39.774
0.0475162 0.356108 -96.7531
0.0977116 0.33515 -112.635
0.0696909 0.305591 -87.5228
0.0233117 0.301512 -62.1547
0.0138681 0.31614 -62.4597
0.209025 0.296452 -164.868
-0.197035 0.237161 92.7127
0 0 -1
-0.0787482 -0.0276503 122.04
-0.0781807 -0.0235245 120.229
0.06857 0.251093 -84.5706
0.0886677 0.245214 -96.4696
0.113906 0.228969 -108.533
0.091571 0.260161 -103.415
0.11289 0.245223 -113.872
0.075409 0.253257 -87.5432
0.0421617 0.241003 -56.7534
0.0176263 0.232883 -33.8179
0.00299023 0.22563 -18.9734
-0.00252056 0.217916 -11.4955
-0.00695608 0.216067 -7.22736
-0.0164509 0.168098 16.9272
-0.0129863 0.167468 13.9479
-0.0113731 0.168272 12.1513
0.000272044 0.163513 2.75444
0.00111018 0.163863 1.80542
0.00232857 0.161474 1.47183
0.00485012 0.159928 -0.599358
0.00790174 0.159794 -3.76881
0.00334123 0.163754 -0.0811038
0.00264796 0.16305 0.939764
0.000711943 0.162149 3.44285
-0.0026686 0.161307 7.6143
-0.00644327 0.160267 12.3787
-0.00942338 0.159198 16.2869
-0.0107702 0.158231 18.2486
-0.011474 0.15821 19.1171
0.0177388 0.295019 -51.3186
0.0177686 0.294088 -50.9983
0.014752 0.297866 -52.2146
-0.0209437 0.283098 -44.1332
-0.0450601 0.229082 -22.4083
-0.0552434 0.222785 -19.1394
-0.0159286 0.186526 -10.6627
0.0491903 0.250636 -42.882
0 0 -1
0.00561676 0.330665 -62.5073
-0.025948 0.0837417 35.3229
-0.0405946 -0.124941 115.681
-0.0251911 -0.163294 125.655
-0.688146 -0.106278 290.355
0 0.0094931 47.3823
0.0557574 0.188631 -27.4962
-0.00533774 0.229826 -21.3755
-0.0478375 0.25134 -13.881
-0.069747 0.294467 -21.4527
-0.0717831 0.311292 -26.9303
-0.0205214 0.353772 -64.8833
0.0395379 0.368154 -97.281
0.0703712 0.32944 -97.3378
0.0627508 0.277893 -74.2459
0.0371019 0.288348 -64.8434
0.0190452 0.300078 -59.5341
-0.0205691 0.260185 -28.7794
-0.0203086 0.259988 -28.884
-0.0162571 0.259607 -31.2364
-0.00535701 0.259064 -37.9191
0.0133438 0.258382 -49.8451
0.0427601 0.257592 -69.3054
0.0727679 0.235461 -81.8626
0.0987704 0.208049 -90.4055
0.111565 0.223664 -105.232
0.0968576 0.196705 -84.2301
0.0721857 0.259435 -87.4151
0.0414998 0.239489 -55.7059
0.0143969 0.233275 -31.2728
8.3727e-05 0.227364 -17.1082
-0.00536567 0.221298 -10.2046
-0.00437661 0.220134 -10.6547
-0.0182848 0.168465 18.4775
-0.0121081 0.167371 13.1566
-0.00705264 0.169206 7.6851
-0.00331034 0.170089 3.73966
0.00133138 0.163389 1.75164
-0.00331034 0.170089 3.73966
0.00446595 0.160555 -0.418958
0.00779232 0.160377 -3.85801
0.0086812 0.160533 -4.85027
0.00206118 0.164188 1.17605
0.000317583 0.162026 3.93279
-0.00330049 0.161053 8.43362
-0.00707187 0.159998 13.2128
-0.00991619 0.159095 16.9136
-0.0111142 0.158451 18.5901
-0.011474 0.15821 19.1171
